#Function: x^2*(x>0.5)
0	0.331505
1	0.125931
2	0.0131762
3	7.92326e-16
4	8.48108e-16
5	8.47668e-16
6	8.71653e-16
7	9.42266e-16
8	9.47218e-16
9	9.87581e-16
10	1.16288e-15
11	1.35757e-15
12	1.36375e-15
13	1.44815e-15
14	1.46319e-15
15	1.47512e-15
16	1.48931e-15
17	1.60238e-15
18	1.61652e-15
19	1.93969e-15
20	2.04707e-15
21	2.16883e-15
22	2.41645e-15
23	2.45759e-15
24	2.49708e-15
25	2.53656e-15
26	2.61773e-15
27	2.64769e-15
28	2.68052e-15
29	2.68863e-15
30	2.71727e-15
31	2.74748e-15
32	2.81888e-15
33	2.85301e-15
34	2.86439e-15
35	2.88629e-15
36	2.95387e-15
37	2.97144e-15
38	3.04339e-15
39	3.0492e-15
40	3.08316e-15
41	3.13796e-15
42	3.43176e-15
43	3.47795e-15
44	3.64258e-15
45	3.7073e-15
46	3.88342e-15
47	3.9118e-15
48	3.72162e-15
49	3.78271e-15
50	4.04352e-15
