#Function: (2*x-1)^40
0	0.108401
1	0.108401
2	0.0957963
3	0.0957963
4	0.076637
5	0.076637
6	0.0554396
7	0.0554396
8	0.0362054
9	0.0362054
10	0.0212973
11	0.0212973
12	0.0112514
13	0.0074157
14	0.00477466
15	0.00213362
16	0.00150025
17	0.000866882
18	0.000620072
19	0.000373261
20	0.000230951
21	8.86404e-05
22	5.40252e-05
23	1.941e-05
24	1.20132e-05
25	4.61641e-06
26	3.21756e-06
27	1.81871e-06
28	6.99759e-07
29	6.99759e-07
30	9.85577e-08
31	9.85577e-08
32	1.08008e-08
33	1.08008e-08
34	8.64067e-10
35	8.64067e-10
36	4.48866e-11
37	4.48866e-11
38	1.1364e-12
39	1.1364e-12
40	1.15224e-14
