# Interpolation data for function: (2*x-1)^40
0	0.137833
0.001	0.137153
0.002	0.136475
0.003	0.135797
0.004	0.135121
0.005	0.134447
0.006	0.133774
0.007	0.133102
0.008	0.132432
0.009	0.131762
0.01	0.131095
0.011	0.130428
0.012	0.129763
0.013	0.1291
0.014	0.128437
0.015	0.127777
0.016	0.127117
0.017	0.126459
0.018	0.125802
0.019	0.125146
0.02	0.124492
0.021	0.12384
0.022	0.123188
0.023	0.122538
0.024	0.12189
0.025	0.121242
0.026	0.120596
0.027	0.119952
0.028	0.119308
0.029	0.118667
0.03	0.118026
0.031	0.117387
0.032	0.116749
0.033	0.116113
0.034	0.115478
0.035	0.114844
0.036	0.114212
0.037	0.113581
0.038	0.112951
0.039	0.112323
0.04	0.111696
0.041	0.11107
0.042	0.110446
0.043	0.109823
0.044	0.109202
0.045	0.108582
0.046	0.107963
0.047	0.107346
0.048	0.10673
0.049	0.106115
0.05	0.105502
0.051	0.10489
0.052	0.10428
0.053	0.10367
0.054	0.103063
0.055	0.102456
0.056	0.101851
0.057	0.101247
0.058	0.100645
0.059	0.100044
0.06	0.0994441
0.061	0.0988458
0.062	0.0982489
0.063	0.0976533
0.064	0.0970591
0.065	0.0964663
0.066	0.0958748
0.067	0.0952846
0.068	0.0946959
0.069	0.0941085
0.07	0.0935224
0.071	0.0929377
0.072	0.0923544
0.073	0.0917724
0.074	0.0911918
0.075	0.0906126
0.076	0.0900347
0.077	0.0894582
0.078	0.088883
0.079	0.0883092
0.08	0.0877368
0.081	0.0871657
0.082	0.086596
0.083	0.0860277
0.084	0.0854607
0.085	0.0848951
0.086	0.0843308
0.087	0.0837679
0.088	0.0832064
0.089	0.0826462
0.09	0.0820874
0.091	0.0815299
0.092	0.0809738
0.093	0.0804191
0.094	0.0798657
0.095	0.0793137
0.096	0.078763
0.097	0.0782137
0.098	0.0776658
0.099	0.0771192
0.1	0.076574
0.101	0.0760302
0.102	0.0754877
0.103	0.0749466
0.104	0.0744068
0.105	0.0738684
0.106	0.0733314
0.107	0.0727957
0.108	0.0722614
0.109	0.0717284
0.11	0.0711968
0.111	0.0706666
0.112	0.0701377
0.113	0.0696102
0.114	0.0690841
0.115	0.0685593
0.116	0.0680358
0.117	0.0675138
0.118	0.0669931
0.119	0.0664737
0.12	0.0659558
0.121	0.0654391
0.122	0.0649239
0.123	0.06441
0.124	0.0638974
0.125	0.0633863
0.126	0.0628765
0.127	0.062368
0.128	0.0618609
0.129	0.0613552
0.13	0.0608508
0.131	0.0603478
0.132	0.0598462
0.133	0.0593459
0.134	0.058847
0.135	0.0583494
0.136	0.0578532
0.137	0.0573584
0.138	0.0568649
0.139	0.0563728
0.14	0.055882
0.141	0.0553926
0.142	0.0549046
0.143	0.0544179
0.144	0.0539326
0.145	0.0534487
0.146	0.0529661
0.147	0.0524849
0.148	0.052005
0.149	0.0515265
0.15	0.0510493
0.151	0.0505736
0.152	0.0500991
0.153	0.0496261
0.154	0.0491544
0.155	0.0486841
0.156	0.0482151
0.157	0.0477475
0.158	0.0472812
0.159	0.0468163
0.16	0.0463528
0.161	0.0458906
0.162	0.0454298
0.163	0.0449704
0.164	0.0445123
0.165	0.0440556
0.166	0.0436002
0.167	0.0431462
0.168	0.0426936
0.169	0.0422423
0.17	0.0417924
0.171	0.0413438
0.172	0.0408967
0.173	0.0404508
0.174	0.0400064
0.175	0.0395632
0.176	0.0391215
0.177	0.0386811
0.178	0.0382421
0.179	0.0378044
0.18	0.0373681
0.181	0.0369332
0.182	0.0364996
0.183	0.0360674
0.184	0.0356365
0.185	0.035207
0.186	0.0347789
0.187	0.0343521
0.188	0.0339267
0.189	0.0335027
0.19	0.03308
0.191	0.0326587
0.192	0.0322387
0.193	0.0318201
0.194	0.0314028
0.195	0.030987
0.196	0.0305724
0.197	0.0301593
0.198	0.0297475
0.199	0.029337
0.2	0.028928
0.201	0.0285202
0.202	0.0281139
0.203	0.0277089
0.204	0.0273053
0.205	0.026903
0.206	0.0265021
0.207	0.0261026
0.208	0.0257044
0.209	0.0253075
0.21	0.0249121
0.211	0.024518
0.212	0.0241252
0.213	0.0237339
0.214	0.0233438
0.215	0.0229552
0.216	0.0225679
0.217	0.022182
0.218	0.0217974
0.219	0.0214142
0.22	0.0210323
0.221	0.0206518
0.222	0.0202727
0.223	0.019895
0.224	0.0195185
0.225	0.0191435
0.226	0.0187698
0.227	0.0183975
0.228	0.0180265
0.229	0.0176569
0.23	0.0172887
0.231	0.0169218
0.232	0.0165563
0.233	0.0161922
0.234	0.0158294
0.235	0.015468
0.236	0.0151079
0.237	0.0147492
0.238	0.0143918
0.239	0.0140358
0.24	0.0136812
0.241	0.013328
0.242	0.0129761
0.243	0.0126255
0.244	0.0122763
0.245	0.0119285
0.246	0.0115821
0.247	0.011237
0.248	0.0108933
0.249	0.0105509
0.25	0.0102099
0.251	0.00987022
0.252	0.00953193
0.253	0.00919501
0.254	0.00885944
0.255	0.00852524
0.256	0.0081924
0.257	0.00786092
0.258	0.0075308
0.259	0.00720204
0.26	0.00687465
0.261	0.00654861
0.262	0.00622394
0.263	0.00590062
0.264	0.00557867
0.265	0.00525808
0.266	0.00493885
0.267	0.00462099
0.268	0.00430448
0.269	0.00398934
0.27	0.00367555
0.271	0.00336313
0.272	0.00305207
0.273	0.00274237
0.274	0.00243403
0.275	0.00212706
0.276	0.00182144
0.277	0.00151719
0.278	0.00121429
0.279	0.000912762
0.28	0.000612592
0.281	0.000313783
0.282	1.63358e-05
0.283	-0.00027975
0.284	-0.000574475
0.285	-0.000867839
0.286	-0.00115984
0.287	-0.00145048
0.288	-0.00173976
0.289	-0.00202768
0.29	-0.00231424
0.291	-0.00259943
0.292	-0.00288327
0.293	-0.00316574
0.294	-0.00344685
0.295	-0.0037266
0.296	-0.00400499
0.297	-0.00428202
0.298	-0.00455769
0.299	-0.00483199
0.3	-0.00510493
0.301	-0.00537652
0.302	-0.00564674
0.303	-0.0059156
0.304	-0.0061831
0.305	-0.00644923
0.306	-0.00671401
0.307	-0.00697742
0.308	-0.00723948
0.309	-0.00750017
0.31	-0.0077595
0.311	-0.00801747
0.312	-0.00827408
0.313	-0.00852933
0.314	-0.00878321
0.315	-0.00903573
0.316	-0.0092869
0.317	-0.0095367
0.318	-0.00978514
0.319	-0.0100322
0.32	-0.0102779
0.321	-0.0105223
0.322	-0.0107653
0.323	-0.0110069
0.324	-0.0112472
0.325	-0.0114861
0.326	-0.0117237
0.327	-0.0119598
0.328	-0.0121947
0.329	-0.0124281
0.33	-0.0126602
0.331	-0.012891
0.332	-0.0131204
0.333	-0.0133484
0.334	-0.013575
0.335	-0.0138003
0.336	-0.0140243
0.337	-0.0142469
0.338	-0.0144681
0.339	-0.0146879
0.34	-0.0149064
0.341	-0.0151235
0.342	-0.0153393
0.343	-0.0155537
0.344	-0.0157668
0.345	-0.0159784
0.346	-0.0161888
0.347	-0.0163977
0.348	-0.0166053
0.349	-0.0168116
0.35	-0.0170164
0.351	-0.01722
0.352	-0.0174221
0.353	-0.0176229
0.354	-0.0178223
0.355	-0.0180204
0.356	-0.0182171
0.357	-0.0184125
0.358	-0.0186065
0.359	-0.0187991
0.36	-0.0189904
0.361	-0.0191803
0.362	-0.0193688
0.363	-0.019556
0.364	-0.0197418
0.365	-0.0199263
0.366	-0.0201094
0.367	-0.0202911
0.368	-0.0204715
0.369	-0.0206505
0.37	-0.0208281
0.371	-0.0210044
0.372	-0.0211794
0.373	-0.0213529
0.374	-0.0215251
0.375	-0.021696
0.376	-0.0218655
0.377	-0.0220336
0.378	-0.0222003
0.379	-0.0223657
0.38	-0.0225298
0.381	-0.0226925
0.382	-0.0228538
0.383	-0.0230137
0.384	-0.0231723
0.385	-0.0233296
0.386	-0.0234854
0.387	-0.0236399
0.388	-0.0237931
0.389	-0.0239449
0.39	-0.0240953
0.391	-0.0242444
0.392	-0.0243921
0.393	-0.0245384
0.394	-0.0246834
0.395	-0.024827
0.396	-0.0249693
0.397	-0.0251102
0.398	-0.0252497
0.399	-0.0253879
0.4	-0.0255247
0.401	-0.0256601
0.402	-0.0257942
0.403	-0.0259269
0.404	-0.0260583
0.405	-0.0261883
0.406	-0.026317
0.407	-0.0264442
0.408	-0.0265702
0.409	-0.0266947
0.41	-0.0268179
0.411	-0.0269398
0.412	-0.0270602
0.413	-0.0271794
0.414	-0.0272971
0.415	-0.0274135
0.416	-0.0275285
0.417	-0.0276422
0.418	-0.0277545
0.419	-0.0278655
0.42	-0.027975
0.421	-0.0280833
0.422	-0.0281901
0.423	-0.0282956
0.424	-0.0283998
0.425	-0.0285026
0.426	-0.028604
0.427	-0.028704
0.428	-0.0288027
0.429	-0.0289001
0.43	-0.028996
0.431	-0.0290906
0.432	-0.0291839
0.433	-0.0292758
0.434	-0.0293663
0.435	-0.0294555
0.436	-0.0295433
0.437	-0.0296297
0.438	-0.0297148
0.439	-0.0297985
0.44	-0.0298809
0.441	-0.0299619
0.442	-0.0300415
0.443	-0.0301198
0.444	-0.0301967
0.445	-0.0302723
0.446	-0.0303465
0.447	-0.0304193
0.448	-0.0304908
0.449	-0.0305609
0.45	-0.0306296
0.451	-0.030697
0.452	-0.030763
0.453	-0.0308277
0.454	-0.030891
0.455	-0.0309529
0.456	-0.0310135
0.457	-0.0310727
0.458	-0.0311306
0.459	-0.0311871
0.46	-0.0312422
0.461	-0.031296
0.462	-0.0313484
0.463	-0.0313994
0.464	-0.0314491
0.465	-0.0314974
0.466	-0.0315444
0.467	-0.03159
0.468	-0.0316343
0.469	-0.0316771
0.47	-0.0317187
0.471	-0.0317588
0.472	-0.0317976
0.473	-0.0318351
0.474	-0.0318711
0.475	-0.0319058
0.476	-0.0319392
0.477	-0.0319712
0.478	-0.0320018
0.479	-0.0320311
0.48	-0.032059
0.481	-0.0320855
0.482	-0.0321107
0.483	-0.0321345
0.484	-0.032157
0.485	-0.0321781
0.486	-0.0321978
0.487	-0.0322162
0.488	-0.0322332
0.489	-0.0322489
0.49	-0.0322632
0.491	-0.0322761
0.492	-0.0322877
0.493	-0.0322979
0.494	-0.0323067
0.495	-0.0323142
0.496	-0.0323204
0.497	-0.0323251
0.498	-0.0323285
0.499	-0.0323306
0.5	-0.0323313
0.501	-0.0323306
0.502	-0.0323285
0.503	-0.0323251
0.504	-0.0323204
0.505	-0.0323142
0.506	-0.0323067
0.507	-0.0322979
0.508	-0.0322877
0.509	-0.0322761
0.51	-0.0322632
0.511	-0.0322489
0.512	-0.0322332
0.513	-0.0322162
0.514	-0.0321978
0.515	-0.0321781
0.516	-0.032157
0.517	-0.0321345
0.518	-0.0321107
0.519	-0.0320855
0.52	-0.032059
0.521	-0.0320311
0.522	-0.0320018
0.523	-0.0319712
0.524	-0.0319392
0.525	-0.0319058
0.526	-0.0318711
0.527	-0.0318351
0.528	-0.0317976
0.529	-0.0317588
0.53	-0.0317187
0.531	-0.0316771
0.532	-0.0316343
0.533	-0.03159
0.534	-0.0315444
0.535	-0.0314974
0.536	-0.0314491
0.537	-0.0313994
0.538	-0.0313484
0.539	-0.031296
0.54	-0.0312422
0.541	-0.0311871
0.542	-0.0311306
0.543	-0.0310727
0.544	-0.0310135
0.545	-0.0309529
0.546	-0.030891
0.547	-0.0308277
0.548	-0.030763
0.549	-0.030697
0.55	-0.0306296
0.551	-0.0305609
0.552	-0.0304908
0.553	-0.0304193
0.554	-0.0303465
0.555	-0.0302723
0.556	-0.0301967
0.557	-0.0301198
0.558	-0.0300415
0.559	-0.0299619
0.56	-0.0298809
0.561	-0.0297985
0.562	-0.0297148
0.563	-0.0296297
0.564	-0.0295433
0.565	-0.0294555
0.566	-0.0293663
0.567	-0.0292758
0.568	-0.0291839
0.569	-0.0290906
0.57	-0.028996
0.571	-0.0289001
0.572	-0.0288027
0.573	-0.028704
0.574	-0.028604
0.575	-0.0285026
0.576	-0.0283998
0.577	-0.0282956
0.578	-0.0281901
0.579	-0.0280833
0.58	-0.027975
0.581	-0.0278655
0.582	-0.0277545
0.583	-0.0276422
0.584	-0.0275285
0.585	-0.0274135
0.586	-0.0272971
0.587	-0.0271794
0.588	-0.0270602
0.589	-0.0269398
0.59	-0.0268179
0.591	-0.0266947
0.592	-0.0265702
0.593	-0.0264442
0.594	-0.026317
0.595	-0.0261883
0.596	-0.0260583
0.597	-0.0259269
0.598	-0.0257942
0.599	-0.0256601
0.6	-0.0255247
0.601	-0.0253879
0.602	-0.0252497
0.603	-0.0251102
0.604	-0.0249693
0.605	-0.024827
0.606	-0.0246834
0.607	-0.0245384
0.608	-0.0243921
0.609	-0.0242444
0.61	-0.0240953
0.611	-0.0239449
0.612	-0.0237931
0.613	-0.0236399
0.614	-0.0234854
0.615	-0.0233296
0.616	-0.0231723
0.617	-0.0230137
0.618	-0.0228538
0.619	-0.0226925
0.62	-0.0225298
0.621	-0.0223657
0.622	-0.0222003
0.623	-0.0220336
0.624	-0.0218655
0.625	-0.021696
0.626	-0.0215251
0.627	-0.0213529
0.628	-0.0211794
0.629	-0.0210044
0.63	-0.0208281
0.631	-0.0206505
0.632	-0.0204715
0.633	-0.0202911
0.634	-0.0201094
0.635	-0.0199263
0.636	-0.0197418
0.637	-0.019556
0.638	-0.0193688
0.639	-0.0191803
0.64	-0.0189904
0.641	-0.0187991
0.642	-0.0186065
0.643	-0.0184125
0.644	-0.0182171
0.645	-0.0180204
0.646	-0.0178223
0.647	-0.0176229
0.648	-0.0174221
0.649	-0.01722
0.65	-0.0170164
0.651	-0.0168116
0.652	-0.0166053
0.653	-0.0163977
0.654	-0.0161888
0.655	-0.0159784
0.656	-0.0157668
0.657	-0.0155537
0.658	-0.0153393
0.659	-0.0151235
0.66	-0.0149064
0.661	-0.0146879
0.662	-0.0144681
0.663	-0.0142469
0.664	-0.0140243
0.665	-0.0138003
0.666	-0.013575
0.667	-0.0133484
0.668	-0.0131204
0.669	-0.012891
0.67	-0.0126602
0.671	-0.0124281
0.672	-0.0121947
0.673	-0.0119598
0.674	-0.0117237
0.675	-0.0114861
0.676	-0.0112472
0.677	-0.0110069
0.678	-0.0107653
0.679	-0.0105223
0.68	-0.0102779
0.681	-0.0100322
0.682	-0.00978514
0.683	-0.0095367
0.684	-0.0092869
0.685	-0.00903573
0.686	-0.00878321
0.687	-0.00852933
0.688	-0.00827408
0.689	-0.00801747
0.69	-0.0077595
0.691	-0.00750017
0.692	-0.00723948
0.693	-0.00697742
0.694	-0.00671401
0.695	-0.00644923
0.696	-0.0061831
0.697	-0.0059156
0.698	-0.00564674
0.699	-0.00537652
0.7	-0.00510493
0.701	-0.00483199
0.702	-0.00455769
0.703	-0.00428202
0.704	-0.00400499
0.705	-0.0037266
0.706	-0.00344685
0.707	-0.00316574
0.708	-0.00288327
0.709	-0.00259943
0.71	-0.00231424
0.711	-0.00202768
0.712	-0.00173976
0.713	-0.00145048
0.714	-0.00115984
0.715	-0.000867839
0.716	-0.000574475
0.717	-0.00027975
0.718	1.63358e-05
0.719	0.000313783
0.72	0.000612592
0.721	0.000912762
0.722	0.00121429
0.723	0.00151719
0.724	0.00182144
0.725	0.00212706
0.726	0.00243403
0.727	0.00274237
0.728	0.00305207
0.729	0.00336313
0.73	0.00367555
0.731	0.00398934
0.732	0.00430448
0.733	0.00462099
0.734	0.00493885
0.735	0.00525808
0.736	0.00557867
0.737	0.00590062
0.738	0.00622394
0.739	0.00654861
0.74	0.00687465
0.741	0.00720204
0.742	0.0075308
0.743	0.00786092
0.744	0.0081924
0.745	0.00852524
0.746	0.00885944
0.747	0.00919501
0.748	0.00953193
0.749	0.00987022
0.75	0.0102099
0.751	0.0105509
0.752	0.0108933
0.753	0.011237
0.754	0.0115821
0.755	0.0119285
0.756	0.0122763
0.757	0.0126255
0.758	0.0129761
0.759	0.013328
0.76	0.0136812
0.761	0.0140358
0.762	0.0143918
0.763	0.0147492
0.764	0.0151079
0.765	0.015468
0.766	0.0158294
0.767	0.0161922
0.768	0.0165563
0.769	0.0169218
0.77	0.0172887
0.771	0.0176569
0.772	0.0180265
0.773	0.0183975
0.774	0.0187698
0.775	0.0191435
0.776	0.0195185
0.777	0.019895
0.778	0.0202727
0.779	0.0206518
0.78	0.0210323
0.781	0.0214142
0.782	0.0217974
0.783	0.022182
0.784	0.0225679
0.785	0.0229552
0.786	0.0233438
0.787	0.0237339
0.788	0.0241252
0.789	0.024518
0.79	0.0249121
0.791	0.0253075
0.792	0.0257044
0.793	0.0261026
0.794	0.0265021
0.795	0.026903
0.796	0.0273053
0.797	0.0277089
0.798	0.0281139
0.799	0.0285202
0.8	0.028928
0.801	0.029337
0.802	0.0297475
0.803	0.0301593
0.804	0.0305724
0.805	0.030987
0.806	0.0314028
0.807	0.0318201
0.808	0.0322387
0.809	0.0326587
0.81	0.03308
0.811	0.0335027
0.812	0.0339267
0.813	0.0343521
0.814	0.0347789
0.815	0.035207
0.816	0.0356365
0.817	0.0360674
0.818	0.0364996
0.819	0.0369332
0.82	0.0373681
0.821	0.0378044
0.822	0.0382421
0.823	0.0386811
0.824	0.0391215
0.825	0.0395632
0.826	0.0400064
0.827	0.0404508
0.828	0.0408967
0.829	0.0413438
0.83	0.0417924
0.831	0.0422423
0.832	0.0426936
0.833	0.0431462
0.834	0.0436002
0.835	0.0440556
0.836	0.0445123
0.837	0.0449704
0.838	0.0454298
0.839	0.0458906
0.84	0.0463528
0.841	0.0468163
0.842	0.0472812
0.843	0.0477475
0.844	0.0482151
0.845	0.0486841
0.846	0.0491544
0.847	0.0496261
0.848	0.0500991
0.849	0.0505736
0.85	0.0510493
0.851	0.0515265
0.852	0.052005
0.853	0.0524849
0.854	0.0529661
0.855	0.0534487
0.856	0.0539326
0.857	0.0544179
0.858	0.0549046
0.859	0.0553926
0.86	0.055882
0.861	0.0563728
0.862	0.0568649
0.863	0.0573584
0.864	0.0578532
0.865	0.0583494
0.866	0.058847
0.867	0.0593459
0.868	0.0598462
0.869	0.0603478
0.87	0.0608508
0.871	0.0613552
0.872	0.0618609
0.873	0.062368
0.874	0.0628765
0.875	0.0633863
0.876	0.0638974
0.877	0.06441
0.878	0.0649239
0.879	0.0654391
0.88	0.0659558
0.881	0.0664737
0.882	0.0669931
0.883	0.0675138
0.884	0.0680358
0.885	0.0685593
0.886	0.0690841
0.887	0.0696102
0.888	0.0701377
0.889	0.0706666
0.89	0.0711968
0.891	0.0717284
0.892	0.0722614
0.893	0.0727957
0.894	0.0733314
0.895	0.0738684
0.896	0.0744068
0.897	0.0749466
0.898	0.0754877
0.899	0.0760302
0.9	0.076574
0.901	0.0771192
0.902	0.0776658
0.903	0.0782137
0.904	0.078763
0.905	0.0793137
0.906	0.0798657
0.907	0.0804191
0.908	0.0809738
0.909	0.0815299
0.91	0.0820874
0.911	0.0826462
0.912	0.0832064
0.913	0.0837679
0.914	0.0843308
0.915	0.0848951
0.916	0.0854607
0.917	0.0860277
0.918	0.086596
0.919	0.0871657
0.92	0.0877368
0.921	0.0883092
0.922	0.088883
0.923	0.0894582
0.924	0.0900347
0.925	0.0906126
0.926	0.0911918
0.927	0.0917724
0.928	0.0923544
0.929	0.0929377
0.93	0.0935224
0.931	0.0941085
0.932	0.0946959
0.933	0.0952846
0.934	0.0958748
0.935	0.0964663
0.936	0.0970591
0.937	0.0976533
0.938	0.0982489
0.939	0.0988458
0.94	0.0994441
0.941	0.100044
0.942	0.100645
0.943	0.101247
0.944	0.101851
0.945	0.102456
0.946	0.103063
0.947	0.10367
0.948	0.10428
0.949	0.10489
0.95	0.105502
0.951	0.106115
0.952	0.10673
0.953	0.107346
0.954	0.107963
0.955	0.108582
0.956	0.109202
0.957	0.109823
0.958	0.110446
0.959	0.11107
0.96	0.111696
0.961	0.112323
0.962	0.112951
0.963	0.113581
0.964	0.114212
0.965	0.114844
0.966	0.115478
0.967	0.116113
0.968	0.116749
0.969	0.117387
0.97	0.118026
0.971	0.118667
0.972	0.119308
0.973	0.119952
0.974	0.120596
0.975	0.121242
0.976	0.12189
0.977	0.122538
0.978	0.123188
0.979	0.12384
0.98	0.124492
0.981	0.125146
0.982	0.125802
0.983	0.126459
0.984	0.127117
0.985	0.127777
0.986	0.128437
0.987	0.1291
0.988	0.129763
0.989	0.130428
0.99	0.131095
0.991	0.131762
0.992	0.132432
0.993	0.133102
0.994	0.133774
0.995	0.134447
0.996	0.135121
0.997	0.135797
0.998	0.136475
0.999	0.137153
