# Interpolation data for function: (2*x-1)^40
0	1
0.001	0.923042
0.002	0.85187
0.003	0.786059
0.004	0.725215
0.005	0.668972
0.006	0.61699
0.007	0.568953
0.008	0.524571
0.009	0.48357
0.01	0.4457
0.011	0.410728
0.012	0.378436
0.013	0.348625
0.014	0.321108
0.015	0.295712
0.016	0.272279
0.017	0.25066
0.018	0.230718
0.019	0.212326
0.02	0.195366
0.021	0.17973
0.022	0.165316
0.023	0.152032
0.024	0.139791
0.025	0.128512
0.026	0.118123
0.027	0.108554
0.028	0.0997424
0.029	0.0916297
0.03	0.0841616
0.031	0.0772883
0.032	0.0709633
0.033	0.0651441
0.034	0.0597911
0.035	0.0548678
0.036	0.0503407
0.037	0.0461785
0.038	0.0423525
0.039	0.0388362
0.04	0.0356052
0.041	0.0326368
0.042	0.0299102
0.043	0.0274061
0.044	0.0251069
0.045	0.0229962
0.046	0.0210588
0.047	0.0192809
0.048	0.0176497
0.049	0.0161533
0.05	0.0147809
0.051	0.0135224
0.052	0.0123686
0.053	0.011311
0.054	0.0103418
0.055	0.00945367
0.056	0.0086401
0.057	0.00789494
0.058	0.00721258
0.059	0.00658785
0.06	0.00601599
0.061	0.00549263
0.062	0.00501377
0.063	0.0045757
0.064	0.00417503
0.065	0.00380864
0.066	0.00347367
0.067	0.00316749
0.068	0.00288768
0.069	0.00263203
0.07	0.00239849
0.071	0.0021852
0.072	0.00199045
0.073	0.00181265
0.074	0.00165038
0.075	0.0015023
0.076	0.00136721
0.077	0.00124398
0.078	0.00113161
0.079	0.00102916
0.08	0.000935775
0.081	0.000850669
0.082	0.000773127
0.083	0.000702493
0.084	0.000638165
0.085	0.000579594
0.086	0.000526276
0.087	0.000477751
0.088	0.000433599
0.089	0.000393435
0.09	0.000356906
0.091	0.000323692
0.092	0.000293499
0.093	0.000266058
0.094	0.000241124
0.095	0.000218475
0.096	0.000197904
0.097	0.000179226
0.098	0.000162271
0.099	0.000146884
0.1	0.000132923
0.101	0.000120258
0.102	0.000108773
0.103	9.83604e-05
0.104	8.89216e-05
0.105	8.03681e-05
0.106	7.26187e-05
0.107	6.55997e-05
0.108	5.92437e-05
0.109	5.34897e-05
0.11	4.82819e-05
0.111	4.35696e-05
0.112	3.93069e-05
0.113	3.54518e-05
0.114	3.19663e-05
0.115	2.88157e-05
0.116	2.59686e-05
0.117	2.33965e-05
0.118	2.10734e-05
0.119	1.89757e-05
0.12	1.70822e-05
0.121	1.53733e-05
0.122	1.38316e-05
0.123	1.2441e-05
0.124	1.1187e-05
0.125	1.00566e-05
0.126	9.03782e-06
0.127	8.11995e-06
0.128	7.29319e-06
0.129	6.54872e-06
0.13	5.87853e-06
0.131	5.27539e-06
0.132	4.73274e-06
0.133	4.24465e-06
0.134	3.80578e-06
0.135	3.41126e-06
0.136	3.05672e-06
0.137	2.7382e-06
0.138	2.45213e-06
0.139	2.19527e-06
0.14	1.96472e-06
0.141	1.75783e-06
0.142	1.57225e-06
0.143	1.40582e-06
0.144	1.25661e-06
0.145	1.12288e-06
0.146	1.00307e-06
0.147	8.95753e-07
0.148	7.99662e-07
0.149	7.13649e-07
0.15	6.36681e-07
0.151	5.67828e-07
0.152	5.06255e-07
0.153	4.5121e-07
0.154	4.02016e-07
0.155	3.58066e-07
0.156	3.18814e-07
0.157	2.83769e-07
0.158	2.5249e-07
0.159	2.24582e-07
0.16	1.9969e-07
0.161	1.77496e-07
0.162	1.57713e-07
0.163	1.40086e-07
0.164	1.24386e-07
0.165	1.10406e-07
0.166	9.79622e-08
0.167	8.68899e-08
0.168	7.70412e-08
0.169	6.82841e-08
0.17	6.05003e-08
0.171	5.35841e-08
0.172	4.7441e-08
0.173	4.19865e-08
0.174	3.71453e-08
0.175	3.28499e-08
0.176	2.90402e-08
0.177	2.56626e-08
0.178	2.26691e-08
0.179	2.00171e-08
0.18	1.76685e-08
0.181	1.55893e-08
0.182	1.37494e-08
0.183	1.21219e-08
0.184	1.06828e-08
0.185	9.41071e-09
0.186	8.28678e-09
0.187	7.29413e-09
0.188	6.41777e-09
0.189	5.64437e-09
0.19	4.96213e-09
0.191	4.36053e-09
0.192	3.83027e-09
0.193	3.36307e-09
0.194	2.9516e-09
0.195	2.58937e-09
0.196	2.27062e-09
0.197	1.99024e-09
0.198	1.74373e-09
0.199	1.52708e-09
0.2	1.33675e-09
0.201	1.16963e-09
0.202	1.02294e-09
0.203	8.94248e-10
0.204	7.81391e-10
0.205	6.82464e-10
0.206	5.95788e-10
0.207	5.1988e-10
0.208	4.53431e-10
0.209	3.9529e-10
0.21	3.44441e-10
0.211	2.9999e-10
0.212	2.61151e-10
0.213	2.2723e-10
0.214	1.97619e-10
0.215	1.71783e-10
0.216	1.49251e-10
0.217	1.2961e-10
0.218	1.12497e-10
0.219	9.75952e-11
0.22	8.46241e-11
0.221	7.33395e-11
0.222	6.35272e-11
0.223	5.49992e-11
0.224	4.75912e-11
0.225	4.11596e-11
0.226	3.55784e-11
0.227	3.07377e-11
0.228	2.65415e-11
0.229	2.29059e-11
0.23	1.97576e-11
0.231	1.70329e-11
0.232	1.4676e-11
0.233	1.26383e-11
0.234	1.08776e-11
0.235	9.35704e-12
0.236	8.04462e-12
0.237	6.91246e-12
0.238	5.93636e-12
0.239	5.09524e-12
0.24	4.3709e-12
0.241	3.7474e-12
0.242	3.21106e-12
0.243	2.74992e-12
0.244	2.35368e-12
0.245	2.01334e-12
0.246	1.72125e-12
0.247	1.47064e-12
0.248	1.25576e-12
0.249	1.0716e-12
0.25	9.13878e-13
0.251	7.78825e-13
0.252	6.63262e-13
0.253	5.6442e-13
0.254	4.79921e-13
0.255	4.07713e-13
0.256	3.46039e-13
0.257	2.93371e-13
0.258	2.48406e-13
0.259	2.10089e-13
0.26	1.77394e-13
0.261	1.49529e-13
0.262	1.25779e-13
0.263	1.05578e-13
0.264	8.83857e-14
0.265	7.37629e-14
0.266	6.13446e-14
0.267	5.08182e-14
0.268	4.18911e-14
0.269	3.43249e-14
0.27	2.79563e-14
0.271	2.26214e-14
0.272	1.81217e-14
0.273	1.43603e-14
0.274	1.12285e-14
0.275	8.67002e-15
0.276	6.54586e-15
0.277	4.8441e-15
0.278	3.50371e-15
0.279	2.45624e-15
0.28	1.66084e-15
0.281	1.07096e-15
0.282	6.61048e-16
0.283	4.38422e-16
0.284	3.30564e-16
0.285	3.42029e-16
0.286	4.31159e-16
0.287	6.13782e-16
0.288	8.38391e-16
0.289	1.12758e-15
0.29	1.43872e-15
0.291	1.76255e-15
0.292	2.10063e-15
0.293	2.4669e-15
0.294	2.78572e-15
0.295	3.11816e-15
0.296	3.41972e-15
0.297	3.70553e-15
0.298	3.95703e-15
0.299	4.18494e-15
0.3	4.35231e-15
0.301	4.48053e-15
0.302	4.56586e-15
0.303	4.61584e-15
0.304	4.61133e-15
0.305	4.57329e-15
0.306	4.47859e-15
0.307	4.33639e-15
0.308	4.15656e-15
0.309	3.93054e-15
0.31	3.65657e-15
0.311	3.34601e-15
0.312	3.0355e-15
0.313	2.65523e-15
0.314	2.27117e-15
0.315	1.8598e-15
0.316	1.43078e-15
0.317	9.93932e-16
0.318	5.37072e-16
0.319	8.4526e-17
0.32	-3.68136e-16
0.321	-8.09071e-16
0.322	-1.24743e-15
0.323	-1.6632e-15
0.324	-2.06798e-15
0.325	-2.44495e-15
0.326	-2.79762e-15
0.327	-3.12267e-15
0.328	-3.41167e-15
0.329	-3.65554e-15
0.33	-3.86827e-15
0.331	-4.04715e-15
0.332	-4.19413e-15
0.333	-4.25554e-15
0.334	-4.29888e-15
0.335	-4.29212e-15
0.336	-4.24777e-15
0.337	-4.17553e-15
0.338	-4.03838e-15
0.339	-3.86114e-15
0.34	-3.65222e-15
0.341	-3.40293e-15
0.342	-3.12509e-15
0.343	-2.81441e-15
0.344	-2.49283e-15
0.345	-2.1251e-15
0.346	-1.74186e-15
0.347	-1.3448e-15
0.348	-9.34301e-16
0.349	-5.18141e-16
0.35	-9.6154e-17
0.351	3.26632e-16
0.352	7.42217e-16
0.353	1.14619e-15
0.354	1.54931e-15
0.355	1.90801e-15
0.356	2.27823e-15
0.357	2.61092e-15
0.358	2.92474e-15
0.359	3.1948e-15
0.36	3.45505e-15
0.361	3.65556e-15
0.362	3.82884e-15
0.363	3.96697e-15
0.364	4.06437e-15
0.365	4.11195e-15
0.366	4.13138e-15
0.367	4.10983e-15
0.368	4.04096e-15
0.369	3.95517e-15
0.37	3.80539e-15
0.371	3.63312e-15
0.372	3.41817e-15
0.373	3.18054e-15
0.374	2.89435e-15
0.375	2.59789e-15
0.376	2.27323e-15
0.377	1.92617e-15
0.378	1.57479e-15
0.379	1.19326e-15
0.38	7.98735e-16
0.381	4.11238e-16
0.382	1.07908e-17
0.383	-3.87637e-16
0.384	-7.66255e-16
0.385	-1.14144e-15
0.386	-1.51277e-15
0.387	-1.86212e-15
0.388	-2.21011e-15
0.389	-2.52497e-15
0.39	-2.8045e-15
0.391	-3.06141e-15
0.392	-3.30062e-15
0.393	-3.5001e-15
0.394	-3.65552e-15
0.395	-3.79235e-15
0.396	-3.88241e-15
0.397	-3.94002e-15
0.398	-3.94093e-15
0.399	-3.92165e-15
0.4	-3.8579e-15
0.401	-3.77137e-15
0.402	-3.64489e-15
0.403	-3.47026e-15
0.404	-3.27611e-15
0.405	-3.0536e-15
0.406	-2.80394e-15
0.407	-2.52272e-15
0.408	-2.21142e-15
0.409	-1.87557e-15
0.41	-1.54992e-15
0.411	-1.19529e-15
0.412	-8.17905e-16
0.413	-4.4006e-16
0.414	-6.88394e-17
0.415	3.09838e-16
0.416	6.72478e-16
0.417	1.05506e-15
0.418	1.40927e-15
0.419	1.75099e-15
0.42	2.08173e-15
0.421	2.38689e-15
0.422	2.6713e-15
0.423	2.93032e-15
0.424	3.14837e-15
0.425	3.35264e-15
0.426	3.5296e-15
0.427	3.65662e-15
0.428	3.7685e-15
0.429	3.83537e-15
0.43	3.87732e-15
0.431	3.87688e-15
0.432	3.8296e-15
0.433	3.76463e-15
0.434	3.66004e-15
0.435	3.51648e-15
0.436	3.34761e-15
0.437	3.15126e-15
0.438	2.92042e-15
0.439	2.66193e-15
0.44	2.38765e-15
0.441	2.08058e-15
0.442	1.75912e-15
0.443	1.43298e-15
0.444	1.08646e-15
0.445	7.34113e-16
0.446	3.602e-16
0.447	-2.54547e-18
0.448	-3.56069e-16
0.449	-7.14798e-16
0.45	-1.0702e-15
0.451	-1.41088e-15
0.452	-1.73134e-15
0.453	-2.03315e-15
0.454	-2.3301e-15
0.455	-2.59296e-15
0.456	-2.84244e-15
0.457	-3.05931e-15
0.458	-3.2427e-15
0.459	-3.40277e-15
0.46	-3.52484e-15
0.461	-3.62852e-15
0.462	-3.67915e-15
0.463	-3.72468e-15
0.464	-3.6971e-15
0.465	-3.66324e-15
0.466	-3.59239e-15
0.467	-3.46021e-15
0.468	-3.33774e-15
0.469	-3.16387e-15
0.47	-2.96327e-15
0.471	-2.74174e-15
0.472	-2.48759e-15
0.473	-2.20293e-15
0.474	-1.9172e-15
0.475	-1.61037e-15
0.476	-1.29047e-15
0.477	-9.45676e-16
0.478	-6.09601e-16
0.479	-2.51622e-16
0.48	8.50006e-17
0.481	4.37907e-16
0.482	7.96653e-16
0.483	1.1422e-15
0.484	1.47533e-15
0.485	1.79051e-15
0.486	2.09133e-15
0.487	2.3714e-15
0.488	2.64268e-15
0.489	2.86663e-15
0.49	3.06314e-15
0.491	3.27783e-15
0.492	3.39528e-15
0.493	3.52494e-15
0.494	3.62413e-15
0.495	3.66982e-15
0.496	3.728e-15
0.497	3.71006e-15
0.498	3.63131e-15
0.499	3.58927e-15
0.5	3.46889e-15
0.501	3.33908e-15
0.502	3.1662e-15
0.503	2.97811e-15
0.504	2.75073e-15
0.505	2.51549e-15
0.506	2.25587e-15
0.507	1.95585e-15
0.508	1.63429e-15
0.509	1.30825e-15
0.51	9.99415e-16
0.511	6.70846e-16
0.512	3.06581e-16
0.513	-2.06546e-17
0.514	-3.6788e-16
0.515	-7.09141e-16
0.516	-1.04535e-15
0.517	-1.38798e-15
0.518	-1.68882e-15
0.519	-1.98001e-15
0.52	-2.26878e-15
0.521	-2.51157e-15
0.522	-2.74491e-15
0.523	-2.95121e-15
0.524	-3.12751e-15
0.525	-3.28921e-15
0.526	-3.40022e-15
0.527	-3.49291e-15
0.528	-3.55512e-15
0.529	-3.5942e-15
0.53	-3.57055e-15
0.531	-3.5305e-15
0.532	-3.44737e-15
0.533	-3.35201e-15
0.534	-3.22728e-15
0.535	-3.0573e-15
0.536	-2.85054e-15
0.537	-2.65669e-15
0.538	-2.40539e-15
0.539	-2.14787e-15
0.54	-1.85746e-15
0.541	-1.55589e-15
0.542	-1.2336e-15
0.543	-9.15061e-16
0.544	-5.81765e-16
0.545	-2.27217e-16
0.546	1.08911e-16
0.547	4.57021e-16
0.548	7.93402e-16
0.549	1.12535e-15
0.55	1.42132e-15
0.551	1.74063e-15
0.552	2.03693e-15
0.553	2.31183e-15
0.554	2.56881e-15
0.555	2.79408e-15
0.556	2.98338e-15
0.557	3.1591e-15
0.558	3.32087e-15
0.559	3.4212e-15
0.56	3.51835e-15
0.561	3.56356e-15
0.562	3.59493e-15
0.563	3.5749e-15
0.564	3.53391e-15
0.565	3.46032e-15
0.566	3.33806e-15
0.567	3.21915e-15
0.568	3.04123e-15
0.569	2.83449e-15
0.57	2.61403e-15
0.571	2.37601e-15
0.572	2.12199e-15
0.573	1.82536e-15
0.574	1.51654e-15
0.575	1.19463e-15
0.576	8.67072e-16
0.577	5.21781e-16
0.578	1.79882e-16
0.579	-1.48989e-16
0.58	-5.03073e-16
0.581	-8.38609e-16
0.582	-1.15952e-15
0.583	-1.47678e-15
0.584	-1.77776e-15
0.585	-2.06311e-15
0.586	-2.34447e-15
0.587	-2.5792e-15
0.588	-2.80133e-15
0.589	-3.00471e-15
0.59	-3.17634e-15
0.591	-3.30597e-15
0.592	-3.4228e-15
0.593	-3.49983e-15
0.594	-3.53777e-15
0.595	-3.54612e-15
0.596	-3.51364e-15
0.597	-3.45759e-15
0.598	-3.34909e-15
0.599	-3.24181e-15
0.6	-3.08369e-15
0.601	-2.89821e-15
0.602	-2.69682e-15
0.603	-2.45517e-15
0.604	-2.19382e-15
0.605	-1.9168e-15
0.606	-1.61161e-15
0.607	-1.29785e-15
0.608	-9.79649e-16
0.609	-6.30701e-16
0.61	-2.88767e-16
0.611	6.13569e-17
0.612	4.07938e-16
0.613	7.3816e-16
0.614	1.09067e-15
0.615	1.40618e-15
0.616	1.72787e-15
0.617	2.02047e-15
0.618	2.30668e-15
0.619	2.57379e-15
0.62	2.79877e-15
0.621	3.00905e-15
0.622	3.1771e-15
0.623	3.33646e-15
0.624	3.45079e-15
0.625	3.53099e-15
0.626	3.5699e-15
0.627	3.59699e-15
0.628	3.56795e-15
0.629	3.51787e-15
0.63	3.44044e-15
0.631	3.3216e-15
0.632	3.15475e-15
0.633	2.97804e-15
0.634	2.75216e-15
0.635	2.51306e-15
0.636	2.24924e-15
0.637	1.97264e-15
0.638	1.66287e-15
0.639	1.342e-15
0.64	1.00121e-15
0.641	6.62582e-16
0.642	3.05382e-16
0.643	-6.37133e-17
0.644	-4.14439e-16
0.645	-7.55705e-16
0.646	-1.11076e-15
0.647	-1.44096e-15
0.648	-1.77068e-15
0.649	-2.06273e-15
0.65	-2.35716e-15
0.651	-2.61739e-15
0.652	-2.85502e-15
0.653	-3.06954e-15
0.654	-3.23375e-15
0.655	-3.38036e-15
0.656	-3.49264e-15
0.657	-3.57455e-15
0.658	-3.61526e-15
0.659	-3.62851e-15
0.66	-3.59662e-15
0.661	-3.52742e-15
0.662	-3.42423e-15
0.663	-3.27846e-15
0.664	-3.11404e-15
0.665	-2.91013e-15
0.666	-2.68475e-15
0.667	-2.43555e-15
0.668	-2.14892e-15
0.669	-1.83555e-15
0.67	-1.50095e-15
0.671	-1.17518e-15
0.672	-8.20163e-16
0.673	-4.592e-16
0.674	-8.82761e-17
0.675	2.79509e-16
0.676	6.50596e-16
0.677	1.01271e-15
0.678	1.36415e-15
0.679	1.70251e-15
0.68	2.01903e-15
0.681	2.31414e-15
0.682	2.58892e-15
0.683	2.86027e-15
0.684	3.06685e-15
0.685	3.26386e-15
0.686	3.40832e-15
0.687	3.52127e-15
0.688	3.60854e-15
0.689	3.65202e-15
0.69	3.66373e-15
0.691	3.63889e-15
0.692	3.56725e-15
0.693	3.45679e-15
0.694	3.30744e-15
0.695	3.14968e-15
0.696	2.93498e-15
0.697	2.70433e-15
0.698	2.42734e-15
0.699	2.16441e-15
0.7	1.84132e-15
0.701	1.52896e-15
0.702	1.20129e-15
0.703	8.72336e-16
0.704	5.40676e-16
0.705	2.1284e-16
0.706	-1.2069e-16
0.707	-4.18216e-16
0.708	-6.79691e-16
0.709	-9.19472e-16
0.71	-1.11287e-15
0.711	-1.25881e-15
0.712	-1.33955e-15
0.713	-1.37446e-15
0.714	-1.3041e-15
0.715	-1.13848e-15
0.716	-8.57706e-16
0.717	-4.65921e-16
0.718	8.33957e-17
0.719	7.85448e-16
0.72	1.69166e-15
0.721	2.80096e-15
0.722	4.17972e-15
0.723	5.84528e-15
0.724	7.84321e-15
0.725	1.02243e-14
0.726	1.30715e-14
0.727	1.64233e-14
0.728	2.04073e-14
0.729	2.50971e-14
0.73	3.06206e-14
0.731	3.71408e-14
0.732	4.47856e-14
0.733	5.37887e-14
0.734	6.43528e-14
0.735	7.67754e-14
0.736	9.13575e-14
0.737	1.08479e-13
0.738	1.28558e-13
0.739	1.52169e-13
0.74	1.79847e-13
0.741	2.12355e-13
0.742	2.50434e-13
0.743	2.95125e-13
0.744	3.47494e-13
0.745	4.08877e-13
0.746	4.8078e-13
0.747	5.64945e-13
0.748	6.63445e-13
0.749	7.78651e-13
0.75	9.13357e-13
0.751	1.07074e-12
0.752	1.25457e-12
0.753	1.46913e-12
0.754	1.71943e-12
0.755	2.01127e-12
0.756	2.35131e-12
0.757	2.74734e-12
0.758	3.20827e-12
0.759	3.74446e-12
0.76	4.36782e-12
0.761	5.09207e-12
0.762	5.93313e-12
0.763	6.90923e-12
0.764	8.04144e-12
0.765	9.35393e-12
0.766	1.08746e-11
0.767	1.26355e-11
0.768	1.46733e-11
0.769	1.70305e-11
0.77	1.97555e-11
0.771	2.2904e-11
0.772	2.65399e-11
0.773	3.07365e-11
0.774	3.55775e-11
0.775	4.11591e-11
0.776	4.75911e-11
0.777	5.49994e-11
0.778	6.35278e-11
0.779	7.33406e-11
0.78	8.46255e-11
0.781	9.75969e-11
0.782	1.125e-10
0.783	1.29612e-10
0.784	1.49254e-10
0.785	1.71786e-10
0.786	1.97623e-10
0.787	2.27233e-10
0.788	2.61154e-10
0.789	2.99994e-10
0.79	3.44445e-10
0.791	3.95293e-10
0.792	4.53434e-10
0.793	5.19883e-10
0.794	5.95791e-10
0.795	6.82467e-10
0.796	7.81393e-10
0.797	8.9425e-10
0.798	1.02294e-09
0.799	1.16963e-09
0.8	1.33675e-09
0.801	1.52708e-09
0.802	1.74373e-09
0.803	1.99024e-09
0.804	2.27062e-09
0.805	2.58937e-09
0.806	2.9516e-09
0.807	3.36307e-09
0.808	3.83027e-09
0.809	4.36053e-09
0.81	4.96213e-09
0.811	5.64437e-09
0.812	6.41776e-09
0.813	7.29413e-09
0.814	8.28678e-09
0.815	9.4107e-09
0.816	1.06828e-08
0.817	1.21219e-08
0.818	1.37494e-08
0.819	1.55893e-08
0.82	1.76685e-08
0.821	2.00171e-08
0.822	2.26691e-08
0.823	2.56626e-08
0.824	2.90402e-08
0.825	3.28499e-08
0.826	3.71453e-08
0.827	4.19865e-08
0.828	4.7441e-08
0.829	5.35841e-08
0.83	6.05003e-08
0.831	6.82841e-08
0.832	7.70412e-08
0.833	8.68899e-08
0.834	9.79622e-08
0.835	1.10406e-07
0.836	1.24386e-07
0.837	1.40086e-07
0.838	1.57713e-07
0.839	1.77496e-07
0.84	1.9969e-07
0.841	2.24582e-07
0.842	2.5249e-07
0.843	2.83769e-07
0.844	3.18814e-07
0.845	3.58066e-07
0.846	4.02016e-07
0.847	4.5121e-07
0.848	5.06255e-07
0.849	5.67828e-07
0.85	6.36681e-07
0.851	7.13649e-07
0.852	7.99662e-07
0.853	8.95753e-07
0.854	1.00307e-06
0.855	1.12288e-06
0.856	1.25661e-06
0.857	1.40582e-06
0.858	1.57225e-06
0.859	1.75783e-06
0.86	1.96472e-06
0.861	2.19527e-06
0.862	2.45213e-06
0.863	2.7382e-06
0.864	3.05672e-06
0.865	3.41126e-06
0.866	3.80578e-06
0.867	4.24465e-06
0.868	4.73274e-06
0.869	5.27539e-06
0.87	5.87853e-06
0.871	6.54872e-06
0.872	7.29319e-06
0.873	8.11995e-06
0.874	9.03782e-06
0.875	1.00566e-05
0.876	1.1187e-05
0.877	1.2441e-05
0.878	1.38316e-05
0.879	1.53733e-05
0.88	1.70822e-05
0.881	1.89757e-05
0.882	2.10734e-05
0.883	2.33965e-05
0.884	2.59686e-05
0.885	2.88157e-05
0.886	3.19663e-05
0.887	3.54518e-05
0.888	3.93069e-05
0.889	4.35696e-05
0.89	4.82819e-05
0.891	5.34897e-05
0.892	5.92437e-05
0.893	6.55997e-05
0.894	7.26187e-05
0.895	8.03681e-05
0.896	8.89216e-05
0.897	9.83604e-05
0.898	0.000108773
0.899	0.000120258
0.9	0.000132923
0.901	0.000146884
0.902	0.000162271
0.903	0.000179226
0.904	0.000197904
0.905	0.000218475
0.906	0.000241124
0.907	0.000266058
0.908	0.000293499
0.909	0.000323692
0.91	0.000356906
0.911	0.000393435
0.912	0.000433599
0.913	0.000477751
0.914	0.000526276
0.915	0.000579594
0.916	0.000638165
0.917	0.000702493
0.918	0.000773127
0.919	0.000850669
0.92	0.000935775
0.921	0.00102916
0.922	0.00113161
0.923	0.00124398
0.924	0.00136721
0.925	0.0015023
0.926	0.00165038
0.927	0.00181265
0.928	0.00199045
0.929	0.0021852
0.93	0.00239849
0.931	0.00263203
0.932	0.00288768
0.933	0.00316749
0.934	0.00347367
0.935	0.00380864
0.936	0.00417503
0.937	0.0045757
0.938	0.00501377
0.939	0.00549263
0.94	0.00601599
0.941	0.00658785
0.942	0.00721258
0.943	0.00789494
0.944	0.0086401
0.945	0.00945367
0.946	0.0103418
0.947	0.011311
0.948	0.0123686
0.949	0.0135224
0.95	0.0147809
0.951	0.0161533
0.952	0.0176497
0.953	0.0192809
0.954	0.0210588
0.955	0.0229962
0.956	0.0251069
0.957	0.0274061
0.958	0.0299102
0.959	0.0326368
0.96	0.0356052
0.961	0.0388362
0.962	0.0423525
0.963	0.0461785
0.964	0.0503407
0.965	0.0548678
0.966	0.0597911
0.967	0.0651441
0.968	0.0709633
0.969	0.0772883
0.97	0.0841616
0.971	0.0916297
0.972	0.0997424
0.973	0.108554
0.974	0.118123
0.975	0.128512
0.976	0.139791
0.977	0.152032
0.978	0.165316
0.979	0.17973
0.98	0.195366
0.981	0.212326
0.982	0.230718
0.983	0.25066
0.984	0.272279
0.985	0.295712
0.986	0.321108
0.987	0.348625
0.988	0.378436
0.989	0.410728
0.99	0.4457
0.991	0.48357
0.992	0.524571
0.993	0.568953
0.994	0.61699
0.995	0.668972
0.996	0.725215
0.997	0.786059
0.998	0.85187
0.999	0.923042
