# Interpolation data for function: (2*x-1)^40
0	1
0.001	0.923042
0.002	0.85187
0.003	0.786059
0.004	0.725215
0.005	0.668972
0.006	0.61699
0.007	0.568953
0.008	0.524571
0.009	0.48357
0.01	0.4457
0.011	0.410728
0.012	0.378436
0.013	0.348625
0.014	0.321108
0.015	0.295712
0.016	0.272279
0.017	0.25066
0.018	0.230718
0.019	0.212326
0.02	0.195366
0.021	0.17973
0.022	0.165316
0.023	0.152032
0.024	0.139791
0.025	0.128512
0.026	0.118123
0.027	0.108554
0.028	0.0997424
0.029	0.0916297
0.03	0.0841616
0.031	0.0772883
0.032	0.0709633
0.033	0.0651441
0.034	0.0597911
0.035	0.0548678
0.036	0.0503407
0.037	0.0461785
0.038	0.0423525
0.039	0.0388362
0.04	0.0356052
0.041	0.0326368
0.042	0.0299102
0.043	0.0274061
0.044	0.0251069
0.045	0.0229962
0.046	0.0210588
0.047	0.0192809
0.048	0.0176497
0.049	0.0161533
0.05	0.0147809
0.051	0.0135224
0.052	0.0123686
0.053	0.011311
0.054	0.0103418
0.055	0.00945367
0.056	0.0086401
0.057	0.00789494
0.058	0.00721258
0.059	0.00658785
0.06	0.00601599
0.061	0.00549263
0.062	0.00501377
0.063	0.0045757
0.064	0.00417503
0.065	0.00380864
0.066	0.00347367
0.067	0.00316749
0.068	0.00288768
0.069	0.00263203
0.07	0.00239849
0.071	0.0021852
0.072	0.00199045
0.073	0.00181265
0.074	0.00165038
0.075	0.0015023
0.076	0.00136721
0.077	0.00124398
0.078	0.00113161
0.079	0.00102916
0.08	0.000935775
0.081	0.000850669
0.082	0.000773127
0.083	0.000702493
0.084	0.000638165
0.085	0.000579594
0.086	0.000526276
0.087	0.000477751
0.088	0.000433599
0.089	0.000393435
0.09	0.000356906
0.091	0.000323692
0.092	0.000293499
0.093	0.000266058
0.094	0.000241124
0.095	0.000218475
0.096	0.000197904
0.097	0.000179226
0.098	0.000162271
0.099	0.000146884
0.1	0.000132923
0.101	0.000120258
0.102	0.000108773
0.103	9.83604e-05
0.104	8.89216e-05
0.105	8.03681e-05
0.106	7.26187e-05
0.107	6.55997e-05
0.108	5.92437e-05
0.109	5.34897e-05
0.11	4.82819e-05
0.111	4.35696e-05
0.112	3.93069e-05
0.113	3.54518e-05
0.114	3.19663e-05
0.115	2.88157e-05
0.116	2.59686e-05
0.117	2.33965e-05
0.118	2.10734e-05
0.119	1.89757e-05
0.12	1.70822e-05
0.121	1.53733e-05
0.122	1.38316e-05
0.123	1.2441e-05
0.124	1.1187e-05
0.125	1.00566e-05
0.126	9.03782e-06
0.127	8.11995e-06
0.128	7.29319e-06
0.129	6.54872e-06
0.13	5.87853e-06
0.131	5.27539e-06
0.132	4.73274e-06
0.133	4.24465e-06
0.134	3.80578e-06
0.135	3.41126e-06
0.136	3.05672e-06
0.137	2.7382e-06
0.138	2.45213e-06
0.139	2.19527e-06
0.14	1.96472e-06
0.141	1.75783e-06
0.142	1.57225e-06
0.143	1.40582e-06
0.144	1.25661e-06
0.145	1.12288e-06
0.146	1.00307e-06
0.147	8.95753e-07
0.148	7.99662e-07
0.149	7.13649e-07
0.15	6.36681e-07
0.151	5.67828e-07
0.152	5.06255e-07
0.153	4.5121e-07
0.154	4.02016e-07
0.155	3.58066e-07
0.156	3.18814e-07
0.157	2.83769e-07
0.158	2.5249e-07
0.159	2.24582e-07
0.16	1.9969e-07
0.161	1.77496e-07
0.162	1.57713e-07
0.163	1.40086e-07
0.164	1.24386e-07
0.165	1.10406e-07
0.166	9.79622e-08
0.167	8.68899e-08
0.168	7.70412e-08
0.169	6.82841e-08
0.17	6.05003e-08
0.171	5.35841e-08
0.172	4.7441e-08
0.173	4.19865e-08
0.174	3.71453e-08
0.175	3.28499e-08
0.176	2.90402e-08
0.177	2.56626e-08
0.178	2.26691e-08
0.179	2.00171e-08
0.18	1.76685e-08
0.181	1.55893e-08
0.182	1.37494e-08
0.183	1.21219e-08
0.184	1.06828e-08
0.185	9.4107e-09
0.186	8.28678e-09
0.187	7.29413e-09
0.188	6.41777e-09
0.189	5.64437e-09
0.19	4.96213e-09
0.191	4.36053e-09
0.192	3.83027e-09
0.193	3.36307e-09
0.194	2.9516e-09
0.195	2.58937e-09
0.196	2.27062e-09
0.197	1.99024e-09
0.198	1.74373e-09
0.199	1.52708e-09
0.2	1.33675e-09
0.201	1.16963e-09
0.202	1.02294e-09
0.203	8.9425e-10
0.204	7.81393e-10
0.205	6.82467e-10
0.206	5.95791e-10
0.207	5.19882e-10
0.208	4.53433e-10
0.209	3.95292e-10
0.21	3.44443e-10
0.211	2.99992e-10
0.212	2.61153e-10
0.213	2.27232e-10
0.214	1.97621e-10
0.215	1.71784e-10
0.216	1.49252e-10
0.217	1.29611e-10
0.218	1.12498e-10
0.219	9.75954e-11
0.22	8.4624e-11
0.221	7.33392e-11
0.222	6.35265e-11
0.223	5.49983e-11
0.224	4.75901e-11
0.225	4.11582e-11
0.226	3.55768e-11
0.227	3.0736e-11
0.228	2.65396e-11
0.229	2.29039e-11
0.23	1.97555e-11
0.231	1.70307e-11
0.232	1.46737e-11
0.233	1.2636e-11
0.234	1.08753e-11
0.235	9.35477e-12
0.236	8.0424e-12
0.237	6.91033e-12
0.238	5.93434e-12
0.239	5.09336e-12
0.24	4.36919e-12
0.241	3.74586e-12
0.242	3.20972e-12
0.243	2.74879e-12
0.244	2.35278e-12
0.245	2.01269e-12
0.246	1.72084e-12
0.247	1.47048e-12
0.248	1.25585e-12
0.249	1.07194e-12
0.25	9.14465e-13
0.251	7.79649e-13
0.252	6.64313e-13
0.253	5.65685e-13
0.254	4.81383e-13
0.255	4.09355e-13
0.256	3.47841e-13
0.257	2.95311e-13
0.258	2.50462e-13
0.259	2.12235e-13
0.26	1.79605e-13
0.261	1.5178e-13
0.262	1.28043e-13
0.263	1.07828e-13
0.264	9.05963e-14
0.265	7.59082e-14
0.266	6.34002e-14
0.267	5.27605e-14
0.268	4.36982e-14
0.269	3.59761e-14
0.27	2.94333e-14
0.271	2.39076e-14
0.272	1.92029e-14
0.273	1.52248e-14
0.274	1.18669e-14
0.275	9.07558e-15
0.276	6.71455e-15
0.277	4.77454e-15
0.278	3.19722e-15
0.279	1.91678e-15
0.28	8.94962e-16
0.281	8.76983e-17
0.282	-5.28159e-16
0.283	-9.43068e-16
0.284	-1.22747e-15
0.285	-1.37492e-15
0.286	-1.42541e-15
0.287	-1.36163e-15
0.288	-1.23389e-15
0.289	-1.01861e-15
0.29	-7.57725e-16
0.291	-4.60018e-16
0.292	-1.23752e-16
0.293	2.64935e-16
0.294	6.30062e-16
0.295	1.03211e-15
0.296	1.42572e-15
0.297	1.82495e-15
0.298	2.20993e-15
0.299	2.58986e-15
0.3	2.92611e-15
0.301	3.23817e-15
0.302	3.5203e-15
0.303	3.77788e-15
0.304	3.98952e-15
0.305	4.17384e-15
0.306	4.30535e-15
0.307	4.39076e-15
0.308	4.43757e-15
0.309	4.43481e-15
0.31	4.3784e-15
0.311	4.27739e-15
0.312	4.16628e-15
0.313	3.9732e-15
0.314	3.7622e-15
0.315	3.50801e-15
0.316	3.2187e-15
0.317	2.90268e-15
0.318	2.5466e-15
0.319	2.17379e-15
0.32	1.77908e-15
0.321	1.37378e-15
0.322	9.48435e-16
0.323	5.22999e-16
0.324	8.60554e-17
0.325	-3.45171e-16
0.326	-7.73573e-16
0.327	-1.19498e-15
0.328	-1.59992e-15
0.329	-1.97806e-15
0.33	-2.34197e-15
0.331	-2.68734e-15
0.332	-3.01439e-15
0.333	-3.26758e-15
0.334	-3.51244e-15
0.335	-3.71486e-15
0.336	-3.88521e-15
0.337	-4.03101e-15
0.338	-4.11306e-15
0.339	-4.15394e-15
0.34	-4.15988e-15
0.341	-4.12005e-15
0.342	-4.04419e-15
0.343	-3.92601e-15
0.344	-3.78554e-15
0.345	-3.58578e-15
0.346	-3.35572e-15
0.347	-3.09555e-15
0.348	-2.80436e-15
0.349	-2.48879e-15
0.35	-2.14771e-15
0.351	-1.78542e-15
0.352	-1.40936e-15
0.353	-1.02361e-15
0.354	-6.17296e-16
0.355	-2.34065e-16
0.356	1.81737e-16
0.357	5.80551e-16
0.358	9.80335e-16
0.359	1.35532e-15
0.36	1.73837e-15
0.361	2.07831e-15
0.362	2.40626e-15
0.363	2.71275e-15
0.364	2.99053e-15
0.365	3.22874e-15
0.366	3.44715e-15
0.367	3.631e-15
0.368	3.77193e-15
0.369	3.89832e-15
0.37	3.96103e-15
0.371	3.99951e-15
0.372	3.99154e-15
0.373	3.95512e-15
0.374	3.86248e-15
0.375	3.75004e-15
0.376	3.59812e-15
0.377	3.4109e-15
0.378	3.20495e-15
0.379	2.95308e-15
0.38	2.67124e-15
0.381	2.3784e-15
0.382	2.05372e-15
0.383	1.71149e-15
0.384	1.369e-15
0.385	1.00957e-15
0.386	6.3351e-16
0.387	2.59033e-16
0.388	-1.34215e-16
0.389	-5.13977e-16
0.39	-8.77414e-16
0.391	-1.23641e-15
0.392	-1.59489e-15
0.393	-1.92964e-15
0.394	-2.23505e-15
0.395	-2.53514e-15
0.396	-2.80018e-15
0.397	-3.0428e-15
0.398	-3.23702e-15
0.399	-3.4175e-15
0.4	-3.55807e-15
0.401	-3.67852e-15
0.402	-3.75972e-15
0.403	-3.79152e-15
0.404	-3.80062e-15
0.405	-3.77629e-15
0.406	-3.7179e-15
0.407	-3.61926e-15
0.408	-3.48016e-15
0.409	-3.30455e-15
0.41	-3.12569e-15
0.411	-2.90307e-15
0.412	-2.64169e-15
0.413	-2.36281e-15
0.414	-2.07261e-15
0.415	-1.75628e-15
0.416	-1.43677e-15
0.417	-1.07772e-15
0.418	-7.27262e-16
0.419	-3.69497e-16
0.42	-3.08945e-18
0.421	3.56997e-16
0.422	7.1507e-16
0.423	1.06577e-15
0.424	1.39266e-15
0.425	1.72191e-15
0.426	2.03881e-15
0.427	2.31942e-15
0.428	2.59712e-15
0.429	2.8405e-15
0.43	3.068e-15
0.431	3.26045e-15
0.432	3.41162e-15
0.433	3.54882e-15
0.434	3.64828e-15
0.435	3.70876e-15
0.436	3.74206e-15
0.437	3.74417e-15
0.438	3.70625e-15
0.439	3.63339e-15
0.44	3.53576e-15
0.441	3.39475e-15
0.442	3.22725e-15
0.443	3.04159e-15
0.444	2.82079e-15
0.445	2.57828e-15
0.446	2.29732e-15
0.447	2.00981e-15
0.448	1.71315e-15
0.449	1.3924e-15
0.45	1.05577e-15
0.451	7.14483e-16
0.452	3.74081e-16
0.453	3.31714e-17
0.454	-3.2165e-16
0.455	-6.60633e-16
0.456	-1.00377e-15
0.457	-1.33096e-15
0.458	-1.64034e-15
0.459	-1.9409e-15
0.46	-2.21668e-15
0.461	-2.4859e-15
0.462	-2.71237e-15
0.463	-2.94248e-15
0.464	-3.10649e-15
0.465	-3.26952e-15
0.466	-3.39908e-15
0.467	-3.469e-15
0.468	-3.54851e-15
0.469	-3.57464e-15
0.47	-3.57028e-15
0.471	-3.53946e-15
0.472	-3.46875e-15
0.473	-3.35862e-15
0.474	-3.23693e-15
0.475	-3.08217e-15
0.476	-2.90101e-15
0.477	-2.68037e-15
0.478	-2.45276e-15
0.479	-2.18657e-15
0.48	-1.92425e-15
0.481	-1.62748e-15
0.482	-1.30622e-15
0.483	-9.79162e-16
0.484	-6.4537e-16
0.485	-3.10393e-16
0.486	2.91901e-17
0.487	3.66625e-16
0.488	7.13351e-16
0.489	1.03014e-15
0.49	1.33605e-15
0.491	1.67572e-15
0.492	1.93258e-15
0.493	2.21485e-15
0.494	2.47845e-15
0.495	2.69886e-15
0.496	2.94052e-15
0.497	3.11316e-15
0.498	3.23036e-15
0.499	3.38789e-15
0.5	3.46889e-15
0.501	3.54046e-15
0.502	3.56715e-15
0.503	3.57501e-15
0.504	3.5382e-15
0.505	3.48645e-15
0.506	3.40156e-15
0.507	3.26595e-15
0.508	3.09698e-15
0.509	2.91036e-15
0.51	2.7265e-15
0.511	2.50733e-15
0.512	2.23591e-15
0.513	1.98412e-15
0.514	1.69426e-15
0.515	1.39176e-15
0.516	1.07536e-15
0.517	7.33379e-16
0.518	4.14049e-16
0.519	8.53756e-17
0.52	-2.59536e-16
0.521	-5.76618e-16
0.522	-9.01752e-16
0.523	-1.21651e-15
0.524	-1.51697e-15
0.525	-1.81741e-15
0.526	-2.0805e-15
0.527	-2.33722e-15
0.528	-2.57395e-15
0.529	-2.79648e-15
0.53	-2.96353e-15
0.531	-3.11972e-15
0.532	-3.23661e-15
0.533	-3.34322e-15
0.534	-3.42059e-15
0.535	-3.45102e-15
0.536	-3.44115e-15
0.537	-3.4389e-15
0.538	-3.37216e-15
0.539	-3.29049e-15
0.54	-3.16561e-15
0.541	-3.01776e-15
0.542	-2.83596e-15
0.543	-2.64341e-15
0.544	-2.42044e-15
0.545	-2.15954e-15
0.546	-1.89953e-15
0.547	-1.6093e-15
0.548	-1.31202e-15
0.549	-1.00002e-15
0.55	-7.04645e-16
0.551	-3.66569e-16
0.552	-3.22859e-17
0.553	2.99473e-16
0.554	6.31694e-16
0.555	9.49922e-16
0.556	1.24905e-15
0.557	1.55048e-15
0.558	1.85274e-15
0.559	2.10703e-15
0.56	2.37024e-15
0.561	2.5921e-15
0.562	2.8091e-15
0.563	2.98199e-15
0.564	3.13945e-15
0.565	3.26804e-15
0.566	3.34982e-15
0.567	3.43496e-15
0.568	3.45922e-15
0.569	3.45092e-15
0.57	3.42336e-15
0.571	3.37089e-15
0.572	3.29336e-15
0.573	3.16256e-15
0.574	3.00733e-15
0.575	2.82535e-15
0.576	2.62278e-15
0.577	2.38633e-15
0.578	2.13611e-15
0.579	1.8809e-15
0.58	1.58175e-15
0.581	1.28187e-15
0.582	9.7701e-16
0.583	6.56003e-16
0.584	3.31492e-16
0.585	3.01509e-18
0.586	-3.40702e-16
0.587	-6.56449e-16
0.588	-9.7754e-16
0.589	-1.29693e-15
0.59	-1.60057e-15
0.591	-1.87699e-15
0.592	-2.15406e-15
0.593	-2.40328e-15
0.594	-2.62381e-15
0.595	-2.82343e-15
0.596	-2.98914e-15
0.597	-3.13634e-15
0.598	-3.23427e-15
0.599	-3.33466e-15
0.6	-3.38352e-15
0.601	-3.40236e-15
0.602	-3.40073e-15
0.603	-3.35238e-15
0.604	-3.27605e-15
0.605	-3.17401e-15
0.606	-3.03207e-15
0.607	-2.86831e-15
0.608	-2.68538e-15
0.609	-2.4557e-15
0.61	-2.21585e-15
0.611	-1.94963e-15
0.612	-1.66796e-15
0.613	-1.38299e-15
0.614	-1.05561e-15
0.615	-7.44827e-16
0.616	-4.07384e-16
0.617	-7.86614e-17
0.618	2.63752e-16
0.619	6.0663e-16
0.62	9.26265e-16
0.621	1.24923e-15
0.622	1.54693e-15
0.623	1.85173e-15
0.624	2.1259e-15
0.625	2.37884e-15
0.626	2.60177e-15
0.627	2.8224e-15
0.628	2.99459e-15
0.629	3.15149e-15
0.63	3.2848e-15
0.631	3.37844e-15
0.632	3.42377e-15
0.633	3.45686e-15
0.634	3.43639e-15
0.635	3.39627e-15
0.636	3.32307e-15
0.637	3.22686e-15
0.638	3.08545e-15
0.639	2.91925e-15
0.64	2.71789e-15
0.641	2.50206e-15
0.642	2.24978e-15
0.643	1.96665e-15
0.644	1.68205e-15
0.645	1.38637e-15
0.646	1.05584e-15
0.647	7.28843e-16
0.648	3.80894e-16
0.649	4.93167e-17
0.65	-3.05602e-16
0.651	-6.46747e-16
0.652	-9.8496e-16
0.653	-1.31879e-15
0.654	-1.6199e-15
0.655	-1.91968e-15
0.656	-2.19992e-15
0.657	-2.46296e-15
0.658	-2.69616e-15
0.659	-2.91138e-15
0.66	-3.08896e-15
0.661	-3.23462e-15
0.662	-3.34955e-15
0.663	-3.42297e-15
0.664	-3.4766e-15
0.665	-3.48739e-15
0.666	-3.47119e-15
0.667	-3.4235e-15
0.668	-3.32866e-15
0.669	-3.19535e-15
0.67	-3.02725e-15
0.671	-2.85266e-15
0.672	-2.63191e-15
0.673	-2.38689e-15
0.674	-2.11232e-15
0.675	-1.82027e-15
0.676	-1.50344e-15
0.677	-1.17349e-15
0.678	-8.31711e-16
0.679	-4.80338e-16
0.68	-1.28188e-16
0.681	2.24868e-16
0.682	5.79392e-16
0.683	9.51521e-16
0.684	1.27894e-15
0.685	1.61565e-15
0.686	1.91728e-15
0.687	2.2033e-15
0.688	2.47776e-15
0.689	2.72064e-15
0.69	2.94191e-15
0.691	3.13461e-15
0.692	3.28623e-15
0.693	3.40241e-15
0.694	3.48069e-15
0.695	3.54913e-15
0.696	3.55679e-15
0.697	3.54229e-15
0.698	3.4729e-15
0.699	3.40676e-15
0.7	3.26752e-15
0.701	3.12404e-15
0.702	2.9484e-15
0.703	2.75292e-15
0.704	2.53468e-15
0.705	2.29889e-15
0.706	2.03496e-15
0.707	1.78374e-15
0.708	1.54469e-15
0.709	1.30309e-15
0.71	1.08357e-15
0.711	8.87386e-16
0.712	7.3273e-16
0.713	6.00958e-16
0.714	5.52468e-16
0.715	5.78468e-16
0.716	7.00328e-16
0.717	9.15569e-16
0.718	1.2726e-15
0.719	1.76871e-15
0.72	2.45755e-15
0.721	3.34042e-15
0.722	4.48621e-15
0.723	5.91484e-15
0.724	7.67452e-15
0.725	9.81874e-15
0.726	1.24332e-14
0.727	1.55588e-14
0.728	1.93261e-14
0.729	2.38109e-14
0.73	2.91436e-14
0.731	3.54895e-14
0.732	4.29785e-14
0.733	5.18463e-14
0.734	6.22972e-14
0.735	7.46301e-14
0.736	8.9147e-14
0.737	1.06229e-13
0.738	1.26294e-13
0.739	1.49918e-13
0.74	1.77636e-13
0.741	2.10208e-13
0.742	2.48378e-13
0.743	2.93184e-13
0.744	3.45692e-13
0.745	4.07235e-13
0.746	4.79318e-13
0.747	5.63681e-13
0.748	6.62394e-13
0.749	7.77827e-13
0.75	9.1277e-13
0.751	1.0704e-12
0.752	1.25448e-12
0.753	1.46929e-12
0.754	1.71984e-12
0.755	2.01193e-12
0.756	2.3522e-12
0.757	2.74847e-12
0.758	3.2096e-12
0.759	3.746e-12
0.76	4.36954e-12
0.761	5.09395e-12
0.762	5.93514e-12
0.763	6.91136e-12
0.764	8.04365e-12
0.765	9.3562e-12
0.766	1.08769e-11
0.767	1.26378e-11
0.768	1.46756e-11
0.769	1.70327e-11
0.77	1.97576e-11
0.771	2.2906e-11
0.772	2.65418e-11
0.773	3.07382e-11
0.774	3.5579e-11
0.775	4.11604e-11
0.776	4.75922e-11
0.777	5.50003e-11
0.778	6.35284e-11
0.779	7.33409e-11
0.78	8.46256e-11
0.781	9.75967e-11
0.782	1.12499e-10
0.783	1.29612e-10
0.784	1.49253e-10
0.785	1.71785e-10
0.786	1.97621e-10
0.787	2.27232e-10
0.788	2.61152e-10
0.789	2.99992e-10
0.79	3.44442e-10
0.791	3.95291e-10
0.792	4.53432e-10
0.793	5.19881e-10
0.794	5.95789e-10
0.795	6.82465e-10
0.796	7.81391e-10
0.797	8.94248e-10
0.798	1.02294e-09
0.799	1.16963e-09
0.8	1.33675e-09
0.801	1.52707e-09
0.802	1.74373e-09
0.803	1.99024e-09
0.804	2.27062e-09
0.805	2.58937e-09
0.806	2.9516e-09
0.807	3.36307e-09
0.808	3.83027e-09
0.809	4.36053e-09
0.81	4.96213e-09
0.811	5.64437e-09
0.812	6.41777e-09
0.813	7.29413e-09
0.814	8.28678e-09
0.815	9.4107e-09
0.816	1.06828e-08
0.817	1.21219e-08
0.818	1.37494e-08
0.819	1.55893e-08
0.82	1.76685e-08
0.821	2.00171e-08
0.822	2.26691e-08
0.823	2.56626e-08
0.824	2.90402e-08
0.825	3.28499e-08
0.826	3.71453e-08
0.827	4.19865e-08
0.828	4.7441e-08
0.829	5.35841e-08
0.83	6.05003e-08
0.831	6.82841e-08
0.832	7.70412e-08
0.833	8.68899e-08
0.834	9.79622e-08
0.835	1.10406e-07
0.836	1.24386e-07
0.837	1.40086e-07
0.838	1.57713e-07
0.839	1.77496e-07
0.84	1.9969e-07
0.841	2.24582e-07
0.842	2.5249e-07
0.843	2.83769e-07
0.844	3.18814e-07
0.845	3.58066e-07
0.846	4.02016e-07
0.847	4.5121e-07
0.848	5.06255e-07
0.849	5.67828e-07
0.85	6.36681e-07
0.851	7.13649e-07
0.852	7.99662e-07
0.853	8.95753e-07
0.854	1.00307e-06
0.855	1.12288e-06
0.856	1.25661e-06
0.857	1.40582e-06
0.858	1.57225e-06
0.859	1.75783e-06
0.86	1.96472e-06
0.861	2.19527e-06
0.862	2.45213e-06
0.863	2.7382e-06
0.864	3.05672e-06
0.865	3.41126e-06
0.866	3.80578e-06
0.867	4.24465e-06
0.868	4.73274e-06
0.869	5.27539e-06
0.87	5.87853e-06
0.871	6.54872e-06
0.872	7.29319e-06
0.873	8.11995e-06
0.874	9.03782e-06
0.875	1.00566e-05
0.876	1.1187e-05
0.877	1.2441e-05
0.878	1.38316e-05
0.879	1.53733e-05
0.88	1.70822e-05
0.881	1.89757e-05
0.882	2.10734e-05
0.883	2.33965e-05
0.884	2.59686e-05
0.885	2.88157e-05
0.886	3.19663e-05
0.887	3.54518e-05
0.888	3.93069e-05
0.889	4.35696e-05
0.89	4.82819e-05
0.891	5.34897e-05
0.892	5.92437e-05
0.893	6.55997e-05
0.894	7.26187e-05
0.895	8.03681e-05
0.896	8.89216e-05
0.897	9.83604e-05
0.898	0.000108773
0.899	0.000120258
0.9	0.000132923
0.901	0.000146884
0.902	0.000162271
0.903	0.000179226
0.904	0.000197904
0.905	0.000218475
0.906	0.000241124
0.907	0.000266058
0.908	0.000293499
0.909	0.000323692
0.91	0.000356906
0.911	0.000393435
0.912	0.000433599
0.913	0.000477751
0.914	0.000526276
0.915	0.000579594
0.916	0.000638165
0.917	0.000702493
0.918	0.000773127
0.919	0.000850669
0.92	0.000935775
0.921	0.00102916
0.922	0.00113161
0.923	0.00124398
0.924	0.00136721
0.925	0.0015023
0.926	0.00165038
0.927	0.00181265
0.928	0.00199045
0.929	0.0021852
0.93	0.00239849
0.931	0.00263203
0.932	0.00288768
0.933	0.00316749
0.934	0.00347367
0.935	0.00380864
0.936	0.00417503
0.937	0.0045757
0.938	0.00501377
0.939	0.00549263
0.94	0.00601599
0.941	0.00658785
0.942	0.00721258
0.943	0.00789494
0.944	0.0086401
0.945	0.00945367
0.946	0.0103418
0.947	0.011311
0.948	0.0123686
0.949	0.0135224
0.95	0.0147809
0.951	0.0161533
0.952	0.0176497
0.953	0.0192809
0.954	0.0210588
0.955	0.0229962
0.956	0.0251069
0.957	0.0274061
0.958	0.0299102
0.959	0.0326368
0.96	0.0356052
0.961	0.0388362
0.962	0.0423525
0.963	0.0461785
0.964	0.0503407
0.965	0.0548678
0.966	0.0597911
0.967	0.0651441
0.968	0.0709633
0.969	0.0772883
0.97	0.0841616
0.971	0.0916297
0.972	0.0997424
0.973	0.108554
0.974	0.118123
0.975	0.128512
0.976	0.139791
0.977	0.152032
0.978	0.165316
0.979	0.17973
0.98	0.195366
0.981	0.212326
0.982	0.230718
0.983	0.25066
0.984	0.272279
0.985	0.295712
0.986	0.321108
0.987	0.348625
0.988	0.378436
0.989	0.410728
0.99	0.4457
0.991	0.48357
0.992	0.524571
0.993	0.568953
0.994	0.61699
0.995	0.668972
0.996	0.725215
0.997	0.786059
0.998	0.85187
0.999	0.923042
