# Interpolation data for function: (2*x-1)^40
0	1
0.001	0.923042
0.002	0.85187
0.003	0.786059
0.004	0.725215
0.005	0.668972
0.006	0.61699
0.007	0.568953
0.008	0.524571
0.009	0.48357
0.01	0.4457
0.011	0.410728
0.012	0.378436
0.013	0.348625
0.014	0.321108
0.015	0.295712
0.016	0.272279
0.017	0.25066
0.018	0.230718
0.019	0.212326
0.02	0.195366
0.021	0.17973
0.022	0.165316
0.023	0.152032
0.024	0.139791
0.025	0.128512
0.026	0.118123
0.027	0.108554
0.028	0.0997424
0.029	0.0916297
0.03	0.0841616
0.031	0.0772883
0.032	0.0709633
0.033	0.0651441
0.034	0.0597911
0.035	0.0548678
0.036	0.0503407
0.037	0.0461785
0.038	0.0423525
0.039	0.0388362
0.04	0.0356052
0.041	0.0326368
0.042	0.0299102
0.043	0.0274061
0.044	0.0251069
0.045	0.0229962
0.046	0.0210588
0.047	0.0192809
0.048	0.0176497
0.049	0.0161533
0.05	0.0147809
0.051	0.0135224
0.052	0.0123686
0.053	0.011311
0.054	0.0103418
0.055	0.00945367
0.056	0.0086401
0.057	0.00789494
0.058	0.00721258
0.059	0.00658785
0.06	0.00601599
0.061	0.00549263
0.062	0.00501377
0.063	0.0045757
0.064	0.00417503
0.065	0.00380864
0.066	0.00347367
0.067	0.00316749
0.068	0.00288768
0.069	0.00263203
0.07	0.00239849
0.071	0.0021852
0.072	0.00199045
0.073	0.00181265
0.074	0.00165038
0.075	0.0015023
0.076	0.00136721
0.077	0.00124398
0.078	0.00113161
0.079	0.00102916
0.08	0.000935775
0.081	0.000850669
0.082	0.000773127
0.083	0.000702493
0.084	0.000638165
0.085	0.000579594
0.086	0.000526276
0.087	0.000477751
0.088	0.000433599
0.089	0.000393435
0.09	0.000356906
0.091	0.000323692
0.092	0.000293499
0.093	0.000266058
0.094	0.000241124
0.095	0.000218475
0.096	0.000197904
0.097	0.000179226
0.098	0.000162271
0.099	0.000146884
0.1	0.000132923
0.101	0.000120258
0.102	0.000108773
0.103	9.83604e-05
0.104	8.89216e-05
0.105	8.03681e-05
0.106	7.26187e-05
0.107	6.55997e-05
0.108	5.92437e-05
0.109	5.34897e-05
0.11	4.82819e-05
0.111	4.35696e-05
0.112	3.93069e-05
0.113	3.54518e-05
0.114	3.19663e-05
0.115	2.88157e-05
0.116	2.59686e-05
0.117	2.33965e-05
0.118	2.10734e-05
0.119	1.89757e-05
0.12	1.70822e-05
0.121	1.53733e-05
0.122	1.38316e-05
0.123	1.2441e-05
0.124	1.1187e-05
0.125	1.00566e-05
0.126	9.03782e-06
0.127	8.11995e-06
0.128	7.29319e-06
0.129	6.54872e-06
0.13	5.87853e-06
0.131	5.27539e-06
0.132	4.73274e-06
0.133	4.24466e-06
0.134	3.80578e-06
0.135	3.41126e-06
0.136	3.05672e-06
0.137	2.7382e-06
0.138	2.45213e-06
0.139	2.19527e-06
0.14	1.96472e-06
0.141	1.75783e-06
0.142	1.57225e-06
0.143	1.40582e-06
0.144	1.25661e-06
0.145	1.12288e-06
0.146	1.00307e-06
0.147	8.95753e-07
0.148	7.99662e-07
0.149	7.13649e-07
0.15	6.36681e-07
0.151	5.67828e-07
0.152	5.06255e-07
0.153	4.5121e-07
0.154	4.02016e-07
0.155	3.58066e-07
0.156	3.18814e-07
0.157	2.83769e-07
0.158	2.5249e-07
0.159	2.24582e-07
0.16	1.9969e-07
0.161	1.77496e-07
0.162	1.57713e-07
0.163	1.40086e-07
0.164	1.24386e-07
0.165	1.10406e-07
0.166	9.79622e-08
0.167	8.68899e-08
0.168	7.70412e-08
0.169	6.82841e-08
0.17	6.05003e-08
0.171	5.35841e-08
0.172	4.7441e-08
0.173	4.19865e-08
0.174	3.71453e-08
0.175	3.28499e-08
0.176	2.90402e-08
0.177	2.56626e-08
0.178	2.26691e-08
0.179	2.00171e-08
0.18	1.76685e-08
0.181	1.55893e-08
0.182	1.37494e-08
0.183	1.21219e-08
0.184	1.06828e-08
0.185	9.41071e-09
0.186	8.28678e-09
0.187	7.29413e-09
0.188	6.41777e-09
0.189	5.64437e-09
0.19	4.96213e-09
0.191	4.36053e-09
0.192	3.83027e-09
0.193	3.36307e-09
0.194	2.9516e-09
0.195	2.58937e-09
0.196	2.27062e-09
0.197	1.99024e-09
0.198	1.74372e-09
0.199	1.52707e-09
0.2	1.33675e-09
0.201	1.16963e-09
0.202	1.02294e-09
0.203	8.94246e-10
0.204	7.81389e-10
0.205	6.82463e-10
0.206	5.95787e-10
0.207	5.19879e-10
0.208	4.53431e-10
0.209	3.9529e-10
0.21	3.44441e-10
0.211	2.99991e-10
0.212	2.61151e-10
0.213	2.27231e-10
0.214	1.9762e-10
0.215	1.71784e-10
0.216	1.49252e-10
0.217	1.29611e-10
0.218	1.12499e-10
0.219	9.75963e-11
0.22	8.46252e-11
0.221	7.33406e-11
0.222	6.35282e-11
0.223	5.50001e-11
0.224	4.75921e-11
0.225	4.11603e-11
0.226	3.55789e-11
0.227	3.07381e-11
0.228	2.65417e-11
0.229	2.29059e-11
0.23	1.97575e-11
0.231	1.70326e-11
0.232	1.46755e-11
0.233	1.26377e-11
0.234	1.08768e-11
0.235	9.3561e-12
0.236	8.04355e-12
0.237	6.91129e-12
0.238	5.9351e-12
0.239	5.09392e-12
0.24	4.36955e-12
0.241	3.74603e-12
0.242	3.20971e-12
0.243	2.74861e-12
0.244	2.35245e-12
0.245	2.01221e-12
0.246	1.72024e-12
0.247	1.46978e-12
0.248	1.25507e-12
0.249	1.0711e-12
0.25	9.13588e-13
0.251	7.78757e-13
0.252	6.63427e-13
0.253	5.64826e-13
0.254	4.80572e-13
0.255	4.08611e-13
0.256	3.4718e-13
0.257	2.94749e-13
0.258	2.50012e-13
0.259	2.11908e-13
0.26	1.7941e-13
0.261	1.51722e-13
0.262	1.28126e-13
0.263	1.08053e-13
0.264	9.09611e-14
0.265	7.64083e-14
0.266	6.40285e-14
0.267	5.35075e-14
0.268	4.45522e-14
0.269	3.69233e-14
0.27	3.0458e-14
0.271	2.49925e-14
0.272	2.03293e-14
0.273	1.63729e-14
0.274	1.30162e-14
0.275	1.02051e-14
0.276	7.80303e-15
0.277	5.80093e-15
0.278	4.1409e-15
0.279	2.75791e-15
0.28	1.61475e-15
0.281	6.68683e-16
0.282	-1.01821e-16
0.283	-6.85373e-16
0.284	-1.15034e-15
0.285	-1.48803e-15
0.286	-1.73598e-15
0.287	-1.87433e-15
0.288	-1.95073e-15
0.289	-1.93885e-15
0.29	-1.87787e-15
0.291	-1.77382e-15
0.292	-1.62223e-15
0.293	-1.40658e-15
0.294	-1.20032e-15
0.295	-9.40562e-16
0.296	-6.70426e-16
0.297	-3.73821e-16
0.298	-6.87952e-17
0.299	2.55409e-16
0.3	5.61441e-16
0.301	8.6981e-16
0.302	1.17547e-15
0.303	1.48419e-15
0.304	1.77465e-15
0.305	2.06521e-15
0.306	2.3298e-15
0.307	2.57424e-15
0.308	2.80479e-15
0.309	3.00899e-15
0.31	3.18093e-15
0.311	3.32761e-15
0.312	3.48121e-15
0.313	3.56728e-15
0.314	3.64717e-15
0.315	3.69266e-15
0.316	3.70879e-15
0.317	3.7008e-15
0.318	3.6521e-15
0.319	3.58276e-15
0.32	3.48432e-15
0.321	3.36485e-15
0.322	3.21173e-15
0.323	3.04182e-15
0.324	2.84076e-15
0.325	2.62301e-15
0.326	2.38309e-15
0.327	2.12281e-15
0.328	1.84956e-15
0.329	1.57183e-15
0.33	1.27555e-15
0.331	9.63787e-16
0.332	6.35459e-16
0.333	3.45577e-16
0.334	2.84137e-17
0.335	-2.81741e-16
0.336	-5.94741e-16
0.337	-9.17229e-16
0.338	-1.20876e-15
0.339	-1.49036e-15
0.34	-1.76636e-15
0.341	-2.02374e-15
0.342	-2.26975e-15
0.343	-2.49532e-15
0.344	-2.71751e-15
0.345	-2.89608e-15
0.346	-3.05664e-15
0.347	-3.19584e-15
0.348	-3.30908e-15
0.349	-3.39925e-15
0.35	-3.46144e-15
0.351	-3.4961e-15
0.352	-3.50691e-15
0.353	-3.49422e-15
0.354	-3.4435e-15
0.355	-3.39492e-15
0.356	-3.28948e-15
0.357	-3.17361e-15
0.358	-3.02644e-15
0.359	-2.87109e-15
0.36	-2.67233e-15
0.361	-2.47929e-15
0.362	-2.2591e-15
0.363	-2.01988e-15
0.364	-1.76785e-15
0.365	-1.51322e-15
0.366	-1.23596e-15
0.367	-9.50971e-16
0.368	-6.6711e-16
0.369	-3.56894e-16
0.37	-7.07488e-17
0.371	2.2915e-16
0.372	5.18575e-16
0.373	8.1319e-16
0.374	1.08256e-15
0.375	1.36016e-15
0.376	1.62309e-15
0.377	1.87204e-15
0.378	2.11992e-15
0.379	2.33567e-15
0.38	2.53121e-15
0.381	2.72141e-15
0.382	2.88122e-15
0.383	3.02069e-15
0.384	3.15287e-15
0.385	3.25689e-15
0.386	3.32893e-15
0.387	3.38318e-15
0.388	3.39542e-15
0.389	3.39422e-15
0.39	3.37896e-15
0.391	3.33452e-15
0.392	3.25404e-15
0.393	3.15808e-15
0.394	3.04994e-15
0.395	2.90363e-15
0.396	2.74729e-15
0.397	2.56707e-15
0.398	2.38814e-15
0.399	2.1754e-15
0.4	1.95504e-15
0.401	1.70765e-15
0.402	1.45318e-15
0.403	1.20299e-15
0.404	9.3198e-16
0.405	6.52874e-16
0.406	3.68651e-16
0.407	8.81908e-17
0.408	-1.85272e-16
0.409	-4.52376e-16
0.41	-7.4279e-16
0.411	-1.01217e-15
0.412	-1.2615e-15
0.413	-1.50781e-15
0.414	-1.75293e-15
0.415	-1.97761e-15
0.416	-2.20027e-15
0.417	-2.38001e-15
0.418	-2.56043e-15
0.419	-2.72116e-15
0.42	-2.85646e-15
0.421	-2.97704e-15
0.422	-3.07448e-15
0.423	-3.15024e-15
0.424	-3.21707e-15
0.425	-3.24541e-15
0.426	-3.24685e-15
0.427	-3.24251e-15
0.428	-3.19658e-15
0.429	-3.13836e-15
0.43	-3.04771e-15
0.431	-2.9425e-15
0.432	-2.82804e-15
0.433	-2.67655e-15
0.434	-2.51175e-15
0.435	-2.33523e-15
0.436	-2.136e-15
0.437	-1.91926e-15
0.438	-1.69547e-15
0.439	-1.46153e-15
0.44	-1.20968e-15
0.441	-9.61264e-16
0.442	-7.02474e-16
0.443	-4.28371e-16
0.444	-1.59608e-16
0.445	1.13294e-16
0.446	3.69464e-16
0.447	6.36462e-16
0.448	9.07178e-16
0.449	1.16207e-15
0.45	1.40467e-15
0.451	1.64148e-15
0.452	1.87331e-15
0.453	2.09409e-15
0.454	2.28581e-15
0.455	2.47372e-15
0.456	2.63352e-15
0.457	2.78114e-15
0.458	2.91454e-15
0.459	3.02105e-15
0.46	3.11325e-15
0.461	3.16988e-15
0.462	3.22437e-15
0.463	3.22801e-15
0.464	3.24852e-15
0.465	3.21922e-15
0.466	3.17144e-15
0.467	3.1306e-15
0.468	3.02715e-15
0.469	2.92417e-15
0.47	2.79934e-15
0.471	2.64958e-15
0.472	2.48972e-15
0.473	2.3211e-15
0.474	2.11804e-15
0.475	1.90464e-15
0.476	1.67714e-15
0.477	1.45188e-15
0.478	1.19992e-15
0.479	9.56692e-16
0.48	6.83852e-16
0.481	4.23993e-16
0.482	1.71645e-16
0.483	-8.72854e-17
0.484	-3.4714e-16
0.485	-6.0869e-16
0.486	-8.63709e-16
0.487	-1.11416e-15
0.488	-1.34387e-15
0.489	-1.58741e-15
0.49	-1.82121e-15
0.491	-1.99628e-15
0.492	-2.22503e-15
0.493	-2.39533e-15
0.494	-2.54761e-15
0.495	-2.70303e-15
0.496	-2.79413e-15
0.497	-2.9085e-15
0.498	-3.03023e-15
0.499	-3.06165e-15
0.5	-3.11811e-15
0.501	-3.13138e-15
0.502	-3.13625e-15
0.503	-3.10642e-15
0.504	-3.06793e-15
0.505	-2.99166e-15
0.506	-2.89687e-15
0.507	-2.80259e-15
0.508	-2.69333e-15
0.509	-2.55564e-15
0.51	-2.37175e-15
0.511	-2.18269e-15
0.512	-2.00874e-15
0.513	-1.7816e-15
0.514	-1.56285e-15
0.515	-1.33117e-15
0.516	-1.09215e-15
0.517	-8.61928e-16
0.518	-5.96912e-16
0.519	-3.33803e-16
0.52	-8.42619e-17
0.521	1.90993e-16
0.522	4.51316e-16
0.523	7.10427e-16
0.524	9.67654e-16
0.525	1.20424e-15
0.526	1.45323e-15
0.527	1.67952e-15
0.528	1.89292e-15
0.529	2.08404e-15
0.53	2.29088e-15
0.531	2.46588e-15
0.532	2.63486e-15
0.533	2.76658e-15
0.534	2.87816e-15
0.535	2.98584e-15
0.536	3.08197e-15
0.537	3.11804e-15
0.538	3.16596e-15
0.539	3.17644e-15
0.54	3.17843e-15
0.541	3.15279e-15
0.542	3.112e-15
0.543	3.03478e-15
0.544	2.94307e-15
0.545	2.84703e-15
0.546	2.71083e-15
0.547	2.56887e-15
0.548	2.40158e-15
0.549	2.22045e-15
0.55	1.99822e-15
0.551	1.79848e-15
0.552	1.57914e-15
0.553	1.34601e-15
0.554	1.1067e-15
0.555	8.514e-16
0.556	5.7968e-16
0.557	3.17582e-16
0.558	6.81781e-17
0.559	-2.12855e-16
0.56	-4.64334e-16
0.561	-7.32392e-16
0.562	-9.76619e-16
0.563	-1.2326e-15
0.564	-1.46825e-15
0.565	-1.69395e-15
0.566	-1.92483e-15
0.567	-2.10834e-15
0.568	-2.30667e-15
0.569	-2.48982e-15
0.57	-2.64327e-15
0.571	-2.77178e-15
0.572	-2.87507e-15
0.573	-2.98134e-15
0.574	-3.06214e-15
0.575	-3.12059e-15
0.576	-3.15175e-15
0.577	-3.17049e-15
0.578	-3.1587e-15
0.579	-3.10995e-15
0.58	-3.06586e-15
0.581	-2.9862e-15
0.582	-2.87854e-15
0.583	-2.75758e-15
0.584	-2.61448e-15
0.585	-2.45367e-15
0.586	-2.29058e-15
0.587	-2.08628e-15
0.588	-1.87845e-15
0.589	-1.6645e-15
0.59	-1.43481e-15
0.591	-1.18234e-15
0.592	-9.3936e-16
0.593	-6.81642e-16
0.594	-4.12493e-16
0.595	-1.43695e-16
0.596	1.33951e-16
0.597	4.01476e-16
0.598	6.86343e-16
0.599	9.33777e-16
0.6	1.19506e-15
0.601	1.4463e-15
0.602	1.6759e-15
0.603	1.90845e-15
0.604	2.12391e-15
0.605	2.31914e-15
0.606	2.50778e-15
0.607	2.67168e-15
0.608	2.80846e-15
0.609	2.9464e-15
0.61	3.04998e-15
0.611	3.13683e-15
0.612	3.19787e-15
0.613	3.22308e-15
0.614	3.25404e-15
0.615	3.23453e-15
0.616	3.21084e-15
0.617	3.1509e-15
0.618	3.08064e-15
0.619	2.99052e-15
0.62	2.8607e-15
0.621	2.72172e-15
0.622	2.54906e-15
0.623	2.37916e-15
0.624	2.17842e-15
0.625	1.96033e-15
0.626	1.72014e-15
0.627	1.4895e-15
0.628	1.22606e-15
0.629	9.66628e-16
0.63	7.06343e-16
0.631	4.32344e-16
0.632	1.38957e-16
0.633	-1.35047e-16
0.634	-4.28603e-16
0.635	-7.05701e-16
0.636	-9.78049e-16
0.637	-1.23418e-15
0.638	-1.49525e-15
0.639	-1.74018e-15
0.64	-1.97904e-15
0.641	-2.19121e-15
0.642	-2.39913e-15
0.643	-2.59798e-15
0.644	-2.75954e-15
0.645	-2.89491e-15
0.646	-3.02967e-15
0.647	-3.12757e-15
0.648	-3.21548e-15
0.649	-3.25873e-15
0.65	-3.29994e-15
0.651	-3.30508e-15
0.652	-3.28826e-15
0.653	-3.25143e-15
0.654	-3.1698e-15
0.655	-3.07833e-15
0.656	-2.96247e-15
0.657	-2.82817e-15
0.658	-2.66645e-15
0.659	-2.49272e-15
0.66	-2.29076e-15
0.661	-2.06967e-15
0.662	-1.83379e-15
0.663	-1.57536e-15
0.664	-1.3189e-15
0.665	-1.04389e-15
0.666	-7.68487e-16
0.667	-4.90216e-16
0.668	-1.95133e-16
0.669	1.06653e-16
0.67	4.10392e-16
0.671	6.8699e-16
0.672	9.75688e-16
0.673	1.2545e-15
0.674	1.52891e-15
0.675	1.78741e-15
0.676	2.03815e-15
0.677	2.27065e-15
0.678	2.48507e-15
0.679	2.6809e-15
0.68	2.8513e-15
0.681	2.99861e-15
0.682	3.1258e-15
0.683	3.25159e-15
0.684	3.31641e-15
0.685	3.3771e-15
0.686	3.39226e-15
0.687	3.38433e-15
0.688	3.36041e-15
0.689	3.3035e-15
0.69	3.22655e-15
0.691	3.12552e-15
0.692	2.99072e-15
0.693	2.83049e-15
0.694	2.64491e-15
0.695	2.46441e-15
0.696	2.24023e-15
0.697	2.0129e-15
0.698	1.75144e-15
0.699	1.51542e-15
0.7	1.22968e-15
0.701	9.64012e-16
0.702	6.9112e-16
0.703	4.23679e-16
0.704	1.58833e-16
0.705	-9.84072e-17
0.706	-3.59124e-16
0.707	-5.83211e-16
0.708	-7.72213e-16
0.709	-9.42056e-16
0.71	-1.06958e-15
0.711	-1.15516e-15
0.712	-1.18243e-15
0.713	-1.17199e-15
0.714	-1.06553e-15
0.715	-8.74039e-16
0.716	-5.78392e-16
0.717	-1.83361e-16
0.718	3.57159e-16
0.719	1.03816e-15
0.72	1.91107e-15
0.721	2.97504e-15
0.722	4.29685e-15
0.723	5.89451e-15
0.724	7.81444e-15
0.725	1.01085e-14
0.726	1.28609e-14
0.727	1.61114e-14
0.728	1.99895e-14
0.729	2.45702e-14
0.73	2.99834e-14
0.731	3.6394e-14
0.732	4.39319e-14
0.733	5.28328e-14
0.734	6.33015e-14
0.735	7.56374e-14
0.736	9.01435e-14
0.737	1.07202e-13
0.738	1.27232e-13
0.739	1.50809e-13
0.74	1.78472e-13
0.741	2.10983e-13
0.742	2.49084e-13
0.743	2.93819e-13
0.744	3.46252e-13
0.745	4.0772e-13
0.746	4.79729e-13
0.747	5.64021e-13
0.748	6.62668e-13
0.749	7.78039e-13
0.75	9.12929e-13
0.751	1.07051e-12
0.752	1.25456e-12
0.753	1.46934e-12
0.754	1.71987e-12
0.755	2.01195e-12
0.756	2.35224e-12
0.757	2.74851e-12
0.758	3.20968e-12
0.759	3.74611e-12
0.76	4.36969e-12
0.761	5.09416e-12
0.762	5.93541e-12
0.763	6.91169e-12
0.764	8.04405e-12
0.765	9.35667e-12
0.766	1.08774e-11
0.767	1.26384e-11
0.768	1.46763e-11
0.769	1.70334e-11
0.77	1.97584e-11
0.771	2.29069e-11
0.772	2.65427e-11
0.773	3.0739e-11
0.774	3.55799e-11
0.775	4.11612e-11
0.776	4.7593e-11
0.777	5.5001e-11
0.778	6.35291e-11
0.779	7.33415e-11
0.78	8.46261e-11
0.781	9.75971e-11
0.782	1.12499e-10
0.783	1.29612e-10
0.784	1.49253e-10
0.785	1.71785e-10
0.786	1.97621e-10
0.787	2.27231e-10
0.788	2.61152e-10
0.789	2.99991e-10
0.79	3.44441e-10
0.791	3.9529e-10
0.792	4.5343e-10
0.793	5.19879e-10
0.794	5.95787e-10
0.795	6.82463e-10
0.796	7.81389e-10
0.797	8.94246e-10
0.798	1.02294e-09
0.799	1.16963e-09
0.8	1.33675e-09
0.801	1.52707e-09
0.802	1.74372e-09
0.803	1.99024e-09
0.804	2.27061e-09
0.805	2.58937e-09
0.806	2.9516e-09
0.807	3.36306e-09
0.808	3.83026e-09
0.809	4.36053e-09
0.81	4.96213e-09
0.811	5.64437e-09
0.812	6.41777e-09
0.813	7.29413e-09
0.814	8.28678e-09
0.815	9.41071e-09
0.816	1.06828e-08
0.817	1.21219e-08
0.818	1.37494e-08
0.819	1.55893e-08
0.82	1.76685e-08
0.821	2.00171e-08
0.822	2.26691e-08
0.823	2.56626e-08
0.824	2.90402e-08
0.825	3.28499e-08
0.826	3.71453e-08
0.827	4.19865e-08
0.828	4.7441e-08
0.829	5.35841e-08
0.83	6.05003e-08
0.831	6.82841e-08
0.832	7.70412e-08
0.833	8.68899e-08
0.834	9.79622e-08
0.835	1.10406e-07
0.836	1.24386e-07
0.837	1.40086e-07
0.838	1.57713e-07
0.839	1.77496e-07
0.84	1.9969e-07
0.841	2.24582e-07
0.842	2.5249e-07
0.843	2.83769e-07
0.844	3.18814e-07
0.845	3.58066e-07
0.846	4.02016e-07
0.847	4.5121e-07
0.848	5.06255e-07
0.849	5.67828e-07
0.85	6.36681e-07
0.851	7.13649e-07
0.852	7.99662e-07
0.853	8.95753e-07
0.854	1.00307e-06
0.855	1.12288e-06
0.856	1.25661e-06
0.857	1.40582e-06
0.858	1.57225e-06
0.859	1.75783e-06
0.86	1.96472e-06
0.861	2.19527e-06
0.862	2.45213e-06
0.863	2.7382e-06
0.864	3.05672e-06
0.865	3.41126e-06
0.866	3.80578e-06
0.867	4.24465e-06
0.868	4.73274e-06
0.869	5.27539e-06
0.87	5.87853e-06
0.871	6.54872e-06
0.872	7.29319e-06
0.873	8.11995e-06
0.874	9.03782e-06
0.875	1.00566e-05
0.876	1.1187e-05
0.877	1.2441e-05
0.878	1.38316e-05
0.879	1.53733e-05
0.88	1.70822e-05
0.881	1.89757e-05
0.882	2.10734e-05
0.883	2.33965e-05
0.884	2.59686e-05
0.885	2.88157e-05
0.886	3.19663e-05
0.887	3.54518e-05
0.888	3.93069e-05
0.889	4.35696e-05
0.89	4.82819e-05
0.891	5.34897e-05
0.892	5.92437e-05
0.893	6.55997e-05
0.894	7.26187e-05
0.895	8.03681e-05
0.896	8.89216e-05
0.897	9.83604e-05
0.898	0.000108773
0.899	0.000120258
0.9	0.000132923
0.901	0.000146884
0.902	0.000162271
0.903	0.000179226
0.904	0.000197904
0.905	0.000218475
0.906	0.000241124
0.907	0.000266058
0.908	0.000293499
0.909	0.000323692
0.91	0.000356906
0.911	0.000393435
0.912	0.000433599
0.913	0.000477751
0.914	0.000526276
0.915	0.000579594
0.916	0.000638165
0.917	0.000702493
0.918	0.000773127
0.919	0.000850669
0.92	0.000935775
0.921	0.00102916
0.922	0.00113161
0.923	0.00124398
0.924	0.00136721
0.925	0.0015023
0.926	0.00165038
0.927	0.00181265
0.928	0.00199045
0.929	0.0021852
0.93	0.00239849
0.931	0.00263203
0.932	0.00288768
0.933	0.00316749
0.934	0.00347367
0.935	0.00380864
0.936	0.00417503
0.937	0.0045757
0.938	0.00501377
0.939	0.00549263
0.94	0.00601599
0.941	0.00658785
0.942	0.00721258
0.943	0.00789494
0.944	0.0086401
0.945	0.00945367
0.946	0.0103418
0.947	0.011311
0.948	0.0123686
0.949	0.0135224
0.95	0.0147809
0.951	0.0161533
0.952	0.0176497
0.953	0.0192809
0.954	0.0210588
0.955	0.0229962
0.956	0.0251069
0.957	0.0274061
0.958	0.0299102
0.959	0.0326368
0.96	0.0356052
0.961	0.0388362
0.962	0.0423525
0.963	0.0461785
0.964	0.0503407
0.965	0.0548678
0.966	0.0597911
0.967	0.0651441
0.968	0.0709633
0.969	0.0772883
0.97	0.0841616
0.971	0.0916297
0.972	0.0997424
0.973	0.108554
0.974	0.118123
0.975	0.128512
0.976	0.139791
0.977	0.152032
0.978	0.165316
0.979	0.17973
0.98	0.195366
0.981	0.212326
0.982	0.230718
0.983	0.25066
0.984	0.272279
0.985	0.295712
0.986	0.321108
0.987	0.348625
0.988	0.378436
0.989	0.410728
0.99	0.4457
0.991	0.48357
0.992	0.524571
0.993	0.568953
0.994	0.61699
0.995	0.668972
0.996	0.725215
0.997	0.786059
0.998	0.85187
0.999	0.923042
