# Interpolation data for function: (2*x-1)^40
0	1
0.001	0.923042
0.002	0.85187
0.003	0.786059
0.004	0.725215
0.005	0.668972
0.006	0.61699
0.007	0.568953
0.008	0.524571
0.009	0.48357
0.01	0.4457
0.011	0.410728
0.012	0.378436
0.013	0.348625
0.014	0.321108
0.015	0.295712
0.016	0.272279
0.017	0.25066
0.018	0.230718
0.019	0.212326
0.02	0.195366
0.021	0.17973
0.022	0.165316
0.023	0.152032
0.024	0.139791
0.025	0.128512
0.026	0.118123
0.027	0.108554
0.028	0.0997424
0.029	0.0916297
0.03	0.0841616
0.031	0.0772883
0.032	0.0709633
0.033	0.0651441
0.034	0.0597911
0.035	0.0548678
0.036	0.0503407
0.037	0.0461785
0.038	0.0423525
0.039	0.0388362
0.04	0.0356052
0.041	0.0326368
0.042	0.0299102
0.043	0.0274061
0.044	0.0251069
0.045	0.0229962
0.046	0.0210588
0.047	0.0192809
0.048	0.0176497
0.049	0.0161533
0.05	0.0147809
0.051	0.0135224
0.052	0.0123686
0.053	0.011311
0.054	0.0103418
0.055	0.00945367
0.056	0.0086401
0.057	0.00789494
0.058	0.00721258
0.059	0.00658785
0.06	0.00601599
0.061	0.00549263
0.062	0.00501377
0.063	0.0045757
0.064	0.00417503
0.065	0.00380864
0.066	0.00347367
0.067	0.00316749
0.068	0.00288768
0.069	0.00263203
0.07	0.00239849
0.071	0.0021852
0.072	0.00199045
0.073	0.00181265
0.074	0.00165038
0.075	0.0015023
0.076	0.00136721
0.077	0.00124398
0.078	0.00113161
0.079	0.00102916
0.08	0.000935775
0.081	0.000850669
0.082	0.000773127
0.083	0.000702493
0.084	0.000638165
0.085	0.000579594
0.086	0.000526276
0.087	0.000477751
0.088	0.000433599
0.089	0.000393435
0.09	0.000356906
0.091	0.000323692
0.092	0.000293499
0.093	0.000266058
0.094	0.000241124
0.095	0.000218474
0.096	0.000197904
0.097	0.000179226
0.098	0.000162271
0.099	0.000146884
0.1	0.000132923
0.101	0.000120258
0.102	0.000108773
0.103	9.83604e-05
0.104	8.89216e-05
0.105	8.03681e-05
0.106	7.26187e-05
0.107	6.55997e-05
0.108	5.92437e-05
0.109	5.34897e-05
0.11	4.82819e-05
0.111	4.35696e-05
0.112	3.93069e-05
0.113	3.54518e-05
0.114	3.19663e-05
0.115	2.88157e-05
0.116	2.59686e-05
0.117	2.33965e-05
0.118	2.10734e-05
0.119	1.89757e-05
0.12	1.70822e-05
0.121	1.53733e-05
0.122	1.38316e-05
0.123	1.2441e-05
0.124	1.1187e-05
0.125	1.00566e-05
0.126	9.03783e-06
0.127	8.11995e-06
0.128	7.29319e-06
0.129	6.54872e-06
0.13	5.87853e-06
0.131	5.27539e-06
0.132	4.73274e-06
0.133	4.24466e-06
0.134	3.80578e-06
0.135	3.41126e-06
0.136	3.05672e-06
0.137	2.7382e-06
0.138	2.45212e-06
0.139	2.19527e-06
0.14	1.96472e-06
0.141	1.75783e-06
0.142	1.57225e-06
0.143	1.40581e-06
0.144	1.25661e-06
0.145	1.12288e-06
0.146	1.00307e-06
0.147	8.95751e-07
0.148	7.9966e-07
0.149	7.13647e-07
0.15	6.36679e-07
0.151	5.67827e-07
0.152	5.06254e-07
0.153	4.51209e-07
0.154	4.02015e-07
0.155	3.58065e-07
0.156	3.18813e-07
0.157	2.83768e-07
0.158	2.52489e-07
0.159	2.24581e-07
0.16	1.99689e-07
0.161	1.77495e-07
0.162	1.57713e-07
0.163	1.40086e-07
0.164	1.24386e-07
0.165	1.10406e-07
0.166	9.79625e-08
0.167	8.68903e-08
0.168	7.70418e-08
0.169	6.82849e-08
0.17	6.05012e-08
0.171	5.35851e-08
0.172	4.74421e-08
0.173	4.19877e-08
0.174	3.71466e-08
0.175	3.28513e-08
0.176	2.90417e-08
0.177	2.5664e-08
0.178	2.26706e-08
0.179	2.00186e-08
0.18	1.76699e-08
0.181	1.55907e-08
0.182	1.37508e-08
0.183	1.21232e-08
0.184	1.0684e-08
0.185	9.41184e-09
0.186	8.28782e-09
0.187	7.29506e-09
0.188	6.41857e-09
0.189	5.64505e-09
0.19	4.96267e-09
0.191	4.36093e-09
0.192	3.83052e-09
0.193	3.36317e-09
0.194	2.95156e-09
0.195	2.58918e-09
0.196	2.27028e-09
0.197	1.98977e-09
0.198	1.74312e-09
0.199	1.52634e-09
0.2	1.3359e-09
0.201	1.16866e-09
0.202	1.02188e-09
0.203	8.93095e-10
0.204	7.80161e-10
0.205	6.81171e-10
0.206	5.94444e-10
0.207	5.18498e-10
0.208	4.52026e-10
0.209	3.93876e-10
0.21	3.43031e-10
0.211	2.98599e-10
0.212	2.59792e-10
0.213	2.25917e-10
0.214	1.96364e-10
0.215	1.70597e-10
0.216	1.48146e-10
0.217	1.28597e-10
0.218	1.11586e-10
0.219	9.67927e-11
0.22	8.39383e-11
0.221	7.27766e-11
0.222	6.3092e-11
0.223	5.46955e-11
0.224	4.74215e-11
0.225	4.1125e-11
0.226	3.56788e-11
0.227	3.09717e-11
0.228	2.69065e-11
0.229	2.33981e-11
0.23	2.03721e-11
0.231	1.77636e-11
0.232	1.55158e-11
0.233	1.35792e-11
0.234	1.19107e-11
0.235	1.04726e-11
0.236	9.23229e-12
0.237	8.16125e-12
0.238	7.23479e-12
0.239	6.43147e-12
0.24	5.73282e-12
0.241	5.12271e-12
0.242	4.58745e-12
0.243	4.11512e-12
0.244	3.69559e-12
0.245	3.32014e-12
0.246	2.98148e-12
0.247	2.67333e-12
0.248	2.39049e-12
0.249	2.12862e-12
0.25	1.88415e-12
0.251	1.65413e-12
0.252	1.43624e-12
0.253	1.22863e-12
0.254	1.02991e-12
0.255	8.39032e-13
0.256	6.5528e-13
0.257	4.78194e-13
0.258	3.07544e-13
0.259	1.43353e-13
0.26	-1.43321e-14
0.261	-1.65247e-13
0.262	-3.09076e-13
0.263	-4.45387e-13
0.264	-5.73759e-13
0.265	-6.93723e-13
0.266	-8.04788e-13
0.267	-9.06475e-13
0.268	-9.9835e-13
0.269	-1.08e-12
0.27	-1.15102e-12
0.271	-1.21107e-12
0.272	-1.25995e-12
0.273	-1.29744e-12
0.274	-1.32342e-12
0.275	-1.33781e-12
0.276	-1.34068e-12
0.277	-1.33212e-12
0.278	-1.31229e-12
0.279	-1.2815e-12
0.28	-1.24009e-12
0.281	-1.18849e-12
0.282	-1.12719e-12
0.283	-1.05672e-12
0.284	-9.77767e-13
0.285	-8.90991e-13
0.286	-7.97162e-13
0.287	-6.97042e-13
0.288	-5.91507e-13
0.289	-4.81394e-13
0.29	-3.67636e-13
0.291	-2.51158e-13
0.292	-1.32889e-13
0.293	-1.37522e-14
0.294	1.05236e-13
0.295	2.23202e-13
0.296	3.39184e-13
0.297	4.52295e-13
0.298	5.61647e-13
0.299	6.66411e-13
0.3	7.65754e-13
0.301	8.58945e-13
0.302	9.4528e-13
0.303	1.02412e-12
0.304	1.09487e-12
0.305	1.15703e-12
0.306	1.21013e-12
0.307	1.2538e-12
0.308	1.28775e-12
0.309	1.31174e-12
0.31	1.32562e-12
0.311	1.32932e-12
0.312	1.32289e-12
0.313	1.30634e-12
0.314	1.27989e-12
0.315	1.24375e-12
0.316	1.19823e-12
0.317	1.14371e-12
0.318	1.08063e-12
0.319	1.00949e-12
0.32	9.30861e-13
0.321	8.45361e-13
0.322	7.5364e-13
0.323	6.56422e-13
0.324	5.54437e-13
0.325	4.48473e-13
0.326	3.39326e-13
0.327	2.2782e-13
0.328	1.14796e-13
0.329	1.10291e-15
0.33	-1.1243e-13
0.331	-2.24963e-13
0.332	-3.3567e-13
0.333	-4.43689e-13
0.334	-5.483e-13
0.335	-6.48711e-13
0.336	-7.4421e-13
0.337	-8.34121e-13
0.338	-9.17763e-13
0.339	-9.94565e-13
0.34	-1.06399e-12
0.341	-1.12555e-12
0.342	-1.17882e-12
0.343	-1.22344e-12
0.344	-1.25911e-12
0.345	-1.28558e-12
0.346	-1.30269e-12
0.347	-1.31035e-12
0.348	-1.30853e-12
0.349	-1.29726e-12
0.35	-1.27665e-12
0.351	-1.24688e-12
0.352	-1.20818e-12
0.353	-1.16086e-12
0.354	-1.10525e-12
0.355	-1.04183e-12
0.356	-9.71006e-13
0.357	-8.93343e-13
0.358	-8.09393e-13
0.359	-7.19791e-13
0.36	-6.25152e-13
0.361	-5.26208e-13
0.362	-4.23635e-13
0.363	-3.18177e-13
0.364	-2.10591e-13
0.365	-1.0165e-13
0.366	7.89578e-15
0.367	1.17259e-13
0.368	2.25663e-13
0.369	3.32376e-13
0.37	4.36606e-13
0.371	5.37665e-13
0.372	6.3483e-13
0.373	7.27446e-13
0.374	8.14848e-13
0.375	8.9647e-13
0.376	9.71735e-13
0.377	1.04013e-12
0.378	1.10122e-12
0.379	1.15455e-12
0.38	1.19979e-12
0.381	1.23665e-12
0.382	1.26487e-12
0.383	1.28428e-12
0.384	1.29479e-12
0.385	1.29631e-12
0.386	1.28886e-12
0.387	1.2725e-12
0.388	1.24736e-12
0.389	1.21364e-12
0.39	1.1716e-12
0.391	1.12152e-12
0.392	1.06376e-12
0.393	9.98747e-13
0.394	9.26941e-13
0.395	8.4882e-13
0.396	7.64958e-13
0.397	6.75923e-13
0.398	5.82357e-13
0.399	4.84871e-13
0.4	3.84161e-13
0.401	2.80898e-13
0.402	1.75808e-13
0.403	6.96196e-14
0.404	-3.6971e-14
0.405	-1.43227e-13
0.406	-2.48427e-13
0.407	-3.51852e-13
0.408	-4.52801e-13
0.409	-5.50598e-13
0.41	-6.44615e-13
0.411	-7.34181e-13
0.412	-8.18699e-13
0.413	-8.97624e-13
0.414	-9.70436e-13
0.415	-1.03663e-12
0.416	-1.0958e-12
0.417	-1.14751e-12
0.418	-1.19146e-12
0.419	-1.22736e-12
0.42	-1.25497e-12
0.421	-1.27412e-12
0.422	-1.28469e-12
0.423	-1.28662e-12
0.424	-1.27993e-12
0.425	-1.26464e-12
0.426	-1.24087e-12
0.427	-1.20881e-12
0.428	-1.16866e-12
0.429	-1.12072e-12
0.43	-1.0653e-12
0.431	-1.0028e-12
0.432	-9.33635e-13
0.433	-8.58259e-13
0.434	-7.772e-13
0.435	-6.91005e-13
0.436	-6.0024e-13
0.437	-5.05519e-13
0.438	-4.07485e-13
0.439	-3.06789e-13
0.44	-2.04092e-13
0.441	-1.00099e-13
0.442	4.51401e-15
0.443	1.09059e-13
0.444	2.12824e-13
0.445	3.15132e-13
0.446	4.15288e-13
0.447	5.1266e-13
0.448	6.066e-13
0.449	6.96471e-13
0.45	7.81687e-13
0.451	8.61697e-13
0.452	9.35978e-13
0.453	1.00404e-12
0.454	1.06542e-12
0.455	1.11975e-12
0.456	1.16664e-12
0.457	1.20582e-12
0.458	1.23702e-12
0.459	1.26004e-12
0.46	1.27474e-12
0.461	1.28101e-12
0.462	1.27885e-12
0.463	1.26822e-12
0.464	1.24928e-12
0.465	1.22209e-12
0.466	1.18685e-12
0.467	1.14384e-12
0.468	1.09326e-12
0.469	1.03552e-12
0.47	9.70972e-13
0.471	9.00048e-13
0.472	8.23228e-13
0.473	7.41018e-13
0.474	6.53935e-13
0.475	5.62574e-13
0.476	4.67533e-13
0.477	3.6945e-13
0.478	2.68941e-13
0.479	1.667e-13
0.48	6.33571e-14
0.481	-4.0368e-14
0.482	-1.43802e-13
0.483	-2.46284e-13
0.484	-3.47136e-13
0.485	-4.45702e-13
0.486	-5.41329e-13
0.487	-6.33395e-13
0.488	-7.21282e-13
0.489	-8.04453e-13
0.49	-8.82341e-13
0.491	-9.54388e-13
0.492	-1.02024e-12
0.493	-1.07935e-12
0.494	-1.13138e-12
0.495	-1.17601e-12
0.496	-1.21287e-12
0.497	-1.24183e-12
0.498	-1.26267e-12
0.499	-1.27516e-12
0.5	-1.27933e-12
0.501	-1.2751e-12
0.502	-1.26251e-12
0.503	-1.24164e-12
0.504	-1.21263e-12
0.505	-1.17566e-12
0.506	-1.13097e-12
0.507	-1.07889e-12
0.508	-1.01973e-12
0.509	-9.53865e-13
0.51	-8.81712e-13
0.511	-8.03781e-13
0.512	-7.20599e-13
0.513	-6.32642e-13
0.514	-5.40544e-13
0.515	-4.44887e-13
0.516	-3.46299e-13
0.517	-2.45441e-13
0.518	-1.42929e-13
0.519	-3.94701e-14
0.52	6.42487e-14
0.521	1.67587e-13
0.522	2.69829e-13
0.523	3.70319e-13
0.524	4.68396e-13
0.525	5.634e-13
0.526	6.54739e-13
0.527	7.4178e-13
0.528	8.2396e-13
0.529	9.00729e-13
0.53	9.7162e-13
0.531	1.03612e-12
0.532	1.09382e-12
0.533	1.14431e-12
0.534	1.18729e-12
0.535	1.22246e-12
0.536	1.2496e-12
0.537	1.26847e-12
0.538	1.27901e-12
0.539	1.28111e-12
0.54	1.27477e-12
0.541	1.26e-12
0.542	1.23692e-12
0.543	1.20564e-12
0.544	1.1664e-12
0.545	1.11944e-12
0.546	1.06505e-12
0.547	1.00361e-12
0.548	9.35492e-13
0.549	8.6116e-13
0.55	7.8107e-13
0.551	6.9581e-13
0.552	6.05895e-13
0.553	5.11923e-13
0.554	4.14518e-13
0.555	3.14311e-13
0.556	2.11963e-13
0.557	1.08173e-13
0.558	3.63182e-15
0.559	-1.01014e-13
0.56	-2.0501e-13
0.561	-3.07713e-13
0.562	-4.08399e-13
0.563	-5.06434e-13
0.564	-6.01133e-13
0.565	-6.91873e-13
0.566	-7.78061e-13
0.567	-8.59069e-13
0.568	-9.34413e-13
0.569	-1.00356e-12
0.57	-1.06601e-12
0.571	-1.12137e-12
0.572	-1.16925e-12
0.573	-1.20934e-12
0.574	-1.24136e-12
0.575	-1.26506e-12
0.576	-1.28029e-12
0.577	-1.28693e-12
0.578	-1.28493e-12
0.579	-1.27428e-12
0.58	-1.25507e-12
0.581	-1.22738e-12
0.582	-1.19141e-12
0.583	-1.14738e-12
0.584	-1.09559e-12
0.585	-1.03636e-12
0.586	-9.70106e-13
0.587	-8.97224e-13
0.588	-8.18231e-13
0.589	-7.3365e-13
0.59	-6.44032e-13
0.591	-5.4997e-13
0.592	-4.52123e-13
0.593	-3.51125e-13
0.594	-2.47656e-13
0.595	-1.42426e-13
0.596	-3.61354e-14
0.597	7.04764e-14
0.598	1.76714e-13
0.599	2.818e-13
0.6	3.85069e-13
0.601	4.85791e-13
0.602	5.83265e-13
0.603	6.76844e-13
0.604	7.65864e-13
0.605	8.49705e-13
0.606	9.27798e-13
0.607	9.99581e-13
0.608	1.06455e-12
0.609	1.12227e-12
0.61	1.1723e-12
0.611	1.21431e-12
0.612	1.24797e-12
0.613	1.27303e-12
0.614	1.28934e-12
0.615	1.29672e-12
0.616	1.29514e-12
0.617	1.28457e-12
0.618	1.26509e-12
0.619	1.2368e-12
0.62	1.19986e-12
0.621	1.15455e-12
0.622	1.10113e-12
0.623	1.03999e-12
0.624	9.71519e-13
0.625	8.96179e-13
0.626	8.1448e-13
0.627	7.2701e-13
0.628	6.34325e-13
0.629	5.37098e-13
0.63	4.35995e-13
0.631	3.31703e-13
0.632	2.24941e-13
0.633	1.16493e-13
0.634	7.07758e-15
0.635	-1.02501e-13
0.636	-2.11481e-13
0.637	-3.19082e-13
0.638	-4.24562e-13
0.639	-5.27146e-13
0.64	-6.26113e-13
0.641	-7.20731e-13
0.642	-8.10339e-13
0.643	-8.94284e-13
0.644	-9.71926e-13
0.645	-1.04271e-12
0.646	-1.10613e-12
0.647	-1.16168e-12
0.648	-1.20898e-12
0.649	-1.24762e-12
0.65	-1.27735e-12
0.651	-1.2979e-12
0.652	-1.30911e-12
0.653	-1.31088e-12
0.654	-1.30314e-12
0.655	-1.28596e-12
0.656	-1.25941e-12
0.657	-1.22368e-12
0.658	-1.17899e-12
0.659	-1.12565e-12
0.66	-1.06401e-12
0.661	-9.94505e-13
0.662	-9.17618e-13
0.663	-8.33885e-13
0.664	-7.43922e-13
0.665	-6.48349e-13
0.666	-5.47868e-13
0.667	-4.43201e-13
0.668	-3.3509e-13
0.669	-2.24333e-13
0.67	-1.11742e-13
0.671	1.82655e-15
0.672	1.15574e-13
0.673	2.28637e-13
0.674	3.40178e-13
0.675	4.49351e-13
0.676	5.55344e-13
0.677	6.57346e-13
0.678	7.5458e-13
0.679	8.46303e-13
0.68	9.31803e-13
0.681	1.01042e-12
0.682	1.08154e-12
0.683	1.14462e-12
0.684	1.1991e-12
0.685	1.24459e-12
0.686	1.28068e-12
0.687	1.30708e-12
0.688	1.32357e-12
0.689	1.32996e-12
0.69	1.32619e-12
0.691	1.31224e-12
0.692	1.28818e-12
0.693	1.25415e-12
0.694	1.21039e-12
0.695	1.15723e-12
0.696	1.09499e-12
0.697	1.02416e-12
0.698	9.4522e-13
0.699	8.58818e-13
0.7	7.65519e-13
0.701	6.66092e-13
0.702	5.61262e-13
0.703	4.51839e-13
0.704	3.38659e-13
0.705	2.22601e-13
0.706	1.04555e-13
0.707	-1.45188e-14
0.708	-1.33684e-13
0.709	-2.52016e-13
0.71	-3.68548e-13
0.711	-4.82348e-13
0.712	-5.92482e-13
0.713	-6.98075e-13
0.714	-7.98204e-13
0.715	-8.92055e-13
0.716	-9.78825e-13
0.717	-1.05779e-12
0.718	-1.12822e-12
0.719	-1.18953e-12
0.72	-1.24111e-12
0.721	-1.28249e-12
0.722	-1.31323e-12
0.723	-1.33299e-12
0.724	-1.34151e-12
0.725	-1.3386e-12
0.726	-1.32413e-12
0.727	-1.29811e-12
0.728	-1.26055e-12
0.729	-1.21159e-12
0.73	-1.15143e-12
0.731	-1.08032e-12
0.732	-9.98601e-13
0.733	-9.06628e-13
0.734	-8.04845e-13
0.735	-6.9368e-13
0.736	-5.73625e-13
0.737	-4.45157e-13
0.738	-3.08767e-13
0.739	-1.64844e-13
0.74	-1.38518e-14
0.741	1.43936e-13
0.742	3.08204e-13
0.743	4.78916e-13
0.744	6.56058e-13
0.745	8.39886e-13
0.746	1.03084e-12
0.747	1.22961e-12
0.748	1.43725e-12
0.749	1.65517e-12
0.75	1.88522e-12
0.751	2.1297e-12
0.752	2.39159e-12
0.753	2.67442e-12
0.754	2.98255e-12
0.755	3.32122e-12
0.756	3.69661e-12
0.757	4.11612e-12
0.758	4.58839e-12
0.759	5.12362e-12
0.76	5.73364e-12
0.761	6.43223e-12
0.762	7.23547e-12
0.763	8.16185e-12
0.764	9.23282e-12
0.765	1.04731e-11
0.766	1.1911e-11
0.767	1.35795e-11
0.768	1.5516e-11
0.769	1.77637e-11
0.77	2.03721e-11
0.771	2.3398e-11
0.772	2.69062e-11
0.773	3.09713e-11
0.774	3.56783e-11
0.775	4.11244e-11
0.776	4.74209e-11
0.777	5.46948e-11
0.778	6.30912e-11
0.779	7.27757e-11
0.78	8.39373e-11
0.781	9.67916e-11
0.782	1.11584e-10
0.783	1.28596e-10
0.784	1.48145e-10
0.785	1.70596e-10
0.786	1.96362e-10
0.787	2.25915e-10
0.788	2.59791e-10
0.789	2.98598e-10
0.79	3.4303e-10
0.791	3.93874e-10
0.792	4.52025e-10
0.793	5.18497e-10
0.794	5.94443e-10
0.795	6.8117e-10
0.796	7.8016e-10
0.797	8.93095e-10
0.798	1.02188e-09
0.799	1.16866e-09
0.8	1.3359e-09
0.801	1.52634e-09
0.802	1.74312e-09
0.803	1.98977e-09
0.804	2.27028e-09
0.805	2.58918e-09
0.806	2.95156e-09
0.807	3.36317e-09
0.808	3.83052e-09
0.809	4.36093e-09
0.81	4.96267e-09
0.811	5.64505e-09
0.812	6.41857e-09
0.813	7.29506e-09
0.814	8.28782e-09
0.815	9.41184e-09
0.816	1.0684e-08
0.817	1.21232e-08
0.818	1.37508e-08
0.819	1.55907e-08
0.82	1.76699e-08
0.821	2.00186e-08
0.822	2.26706e-08
0.823	2.5664e-08
0.824	2.90417e-08
0.825	3.28513e-08
0.826	3.71466e-08
0.827	4.19877e-08
0.828	4.74421e-08
0.829	5.35851e-08
0.83	6.05012e-08
0.831	6.82849e-08
0.832	7.70418e-08
0.833	8.68903e-08
0.834	9.79625e-08
0.835	1.10406e-07
0.836	1.24386e-07
0.837	1.40086e-07
0.838	1.57713e-07
0.839	1.77495e-07
0.84	1.99689e-07
0.841	2.24581e-07
0.842	2.52489e-07
0.843	2.83768e-07
0.844	3.18813e-07
0.845	3.58065e-07
0.846	4.02015e-07
0.847	4.51209e-07
0.848	5.06254e-07
0.849	5.67827e-07
0.85	6.36679e-07
0.851	7.13647e-07
0.852	7.9966e-07
0.853	8.95751e-07
0.854	1.00307e-06
0.855	1.12288e-06
0.856	1.25661e-06
0.857	1.40581e-06
0.858	1.57225e-06
0.859	1.75783e-06
0.86	1.96472e-06
0.861	2.19527e-06
0.862	2.45212e-06
0.863	2.7382e-06
0.864	3.05672e-06
0.865	3.41126e-06
0.866	3.80578e-06
0.867	4.24466e-06
0.868	4.73274e-06
0.869	5.27539e-06
0.87	5.87853e-06
0.871	6.54872e-06
0.872	7.29319e-06
0.873	8.11995e-06
0.874	9.03783e-06
0.875	1.00566e-05
0.876	1.1187e-05
0.877	1.2441e-05
0.878	1.38316e-05
0.879	1.53733e-05
0.88	1.70822e-05
0.881	1.89757e-05
0.882	2.10734e-05
0.883	2.33965e-05
0.884	2.59686e-05
0.885	2.88157e-05
0.886	3.19663e-05
0.887	3.54518e-05
0.888	3.93069e-05
0.889	4.35696e-05
0.89	4.82819e-05
0.891	5.34897e-05
0.892	5.92437e-05
0.893	6.55997e-05
0.894	7.26187e-05
0.895	8.03681e-05
0.896	8.89216e-05
0.897	9.83604e-05
0.898	0.000108773
0.899	0.000120258
0.9	0.000132923
0.901	0.000146884
0.902	0.000162271
0.903	0.000179226
0.904	0.000197904
0.905	0.000218474
0.906	0.000241124
0.907	0.000266058
0.908	0.000293499
0.909	0.000323692
0.91	0.000356906
0.911	0.000393435
0.912	0.000433599
0.913	0.000477751
0.914	0.000526276
0.915	0.000579594
0.916	0.000638165
0.917	0.000702493
0.918	0.000773127
0.919	0.000850669
0.92	0.000935775
0.921	0.00102916
0.922	0.00113161
0.923	0.00124398
0.924	0.00136721
0.925	0.0015023
0.926	0.00165038
0.927	0.00181265
0.928	0.00199045
0.929	0.0021852
0.93	0.00239849
0.931	0.00263203
0.932	0.00288768
0.933	0.00316749
0.934	0.00347367
0.935	0.00380864
0.936	0.00417503
0.937	0.0045757
0.938	0.00501377
0.939	0.00549263
0.94	0.00601599
0.941	0.00658785
0.942	0.00721258
0.943	0.00789494
0.944	0.0086401
0.945	0.00945367
0.946	0.0103418
0.947	0.011311
0.948	0.0123686
0.949	0.0135224
0.95	0.0147809
0.951	0.0161533
0.952	0.0176497
0.953	0.0192809
0.954	0.0210588
0.955	0.0229962
0.956	0.0251069
0.957	0.0274061
0.958	0.0299102
0.959	0.0326368
0.96	0.0356052
0.961	0.0388362
0.962	0.0423525
0.963	0.0461785
0.964	0.0503407
0.965	0.0548678
0.966	0.0597911
0.967	0.0651441
0.968	0.0709633
0.969	0.0772883
0.97	0.0841616
0.971	0.0916297
0.972	0.0997424
0.973	0.108554
0.974	0.118123
0.975	0.128512
0.976	0.139791
0.977	0.152032
0.978	0.165316
0.979	0.17973
0.98	0.195366
0.981	0.212326
0.982	0.230718
0.983	0.25066
0.984	0.272279
0.985	0.295712
0.986	0.321108
0.987	0.348625
0.988	0.378436
0.989	0.410728
0.99	0.4457
0.991	0.48357
0.992	0.524571
0.993	0.568953
0.994	0.61699
0.995	0.668972
0.996	0.725215
0.997	0.786059
0.998	0.85187
0.999	0.923042
