# Interpolation data for function: (2*x-1)^40
0	1
0.001	0.923042
0.002	0.85187
0.003	0.786059
0.004	0.725215
0.005	0.668972
0.006	0.61699
0.007	0.568953
0.008	0.524571
0.009	0.48357
0.01	0.4457
0.011	0.410728
0.012	0.378436
0.013	0.348625
0.014	0.321108
0.015	0.295712
0.016	0.272279
0.017	0.25066
0.018	0.230718
0.019	0.212326
0.02	0.195366
0.021	0.17973
0.022	0.165316
0.023	0.152032
0.024	0.139791
0.025	0.128512
0.026	0.118123
0.027	0.108554
0.028	0.0997424
0.029	0.0916297
0.03	0.0841616
0.031	0.0772883
0.032	0.0709633
0.033	0.0651441
0.034	0.0597911
0.035	0.0548678
0.036	0.0503407
0.037	0.0461785
0.038	0.0423525
0.039	0.0388362
0.04	0.0356052
0.041	0.0326368
0.042	0.0299102
0.043	0.0274061
0.044	0.0251069
0.045	0.0229962
0.046	0.0210588
0.047	0.0192809
0.048	0.0176497
0.049	0.0161533
0.05	0.0147809
0.051	0.0135224
0.052	0.0123686
0.053	0.011311
0.054	0.0103418
0.055	0.00945367
0.056	0.0086401
0.057	0.00789494
0.058	0.00721258
0.059	0.00658785
0.06	0.00601599
0.061	0.00549263
0.062	0.00501377
0.063	0.0045757
0.064	0.00417503
0.065	0.00380864
0.066	0.00347367
0.067	0.00316749
0.068	0.00288768
0.069	0.00263203
0.07	0.00239849
0.071	0.0021852
0.072	0.00199045
0.073	0.00181265
0.074	0.00165038
0.075	0.0015023
0.076	0.00136721
0.077	0.00124398
0.078	0.00113161
0.079	0.00102916
0.08	0.000935775
0.081	0.000850669
0.082	0.000773127
0.083	0.000702493
0.084	0.000638165
0.085	0.000579594
0.086	0.000526276
0.087	0.000477751
0.088	0.000433599
0.089	0.000393435
0.09	0.000356906
0.091	0.000323692
0.092	0.000293499
0.093	0.000266058
0.094	0.000241124
0.095	0.000218475
0.096	0.000197904
0.097	0.000179226
0.098	0.000162271
0.099	0.000146884
0.1	0.000132923
0.101	0.000120258
0.102	0.000108773
0.103	9.83604e-05
0.104	8.89216e-05
0.105	8.03681e-05
0.106	7.26187e-05
0.107	6.55997e-05
0.108	5.92437e-05
0.109	5.34897e-05
0.11	4.82819e-05
0.111	4.35696e-05
0.112	3.93069e-05
0.113	3.54518e-05
0.114	3.19663e-05
0.115	2.88157e-05
0.116	2.59686e-05
0.117	2.33965e-05
0.118	2.10734e-05
0.119	1.89757e-05
0.12	1.70822e-05
0.121	1.53733e-05
0.122	1.38316e-05
0.123	1.2441e-05
0.124	1.1187e-05
0.125	1.00566e-05
0.126	9.03782e-06
0.127	8.11995e-06
0.128	7.29319e-06
0.129	6.54872e-06
0.13	5.87853e-06
0.131	5.27539e-06
0.132	4.73274e-06
0.133	4.24465e-06
0.134	3.80578e-06
0.135	3.41126e-06
0.136	3.05672e-06
0.137	2.7382e-06
0.138	2.45213e-06
0.139	2.19527e-06
0.14	1.96472e-06
0.141	1.75783e-06
0.142	1.57225e-06
0.143	1.40582e-06
0.144	1.25661e-06
0.145	1.12288e-06
0.146	1.00307e-06
0.147	8.95753e-07
0.148	7.99662e-07
0.149	7.13649e-07
0.15	6.36681e-07
0.151	5.67828e-07
0.152	5.06255e-07
0.153	4.5121e-07
0.154	4.02016e-07
0.155	3.58066e-07
0.156	3.18814e-07
0.157	2.83769e-07
0.158	2.5249e-07
0.159	2.24582e-07
0.16	1.9969e-07
0.161	1.77496e-07
0.162	1.57713e-07
0.163	1.40086e-07
0.164	1.24386e-07
0.165	1.10406e-07
0.166	9.79622e-08
0.167	8.68899e-08
0.168	7.70412e-08
0.169	6.82841e-08
0.17	6.05003e-08
0.171	5.35841e-08
0.172	4.7441e-08
0.173	4.19865e-08
0.174	3.71453e-08
0.175	3.28499e-08
0.176	2.90402e-08
0.177	2.56626e-08
0.178	2.26691e-08
0.179	2.00171e-08
0.18	1.76685e-08
0.181	1.55893e-08
0.182	1.37494e-08
0.183	1.21219e-08
0.184	1.06827e-08
0.185	9.4107e-09
0.186	8.28677e-09
0.187	7.29412e-09
0.188	6.41776e-09
0.189	5.64436e-09
0.19	4.96212e-09
0.191	4.36052e-09
0.192	3.83026e-09
0.193	3.36306e-09
0.194	2.95159e-09
0.195	2.58937e-09
0.196	2.27061e-09
0.197	1.99024e-09
0.198	1.74372e-09
0.199	1.52707e-09
0.2	1.33675e-09
0.201	1.16963e-09
0.202	1.02294e-09
0.203	8.94252e-10
0.204	7.81395e-10
0.205	6.8247e-10
0.206	5.95795e-10
0.207	5.19887e-10
0.208	4.53439e-10
0.209	3.95299e-10
0.21	3.4445e-10
0.211	3e-10
0.212	2.61161e-10
0.213	2.2724e-10
0.214	1.97629e-10
0.215	1.71793e-10
0.216	1.49261e-10
0.217	1.29619e-10
0.218	1.12506e-10
0.219	9.76033e-11
0.22	8.46316e-11
0.221	7.33463e-11
0.222	6.35331e-11
0.223	5.50041e-11
0.224	4.75952e-11
0.225	4.11626e-11
0.226	3.55803e-11
0.227	3.07386e-11
0.228	2.65413e-11
0.229	2.29046e-11
0.23	1.97553e-11
0.231	1.70296e-11
0.232	1.46717e-11
0.233	1.26331e-11
0.234	1.08715e-11
0.235	9.35024e-12
0.236	8.03713e-12
0.237	6.90439e-12
0.238	5.92779e-12
0.239	5.08629e-12
0.24	4.36167e-12
0.241	3.738e-12
0.242	3.20161e-12
0.243	2.74052e-12
0.244	2.34444e-12
0.245	2.00438e-12
0.246	1.71267e-12
0.247	1.46253e-12
0.248	1.24822e-12
0.249	1.06471e-12
0.25	9.07723e-13
0.251	7.73467e-13
0.252	6.5876e-13
0.253	5.60822e-13
0.254	4.77263e-13
0.255	4.06023e-13
0.256	3.4533e-13
0.257	2.93649e-13
0.258	2.49663e-13
0.259	2.12306e-13
0.26	1.80543e-13
0.261	1.53571e-13
0.262	1.30665e-13
0.263	1.11249e-13
0.264	9.47762e-14
0.265	8.07983e-14
0.266	6.89444e-14
0.267	5.88958e-14
0.268	5.03555e-14
0.269	4.30811e-14
0.27	3.6907e-14
0.271	3.16676e-14
0.272	2.7164e-14
0.273	2.33e-14
0.274	1.99686e-14
0.275	1.71162e-14
0.276	1.46078e-14
0.277	1.2436e-14
0.278	1.05454e-14
0.279	8.87405e-15
0.28	7.38816e-15
0.281	6.049e-15
0.282	4.8394e-15
0.283	3.77552e-15
0.284	2.79403e-15
0.285	1.90897e-15
0.286	1.08834e-15
0.287	3.57662e-16
0.288	-3.24903e-16
0.289	-9.27225e-16
0.29	-1.48267e-15
0.291	-1.99151e-15
0.292	-2.44368e-15
0.293	-2.81721e-15
0.294	-3.18031e-15
0.295	-3.46512e-15
0.296	-3.71012e-15
0.297	-3.89488e-15
0.298	-4.03353e-15
0.299	-4.11175e-15
0.3	-4.16381e-15
0.301	-4.16653e-15
0.302	-4.12278e-15
0.303	-4.02509e-15
0.304	-3.89358e-15
0.305	-3.70915e-15
0.306	-3.49766e-15
0.307	-3.25353e-15
0.308	-2.97122e-15
0.309	-2.66439e-15
0.31	-2.34057e-15
0.311	-1.99478e-15
0.312	-1.59731e-15
0.313	-1.22538e-15
0.314	-8.20789e-16
0.315	-4.15169e-16
0.316	-7.19647e-18
0.317	4.04475e-16
0.318	7.99139e-16
0.319	1.19262e-15
0.32	1.57208e-15
0.321	1.94118e-15
0.322	2.28285e-15
0.323	2.60951e-15
0.324	2.90242e-15
0.325	3.17174e-15
0.326	3.40783e-15
0.327	3.60851e-15
0.328	3.77734e-15
0.329	3.91925e-15
0.33	4.01682e-15
0.331	4.07009e-15
0.332	4.07521e-15
0.333	4.08476e-15
0.334	4.03091e-15
0.335	3.94622e-15
0.336	3.81941e-15
0.337	3.64284e-15
0.338	3.45627e-15
0.339	3.23838e-15
0.34	2.98491e-15
0.341	2.70929e-15
0.342	2.40504e-15
0.343	2.08232e-15
0.344	1.72549e-15
0.345	1.37651e-15
0.346	1.01175e-15
0.347	6.36834e-16
0.348	2.58834e-16
0.349	-1.22432e-16
0.35	-4.99171e-16
0.351	-8.68815e-16
0.352	-1.23187e-15
0.353	-1.58543e-15
0.354	-1.91165e-15
0.355	-2.24734e-15
0.356	-2.53014e-15
0.357	-2.80311e-15
0.358	-3.04211e-15
0.359	-3.26703e-15
0.36	-3.43954e-15
0.361	-3.60576e-15
0.362	-3.73001e-15
0.363	-3.81774e-15
0.364	-3.87268e-15
0.365	-3.90283e-15
0.366	-3.8861e-15
0.367	-3.83559e-15
0.368	-3.75864e-15
0.369	-3.62648e-15
0.37	-3.48851e-15
0.371	-3.30617e-15
0.372	-3.10321e-15
0.373	-2.86377e-15
0.374	-2.61834e-15
0.375	-2.33378e-15
0.376	-2.03358e-15
0.377	-1.71786e-15
0.378	-1.37478e-15
0.379	-1.0367e-15
0.38	-6.93158e-16
0.381	-3.30983e-16
0.382	2.29305e-17
0.383	3.76625e-16
0.384	7.41017e-16
0.385	1.09298e-15
0.386	1.42634e-15
0.387	1.75289e-15
0.388	2.04595e-15
0.389	2.33159e-15
0.39	2.6067e-15
0.391	2.85369e-15
0.392	3.06324e-15
0.393	3.25353e-15
0.394	3.42557e-15
0.395	3.55114e-15
0.396	3.65629e-15
0.397	3.72518e-15
0.398	3.78114e-15
0.399	3.78742e-15
0.4	3.76866e-15
0.401	3.70414e-15
0.402	3.61265e-15
0.403	3.50458e-15
0.404	3.35406e-15
0.405	3.17325e-15
0.406	2.96475e-15
0.407	2.73727e-15
0.408	2.49407e-15
0.409	2.23471e-15
0.41	1.92994e-15
0.411	1.62467e-15
0.412	1.31867e-15
0.413	9.95828e-16
0.414	6.55365e-16
0.415	3.17741e-16
0.416	-3.41421e-17
0.417	-3.57951e-16
0.418	-6.95752e-16
0.419	-1.02555e-15
0.42	-1.33993e-15
0.421	-1.64787e-15
0.422	-1.93918e-15
0.423	-2.21354e-15
0.424	-2.48192e-15
0.425	-2.71298e-15
0.426	-2.91656e-15
0.427	-3.11209e-15
0.428	-3.2621e-15
0.429	-3.39433e-15
0.43	-3.48715e-15
0.431	-3.55701e-15
0.432	-3.60795e-15
0.433	-3.611e-15
0.434	-3.58882e-15
0.435	-3.54209e-15
0.436	-3.45899e-15
0.437	-3.3441e-15
0.438	-3.20734e-15
0.439	-3.04526e-15
0.44	-2.84985e-15
0.441	-2.64238e-15
0.442	-2.4091e-15
0.443	-2.14525e-15
0.444	-1.87182e-15
0.445	-1.57978e-15
0.446	-1.29057e-15
0.447	-9.77305e-16
0.448	-6.47893e-16
0.449	-3.22747e-16
0.45	6.84866e-19
0.451	3.27882e-16
0.452	6.58547e-16
0.453	9.85457e-16
0.454	1.28941e-15
0.455	1.59446e-15
0.456	1.87504e-15
0.457	2.14587e-15
0.458	2.40366e-15
0.459	2.63455e-15
0.46	2.84994e-15
0.461	3.02742e-15
0.462	3.19937e-15
0.463	3.31602e-15
0.464	3.44416e-15
0.465	3.51622e-15
0.466	3.56275e-15
0.467	3.60846e-15
0.468	3.5832e-15
0.469	3.54955e-15
0.47	3.48476e-15
0.471	3.38549e-15
0.472	3.26635e-15
0.473	3.12859e-15
0.474	2.94656e-15
0.475	2.74446e-15
0.476	2.51877e-15
0.477	2.28612e-15
0.478	2.01799e-15
0.479	1.75029e-15
0.48	1.44525e-15
0.481	1.14609e-15
0.482	8.48036e-16
0.483	5.37759e-16
0.484	2.21713e-16
0.485	-1.00038e-16
0.486	-4.18403e-16
0.487	-7.34464e-16
0.488	-1.03115e-15
0.489	-1.34216e-15
0.49	-1.64304e-15
0.491	-1.88393e-15
0.492	-2.17644e-15
0.493	-2.40763e-15
0.494	-2.61719e-15
0.495	-2.8256e-15
0.496	-2.96477e-15
0.497	-3.12172e-15
0.498	-3.28008e-15
0.499	-3.34174e-15
0.5	-3.42174e-15
0.501	-3.45161e-15
0.502	-3.46599e-15
0.503	-3.43851e-15
0.504	-3.39523e-15
0.505	-3.30716e-15
0.506	-3.19374e-15
0.507	-3.0743e-15
0.508	-2.93372e-15
0.509	-2.75899e-15
0.51	-2.53286e-15
0.511	-2.29694e-15
0.512	-2.07215e-15
0.513	-1.79089e-15
0.514	-1.5155e-15
0.515	-1.22543e-15
0.516	-9.27079e-16
0.517	-6.37423e-16
0.518	-3.13703e-16
0.519	6.53193e-18
0.52	3.10786e-16
0.521	6.37521e-16
0.522	9.45299e-16
0.523	1.24708e-15
0.524	1.54149e-15
0.525	1.8091e-15
0.526	2.08235e-15
0.527	2.32562e-15
0.528	2.54824e-15
0.529	2.74046e-15
0.53	2.93999e-15
0.531	3.09904e-15
0.532	3.24335e-15
0.533	3.34165e-15
0.534	3.41115e-15
0.535	3.46827e-15
0.536	3.50565e-15
0.537	3.47514e-15
0.538	3.44914e-15
0.539	3.37891e-15
0.54	3.29406e-15
0.541	3.17618e-15
0.542	3.03856e-15
0.543	2.86079e-15
0.544	2.66576e-15
0.545	2.4646e-15
0.546	2.22254e-15
0.547	1.97505e-15
0.548	1.70364e-15
0.549	1.42092e-15
0.55	1.10074e-15
0.551	8.07774e-16
0.552	5.01037e-16
0.553	1.87384e-16
0.554	-1.24569e-16
0.555	-4.43656e-16
0.556	-7.6942e-16
0.557	-1.07499e-15
0.558	-1.35656e-15
0.559	-1.65778e-15
0.56	-1.91694e-15
0.561	-2.17971e-15
0.562	-2.40535e-15
0.563	-2.62922e-15
0.564	-2.81917e-15
0.565	-2.98558e-15
0.566	-3.14378e-15
0.567	-3.24148e-15
0.568	-3.34131e-15
0.569	-3.41382e-15
0.57	-3.44517e-15
0.571	-3.44091e-15
0.572	-3.40169e-15
0.573	-3.35675e-15
0.574	-3.27874e-15
0.575	-3.17203e-15
0.576	-3.03301e-15
0.577	-2.87793e-15
0.578	-2.69014e-15
0.579	-2.46471e-15
0.58	-2.24483e-15
0.581	-1.99184e-15
0.582	-1.71492e-15
0.583	-1.43034e-15
0.584	-1.13084e-15
0.585	-8.22405e-16
0.586	-5.21967e-16
0.587	-1.9204e-16
0.588	1.28318e-16
0.589	4.40434e-16
0.59	7.52727e-16
0.591	1.07116e-15
0.592	1.36253e-15
0.593	1.65026e-15
0.594	1.93035e-15
0.595	2.19053e-15
0.596	2.43964e-15
0.597	2.65852e-15
0.598	2.87464e-15
0.599	3.03338e-15
0.6	3.18638e-15
0.601	3.31025e-15
0.602	3.39413e-15
0.603	3.46344e-15
0.604	3.49924e-15
0.605	3.49956e-15
0.606	3.47942e-15
0.607	3.4222e-15
0.608	3.32716e-15
0.609	3.22437e-15
0.61	3.08018e-15
0.611	2.91424e-15
0.612	2.71951e-15
0.613	2.48813e-15
0.614	2.26385e-15
0.615	1.99267e-15
0.616	1.7231e-15
0.617	1.42529e-15
0.618	1.12734e-15
0.619	8.21881e-16
0.62	4.91119e-16
0.621	1.67587e-16
0.622	-1.71366e-16
0.623	-4.87532e-16
0.624	-8.12902e-16
0.625	-1.13253e-15
0.626	-1.44989e-15
0.627	-1.73225e-15
0.628	-2.02107e-15
0.629	-2.27885e-15
0.63	-2.51001e-15
0.631	-2.72718e-15
0.632	-2.93606e-15
0.633	-3.09813e-15
0.634	-3.25281e-15
0.635	-3.36485e-15
0.636	-3.44692e-15
0.637	-3.48879e-15
0.638	-3.51305e-15
0.639	-3.50029e-15
0.64	-3.46247e-15
0.641	-3.38104e-15
0.642	-3.28069e-15
0.643	-3.15904e-15
0.644	-2.99044e-15
0.645	-2.78869e-15
0.646	-2.58216e-15
0.647	-2.33752e-15
0.648	-2.08456e-15
0.649	-1.79163e-15
0.65	-1.5043e-15
0.651	-1.19154e-15
0.652	-8.70385e-16
0.653	-5.45651e-16
0.654	-1.95291e-16
0.655	1.43085e-16
0.656	4.81544e-16
0.657	8.11809e-16
0.658	1.14075e-15
0.659	1.45108e-15
0.66	1.75732e-15
0.661	2.049e-15
0.662	2.32065e-15
0.663	2.57918e-15
0.664	2.79957e-15
0.665	3.00209e-15
0.666	3.16871e-15
0.667	3.30232e-15
0.668	3.41761e-15
0.669	3.50557e-15
0.67	3.56282e-15
0.671	3.562e-15
0.672	3.54435e-15
0.673	3.4902e-15
0.674	3.40761e-15
0.675	3.2879e-15
0.676	3.14231e-15
0.677	2.96362e-15
0.678	2.75547e-15
0.679	2.52097e-15
0.68	2.25702e-15
0.681	1.96981e-15
0.682	1.66622e-15
0.683	1.36889e-15
0.684	1.02217e-15
0.685	6.86788e-16
0.686	3.25132e-16
0.687	-3.66684e-17
0.688	-3.87997e-16
0.689	-7.42513e-16
0.69	-1.08415e-15
0.691	-1.41408e-15
0.692	-1.73942e-15
0.693	-2.04955e-15
0.694	-2.34249e-15
0.695	-2.58622e-15
0.696	-2.82834e-15
0.697	-3.02752e-15
0.698	-3.21439e-15
0.699	-3.32944e-15
0.7	-3.44831e-15
0.701	-3.50215e-15
0.702	-3.51961e-15
0.703	-3.48979e-15
0.704	-3.41777e-15
0.705	-3.30114e-15
0.706	-3.15398e-15
0.707	-2.93954e-15
0.708	-2.66307e-15
0.709	-2.34452e-15
0.71	-1.965e-15
0.711	-1.52942e-15
0.712	-1.02615e-15
0.713	-4.80689e-16
0.714	1.60266e-16
0.715	8.80654e-16
0.716	1.69449e-15
0.717	2.59191e-15
0.718	3.61404e-15
0.719	4.75097e-15
0.72	6.04943e-15
0.721	7.50407e-15
0.722	9.17747e-15
0.723	1.10837e-14
0.724	1.32657e-14
0.725	1.57722e-14
0.726	1.86846e-14
0.727	2.20405e-14
0.728	2.59675e-14
0.729	3.05397e-14
0.73	3.58861e-14
0.731	4.21715e-14
0.732	4.95263e-14
0.733	5.81874e-14
0.734	6.83611e-14
0.735	8.0349e-14
0.736	9.44568e-14
0.737	1.1107e-13
0.738	1.30612e-13
0.739	1.53662e-13
0.74	1.80764e-13
0.741	2.12685e-13
0.742	2.50174e-13
0.743	2.94278e-13
0.744	3.46069e-13
0.745	4.06891e-13
0.746	4.78255e-13
0.747	5.61911e-13
0.748	6.59936e-13
0.749	7.74707e-13
0.75	9.09024e-13
0.751	1.06607e-12
0.752	1.24962e-12
0.753	1.46394e-12
0.754	1.71407e-12
0.755	2.00581e-12
0.756	2.34581e-12
0.757	2.74187e-12
0.758	3.20288e-12
0.759	3.73922e-12
0.76	4.36279e-12
0.761	5.08732e-12
0.762	5.9287e-12
0.763	6.90519e-12
0.764	8.03782e-12
0.765	9.35079e-12
0.766	1.0872e-11
0.767	1.26334e-11
0.768	1.46718e-11
0.769	1.70296e-11
0.77	1.97552e-11
0.771	2.29043e-11
0.772	2.65408e-11
0.773	3.07379e-11
0.774	3.55795e-11
0.775	4.11616e-11
0.776	4.75942e-11
0.777	5.5003e-11
0.778	6.35318e-11
0.779	7.33449e-11
0.78	8.46302e-11
0.781	9.76019e-11
0.782	1.12505e-10
0.783	1.29618e-10
0.784	1.49259e-10
0.785	1.71791e-10
0.786	1.97628e-10
0.787	2.27239e-10
0.788	2.61159e-10
0.789	2.99999e-10
0.79	3.44449e-10
0.791	3.95297e-10
0.792	4.53438e-10
0.793	5.19886e-10
0.794	5.95794e-10
0.795	6.82469e-10
0.796	7.81395e-10
0.797	8.94251e-10
0.798	1.02294e-09
0.799	1.16963e-09
0.8	1.33675e-09
0.801	1.52707e-09
0.802	1.74373e-09
0.803	1.99024e-09
0.804	2.27061e-09
0.805	2.58937e-09
0.806	2.9516e-09
0.807	3.36306e-09
0.808	3.83026e-09
0.809	4.36053e-09
0.81	4.96212e-09
0.811	5.64437e-09
0.812	6.41776e-09
0.813	7.29412e-09
0.814	8.28678e-09
0.815	9.4107e-09
0.816	1.06827e-08
0.817	1.21219e-08
0.818	1.37494e-08
0.819	1.55893e-08
0.82	1.76685e-08
0.821	2.00171e-08
0.822	2.26691e-08
0.823	2.56626e-08
0.824	2.90402e-08
0.825	3.28499e-08
0.826	3.71453e-08
0.827	4.19865e-08
0.828	4.7441e-08
0.829	5.35841e-08
0.83	6.05003e-08
0.831	6.82841e-08
0.832	7.70412e-08
0.833	8.68899e-08
0.834	9.79622e-08
0.835	1.10406e-07
0.836	1.24386e-07
0.837	1.40086e-07
0.838	1.57713e-07
0.839	1.77496e-07
0.84	1.9969e-07
0.841	2.24582e-07
0.842	2.5249e-07
0.843	2.83769e-07
0.844	3.18814e-07
0.845	3.58066e-07
0.846	4.02016e-07
0.847	4.5121e-07
0.848	5.06255e-07
0.849	5.67828e-07
0.85	6.36681e-07
0.851	7.13649e-07
0.852	7.99662e-07
0.853	8.95753e-07
0.854	1.00307e-06
0.855	1.12288e-06
0.856	1.25661e-06
0.857	1.40582e-06
0.858	1.57225e-06
0.859	1.75783e-06
0.86	1.96472e-06
0.861	2.19527e-06
0.862	2.45213e-06
0.863	2.7382e-06
0.864	3.05672e-06
0.865	3.41126e-06
0.866	3.80578e-06
0.867	4.24465e-06
0.868	4.73274e-06
0.869	5.27539e-06
0.87	5.87853e-06
0.871	6.54872e-06
0.872	7.29319e-06
0.873	8.11995e-06
0.874	9.03782e-06
0.875	1.00566e-05
0.876	1.1187e-05
0.877	1.2441e-05
0.878	1.38316e-05
0.879	1.53733e-05
0.88	1.70822e-05
0.881	1.89757e-05
0.882	2.10734e-05
0.883	2.33965e-05
0.884	2.59686e-05
0.885	2.88157e-05
0.886	3.19663e-05
0.887	3.54518e-05
0.888	3.93069e-05
0.889	4.35696e-05
0.89	4.82819e-05
0.891	5.34897e-05
0.892	5.92437e-05
0.893	6.55997e-05
0.894	7.26187e-05
0.895	8.03681e-05
0.896	8.89216e-05
0.897	9.83604e-05
0.898	0.000108773
0.899	0.000120258
0.9	0.000132923
0.901	0.000146884
0.902	0.000162271
0.903	0.000179226
0.904	0.000197904
0.905	0.000218475
0.906	0.000241124
0.907	0.000266058
0.908	0.000293499
0.909	0.000323692
0.91	0.000356906
0.911	0.000393435
0.912	0.000433599
0.913	0.000477751
0.914	0.000526276
0.915	0.000579594
0.916	0.000638165
0.917	0.000702493
0.918	0.000773127
0.919	0.000850669
0.92	0.000935775
0.921	0.00102916
0.922	0.00113161
0.923	0.00124398
0.924	0.00136721
0.925	0.0015023
0.926	0.00165038
0.927	0.00181265
0.928	0.00199045
0.929	0.0021852
0.93	0.00239849
0.931	0.00263203
0.932	0.00288768
0.933	0.00316749
0.934	0.00347367
0.935	0.00380864
0.936	0.00417503
0.937	0.0045757
0.938	0.00501377
0.939	0.00549263
0.94	0.00601599
0.941	0.00658785
0.942	0.00721258
0.943	0.00789494
0.944	0.0086401
0.945	0.00945367
0.946	0.0103418
0.947	0.011311
0.948	0.0123686
0.949	0.0135224
0.95	0.0147809
0.951	0.0161533
0.952	0.0176497
0.953	0.0192809
0.954	0.0210588
0.955	0.0229962
0.956	0.0251069
0.957	0.0274061
0.958	0.0299102
0.959	0.0326368
0.96	0.0356052
0.961	0.0388362
0.962	0.0423525
0.963	0.0461785
0.964	0.0503407
0.965	0.0548678
0.966	0.0597911
0.967	0.0651441
0.968	0.0709633
0.969	0.0772883
0.97	0.0841616
0.971	0.0916297
0.972	0.0997424
0.973	0.108554
0.974	0.118123
0.975	0.128512
0.976	0.139791
0.977	0.152032
0.978	0.165316
0.979	0.17973
0.98	0.195366
0.981	0.212326
0.982	0.230718
0.983	0.25066
0.984	0.272279
0.985	0.295712
0.986	0.321108
0.987	0.348625
0.988	0.378436
0.989	0.410728
0.99	0.4457
0.991	0.48357
0.992	0.524571
0.993	0.568953
0.994	0.61699
0.995	0.668972
0.996	0.725215
0.997	0.786059
0.998	0.85187
0.999	0.923042
