# Interpolation data for function: (2*x-1)^40
0	1
0.001	0.923042
0.002	0.85187
0.003	0.786059
0.004	0.725215
0.005	0.668972
0.006	0.61699
0.007	0.568953
0.008	0.524571
0.009	0.48357
0.01	0.4457
0.011	0.410728
0.012	0.378436
0.013	0.348625
0.014	0.321108
0.015	0.295712
0.016	0.272279
0.017	0.25066
0.018	0.230718
0.019	0.212326
0.02	0.195366
0.021	0.17973
0.022	0.165316
0.023	0.152032
0.024	0.139791
0.025	0.128512
0.026	0.118123
0.027	0.108554
0.028	0.0997424
0.029	0.0916297
0.03	0.0841616
0.031	0.0772883
0.032	0.0709633
0.033	0.0651441
0.034	0.0597911
0.035	0.0548678
0.036	0.0503407
0.037	0.0461784
0.038	0.0423525
0.039	0.0388362
0.04	0.0356052
0.041	0.0326368
0.042	0.0299102
0.043	0.0274061
0.044	0.0251069
0.045	0.0229962
0.046	0.0210588
0.047	0.0192809
0.048	0.0176497
0.049	0.0161533
0.05	0.0147809
0.051	0.0135224
0.052	0.0123686
0.053	0.011311
0.054	0.0103418
0.055	0.00945368
0.056	0.00864012
0.057	0.00789496
0.058	0.0072126
0.059	0.00658786
0.06	0.006016
0.061	0.00549265
0.062	0.00501378
0.063	0.00457571
0.064	0.00417503
0.065	0.00380865
0.066	0.00347367
0.067	0.00316749
0.068	0.00288768
0.069	0.00263202
0.07	0.00239848
0.071	0.00218519
0.072	0.00199043
0.073	0.00181264
0.074	0.00165036
0.075	0.00150229
0.076	0.00136719
0.077	0.00124397
0.078	0.0011316
0.079	0.00102914
0.08	0.000935758
0.081	0.000850653
0.082	0.000773112
0.083	0.000702479
0.084	0.000638153
0.085	0.000579583
0.086	0.000526266
0.087	0.000477744
0.088	0.000433593
0.089	0.000393431
0.09	0.000356904
0.091	0.000323692
0.092	0.000293501
0.093	0.000266062
0.094	0.00024113
0.095	0.000218482
0.096	0.000197913
0.097	0.000179237
0.098	0.000162283
0.099	0.000146897
0.1	0.000132937
0.101	0.000120273
0.102	0.000108789
0.103	9.8376e-05
0.104	8.89374e-05
0.105	8.03839e-05
0.106	7.26343e-05
0.107	6.56148e-05
0.108	5.92582e-05
0.109	5.35033e-05
0.11	4.82945e-05
0.111	4.35812e-05
0.112	3.93172e-05
0.113	3.54608e-05
0.114	3.19738e-05
0.115	2.88217e-05
0.116	2.5973e-05
0.117	2.33993e-05
0.118	2.10746e-05
0.119	1.89753e-05
0.12	1.70801e-05
0.121	1.53697e-05
0.122	1.38264e-05
0.123	1.24343e-05
0.124	1.1179e-05
0.125	1.00473e-05
0.126	9.02739e-06
0.127	8.10847e-06
0.128	7.2808e-06
0.129	6.53556e-06
0.13	5.86474e-06
0.131	5.26112e-06
0.132	4.71815e-06
0.133	4.22989e-06
0.134	3.79099e-06
0.135	3.3966e-06
0.136	3.04234e-06
0.137	2.72425e-06
0.138	2.43873e-06
0.139	2.18257e-06
0.14	1.95282e-06
0.141	1.74686e-06
0.142	1.5623e-06
0.143	1.39698e-06
0.144	1.24896e-06
0.145	1.11649e-06
0.146	9.97984e-07
0.147	8.92016e-07
0.148	7.973e-07
0.149	7.12675e-07
0.15	6.37095e-07
0.151	5.69618e-07
0.152	5.09396e-07
0.153	4.55663e-07
0.154	4.07733e-07
0.155	3.64987e-07
0.156	3.26869e-07
0.157	2.92879e-07
0.158	2.62566e-07
0.159	2.3553e-07
0.16	2.11407e-07
0.161	1.89873e-07
0.162	1.70639e-07
0.163	1.53445e-07
0.164	1.38059e-07
0.165	1.24273e-07
0.166	1.11904e-07
0.167	1.00785e-07
0.168	9.0773e-08
0.169	8.17366e-08
0.17	7.35616e-08
0.171	6.61468e-08
0.172	5.94028e-08
0.173	5.32513e-08
0.174	4.76236e-08
0.175	4.24596e-08
0.176	3.77071e-08
0.177	3.33209e-08
0.178	2.92619e-08
0.179	2.54965e-08
0.18	2.19962e-08
0.181	1.87366e-08
0.182	1.56972e-08
0.183	1.28607e-08
0.184	1.02129e-08
0.185	7.74196e-09
0.186	5.43821e-09
0.187	3.29385e-09
0.188	1.30258e-09
0.189	-5.406e-10
0.19	-2.23968e-09
0.191	-3.79782e-09
0.192	-5.21755e-09
0.193	-6.50096e-09
0.194	-7.64981e-09
0.195	-8.66573e-09
0.196	-9.55027e-09
0.197	-1.0305e-08
0.198	-1.09318e-08
0.199	-1.14324e-08
0.2	-1.18093e-08
0.201	-1.20649e-08
0.202	-1.22021e-08
0.203	-1.22243e-08
0.204	-1.21353e-08
0.205	-1.1939e-08
0.206	-1.16402e-08
0.207	-1.12438e-08
0.208	-1.07551e-08
0.209	-1.01801e-08
0.21	-9.52477e-09
0.211	-8.79568e-09
0.212	-7.9996e-09
0.213	-7.1436e-09
0.214	-6.23499e-09
0.215	-5.28124e-09
0.216	-4.28999e-09
0.217	-3.26898e-09
0.218	-2.226e-09
0.219	-1.16886e-09
0.22	-1.05322e-10
0.221	9.56929e-10
0.222	2.01034e-09
0.223	3.04753e-09
0.224	4.06133e-09
0.225	5.04484e-09
0.226	5.99146e-09
0.227	6.89491e-09
0.228	7.74929e-09
0.229	8.54911e-09
0.23	9.2893e-09
0.231	9.96525e-09
0.232	1.05728e-08
0.233	1.11084e-08
0.234	1.15689e-08
0.235	1.19518e-08
0.236	1.22549e-08
0.237	1.24768e-08
0.238	1.26165e-08
0.239	1.26737e-08
0.24	1.26485e-08
0.241	1.25415e-08
0.242	1.2354e-08
0.243	1.20876e-08
0.244	1.17446e-08
0.245	1.13275e-08
0.246	1.08396e-08
0.247	1.02842e-08
0.248	9.66551e-09
0.249	8.98763e-09
0.25	8.25524e-09
0.251	7.47326e-09
0.252	6.64691e-09
0.253	5.78161e-09
0.254	4.88297e-09
0.255	3.9568e-09
0.256	3.009e-09
0.257	2.04556e-09
0.258	1.07252e-09
0.259	9.59298e-11
0.26	-8.78198e-10
0.261	-1.8439e-09
0.262	-2.79533e-09
0.263	-3.72676e-09
0.264	-4.63264e-09
0.265	-5.50761e-09
0.266	-6.34654e-09
0.267	-7.14456e-09
0.268	-7.89709e-09
0.269	-8.59985e-09
0.27	-9.24889e-09
0.271	-9.84061e-09
0.272	-1.03718e-08
0.273	-1.08396e-08
0.274	-1.12415e-08
0.275	-1.15756e-08
0.276	-1.18401e-08
0.277	-1.2034e-08
0.278	-1.21563e-08
0.279	-1.22068e-08
0.28	-1.21854e-08
0.281	-1.20928e-08
0.282	-1.19297e-08
0.283	-1.16975e-08
0.284	-1.13979e-08
0.285	-1.10329e-08
0.286	-1.06049e-08
0.287	-1.01168e-08
0.288	-9.5715e-09
0.289	-8.97256e-09
0.29	-8.32361e-09
0.291	-7.62861e-09
0.292	-6.89173e-09
0.293	-6.11737e-09
0.294	-5.3101e-09
0.295	-4.47465e-09
0.296	-3.61589e-09
0.297	-2.73876e-09
0.298	-1.84831e-09
0.299	-9.49597e-10
0.3	-4.77184e-11
0.301	8.52255e-10
0.302	1.74529e-09
0.303	2.62644e-09
0.304	3.49082e-09
0.305	4.3337e-09
0.306	5.15049e-09
0.307	5.93677e-09
0.308	6.6883e-09
0.309	7.40108e-09
0.31	8.07134e-09
0.311	8.69556e-09
0.312	9.27049e-09
0.313	9.79318e-09
0.314	1.0261e-08
0.315	1.06715e-08
0.316	1.10228e-08
0.317	1.13132e-08
0.318	1.15413e-08
0.319	1.17061e-08
0.32	1.1807e-08
0.321	1.18436e-08
0.322	1.18161e-08
0.323	1.17247e-08
0.324	1.15703e-08
0.325	1.13539e-08
0.326	1.10769e-08
0.327	1.07409e-08
0.328	1.03481e-08
0.329	9.90061e-09
0.33	9.40113e-09
0.331	8.85247e-09
0.332	8.25773e-09
0.333	7.62021e-09
0.334	6.94345e-09
0.335	6.23116e-09
0.336	5.48723e-09
0.337	4.71568e-09
0.338	3.92069e-09
0.339	3.1065e-09
0.34	2.27745e-09
0.341	1.43795e-09
0.342	5.9243e-10
0.343	-2.54677e-10
0.344	-1.09894e-09
0.345	-1.93595e-09
0.346	-2.7614e-09
0.347	-3.571e-09
0.348	-4.36062e-09
0.349	-5.12621e-09
0.35	-5.86389e-09
0.351	-6.56992e-09
0.352	-7.24075e-09
0.353	-7.87303e-09
0.354	-8.46361e-09
0.355	-9.00957e-09
0.356	-9.50825e-09
0.357	-9.95721e-09
0.358	-1.03543e-08
0.359	-1.06976e-08
0.36	-1.09856e-08
0.361	-1.12169e-08
0.362	-1.13906e-08
0.363	-1.15058e-08
0.364	-1.15621e-08
0.365	-1.15595e-08
0.366	-1.1498e-08
0.367	-1.13783e-08
0.368	-1.1201e-08
0.369	-1.09671e-08
0.37	-1.06781e-08
0.371	-1.03354e-08
0.372	-9.94107e-09
0.373	-9.49709e-09
0.374	-9.00586e-09
0.375	-8.46997e-09
0.376	-7.89221e-09
0.377	-7.27559e-09
0.378	-6.62328e-09
0.379	-5.93863e-09
0.38	-5.22516e-09
0.381	-4.48647e-09
0.382	-3.72633e-09
0.383	-2.94856e-09
0.384	-2.15709e-09
0.385	-1.35586e-09
0.386	-5.48899e-10
0.387	2.5979e-10
0.388	1.06619e-09
0.389	1.86631e-09
0.39	2.6562e-09
0.391	3.43199e-09
0.392	4.18987e-09
0.393	4.92613e-09
0.394	5.6372e-09
0.395	6.31962e-09
0.396	6.97009e-09
0.397	7.58547e-09
0.398	8.16282e-09
0.399	8.69938e-09
0.4	9.19259e-09
0.401	9.64012e-09
0.402	1.00399e-08
0.403	1.039e-08
0.404	1.06888e-08
0.405	1.0935e-08
0.406	1.11275e-08
0.407	1.12654e-08
0.408	1.13481e-08
0.409	1.13754e-08
0.41	1.13472e-08
0.411	1.12637e-08
0.412	1.11255e-08
0.413	1.09333e-08
0.414	1.06881e-08
0.415	1.03912e-08
0.416	1.00442e-08
0.417	9.64871e-09
0.418	9.20683e-09
0.419	8.72073e-09
0.42	8.19283e-09
0.421	7.62576e-09
0.422	7.02229e-09
0.423	6.3854e-09
0.424	5.7182e-09
0.425	5.02395e-09
0.426	4.30603e-09
0.427	3.56792e-09
0.428	2.81321e-09
0.429	2.04553e-09
0.43	1.26859e-09
0.431	4.86125e-10
0.432	-2.98096e-10
0.433	-1.08032e-09
0.434	-1.8568e-09
0.435	-2.62383e-09
0.436	-3.37774e-09
0.437	-4.11496e-09
0.438	-4.83198e-09
0.439	-5.52539e-09
0.44	-6.19191e-09
0.441	-6.8284e-09
0.442	-7.43185e-09
0.443	-7.99942e-09
0.444	-8.52845e-09
0.445	-9.01645e-09
0.446	-9.46115e-09
0.447	-9.86047e-09
0.448	-1.02126e-08
0.449	-1.05158e-08
0.45	-1.07688e-08
0.451	-1.09704e-08
0.452	-1.11196e-08
0.453	-1.12159e-08
0.454	-1.12588e-08
0.455	-1.12482e-08
0.456	-1.11841e-08
0.457	-1.10669e-08
0.458	-1.08972e-08
0.459	-1.06759e-08
0.46	-1.0404e-08
0.461	-1.00829e-08
0.462	-9.71404e-09
0.463	-9.29931e-09
0.464	-8.84067e-09
0.465	-8.34032e-09
0.466	-7.80064e-09
0.467	-7.22422e-09
0.468	-6.6138e-09
0.469	-5.97228e-09
0.47	-5.30271e-09
0.471	-4.60827e-09
0.472	-3.89225e-09
0.473	-3.15803e-09
0.474	-2.40909e-09
0.475	-1.64898e-09
0.476	-8.81264e-10
0.477	-1.09582e-10
0.478	6.6243e-10
0.479	1.43114e-09
0.48	2.19291e-09
0.481	2.94418e-09
0.482	3.6814e-09
0.483	4.4011e-09
0.484	5.09991e-09
0.485	5.77453e-09
0.486	6.42181e-09
0.487	7.03869e-09
0.488	7.6223e-09
0.489	8.16987e-09
0.49	8.67886e-09
0.491	9.14687e-09
0.492	9.5717e-09
0.493	9.95136e-09
0.494	1.02841e-08
0.495	1.05683e-08
0.496	1.08027e-08
0.497	1.09861e-08
0.498	1.11178e-08
0.499	1.1197e-08
0.5	1.12235e-08
0.501	1.1197e-08
0.502	1.11178e-08
0.503	1.09861e-08
0.504	1.08027e-08
0.505	1.05683e-08
0.506	1.02841e-08
0.507	9.95136e-09
0.508	9.5717e-09
0.509	9.14687e-09
0.51	8.67886e-09
0.511	8.16987e-09
0.512	7.6223e-09
0.513	7.03869e-09
0.514	6.42181e-09
0.515	5.77453e-09
0.516	5.09991e-09
0.517	4.4011e-09
0.518	3.6814e-09
0.519	2.94418e-09
0.52	2.19291e-09
0.521	1.43113e-09
0.522	6.62429e-10
0.523	-1.09584e-10
0.524	-8.81265e-10
0.525	-1.64898e-09
0.526	-2.4091e-09
0.527	-3.15803e-09
0.528	-3.89225e-09
0.529	-4.60827e-09
0.53	-5.30272e-09
0.531	-5.97228e-09
0.532	-6.6138e-09
0.533	-7.22422e-09
0.534	-7.80064e-09
0.535	-8.34032e-09
0.536	-8.84067e-09
0.537	-9.29931e-09
0.538	-9.71404e-09
0.539	-1.00829e-08
0.54	-1.0404e-08
0.541	-1.06759e-08
0.542	-1.08972e-08
0.543	-1.10669e-08
0.544	-1.11841e-08
0.545	-1.12482e-08
0.546	-1.12588e-08
0.547	-1.12159e-08
0.548	-1.11196e-08
0.549	-1.09704e-08
0.55	-1.07688e-08
0.551	-1.05158e-08
0.552	-1.02126e-08
0.553	-9.86047e-09
0.554	-9.46115e-09
0.555	-9.01645e-09
0.556	-8.52845e-09
0.557	-7.99942e-09
0.558	-7.43185e-09
0.559	-6.8284e-09
0.56	-6.19191e-09
0.561	-5.52539e-09
0.562	-4.83197e-09
0.563	-4.11496e-09
0.564	-3.37774e-09
0.565	-2.62382e-09
0.566	-1.8568e-09
0.567	-1.08032e-09
0.568	-2.98095e-10
0.569	4.86127e-10
0.57	1.26859e-09
0.571	2.04553e-09
0.572	2.81321e-09
0.573	3.56792e-09
0.574	4.30603e-09
0.575	5.02395e-09
0.576	5.7182e-09
0.577	6.3854e-09
0.578	7.02229e-09
0.579	7.62576e-09
0.58	8.19283e-09
0.581	8.72073e-09
0.582	9.20683e-09
0.583	9.64871e-09
0.584	1.00442e-08
0.585	1.03912e-08
0.586	1.06881e-08
0.587	1.09333e-08
0.588	1.11255e-08
0.589	1.12637e-08
0.59	1.13472e-08
0.591	1.13754e-08
0.592	1.13481e-08
0.593	1.12654e-08
0.594	1.11275e-08
0.595	1.0935e-08
0.596	1.06888e-08
0.597	1.039e-08
0.598	1.00399e-08
0.599	9.64012e-09
0.6	9.19259e-09
0.601	8.69938e-09
0.602	8.16282e-09
0.603	7.58547e-09
0.604	6.97009e-09
0.605	6.31962e-09
0.606	5.6372e-09
0.607	4.92613e-09
0.608	4.18987e-09
0.609	3.43199e-09
0.61	2.6562e-09
0.611	1.86631e-09
0.612	1.06619e-09
0.613	2.59789e-10
0.614	-5.489e-10
0.615	-1.35586e-09
0.616	-2.15709e-09
0.617	-2.94857e-09
0.618	-3.72633e-09
0.619	-4.48647e-09
0.62	-5.22516e-09
0.621	-5.93863e-09
0.622	-6.62328e-09
0.623	-7.27559e-09
0.624	-7.89221e-09
0.625	-8.46997e-09
0.626	-9.00586e-09
0.627	-9.49709e-09
0.628	-9.94107e-09
0.629	-1.03354e-08
0.63	-1.06781e-08
0.631	-1.09671e-08
0.632	-1.1201e-08
0.633	-1.13783e-08
0.634	-1.1498e-08
0.635	-1.15595e-08
0.636	-1.15621e-08
0.637	-1.15058e-08
0.638	-1.13906e-08
0.639	-1.12169e-08
0.64	-1.09856e-08
0.641	-1.06976e-08
0.642	-1.03543e-08
0.643	-9.95721e-09
0.644	-9.50825e-09
0.645	-9.00957e-09
0.646	-8.46361e-09
0.647	-7.87303e-09
0.648	-7.24075e-09
0.649	-6.56992e-09
0.65	-5.86389e-09
0.651	-5.12621e-09
0.652	-4.36062e-09
0.653	-3.571e-09
0.654	-2.76139e-09
0.655	-1.93595e-09
0.656	-1.09894e-09
0.657	-2.54676e-10
0.658	5.92431e-10
0.659	1.43795e-09
0.66	2.27745e-09
0.661	3.1065e-09
0.662	3.92069e-09
0.663	4.71568e-09
0.664	5.48723e-09
0.665	6.23116e-09
0.666	6.94345e-09
0.667	7.62021e-09
0.668	8.25773e-09
0.669	8.85247e-09
0.67	9.40113e-09
0.671	9.90061e-09
0.672	1.03481e-08
0.673	1.07409e-08
0.674	1.10769e-08
0.675	1.13539e-08
0.676	1.15703e-08
0.677	1.17247e-08
0.678	1.18161e-08
0.679	1.18436e-08
0.68	1.1807e-08
0.681	1.17061e-08
0.682	1.15413e-08
0.683	1.13132e-08
0.684	1.10228e-08
0.685	1.06715e-08
0.686	1.0261e-08
0.687	9.79318e-09
0.688	9.27049e-09
0.689	8.69556e-09
0.69	8.07134e-09
0.691	7.40108e-09
0.692	6.6883e-09
0.693	5.93677e-09
0.694	5.15049e-09
0.695	4.3337e-09
0.696	3.49082e-09
0.697	2.62644e-09
0.698	1.74529e-09
0.699	8.52254e-10
0.7	-4.77195e-11
0.701	-9.49598e-10
0.702	-1.84831e-09
0.703	-2.73876e-09
0.704	-3.61589e-09
0.705	-4.47465e-09
0.706	-5.3101e-09
0.707	-6.11737e-09
0.708	-6.89173e-09
0.709	-7.62861e-09
0.71	-8.32361e-09
0.711	-8.97256e-09
0.712	-9.5715e-09
0.713	-1.01168e-08
0.714	-1.06049e-08
0.715	-1.10329e-08
0.716	-1.13979e-08
0.717	-1.16975e-08
0.718	-1.19297e-08
0.719	-1.20928e-08
0.72	-1.21854e-08
0.721	-1.22068e-08
0.722	-1.21563e-08
0.723	-1.2034e-08
0.724	-1.18401e-08
0.725	-1.15756e-08
0.726	-1.12415e-08
0.727	-1.08396e-08
0.728	-1.03718e-08
0.729	-9.84061e-09
0.73	-9.24889e-09
0.731	-8.59985e-09
0.732	-7.89709e-09
0.733	-7.14456e-09
0.734	-6.34654e-09
0.735	-5.50761e-09
0.736	-4.63264e-09
0.737	-3.72676e-09
0.738	-2.79533e-09
0.739	-1.8439e-09
0.74	-8.78197e-10
0.741	9.59307e-11
0.742	1.07252e-09
0.743	2.04557e-09
0.744	3.00901e-09
0.745	3.95681e-09
0.746	4.88298e-09
0.747	5.78161e-09
0.748	6.64691e-09
0.749	7.47327e-09
0.75	8.25524e-09
0.751	8.98763e-09
0.752	9.66551e-09
0.753	1.02842e-08
0.754	1.08396e-08
0.755	1.13275e-08
0.756	1.17446e-08
0.757	1.20876e-08
0.758	1.2354e-08
0.759	1.25415e-08
0.76	1.26485e-08
0.761	1.26737e-08
0.762	1.26165e-08
0.763	1.24768e-08
0.764	1.22549e-08
0.765	1.19518e-08
0.766	1.15689e-08
0.767	1.11084e-08
0.768	1.05728e-08
0.769	9.96525e-09
0.77	9.2893e-09
0.771	8.54911e-09
0.772	7.74929e-09
0.773	6.89491e-09
0.774	5.99146e-09
0.775	5.04484e-09
0.776	4.06133e-09
0.777	3.04753e-09
0.778	2.01034e-09
0.779	9.56929e-10
0.78	-1.05323e-10
0.781	-1.16886e-09
0.782	-2.226e-09
0.783	-3.26898e-09
0.784	-4.28999e-09
0.785	-5.28124e-09
0.786	-6.23499e-09
0.787	-7.14361e-09
0.788	-7.9996e-09
0.789	-8.79568e-09
0.79	-9.52477e-09
0.791	-1.01801e-08
0.792	-1.07551e-08
0.793	-1.12438e-08
0.794	-1.16402e-08
0.795	-1.1939e-08
0.796	-1.21353e-08
0.797	-1.22243e-08
0.798	-1.22021e-08
0.799	-1.20649e-08
0.8	-1.18093e-08
0.801	-1.14325e-08
0.802	-1.09318e-08
0.803	-1.0305e-08
0.804	-9.55027e-09
0.805	-8.66573e-09
0.806	-7.64982e-09
0.807	-6.50096e-09
0.808	-5.21755e-09
0.809	-3.79782e-09
0.81	-2.23968e-09
0.811	-5.406e-10
0.812	1.30258e-09
0.813	3.29385e-09
0.814	5.43821e-09
0.815	7.74196e-09
0.816	1.02129e-08
0.817	1.28607e-08
0.818	1.56972e-08
0.819	1.87366e-08
0.82	2.19962e-08
0.821	2.54965e-08
0.822	2.92619e-08
0.823	3.33209e-08
0.824	3.77071e-08
0.825	4.24596e-08
0.826	4.76236e-08
0.827	5.32513e-08
0.828	5.94028e-08
0.829	6.61468e-08
0.83	7.35616e-08
0.831	8.17366e-08
0.832	9.0773e-08
0.833	1.00785e-07
0.834	1.11904e-07
0.835	1.24273e-07
0.836	1.38059e-07
0.837	1.53445e-07
0.838	1.70639e-07
0.839	1.89873e-07
0.84	2.11407e-07
0.841	2.3553e-07
0.842	2.62566e-07
0.843	2.92879e-07
0.844	3.26869e-07
0.845	3.64987e-07
0.846	4.07733e-07
0.847	4.55663e-07
0.848	5.09396e-07
0.849	5.69618e-07
0.85	6.37095e-07
0.851	7.12675e-07
0.852	7.973e-07
0.853	8.92016e-07
0.854	9.97984e-07
0.855	1.11649e-06
0.856	1.24896e-06
0.857	1.39698e-06
0.858	1.5623e-06
0.859	1.74686e-06
0.86	1.95282e-06
0.861	2.18257e-06
0.862	2.43873e-06
0.863	2.72425e-06
0.864	3.04234e-06
0.865	3.3966e-06
0.866	3.79099e-06
0.867	4.22989e-06
0.868	4.71815e-06
0.869	5.26112e-06
0.87	5.86474e-06
0.871	6.53556e-06
0.872	7.2808e-06
0.873	8.10847e-06
0.874	9.02739e-06
0.875	1.00473e-05
0.876	1.1179e-05
0.877	1.24343e-05
0.878	1.38264e-05
0.879	1.53697e-05
0.88	1.70801e-05
0.881	1.89753e-05
0.882	2.10746e-05
0.883	2.33993e-05
0.884	2.5973e-05
0.885	2.88217e-05
0.886	3.19738e-05
0.887	3.54608e-05
0.888	3.93172e-05
0.889	4.35812e-05
0.89	4.82945e-05
0.891	5.35033e-05
0.892	5.92582e-05
0.893	6.56148e-05
0.894	7.26343e-05
0.895	8.03839e-05
0.896	8.89374e-05
0.897	9.8376e-05
0.898	0.000108789
0.899	0.000120273
0.9	0.000132937
0.901	0.000146897
0.902	0.000162283
0.903	0.000179237
0.904	0.000197913
0.905	0.000218482
0.906	0.00024113
0.907	0.000266062
0.908	0.000293501
0.909	0.000323692
0.91	0.000356904
0.911	0.000393431
0.912	0.000433593
0.913	0.000477744
0.914	0.000526266
0.915	0.000579583
0.916	0.000638153
0.917	0.000702479
0.918	0.000773112
0.919	0.000850653
0.92	0.000935758
0.921	0.00102914
0.922	0.0011316
0.923	0.00124397
0.924	0.00136719
0.925	0.00150229
0.926	0.00165036
0.927	0.00181264
0.928	0.00199043
0.929	0.00218519
0.93	0.00239848
0.931	0.00263202
0.932	0.00288768
0.933	0.00316749
0.934	0.00347367
0.935	0.00380865
0.936	0.00417503
0.937	0.00457571
0.938	0.00501378
0.939	0.00549265
0.94	0.006016
0.941	0.00658786
0.942	0.0072126
0.943	0.00789496
0.944	0.00864012
0.945	0.00945368
0.946	0.0103418
0.947	0.011311
0.948	0.0123686
0.949	0.0135224
0.95	0.0147809
0.951	0.0161533
0.952	0.0176497
0.953	0.0192809
0.954	0.0210588
0.955	0.0229962
0.956	0.0251069
0.957	0.0274061
0.958	0.0299102
0.959	0.0326368
0.96	0.0356052
0.961	0.0388362
0.962	0.0423525
0.963	0.0461784
0.964	0.0503407
0.965	0.0548678
0.966	0.0597911
0.967	0.0651441
0.968	0.0709633
0.969	0.0772883
0.97	0.0841616
0.971	0.0916297
0.972	0.0997424
0.973	0.108554
0.974	0.118123
0.975	0.128512
0.976	0.139791
0.977	0.152032
0.978	0.165316
0.979	0.17973
0.98	0.195366
0.981	0.212326
0.982	0.230718
0.983	0.25066
0.984	0.272279
0.985	0.295712
0.986	0.321108
0.987	0.348625
0.988	0.378436
0.989	0.410728
0.99	0.4457
0.991	0.48357
0.992	0.524571
0.993	0.568953
0.994	0.61699
0.995	0.668972
0.996	0.725215
0.997	0.786059
0.998	0.85187
0.999	0.923042
