# Interpolation data for function: (2*x-1)^40
0	1
0.001	0.923042
0.002	0.85187
0.003	0.786059
0.004	0.725215
0.005	0.668972
0.006	0.61699
0.007	0.568953
0.008	0.524571
0.009	0.48357
0.01	0.4457
0.011	0.410728
0.012	0.378436
0.013	0.348625
0.014	0.321108
0.015	0.295712
0.016	0.272279
0.017	0.25066
0.018	0.230718
0.019	0.212326
0.02	0.195366
0.021	0.17973
0.022	0.165316
0.023	0.152032
0.024	0.139791
0.025	0.128512
0.026	0.118123
0.027	0.108554
0.028	0.0997424
0.029	0.0916297
0.03	0.0841616
0.031	0.0772883
0.032	0.0709633
0.033	0.0651441
0.034	0.0597911
0.035	0.0548678
0.036	0.0503407
0.037	0.0461785
0.038	0.0423525
0.039	0.0388362
0.04	0.0356052
0.041	0.0326368
0.042	0.0299102
0.043	0.0274061
0.044	0.0251069
0.045	0.0229962
0.046	0.0210588
0.047	0.0192809
0.048	0.0176497
0.049	0.0161533
0.05	0.0147809
0.051	0.0135224
0.052	0.0123686
0.053	0.011311
0.054	0.0103418
0.055	0.00945367
0.056	0.0086401
0.057	0.00789494
0.058	0.00721258
0.059	0.00658785
0.06	0.00601599
0.061	0.00549263
0.062	0.00501377
0.063	0.0045757
0.064	0.00417503
0.065	0.00380864
0.066	0.00347367
0.067	0.00316749
0.068	0.00288768
0.069	0.00263203
0.07	0.00239849
0.071	0.0021852
0.072	0.00199045
0.073	0.00181265
0.074	0.00165038
0.075	0.0015023
0.076	0.00136721
0.077	0.00124398
0.078	0.00113161
0.079	0.00102916
0.08	0.000935775
0.081	0.000850669
0.082	0.000773127
0.083	0.000702493
0.084	0.000638165
0.085	0.000579594
0.086	0.000526276
0.087	0.000477751
0.088	0.000433599
0.089	0.000393435
0.09	0.000356906
0.091	0.000323692
0.092	0.000293499
0.093	0.000266058
0.094	0.000241124
0.095	0.000218475
0.096	0.000197904
0.097	0.000179226
0.098	0.000162271
0.099	0.000146884
0.1	0.000132923
0.101	0.000120258
0.102	0.000108773
0.103	9.83604e-05
0.104	8.89216e-05
0.105	8.03681e-05
0.106	7.26187e-05
0.107	6.55997e-05
0.108	5.92437e-05
0.109	5.34897e-05
0.11	4.82819e-05
0.111	4.35696e-05
0.112	3.93069e-05
0.113	3.54518e-05
0.114	3.19663e-05
0.115	2.88157e-05
0.116	2.59686e-05
0.117	2.33965e-05
0.118	2.10734e-05
0.119	1.89757e-05
0.12	1.70822e-05
0.121	1.53733e-05
0.122	1.38316e-05
0.123	1.2441e-05
0.124	1.1187e-05
0.125	1.00566e-05
0.126	9.03782e-06
0.127	8.11995e-06
0.128	7.29319e-06
0.129	6.54872e-06
0.13	5.87853e-06
0.131	5.27539e-06
0.132	4.73274e-06
0.133	4.24466e-06
0.134	3.80578e-06
0.135	3.41126e-06
0.136	3.05672e-06
0.137	2.7382e-06
0.138	2.45213e-06
0.139	2.19527e-06
0.14	1.96472e-06
0.141	1.75783e-06
0.142	1.57225e-06
0.143	1.40582e-06
0.144	1.25661e-06
0.145	1.12288e-06
0.146	1.00307e-06
0.147	8.95753e-07
0.148	7.99662e-07
0.149	7.13649e-07
0.15	6.36681e-07
0.151	5.67828e-07
0.152	5.06255e-07
0.153	4.5121e-07
0.154	4.02016e-07
0.155	3.58066e-07
0.156	3.18814e-07
0.157	2.83769e-07
0.158	2.5249e-07
0.159	2.24582e-07
0.16	1.9969e-07
0.161	1.77496e-07
0.162	1.57713e-07
0.163	1.40086e-07
0.164	1.24386e-07
0.165	1.10406e-07
0.166	9.79622e-08
0.167	8.68899e-08
0.168	7.70412e-08
0.169	6.82841e-08
0.17	6.05003e-08
0.171	5.35841e-08
0.172	4.7441e-08
0.173	4.19865e-08
0.174	3.71453e-08
0.175	3.28499e-08
0.176	2.90402e-08
0.177	2.56626e-08
0.178	2.26691e-08
0.179	2.00171e-08
0.18	1.76685e-08
0.181	1.55893e-08
0.182	1.37494e-08
0.183	1.21219e-08
0.184	1.06828e-08
0.185	9.41071e-09
0.186	8.28678e-09
0.187	7.29413e-09
0.188	6.41777e-09
0.189	5.64437e-09
0.19	4.96213e-09
0.191	4.36053e-09
0.192	3.83026e-09
0.193	3.36306e-09
0.194	2.95159e-09
0.195	2.58936e-09
0.196	2.27061e-09
0.197	1.99023e-09
0.198	1.74372e-09
0.199	1.52707e-09
0.2	1.33674e-09
0.201	1.16962e-09
0.202	1.02294e-09
0.203	8.94242e-10
0.204	7.81385e-10
0.205	6.82459e-10
0.206	5.95784e-10
0.207	5.19876e-10
0.208	4.53428e-10
0.209	3.95288e-10
0.21	3.4444e-10
0.211	2.9999e-10
0.212	2.61152e-10
0.213	2.27232e-10
0.214	1.97622e-10
0.215	1.71786e-10
0.216	1.49255e-10
0.217	1.29615e-10
0.218	1.12503e-10
0.219	9.7601e-11
0.22	8.46304e-11
0.221	7.33463e-11
0.222	6.35342e-11
0.223	5.50064e-11
0.224	4.75986e-11
0.225	4.1167e-11
0.226	3.55857e-11
0.227	3.07448e-11
0.228	2.65484e-11
0.229	2.29124e-11
0.23	1.97637e-11
0.231	1.70385e-11
0.232	1.46809e-11
0.233	1.26426e-11
0.234	1.08811e-11
0.235	9.35984e-12
0.236	8.04662e-12
0.237	6.91364e-12
0.238	5.93671e-12
0.239	5.09476e-12
0.24	4.36959e-12
0.241	3.74528e-12
0.242	3.20817e-12
0.243	2.74628e-12
0.244	2.34935e-12
0.245	2.00839e-12
0.246	1.71573e-12
0.247	1.46462e-12
0.248	1.24932e-12
0.249	1.06482e-12
0.25	9.0685e-13
0.251	7.71634e-13
0.252	6.55999e-13
0.253	5.57175e-13
0.254	4.72784e-13
0.255	4.00772e-13
0.256	3.39378e-13
0.257	2.87073e-13
0.258	2.42547e-13
0.259	2.0474e-13
0.26	1.72619e-13
0.261	1.45385e-13
0.262	1.22314e-13
0.263	1.02833e-13
0.264	8.63922e-14
0.265	7.25429e-14
0.266	6.09112e-14
0.267	5.11746e-14
0.268	4.30312e-14
0.269	3.62331e-14
0.27	3.06081e-14
0.271	2.59835e-14
0.272	2.21525e-14
0.273	1.90105e-14
0.274	1.64417e-14
0.275	1.43834e-14
0.276	1.26911e-14
0.277	1.1348e-14
0.278	1.02893e-14
0.279	9.44353e-15
0.28	8.76786e-15
0.281	8.21469e-15
0.282	7.75843e-15
0.283	7.40727e-15
0.284	7.09055e-15
0.285	6.81555e-15
0.286	6.54426e-15
0.287	6.29694e-15
0.288	6.02731e-15
0.289	5.76388e-15
0.29	5.47056e-15
0.291	5.1452e-15
0.292	4.79692e-15
0.293	4.44758e-15
0.294	4.02978e-15
0.295	3.613e-15
0.296	3.16121e-15
0.297	2.69806e-15
0.298	2.21338e-15
0.299	1.72608e-15
0.3	1.20716e-15
0.301	6.8555e-16
0.302	1.64628e-16
0.303	-3.41497e-16
0.304	-8.45972e-16
0.305	-1.32251e-15
0.306	-1.78959e-15
0.307	-2.23421e-15
0.308	-2.6434e-15
0.309	-3.02346e-15
0.31	-3.37473e-15
0.311	-3.68529e-15
0.312	-3.91875e-15
0.313	-4.14605e-15
0.314	-4.30315e-15
0.315	-4.41628e-15
0.316	-4.47928e-15
0.317	-4.48654e-15
0.318	-4.4551e-15
0.319	-4.36612e-15
0.32	-4.23005e-15
0.321	-4.04155e-15
0.322	-3.81669e-15
0.323	-3.54269e-15
0.324	-3.23863e-15
0.325	-2.89534e-15
0.326	-2.52408e-15
0.327	-2.12926e-15
0.328	-1.71013e-15
0.329	-1.2651e-15
0.33	-8.15404e-16
0.331	-3.65303e-16
0.332	7.66915e-17
0.333	5.58153e-16
0.334	1.00597e-15
0.335	1.44716e-15
0.336	1.86481e-15
0.337	2.24547e-15
0.338	2.62309e-15
0.339	2.97055e-15
0.34	3.27786e-15
0.341	3.55287e-15
0.342	3.78371e-15
0.343	3.97536e-15
0.344	4.10732e-15
0.345	4.21701e-15
0.346	4.27664e-15
0.347	4.28809e-15
0.348	4.25511e-15
0.349	4.17468e-15
0.35	4.05222e-15
0.351	3.88846e-15
0.352	3.68154e-15
0.353	3.43355e-15
0.354	3.16202e-15
0.355	2.83037e-15
0.356	2.50166e-15
0.357	2.134e-15
0.358	1.75322e-15
0.359	1.34151e-15
0.36	9.39743e-16
0.361	5.04668e-16
0.362	7.52164e-17
0.363	-3.50508e-16
0.364	-7.72435e-16
0.365	-1.1945e-15
0.366	-1.5904e-15
0.367	-1.96889e-15
0.368	-2.33284e-15
0.369	-2.649e-15
0.37	-2.96228e-15
0.371	-3.22967e-15
0.372	-3.47056e-15
0.373	-3.66486e-15
0.374	-3.839e-15
0.375	-3.95599e-15
0.376	-4.03569e-15
0.377	-4.07489e-15
0.378	-4.05872e-15
0.379	-4.01679e-15
0.38	-3.93631e-15
0.381	-3.80207e-15
0.382	-3.63934e-15
0.383	-3.43884e-15
0.384	-3.1888e-15
0.385	-2.91187e-15
0.386	-2.61417e-15
0.387	-2.2842e-15
0.388	-1.94935e-15
0.389	-1.58458e-15
0.39	-1.19442e-15
0.391	-7.98145e-16
0.392	-4.07107e-16
0.393	-5.41422e-18
0.394	4.05388e-16
0.395	7.9432e-16
0.396	1.18447e-15
0.397	1.55691e-15
0.398	1.93172e-15
0.399	2.26883e-15
0.4	2.58951e-15
0.401	2.86964e-15
0.402	3.12461e-15
0.403	3.36148e-15
0.404	3.55111e-15
0.405	3.7025e-15
0.406	3.81524e-15
0.407	3.89516e-15
0.408	3.94285e-15
0.409	3.95542e-15
0.41	3.90138e-15
0.411	3.82365e-15
0.412	3.72029e-15
0.413	3.57373e-15
0.414	3.38203e-15
0.415	3.16477e-15
0.416	2.90425e-15
0.417	2.64254e-15
0.418	2.33753e-15
0.419	2.01153e-15
0.42	1.67247e-15
0.421	1.31222e-15
0.422	9.42013e-16
0.423	5.63478e-16
0.424	1.67165e-16
0.425	-2.13866e-16
0.426	-5.87563e-16
0.427	-9.71314e-16
0.428	-1.32546e-15
0.429	-1.67544e-15
0.43	-1.99727e-15
0.431	-2.30496e-15
0.432	-2.60009e-15
0.433	-2.85121e-15
0.434	-3.07853e-15
0.435	-3.28031e-15
0.436	-3.4424e-15
0.437	-3.56709e-15
0.438	-3.66215e-15
0.439	-3.7221e-15
0.44	-3.73703e-15
0.441	-3.72647e-15
0.442	-3.67512e-15
0.443	-3.57684e-15
0.444	-3.45143e-15
0.445	-3.28888e-15
0.446	-3.10985e-15
0.447	-2.88689e-15
0.448	-2.62755e-15
0.449	-2.35209e-15
0.45	-2.05801e-15
0.451	-1.74009e-15
0.452	-1.39909e-15
0.453	-1.04285e-15
0.454	-6.91376e-16
0.455	-3.21603e-16
0.456	3.98044e-17
0.457	4.06311e-16
0.458	7.73268e-16
0.459	1.12535e-15
0.46	1.47242e-15
0.461	1.79045e-15
0.462	2.11016e-15
0.463	2.38011e-15
0.464	2.6654e-15
0.465	2.89677e-15
0.466	3.10311e-15
0.467	3.30753e-15
0.468	3.43831e-15
0.469	3.55656e-15
0.47	3.63813e-15
0.471	3.67837e-15
0.472	3.69074e-15
0.473	3.67542e-15
0.474	3.6058e-15
0.475	3.50532e-15
0.476	3.36978e-15
0.477	3.21531e-15
0.478	3.01302e-15
0.479	2.79861e-15
0.48	2.53421e-15
0.481	2.26314e-15
0.482	1.98082e-15
0.483	1.67425e-15
0.484	1.35035e-15
0.485	1.00975e-15
0.486	6.62219e-16
0.487	3.07455e-16
0.488	-3.66187e-17
0.489	-4.02769e-16
0.49	-7.65558e-16
0.491	-1.07411e-15
0.492	-1.43895e-15
0.493	-1.74608e-15
0.494	-2.0341e-15
0.495	-2.32242e-15
0.496	-2.54189e-15
0.497	-2.77853e-15
0.498	-3.01497e-15
0.499	-3.15222e-15
0.5	-3.30444e-15
0.501	-3.40241e-15
0.502	-3.48008e-15
0.503	-3.51048e-15
0.504	-3.51916e-15
0.505	-3.47674e-15
0.506	-3.40236e-15
0.507	-3.31517e-15
0.508	-3.19994e-15
0.509	-3.04369e-15
0.51	-2.82928e-15
0.511	-2.59855e-15
0.512	-2.37272e-15
0.513	-2.0846e-15
0.514	-1.79699e-15
0.515	-1.4899e-15
0.516	-1.17033e-15
0.517	-8.55932e-16
0.518	-5.04651e-16
0.519	-1.54777e-16
0.52	1.8043e-16
0.521	5.38661e-16
0.522	8.77706e-16
0.523	1.20977e-15
0.524	1.53273e-15
0.525	1.82648e-15
0.526	2.12278e-15
0.527	2.38543e-15
0.528	2.62321e-15
0.529	2.82591e-15
0.53	3.03084e-15
0.531	3.18993e-15
0.532	3.32868e-15
0.533	3.41572e-15
0.534	3.46823e-15
0.535	3.50271e-15
0.536	3.51196e-15
0.537	3.44811e-15
0.538	3.38392e-15
0.539	3.2711e-15
0.54	3.1398e-15
0.541	2.97223e-15
0.542	2.78237e-15
0.543	2.55056e-15
0.544	2.30048e-15
0.545	2.04414e-15
0.546	1.74763e-15
0.547	1.44733e-15
0.548	1.12565e-15
0.549	7.96138e-16
0.55	4.33514e-16
0.551	1.03341e-16
0.552	-2.34548e-16
0.553	-5.72519e-16
0.554	-9.01241e-16
0.555	-1.22891e-15
0.556	-1.55452e-15
0.557	-1.85072e-15
0.558	-2.11336e-15
0.559	-2.38586e-15
0.56	-2.60633e-15
0.561	-2.82047e-15
0.562	-2.98764e-15
0.563	-3.14346e-15
0.564	-3.2561e-15
0.565	-3.33648e-15
0.566	-3.40052e-15
0.567	-3.39669e-15
0.568	-3.38846e-15
0.569	-3.34734e-15
0.57	-3.26055e-15
0.571	-3.13481e-15
0.572	-2.97197e-15
0.573	-2.80257e-15
0.574	-2.60062e-15
0.575	-2.37188e-15
0.576	-2.11413e-15
0.577	-1.84506e-15
0.578	-1.54941e-15
0.579	-1.22366e-15
0.58	-9.12329e-16
0.581	-5.78068e-16
0.582	-2.31251e-16
0.583	1.10694e-16
0.584	4.54021e-16
0.585	7.91824e-16
0.586	1.1064e-15
0.587	1.43459e-15
0.588	1.73687e-15
0.589	2.01423e-15
0.59	2.27496e-15
0.591	2.52503e-15
0.592	2.73146e-15
0.593	2.91805e-15
0.594	3.08141e-15
0.595	3.20999e-15
0.596	3.31358e-15
0.597	3.37415e-15
0.598	3.42041e-15
0.599	3.3992e-15
0.6	3.36371e-15
0.601	3.29228e-15
0.602	3.17583e-15
0.603	3.04175e-15
0.604	2.87306e-15
0.605	2.66987e-15
0.606	2.4493e-15
0.607	2.19683e-15
0.608	1.91387e-15
0.609	1.63256e-15
0.61	1.32131e-15
0.611	1.00174e-15
0.612	6.68699e-16
0.613	3.16076e-16
0.614	-1.07274e-17
0.615	-3.64249e-16
0.616	-6.94666e-16
0.617	-1.03074e-15
0.618	-1.34345e-15
0.619	-1.63952e-15
0.62	-1.93628e-15
0.621	-2.201e-15
0.622	-2.45641e-15
0.623	-2.6646e-15
0.624	-2.85813e-15
0.625	-3.02289e-15
0.626	-3.16345e-15
0.627	-3.2484e-15
0.628	-3.32078e-15
0.629	-3.34492e-15
0.63	-3.32722e-15
0.631	-3.28257e-15
0.632	-3.21904e-15
0.633	-3.10068e-15
0.634	-2.96962e-15
0.635	-2.79339e-15
0.636	-2.58756e-15
0.637	-2.34483e-15
0.638	-2.09076e-15
0.639	-1.80889e-15
0.64	-1.5141e-15
0.641	-1.19071e-15
0.642	-8.66134e-16
0.643	-5.40632e-16
0.644	-1.91009e-16
0.645	1.6666e-16
0.646	5.0195e-16
0.647	8.46395e-16
0.648	1.16863e-15
0.649	1.49909e-15
0.65	1.79121e-15
0.651	2.07542e-15
0.652	2.33439e-15
0.653	2.56335e-15
0.654	2.78475e-15
0.655	2.96174e-15
0.656	3.1075e-15
0.657	3.21521e-15
0.658	3.29353e-15
0.659	3.32729e-15
0.66	3.33346e-15
0.661	3.30427e-15
0.662	3.23725e-15
0.663	3.14253e-15
0.664	2.99854e-15
0.665	2.82916e-15
0.666	2.6201e-15
0.667	2.37814e-15
0.668	2.1219e-15
0.669	1.8463e-15
0.67	1.55192e-15
0.671	1.21527e-15
0.672	8.81379e-16
0.673	5.34207e-16
0.674	1.85267e-16
0.675	-1.70878e-16
0.676	-5.20046e-16
0.677	-8.66777e-16
0.678	-1.20511e-15
0.679	-1.52997e-15
0.68	-1.84288e-15
0.681	-2.1365e-15
0.682	-2.40325e-15
0.683	-2.6202e-15
0.684	-2.84321e-15
0.685	-3.01222e-15
0.686	-3.166e-15
0.687	-3.28001e-15
0.688	-3.34571e-15
0.689	-3.37928e-15
0.69	-3.36757e-15
0.691	-3.31511e-15
0.692	-3.23271e-15
0.693	-3.11381e-15
0.694	-2.96074e-15
0.695	-2.74612e-15
0.696	-2.52233e-15
0.697	-2.25301e-15
0.698	-1.97389e-15
0.699	-1.63057e-15
0.7	-1.30383e-15
0.701	-9.29896e-16
0.702	-5.42365e-16
0.703	-1.3514e-16
0.704	2.82163e-16
0.705	7.07673e-16
0.706	1.12338e-15
0.707	1.56247e-15
0.708	2.0166e-15
0.709	2.46318e-15
0.71	2.91897e-15
0.711	3.37748e-15
0.712	3.84936e-15
0.713	4.3087e-15
0.714	4.809e-15
0.715	5.33504e-15
0.716	5.90228e-15
0.717	6.50293e-15
0.718	7.18078e-15
0.719	7.92918e-15
0.72	8.79868e-15
0.721	9.78826e-15
0.722	1.09653e-14
0.723	1.23492e-14
0.724	1.39885e-14
0.725	1.59377e-14
0.726	1.82847e-14
0.727	2.10735e-14
0.728	2.44381e-14
0.729	2.84592e-14
0.73	3.32724e-14
0.731	3.9049e-14
0.732	4.59256e-14
0.733	5.4145e-14
0.734	6.39194e-14
0.735	7.55555e-14
0.736	8.9364e-14
0.737	1.05734e-13
0.738	1.25093e-13
0.739	1.48024e-13
0.74	1.75072e-13
0.741	2.07006e-13
0.742	2.44575e-13
0.743	2.88827e-13
0.744	3.40834e-13
0.745	4.01935e-13
0.746	4.73643e-13
0.747	5.577e-13
0.748	6.56182e-13
0.749	7.71461e-13
0.75	9.0633e-13
0.751	1.06396e-12
0.752	1.24814e-12
0.753	1.46311e-12
0.754	1.7139e-12
0.755	2.00632e-12
0.756	2.34699e-12
0.757	2.74371e-12
0.758	3.20537e-12
0.759	3.74234e-12
0.76	4.36651e-12
0.761	5.09159e-12
0.762	5.93348e-12
0.763	6.91042e-12
0.764	8.04344e-12
0.765	9.35673e-12
0.766	1.08781e-11
0.767	1.26398e-11
0.768	1.46783e-11
0.769	1.7036e-11
0.77	1.97616e-11
0.771	2.29105e-11
0.772	2.65468e-11
0.773	3.07436e-11
0.774	3.55848e-11
0.775	4.11665e-11
0.776	4.75985e-11
0.777	5.50067e-11
0.778	6.35348e-11
0.779	7.33473e-11
0.78	8.46318e-11
0.781	9.76027e-11
0.782	1.12505e-10
0.783	1.29617e-10
0.784	1.49258e-10
0.785	1.71789e-10
0.786	1.97625e-10
0.787	2.27235e-10
0.788	2.61155e-10
0.789	2.99994e-10
0.79	3.44443e-10
0.791	3.95291e-10
0.792	4.53431e-10
0.793	5.19879e-10
0.794	5.95787e-10
0.795	6.82462e-10
0.796	7.81387e-10
0.797	8.94244e-10
0.798	1.02294e-09
0.799	1.16962e-09
0.8	1.33675e-09
0.801	1.52707e-09
0.802	1.74372e-09
0.803	1.99023e-09
0.804	2.27061e-09
0.805	2.58936e-09
0.806	2.95159e-09
0.807	3.36306e-09
0.808	3.83026e-09
0.809	4.36053e-09
0.81	4.96212e-09
0.811	5.64437e-09
0.812	6.41776e-09
0.813	7.29413e-09
0.814	8.28678e-09
0.815	9.4107e-09
0.816	1.06828e-08
0.817	1.21219e-08
0.818	1.37494e-08
0.819	1.55893e-08
0.82	1.76685e-08
0.821	2.00171e-08
0.822	2.26691e-08
0.823	2.56626e-08
0.824	2.90402e-08
0.825	3.28499e-08
0.826	3.71453e-08
0.827	4.19865e-08
0.828	4.7441e-08
0.829	5.35841e-08
0.83	6.05003e-08
0.831	6.82841e-08
0.832	7.70412e-08
0.833	8.68899e-08
0.834	9.79622e-08
0.835	1.10406e-07
0.836	1.24386e-07
0.837	1.40086e-07
0.838	1.57713e-07
0.839	1.77496e-07
0.84	1.9969e-07
0.841	2.24582e-07
0.842	2.5249e-07
0.843	2.83769e-07
0.844	3.18814e-07
0.845	3.58066e-07
0.846	4.02016e-07
0.847	4.5121e-07
0.848	5.06255e-07
0.849	5.67828e-07
0.85	6.36681e-07
0.851	7.13649e-07
0.852	7.99662e-07
0.853	8.95753e-07
0.854	1.00307e-06
0.855	1.12288e-06
0.856	1.25661e-06
0.857	1.40582e-06
0.858	1.57225e-06
0.859	1.75783e-06
0.86	1.96472e-06
0.861	2.19527e-06
0.862	2.45213e-06
0.863	2.7382e-06
0.864	3.05672e-06
0.865	3.41126e-06
0.866	3.80578e-06
0.867	4.24465e-06
0.868	4.73274e-06
0.869	5.27539e-06
0.87	5.87853e-06
0.871	6.54872e-06
0.872	7.29319e-06
0.873	8.11995e-06
0.874	9.03782e-06
0.875	1.00566e-05
0.876	1.1187e-05
0.877	1.2441e-05
0.878	1.38316e-05
0.879	1.53733e-05
0.88	1.70822e-05
0.881	1.89757e-05
0.882	2.10734e-05
0.883	2.33965e-05
0.884	2.59686e-05
0.885	2.88157e-05
0.886	3.19663e-05
0.887	3.54518e-05
0.888	3.93069e-05
0.889	4.35696e-05
0.89	4.82819e-05
0.891	5.34897e-05
0.892	5.92437e-05
0.893	6.55997e-05
0.894	7.26187e-05
0.895	8.03681e-05
0.896	8.89216e-05
0.897	9.83604e-05
0.898	0.000108773
0.899	0.000120258
0.9	0.000132923
0.901	0.000146884
0.902	0.000162271
0.903	0.000179226
0.904	0.000197904
0.905	0.000218475
0.906	0.000241124
0.907	0.000266058
0.908	0.000293499
0.909	0.000323692
0.91	0.000356906
0.911	0.000393435
0.912	0.000433599
0.913	0.000477751
0.914	0.000526276
0.915	0.000579594
0.916	0.000638165
0.917	0.000702493
0.918	0.000773127
0.919	0.000850669
0.92	0.000935775
0.921	0.00102916
0.922	0.00113161
0.923	0.00124398
0.924	0.00136721
0.925	0.0015023
0.926	0.00165038
0.927	0.00181265
0.928	0.00199045
0.929	0.0021852
0.93	0.00239849
0.931	0.00263203
0.932	0.00288768
0.933	0.00316749
0.934	0.00347367
0.935	0.00380864
0.936	0.00417503
0.937	0.0045757
0.938	0.00501377
0.939	0.00549263
0.94	0.00601599
0.941	0.00658785
0.942	0.00721258
0.943	0.00789494
0.944	0.0086401
0.945	0.00945367
0.946	0.0103418
0.947	0.011311
0.948	0.0123686
0.949	0.0135224
0.95	0.0147809
0.951	0.0161533
0.952	0.0176497
0.953	0.0192809
0.954	0.0210588
0.955	0.0229962
0.956	0.0251069
0.957	0.0274061
0.958	0.0299102
0.959	0.0326368
0.96	0.0356052
0.961	0.0388362
0.962	0.0423525
0.963	0.0461785
0.964	0.0503407
0.965	0.0548678
0.966	0.0597911
0.967	0.0651441
0.968	0.0709633
0.969	0.0772883
0.97	0.0841616
0.971	0.0916297
0.972	0.0997424
0.973	0.108554
0.974	0.118123
0.975	0.128512
0.976	0.139791
0.977	0.152032
0.978	0.165316
0.979	0.17973
0.98	0.195366
0.981	0.212326
0.982	0.230718
0.983	0.25066
0.984	0.272279
0.985	0.295712
0.986	0.321108
0.987	0.348625
0.988	0.378436
0.989	0.410728
0.99	0.4457
0.991	0.48357
0.992	0.524571
0.993	0.568953
0.994	0.61699
0.995	0.668972
0.996	0.725215
0.997	0.786059
0.998	0.85187
0.999	0.923042
