# Interpolation data for function: (2*x-1)^40
0	0.999994
0.001	0.923041
0.002	0.851871
0.003	0.786062
0.004	0.725218
0.005	0.668974
0.006	0.616991
0.007	0.568954
0.008	0.524571
0.009	0.48357
0.01	0.445699
0.011	0.410726
0.012	0.378434
0.013	0.348623
0.014	0.321106
0.015	0.295711
0.016	0.272278
0.017	0.250659
0.018	0.230717
0.019	0.212326
0.02	0.195366
0.021	0.17973
0.022	0.165317
0.023	0.152033
0.024	0.139792
0.025	0.128514
0.026	0.118124
0.027	0.108555
0.028	0.0997439
0.029	0.0916311
0.03	0.0841629
0.031	0.0772894
0.032	0.0709643
0.033	0.0651449
0.034	0.0597916
0.035	0.0548681
0.036	0.0503407
0.037	0.0461783
0.038	0.0423521
0.039	0.0388356
0.04	0.0356044
0.041	0.0326358
0.042	0.0299091
0.043	0.027405
0.044	0.0251057
0.045	0.0229949
0.046	0.0210575
0.047	0.0192796
0.048	0.0176484
0.049	0.0161521
0.05	0.0147798
0.051	0.0135214
0.052	0.0123677
0.053	0.0113102
0.054	0.0103411
0.055	0.00945321
0.056	0.00863981
0.057	0.00789481
0.058	0.00721261
0.059	0.00658804
0.06	0.00601634
0.061	0.00549313
0.062	0.0050144
0.063	0.00457645
0.064	0.00417589
0.065	0.00380959
0.066	0.0034747
0.067	0.00316858
0.068	0.00288882
0.069	0.00263319
0.07	0.00239966
0.071	0.00218636
0.072	0.00199158
0.073	0.00181375
0.074	0.00165142
0.075	0.00150327
0.076	0.0013681
0.077	0.00124479
0.078	0.00113232
0.079	0.00102976
0.08	0.000936258
0.081	0.000851034
0.082	0.000773371
0.083	0.000702614
0.084	0.000638164
0.085	0.000579472
0.086	0.000526036
0.087	0.000477398
0.088	0.000433138
0.089	0.000392872
0.09	0.00035625
0.091	0.000322951
0.092	0.000292682
0.093	0.000265176
0.094	0.000240187
0.095	0.000217492
0.096	0.000196889
0.097	0.000178189
0.098	0.000161223
0.099	0.000145836
0.1	0.000131886
0.101	0.000119244
0.102	0.00010779
0.103	9.7419e-05
0.104	8.80308e-05
0.105	7.95363e-05
0.106	7.18534e-05
0.107	6.49078e-05
0.108	5.86312e-05
0.109	5.29616e-05
0.11	4.78424e-05
0.111	4.32221e-05
0.112	3.90537e-05
0.113	3.52944e-05
0.114	3.19052e-05
0.115	2.88506e-05
0.116	2.60983e-05
0.117	2.36189e-05
0.118	2.13856e-05
0.119	1.93743e-05
0.12	1.75627e-05
0.121	1.59308e-05
0.122	1.44605e-05
0.123	1.31353e-05
0.124	1.19402e-05
0.125	1.08617e-05
0.126	9.88757e-06
0.127	9.00681e-06
0.128	8.20945e-06
0.129	7.48653e-06
0.13	6.82997e-06
0.131	6.23256e-06
0.132	5.68781e-06
0.133	5.18992e-06
0.134	4.73372e-06
0.135	4.31462e-06
0.136	3.92853e-06
0.137	3.57184e-06
0.138	3.24137e-06
0.139	2.93432e-06
0.14	2.64824e-06
0.141	2.381e-06
0.142	2.13076e-06
0.143	1.89591e-06
0.144	1.6751e-06
0.145	1.46716e-06
0.146	1.27111e-06
0.147	1.08612e-06
0.148	9.11519e-07
0.149	7.4674e-07
0.15	5.91326e-07
0.151	4.44913e-07
0.152	3.07212e-07
0.153	1.77998e-07
0.154	5.70988e-08
0.155	-5.56152e-08
0.156	-1.60242e-07
0.157	-2.56855e-07
0.158	-3.45511e-07
0.159	-4.26258e-07
0.16	-4.9914e-07
0.161	-5.64204e-07
0.162	-6.21501e-07
0.163	-6.71096e-07
0.164	-7.13066e-07
0.165	-7.47504e-07
0.166	-7.74525e-07
0.167	-7.94261e-07
0.168	-8.06869e-07
0.169	-8.1253e-07
0.17	-8.11445e-07
0.171	-8.03842e-07
0.172	-7.8997e-07
0.173	-7.70104e-07
0.174	-7.44538e-07
0.175	-7.13588e-07
0.176	-6.77591e-07
0.177	-6.36901e-07
0.178	-5.91889e-07
0.179	-5.4294e-07
0.18	-4.90453e-07
0.181	-4.34837e-07
0.182	-3.76508e-07
0.183	-3.15892e-07
0.184	-2.53416e-07
0.185	-1.89509e-07
0.186	-1.24601e-07
0.187	-5.91183e-08
0.188	6.51716e-09
0.189	7.18909e-08
0.19	1.36598e-07
0.191	2.00243e-07
0.192	2.62446e-07
0.193	3.22841e-07
0.194	3.81079e-07
0.195	4.36827e-07
0.196	4.89777e-07
0.197	5.39636e-07
0.198	5.86139e-07
0.199	6.29041e-07
0.2	6.68121e-07
0.201	7.03187e-07
0.202	7.34068e-07
0.203	7.60623e-07
0.204	7.82736e-07
0.205	8.00317e-07
0.206	8.13305e-07
0.207	8.21665e-07
0.208	8.25386e-07
0.209	8.24486e-07
0.21	8.19008e-07
0.211	8.09019e-07
0.212	7.94611e-07
0.213	7.75898e-07
0.214	7.53017e-07
0.215	7.26127e-07
0.216	6.95405e-07
0.217	6.61048e-07
0.218	6.23271e-07
0.219	5.82304e-07
0.22	5.38391e-07
0.221	4.91791e-07
0.222	4.42771e-07
0.223	3.91611e-07
0.224	3.38599e-07
0.225	2.84027e-07
0.226	2.28196e-07
0.227	1.71407e-07
0.228	1.13963e-07
0.229	5.61701e-08
0.23	-1.66996e-09
0.231	-5.92571e-08
0.232	-1.16296e-07
0.233	-1.72497e-07
0.234	-2.27578e-07
0.235	-2.81264e-07
0.236	-3.33293e-07
0.237	-3.83411e-07
0.238	-4.31378e-07
0.239	-4.76966e-07
0.24	-5.19962e-07
0.241	-5.60167e-07
0.242	-5.974e-07
0.243	-6.31494e-07
0.244	-6.62301e-07
0.245	-6.8969e-07
0.246	-7.13548e-07
0.247	-7.33781e-07
0.248	-7.50312e-07
0.249	-7.63086e-07
0.25	-7.72063e-07
0.251	-7.77224e-07
0.252	-7.7857e-07
0.253	-7.76116e-07
0.254	-7.69901e-07
0.255	-7.59977e-07
0.256	-7.46416e-07
0.257	-7.29305e-07
0.258	-7.08748e-07
0.259	-6.84865e-07
0.26	-6.57791e-07
0.261	-6.27673e-07
0.262	-5.94672e-07
0.263	-5.58964e-07
0.264	-5.20731e-07
0.265	-4.80169e-07
0.266	-4.37483e-07
0.267	-3.92885e-07
0.268	-3.46594e-07
0.269	-2.98837e-07
0.27	-2.49844e-07
0.271	-1.99849e-07
0.272	-1.49091e-07
0.273	-9.7807e-08
0.274	-4.62371e-08
0.275	5.37997e-09
0.276	5.68071e-08
0.277	1.0781e-07
0.278	1.58158e-07
0.279	2.07625e-07
0.28	2.55991e-07
0.281	3.03042e-07
0.282	3.48573e-07
0.283	3.92386e-07
0.284	4.34291e-07
0.285	4.74112e-07
0.286	5.1168e-07
0.287	5.46838e-07
0.288	5.79441e-07
0.289	6.09358e-07
0.29	6.36468e-07
0.291	6.60666e-07
0.292	6.81858e-07
0.293	6.99966e-07
0.294	7.14925e-07
0.295	7.26684e-07
0.296	7.35208e-07
0.297	7.40474e-07
0.298	7.42475e-07
0.299	7.41219e-07
0.3	7.36725e-07
0.301	7.29028e-07
0.302	7.18177e-07
0.303	7.04234e-07
0.304	6.87273e-07
0.305	6.67381e-07
0.306	6.44657e-07
0.307	6.19212e-07
0.308	5.91167e-07
0.309	5.60653e-07
0.31	5.27813e-07
0.311	4.92797e-07
0.312	4.55762e-07
0.313	4.16877e-07
0.314	3.76314e-07
0.315	3.34251e-07
0.316	2.90874e-07
0.317	2.46371e-07
0.318	2.00934e-07
0.319	1.54759e-07
0.32	1.08043e-07
0.321	6.09843e-08
0.322	1.37808e-08
0.323	-3.33692e-08
0.324	-8.02691e-08
0.325	-1.26724e-07
0.326	-1.72543e-07
0.327	-2.17538e-07
0.328	-2.61526e-07
0.329	-3.04328e-07
0.33	-3.45772e-07
0.331	-3.85692e-07
0.332	-4.2393e-07
0.333	-4.60333e-07
0.334	-4.94761e-07
0.335	-5.27078e-07
0.336	-5.5716e-07
0.337	-5.84892e-07
0.338	-6.1017e-07
0.339	-6.32899e-07
0.34	-6.52995e-07
0.341	-6.70388e-07
0.342	-6.85014e-07
0.343	-6.96826e-07
0.344	-7.05784e-07
0.345	-7.11862e-07
0.346	-7.15046e-07
0.347	-7.15332e-07
0.348	-7.1273e-07
0.349	-7.07259e-07
0.35	-6.9895e-07
0.351	-6.87847e-07
0.352	-6.74003e-07
0.353	-6.57482e-07
0.354	-6.38359e-07
0.355	-6.16718e-07
0.356	-5.92653e-07
0.357	-5.66268e-07
0.358	-5.37675e-07
0.359	-5.06994e-07
0.36	-4.74353e-07
0.361	-4.39887e-07
0.362	-4.03738e-07
0.363	-3.66053e-07
0.364	-3.26986e-07
0.365	-2.86694e-07
0.366	-2.4534e-07
0.367	-2.03089e-07
0.368	-1.6011e-07
0.369	-1.16572e-07
0.37	-7.26492e-08
0.371	-2.85129e-08
0.372	1.56636e-08
0.373	5.97077e-08
0.374	1.03448e-07
0.375	1.46716e-07
0.376	1.89343e-07
0.377	2.31166e-07
0.378	2.72025e-07
0.379	3.11764e-07
0.38	3.50232e-07
0.381	3.87284e-07
0.382	4.22779e-07
0.383	4.56585e-07
0.384	4.88575e-07
0.385	5.18632e-07
0.386	5.46643e-07
0.387	5.72506e-07
0.388	5.96127e-07
0.389	6.1742e-07
0.39	6.3631e-07
0.391	6.5273e-07
0.392	6.66621e-07
0.393	6.77938e-07
0.394	6.86643e-07
0.395	6.92708e-07
0.396	6.96116e-07
0.397	6.9686e-07
0.398	6.94942e-07
0.399	6.90376e-07
0.4	6.83185e-07
0.401	6.73402e-07
0.402	6.61068e-07
0.403	6.46236e-07
0.404	6.28968e-07
0.405	6.09332e-07
0.406	5.8741e-07
0.407	5.63286e-07
0.408	5.37058e-07
0.409	5.08827e-07
0.41	4.78705e-07
0.411	4.46807e-07
0.412	4.13258e-07
0.413	3.78186e-07
0.414	3.41726e-07
0.415	3.04017e-07
0.416	2.65203e-07
0.417	2.25432e-07
0.418	1.84853e-07
0.419	1.43621e-07
0.42	1.01891e-07
0.421	5.9819e-08
0.422	1.75633e-08
0.423	-2.47182e-08
0.424	-6.68677e-08
0.425	-1.08728e-07
0.426	-1.50144e-07
0.427	-1.90962e-07
0.428	-2.3103e-07
0.429	-2.70202e-07
0.43	-3.08332e-07
0.431	-3.45281e-07
0.432	-3.80913e-07
0.433	-4.15098e-07
0.434	-4.4771e-07
0.435	-4.78631e-07
0.436	-5.07749e-07
0.437	-5.34959e-07
0.438	-5.60162e-07
0.439	-5.83267e-07
0.44	-6.04192e-07
0.441	-6.22862e-07
0.442	-6.3921e-07
0.443	-6.5318e-07
0.444	-6.64723e-07
0.445	-6.73798e-07
0.446	-6.80375e-07
0.447	-6.84433e-07
0.448	-6.85959e-07
0.449	-6.84951e-07
0.45	-6.81414e-07
0.451	-6.75365e-07
0.452	-6.66828e-07
0.453	-6.55837e-07
0.454	-6.42435e-07
0.455	-6.26673e-07
0.456	-6.08611e-07
0.457	-5.88318e-07
0.458	-5.6587e-07
0.459	-5.41352e-07
0.46	-5.14854e-07
0.461	-4.86476e-07
0.462	-4.56323e-07
0.463	-4.24506e-07
0.464	-3.91145e-07
0.465	-3.56361e-07
0.466	-3.20284e-07
0.467	-2.83046e-07
0.468	-2.44784e-07
0.469	-2.05638e-07
0.47	-1.65753e-07
0.471	-1.25275e-07
0.472	-8.43509e-08
0.473	-4.31318e-08
0.474	-1.76794e-09
0.475	3.95896e-08
0.476	8.07897e-08
0.477	1.21682e-07
0.478	1.62118e-07
0.479	2.0195e-07
0.48	2.41032e-07
0.481	2.79224e-07
0.482	3.16385e-07
0.483	3.52381e-07
0.484	3.8708e-07
0.485	4.20358e-07
0.486	4.52092e-07
0.487	4.82168e-07
0.488	5.10477e-07
0.489	5.36915e-07
0.49	5.61388e-07
0.491	5.83805e-07
0.492	6.04087e-07
0.493	6.22159e-07
0.494	6.37957e-07
0.495	6.51421e-07
0.496	6.62505e-07
0.497	6.71168e-07
0.498	6.77378e-07
0.499	6.81113e-07
0.5	6.8236e-07
0.501	6.81113e-07
0.502	6.77378e-07
0.503	6.71168e-07
0.504	6.62505e-07
0.505	6.51421e-07
0.506	6.37957e-07
0.507	6.22159e-07
0.508	6.04087e-07
0.509	5.83805e-07
0.51	5.61388e-07
0.511	5.36915e-07
0.512	5.10477e-07
0.513	4.82168e-07
0.514	4.52092e-07
0.515	4.20358e-07
0.516	3.8708e-07
0.517	3.52381e-07
0.518	3.16385e-07
0.519	2.79224e-07
0.52	2.41032e-07
0.521	2.0195e-07
0.522	1.62118e-07
0.523	1.21682e-07
0.524	8.07897e-08
0.525	3.95896e-08
0.526	-1.76794e-09
0.527	-4.31318e-08
0.528	-8.43509e-08
0.529	-1.25275e-07
0.53	-1.65753e-07
0.531	-2.05638e-07
0.532	-2.44784e-07
0.533	-2.83046e-07
0.534	-3.20284e-07
0.535	-3.56361e-07
0.536	-3.91145e-07
0.537	-4.24506e-07
0.538	-4.56323e-07
0.539	-4.86476e-07
0.54	-5.14854e-07
0.541	-5.41352e-07
0.542	-5.6587e-07
0.543	-5.88318e-07
0.544	-6.08611e-07
0.545	-6.26673e-07
0.546	-6.42435e-07
0.547	-6.55837e-07
0.548	-6.66828e-07
0.549	-6.75365e-07
0.55	-6.81414e-07
0.551	-6.84951e-07
0.552	-6.85959e-07
0.553	-6.84433e-07
0.554	-6.80375e-07
0.555	-6.73798e-07
0.556	-6.64723e-07
0.557	-6.5318e-07
0.558	-6.3921e-07
0.559	-6.22862e-07
0.56	-6.04192e-07
0.561	-5.83267e-07
0.562	-5.60162e-07
0.563	-5.34959e-07
0.564	-5.07749e-07
0.565	-4.78631e-07
0.566	-4.4771e-07
0.567	-4.15098e-07
0.568	-3.80913e-07
0.569	-3.45281e-07
0.57	-3.08332e-07
0.571	-2.70202e-07
0.572	-2.3103e-07
0.573	-1.90962e-07
0.574	-1.50144e-07
0.575	-1.08728e-07
0.576	-6.68677e-08
0.577	-2.47182e-08
0.578	1.75633e-08
0.579	5.9819e-08
0.58	1.01891e-07
0.581	1.43621e-07
0.582	1.84853e-07
0.583	2.25432e-07
0.584	2.65203e-07
0.585	3.04017e-07
0.586	3.41726e-07
0.587	3.78186e-07
0.588	4.13258e-07
0.589	4.46807e-07
0.59	4.78705e-07
0.591	5.08827e-07
0.592	5.37058e-07
0.593	5.63286e-07
0.594	5.8741e-07
0.595	6.09332e-07
0.596	6.28968e-07
0.597	6.46236e-07
0.598	6.61068e-07
0.599	6.73402e-07
0.6	6.83185e-07
0.601	6.90376e-07
0.602	6.94942e-07
0.603	6.9686e-07
0.604	6.96116e-07
0.605	6.92708e-07
0.606	6.86643e-07
0.607	6.77938e-07
0.608	6.66621e-07
0.609	6.5273e-07
0.61	6.3631e-07
0.611	6.1742e-07
0.612	5.96127e-07
0.613	5.72506e-07
0.614	5.46643e-07
0.615	5.18632e-07
0.616	4.88575e-07
0.617	4.56585e-07
0.618	4.22779e-07
0.619	3.87284e-07
0.62	3.50232e-07
0.621	3.11764e-07
0.622	2.72025e-07
0.623	2.31166e-07
0.624	1.89343e-07
0.625	1.46716e-07
0.626	1.03448e-07
0.627	5.97077e-08
0.628	1.56636e-08
0.629	-2.85129e-08
0.63	-7.26492e-08
0.631	-1.16572e-07
0.632	-1.6011e-07
0.633	-2.03089e-07
0.634	-2.4534e-07
0.635	-2.86694e-07
0.636	-3.26986e-07
0.637	-3.66053e-07
0.638	-4.03738e-07
0.639	-4.39887e-07
0.64	-4.74353e-07
0.641	-5.06994e-07
0.642	-5.37675e-07
0.643	-5.66268e-07
0.644	-5.92653e-07
0.645	-6.16718e-07
0.646	-6.38359e-07
0.647	-6.57482e-07
0.648	-6.74003e-07
0.649	-6.87847e-07
0.65	-6.9895e-07
0.651	-7.07259e-07
0.652	-7.1273e-07
0.653	-7.15332e-07
0.654	-7.15046e-07
0.655	-7.11862e-07
0.656	-7.05784e-07
0.657	-6.96826e-07
0.658	-6.85014e-07
0.659	-6.70388e-07
0.66	-6.52995e-07
0.661	-6.32899e-07
0.662	-6.1017e-07
0.663	-5.84892e-07
0.664	-5.5716e-07
0.665	-5.27078e-07
0.666	-4.94761e-07
0.667	-4.60333e-07
0.668	-4.2393e-07
0.669	-3.85692e-07
0.67	-3.45772e-07
0.671	-3.04328e-07
0.672	-2.61526e-07
0.673	-2.17538e-07
0.674	-1.72543e-07
0.675	-1.26724e-07
0.676	-8.02691e-08
0.677	-3.33692e-08
0.678	1.37808e-08
0.679	6.09843e-08
0.68	1.08043e-07
0.681	1.54759e-07
0.682	2.00934e-07
0.683	2.46371e-07
0.684	2.90874e-07
0.685	3.34251e-07
0.686	3.76314e-07
0.687	4.16877e-07
0.688	4.55762e-07
0.689	4.92797e-07
0.69	5.27813e-07
0.691	5.60653e-07
0.692	5.91167e-07
0.693	6.19212e-07
0.694	6.44657e-07
0.695	6.67381e-07
0.696	6.87273e-07
0.697	7.04234e-07
0.698	7.18177e-07
0.699	7.29028e-07
0.7	7.36725e-07
0.701	7.41219e-07
0.702	7.42475e-07
0.703	7.40474e-07
0.704	7.35208e-07
0.705	7.26684e-07
0.706	7.14925e-07
0.707	6.99966e-07
0.708	6.81858e-07
0.709	6.60666e-07
0.71	6.36468e-07
0.711	6.09358e-07
0.712	5.79441e-07
0.713	5.46838e-07
0.714	5.1168e-07
0.715	4.74112e-07
0.716	4.34291e-07
0.717	3.92386e-07
0.718	3.48573e-07
0.719	3.03042e-07
0.72	2.55991e-07
0.721	2.07625e-07
0.722	1.58158e-07
0.723	1.0781e-07
0.724	5.68071e-08
0.725	5.37996e-09
0.726	-4.62371e-08
0.727	-9.7807e-08
0.728	-1.49091e-07
0.729	-1.99849e-07
0.73	-2.49844e-07
0.731	-2.98837e-07
0.732	-3.46594e-07
0.733	-3.92885e-07
0.734	-4.37483e-07
0.735	-4.80169e-07
0.736	-5.20731e-07
0.737	-5.58964e-07
0.738	-5.94672e-07
0.739	-6.27673e-07
0.74	-6.57791e-07
0.741	-6.84865e-07
0.742	-7.08748e-07
0.743	-7.29305e-07
0.744	-7.46416e-07
0.745	-7.59977e-07
0.746	-7.69901e-07
0.747	-7.76116e-07
0.748	-7.7857e-07
0.749	-7.77224e-07
0.75	-7.72063e-07
0.751	-7.63086e-07
0.752	-7.50312e-07
0.753	-7.33781e-07
0.754	-7.13548e-07
0.755	-6.8969e-07
0.756	-6.62301e-07
0.757	-6.31494e-07
0.758	-5.974e-07
0.759	-5.60167e-07
0.76	-5.19962e-07
0.761	-4.76966e-07
0.762	-4.31378e-07
0.763	-3.83411e-07
0.764	-3.33293e-07
0.765	-2.81264e-07
0.766	-2.27578e-07
0.767	-1.72497e-07
0.768	-1.16296e-07
0.769	-5.92571e-08
0.77	-1.66996e-09
0.771	5.61701e-08
0.772	1.13963e-07
0.773	1.71407e-07
0.774	2.28196e-07
0.775	2.84027e-07
0.776	3.38599e-07
0.777	3.91611e-07
0.778	4.42771e-07
0.779	4.91791e-07
0.78	5.38391e-07
0.781	5.82304e-07
0.782	6.23271e-07
0.783	6.61048e-07
0.784	6.95405e-07
0.785	7.26127e-07
0.786	7.53017e-07
0.787	7.75898e-07
0.788	7.94611e-07
0.789	8.09019e-07
0.79	8.19008e-07
0.791	8.24486e-07
0.792	8.25386e-07
0.793	8.21665e-07
0.794	8.13305e-07
0.795	8.00317e-07
0.796	7.82736e-07
0.797	7.60623e-07
0.798	7.34068e-07
0.799	7.03187e-07
0.8	6.68121e-07
0.801	6.29041e-07
0.802	5.86139e-07
0.803	5.39636e-07
0.804	4.89777e-07
0.805	4.36827e-07
0.806	3.81079e-07
0.807	3.22841e-07
0.808	2.62446e-07
0.809	2.00243e-07
0.81	1.36598e-07
0.811	7.18909e-08
0.812	6.51716e-09
0.813	-5.91183e-08
0.814	-1.24601e-07
0.815	-1.89509e-07
0.816	-2.53416e-07
0.817	-3.15892e-07
0.818	-3.76508e-07
0.819	-4.34837e-07
0.82	-4.90453e-07
0.821	-5.4294e-07
0.822	-5.91889e-07
0.823	-6.36901e-07
0.824	-6.77591e-07
0.825	-7.13588e-07
0.826	-7.44538e-07
0.827	-7.70104e-07
0.828	-7.8997e-07
0.829	-8.03842e-07
0.83	-8.11445e-07
0.831	-8.1253e-07
0.832	-8.06869e-07
0.833	-7.94261e-07
0.834	-7.74525e-07
0.835	-7.47504e-07
0.836	-7.13066e-07
0.837	-6.71096e-07
0.838	-6.21501e-07
0.839	-5.64204e-07
0.84	-4.9914e-07
0.841	-4.26258e-07
0.842	-3.45511e-07
0.843	-2.56855e-07
0.844	-1.60242e-07
0.845	-5.56152e-08
0.846	5.70988e-08
0.847	1.77998e-07
0.848	3.07212e-07
0.849	4.44913e-07
0.85	5.91326e-07
0.851	7.4674e-07
0.852	9.11519e-07
0.853	1.08612e-06
0.854	1.27111e-06
0.855	1.46716e-06
0.856	1.6751e-06
0.857	1.89591e-06
0.858	2.13076e-06
0.859	2.381e-06
0.86	2.64824e-06
0.861	2.93432e-06
0.862	3.24137e-06
0.863	3.57184e-06
0.864	3.92853e-06
0.865	4.31462e-06
0.866	4.73372e-06
0.867	5.18992e-06
0.868	5.68781e-06
0.869	6.23256e-06
0.87	6.82997e-06
0.871	7.48653e-06
0.872	8.20945e-06
0.873	9.00681e-06
0.874	9.88757e-06
0.875	1.08617e-05
0.876	1.19402e-05
0.877	1.31353e-05
0.878	1.44605e-05
0.879	1.59308e-05
0.88	1.75627e-05
0.881	1.93743e-05
0.882	2.13856e-05
0.883	2.36189e-05
0.884	2.60983e-05
0.885	2.88506e-05
0.886	3.19052e-05
0.887	3.52944e-05
0.888	3.90537e-05
0.889	4.32221e-05
0.89	4.78424e-05
0.891	5.29616e-05
0.892	5.86312e-05
0.893	6.49078e-05
0.894	7.18534e-05
0.895	7.95363e-05
0.896	8.80308e-05
0.897	9.7419e-05
0.898	0.00010779
0.899	0.000119244
0.9	0.000131886
0.901	0.000145836
0.902	0.000161223
0.903	0.000178189
0.904	0.000196889
0.905	0.000217492
0.906	0.000240187
0.907	0.000265176
0.908	0.000292682
0.909	0.000322951
0.91	0.00035625
0.911	0.000392872
0.912	0.000433138
0.913	0.000477398
0.914	0.000526036
0.915	0.000579472
0.916	0.000638164
0.917	0.000702614
0.918	0.000773371
0.919	0.000851034
0.92	0.000936258
0.921	0.00102976
0.922	0.00113232
0.923	0.00124479
0.924	0.0013681
0.925	0.00150327
0.926	0.00165142
0.927	0.00181375
0.928	0.00199158
0.929	0.00218636
0.93	0.00239966
0.931	0.00263319
0.932	0.00288882
0.933	0.00316858
0.934	0.0034747
0.935	0.00380959
0.936	0.00417589
0.937	0.00457645
0.938	0.0050144
0.939	0.00549313
0.94	0.00601634
0.941	0.00658804
0.942	0.00721261
0.943	0.00789481
0.944	0.00863981
0.945	0.00945321
0.946	0.0103411
0.947	0.0113102
0.948	0.0123677
0.949	0.0135214
0.95	0.0147798
0.951	0.0161521
0.952	0.0176484
0.953	0.0192796
0.954	0.0210575
0.955	0.0229949
0.956	0.0251057
0.957	0.027405
0.958	0.0299091
0.959	0.0326358
0.96	0.0356044
0.961	0.0388356
0.962	0.0423521
0.963	0.0461783
0.964	0.0503407
0.965	0.0548681
0.966	0.0597916
0.967	0.0651449
0.968	0.0709643
0.969	0.0772894
0.97	0.0841629
0.971	0.0916311
0.972	0.0997439
0.973	0.108555
0.974	0.118124
0.975	0.128514
0.976	0.139792
0.977	0.152033
0.978	0.165317
0.979	0.17973
0.98	0.195366
0.981	0.212326
0.982	0.230717
0.983	0.250659
0.984	0.272278
0.985	0.295711
0.986	0.321106
0.987	0.348623
0.988	0.378434
0.989	0.410726
0.99	0.445699
0.991	0.48357
0.992	0.524571
0.993	0.568954
0.994	0.616991
0.995	0.668974
0.996	0.725218
0.997	0.786062
0.998	0.851871
0.999	0.923041
