# Interpolation data for function: (2*x-1)^40
0	0.898737
0.001	0.846509
0.002	0.7967
0.003	0.749221
0.004	0.703987
0.005	0.660911
0.006	0.619914
0.007	0.580914
0.008	0.543837
0.009	0.508606
0.01	0.475151
0.011	0.4434
0.012	0.413287
0.013	0.384745
0.014	0.357712
0.015	0.332125
0.016	0.307925
0.017	0.285054
0.018	0.263457
0.019	0.24308
0.02	0.22387
0.021	0.205777
0.022	0.188753
0.023	0.17275
0.024	0.157723
0.025	0.143627
0.026	0.130421
0.027	0.118063
0.028	0.106514
0.029	0.0957359
0.03	0.0856915
0.031	0.0763456
0.032	0.067664
0.033	0.0596138
0.034	0.0521632
0.035	0.0452816
0.036	0.0389397
0.037	0.0331092
0.038	0.0277628
0.039	0.0228744
0.04	0.0184189
0.041	0.0143721
0.042	0.0107107
0.043	0.00741251
0.044	0.00445616
0.045	0.00182113
0.046	-0.000512231
0.047	-0.00256275
0.048	-0.00434846
0.049	-0.00588662
0.05	-0.00719376
0.051	-0.00828565
0.052	-0.0091774
0.053	-0.00988341
0.054	-0.0104174
0.055	-0.0107926
0.056	-0.0110214
0.057	-0.0111158
0.058	-0.0110871
0.059	-0.010946
0.06	-0.0107029
0.061	-0.0103675
0.062	-0.00994895
0.063	-0.00945606
0.064	-0.00889711
0.065	-0.00827993
0.066	-0.00761193
0.067	-0.00690011
0.068	-0.00615104
0.069	-0.00537095
0.07	-0.00456564
0.071	-0.00374061
0.072	-0.00290098
0.073	-0.00205155
0.074	-0.0011968
0.075	-0.000340921
0.076	0.000512213
0.077	0.00135899
0.078	0.00219608
0.079	0.00302041
0.08	0.00382913
0.081	0.00461965
0.082	0.00538961
0.083	0.00613685
0.084	0.00685942
0.085	0.00755556
0.086	0.00822373
0.087	0.00886252
0.088	0.00947074
0.089	0.0100473
0.09	0.0105914
0.091	0.0111021
0.092	0.011579
0.093	0.0120214
0.094	0.0124291
0.095	0.0128019
0.096	0.0131395
0.097	0.0134419
0.098	0.0137093
0.099	0.0139418
0.1	0.0141396
0.101	0.0143031
0.102	0.0144327
0.103	0.0145288
0.104	0.014592
0.105	0.0146229
0.106	0.0146222
0.107	0.0145905
0.108	0.0145287
0.109	0.0144375
0.11	0.0143178
0.111	0.0141704
0.112	0.0139963
0.113	0.0137964
0.114	0.0135717
0.115	0.0133231
0.116	0.0130516
0.117	0.0127583
0.118	0.0124442
0.119	0.0121104
0.12	0.0117578
0.121	0.0113876
0.122	0.0110008
0.123	0.0105985
0.124	0.0101817
0.125	0.00975153
0.126	0.00930899
0.127	0.00885515
0.128	0.00839103
0.129	0.00791768
0.13	0.00743611
0.131	0.00694732
0.132	0.0064523
0.133	0.00595204
0.134	0.00544748
0.135	0.00493957
0.136	0.00442923
0.137	0.00391737
0.138	0.00340487
0.139	0.0028926
0.14	0.00238138
0.141	0.00187205
0.142	0.0013654
0.143	0.000862205
0.144	0.000363204
0.145	-0.000130873
0.146	-0.000619329
0.147	-0.00110149
0.148	-0.0015767
0.149	-0.00204435
0.15	-0.00250383
0.151	-0.00295457
0.152	-0.00339603
0.153	-0.00382769
0.154	-0.00424905
0.155	-0.00465964
0.156	-0.00505903
0.157	-0.00544679
0.158	-0.00582255
0.159	-0.00618592
0.16	-0.00653658
0.161	-0.00687421
0.162	-0.00719851
0.163	-0.00750923
0.164	-0.00780613
0.165	-0.00808898
0.166	-0.00835759
0.167	-0.00861181
0.168	-0.00885147
0.169	-0.00907645
0.17	-0.00928666
0.171	-0.00948201
0.172	-0.00966245
0.173	-0.00982794
0.174	-0.00997846
0.175	-0.010114
0.176	-0.0102346
0.177	-0.0103403
0.178	-0.0104312
0.179	-0.0105073
0.18	-0.0105687
0.181	-0.0106156
0.182	-0.010648
0.183	-0.0106662
0.184	-0.0106702
0.185	-0.0106603
0.186	-0.0106366
0.187	-0.0105994
0.188	-0.0105488
0.189	-0.0104852
0.19	-0.0104086
0.191	-0.0103195
0.192	-0.010218
0.193	-0.0101044
0.194	-0.00997897
0.195	-0.00984209
0.196	-0.00969401
0.197	-0.00953504
0.198	-0.0093655
0.199	-0.00918573
0.2	-0.00899605
0.201	-0.0087968
0.202	-0.00858833
0.203	-0.00837098
0.204	-0.00814513
0.205	-0.00791112
0.206	-0.00766931
0.207	-0.00742009
0.208	-0.00716381
0.209	-0.00690085
0.21	-0.00663159
0.211	-0.0063564
0.212	-0.00607566
0.213	-0.00578974
0.214	-0.00549904
0.215	-0.00520391
0.216	-0.00490476
0.217	-0.00460194
0.218	-0.00429584
0.219	-0.00398684
0.22	-0.0036753
0.221	-0.0033616
0.222	-0.0030461
0.223	-0.00272917
0.224	-0.00241117
0.225	-0.00209246
0.226	-0.00177339
0.227	-0.00145432
0.228	-0.00113558
0.229	-0.000817517
0.23	-0.000500471
0.231	-0.000184768
0.232	0.000129265
0.233	0.000441311
0.234	0.000751057
0.235	0.00105819
0.236	0.00136242
0.237	0.00166345
0.238	0.00196099
0.239	0.00225476
0.24	0.00254449
0.241	0.00282991
0.242	0.00311077
0.243	0.00338681
0.244	0.00365779
0.245	0.00392348
0.246	0.00418364
0.247	0.00443807
0.248	0.00468654
0.249	0.00492886
0.25	0.00516483
0.251	0.00539427
0.252	0.00561699
0.253	0.00583283
0.254	0.00604162
0.255	0.00624322
0.256	0.00643748
0.257	0.00662427
0.258	0.00680345
0.259	0.00697492
0.26	0.00713855
0.261	0.00729426
0.262	0.00744194
0.263	0.00758152
0.264	0.00771291
0.265	0.00783606
0.266	0.00795089
0.267	0.00805738
0.268	0.00815546
0.269	0.00824511
0.27	0.0083263
0.271	0.00839901
0.272	0.00846324
0.273	0.00851898
0.274	0.00856623
0.275	0.00860503
0.276	0.00863537
0.277	0.0086573
0.278	0.00867085
0.279	0.00867606
0.28	0.00867299
0.281	0.00866168
0.282	0.00864222
0.283	0.00861466
0.284	0.00857909
0.285	0.00853558
0.286	0.00848424
0.287	0.00842516
0.288	0.00835844
0.289	0.00828419
0.29	0.00820253
0.291	0.00811357
0.292	0.00801745
0.293	0.00791429
0.294	0.00780422
0.295	0.0076874
0.296	0.00756396
0.297	0.00743406
0.298	0.00729785
0.299	0.00715549
0.3	0.00700714
0.301	0.00685297
0.302	0.00669315
0.303	0.00652786
0.304	0.00635727
0.305	0.00618156
0.306	0.00600092
0.307	0.00581554
0.308	0.00562559
0.309	0.00543128
0.31	0.0052328
0.311	0.00503035
0.312	0.00482411
0.313	0.0046143
0.314	0.00440112
0.315	0.00418476
0.316	0.00396543
0.317	0.00374333
0.318	0.00351868
0.319	0.00329168
0.32	0.00306253
0.321	0.00283145
0.322	0.00259863
0.323	0.0023643
0.324	0.00212865
0.325	0.00189189
0.326	0.00165424
0.327	0.00141589
0.328	0.00117706
0.329	0.000937942
0.33	0.000698746
0.331	0.000459673
0.332	0.000220924
0.333	-1.73012e-05
0.334	-0.000254805
0.335	-0.000491392
0.336	-0.000726868
0.337	-0.00096104
0.338	-0.00119372
0.339	-0.00142472
0.34	-0.00165385
0.341	-0.00188094
0.342	-0.0021058
0.343	-0.00232825
0.344	-0.00254813
0.345	-0.00276525
0.346	-0.00297946
0.347	-0.00319059
0.348	-0.00339848
0.349	-0.00360297
0.35	-0.0038039
0.351	-0.00400114
0.352	-0.00419452
0.353	-0.0043839
0.354	-0.00456916
0.355	-0.00475015
0.356	-0.00492674
0.357	-0.0050988
0.358	-0.00526622
0.359	-0.00542888
0.36	-0.00558665
0.361	-0.00573944
0.362	-0.00588713
0.363	-0.00602963
0.364	-0.00616684
0.365	-0.00629867
0.366	-0.00642503
0.367	-0.00654584
0.368	-0.00666102
0.369	-0.0067705
0.37	-0.00687421
0.371	-0.00697209
0.372	-0.00706408
0.373	-0.00715013
0.374	-0.00723018
0.375	-0.0073042
0.376	-0.00737214
0.377	-0.00743397
0.378	-0.00748967
0.379	-0.00753919
0.38	-0.00758254
0.381	-0.00761968
0.382	-0.00765062
0.383	-0.00767534
0.384	-0.00769384
0.385	-0.00770614
0.386	-0.00771223
0.387	-0.00771213
0.388	-0.00770586
0.389	-0.00769344
0.39	-0.0076749
0.391	-0.00765027
0.392	-0.00761959
0.393	-0.00758289
0.394	-0.00754023
0.395	-0.00749164
0.396	-0.0074372
0.397	-0.00737694
0.398	-0.00731094
0.399	-0.00723926
0.4	-0.00716198
0.401	-0.00707916
0.402	-0.00699088
0.403	-0.00689722
0.404	-0.00679828
0.405	-0.00669414
0.406	-0.00658489
0.407	-0.00647062
0.408	-0.00635145
0.409	-0.00622747
0.41	-0.00609878
0.411	-0.00596551
0.412	-0.00582775
0.413	-0.00568563
0.414	-0.00553926
0.415	-0.00538877
0.416	-0.00523428
0.417	-0.00507591
0.418	-0.0049138
0.419	-0.00474807
0.42	-0.00457887
0.421	-0.00440631
0.422	-0.00423056
0.423	-0.00405173
0.424	-0.00386999
0.425	-0.00368546
0.426	-0.00349829
0.427	-0.00330864
0.428	-0.00311665
0.429	-0.00292247
0.43	-0.00272625
0.431	-0.00252814
0.432	-0.0023283
0.433	-0.00212688
0.434	-0.00192404
0.435	-0.00171992
0.436	-0.0015147
0.437	-0.00130852
0.438	-0.00110153
0.439	-0.000893911
0.44	-0.000685803
0.441	-0.000477368
0.442	-0.000268763
0.443	-6.01462e-05
0.444	0.000148326
0.445	0.000356498
0.446	0.000564212
0.447	0.000771314
0.448	0.000977649
0.449	0.00118306
0.45	0.0013874
0.451	0.00159052
0.452	0.00179226
0.453	0.00199247
0.454	0.00219101
0.455	0.00238773
0.456	0.00258248
0.457	0.00277512
0.458	0.00296552
0.459	0.00315352
0.46	0.00333899
0.461	0.0035218
0.462	0.0037018
0.463	0.00387888
0.464	0.0040529
0.465	0.00422373
0.466	0.00439125
0.467	0.00455533
0.468	0.00471586
0.469	0.00487272
0.47	0.0050258
0.471	0.00517498
0.472	0.00532016
0.473	0.00546123
0.474	0.00559808
0.475	0.00573063
0.476	0.00585877
0.477	0.00598242
0.478	0.00610147
0.479	0.00621585
0.48	0.00632547
0.481	0.00643026
0.482	0.00653014
0.483	0.00662503
0.484	0.00671487
0.485	0.00679959
0.486	0.00687914
0.487	0.00695345
0.488	0.00702247
0.489	0.00708616
0.49	0.00714446
0.491	0.00719734
0.492	0.00724475
0.493	0.00728667
0.494	0.00732305
0.495	0.00735389
0.496	0.00737915
0.497	0.00739881
0.498	0.00741287
0.499	0.0074213
0.5	0.00742412
0.501	0.0074213
0.502	0.00741287
0.503	0.00739881
0.504	0.00737915
0.505	0.00735389
0.506	0.00732305
0.507	0.00728667
0.508	0.00724475
0.509	0.00719734
0.51	0.00714446
0.511	0.00708616
0.512	0.00702247
0.513	0.00695345
0.514	0.00687914
0.515	0.00679959
0.516	0.00671487
0.517	0.00662503
0.518	0.00653014
0.519	0.00643026
0.52	0.00632547
0.521	0.00621585
0.522	0.00610147
0.523	0.00598242
0.524	0.00585877
0.525	0.00573063
0.526	0.00559808
0.527	0.00546123
0.528	0.00532016
0.529	0.00517498
0.53	0.0050258
0.531	0.00487272
0.532	0.00471586
0.533	0.00455533
0.534	0.00439125
0.535	0.00422373
0.536	0.0040529
0.537	0.00387888
0.538	0.0037018
0.539	0.0035218
0.54	0.00333899
0.541	0.00315352
0.542	0.00296552
0.543	0.00277512
0.544	0.00258248
0.545	0.00238773
0.546	0.00219101
0.547	0.00199247
0.548	0.00179226
0.549	0.00159052
0.55	0.0013874
0.551	0.00118306
0.552	0.000977649
0.553	0.000771314
0.554	0.000564212
0.555	0.000356498
0.556	0.000148326
0.557	-6.01462e-05
0.558	-0.000268763
0.559	-0.000477368
0.56	-0.000685803
0.561	-0.000893911
0.562	-0.00110153
0.563	-0.00130852
0.564	-0.0015147
0.565	-0.00171992
0.566	-0.00192404
0.567	-0.00212688
0.568	-0.0023283
0.569	-0.00252814
0.57	-0.00272625
0.571	-0.00292247
0.572	-0.00311665
0.573	-0.00330864
0.574	-0.00349829
0.575	-0.00368546
0.576	-0.00386999
0.577	-0.00405173
0.578	-0.00423056
0.579	-0.00440631
0.58	-0.00457887
0.581	-0.00474807
0.582	-0.0049138
0.583	-0.00507591
0.584	-0.00523428
0.585	-0.00538877
0.586	-0.00553926
0.587	-0.00568563
0.588	-0.00582775
0.589	-0.00596551
0.59	-0.00609878
0.591	-0.00622747
0.592	-0.00635145
0.593	-0.00647062
0.594	-0.00658489
0.595	-0.00669414
0.596	-0.00679828
0.597	-0.00689722
0.598	-0.00699088
0.599	-0.00707916
0.6	-0.00716198
0.601	-0.00723926
0.602	-0.00731094
0.603	-0.00737694
0.604	-0.0074372
0.605	-0.00749164
0.606	-0.00754023
0.607	-0.00758289
0.608	-0.00761959
0.609	-0.00765027
0.61	-0.0076749
0.611	-0.00769344
0.612	-0.00770586
0.613	-0.00771213
0.614	-0.00771223
0.615	-0.00770614
0.616	-0.00769384
0.617	-0.00767534
0.618	-0.00765062
0.619	-0.00761968
0.62	-0.00758254
0.621	-0.00753919
0.622	-0.00748967
0.623	-0.00743397
0.624	-0.00737214
0.625	-0.0073042
0.626	-0.00723018
0.627	-0.00715013
0.628	-0.00706408
0.629	-0.00697209
0.63	-0.00687421
0.631	-0.0067705
0.632	-0.00666102
0.633	-0.00654584
0.634	-0.00642503
0.635	-0.00629867
0.636	-0.00616684
0.637	-0.00602963
0.638	-0.00588713
0.639	-0.00573944
0.64	-0.00558665
0.641	-0.00542888
0.642	-0.00526622
0.643	-0.0050988
0.644	-0.00492674
0.645	-0.00475015
0.646	-0.00456916
0.647	-0.0043839
0.648	-0.00419452
0.649	-0.00400114
0.65	-0.0038039
0.651	-0.00360297
0.652	-0.00339848
0.653	-0.00319059
0.654	-0.00297946
0.655	-0.00276525
0.656	-0.00254813
0.657	-0.00232825
0.658	-0.0021058
0.659	-0.00188094
0.66	-0.00165385
0.661	-0.00142472
0.662	-0.00119372
0.663	-0.00096104
0.664	-0.000726868
0.665	-0.000491392
0.666	-0.000254805
0.667	-1.73012e-05
0.668	0.000220924
0.669	0.000459673
0.67	0.000698746
0.671	0.000937942
0.672	0.00117706
0.673	0.00141589
0.674	0.00165424
0.675	0.00189189
0.676	0.00212865
0.677	0.0023643
0.678	0.00259863
0.679	0.00283145
0.68	0.00306253
0.681	0.00329168
0.682	0.00351868
0.683	0.00374333
0.684	0.00396543
0.685	0.00418476
0.686	0.00440112
0.687	0.0046143
0.688	0.00482411
0.689	0.00503035
0.69	0.0052328
0.691	0.00543128
0.692	0.00562559
0.693	0.00581554
0.694	0.00600092
0.695	0.00618156
0.696	0.00635727
0.697	0.00652786
0.698	0.00669315
0.699	0.00685297
0.7	0.00700714
0.701	0.00715549
0.702	0.00729785
0.703	0.00743406
0.704	0.00756396
0.705	0.0076874
0.706	0.00780422
0.707	0.00791429
0.708	0.00801745
0.709	0.00811357
0.71	0.00820253
0.711	0.00828419
0.712	0.00835844
0.713	0.00842516
0.714	0.00848424
0.715	0.00853558
0.716	0.00857909
0.717	0.00861466
0.718	0.00864222
0.719	0.00866168
0.72	0.00867299
0.721	0.00867606
0.722	0.00867085
0.723	0.0086573
0.724	0.00863537
0.725	0.00860503
0.726	0.00856623
0.727	0.00851898
0.728	0.00846324
0.729	0.00839901
0.73	0.0083263
0.731	0.00824511
0.732	0.00815546
0.733	0.00805738
0.734	0.00795089
0.735	0.00783606
0.736	0.00771291
0.737	0.00758152
0.738	0.00744194
0.739	0.00729426
0.74	0.00713855
0.741	0.00697492
0.742	0.00680345
0.743	0.00662427
0.744	0.00643748
0.745	0.00624322
0.746	0.00604162
0.747	0.00583283
0.748	0.00561699
0.749	0.00539427
0.75	0.00516483
0.751	0.00492886
0.752	0.00468654
0.753	0.00443807
0.754	0.00418364
0.755	0.00392348
0.756	0.00365779
0.757	0.00338681
0.758	0.00311077
0.759	0.00282991
0.76	0.00254449
0.761	0.00225476
0.762	0.00196099
0.763	0.00166345
0.764	0.00136242
0.765	0.00105819
0.766	0.000751057
0.767	0.000441311
0.768	0.000129265
0.769	-0.000184768
0.77	-0.000500471
0.771	-0.000817517
0.772	-0.00113558
0.773	-0.00145432
0.774	-0.00177339
0.775	-0.00209246
0.776	-0.00241117
0.777	-0.00272917
0.778	-0.0030461
0.779	-0.0033616
0.78	-0.0036753
0.781	-0.00398684
0.782	-0.00429584
0.783	-0.00460194
0.784	-0.00490476
0.785	-0.00520391
0.786	-0.00549904
0.787	-0.00578974
0.788	-0.00607566
0.789	-0.0063564
0.79	-0.00663159
0.791	-0.00690085
0.792	-0.00716381
0.793	-0.00742009
0.794	-0.00766931
0.795	-0.00791112
0.796	-0.00814513
0.797	-0.00837098
0.798	-0.00858833
0.799	-0.0087968
0.8	-0.00899605
0.801	-0.00918573
0.802	-0.0093655
0.803	-0.00953504
0.804	-0.00969401
0.805	-0.00984209
0.806	-0.00997897
0.807	-0.0101044
0.808	-0.010218
0.809	-0.0103195
0.81	-0.0104086
0.811	-0.0104852
0.812	-0.0105488
0.813	-0.0105994
0.814	-0.0106366
0.815	-0.0106603
0.816	-0.0106702
0.817	-0.0106662
0.818	-0.010648
0.819	-0.0106156
0.82	-0.0105687
0.821	-0.0105073
0.822	-0.0104312
0.823	-0.0103403
0.824	-0.0102346
0.825	-0.010114
0.826	-0.00997846
0.827	-0.00982794
0.828	-0.00966245
0.829	-0.00948201
0.83	-0.00928666
0.831	-0.00907645
0.832	-0.00885147
0.833	-0.00861181
0.834	-0.00835759
0.835	-0.00808898
0.836	-0.00780613
0.837	-0.00750923
0.838	-0.00719851
0.839	-0.00687421
0.84	-0.00653658
0.841	-0.00618592
0.842	-0.00582255
0.843	-0.00544679
0.844	-0.00505903
0.845	-0.00465964
0.846	-0.00424905
0.847	-0.00382769
0.848	-0.00339603
0.849	-0.00295457
0.85	-0.00250383
0.851	-0.00204435
0.852	-0.0015767
0.853	-0.00110149
0.854	-0.000619329
0.855	-0.000130873
0.856	0.000363204
0.857	0.000862205
0.858	0.0013654
0.859	0.00187205
0.86	0.00238138
0.861	0.0028926
0.862	0.00340487
0.863	0.00391737
0.864	0.00442923
0.865	0.00493957
0.866	0.00544748
0.867	0.00595204
0.868	0.0064523
0.869	0.00694732
0.87	0.00743611
0.871	0.00791768
0.872	0.00839103
0.873	0.00885515
0.874	0.00930899
0.875	0.00975153
0.876	0.0101817
0.877	0.0105985
0.878	0.0110008
0.879	0.0113876
0.88	0.0117578
0.881	0.0121104
0.882	0.0124442
0.883	0.0127583
0.884	0.0130516
0.885	0.0133231
0.886	0.0135717
0.887	0.0137964
0.888	0.0139963
0.889	0.0141704
0.89	0.0143178
0.891	0.0144375
0.892	0.0145287
0.893	0.0145905
0.894	0.0146222
0.895	0.0146229
0.896	0.014592
0.897	0.0145288
0.898	0.0144327
0.899	0.0143031
0.9	0.0141396
0.901	0.0139418
0.902	0.0137093
0.903	0.0134419
0.904	0.0131395
0.905	0.0128019
0.906	0.0124291
0.907	0.0120214
0.908	0.011579
0.909	0.0111021
0.91	0.0105914
0.911	0.0100473
0.912	0.00947074
0.913	0.00886252
0.914	0.00822373
0.915	0.00755556
0.916	0.00685942
0.917	0.00613685
0.918	0.00538961
0.919	0.00461965
0.92	0.00382913
0.921	0.00302041
0.922	0.00219608
0.923	0.00135899
0.924	0.000512213
0.925	-0.000340921
0.926	-0.0011968
0.927	-0.00205155
0.928	-0.00290098
0.929	-0.00374061
0.93	-0.00456564
0.931	-0.00537095
0.932	-0.00615104
0.933	-0.00690011
0.934	-0.00761193
0.935	-0.00827993
0.936	-0.00889711
0.937	-0.00945606
0.938	-0.00994895
0.939	-0.0103675
0.94	-0.0107029
0.941	-0.010946
0.942	-0.0110871
0.943	-0.0111158
0.944	-0.0110214
0.945	-0.0107926
0.946	-0.0104174
0.947	-0.00988341
0.948	-0.0091774
0.949	-0.00828565
0.95	-0.00719376
0.951	-0.00588662
0.952	-0.00434846
0.953	-0.00256275
0.954	-0.000512231
0.955	0.00182113
0.956	0.00445616
0.957	0.00741251
0.958	0.0107107
0.959	0.0143721
0.96	0.0184189
0.961	0.0228744
0.962	0.0277628
0.963	0.0331092
0.964	0.0389397
0.965	0.0452816
0.966	0.0521632
0.967	0.0596138
0.968	0.067664
0.969	0.0763456
0.97	0.0856915
0.971	0.0957359
0.972	0.106514
0.973	0.118063
0.974	0.130421
0.975	0.143627
0.976	0.157723
0.977	0.17275
0.978	0.188753
0.979	0.205777
0.98	0.22387
0.981	0.24308
0.982	0.263457
0.983	0.285054
0.984	0.307925
0.985	0.332125
0.986	0.357712
0.987	0.384745
0.988	0.413287
0.989	0.4434
0.99	0.475151
0.991	0.508606
0.992	0.543837
0.993	0.580914
0.994	0.619914
0.995	0.660911
0.996	0.703987
0.997	0.749221
0.998	0.7967
0.999	0.846509
