# Interpolation data for function: (2*x-1)^40
0	1
0.001	0.923042
0.002	0.85187
0.003	0.786059
0.004	0.725215
0.005	0.668972
0.006	0.61699
0.007	0.568953
0.008	0.524571
0.009	0.48357
0.01	0.4457
0.011	0.410728
0.012	0.378436
0.013	0.348625
0.014	0.321108
0.015	0.295712
0.016	0.272279
0.017	0.25066
0.018	0.230718
0.019	0.212326
0.02	0.195366
0.021	0.17973
0.022	0.165316
0.023	0.152032
0.024	0.139791
0.025	0.128512
0.026	0.118123
0.027	0.108554
0.028	0.0997424
0.029	0.0916297
0.03	0.0841616
0.031	0.0772883
0.032	0.0709633
0.033	0.0651441
0.034	0.0597911
0.035	0.0548678
0.036	0.0503407
0.037	0.0461785
0.038	0.0423525
0.039	0.0388362
0.04	0.0356052
0.041	0.0326368
0.042	0.0299102
0.043	0.0274061
0.044	0.0251069
0.045	0.0229962
0.046	0.0210588
0.047	0.0192809
0.048	0.0176497
0.049	0.0161533
0.05	0.0147809
0.051	0.0135224
0.052	0.0123686
0.053	0.011311
0.054	0.0103418
0.055	0.00945367
0.056	0.0086401
0.057	0.00789494
0.058	0.00721258
0.059	0.00658785
0.06	0.00601599
0.061	0.00549263
0.062	0.00501377
0.063	0.0045757
0.064	0.00417503
0.065	0.00380864
0.066	0.00347367
0.067	0.00316749
0.068	0.00288768
0.069	0.00263203
0.07	0.00239849
0.071	0.0021852
0.072	0.00199045
0.073	0.00181265
0.074	0.00165038
0.075	0.0015023
0.076	0.00136721
0.077	0.00124398
0.078	0.00113161
0.079	0.00102916
0.08	0.000935775
0.081	0.000850669
0.082	0.000773127
0.083	0.000702493
0.084	0.000638165
0.085	0.000579594
0.086	0.000526276
0.087	0.000477751
0.088	0.000433599
0.089	0.000393435
0.09	0.000356906
0.091	0.000323692
0.092	0.000293499
0.093	0.000266058
0.094	0.000241124
0.095	0.000218475
0.096	0.000197904
0.097	0.000179226
0.098	0.000162271
0.099	0.000146884
0.1	0.000132923
0.101	0.000120258
0.102	0.000108773
0.103	9.83604e-05
0.104	8.89216e-05
0.105	8.03681e-05
0.106	7.26187e-05
0.107	6.55997e-05
0.108	5.92437e-05
0.109	5.34897e-05
0.11	4.82819e-05
0.111	4.35696e-05
0.112	3.93069e-05
0.113	3.54518e-05
0.114	3.19663e-05
0.115	2.88157e-05
0.116	2.59686e-05
0.117	2.33965e-05
0.118	2.10734e-05
0.119	1.89757e-05
0.12	1.70822e-05
0.121	1.53733e-05
0.122	1.38316e-05
0.123	1.2441e-05
0.124	1.1187e-05
0.125	1.00566e-05
0.126	9.03782e-06
0.127	8.11995e-06
0.128	7.29319e-06
0.129	6.54872e-06
0.13	5.87853e-06
0.131	5.27539e-06
0.132	4.73274e-06
0.133	4.24466e-06
0.134	3.80578e-06
0.135	3.41126e-06
0.136	3.05672e-06
0.137	2.7382e-06
0.138	2.45213e-06
0.139	2.19527e-06
0.14	1.96472e-06
0.141	1.75783e-06
0.142	1.57225e-06
0.143	1.40582e-06
0.144	1.25661e-06
0.145	1.12288e-06
0.146	1.00307e-06
0.147	8.95753e-07
0.148	7.99662e-07
0.149	7.13649e-07
0.15	6.36681e-07
0.151	5.67828e-07
0.152	5.06255e-07
0.153	4.5121e-07
0.154	4.02016e-07
0.155	3.58066e-07
0.156	3.18814e-07
0.157	2.83769e-07
0.158	2.5249e-07
0.159	2.24582e-07
0.16	1.9969e-07
0.161	1.77496e-07
0.162	1.57713e-07
0.163	1.40086e-07
0.164	1.24386e-07
0.165	1.10406e-07
0.166	9.79622e-08
0.167	8.68899e-08
0.168	7.70412e-08
0.169	6.82841e-08
0.17	6.05003e-08
0.171	5.35841e-08
0.172	4.7441e-08
0.173	4.19865e-08
0.174	3.71453e-08
0.175	3.28499e-08
0.176	2.90402e-08
0.177	2.56626e-08
0.178	2.26691e-08
0.179	2.00171e-08
0.18	1.76685e-08
0.181	1.55893e-08
0.182	1.37494e-08
0.183	1.21219e-08
0.184	1.06828e-08
0.185	9.4107e-09
0.186	8.28678e-09
0.187	7.29413e-09
0.188	6.41776e-09
0.189	5.64437e-09
0.19	4.96212e-09
0.191	4.36053e-09
0.192	3.83026e-09
0.193	3.36306e-09
0.194	2.95159e-09
0.195	2.58936e-09
0.196	2.27061e-09
0.197	1.99023e-09
0.198	1.74372e-09
0.199	1.52707e-09
0.2	1.33674e-09
0.201	1.16962e-09
0.202	1.02293e-09
0.203	8.94242e-10
0.204	7.81385e-10
0.205	6.8246e-10
0.206	5.95785e-10
0.207	5.19877e-10
0.208	4.5343e-10
0.209	3.9529e-10
0.21	3.44442e-10
0.211	2.99993e-10
0.212	2.61154e-10
0.213	2.27235e-10
0.214	1.97625e-10
0.215	1.71789e-10
0.216	1.49258e-10
0.217	1.29618e-10
0.218	1.12506e-10
0.219	9.76041e-11
0.22	8.46334e-11
0.221	7.3349e-11
0.222	6.35368e-11
0.223	5.50087e-11
0.224	4.76006e-11
0.225	4.11687e-11
0.226	3.5587e-11
0.227	3.07458e-11
0.228	2.6549e-11
0.229	2.29127e-11
0.23	1.97636e-11
0.231	1.7038e-11
0.232	1.46801e-11
0.233	1.26414e-11
0.234	1.08796e-11
0.235	9.35798e-12
0.236	8.04447e-12
0.237	6.91124e-12
0.238	5.93408e-12
0.239	5.09193e-12
0.24	4.36662e-12
0.241	3.7422e-12
0.242	3.20501e-12
0.243	2.74311e-12
0.244	2.34619e-12
0.245	2.00528e-12
0.246	1.71272e-12
0.247	1.46175e-12
0.248	1.24663e-12
0.249	1.06234e-12
0.25	9.0461e-13
0.251	7.69665e-13
0.252	6.54325e-13
0.253	5.55818e-13
0.254	4.71759e-13
0.255	4.00093e-13
0.256	3.39053e-13
0.257	2.87104e-13
0.258	2.42933e-13
0.259	2.05475e-13
0.26	1.73693e-13
0.261	1.46784e-13
0.262	1.2402e-13
0.263	1.04822e-13
0.264	8.86395e-14
0.265	7.50194e-14
0.266	6.35852e-14
0.267	5.40121e-14
0.268	4.59965e-14
0.269	3.92889e-14
0.27	3.37162e-14
0.271	2.91053e-14
0.272	2.52492e-14
0.273	2.20441e-14
0.274	1.93748e-14
0.275	1.71803e-14
0.276	1.53177e-14
0.277	1.37727e-14
0.278	1.24828e-14
0.279	1.13797e-14
0.28	1.04237e-14
0.281	9.57072e-15
0.282	8.79891e-15
0.283	8.12032e-15
0.284	7.46826e-15
0.285	6.85411e-15
0.286	6.2439e-15
0.287	5.66198e-15
0.288	5.06603e-15
0.289	4.48841e-15
0.29	3.89672e-15
0.291	3.29229e-15
0.292	2.68746e-15
0.293	2.10704e-15
0.294	1.48624e-15
0.295	8.96825e-16
0.296	3.04679e-16
0.297	-2.6504e-16
0.298	-8.21376e-16
0.299	-1.34471e-15
0.3	-1.86378e-15
0.301	-2.34979e-15
0.302	-2.79989e-15
0.303	-3.20094e-15
0.304	-3.56743e-15
0.305	-3.87477e-15
0.306	-4.14353e-15
0.307	-4.36309e-15
0.308	-4.52315e-15
0.309	-4.63296e-15
0.31	-4.69603e-15
0.311	-4.70379e-15
0.312	-4.62337e-15
0.313	-4.5293e-15
0.314	-4.36122e-15
0.315	-4.14908e-15
0.316	-3.8904e-15
0.317	-3.58319e-15
0.318	-3.24801e-15
0.319	-2.86941e-15
0.32	-2.46105e-15
0.321	-2.0206e-15
0.322	-1.56686e-15
0.323	-1.08957e-15
0.324	-6.09987e-16
0.325	-1.20806e-16
0.326	3.6518e-16
0.327	8.42378e-16
0.328	1.31074e-15
0.329	1.77141e-15
0.33	2.20306e-15
0.331	2.60176e-15
0.332	2.95967e-15
0.333	3.32537e-15
0.334	3.62712e-15
0.335	3.89365e-15
0.336	4.11003e-15
0.337	4.2651e-15
0.338	4.39535e-15
0.339	4.47643e-15
0.34	4.5013e-15
0.341	4.48093e-15
0.342	4.40671e-15
0.343	4.28695e-15
0.344	4.10456e-15
0.345	3.90036e-15
0.346	3.64996e-15
0.347	3.35857e-15
0.348	3.03319e-15
0.349	2.67393e-15
0.35	2.28917e-15
0.351	1.8824e-15
0.352	1.45434e-15
0.353	1.00938e-15
0.354	5.67102e-16
0.355	9.26718e-17
0.356	-3.4939e-16
0.357	-7.99833e-16
0.358	-1.23203e-15
0.359	-1.66332e-15
0.36	-2.0527e-15
0.361	-2.44362e-15
0.362	-2.79772e-15
0.363	-3.11774e-15
0.364	-3.40481e-15
0.365	-3.66436e-15
0.366	-3.87187e-15
0.367	-4.03812e-15
0.368	-4.16829e-15
0.369	-4.23163e-15
0.37	-4.27575e-15
0.371	-4.26048e-15
0.372	-4.20823e-15
0.373	-4.10197e-15
0.374	-3.97132e-15
0.375	-3.78244e-15
0.376	-3.55843e-15
0.377	-3.29921e-15
0.378	-2.993e-15
0.379	-2.67244e-15
0.38	-2.32758e-15
0.381	-1.94594e-15
0.382	-1.55531e-15
0.383	-1.14874e-15
0.384	-7.16534e-16
0.385	-2.83202e-16
0.386	1.43596e-16
0.387	5.7406e-16
0.388	9.79833e-16
0.389	1.38528e-15
0.39	1.78551e-15
0.391	2.16119e-15
0.392	2.50124e-15
0.393	2.82214e-15
0.394	3.12322e-15
0.395	3.37467e-15
0.396	3.60104e-15
0.397	3.78512e-15
0.398	3.94897e-15
0.399	4.05468e-15
0.4	4.12594e-15
0.401	4.14119e-15
0.402	4.11855e-15
0.403	4.06791e-15
0.404	3.96309e-15
0.405	3.81607e-15
0.406	3.62947e-15
0.407	3.41218e-15
0.408	3.16778e-15
0.409	2.89635e-15
0.41	2.56923e-15
0.411	2.2321e-15
0.412	1.88562e-15
0.413	1.51465e-15
0.414	1.11948e-15
0.415	7.21717e-16
0.416	3.05455e-16
0.417	-8.57298e-17
0.418	-4.92645e-16
0.419	-8.9203e-16
0.42	-1.27522e-15
0.421	-1.64998e-15
0.422	-2.00494e-15
0.423	-2.33867e-15
0.424	-2.66111e-15
0.425	-2.93997e-15
0.426	-3.18426e-15
0.427	-3.4127e-15
0.428	-3.5872e-15
0.429	-3.73504e-15
0.43	-3.83426e-15
0.431	-3.90113e-15
0.432	-3.93964e-15
0.433	-3.92094e-15
0.434	-3.86791e-15
0.435	-3.78163e-15
0.436	-3.65082e-15
0.437	-3.48068e-15
0.438	-3.28193e-15
0.439	-3.05199e-15
0.44	-2.78384e-15
0.441	-2.4998e-15
0.442	-2.18728e-15
0.443	-1.84272e-15
0.444	-1.48835e-15
0.445	-1.11639e-15
0.446	-7.49579e-16
0.447	-3.62302e-16
0.448	3.62954e-17
0.449	4.2459e-16
0.45	8.03983e-16
0.451	1.17888e-15
0.452	1.54799e-15
0.453	1.9032e-15
0.454	2.22454e-15
0.455	2.53541e-15
0.456	2.80973e-15
0.457	3.06185e-15
0.458	3.28827e-15
0.459	3.47507e-15
0.46	3.63375e-15
0.461	3.74215e-15
0.462	3.83307e-15
0.463	3.85734e-15
0.464	3.88247e-15
0.465	3.84179e-15
0.466	3.76685e-15
0.467	3.68354e-15
0.468	3.52297e-15
0.469	3.34911e-15
0.47	3.14068e-15
0.471	2.89589e-15
0.472	2.63097e-15
0.473	2.34883e-15
0.474	2.02549e-15
0.475	1.68684e-15
0.476	1.33103e-15
0.477	9.76345e-16
0.478	5.95843e-16
0.479	2.26966e-16
0.48	-1.66643e-16
0.481	-5.40424e-16
0.482	-8.97946e-16
0.483	-1.25149e-15
0.484	-1.59367e-15
0.485	-1.9237e-15
0.486	-2.2319e-15
0.487	-2.51899e-15
0.488	-2.7677e-15
0.489	-3.01174e-15
0.49	-3.22687e-15
0.491	-3.36366e-15
0.492	-3.53433e-15
0.493	-3.62678e-15
0.494	-3.68171e-15
0.495	-3.72082e-15
0.496	-3.67739e-15
0.497	-3.64002e-15
0.498	-3.59403e-15
0.499	-3.44317e-15
0.5	-3.30444e-15
0.501	-3.11147e-15
0.502	-2.90103e-15
0.503	-2.64899e-15
0.504	-2.38366e-15
0.505	-2.07835e-15
0.506	-1.75476e-15
0.507	-1.43447e-15
0.508	-1.10456e-15
0.509	-7.54138e-16
0.51	-3.67971e-16
0.511	1.04161e-17
0.512	3.58359e-16
0.513	7.41842e-16
0.514	1.09713e-15
0.515	1.44354e-15
0.516	1.77369e-15
0.517	2.06981e-15
0.518	2.37412e-15
0.519	2.64879e-15
0.52	2.88129e-15
0.521	3.1103e-15
0.522	3.29488e-15
0.523	3.44873e-15
0.524	3.57148e-15
0.525	3.64496e-15
0.526	3.7031e-15
0.527	3.71202e-15
0.528	3.68298e-15
0.529	3.6084e-15
0.53	3.52829e-15
0.531	3.39737e-15
0.532	3.24402e-15
0.533	3.03971e-15
0.534	2.80449e-15
0.535	2.55769e-15
0.536	2.29488e-15
0.537	1.97088e-15
0.538	1.66101e-15
0.539	1.3194e-15
0.54	9.78473e-16
0.541	6.22512e-16
0.542	2.67364e-16
0.543	-1.04986e-16
0.544	-4.69445e-16
0.545	-8.1287e-16
0.546	-1.16829e-15
0.547	-1.49872e-15
0.548	-1.82142e-15
0.549	-2.12283e-15
0.55	-2.42848e-15
0.551	-2.67334e-15
0.552	-2.89839e-15
0.553	-3.09711e-15
0.554	-3.26151e-15
0.555	-3.4014e-15
0.556	-3.5176e-15
0.557	-3.58484e-15
0.558	-3.6012e-15
0.559	-3.61252e-15
0.56	-3.55953e-15
0.561	-3.49058e-15
0.562	-3.36787e-15
0.563	-3.22987e-15
0.564	-3.04769e-15
0.565	-2.83516e-15
0.566	-2.61114e-15
0.567	-2.32697e-15
0.568	-2.0489e-15
0.569	-1.75118e-15
0.57	-1.42356e-15
0.571	-1.07522e-15
0.572	-7.10229e-16
0.573	-3.61188e-16
0.574	-3.92556e-18
0.575	3.54223e-16
0.576	7.14141e-16
0.577	1.05709e-15
0.578	1.39754e-15
0.579	1.73854e-15
0.58	2.03537e-15
0.581	2.32549e-15
0.582	2.59893e-15
0.583	2.83896e-15
0.584	3.05282e-15
0.585	3.23487e-15
0.586	3.36895e-15
0.587	3.49368e-15
0.588	3.57154e-15
0.589	3.60578e-15
0.59	3.60711e-15
0.591	3.5841e-15
0.592	3.50652e-15
0.593	3.40103e-15
0.594	3.26717e-15
0.595	3.09642e-15
0.596	2.90161e-15
0.597	2.66771e-15
0.598	2.42647e-15
0.599	2.12765e-15
0.6	1.82728e-15
0.601	1.50642e-15
0.602	1.15859e-15
0.603	8.13537e-16
0.604	4.56487e-16
0.605	8.95145e-17
0.606	-2.68534e-16
0.607	-6.30723e-16
0.608	-9.9448e-16
0.609	-1.32677e-15
0.61	-1.65861e-15
0.611	-1.96812e-15
0.612	-2.26049e-15
0.613	-2.54218e-15
0.614	-2.76849e-15
0.615	-2.99292e-15
0.616	-3.16693e-15
0.617	-3.32084e-15
0.618	-3.42748e-15
0.619	-3.49565e-15
0.62	-3.545e-15
0.621	-3.54535e-15
0.622	-3.52212e-15
0.623	-3.44028e-15
0.624	-3.33539e-15
0.625	-3.19643e-15
0.626	-3.03114e-15
0.627	-2.81129e-15
0.628	-2.58312e-15
0.629	-2.3141e-15
0.63	-2.01376e-15
0.631	-1.69993e-15
0.632	-1.38359e-15
0.633	-1.03145e-15
0.634	-6.88155e-16
0.635	-3.23529e-16
0.636	4.48127e-17
0.637	4.22396e-16
0.638	7.82174e-16
0.639	1.13941e-15
0.64	1.47834e-15
0.641	1.81412e-15
0.642	2.11911e-15
0.643	2.3932e-15
0.644	2.66004e-15
0.645	2.90436e-15
0.646	3.09687e-15
0.647	3.27056e-15
0.648	3.39583e-15
0.649	3.50515e-15
0.65	3.55427e-15
0.651	3.57617e-15
0.652	3.55631e-15
0.653	3.49287e-15
0.654	3.41144e-15
0.655	3.27839e-15
0.656	3.11026e-15
0.657	2.90361e-15
0.658	2.67053e-15
0.659	2.39923e-15
0.66	2.11002e-15
0.661	1.79839e-15
0.662	1.46498e-15
0.663	1.1229e-15
0.664	7.53315e-16
0.665	3.82667e-16
0.666	-1.04974e-18
0.667	-3.89071e-16
0.668	-7.61076e-16
0.669	-1.12077e-15
0.67	-1.46655e-15
0.671	-1.82123e-15
0.672	-2.13949e-15
0.673	-2.43743e-15
0.674	-2.70399e-15
0.675	-2.94541e-15
0.676	-3.14869e-15
0.677	-3.31989e-15
0.678	-3.45493e-15
0.679	-3.55093e-15
0.68	-3.61188e-15
0.681	-3.63321e-15
0.682	-3.61034e-15
0.683	-3.52355e-15
0.684	-3.43208e-15
0.685	-3.27941e-15
0.686	-3.10792e-15
0.687	-2.89676e-15
0.688	-2.6411e-15
0.689	-2.36077e-15
0.69	-2.04627e-15
0.691	-1.70561e-15
0.692	-1.35296e-15
0.693	-9.84929e-16
0.694	-6.06796e-16
0.695	-1.93849e-16
0.696	1.9913e-16
0.697	6.06432e-16
0.698	9.90631e-16
0.699	1.40477e-15
0.7	1.76712e-15
0.701	2.1409e-15
0.702	2.49239e-15
0.703	2.82796e-15
0.704	3.13869e-15
0.705	3.42385e-15
0.706	3.66692e-15
0.707	3.90301e-15
0.708	4.12606e-15
0.709	4.31609e-15
0.71	4.49281e-15
0.711	4.65295e-15
0.712	4.81064e-15
0.713	4.94366e-15
0.714	5.10935e-15
0.715	5.29648e-15
0.716	5.52456e-15
0.717	5.78989e-15
0.718	6.1403e-15
0.719	6.57315e-15
0.72	7.14286e-15
0.721	7.85212e-15
0.722	8.77184e-15
0.723	9.92459e-15
0.724	1.13618e-14
0.725	1.31409e-14
0.726	1.53516e-14
0.727	1.80399e-14
0.728	2.13414e-14
0.729	2.53375e-14
0.73	3.01642e-14
0.731	3.59931e-14
0.732	4.29602e-14
0.733	5.13075e-14
0.734	6.12454e-14
0.735	7.30791e-14
0.736	8.71167e-14
0.737	1.03745e-13
0.738	1.23388e-13
0.739	1.46625e-13
0.74	1.73998e-13
0.741	2.06271e-13
0.742	2.44189e-13
0.743	2.88797e-13
0.744	3.4116e-13
0.745	4.02615e-13
0.746	4.74667e-13
0.747	5.59057e-13
0.748	6.57856e-13
0.749	7.7343e-13
0.75	9.08569e-13
0.751	1.06644e-12
0.752	1.25083e-12
0.753	1.46598e-12
0.754	1.71691e-12
0.755	2.00942e-12
0.756	2.35015e-12
0.757	2.74689e-12
0.758	3.20853e-12
0.759	3.74543e-12
0.76	4.36948e-12
0.761	5.09441e-12
0.762	5.93611e-12
0.763	6.91282e-12
0.764	8.04559e-12
0.765	9.35859e-12
0.766	1.08797e-11
0.767	1.2641e-11
0.768	1.46791e-11
0.769	1.70365e-11
0.77	1.97617e-11
0.771	2.29103e-11
0.772	2.65462e-11
0.773	3.07426e-11
0.774	3.55835e-11
0.775	4.11648e-11
0.776	4.75965e-11
0.777	5.50044e-11
0.778	6.35323e-11
0.779	7.33445e-11
0.78	8.46288e-11
0.781	9.75996e-11
0.782	1.12502e-10
0.783	1.29614e-10
0.784	1.49254e-10
0.785	1.71786e-10
0.786	1.97622e-10
0.787	2.27232e-10
0.788	2.61152e-10
0.789	2.99991e-10
0.79	3.44441e-10
0.791	3.95289e-10
0.792	4.5343e-10
0.793	5.19878e-10
0.794	5.95786e-10
0.795	6.82461e-10
0.796	7.81387e-10
0.797	8.94244e-10
0.798	1.02294e-09
0.799	1.16962e-09
0.8	1.33675e-09
0.801	1.52707e-09
0.802	1.74372e-09
0.803	1.99024e-09
0.804	2.27061e-09
0.805	2.58937e-09
0.806	2.9516e-09
0.807	3.36306e-09
0.808	3.83026e-09
0.809	4.36053e-09
0.81	4.96213e-09
0.811	5.64437e-09
0.812	6.41776e-09
0.813	7.29413e-09
0.814	8.28678e-09
0.815	9.41071e-09
0.816	1.06828e-08
0.817	1.21219e-08
0.818	1.37494e-08
0.819	1.55893e-08
0.82	1.76685e-08
0.821	2.00171e-08
0.822	2.26691e-08
0.823	2.56626e-08
0.824	2.90402e-08
0.825	3.28499e-08
0.826	3.71453e-08
0.827	4.19865e-08
0.828	4.7441e-08
0.829	5.35841e-08
0.83	6.05003e-08
0.831	6.82841e-08
0.832	7.70412e-08
0.833	8.68899e-08
0.834	9.79622e-08
0.835	1.10406e-07
0.836	1.24386e-07
0.837	1.40086e-07
0.838	1.57713e-07
0.839	1.77496e-07
0.84	1.9969e-07
0.841	2.24582e-07
0.842	2.5249e-07
0.843	2.83769e-07
0.844	3.18814e-07
0.845	3.58066e-07
0.846	4.02016e-07
0.847	4.5121e-07
0.848	5.06255e-07
0.849	5.67828e-07
0.85	6.36681e-07
0.851	7.13649e-07
0.852	7.99662e-07
0.853	8.95753e-07
0.854	1.00307e-06
0.855	1.12288e-06
0.856	1.25661e-06
0.857	1.40582e-06
0.858	1.57225e-06
0.859	1.75783e-06
0.86	1.96472e-06
0.861	2.19527e-06
0.862	2.45213e-06
0.863	2.7382e-06
0.864	3.05672e-06
0.865	3.41126e-06
0.866	3.80578e-06
0.867	4.24465e-06
0.868	4.73274e-06
0.869	5.27539e-06
0.87	5.87853e-06
0.871	6.54872e-06
0.872	7.29319e-06
0.873	8.11995e-06
0.874	9.03782e-06
0.875	1.00566e-05
0.876	1.1187e-05
0.877	1.2441e-05
0.878	1.38316e-05
0.879	1.53733e-05
0.88	1.70822e-05
0.881	1.89757e-05
0.882	2.10734e-05
0.883	2.33965e-05
0.884	2.59686e-05
0.885	2.88157e-05
0.886	3.19663e-05
0.887	3.54518e-05
0.888	3.93069e-05
0.889	4.35696e-05
0.89	4.82819e-05
0.891	5.34897e-05
0.892	5.92437e-05
0.893	6.55997e-05
0.894	7.26187e-05
0.895	8.03681e-05
0.896	8.89216e-05
0.897	9.83604e-05
0.898	0.000108773
0.899	0.000120258
0.9	0.000132923
0.901	0.000146884
0.902	0.000162271
0.903	0.000179226
0.904	0.000197904
0.905	0.000218475
0.906	0.000241124
0.907	0.000266058
0.908	0.000293499
0.909	0.000323692
0.91	0.000356906
0.911	0.000393435
0.912	0.000433599
0.913	0.000477751
0.914	0.000526276
0.915	0.000579594
0.916	0.000638165
0.917	0.000702493
0.918	0.000773127
0.919	0.000850669
0.92	0.000935775
0.921	0.00102916
0.922	0.00113161
0.923	0.00124398
0.924	0.00136721
0.925	0.0015023
0.926	0.00165038
0.927	0.00181265
0.928	0.00199045
0.929	0.0021852
0.93	0.00239849
0.931	0.00263203
0.932	0.00288768
0.933	0.00316749
0.934	0.00347367
0.935	0.00380864
0.936	0.00417503
0.937	0.0045757
0.938	0.00501377
0.939	0.00549263
0.94	0.00601599
0.941	0.00658785
0.942	0.00721258
0.943	0.00789494
0.944	0.0086401
0.945	0.00945367
0.946	0.0103418
0.947	0.011311
0.948	0.0123686
0.949	0.0135224
0.95	0.0147809
0.951	0.0161533
0.952	0.0176497
0.953	0.0192809
0.954	0.0210588
0.955	0.0229962
0.956	0.0251069
0.957	0.0274061
0.958	0.0299102
0.959	0.0326368
0.96	0.0356052
0.961	0.0388362
0.962	0.0423525
0.963	0.0461785
0.964	0.0503407
0.965	0.0548678
0.966	0.0597911
0.967	0.0651441
0.968	0.0709633
0.969	0.0772883
0.97	0.0841616
0.971	0.0916297
0.972	0.0997424
0.973	0.108554
0.974	0.118123
0.975	0.128512
0.976	0.139791
0.977	0.152032
0.978	0.165316
0.979	0.17973
0.98	0.195366
0.981	0.212326
0.982	0.230718
0.983	0.25066
0.984	0.272279
0.985	0.295712
0.986	0.321108
0.987	0.348625
0.988	0.378436
0.989	0.410728
0.99	0.4457
0.991	0.48357
0.992	0.524571
0.993	0.568953
0.994	0.61699
0.995	0.668972
0.996	0.725215
0.997	0.786059
0.998	0.85187
0.999	0.923042
