# Interpolation data for function: (2*x-1)^40
0	1
0.001	0.923042
0.002	0.85187
0.003	0.786059
0.004	0.725215
0.005	0.668972
0.006	0.61699
0.007	0.568953
0.008	0.524571
0.009	0.48357
0.01	0.4457
0.011	0.410728
0.012	0.378436
0.013	0.348625
0.014	0.321108
0.015	0.295712
0.016	0.272279
0.017	0.25066
0.018	0.230718
0.019	0.212326
0.02	0.195366
0.021	0.17973
0.022	0.165316
0.023	0.152032
0.024	0.139791
0.025	0.128512
0.026	0.118123
0.027	0.108554
0.028	0.0997424
0.029	0.0916297
0.03	0.0841616
0.031	0.0772883
0.032	0.0709633
0.033	0.0651441
0.034	0.0597911
0.035	0.0548678
0.036	0.0503407
0.037	0.0461785
0.038	0.0423525
0.039	0.0388362
0.04	0.0356052
0.041	0.0326368
0.042	0.0299102
0.043	0.0274061
0.044	0.0251069
0.045	0.0229962
0.046	0.0210588
0.047	0.0192809
0.048	0.0176497
0.049	0.0161533
0.05	0.0147809
0.051	0.0135224
0.052	0.0123686
0.053	0.011311
0.054	0.0103418
0.055	0.00945367
0.056	0.0086401
0.057	0.00789494
0.058	0.00721258
0.059	0.00658785
0.06	0.00601599
0.061	0.00549263
0.062	0.00501377
0.063	0.0045757
0.064	0.00417503
0.065	0.00380864
0.066	0.00347367
0.067	0.00316749
0.068	0.00288768
0.069	0.00263203
0.07	0.00239849
0.071	0.0021852
0.072	0.00199045
0.073	0.00181265
0.074	0.00165038
0.075	0.0015023
0.076	0.00136721
0.077	0.00124398
0.078	0.00113161
0.079	0.00102916
0.08	0.000935775
0.081	0.000850669
0.082	0.000773128
0.083	0.000702493
0.084	0.000638165
0.085	0.000579594
0.086	0.000526277
0.087	0.000477752
0.088	0.0004336
0.089	0.000393436
0.09	0.000356907
0.091	0.000323693
0.092	0.0002935
0.093	0.000266059
0.094	0.000241126
0.095	0.000218476
0.096	0.000197905
0.097	0.000179227
0.098	0.000162273
0.099	0.000146885
0.1	0.000132924
0.101	0.000120259
0.102	0.000108774
0.103	9.83609e-05
0.104	8.8922e-05
0.105	8.03684e-05
0.106	7.26189e-05
0.107	6.55997e-05
0.108	5.92436e-05
0.109	5.34894e-05
0.11	4.82814e-05
0.111	4.3569e-05
0.112	3.93062e-05
0.113	3.5451e-05
0.114	3.19654e-05
0.115	2.88147e-05
0.116	2.59675e-05
0.117	2.33954e-05
0.118	2.10722e-05
0.119	1.89745e-05
0.12	1.7081e-05
0.121	1.53721e-05
0.122	1.38304e-05
0.123	1.24398e-05
0.124	1.11859e-05
0.125	1.00555e-05
0.126	9.03685e-06
0.127	8.11905e-06
0.128	7.29239e-06
0.129	6.54802e-06
0.13	5.87794e-06
0.131	5.27492e-06
0.132	4.73239e-06
0.133	4.24443e-06
0.134	3.80568e-06
0.135	3.41129e-06
0.136	3.05687e-06
0.137	2.73848e-06
0.138	2.45252e-06
0.139	2.19578e-06
0.14	1.96533e-06
0.141	1.75855e-06
0.142	1.57306e-06
0.143	1.40671e-06
0.144	1.25757e-06
0.145	1.1239e-06
0.146	1.00414e-06
0.147	8.96862e-07
0.148	8.00797e-07
0.149	7.14798e-07
0.15	6.37831e-07
0.151	5.68968e-07
0.152	5.07374e-07
0.153	4.52295e-07
0.154	4.03057e-07
0.155	3.59052e-07
0.156	3.19735e-07
0.157	2.84617e-07
0.158	2.53257e-07
0.159	2.2526e-07
0.16	2.00273e-07
0.161	1.77979e-07
0.162	1.58092e-07
0.163	1.40358e-07
0.164	1.24548e-07
0.165	1.10458e-07
0.166	9.79041e-08
0.167	8.67227e-08
0.168	7.67671e-08
0.169	6.79062e-08
0.17	6.00228e-08
0.171	5.30119e-08
0.172	4.678e-08
0.173	4.12434e-08
0.174	3.63273e-08
0.175	3.1965e-08
0.176	2.80969e-08
0.177	2.46697e-08
0.178	2.16359e-08
0.179	1.89532e-08
0.18	1.65837e-08
0.181	1.44934e-08
0.182	1.26523e-08
0.183	1.10333e-08
0.184	9.61236e-09
0.185	8.36785e-09
0.186	7.28051e-09
0.187	6.33309e-09
0.188	5.51013e-09
0.189	4.79778e-09
0.19	4.18363e-09
0.191	3.65652e-09
0.192	3.20645e-09
0.193	2.82442e-09
0.194	2.50234e-09
0.195	2.2329e-09
0.196	2.00954e-09
0.197	1.82635e-09
0.198	1.67796e-09
0.199	1.55957e-09
0.2	1.46682e-09
0.201	1.39577e-09
0.202	1.34288e-09
0.203	1.30497e-09
0.204	1.27914e-09
0.205	1.26282e-09
0.206	1.25369e-09
0.207	1.24968e-09
0.208	1.24894e-09
0.209	1.24983e-09
0.21	1.25093e-09
0.211	1.25098e-09
0.212	1.24888e-09
0.213	1.24372e-09
0.214	1.23472e-09
0.215	1.22124e-09
0.216	1.20277e-09
0.217	1.17892e-09
0.218	1.14943e-09
0.219	1.11414e-09
0.22	1.07297e-09
0.221	1.02596e-09
0.222	9.73212e-10
0.223	9.14927e-10
0.224	8.51365e-10
0.225	7.82852e-10
0.226	7.09776e-10
0.227	6.32572e-10
0.228	5.51725e-10
0.229	4.67754e-10
0.23	3.81214e-10
0.231	2.92683e-10
0.232	2.02762e-10
0.233	1.12063e-10
0.234	2.12083e-11
0.235	-6.91783e-11
0.236	-1.58476e-10
0.237	-2.46073e-10
0.238	-3.3137e-10
0.239	-4.13785e-10
0.24	-4.92762e-10
0.241	-5.67767e-10
0.242	-6.38301e-10
0.243	-7.03897e-10
0.244	-7.64126e-10
0.245	-8.18601e-10
0.246	-8.66974e-10
0.247	-9.08946e-10
0.248	-9.44264e-10
0.249	-9.72722e-10
0.25	-9.94164e-10
0.251	-1.00848e-09
0.252	-1.01563e-09
0.253	-1.01558e-09
0.254	-1.0084e-09
0.255	-9.94174e-10
0.256	-9.73041e-10
0.257	-9.45188e-10
0.258	-9.10849e-10
0.259	-8.70296e-10
0.26	-8.23846e-10
0.261	-7.7185e-10
0.262	-7.14696e-10
0.263	-6.52803e-10
0.264	-5.8662e-10
0.265	-5.1662e-10
0.266	-4.43299e-10
0.267	-3.67172e-10
0.268	-2.88769e-10
0.269	-2.08629e-10
0.27	-1.27302e-10
0.271	-4.53389e-11
0.272	3.67075e-11
0.273	1.18289e-10
0.274	1.98863e-10
0.275	2.779e-10
0.276	3.54882e-10
0.277	4.29309e-10
0.278	5.00704e-10
0.279	5.68609e-10
0.28	6.32594e-10
0.281	6.9226e-10
0.282	7.47235e-10
0.283	7.97182e-10
0.284	8.41799e-10
0.285	8.80822e-10
0.286	9.14021e-10
0.287	9.41209e-10
0.288	9.62238e-10
0.289	9.77e-10
0.29	9.85427e-10
0.291	9.87494e-10
0.292	9.83216e-10
0.293	9.72648e-10
0.294	9.55886e-10
0.295	9.33062e-10
0.296	9.04348e-10
0.297	8.69952e-10
0.298	8.30115e-10
0.299	7.85113e-10
0.3	7.35251e-10
0.301	6.80863e-10
0.302	6.2231e-10
0.303	5.59976e-10
0.304	4.94268e-10
0.305	4.25609e-10
0.306	3.54439e-10
0.307	2.81212e-10
0.308	2.06392e-10
0.309	1.30448e-10
0.31	5.38546e-11
0.311	-2.29111e-11
0.312	-9.93753e-11
0.313	-1.75068e-10
0.314	-2.49527e-10
0.315	-3.223e-10
0.316	-3.92947e-10
0.317	-4.61045e-10
0.318	-5.26186e-10
0.319	-5.87984e-10
0.32	-6.46077e-10
0.321	-7.00123e-10
0.322	-7.49811e-10
0.323	-7.94855e-10
0.324	-8.34998e-10
0.325	-8.70017e-10
0.326	-8.99718e-10
0.327	-9.23941e-10
0.328	-9.42559e-10
0.329	-9.55479e-10
0.33	-9.62645e-10
0.331	-9.64033e-10
0.332	-9.59654e-10
0.333	-9.49552e-10
0.334	-9.33808e-10
0.335	-9.12533e-10
0.336	-8.85872e-10
0.337	-8.54e-10
0.338	-8.17122e-10
0.339	-7.75472e-10
0.34	-7.29312e-10
0.341	-6.78926e-10
0.342	-6.24626e-10
0.343	-5.6674e-10
0.344	-5.05622e-10
0.345	-4.41637e-10
0.346	-3.75169e-10
0.347	-3.06614e-10
0.348	-2.36377e-10
0.349	-1.64874e-10
0.35	-9.2523e-11
0.351	-1.97474e-11
0.352	5.30294e-11
0.353	1.25386e-10
0.354	1.96904e-10
0.355	2.67174e-10
0.356	3.35792e-10
0.357	4.02369e-10
0.358	4.66525e-10
0.359	5.279e-10
0.36	5.86148e-10
0.361	6.40944e-10
0.362	6.91982e-10
0.363	7.38981e-10
0.364	7.81683e-10
0.365	8.19855e-10
0.366	8.53291e-10
0.367	8.81812e-10
0.368	9.0527e-10
0.369	9.23543e-10
0.37	9.36541e-10
0.371	9.44203e-10
0.372	9.46499e-10
0.373	9.43428e-10
0.374	9.35022e-10
0.375	9.2134e-10
0.376	9.02471e-10
0.377	8.78535e-10
0.378	8.49678e-10
0.379	8.16073e-10
0.38	7.7792e-10
0.381	7.35442e-10
0.382	6.88888e-10
0.383	6.38528e-10
0.384	5.84651e-10
0.385	5.27565e-10
0.386	4.67597e-10
0.387	4.05087e-10
0.388	3.40388e-10
0.389	2.73864e-10
0.39	2.05891e-10
0.391	1.36847e-10
0.392	6.71188e-11
0.393	-2.90634e-12
0.394	-7.28398e-11
0.395	-1.42295e-10
0.396	-2.10888e-10
0.397	-2.78243e-10
0.398	-3.4399e-10
0.399	-4.07769e-10
0.4	-4.69233e-10
0.401	-5.28047e-10
0.402	-5.83893e-10
0.403	-6.3647e-10
0.404	-6.85494e-10
0.405	-7.30703e-10
0.406	-7.71856e-10
0.407	-8.08734e-10
0.408	-8.41143e-10
0.409	-8.68913e-10
0.41	-8.919e-10
0.411	-9.09987e-10
0.412	-9.23082e-10
0.413	-9.31123e-10
0.414	-9.34074e-10
0.415	-9.31926e-10
0.416	-9.24699e-10
0.417	-9.12441e-10
0.418	-8.95226e-10
0.419	-8.73155e-10
0.42	-8.46354e-10
0.421	-8.14976e-10
0.422	-7.79198e-10
0.423	-7.39219e-10
0.424	-6.95263e-10
0.425	-6.47572e-10
0.426	-5.96409e-10
0.427	-5.42055e-10
0.428	-4.84808e-10
0.429	-4.24982e-10
0.43	-3.62901e-10
0.431	-2.98903e-10
0.432	-2.33336e-10
0.433	-1.66554e-10
0.434	-9.89182e-11
0.435	-3.07935e-11
0.436	3.74535e-11
0.437	1.05456e-10
0.438	1.72849e-10
0.439	2.39272e-10
0.44	3.04369e-10
0.441	3.67793e-10
0.442	4.29206e-10
0.443	4.8828e-10
0.444	5.44703e-10
0.445	5.98175e-10
0.446	6.48412e-10
0.447	6.9515e-10
0.448	7.38142e-10
0.449	7.77161e-10
0.45	8.12004e-10
0.451	8.42487e-10
0.452	8.68453e-10
0.453	8.89766e-10
0.454	9.06318e-10
0.455	9.18023e-10
0.456	9.24823e-10
0.457	9.26686e-10
0.458	9.23606e-10
0.459	9.15604e-10
0.46	9.02724e-10
0.461	8.8504e-10
0.462	8.62649e-10
0.463	8.35673e-10
0.464	8.04258e-10
0.465	7.68574e-10
0.466	7.28813e-10
0.467	6.8519e-10
0.468	6.37937e-10
0.469	5.87308e-10
0.47	5.33574e-10
0.471	4.77019e-10
0.472	4.17947e-10
0.473	3.56672e-10
0.474	2.93519e-10
0.475	2.28823e-10
0.476	1.62929e-10
0.477	9.61859e-11
0.478	2.89473e-11
0.479	-3.84305e-11
0.48	-1.05591e-10
0.481	-1.72178e-10
0.482	-2.3784e-10
0.483	-3.0223e-10
0.484	-3.65007e-10
0.485	-4.25841e-10
0.486	-4.84408e-10
0.487	-5.40402e-10
0.488	-5.93525e-10
0.489	-6.43498e-10
0.49	-6.90057e-10
0.491	-7.32957e-10
0.492	-7.71972e-10
0.493	-8.06895e-10
0.494	-8.37543e-10
0.495	-8.63754e-10
0.496	-8.85391e-10
0.497	-9.02339e-10
0.498	-9.14508e-10
0.499	-9.21836e-10
0.5	-9.24283e-10
0.501	-9.21836e-10
0.502	-9.14508e-10
0.503	-9.02339e-10
0.504	-8.85391e-10
0.505	-8.63755e-10
0.506	-8.37543e-10
0.507	-8.06895e-10
0.508	-7.71972e-10
0.509	-7.32958e-10
0.51	-6.90058e-10
0.511	-6.43499e-10
0.512	-5.93526e-10
0.513	-5.40403e-10
0.514	-4.84409e-10
0.515	-4.25842e-10
0.516	-3.65008e-10
0.517	-3.02231e-10
0.518	-2.37841e-10
0.519	-1.72179e-10
0.52	-1.05592e-10
0.521	-3.84316e-11
0.522	2.89462e-11
0.523	9.61848e-11
0.524	1.62928e-10
0.525	2.28822e-10
0.526	2.93518e-10
0.527	3.56671e-10
0.528	4.17946e-10
0.529	4.77018e-10
0.53	5.33573e-10
0.531	5.87308e-10
0.532	6.37937e-10
0.533	6.85189e-10
0.534	7.28813e-10
0.535	7.68573e-10
0.536	8.04257e-10
0.537	8.35672e-10
0.538	8.62648e-10
0.539	8.8504e-10
0.54	9.02724e-10
0.541	9.15603e-10
0.542	9.23606e-10
0.543	9.26686e-10
0.544	9.24823e-10
0.545	9.18023e-10
0.546	9.06318e-10
0.547	8.89767e-10
0.548	8.68453e-10
0.549	8.42488e-10
0.55	8.12004e-10
0.551	7.77162e-10
0.552	7.38142e-10
0.553	6.95151e-10
0.554	6.48413e-10
0.555	5.98176e-10
0.556	5.44704e-10
0.557	4.88281e-10
0.558	4.29207e-10
0.559	3.67794e-10
0.56	3.0437e-10
0.561	2.39273e-10
0.562	1.7285e-10
0.563	1.05457e-10
0.564	3.74545e-11
0.565	-3.07924e-11
0.566	-9.89171e-11
0.567	-1.66553e-10
0.568	-2.33335e-10
0.569	-2.98902e-10
0.57	-3.629e-10
0.571	-4.24981e-10
0.572	-4.84807e-10
0.573	-5.42054e-10
0.574	-5.96408e-10
0.575	-6.47571e-10
0.576	-6.95262e-10
0.577	-7.39219e-10
0.578	-7.79197e-10
0.579	-8.14976e-10
0.58	-8.46354e-10
0.581	-8.73154e-10
0.582	-8.95226e-10
0.583	-9.12441e-10
0.584	-9.24699e-10
0.585	-9.31926e-10
0.586	-9.34074e-10
0.587	-9.31123e-10
0.588	-9.23082e-10
0.589	-9.09987e-10
0.59	-8.91901e-10
0.591	-8.68914e-10
0.592	-8.41144e-10
0.593	-8.08735e-10
0.594	-7.71857e-10
0.595	-7.30704e-10
0.596	-6.85495e-10
0.597	-6.36471e-10
0.598	-5.83894e-10
0.599	-5.28048e-10
0.6	-4.69234e-10
0.601	-4.0777e-10
0.602	-3.43991e-10
0.603	-2.78244e-10
0.604	-2.1089e-10
0.605	-1.42296e-10
0.606	-7.28409e-11
0.607	-2.90744e-12
0.608	6.71177e-11
0.609	1.36846e-10
0.61	2.0589e-10
0.611	2.73863e-10
0.612	3.40387e-10
0.613	4.05086e-10
0.614	4.67596e-10
0.615	5.27564e-10
0.616	5.8465e-10
0.617	6.38527e-10
0.618	6.88888e-10
0.619	7.35442e-10
0.62	7.77919e-10
0.621	8.16072e-10
0.622	8.49678e-10
0.623	8.78535e-10
0.624	9.02471e-10
0.625	9.2134e-10
0.626	9.35022e-10
0.627	9.43428e-10
0.628	9.46499e-10
0.629	9.44203e-10
0.63	9.36541e-10
0.631	9.23543e-10
0.632	9.0527e-10
0.633	8.81813e-10
0.634	8.53291e-10
0.635	8.19855e-10
0.636	7.81684e-10
0.637	7.38982e-10
0.638	6.91983e-10
0.639	6.40945e-10
0.64	5.86149e-10
0.641	5.27901e-10
0.642	4.66526e-10
0.643	4.0237e-10
0.644	3.35793e-10
0.645	2.67175e-10
0.646	1.96905e-10
0.647	1.25387e-10
0.648	5.30306e-11
0.649	-1.97462e-11
0.65	-9.25218e-11
0.651	-1.64873e-10
0.652	-2.36376e-10
0.653	-3.06613e-10
0.654	-3.75168e-10
0.655	-4.41636e-10
0.656	-5.05621e-10
0.657	-5.6674e-10
0.658	-6.24625e-10
0.659	-6.78926e-10
0.66	-7.29311e-10
0.661	-7.75472e-10
0.662	-8.17121e-10
0.663	-8.53999e-10
0.664	-8.85872e-10
0.665	-9.12533e-10
0.666	-9.33808e-10
0.667	-9.49552e-10
0.668	-9.59654e-10
0.669	-9.64033e-10
0.67	-9.62646e-10
0.671	-9.5548e-10
0.672	-9.42559e-10
0.673	-9.23941e-10
0.674	-8.99718e-10
0.675	-8.70018e-10
0.676	-8.34999e-10
0.677	-7.94856e-10
0.678	-7.49812e-10
0.679	-7.00124e-10
0.68	-6.46078e-10
0.681	-5.87985e-10
0.682	-5.26187e-10
0.683	-4.61046e-10
0.684	-3.92948e-10
0.685	-3.22301e-10
0.686	-2.49528e-10
0.687	-1.75069e-10
0.688	-9.93766e-11
0.689	-2.29124e-11
0.69	5.38534e-11
0.691	1.30446e-10
0.692	2.0639e-10
0.693	2.81211e-10
0.694	3.54438e-10
0.695	4.25608e-10
0.696	4.94267e-10
0.697	5.59975e-10
0.698	6.22309e-10
0.699	6.80862e-10
0.7	7.3525e-10
0.701	7.85112e-10
0.702	8.30114e-10
0.703	8.69951e-10
0.704	9.04348e-10
0.705	9.33061e-10
0.706	9.55885e-10
0.707	9.72648e-10
0.708	9.83216e-10
0.709	9.87494e-10
0.71	9.85427e-10
0.711	9.77e-10
0.712	9.62238e-10
0.713	9.4121e-10
0.714	9.14022e-10
0.715	8.80822e-10
0.716	8.418e-10
0.717	7.97183e-10
0.718	7.47236e-10
0.719	6.92261e-10
0.72	6.32596e-10
0.721	5.6861e-10
0.722	5.00705e-10
0.723	4.29311e-10
0.724	3.54883e-10
0.725	2.77901e-10
0.726	1.98864e-10
0.727	1.1829e-10
0.728	3.67087e-11
0.729	-4.53376e-11
0.73	-1.27301e-10
0.731	-2.08628e-10
0.732	-2.88767e-10
0.733	-3.67171e-10
0.734	-4.43298e-10
0.735	-5.16619e-10
0.736	-5.86619e-10
0.737	-6.52802e-10
0.738	-7.14695e-10
0.739	-7.71849e-10
0.74	-8.23845e-10
0.741	-8.70296e-10
0.742	-9.10848e-10
0.743	-9.45188e-10
0.744	-9.7304e-10
0.745	-9.94174e-10
0.746	-1.0084e-09
0.747	-1.01558e-09
0.748	-1.01563e-09
0.749	-1.00848e-09
0.75	-9.94164e-10
0.751	-9.72723e-10
0.752	-9.44265e-10
0.753	-9.08947e-10
0.754	-8.66975e-10
0.755	-8.18601e-10
0.756	-7.64127e-10
0.757	-7.03898e-10
0.758	-6.38302e-10
0.759	-5.67768e-10
0.76	-4.92763e-10
0.761	-4.13787e-10
0.762	-3.31371e-10
0.763	-2.46074e-10
0.764	-1.58478e-10
0.765	-6.91797e-11
0.766	2.1207e-11
0.767	1.12062e-10
0.768	2.0276e-10
0.769	2.92682e-10
0.77	3.81212e-10
0.771	4.67753e-10
0.772	5.51724e-10
0.773	6.32571e-10
0.774	7.09775e-10
0.775	7.82851e-10
0.776	8.51364e-10
0.777	9.14926e-10
0.778	9.73211e-10
0.779	1.02596e-09
0.78	1.07297e-09
0.781	1.11414e-09
0.782	1.14943e-09
0.783	1.17892e-09
0.784	1.20277e-09
0.785	1.22124e-09
0.786	1.23472e-09
0.787	1.24372e-09
0.788	1.24888e-09
0.789	1.25098e-09
0.79	1.25093e-09
0.791	1.24983e-09
0.792	1.24894e-09
0.793	1.24968e-09
0.794	1.25369e-09
0.795	1.26282e-09
0.796	1.27914e-09
0.797	1.30497e-09
0.798	1.34288e-09
0.799	1.39577e-09
0.8	1.46682e-09
0.801	1.55957e-09
0.802	1.67797e-09
0.803	1.82635e-09
0.804	2.00955e-09
0.805	2.2329e-09
0.806	2.50234e-09
0.807	2.82442e-09
0.808	3.20645e-09
0.809	3.65652e-09
0.81	4.18363e-09
0.811	4.79778e-09
0.812	5.51013e-09
0.813	6.33309e-09
0.814	7.28051e-09
0.815	8.36785e-09
0.816	9.61236e-09
0.817	1.10333e-08
0.818	1.26523e-08
0.819	1.44934e-08
0.82	1.65837e-08
0.821	1.89532e-08
0.822	2.16359e-08
0.823	2.46697e-08
0.824	2.80969e-08
0.825	3.1965e-08
0.826	3.63273e-08
0.827	4.12434e-08
0.828	4.678e-08
0.829	5.30119e-08
0.83	6.00228e-08
0.831	6.79062e-08
0.832	7.67671e-08
0.833	8.67227e-08
0.834	9.79041e-08
0.835	1.10458e-07
0.836	1.24548e-07
0.837	1.40358e-07
0.838	1.58092e-07
0.839	1.77979e-07
0.84	2.00273e-07
0.841	2.2526e-07
0.842	2.53257e-07
0.843	2.84617e-07
0.844	3.19735e-07
0.845	3.59052e-07
0.846	4.03057e-07
0.847	4.52295e-07
0.848	5.07374e-07
0.849	5.68968e-07
0.85	6.37831e-07
0.851	7.14798e-07
0.852	8.00797e-07
0.853	8.96862e-07
0.854	1.00414e-06
0.855	1.1239e-06
0.856	1.25757e-06
0.857	1.40671e-06
0.858	1.57306e-06
0.859	1.75855e-06
0.86	1.96533e-06
0.861	2.19578e-06
0.862	2.45252e-06
0.863	2.73848e-06
0.864	3.05687e-06
0.865	3.41129e-06
0.866	3.80568e-06
0.867	4.24443e-06
0.868	4.73239e-06
0.869	5.27492e-06
0.87	5.87794e-06
0.871	6.54802e-06
0.872	7.29239e-06
0.873	8.11905e-06
0.874	9.03685e-06
0.875	1.00555e-05
0.876	1.11859e-05
0.877	1.24398e-05
0.878	1.38304e-05
0.879	1.53721e-05
0.88	1.7081e-05
0.881	1.89745e-05
0.882	2.10722e-05
0.883	2.33954e-05
0.884	2.59675e-05
0.885	2.88147e-05
0.886	3.19654e-05
0.887	3.5451e-05
0.888	3.93062e-05
0.889	4.3569e-05
0.89	4.82814e-05
0.891	5.34894e-05
0.892	5.92436e-05
0.893	6.55997e-05
0.894	7.26189e-05
0.895	8.03684e-05
0.896	8.8922e-05
0.897	9.83609e-05
0.898	0.000108774
0.899	0.000120259
0.9	0.000132924
0.901	0.000146885
0.902	0.000162273
0.903	0.000179227
0.904	0.000197905
0.905	0.000218476
0.906	0.000241126
0.907	0.000266059
0.908	0.0002935
0.909	0.000323693
0.91	0.000356907
0.911	0.000393436
0.912	0.0004336
0.913	0.000477752
0.914	0.000526277
0.915	0.000579594
0.916	0.000638165
0.917	0.000702493
0.918	0.000773128
0.919	0.000850669
0.92	0.000935775
0.921	0.00102916
0.922	0.00113161
0.923	0.00124398
0.924	0.00136721
0.925	0.0015023
0.926	0.00165038
0.927	0.00181265
0.928	0.00199045
0.929	0.0021852
0.93	0.00239849
0.931	0.00263203
0.932	0.00288768
0.933	0.00316749
0.934	0.00347367
0.935	0.00380864
0.936	0.00417503
0.937	0.0045757
0.938	0.00501377
0.939	0.00549263
0.94	0.00601599
0.941	0.00658785
0.942	0.00721258
0.943	0.00789494
0.944	0.0086401
0.945	0.00945367
0.946	0.0103418
0.947	0.011311
0.948	0.0123686
0.949	0.0135224
0.95	0.0147809
0.951	0.0161533
0.952	0.0176497
0.953	0.0192809
0.954	0.0210588
0.955	0.0229962
0.956	0.0251069
0.957	0.0274061
0.958	0.0299102
0.959	0.0326368
0.96	0.0356052
0.961	0.0388362
0.962	0.0423525
0.963	0.0461785
0.964	0.0503407
0.965	0.0548678
0.966	0.0597911
0.967	0.0651441
0.968	0.0709633
0.969	0.0772883
0.97	0.0841616
0.971	0.0916297
0.972	0.0997424
0.973	0.108554
0.974	0.118123
0.975	0.128512
0.976	0.139791
0.977	0.152032
0.978	0.165316
0.979	0.17973
0.98	0.195366
0.981	0.212326
0.982	0.230718
0.983	0.25066
0.984	0.272279
0.985	0.295712
0.986	0.321108
0.987	0.348625
0.988	0.378436
0.989	0.410728
0.99	0.4457
0.991	0.48357
0.992	0.524571
0.993	0.568953
0.994	0.61699
0.995	0.668972
0.996	0.725215
0.997	0.786059
0.998	0.85187
0.999	0.923042
