# Interpolation data for function: (2*x-1)^40
0	0.674151
0.001	0.649858
0.002	0.626182
0.003	0.603112
0.004	0.580637
0.005	0.558745
0.006	0.537425
0.007	0.516668
0.008	0.496461
0.009	0.476795
0.01	0.457659
0.011	0.439043
0.012	0.420937
0.013	0.40333
0.014	0.386214
0.015	0.369578
0.016	0.353414
0.017	0.33771
0.018	0.322459
0.019	0.307651
0.02	0.293278
0.021	0.279329
0.022	0.265797
0.023	0.252674
0.024	0.239949
0.025	0.227616
0.026	0.215666
0.027	0.204091
0.028	0.192882
0.029	0.182033
0.03	0.171535
0.031	0.16138
0.032	0.151562
0.033	0.142073
0.034	0.132905
0.035	0.124051
0.036	0.115505
0.037	0.107259
0.038	0.0993063
0.039	0.0916406
0.04	0.0842552
0.041	0.0771434
0.042	0.0702988
0.043	0.0637153
0.044	0.0573865
0.045	0.0513064
0.046	0.0454689
0.047	0.0398682
0.048	0.0344985
0.049	0.0293539
0.05	0.0244291
0.051	0.0197183
0.052	0.0152162
0.053	0.0109175
0.054	0.00681692
0.055	0.00290926
0.056	-0.000810505
0.057	-0.00434736
0.058	-0.0077062
0.059	-0.0108918
0.06	-0.0139089
0.061	-0.0167622
0.062	-0.0194562
0.063	-0.0219953
0.064	-0.024384
0.065	-0.0266266
0.066	-0.0287273
0.067	-0.0306903
0.068	-0.0325196
0.069	-0.0342192
0.07	-0.0357932
0.071	-0.0372452
0.072	-0.0385792
0.073	-0.0397989
0.074	-0.0409078
0.075	-0.0419095
0.076	-0.0428076
0.077	-0.0436054
0.078	-0.0443064
0.079	-0.0449139
0.08	-0.0454309
0.081	-0.0458609
0.082	-0.0462067
0.083	-0.0464715
0.084	-0.0466583
0.085	-0.0467699
0.086	-0.0468093
0.087	-0.0467792
0.088	-0.0466823
0.089	-0.0465214
0.09	-0.046299
0.091	-0.0460177
0.092	-0.04568
0.093	-0.0452884
0.094	-0.0448453
0.095	-0.044353
0.096	-0.0438137
0.097	-0.0432299
0.098	-0.0426035
0.099	-0.0419368
0.1	-0.0412319
0.101	-0.0404908
0.102	-0.0397154
0.103	-0.0389077
0.104	-0.0380697
0.105	-0.0372031
0.106	-0.0363098
0.107	-0.0353915
0.108	-0.03445
0.109	-0.0334868
0.11	-0.0325037
0.111	-0.0315021
0.112	-0.0304837
0.113	-0.02945
0.114	-0.0284024
0.115	-0.0273423
0.116	-0.0262711
0.117	-0.0251902
0.118	-0.0241008
0.119	-0.0230042
0.12	-0.0219017
0.121	-0.0207945
0.122	-0.0196836
0.123	-0.0185703
0.124	-0.0174556
0.125	-0.0163405
0.126	-0.0152262
0.127	-0.0141135
0.128	-0.0130035
0.129	-0.011897
0.13	-0.010795
0.131	-0.00969828
0.132	-0.00860773
0.133	-0.00752413
0.134	-0.00644827
0.135	-0.00538088
0.136	-0.00432268
0.137	-0.00327437
0.138	-0.00223661
0.139	-0.00121003
0.14	-0.000195247
0.141	0.000807155
0.142	0.00179661
0.143	0.00277259
0.144	0.00373459
0.145	0.0046821
0.146	0.00561466
0.147	0.00653185
0.148	0.00743322
0.149	0.00831839
0.15	0.00918698
0.151	0.0100386
0.152	0.010873
0.153	0.0116898
0.154	0.0124887
0.155	0.0132694
0.156	0.0140318
0.157	0.0147754
0.158	0.0155002
0.159	0.0162059
0.16	0.0168924
0.161	0.0175594
0.162	0.0182068
0.163	0.0188345
0.164	0.0194423
0.165	0.0200302
0.166	0.020598
0.167	0.0211458
0.168	0.0216733
0.169	0.0221807
0.17	0.0226677
0.171	0.0231345
0.172	0.023581
0.173	0.0240073
0.174	0.0244132
0.175	0.024799
0.176	0.0251645
0.177	0.0255099
0.178	0.0258353
0.179	0.0261406
0.18	0.026426
0.181	0.0266916
0.182	0.0269375
0.183	0.0271638
0.184	0.0273707
0.185	0.0275581
0.186	0.0277264
0.187	0.0278757
0.188	0.028006
0.189	0.0281176
0.19	0.0282107
0.191	0.0282854
0.192	0.028342
0.193	0.0283805
0.194	0.0284013
0.195	0.0284045
0.196	0.0283903
0.197	0.028359
0.198	0.0283108
0.199	0.0282459
0.2	0.0281646
0.201	0.0280671
0.202	0.0279536
0.203	0.0278244
0.204	0.0276798
0.205	0.02752
0.206	0.0273453
0.207	0.0271559
0.208	0.0269521
0.209	0.0267342
0.21	0.0265025
0.211	0.0262573
0.212	0.0259987
0.213	0.0257272
0.214	0.025443
0.215	0.0251464
0.216	0.0248377
0.217	0.0245172
0.218	0.0241852
0.219	0.0238419
0.22	0.0234877
0.221	0.0231229
0.222	0.0227478
0.223	0.0223627
0.224	0.0219679
0.225	0.0215636
0.226	0.0211502
0.227	0.0207281
0.228	0.0202974
0.229	0.0198586
0.23	0.0194119
0.231	0.0189576
0.232	0.018496
0.233	0.0180274
0.234	0.0175522
0.235	0.0170706
0.236	0.016583
0.237	0.0160896
0.238	0.0155907
0.239	0.0150867
0.24	0.0145778
0.241	0.0140643
0.242	0.0135466
0.243	0.0130249
0.244	0.0124995
0.245	0.0119707
0.246	0.0114388
0.247	0.010904
0.248	0.0103668
0.249	0.00982722
0.25	0.00928571
0.251	0.00874249
0.252	0.00819784
0.253	0.00765204
0.254	0.00710536
0.255	0.00655806
0.256	0.00601041
0.257	0.00546267
0.258	0.0049151
0.259	0.00436795
0.26	0.00382149
0.261	0.00327596
0.262	0.0027316
0.263	0.00218867
0.264	0.0016474
0.265	0.00110804
0.266	0.00057081
0.267	3.59507e-05
0.268	-0.000496312
0.269	-0.00102575
0.27	-0.00155215
0.271	-0.00207529
0.272	-0.00259495
0.273	-0.00311092
0.274	-0.003623
0.275	-0.00413099
0.276	-0.00463467
0.277	-0.00513387
0.278	-0.00562838
0.279	-0.00611801
0.28	-0.00660258
0.281	-0.00708192
0.282	-0.00755583
0.283	-0.00802416
0.284	-0.00848672
0.285	-0.00894336
0.286	-0.00939391
0.287	-0.00983821
0.288	-0.0102761
0.289	-0.0107075
0.29	-0.0111321
0.291	-0.0115499
0.292	-0.0119608
0.293	-0.0123645
0.294	-0.012761
0.295	-0.0131501
0.296	-0.0135318
0.297	-0.0139058
0.298	-0.0142721
0.299	-0.0146306
0.3	-0.0149811
0.301	-0.0153236
0.302	-0.015658
0.303	-0.0159841
0.304	-0.0163019
0.305	-0.0166113
0.306	-0.0169122
0.307	-0.0172045
0.308	-0.0174882
0.309	-0.0177632
0.31	-0.0180294
0.311	-0.0182868
0.312	-0.0185353
0.313	-0.0187748
0.314	-0.0190053
0.315	-0.0192268
0.316	-0.0194391
0.317	-0.0196424
0.318	-0.0198364
0.319	-0.0200213
0.32	-0.0201969
0.321	-0.0203633
0.322	-0.0205204
0.323	-0.0206682
0.324	-0.0208067
0.325	-0.0209359
0.326	-0.0210557
0.327	-0.0211663
0.328	-0.0212675
0.329	-0.0213594
0.33	-0.021442
0.331	-0.0215153
0.332	-0.0215793
0.333	-0.021634
0.334	-0.0216795
0.335	-0.0217158
0.336	-0.0217429
0.337	-0.0217608
0.338	-0.0217696
0.339	-0.0217693
0.34	-0.02176
0.341	-0.0217417
0.342	-0.0217144
0.343	-0.0216782
0.344	-0.0216331
0.345	-0.0215793
0.346	-0.0215167
0.347	-0.0214454
0.348	-0.0213656
0.349	-0.0212772
0.35	-0.0211803
0.351	-0.021075
0.352	-0.0209614
0.353	-0.0208395
0.354	-0.0207095
0.355	-0.0205714
0.356	-0.0204253
0.357	-0.0202713
0.358	-0.0201094
0.359	-0.0199399
0.36	-0.0197627
0.361	-0.019578
0.362	-0.0193858
0.363	-0.0191863
0.364	-0.0189796
0.365	-0.0187657
0.366	-0.0185449
0.367	-0.0183171
0.368	-0.0180825
0.369	-0.0178413
0.37	-0.0175935
0.371	-0.0173392
0.372	-0.0170786
0.373	-0.0168118
0.374	-0.016539
0.375	-0.0162601
0.376	-0.0159754
0.377	-0.0156851
0.378	-0.0153891
0.379	-0.0150877
0.38	-0.0147809
0.381	-0.014469
0.382	-0.014152
0.383	-0.0138302
0.384	-0.0135035
0.385	-0.0131722
0.386	-0.0128363
0.387	-0.0124961
0.388	-0.0121517
0.389	-0.0118032
0.39	-0.0114508
0.391	-0.0110945
0.392	-0.0107346
0.393	-0.0103712
0.394	-0.0100044
0.395	-0.0096344
0.396	-0.00926132
0.397	-0.0088853
0.398	-0.00850651
0.399	-0.00812508
0.4	-0.00774116
0.401	-0.00735491
0.402	-0.00696646
0.403	-0.00657598
0.404	-0.0061836
0.405	-0.00578949
0.406	-0.00539377
0.407	-0.00499662
0.408	-0.00459817
0.409	-0.00419858
0.41	-0.00379799
0.411	-0.00339655
0.412	-0.00299442
0.413	-0.00259174
0.414	-0.00218866
0.415	-0.00178533
0.416	-0.00138189
0.417	-0.000978494
0.418	-0.000575289
0.419	-0.000172422
0.42	0.000229963
0.421	0.00063172
0.422	0.0010327
0.423	0.00143277
0.424	0.00183178
0.425	0.00222958
0.426	0.00262604
0.427	0.00302101
0.428	0.00341436
0.429	0.00380594
0.43	0.00419561
0.431	0.00458325
0.432	0.0049687
0.433	0.00535184
0.434	0.00573254
0.435	0.00611065
0.436	0.00648605
0.437	0.0068586
0.438	0.00722819
0.439	0.00759467
0.44	0.00795792
0.441	0.00831782
0.442	0.00867423
0.443	0.00902705
0.444	0.00937615
0.445	0.0097214
0.446	0.0100627
0.447	0.0103999
0.448	0.0107329
0.449	0.0110616
0.45	0.0113859
0.451	0.0117057
0.452	0.0120208
0.453	0.0123312
0.454	0.0126367
0.455	0.0129373
0.456	0.0132328
0.457	0.0135231
0.458	0.0138082
0.459	0.014088
0.46	0.0143623
0.461	0.0146311
0.462	0.0148942
0.463	0.0151517
0.464	0.0154033
0.465	0.015649
0.466	0.0158888
0.467	0.0161225
0.468	0.0163501
0.469	0.0165715
0.47	0.0167866
0.471	0.0169954
0.472	0.0171978
0.473	0.0173936
0.474	0.017583
0.475	0.0177657
0.476	0.0179417
0.477	0.018111
0.478	0.0182735
0.479	0.0184292
0.48	0.018578
0.481	0.0187198
0.482	0.0188547
0.483	0.0189825
0.484	0.0191032
0.485	0.0192168
0.486	0.0193233
0.487	0.0194226
0.488	0.0195146
0.489	0.0195994
0.49	0.019677
0.491	0.0197472
0.492	0.0198101
0.493	0.0198656
0.494	0.0199138
0.495	0.0199546
0.496	0.0199879
0.497	0.0200139
0.498	0.0200325
0.499	0.0200436
0.5	0.0200473
0.501	0.0200436
0.502	0.0200325
0.503	0.0200139
0.504	0.0199879
0.505	0.0199546
0.506	0.0199138
0.507	0.0198656
0.508	0.0198101
0.509	0.0197472
0.51	0.019677
0.511	0.0195994
0.512	0.0195146
0.513	0.0194226
0.514	0.0193233
0.515	0.0192168
0.516	0.0191032
0.517	0.0189825
0.518	0.0188547
0.519	0.0187198
0.52	0.018578
0.521	0.0184292
0.522	0.0182735
0.523	0.018111
0.524	0.0179417
0.525	0.0177657
0.526	0.017583
0.527	0.0173936
0.528	0.0171978
0.529	0.0169954
0.53	0.0167866
0.531	0.0165715
0.532	0.0163501
0.533	0.0161225
0.534	0.0158888
0.535	0.015649
0.536	0.0154033
0.537	0.0151517
0.538	0.0148942
0.539	0.0146311
0.54	0.0143623
0.541	0.014088
0.542	0.0138082
0.543	0.0135231
0.544	0.0132328
0.545	0.0129373
0.546	0.0126367
0.547	0.0123312
0.548	0.0120208
0.549	0.0117057
0.55	0.0113859
0.551	0.0110616
0.552	0.0107329
0.553	0.0103999
0.554	0.0100627
0.555	0.0097214
0.556	0.00937615
0.557	0.00902705
0.558	0.00867423
0.559	0.00831782
0.56	0.00795792
0.561	0.00759467
0.562	0.00722819
0.563	0.0068586
0.564	0.00648605
0.565	0.00611065
0.566	0.00573254
0.567	0.00535184
0.568	0.0049687
0.569	0.00458325
0.57	0.00419561
0.571	0.00380594
0.572	0.00341436
0.573	0.00302101
0.574	0.00262604
0.575	0.00222958
0.576	0.00183178
0.577	0.00143277
0.578	0.0010327
0.579	0.00063172
0.58	0.000229963
0.581	-0.000172422
0.582	-0.000575289
0.583	-0.000978494
0.584	-0.00138189
0.585	-0.00178533
0.586	-0.00218866
0.587	-0.00259174
0.588	-0.00299442
0.589	-0.00339655
0.59	-0.00379799
0.591	-0.00419858
0.592	-0.00459817
0.593	-0.00499662
0.594	-0.00539377
0.595	-0.00578949
0.596	-0.0061836
0.597	-0.00657598
0.598	-0.00696646
0.599	-0.00735491
0.6	-0.00774116
0.601	-0.00812508
0.602	-0.00850651
0.603	-0.0088853
0.604	-0.00926132
0.605	-0.0096344
0.606	-0.0100044
0.607	-0.0103712
0.608	-0.0107346
0.609	-0.0110945
0.61	-0.0114508
0.611	-0.0118032
0.612	-0.0121517
0.613	-0.0124961
0.614	-0.0128363
0.615	-0.0131722
0.616	-0.0135035
0.617	-0.0138302
0.618	-0.014152
0.619	-0.014469
0.62	-0.0147809
0.621	-0.0150877
0.622	-0.0153891
0.623	-0.0156851
0.624	-0.0159754
0.625	-0.0162601
0.626	-0.016539
0.627	-0.0168118
0.628	-0.0170786
0.629	-0.0173392
0.63	-0.0175935
0.631	-0.0178413
0.632	-0.0180825
0.633	-0.0183171
0.634	-0.0185449
0.635	-0.0187657
0.636	-0.0189796
0.637	-0.0191863
0.638	-0.0193858
0.639	-0.019578
0.64	-0.0197627
0.641	-0.0199399
0.642	-0.0201094
0.643	-0.0202713
0.644	-0.0204253
0.645	-0.0205714
0.646	-0.0207095
0.647	-0.0208395
0.648	-0.0209614
0.649	-0.021075
0.65	-0.0211803
0.651	-0.0212772
0.652	-0.0213656
0.653	-0.0214454
0.654	-0.0215167
0.655	-0.0215793
0.656	-0.0216331
0.657	-0.0216782
0.658	-0.0217144
0.659	-0.0217417
0.66	-0.02176
0.661	-0.0217693
0.662	-0.0217696
0.663	-0.0217608
0.664	-0.0217429
0.665	-0.0217158
0.666	-0.0216795
0.667	-0.021634
0.668	-0.0215793
0.669	-0.0215153
0.67	-0.021442
0.671	-0.0213594
0.672	-0.0212675
0.673	-0.0211663
0.674	-0.0210557
0.675	-0.0209359
0.676	-0.0208067
0.677	-0.0206682
0.678	-0.0205204
0.679	-0.0203633
0.68	-0.0201969
0.681	-0.0200213
0.682	-0.0198364
0.683	-0.0196424
0.684	-0.0194391
0.685	-0.0192268
0.686	-0.0190053
0.687	-0.0187748
0.688	-0.0185353
0.689	-0.0182868
0.69	-0.0180294
0.691	-0.0177632
0.692	-0.0174882
0.693	-0.0172045
0.694	-0.0169122
0.695	-0.0166113
0.696	-0.0163019
0.697	-0.0159841
0.698	-0.015658
0.699	-0.0153236
0.7	-0.0149811
0.701	-0.0146306
0.702	-0.0142721
0.703	-0.0139058
0.704	-0.0135318
0.705	-0.0131501
0.706	-0.012761
0.707	-0.0123645
0.708	-0.0119608
0.709	-0.0115499
0.71	-0.0111321
0.711	-0.0107075
0.712	-0.0102761
0.713	-0.00983821
0.714	-0.00939391
0.715	-0.00894336
0.716	-0.00848672
0.717	-0.00802416
0.718	-0.00755583
0.719	-0.00708192
0.72	-0.00660258
0.721	-0.00611801
0.722	-0.00562838
0.723	-0.00513387
0.724	-0.00463467
0.725	-0.00413099
0.726	-0.003623
0.727	-0.00311092
0.728	-0.00259495
0.729	-0.00207529
0.73	-0.00155215
0.731	-0.00102575
0.732	-0.000496312
0.733	3.59507e-05
0.734	0.00057081
0.735	0.00110804
0.736	0.0016474
0.737	0.00218867
0.738	0.0027316
0.739	0.00327596
0.74	0.00382149
0.741	0.00436795
0.742	0.0049151
0.743	0.00546267
0.744	0.00601041
0.745	0.00655806
0.746	0.00710536
0.747	0.00765204
0.748	0.00819784
0.749	0.00874249
0.75	0.00928571
0.751	0.00982722
0.752	0.0103668
0.753	0.010904
0.754	0.0114388
0.755	0.0119707
0.756	0.0124995
0.757	0.0130249
0.758	0.0135466
0.759	0.0140643
0.76	0.0145778
0.761	0.0150867
0.762	0.0155907
0.763	0.0160896
0.764	0.016583
0.765	0.0170706
0.766	0.0175522
0.767	0.0180274
0.768	0.018496
0.769	0.0189576
0.77	0.0194119
0.771	0.0198586
0.772	0.0202974
0.773	0.0207281
0.774	0.0211502
0.775	0.0215636
0.776	0.0219679
0.777	0.0223627
0.778	0.0227478
0.779	0.0231229
0.78	0.0234877
0.781	0.0238419
0.782	0.0241852
0.783	0.0245172
0.784	0.0248377
0.785	0.0251464
0.786	0.025443
0.787	0.0257272
0.788	0.0259987
0.789	0.0262573
0.79	0.0265025
0.791	0.0267342
0.792	0.0269521
0.793	0.0271559
0.794	0.0273453
0.795	0.02752
0.796	0.0276798
0.797	0.0278244
0.798	0.0279536
0.799	0.0280671
0.8	0.0281646
0.801	0.0282459
0.802	0.0283108
0.803	0.028359
0.804	0.0283903
0.805	0.0284045
0.806	0.0284013
0.807	0.0283805
0.808	0.028342
0.809	0.0282854
0.81	0.0282107
0.811	0.0281176
0.812	0.028006
0.813	0.0278757
0.814	0.0277264
0.815	0.0275581
0.816	0.0273707
0.817	0.0271638
0.818	0.0269375
0.819	0.0266916
0.82	0.026426
0.821	0.0261406
0.822	0.0258353
0.823	0.0255099
0.824	0.0251645
0.825	0.024799
0.826	0.0244132
0.827	0.0240073
0.828	0.023581
0.829	0.0231345
0.83	0.0226677
0.831	0.0221807
0.832	0.0216733
0.833	0.0211458
0.834	0.020598
0.835	0.0200302
0.836	0.0194423
0.837	0.0188345
0.838	0.0182068
0.839	0.0175594
0.84	0.0168924
0.841	0.0162059
0.842	0.0155002
0.843	0.0147754
0.844	0.0140318
0.845	0.0132694
0.846	0.0124887
0.847	0.0116898
0.848	0.010873
0.849	0.0100386
0.85	0.00918698
0.851	0.00831839
0.852	0.00743322
0.853	0.00653185
0.854	0.00561466
0.855	0.0046821
0.856	0.00373459
0.857	0.00277259
0.858	0.00179661
0.859	0.000807155
0.86	-0.000195247
0.861	-0.00121003
0.862	-0.00223661
0.863	-0.00327437
0.864	-0.00432268
0.865	-0.00538088
0.866	-0.00644827
0.867	-0.00752413
0.868	-0.00860773
0.869	-0.00969828
0.87	-0.010795
0.871	-0.011897
0.872	-0.0130035
0.873	-0.0141135
0.874	-0.0152262
0.875	-0.0163405
0.876	-0.0174556
0.877	-0.0185703
0.878	-0.0196836
0.879	-0.0207945
0.88	-0.0219017
0.881	-0.0230042
0.882	-0.0241008
0.883	-0.0251902
0.884	-0.0262711
0.885	-0.0273423
0.886	-0.0284024
0.887	-0.02945
0.888	-0.0304837
0.889	-0.0315021
0.89	-0.0325037
0.891	-0.0334868
0.892	-0.03445
0.893	-0.0353915
0.894	-0.0363098
0.895	-0.0372031
0.896	-0.0380697
0.897	-0.0389077
0.898	-0.0397154
0.899	-0.0404908
0.9	-0.0412319
0.901	-0.0419368
0.902	-0.0426035
0.903	-0.0432299
0.904	-0.0438137
0.905	-0.044353
0.906	-0.0448453
0.907	-0.0452884
0.908	-0.04568
0.909	-0.0460177
0.91	-0.046299
0.911	-0.0465214
0.912	-0.0466823
0.913	-0.0467792
0.914	-0.0468093
0.915	-0.0467699
0.916	-0.0466583
0.917	-0.0464715
0.918	-0.0462067
0.919	-0.0458609
0.92	-0.0454309
0.921	-0.0449139
0.922	-0.0443064
0.923	-0.0436054
0.924	-0.0428076
0.925	-0.0419095
0.926	-0.0409078
0.927	-0.0397989
0.928	-0.0385792
0.929	-0.0372452
0.93	-0.0357932
0.931	-0.0342192
0.932	-0.0325196
0.933	-0.0306903
0.934	-0.0287273
0.935	-0.0266266
0.936	-0.024384
0.937	-0.0219953
0.938	-0.0194562
0.939	-0.0167622
0.94	-0.0139089
0.941	-0.0108918
0.942	-0.0077062
0.943	-0.00434736
0.944	-0.000810505
0.945	0.00290926
0.946	0.00681692
0.947	0.0109175
0.948	0.0152162
0.949	0.0197183
0.95	0.0244291
0.951	0.0293539
0.952	0.0344985
0.953	0.0398682
0.954	0.0454689
0.955	0.0513064
0.956	0.0573865
0.957	0.0637153
0.958	0.0702988
0.959	0.0771434
0.96	0.0842552
0.961	0.0916406
0.962	0.0993063
0.963	0.107259
0.964	0.115505
0.965	0.124051
0.966	0.132905
0.967	0.142073
0.968	0.151562
0.969	0.16138
0.97	0.171535
0.971	0.182033
0.972	0.192882
0.973	0.204091
0.974	0.215666
0.975	0.227616
0.976	0.239949
0.977	0.252674
0.978	0.265797
0.979	0.279329
0.98	0.293278
0.981	0.307651
0.982	0.322459
0.983	0.33771
0.984	0.353414
0.985	0.369578
0.986	0.386214
0.987	0.40333
0.988	0.420937
0.989	0.439043
0.99	0.457659
0.991	0.476795
0.992	0.496461
0.993	0.516668
0.994	0.537425
0.995	0.558745
0.996	0.580637
0.997	0.603112
0.998	0.626182
0.999	0.649858
