#Function: x^2+y^2
0	0.596285
1	0.364809
2	0.133333
3	0.0666667
4	3.28171e-16
5	3.938e-16
6	4.36696e-16
7	4.87118e-16
8	5.57483e-16
9	4.33458e-16
10	4.66431e-16
11	4.06956e-16
12	4.21758e-16
13	4.80171e-16
14	4.96566e-16
15	5.39044e-16
16	4.6755e-16
17	4.94154e-16
18	5.56396e-16
19	6.09964e-16
20	6.26991e-16
21	6.47095e-16
22	6.62605e-16
23	7.0702e-16
24	7.3526e-16
25	7.18094e-16
26	7.11526e-16
27	7.88637e-16
28	8.51474e-16
29	8.83195e-16
30	9.25351e-16
31	9.30605e-16
32	9.61591e-16
33	9.78081e-16
34	1.02011e-15
35	1.04657e-15
36	1.07892e-15
37	1.09133e-15
38	1.10328e-15
39	9.42286e-16
40	9.86701e-16
41	9.98074e-16
