#Function: (exp(-x)-1)/(exp(-1)-1)
0	0.286316
1	0.0365314
2	0.00307047
3	0.000192797
4	9.66778e-06
5	4.03619e-07
6	1.44356e-08
7	4.516e-10
8	1.2555e-11
9	3.14109e-13
10	8.34931e-15
11	4.66517e-15
12	4.86464e-15
13	5.09037e-15
14	5.13747e-15
15	5.38545e-15
16	5.88649e-15
17	5.88917e-15
18	6.19704e-15
19	4.87519e-15
20	4.99811e-15
21	5.12766e-15
22	5.40515e-15
23	5.43825e-15
24	5.59387e-15
25	5.7308e-15
26	5.86497e-15
27	5.95271e-15
28	6.12033e-15
29	6.42771e-15
30	6.52486e-15
31	6.54236e-15
32	6.9461e-15
33	6.96345e-15
34	6.96995e-15
35	6.99602e-15
36	7.0946e-15
37	7.11564e-15
38	7.13709e-15
39	7.33787e-15
40	7.35902e-15
41	7.3899e-15
42	6.83273e-15
43	6.86092e-15
44	6.88318e-15
45	7.13246e-15
46	7.16721e-15
47	7.19395e-15
48	7.3542e-15
49	7.53608e-15
