# Interpolation data for function: (exp(-x)-1)/(exp(-1)-1)
0	0.00871888
0.001	0.0101905
0.002	0.0116611
0.003	0.0131308
0.004	0.0145995
0.005	0.0160672
0.006	0.0175339
0.007	0.0189997
0.008	0.0204645
0.009	0.0219283
0.01	0.0233911
0.011	0.0248529
0.012	0.0263138
0.013	0.0277737
0.014	0.0292326
0.015	0.0306906
0.016	0.0321475
0.017	0.0336035
0.018	0.0350585
0.019	0.0365126
0.02	0.0379656
0.021	0.0394177
0.022	0.0408688
0.023	0.042319
0.024	0.0437681
0.025	0.0452163
0.026	0.0466635
0.027	0.0481097
0.028	0.049555
0.029	0.0509992
0.03	0.0524425
0.031	0.0538848
0.032	0.0553262
0.033	0.0567665
0.034	0.0582059
0.035	0.0596443
0.036	0.0610817
0.037	0.0625182
0.038	0.0639537
0.039	0.0653882
0.04	0.0668217
0.041	0.0682542
0.042	0.0696858
0.043	0.0711164
0.044	0.072546
0.045	0.0739747
0.046	0.0754023
0.047	0.076829
0.048	0.0782547
0.049	0.0796795
0.05	0.0811032
0.051	0.082526
0.052	0.0839478
0.053	0.0853686
0.054	0.0867885
0.055	0.0882073
0.056	0.0896252
0.057	0.0910422
0.058	0.0924581
0.059	0.0938731
0.06	0.0952871
0.061	0.0967001
0.062	0.0981121
0.063	0.0995232
0.064	0.100933
0.065	0.102342
0.066	0.10375
0.067	0.105158
0.068	0.106564
0.069	0.107969
0.07	0.109373
0.071	0.110776
0.072	0.112179
0.073	0.11358
0.074	0.11498
0.075	0.11638
0.076	0.117778
0.077	0.119175
0.078	0.120572
0.079	0.121967
0.08	0.123362
0.081	0.124755
0.082	0.126148
0.083	0.127539
0.084	0.12893
0.085	0.130319
0.086	0.131708
0.087	0.133096
0.088	0.134482
0.089	0.135868
0.09	0.137252
0.091	0.138636
0.092	0.140019
0.093	0.141401
0.094	0.142781
0.095	0.144161
0.096	0.14554
0.097	0.146918
0.098	0.148295
0.099	0.149671
0.1	0.151046
0.101	0.15242
0.102	0.153793
0.103	0.155165
0.104	0.156536
0.105	0.157906
0.106	0.159275
0.107	0.160643
0.108	0.16201
0.109	0.163376
0.11	0.164741
0.111	0.166105
0.112	0.167468
0.113	0.168831
0.114	0.170192
0.115	0.171552
0.116	0.172911
0.117	0.17427
0.118	0.175627
0.119	0.176983
0.12	0.178339
0.121	0.179693
0.122	0.181047
0.123	0.182399
0.124	0.183751
0.125	0.185101
0.126	0.186451
0.127	0.187799
0.128	0.189147
0.129	0.190493
0.13	0.191839
0.131	0.193184
0.132	0.194527
0.133	0.19587
0.134	0.197212
0.135	0.198552
0.136	0.199892
0.137	0.201231
0.138	0.202569
0.139	0.203906
0.14	0.205241
0.141	0.206576
0.142	0.20791
0.143	0.209243
0.144	0.210575
0.145	0.211906
0.146	0.213236
0.147	0.214565
0.148	0.215893
0.149	0.21722
0.15	0.218546
0.151	0.219871
0.152	0.221195
0.153	0.222518
0.154	0.223841
0.155	0.225162
0.156	0.226482
0.157	0.227801
0.158	0.22912
0.159	0.230437
0.16	0.231753
0.161	0.233069
0.162	0.234383
0.163	0.235696
0.164	0.237009
0.165	0.23832
0.166	0.239631
0.167	0.24094
0.168	0.242248
0.169	0.243556
0.17	0.244863
0.171	0.246168
0.172	0.247473
0.173	0.248776
0.174	0.250079
0.175	0.251381
0.176	0.252681
0.177	0.253981
0.178	0.25528
0.179	0.256577
0.18	0.257874
0.181	0.25917
0.182	0.260465
0.183	0.261759
0.184	0.263052
0.185	0.264343
0.186	0.265634
0.187	0.266924
0.188	0.268213
0.189	0.269501
0.19	0.270788
0.191	0.272074
0.192	0.273359
0.193	0.274643
0.194	0.275927
0.195	0.277209
0.196	0.27849
0.197	0.27977
0.198	0.281049
0.199	0.282327
0.2	0.283605
0.201	0.284881
0.202	0.286156
0.203	0.287431
0.204	0.288704
0.205	0.289976
0.206	0.291248
0.207	0.292518
0.208	0.293787
0.209	0.295056
0.21	0.296323
0.211	0.29759
0.212	0.298855
0.213	0.30012
0.214	0.301383
0.215	0.302646
0.216	0.303908
0.217	0.305168
0.218	0.306428
0.219	0.307687
0.22	0.308944
0.221	0.310201
0.222	0.311457
0.223	0.312712
0.224	0.313965
0.225	0.315218
0.226	0.31647
0.227	0.317721
0.228	0.318971
0.229	0.32022
0.23	0.321468
0.231	0.322715
0.232	0.323961
0.233	0.325206
0.234	0.32645
0.235	0.327693
0.236	0.328935
0.237	0.330176
0.238	0.331416
0.239	0.332655
0.24	0.333893
0.241	0.335131
0.242	0.336367
0.243	0.337602
0.244	0.338836
0.245	0.34007
0.246	0.341302
0.247	0.342533
0.248	0.343764
0.249	0.344993
0.25	0.346221
0.251	0.347449
0.252	0.348675
0.253	0.349901
0.254	0.351125
0.255	0.352349
0.256	0.353571
0.257	0.354793
0.258	0.356013
0.259	0.357233
0.26	0.358452
0.261	0.359669
0.262	0.360886
0.263	0.362102
0.264	0.363316
0.265	0.36453
0.266	0.365743
0.267	0.366955
0.268	0.368165
0.269	0.369375
0.27	0.370584
0.271	0.371792
0.272	0.372999
0.273	0.374205
0.274	0.37541
0.275	0.376614
0.276	0.377817
0.277	0.379019
0.278	0.38022
0.279	0.38142
0.28	0.382619
0.281	0.383817
0.282	0.385014
0.283	0.386211
0.284	0.387406
0.285	0.3886
0.286	0.389793
0.287	0.390985
0.288	0.392177
0.289	0.393367
0.29	0.394556
0.291	0.395745
0.292	0.396932
0.293	0.398119
0.294	0.399304
0.295	0.400488
0.296	0.401672
0.297	0.402854
0.298	0.404036
0.299	0.405216
0.3	0.406396
0.301	0.407575
0.302	0.408752
0.303	0.409929
0.304	0.411104
0.305	0.412279
0.306	0.413453
0.307	0.414626
0.308	0.415797
0.309	0.416968
0.31	0.418138
0.311	0.419307
0.312	0.420475
0.313	0.421641
0.314	0.422807
0.315	0.423972
0.316	0.425136
0.317	0.426299
0.318	0.427461
0.319	0.428622
0.32	0.429782
0.321	0.430941
0.322	0.432099
0.323	0.433256
0.324	0.434412
0.325	0.435568
0.326	0.436722
0.327	0.437875
0.328	0.439027
0.329	0.440178
0.33	0.441329
0.331	0.442478
0.332	0.443626
0.333	0.444774
0.334	0.44592
0.335	0.447065
0.336	0.44821
0.337	0.449353
0.338	0.450496
0.339	0.451637
0.34	0.452778
0.341	0.453917
0.342	0.455056
0.343	0.456193
0.344	0.45733
0.345	0.458465
0.346	0.4596
0.347	0.460734
0.348	0.461866
0.349	0.462998
0.35	0.464129
0.351	0.465259
0.352	0.466387
0.353	0.467515
0.354	0.468642
0.355	0.469768
0.356	0.470893
0.357	0.472016
0.358	0.473139
0.359	0.474261
0.36	0.475382
0.361	0.476502
0.362	0.477621
0.363	0.478739
0.364	0.479856
0.365	0.480972
0.366	0.482088
0.367	0.483202
0.368	0.484315
0.369	0.485427
0.37	0.486538
0.371	0.487648
0.372	0.488758
0.373	0.489866
0.374	0.490973
0.375	0.492079
0.376	0.493185
0.377	0.494289
0.378	0.495392
0.379	0.496495
0.38	0.497596
0.381	0.498697
0.382	0.499796
0.383	0.500895
0.384	0.501992
0.385	0.503089
0.386	0.504184
0.387	0.505279
0.388	0.506372
0.389	0.507465
0.39	0.508557
0.391	0.509647
0.392	0.510737
0.393	0.511826
0.394	0.512914
0.395	0.514
0.396	0.515086
0.397	0.516171
0.398	0.517255
0.399	0.518338
0.4	0.51942
0.401	0.520501
0.402	0.52158
0.403	0.522659
0.404	0.523737
0.405	0.524814
0.406	0.52589
0.407	0.526965
0.408	0.52804
0.409	0.529113
0.41	0.530185
0.411	0.531256
0.412	0.532326
0.413	0.533395
0.414	0.534463
0.415	0.535531
0.416	0.536597
0.417	0.537662
0.418	0.538727
0.419	0.53979
0.42	0.540852
0.421	0.541914
0.422	0.542974
0.423	0.544033
0.424	0.545092
0.425	0.546149
0.426	0.547206
0.427	0.548261
0.428	0.549316
0.429	0.550369
0.43	0.551422
0.431	0.552474
0.432	0.553524
0.433	0.554574
0.434	0.555623
0.435	0.55667
0.436	0.557717
0.437	0.558763
0.438	0.559807
0.439	0.560851
0.44	0.561894
0.441	0.562936
0.442	0.563977
0.443	0.565017
0.444	0.566056
0.445	0.567094
0.446	0.56813
0.447	0.569166
0.448	0.570201
0.449	0.571235
0.45	0.572269
0.451	0.573301
0.452	0.574332
0.453	0.575362
0.454	0.576391
0.455	0.577419
0.456	0.578446
0.457	0.579472
0.458	0.580498
0.459	0.581522
0.46	0.582545
0.461	0.583568
0.462	0.584589
0.463	0.585609
0.464	0.586629
0.465	0.587647
0.466	0.588664
0.467	0.589681
0.468	0.590696
0.469	0.591711
0.47	0.592724
0.471	0.593737
0.472	0.594748
0.473	0.595759
0.474	0.596769
0.475	0.597777
0.476	0.598785
0.477	0.599792
0.478	0.600797
0.479	0.601802
0.48	0.602806
0.481	0.603809
0.482	0.60481
0.483	0.605811
0.484	0.606811
0.485	0.60781
0.486	0.608808
0.487	0.609805
0.488	0.610801
0.489	0.611795
0.49	0.612789
0.491	0.613782
0.492	0.614774
0.493	0.615766
0.494	0.616756
0.495	0.617745
0.496	0.618733
0.497	0.61972
0.498	0.620706
0.499	0.621691
0.5	0.622676
0.501	0.623659
0.502	0.624641
0.503	0.625622
0.504	0.626603
0.505	0.627582
0.506	0.62856
0.507	0.629538
0.508	0.630514
0.509	0.631489
0.51	0.632464
0.511	0.633437
0.512	0.63441
0.513	0.635381
0.514	0.636352
0.515	0.637321
0.516	0.63829
0.517	0.639258
0.518	0.640224
0.519	0.64119
0.52	0.642155
0.521	0.643118
0.522	0.644081
0.523	0.645043
0.524	0.646003
0.525	0.646963
0.526	0.647922
0.527	0.64888
0.528	0.649837
0.529	0.650793
0.53	0.651748
0.531	0.652701
0.532	0.653654
0.533	0.654606
0.534	0.655557
0.535	0.656507
0.536	0.657456
0.537	0.658405
0.538	0.659352
0.539	0.660298
0.54	0.661243
0.541	0.662187
0.542	0.66313
0.543	0.664072
0.544	0.665014
0.545	0.665954
0.546	0.666893
0.547	0.667832
0.548	0.668769
0.549	0.669705
0.55	0.670641
0.551	0.671575
0.552	0.672508
0.553	0.673441
0.554	0.674372
0.555	0.675303
0.556	0.676232
0.557	0.677161
0.558	0.678088
0.559	0.679015
0.56	0.679941
0.561	0.680865
0.562	0.681789
0.563	0.682711
0.564	0.683633
0.565	0.684554
0.566	0.685474
0.567	0.686392
0.568	0.68731
0.569	0.688227
0.57	0.689143
0.571	0.690058
0.572	0.690972
0.573	0.691884
0.574	0.692796
0.575	0.693707
0.576	0.694617
0.577	0.695526
0.578	0.696434
0.579	0.697341
0.58	0.698247
0.581	0.699153
0.582	0.700057
0.583	0.70096
0.584	0.701862
0.585	0.702763
0.586	0.703663
0.587	0.704563
0.588	0.705461
0.589	0.706358
0.59	0.707254
0.591	0.70815
0.592	0.709044
0.593	0.709937
0.594	0.71083
0.595	0.711721
0.596	0.712612
0.597	0.713501
0.598	0.71439
0.599	0.715277
0.6	0.716164
0.601	0.717049
0.602	0.717934
0.603	0.718817
0.604	0.7197
0.605	0.720582
0.606	0.721462
0.607	0.722342
0.608	0.723221
0.609	0.724099
0.61	0.724975
0.611	0.725851
0.612	0.726726
0.613	0.7276
0.614	0.728473
0.615	0.729344
0.616	0.730215
0.617	0.731085
0.618	0.731954
0.619	0.732822
0.62	0.733689
0.621	0.734555
0.622	0.73542
0.623	0.736284
0.624	0.737147
0.625	0.73801
0.626	0.738871
0.627	0.739731
0.628	0.74059
0.629	0.741448
0.63	0.742305
0.631	0.743162
0.632	0.744017
0.633	0.744871
0.634	0.745725
0.635	0.746577
0.636	0.747428
0.637	0.748279
0.638	0.749128
0.639	0.749977
0.64	0.750824
0.641	0.75167
0.642	0.752516
0.643	0.753361
0.644	0.754204
0.645	0.755047
0.646	0.755888
0.647	0.756729
0.648	0.757569
0.649	0.758407
0.65	0.759245
0.651	0.760082
0.652	0.760917
0.653	0.761752
0.654	0.762586
0.655	0.763419
0.656	0.764251
0.657	0.765081
0.658	0.765911
0.659	0.76674
0.66	0.767568
0.661	0.768395
0.662	0.769221
0.663	0.770046
0.664	0.77087
0.665	0.771693
0.666	0.772515
0.667	0.773336
0.668	0.774156
0.669	0.774975
0.67	0.775794
0.671	0.776611
0.672	0.777427
0.673	0.778242
0.674	0.779057
0.675	0.77987
0.676	0.780682
0.677	0.781493
0.678	0.782304
0.679	0.783113
0.68	0.783921
0.681	0.784729
0.682	0.785535
0.683	0.786341
0.684	0.787145
0.685	0.787949
0.686	0.788751
0.687	0.789553
0.688	0.790353
0.689	0.791153
0.69	0.791952
0.691	0.792749
0.692	0.793546
0.693	0.794342
0.694	0.795136
0.695	0.79593
0.696	0.796723
0.697	0.797515
0.698	0.798305
0.699	0.799095
0.7	0.799884
0.701	0.800672
0.702	0.801459
0.703	0.802245
0.704	0.80303
0.705	0.803814
0.706	0.804597
0.707	0.805379
0.708	0.80616
0.709	0.80694
0.71	0.807719
0.711	0.808497
0.712	0.809274
0.713	0.81005
0.714	0.810826
0.715	0.8116
0.716	0.812373
0.717	0.813145
0.718	0.813917
0.719	0.814687
0.72	0.815456
0.721	0.816224
0.722	0.816992
0.723	0.817758
0.724	0.818524
0.725	0.819288
0.726	0.820052
0.727	0.820814
0.728	0.821576
0.729	0.822336
0.73	0.823096
0.731	0.823854
0.732	0.824612
0.733	0.825368
0.734	0.826124
0.735	0.826879
0.736	0.827632
0.737	0.828385
0.738	0.829137
0.739	0.829888
0.74	0.830637
0.741	0.831386
0.742	0.832134
0.743	0.832881
0.744	0.833627
0.745	0.834372
0.746	0.835116
0.747	0.835859
0.748	0.836601
0.749	0.837342
0.75	0.838082
0.751	0.838821
0.752	0.839559
0.753	0.840296
0.754	0.841032
0.755	0.841767
0.756	0.842501
0.757	0.843234
0.758	0.843966
0.759	0.844698
0.76	0.845428
0.761	0.846157
0.762	0.846886
0.763	0.847613
0.764	0.848339
0.765	0.849065
0.766	0.849789
0.767	0.850512
0.768	0.851235
0.769	0.851956
0.77	0.852677
0.771	0.853396
0.772	0.854115
0.773	0.854832
0.774	0.855549
0.775	0.856264
0.776	0.856979
0.777	0.857693
0.778	0.858405
0.779	0.859117
0.78	0.859828
0.781	0.860538
0.782	0.861246
0.783	0.861954
0.784	0.862661
0.785	0.863367
0.786	0.864072
0.787	0.864775
0.788	0.865478
0.789	0.86618
0.79	0.866881
0.791	0.867581
0.792	0.86828
0.793	0.868978
0.794	0.869675
0.795	0.870371
0.796	0.871066
0.797	0.87176
0.798	0.872454
0.799	0.873146
0.8	0.873837
0.801	0.874527
0.802	0.875216
0.803	0.875905
0.804	0.876592
0.805	0.877278
0.806	0.877964
0.807	0.878648
0.808	0.879331
0.809	0.880014
0.81	0.880695
0.811	0.881375
0.812	0.882055
0.813	0.882733
0.814	0.883411
0.815	0.884087
0.816	0.884763
0.817	0.885438
0.818	0.886111
0.819	0.886784
0.82	0.887455
0.821	0.888126
0.822	0.888796
0.823	0.889464
0.824	0.890132
0.825	0.890799
0.826	0.891465
0.827	0.89213
0.828	0.892793
0.829	0.893456
0.83	0.894118
0.831	0.894779
0.832	0.895439
0.833	0.896098
0.834	0.896756
0.835	0.897413
0.836	0.898069
0.837	0.898724
0.838	0.899378
0.839	0.900031
0.84	0.900683
0.841	0.901334
0.842	0.901984
0.843	0.902634
0.844	0.903282
0.845	0.903929
0.846	0.904575
0.847	0.90522
0.848	0.905865
0.849	0.906508
0.85	0.90715
0.851	0.907792
0.852	0.908432
0.853	0.909072
0.854	0.90971
0.855	0.910347
0.856	0.910984
0.857	0.911619
0.858	0.912254
0.859	0.912888
0.86	0.91352
0.861	0.914152
0.862	0.914782
0.863	0.915412
0.864	0.916041
0.865	0.916668
0.866	0.917295
0.867	0.917921
0.868	0.918546
0.869	0.919169
0.87	0.919792
0.871	0.920414
0.872	0.921035
0.873	0.921655
0.874	0.922274
0.875	0.922891
0.876	0.923508
0.877	0.924124
0.878	0.924739
0.879	0.925353
0.88	0.925966
0.881	0.926578
0.882	0.92719
0.883	0.9278
0.884	0.928409
0.885	0.929017
0.886	0.929624
0.887	0.93023
0.888	0.930836
0.889	0.93144
0.89	0.932043
0.891	0.932645
0.892	0.933247
0.893	0.933847
0.894	0.934446
0.895	0.935045
0.896	0.935642
0.897	0.936239
0.898	0.936834
0.899	0.937429
0.9	0.938022
0.901	0.938615
0.902	0.939206
0.903	0.939797
0.904	0.940386
0.905	0.940975
0.906	0.941562
0.907	0.942149
0.908	0.942735
0.909	0.94332
0.91	0.943903
0.911	0.944486
0.912	0.945068
0.913	0.945649
0.914	0.946228
0.915	0.946807
0.916	0.947385
0.917	0.947962
0.918	0.948538
0.919	0.949113
0.92	0.949687
0.921	0.95026
0.922	0.950832
0.923	0.951403
0.924	0.951973
0.925	0.952542
0.926	0.95311
0.927	0.953677
0.928	0.954243
0.929	0.954809
0.93	0.955373
0.931	0.955936
0.932	0.956498
0.933	0.95706
0.934	0.95762
0.935	0.958179
0.936	0.958737
0.937	0.959295
0.938	0.959851
0.939	0.960407
0.94	0.960961
0.941	0.961515
0.942	0.962067
0.943	0.962619
0.944	0.963169
0.945	0.963719
0.946	0.964267
0.947	0.964815
0.948	0.965361
0.949	0.965907
0.95	0.966452
0.951	0.966995
0.952	0.967538
0.953	0.96808
0.954	0.968621
0.955	0.96916
0.956	0.969699
0.957	0.970237
0.958	0.970774
0.959	0.97131
0.96	0.971845
0.961	0.972378
0.962	0.972911
0.963	0.973443
0.964	0.973974
0.965	0.974504
0.966	0.975033
0.967	0.975561
0.968	0.976089
0.969	0.976615
0.97	0.97714
0.971	0.977664
0.972	0.978187
0.973	0.978709
0.974	0.979231
0.975	0.979751
0.976	0.98027
0.977	0.980788
0.978	0.981306
0.979	0.981822
0.98	0.982337
0.981	0.982852
0.982	0.983365
0.983	0.983878
0.984	0.984389
0.985	0.984899
0.986	0.985409
0.987	0.985917
0.988	0.986425
0.989	0.986932
0.99	0.987437
0.991	0.987942
0.992	0.988445
0.993	0.988948
0.994	0.98945
0.995	0.98995
0.996	0.99045
0.997	0.990949
0.998	0.991447
0.999	0.991944
