# Interpolation data for function: (exp(-x)-1)/(exp(-1)-1)
0	0.000611211
0.001	0.00217988
0.002	0.00374708
0.003	0.00531283
0.004	0.00687711
0.005	0.00843993
0.006	0.0100013
0.007	0.0115612
0.008	0.0131197
0.009	0.0146767
0.01	0.0162322
0.011	0.0177863
0.012	0.0193389
0.013	0.0208901
0.014	0.0224398
0.015	0.0239881
0.016	0.025535
0.017	0.0270803
0.018	0.0286243
0.019	0.0301668
0.02	0.0317078
0.021	0.0332474
0.022	0.0347856
0.023	0.0363223
0.024	0.0378576
0.025	0.0393914
0.026	0.0409238
0.027	0.0424548
0.028	0.0439843
0.029	0.0455124
0.03	0.0470391
0.031	0.0485643
0.032	0.0500881
0.033	0.0516104
0.034	0.0531314
0.035	0.0546509
0.036	0.0561689
0.037	0.0576856
0.038	0.0592008
0.039	0.0607146
0.04	0.0622269
0.041	0.0637379
0.042	0.0652474
0.043	0.0667555
0.044	0.0682621
0.045	0.0697674
0.046	0.0712712
0.047	0.0727736
0.048	0.0742746
0.049	0.0757742
0.05	0.0772723
0.051	0.0787691
0.052	0.0802644
0.053	0.0817583
0.054	0.0832508
0.055	0.0847419
0.056	0.0862316
0.057	0.0877199
0.058	0.0892068
0.059	0.0906922
0.06	0.0921763
0.061	0.093659
0.062	0.0951402
0.063	0.09662
0.064	0.0980985
0.065	0.0995755
0.066	0.101051
0.067	0.102525
0.068	0.103998
0.069	0.10547
0.07	0.10694
0.071	0.108408
0.072	0.109876
0.073	0.111342
0.074	0.112806
0.075	0.114269
0.076	0.115731
0.077	0.117191
0.078	0.11865
0.079	0.120108
0.08	0.121564
0.081	0.123018
0.082	0.124472
0.083	0.125924
0.084	0.127374
0.085	0.128824
0.086	0.130272
0.087	0.131718
0.088	0.133163
0.089	0.134607
0.09	0.136049
0.091	0.13749
0.092	0.13893
0.093	0.140368
0.094	0.141805
0.095	0.14324
0.096	0.144674
0.097	0.146107
0.098	0.147538
0.099	0.148968
0.1	0.150397
0.101	0.151824
0.102	0.15325
0.103	0.154675
0.104	0.156098
0.105	0.15752
0.106	0.15894
0.107	0.160359
0.108	0.161777
0.109	0.163193
0.11	0.164608
0.111	0.166022
0.112	0.167434
0.113	0.168845
0.114	0.170255
0.115	0.171663
0.116	0.17307
0.117	0.174475
0.118	0.17588
0.119	0.177282
0.12	0.178684
0.121	0.180084
0.122	0.181483
0.123	0.18288
0.124	0.184276
0.125	0.185671
0.126	0.187065
0.127	0.188457
0.128	0.189847
0.129	0.191237
0.13	0.192625
0.131	0.194012
0.132	0.195397
0.133	0.196781
0.134	0.198164
0.135	0.199545
0.136	0.200925
0.137	0.202304
0.138	0.203681
0.139	0.205057
0.14	0.206432
0.141	0.207806
0.142	0.209178
0.143	0.210548
0.144	0.211918
0.145	0.213286
0.146	0.214653
0.147	0.216018
0.148	0.217382
0.149	0.218745
0.15	0.220107
0.151	0.221467
0.152	0.222826
0.153	0.224183
0.154	0.22554
0.155	0.226895
0.156	0.228248
0.157	0.229601
0.158	0.230952
0.159	0.232301
0.16	0.23365
0.161	0.234997
0.162	0.236343
0.163	0.237687
0.164	0.23903
0.165	0.240372
0.166	0.241713
0.167	0.243052
0.168	0.24439
0.169	0.245726
0.17	0.247062
0.171	0.248396
0.172	0.249729
0.173	0.25106
0.174	0.25239
0.175	0.253719
0.176	0.255047
0.177	0.256373
0.178	0.257698
0.179	0.259022
0.18	0.260344
0.181	0.261665
0.182	0.262985
0.183	0.264304
0.184	0.265621
0.185	0.266937
0.186	0.268252
0.187	0.269565
0.188	0.270877
0.189	0.272188
0.19	0.273498
0.191	0.274806
0.192	0.276113
0.193	0.277419
0.194	0.278723
0.195	0.280026
0.196	0.281328
0.197	0.282629
0.198	0.283928
0.199	0.285227
0.2	0.286523
0.201	0.287819
0.202	0.289113
0.203	0.290406
0.204	0.291698
0.205	0.292989
0.206	0.294278
0.207	0.295566
0.208	0.296853
0.209	0.298138
0.21	0.299422
0.211	0.300705
0.212	0.301987
0.213	0.303267
0.214	0.304546
0.215	0.305824
0.216	0.307101
0.217	0.308376
0.218	0.309651
0.219	0.310924
0.22	0.312195
0.221	0.313466
0.222	0.314735
0.223	0.316003
0.224	0.317269
0.225	0.318535
0.226	0.319799
0.227	0.321062
0.228	0.322324
0.229	0.323584
0.23	0.324843
0.231	0.326101
0.232	0.327358
0.233	0.328613
0.234	0.329868
0.235	0.331121
0.236	0.332372
0.237	0.333623
0.238	0.334872
0.239	0.33612
0.24	0.337367
0.241	0.338613
0.242	0.339857
0.243	0.3411
0.244	0.342342
0.245	0.343583
0.246	0.344823
0.247	0.346061
0.248	0.347298
0.249	0.348534
0.25	0.349768
0.251	0.351002
0.252	0.352234
0.253	0.353465
0.254	0.354695
0.255	0.355923
0.256	0.35715
0.257	0.358377
0.258	0.359601
0.259	0.360825
0.26	0.362047
0.261	0.363269
0.262	0.364489
0.263	0.365708
0.264	0.366925
0.265	0.368142
0.266	0.369357
0.267	0.370571
0.268	0.371784
0.269	0.372995
0.27	0.374206
0.271	0.375415
0.272	0.376623
0.273	0.37783
0.274	0.379035
0.275	0.38024
0.276	0.381443
0.277	0.382645
0.278	0.383846
0.279	0.385045
0.28	0.386244
0.281	0.387441
0.282	0.388637
0.283	0.389832
0.284	0.391025
0.285	0.392218
0.286	0.393409
0.287	0.394599
0.288	0.395788
0.289	0.396976
0.29	0.398163
0.291	0.399348
0.292	0.400532
0.293	0.401715
0.294	0.402897
0.295	0.404078
0.296	0.405257
0.297	0.406435
0.298	0.407613
0.299	0.408789
0.3	0.409963
0.301	0.411137
0.302	0.412309
0.303	0.413481
0.304	0.414651
0.305	0.41582
0.306	0.416988
0.307	0.418154
0.308	0.41932
0.309	0.420484
0.31	0.421647
0.311	0.422809
0.312	0.42397
0.313	0.425129
0.314	0.426288
0.315	0.427445
0.316	0.428601
0.317	0.429756
0.318	0.43091
0.319	0.432063
0.32	0.433215
0.321	0.434365
0.322	0.435514
0.323	0.436662
0.324	0.437809
0.325	0.438955
0.326	0.4401
0.327	0.441243
0.328	0.442386
0.329	0.443527
0.33	0.444667
0.331	0.445806
0.332	0.446944
0.333	0.44808
0.334	0.449216
0.335	0.45035
0.336	0.451483
0.337	0.452616
0.338	0.453747
0.339	0.454876
0.34	0.456005
0.341	0.457133
0.342	0.458259
0.343	0.459384
0.344	0.460509
0.345	0.461632
0.346	0.462754
0.347	0.463874
0.348	0.464994
0.349	0.466113
0.35	0.46723
0.351	0.468346
0.352	0.469461
0.353	0.470575
0.354	0.471688
0.355	0.4728
0.356	0.473911
0.357	0.47502
0.358	0.476129
0.359	0.477236
0.36	0.478343
0.361	0.479448
0.362	0.480552
0.363	0.481655
0.364	0.482756
0.365	0.483857
0.366	0.484957
0.367	0.486055
0.368	0.487152
0.369	0.488249
0.37	0.489344
0.371	0.490438
0.372	0.491531
0.373	0.492623
0.374	0.493713
0.375	0.494803
0.376	0.495892
0.377	0.496979
0.378	0.498065
0.379	0.499151
0.38	0.500235
0.381	0.501318
0.382	0.5024
0.383	0.503481
0.384	0.504561
0.385	0.505639
0.386	0.506717
0.387	0.507793
0.388	0.508869
0.389	0.509943
0.39	0.511016
0.391	0.512089
0.392	0.51316
0.393	0.51423
0.394	0.515299
0.395	0.516367
0.396	0.517433
0.397	0.518499
0.398	0.519564
0.399	0.520627
0.4	0.52169
0.401	0.522751
0.402	0.523811
0.403	0.524871
0.404	0.525929
0.405	0.526986
0.406	0.528042
0.407	0.529097
0.408	0.530151
0.409	0.531204
0.41	0.532256
0.411	0.533306
0.412	0.534356
0.413	0.535405
0.414	0.536452
0.415	0.537499
0.416	0.538544
0.417	0.539588
0.418	0.540632
0.419	0.541674
0.42	0.542715
0.421	0.543755
0.422	0.544794
0.423	0.545832
0.424	0.546869
0.425	0.547905
0.426	0.54894
0.427	0.549974
0.428	0.551007
0.429	0.552038
0.43	0.553069
0.431	0.554099
0.432	0.555127
0.433	0.556155
0.434	0.557181
0.435	0.558207
0.436	0.559231
0.437	0.560255
0.438	0.561277
0.439	0.562298
0.44	0.563318
0.441	0.564338
0.442	0.565356
0.443	0.566373
0.444	0.567389
0.445	0.568404
0.446	0.569418
0.447	0.570431
0.448	0.571443
0.449	0.572454
0.45	0.573464
0.451	0.574473
0.452	0.575481
0.453	0.576488
0.454	0.577494
0.455	0.578499
0.456	0.579503
0.457	0.580505
0.458	0.581507
0.459	0.582508
0.46	0.583508
0.461	0.584507
0.462	0.585504
0.463	0.586501
0.464	0.587497
0.465	0.588491
0.466	0.589485
0.467	0.590478
0.468	0.591469
0.469	0.59246
0.47	0.59345
0.471	0.594438
0.472	0.595426
0.473	0.596413
0.474	0.597398
0.475	0.598383
0.476	0.599366
0.477	0.600349
0.478	0.601331
0.479	0.602311
0.48	0.603291
0.481	0.60427
0.482	0.605247
0.483	0.606224
0.484	0.607199
0.485	0.608174
0.486	0.609148
0.487	0.61012
0.488	0.611092
0.489	0.612063
0.49	0.613033
0.491	0.614001
0.492	0.614969
0.493	0.615936
0.494	0.616901
0.495	0.617866
0.496	0.61883
0.497	0.619793
0.498	0.620755
0.499	0.621716
0.5	0.622676
0.501	0.623634
0.502	0.624592
0.503	0.625549
0.504	0.626505
0.505	0.62746
0.506	0.628414
0.507	0.629367
0.508	0.63032
0.509	0.631271
0.51	0.632221
0.511	0.63317
0.512	0.634118
0.513	0.635065
0.514	0.636012
0.515	0.636957
0.516	0.637901
0.517	0.638845
0.518	0.639787
0.519	0.640729
0.52	0.641669
0.521	0.642609
0.522	0.643548
0.523	0.644485
0.524	0.645422
0.525	0.646358
0.526	0.647293
0.527	0.648226
0.528	0.649159
0.529	0.650091
0.53	0.651022
0.531	0.651952
0.532	0.652881
0.533	0.65381
0.534	0.654737
0.535	0.655663
0.536	0.656588
0.537	0.657513
0.538	0.658436
0.539	0.659359
0.54	0.66028
0.541	0.661201
0.542	0.662121
0.543	0.663039
0.544	0.663957
0.545	0.664874
0.546	0.66579
0.547	0.666705
0.548	0.667619
0.549	0.668532
0.55	0.669445
0.551	0.670356
0.552	0.671266
0.553	0.672176
0.554	0.673084
0.555	0.673992
0.556	0.674899
0.557	0.675804
0.558	0.676709
0.559	0.677613
0.56	0.678516
0.561	0.679418
0.562	0.680319
0.563	0.68122
0.564	0.682119
0.565	0.683017
0.566	0.683915
0.567	0.684812
0.568	0.685707
0.569	0.686602
0.57	0.687496
0.571	0.688389
0.572	0.689281
0.573	0.690172
0.574	0.691062
0.575	0.691952
0.576	0.69284
0.577	0.693727
0.578	0.694614
0.579	0.6955
0.58	0.696385
0.581	0.697269
0.582	0.698152
0.583	0.699034
0.584	0.699915
0.585	0.700795
0.586	0.701675
0.587	0.702553
0.588	0.703431
0.589	0.704308
0.59	0.705184
0.591	0.706059
0.592	0.706933
0.593	0.707806
0.594	0.708678
0.595	0.70955
0.596	0.71042
0.597	0.71129
0.598	0.712159
0.599	0.713027
0.6	0.713894
0.601	0.71476
0.602	0.715625
0.603	0.716489
0.604	0.717353
0.605	0.718215
0.606	0.719077
0.607	0.719938
0.608	0.720798
0.609	0.721657
0.61	0.722516
0.611	0.723373
0.612	0.72423
0.613	0.725085
0.614	0.72594
0.615	0.726794
0.616	0.727647
0.617	0.728499
0.618	0.729351
0.619	0.730201
0.62	0.731051
0.621	0.731899
0.622	0.732747
0.623	0.733594
0.624	0.734441
0.625	0.735286
0.626	0.73613
0.627	0.736974
0.628	0.737817
0.629	0.738659
0.63	0.7395
0.631	0.74034
0.632	0.741179
0.633	0.742018
0.634	0.742855
0.635	0.743692
0.636	0.744528
0.637	0.745363
0.638	0.746198
0.639	0.747031
0.64	0.747864
0.641	0.748696
0.642	0.749526
0.643	0.750357
0.644	0.751186
0.645	0.752014
0.646	0.752842
0.647	0.753668
0.648	0.754494
0.649	0.755319
0.65	0.756144
0.651	0.756967
0.652	0.75779
0.653	0.758611
0.654	0.759432
0.655	0.760252
0.656	0.761072
0.657	0.76189
0.658	0.762708
0.659	0.763525
0.66	0.764341
0.661	0.765156
0.662	0.76597
0.663	0.766784
0.664	0.767596
0.665	0.768408
0.666	0.769219
0.667	0.77003
0.668	0.770839
0.669	0.771648
0.67	0.772455
0.671	0.773262
0.672	0.774069
0.673	0.774874
0.674	0.775679
0.675	0.776482
0.676	0.777285
0.677	0.778087
0.678	0.778889
0.679	0.779689
0.68	0.780489
0.681	0.781288
0.682	0.782086
0.683	0.782883
0.684	0.78368
0.685	0.784476
0.686	0.785271
0.687	0.786065
0.688	0.786858
0.689	0.787651
0.69	0.788443
0.691	0.789233
0.692	0.790024
0.693	0.790813
0.694	0.791602
0.695	0.792389
0.696	0.793177
0.697	0.793963
0.698	0.794748
0.699	0.795533
0.7	0.796317
0.701	0.7971
0.702	0.797882
0.703	0.798664
0.704	0.799445
0.705	0.800225
0.706	0.801004
0.707	0.801782
0.708	0.80256
0.709	0.803337
0.71	0.804113
0.711	0.804888
0.712	0.805663
0.713	0.806437
0.714	0.80721
0.715	0.807982
0.716	0.808753
0.717	0.809524
0.718	0.810294
0.719	0.811063
0.72	0.811832
0.721	0.812599
0.722	0.813366
0.723	0.814132
0.724	0.814898
0.725	0.815662
0.726	0.816426
0.727	0.817189
0.728	0.817952
0.729	0.818713
0.73	0.819474
0.731	0.820234
0.732	0.820994
0.733	0.821752
0.734	0.82251
0.735	0.823267
0.736	0.824024
0.737	0.824779
0.738	0.825534
0.739	0.826288
0.74	0.827041
0.741	0.827794
0.742	0.828546
0.743	0.829297
0.744	0.830048
0.745	0.830797
0.746	0.831546
0.747	0.832294
0.748	0.833042
0.749	0.833788
0.75	0.834534
0.751	0.83528
0.752	0.836024
0.753	0.836768
0.754	0.837511
0.755	0.838253
0.756	0.838995
0.757	0.839736
0.758	0.840476
0.759	0.841215
0.76	0.841954
0.761	0.842692
0.762	0.843429
0.763	0.844166
0.764	0.844901
0.765	0.845637
0.766	0.846371
0.767	0.847105
0.768	0.847837
0.769	0.84857
0.77	0.849301
0.771	0.850032
0.772	0.850762
0.773	0.851491
0.774	0.85222
0.775	0.852948
0.776	0.853675
0.777	0.854402
0.778	0.855127
0.779	0.855853
0.78	0.856577
0.781	0.857301
0.782	0.858024
0.783	0.858746
0.784	0.859467
0.785	0.860188
0.786	0.860909
0.787	0.861628
0.788	0.862347
0.789	0.863065
0.79	0.863782
0.791	0.864499
0.792	0.865215
0.793	0.86593
0.794	0.866645
0.795	0.867359
0.796	0.868072
0.797	0.868785
0.798	0.869497
0.799	0.870208
0.8	0.870918
0.801	0.871628
0.802	0.872337
0.803	0.873046
0.804	0.873753
0.805	0.87446
0.806	0.875167
0.807	0.875872
0.808	0.876578
0.809	0.877282
0.81	0.877986
0.811	0.878689
0.812	0.879391
0.813	0.880093
0.814	0.880794
0.815	0.881494
0.816	0.882194
0.817	0.882893
0.818	0.883591
0.819	0.884288
0.82	0.884985
0.821	0.885682
0.822	0.886377
0.823	0.887072
0.824	0.887767
0.825	0.88846
0.826	0.889153
0.827	0.889846
0.828	0.890537
0.829	0.891228
0.83	0.891919
0.831	0.892609
0.832	0.893298
0.833	0.893986
0.834	0.894674
0.835	0.895361
0.836	0.896047
0.837	0.896733
0.838	0.897418
0.839	0.898103
0.84	0.898787
0.841	0.89947
0.842	0.900152
0.843	0.900834
0.844	0.901516
0.845	0.902196
0.846	0.902876
0.847	0.903555
0.848	0.904234
0.849	0.904912
0.85	0.90559
0.851	0.906267
0.852	0.906943
0.853	0.907618
0.854	0.908293
0.855	0.908967
0.856	0.909641
0.857	0.910314
0.858	0.910986
0.859	0.911658
0.86	0.912329
0.861	0.913
0.862	0.91367
0.863	0.914339
0.864	0.915007
0.865	0.915675
0.866	0.916343
0.867	0.91701
0.868	0.917676
0.869	0.918341
0.87	0.919006
0.871	0.91967
0.872	0.920334
0.873	0.920997
0.874	0.92166
0.875	0.922321
0.876	0.922983
0.877	0.923643
0.878	0.924303
0.879	0.924963
0.88	0.925621
0.881	0.92628
0.882	0.926937
0.883	0.927594
0.884	0.92825
0.885	0.928906
0.886	0.929561
0.887	0.930216
0.888	0.93087
0.889	0.931523
0.89	0.932176
0.891	0.932828
0.892	0.93348
0.893	0.934131
0.894	0.934781
0.895	0.935431
0.896	0.93608
0.897	0.936728
0.898	0.937376
0.899	0.938024
0.9	0.938671
0.901	0.939317
0.902	0.939962
0.903	0.940608
0.904	0.941252
0.905	0.941896
0.906	0.942539
0.907	0.943182
0.908	0.943824
0.909	0.944466
0.91	0.945107
0.911	0.945747
0.912	0.946387
0.913	0.947026
0.914	0.947665
0.915	0.948303
0.916	0.94894
0.917	0.949577
0.918	0.950214
0.919	0.95085
0.92	0.951485
0.921	0.95212
0.922	0.952754
0.923	0.953387
0.924	0.95402
0.925	0.954653
0.926	0.955284
0.927	0.955916
0.928	0.956546
0.929	0.957177
0.93	0.957806
0.931	0.958435
0.932	0.959064
0.933	0.959692
0.934	0.960319
0.935	0.960946
0.936	0.961572
0.937	0.962198
0.938	0.962823
0.939	0.963448
0.94	0.964072
0.941	0.964695
0.942	0.965318
0.943	0.965941
0.944	0.966563
0.945	0.967184
0.946	0.967805
0.947	0.968425
0.948	0.969045
0.949	0.969664
0.95	0.970283
0.951	0.970901
0.952	0.971518
0.953	0.972135
0.954	0.972752
0.955	0.973368
0.956	0.973983
0.957	0.974598
0.958	0.975212
0.959	0.975826
0.96	0.976439
0.961	0.977052
0.962	0.977664
0.963	0.978276
0.964	0.978887
0.965	0.979498
0.966	0.980108
0.967	0.980718
0.968	0.981327
0.969	0.981935
0.97	0.982543
0.971	0.983151
0.972	0.983758
0.973	0.984364
0.974	0.98497
0.975	0.985576
0.976	0.986181
0.977	0.986785
0.978	0.987389
0.979	0.987992
0.98	0.988595
0.981	0.989198
0.982	0.989799
0.983	0.990401
0.984	0.991002
0.985	0.991602
0.986	0.992202
0.987	0.992801
0.988	0.9934
0.989	0.993998
0.99	0.994596
0.991	0.995193
0.992	0.99579
0.993	0.996387
0.994	0.996982
0.995	0.997578
0.996	0.998173
0.997	0.998767
0.998	0.999361
0.999	0.999954
