#Function: (2*x-1)^50
0	0.0975527
1	0.0975527
2	0.0883496
3	0.0883496
4	0.0738924
5	0.0738924
6	0.0570397
7	0.0570397
8	0.0406046
9	0.0406046
10	0.0266259
11	0.0266259
12	0.0160601
13	0.010837
14	0.00700187
15	0.00316672
16	0.00201068
17	0.000854652
18	0.000569577
19	0.000284502
20	0.000258564
21	0.000232625
22	0.000155202
23	7.77792e-05
24	4.82125e-05
25	1.86459e-05
26	1.13653e-05
27	4.08472e-06
28	2.4698e-06
29	8.54873e-07
30	5.30632e-07
31	2.06391e-07
32	1.4722e-07
33	8.80489e-08
34	8.25652e-08
35	7.70815e-08
36	1.65584e-08
37	1.65584e-08
38	2.23259e-09
39	2.23259e-09
40	2.45339e-10
41	2.45339e-10
42	2.11045e-11
43	2.11045e-11
44	1.33299e-12
45	1.33299e-12
46	5.70994e-14
47	5.71356e-14
48	1.66765e-14
49	1.68835e-14
