# Interpolation data for function: (2*x-1)^50
0.5	1.74153e-17
0.501	1.74153e-17
0.502	1.74153e-17
0.503	1.74153e-17
0.504	1.74153e-17
0.505	1.74153e-17
0.506	1.74153e-17
0.507	1.74153e-17
0.508	1.74153e-17
0.509	1.74153e-17
0.51	1.74153e-17
0.511	1.74153e-17
0.512	1.74153e-17
0.513	1.74153e-17
0.514	1.74153e-17
0.515	1.74153e-17
0.516	1.74153e-17
0.517	1.74153e-17
0.518	1.74153e-17
0.519	1.74153e-17
0.52	1.74153e-17
0.521	1.74153e-17
0.522	1.74153e-17
0.523	1.74153e-17
0.524	1.74153e-17
0.525	1.74153e-17
0.526	1.74153e-17
0.527	1.74153e-17
0.528	1.74153e-17
0.529	1.74153e-17
0.53	1.74153e-17
0.531	1.74153e-17
0.532	1.74153e-17
0.533	1.74153e-17
0.534	1.74153e-17
0.535	1.74153e-17
0.536	1.74153e-17
0.537	1.74153e-17
0.538	1.74153e-17
0.539	1.74153e-17
0.54	1.74153e-17
0.541	1.74153e-17
0.542	1.74153e-17
0.543	1.74153e-17
0.544	1.74153e-17
0.545	1.74153e-17
0.546	1.74153e-17
0.547	1.74153e-17
0.548	1.74153e-17
0.549	1.74153e-17
0.55	1.74153e-17
0.551	1.74153e-17
0.552	1.74153e-17
0.553	1.74153e-17
0.554	1.74153e-17
0.555	1.74153e-17
0.556	1.74153e-17
0.557	1.74153e-17
0.558	1.74153e-17
0.559	1.74153e-17
0.56	1.74153e-17
0.561	1.74153e-17
0.562	1.74153e-17
0.563	1.74153e-17
0.564	1.74153e-17
0.565	1.74153e-17
0.566	1.74153e-17
0.567	1.74153e-17
0.568	1.74153e-17
0.569	1.74153e-17
0.57	1.74153e-17
0.571	1.74153e-17
0.572	1.74153e-17
0.573	1.74153e-17
0.574	1.74153e-17
0.575	1.74153e-17
0.576	1.74153e-17
0.577	1.74153e-17
0.578	1.74153e-17
0.579	1.74153e-17
0.58	1.74153e-17
0.581	1.74153e-17
0.582	1.74153e-17
0.583	1.74153e-17
0.584	1.74153e-17
0.585	1.74153e-17
0.586	1.74153e-17
0.587	1.74153e-17
0.588	1.74153e-17
0.589	1.74153e-17
0.59	1.74153e-17
0.591	1.74153e-17
0.592	1.74153e-17
0.593	1.74153e-17
0.594	1.74153e-17
0.595	1.74153e-17
0.596	1.74153e-17
0.597	1.74153e-17
0.598	1.74153e-17
0.599	1.74153e-17
0.6	1.74153e-17
0.601	1.74153e-17
0.602	1.74153e-17
0.603	1.74153e-17
0.604	1.74153e-17
0.605	1.74153e-17
0.606	1.74153e-17
0.607	1.74153e-17
0.608	1.74153e-17
0.609	1.74153e-17
0.61	1.74153e-17
0.611	1.74153e-17
0.612	1.74153e-17
0.613	1.74153e-17
0.614	1.74153e-17
0.615	1.74153e-17
0.616	1.74153e-17
0.617	1.74153e-17
0.618	1.74153e-17
0.619	1.74153e-17
0.62	1.74153e-17
0.621	1.74153e-17
0.622	1.74153e-17
0.623	1.74153e-17
0.624	1.74153e-17
0.625	1.74153e-17
0.626	1.74153e-17
0.627	1.74153e-17
0.628	1.74153e-17
0.629	1.74153e-17
0.63	1.74153e-17
0.631	1.74153e-17
0.632	1.74153e-17
0.633	1.74153e-17
0.634	1.74153e-17
0.635	1.74153e-17
0.636	1.74153e-17
0.637	1.74153e-17
0.638	1.74153e-17
0.639	1.74153e-17
0.64	1.74153e-17
0.641	1.74153e-17
0.642	1.74153e-17
0.643	1.74153e-17
0.644	1.74153e-17
0.645	1.74153e-17
0.646	1.74153e-17
0.647	1.74153e-17
0.648	1.74153e-17
0.649	1.74153e-17
0.65	1.74153e-17
0.651	1.74153e-17
0.652	1.74153e-17
0.653	1.74153e-17
0.654	1.74153e-17
0.655	1.74153e-17
0.656	1.74153e-17
0.657	1.74153e-17
0.658	1.74153e-17
0.659	1.74153e-17
0.66	1.74153e-17
0.661	1.74153e-17
0.662	1.74153e-17
0.663	1.74153e-17
0.664	1.74153e-17
0.665	1.74153e-17
0.666	1.74153e-17
0.667	1.74153e-17
0.668	1.74153e-17
0.669	1.74153e-17
0.67	1.74153e-17
0.671	1.74153e-17
0.672	1.74153e-17
0.673	1.74153e-17
0.674	1.74153e-17
0.675	1.74153e-17
0.676	1.74153e-17
0.677	1.74153e-17
0.678	1.74153e-17
0.679	1.74153e-17
0.68	1.74153e-17
0.681	1.74153e-17
0.682	1.74153e-17
0.683	1.74153e-17
0.684	1.74153e-17
0.685	1.74153e-17
0.686	1.74153e-17
0.687	1.74153e-17
0.688	1.74153e-17
0.689	1.74153e-17
0.69	1.74153e-17
0.691	1.74153e-17
0.692	1.74153e-17
0.693	1.74153e-17
0.694	1.74153e-17
0.695	1.74153e-17
0.696	1.74153e-17
0.697	1.74153e-17
0.698	1.74153e-17
0.699	1.74153e-17
0.7	1.74153e-17
0.701	1.74153e-17
0.702	1.74153e-17
0.703	1.74153e-17
0.704	1.74153e-17
0.705	1.74153e-17
0.706	1.74153e-17
0.707	1.74153e-17
0.708	1.74153e-17
0.709	1.74153e-17
0.71	1.74153e-17
0.711	1.74153e-17
0.712	1.74153e-17
0.713	1.74153e-17
0.714	1.74153e-17
0.715	1.74153e-17
0.716	1.74153e-17
0.717	1.74153e-17
0.718	1.74153e-17
0.719	1.74153e-17
0.72	1.74153e-17
0.721	1.74153e-17
0.722	1.74153e-17
0.723	1.74153e-17
0.724	1.74153e-17
0.725	1.74153e-17
0.726	1.74153e-17
0.727	1.74153e-17
0.728	1.74153e-17
0.729	1.74153e-17
0.73	1.74153e-17
0.731	1.74153e-17
0.732	1.74153e-17
0.733	1.74153e-17
0.734	1.74153e-17
0.735	1.74153e-17
0.736	1.74153e-17
0.737	1.74153e-17
0.738	1.74153e-17
0.739	1.74153e-17
0.74	1.74153e-17
0.741	1.74153e-17
0.742	1.74153e-17
0.743	1.74153e-17
0.744	1.74153e-17
0.745	1.74153e-17
0.746	1.74153e-17
0.747	1.74153e-17
0.748	1.74153e-17
0.749	1.74153e-17
0.25	1.74153e-17
0.251	1.74153e-17
0.252	1.74153e-17
0.253	1.74153e-17
0.254	1.74153e-17
0.255	1.74153e-17
0.256	1.74153e-17
0.257	1.74153e-17
0.258	1.74153e-17
0.259	1.74153e-17
0.26	1.74153e-17
0.261	1.74153e-17
0.262	1.74153e-17
0.263	1.74153e-17
0.264	1.74153e-17
0.265	1.74153e-17
0.266	1.74153e-17
0.267	1.74153e-17
0.268	1.74153e-17
0.269	1.74153e-17
0.27	1.74153e-17
0.271	1.74153e-17
0.272	1.74153e-17
0.273	1.74153e-17
0.274	1.74153e-17
0.275	1.74153e-17
0.276	1.74153e-17
0.277	1.74153e-17
0.278	1.74153e-17
0.279	1.74153e-17
0.28	1.74153e-17
0.281	1.74153e-17
0.282	1.74153e-17
0.283	1.74153e-17
0.284	1.74153e-17
0.285	1.74153e-17
0.286	1.74153e-17
0.287	1.74153e-17
0.288	1.74153e-17
0.289	1.74153e-17
0.29	1.74153e-17
0.291	1.74153e-17
0.292	1.74153e-17
0.293	1.74153e-17
0.294	1.74153e-17
0.295	1.74153e-17
0.296	1.74153e-17
0.297	1.74153e-17
0.298	1.74153e-17
0.299	1.74153e-17
0.3	1.74153e-17
0.301	1.74153e-17
0.302	1.74153e-17
0.303	1.74153e-17
0.304	1.74153e-17
0.305	1.74153e-17
0.306	1.74153e-17
0.307	1.74153e-17
0.308	1.74153e-17
0.309	1.74153e-17
0.31	1.74153e-17
0.311	1.74153e-17
0.312	1.74153e-17
0.313	1.74153e-17
0.314	1.74153e-17
0.315	1.74153e-17
0.316	1.74153e-17
0.317	1.74153e-17
0.318	1.74153e-17
0.319	1.74153e-17
0.32	1.74153e-17
0.321	1.74153e-17
0.322	1.74153e-17
0.323	1.74153e-17
0.324	1.74153e-17
0.325	1.74153e-17
0.326	1.74153e-17
0.327	1.74153e-17
0.328	1.74153e-17
0.329	1.74153e-17
0.33	1.74153e-17
0.331	1.74153e-17
0.332	1.74153e-17
0.333	1.74153e-17
0.334	1.74153e-17
0.335	1.74153e-17
0.336	1.74153e-17
0.337	1.74153e-17
0.338	1.74153e-17
0.339	1.74153e-17
0.34	1.74153e-17
0.341	1.74153e-17
0.342	1.74153e-17
0.343	1.74153e-17
0.344	1.74153e-17
0.345	1.74153e-17
0.346	1.74153e-17
0.347	1.74153e-17
0.348	1.74153e-17
0.349	1.74153e-17
0.35	1.74153e-17
0.351	1.74153e-17
0.352	1.74153e-17
0.353	1.74153e-17
0.354	1.74153e-17
0.355	1.74153e-17
0.356	1.74153e-17
0.357	1.74153e-17
0.358	1.74153e-17
0.359	1.74153e-17
0.36	1.74153e-17
0.361	1.74153e-17
0.362	1.74153e-17
0.363	1.74153e-17
0.364	1.74153e-17
0.365	1.74153e-17
0.366	1.74153e-17
0.367	1.74153e-17
0.368	1.74153e-17
0.369	1.74153e-17
0.37	1.74153e-17
0.371	1.74153e-17
0.372	1.74153e-17
0.373	1.74153e-17
0.374	1.74153e-17
0.375	1.74153e-17
0.376	1.74153e-17
0.377	1.74153e-17
0.378	1.74153e-17
0.379	1.74153e-17
0.38	1.74153e-17
0.381	1.74153e-17
0.382	1.74153e-17
0.383	1.74153e-17
0.384	1.74153e-17
0.385	1.74153e-17
0.386	1.74153e-17
0.387	1.74153e-17
0.388	1.74153e-17
0.389	1.74153e-17
0.39	1.74153e-17
0.391	1.74153e-17
0.392	1.74153e-17
0.393	1.74153e-17
0.394	1.74153e-17
0.395	1.74153e-17
0.396	1.74153e-17
0.397	1.74153e-17
0.398	1.74153e-17
0.399	1.74153e-17
0.4	1.74153e-17
0.401	1.74153e-17
0.402	1.74153e-17
0.403	1.74153e-17
0.404	1.74153e-17
0.405	1.74153e-17
0.406	1.74153e-17
0.407	1.74153e-17
0.408	1.74153e-17
0.409	1.74153e-17
0.41	1.74153e-17
0.411	1.74153e-17
0.412	1.74153e-17
0.413	1.74153e-17
0.414	1.74153e-17
0.415	1.74153e-17
0.416	1.74153e-17
0.417	1.74153e-17
0.418	1.74153e-17
0.419	1.74153e-17
0.42	1.74153e-17
0.421	1.74153e-17
0.422	1.74153e-17
0.423	1.74153e-17
0.424	1.74153e-17
0.425	1.74153e-17
0.426	1.74153e-17
0.427	1.74153e-17
0.428	1.74153e-17
0.429	1.74153e-17
0.43	1.74153e-17
0.431	1.74153e-17
0.432	1.74153e-17
0.433	1.74153e-17
0.434	1.74153e-17
0.435	1.74153e-17
0.436	1.74153e-17
0.437	1.74153e-17
0.438	1.74153e-17
0.439	1.74153e-17
0.44	1.74153e-17
0.441	1.74153e-17
0.442	1.74153e-17
0.443	1.74153e-17
0.444	1.74153e-17
0.445	1.74153e-17
0.446	1.74153e-17
0.447	1.74153e-17
0.448	1.74153e-17
0.449	1.74153e-17
0.45	1.74153e-17
0.451	1.74153e-17
0.452	1.74153e-17
0.453	1.74153e-17
0.454	1.74153e-17
0.455	1.74153e-17
0.456	1.74153e-17
0.457	1.74153e-17
0.458	1.74153e-17
0.459	1.74153e-17
0.46	1.74153e-17
0.461	1.74153e-17
0.462	1.74153e-17
0.463	1.74153e-17
0.464	1.74153e-17
0.465	1.74153e-17
0.466	1.74153e-17
0.467	1.74153e-17
0.468	1.74153e-17
0.469	1.74153e-17
0.47	1.74153e-17
0.471	1.74153e-17
0.472	1.74153e-17
0.473	1.74153e-17
0.474	1.74153e-17
0.475	1.74153e-17
0.476	1.74153e-17
0.477	1.74153e-17
0.478	1.74153e-17
0.479	1.74153e-17
0.48	1.74153e-17
0.481	1.74153e-17
0.482	1.74153e-17
0.483	1.74153e-17
0.484	1.74153e-17
0.485	1.74153e-17
0.486	1.74153e-17
0.487	1.74153e-17
0.488	1.74153e-17
0.489	1.74153e-17
0.49	1.74153e-17
0.491	1.74153e-17
0.492	1.74153e-17
0.493	1.74153e-17
0.494	1.74153e-17
0.495	1.74153e-17
0.496	1.74153e-17
0.497	1.74153e-17
0.498	1.74153e-17
0.499	1.74153e-17
0.75	3.3313e-08
0.751	3.3313e-08
0.752	3.3313e-08
0.753	3.3313e-08
0.754	3.3313e-08
0.755	3.3313e-08
0.756	3.3313e-08
0.757	3.3313e-08
0.758	3.3313e-08
0.759	3.3313e-08
0.76	3.3313e-08
0.761	3.3313e-08
0.762	3.3313e-08
0.763	3.3313e-08
0.764	3.3313e-08
0.765	3.3313e-08
0.766	3.3313e-08
0.767	3.3313e-08
0.768	3.3313e-08
0.769	3.3313e-08
0.77	3.3313e-08
0.771	3.3313e-08
0.772	3.3313e-08
0.773	3.3313e-08
0.774	3.3313e-08
0.775	3.3313e-08
0.776	3.3313e-08
0.777	3.3313e-08
0.778	3.3313e-08
0.779	3.3313e-08
0.78	3.3313e-08
0.781	3.3313e-08
0.782	3.3313e-08
0.783	3.3313e-08
0.784	3.3313e-08
0.785	3.3313e-08
0.786	3.3313e-08
0.787	3.3313e-08
0.788	3.3313e-08
0.789	3.3313e-08
0.79	3.3313e-08
0.791	3.3313e-08
0.792	3.3313e-08
0.793	3.3313e-08
0.794	3.3313e-08
0.795	3.3313e-08
0.796	3.3313e-08
0.797	3.3313e-08
0.798	3.3313e-08
0.799	3.3313e-08
0.8	3.3313e-08
0.801	3.3313e-08
0.802	3.3313e-08
0.803	3.3313e-08
0.804	3.3313e-08
0.805	3.3313e-08
0.806	3.3313e-08
0.807	3.3313e-08
0.808	3.3313e-08
0.809	3.3313e-08
0.81	3.3313e-08
0.811	3.3313e-08
0.812	3.3313e-08
0.813	3.3313e-08
0.814	3.3313e-08
0.815	3.3313e-08
0.816	3.3313e-08
0.817	3.3313e-08
0.818	3.3313e-08
0.819	3.3313e-08
0.82	3.3313e-08
0.821	3.3313e-08
0.822	3.3313e-08
0.823	3.3313e-08
0.824	3.3313e-08
0.825	3.3313e-08
0.826	3.3313e-08
0.827	3.3313e-08
0.828	3.3313e-08
0.829	3.3313e-08
0.83	3.3313e-08
0.831	3.3313e-08
0.832	3.3313e-08
0.833	3.3313e-08
0.834	3.3313e-08
0.835	3.3313e-08
0.836	3.3313e-08
0.837	3.3313e-08
0.838	3.3313e-08
0.839	3.3313e-08
0.84	3.3313e-08
0.841	3.3313e-08
0.842	3.3313e-08
0.843	3.3313e-08
0.844	3.3313e-08
0.845	3.3313e-08
0.846	3.3313e-08
0.847	3.3313e-08
0.848	3.3313e-08
0.849	3.3313e-08
0.85	3.3313e-08
0.851	3.3313e-08
0.852	3.3313e-08
0.853	3.3313e-08
0.854	3.3313e-08
0.855	3.3313e-08
0.856	3.3313e-08
0.857	3.3313e-08
0.858	3.3313e-08
0.859	3.3313e-08
0.86	3.3313e-08
0.861	3.3313e-08
0.862	3.3313e-08
0.863	3.3313e-08
0.864	3.3313e-08
0.865	3.3313e-08
0.866	3.3313e-08
0.867	3.3313e-08
0.868	3.3313e-08
0.869	3.3313e-08
0.87	3.3313e-08
0.871	3.3313e-08
0.872	3.3313e-08
0.873	3.3313e-08
0.874	3.3313e-08
0.125	3.3313e-08
0.126	3.3313e-08
0.127	3.3313e-08
0.128	3.3313e-08
0.129	3.3313e-08
0.13	3.3313e-08
0.131	3.3313e-08
0.132	3.3313e-08
0.133	3.3313e-08
0.134	3.3313e-08
0.135	3.3313e-08
0.136	3.3313e-08
0.137	3.3313e-08
0.138	3.3313e-08
0.139	3.3313e-08
0.14	3.3313e-08
0.141	3.3313e-08
0.142	3.3313e-08
0.143	3.3313e-08
0.144	3.3313e-08
0.145	3.3313e-08
0.146	3.3313e-08
0.147	3.3313e-08
0.148	3.3313e-08
0.149	3.3313e-08
0.15	3.3313e-08
0.151	3.3313e-08
0.152	3.3313e-08
0.153	3.3313e-08
0.154	3.3313e-08
0.155	3.3313e-08
0.156	3.3313e-08
0.157	3.3313e-08
0.158	3.3313e-08
0.159	3.3313e-08
0.16	3.3313e-08
0.161	3.3313e-08
0.162	3.3313e-08
0.163	3.3313e-08
0.164	3.3313e-08
0.165	3.3313e-08
0.166	3.3313e-08
0.167	3.3313e-08
0.168	3.3313e-08
0.169	3.3313e-08
0.17	3.3313e-08
0.171	3.3313e-08
0.172	3.3313e-08
0.173	3.3313e-08
0.174	3.3313e-08
0.175	3.3313e-08
0.176	3.3313e-08
0.177	3.3313e-08
0.178	3.3313e-08
0.179	3.3313e-08
0.18	3.3313e-08
0.181	3.3313e-08
0.182	3.3313e-08
0.183	3.3313e-08
0.184	3.3313e-08
0.185	3.3313e-08
0.186	3.3313e-08
0.187	3.3313e-08
0.188	3.3313e-08
0.189	3.3313e-08
0.19	3.3313e-08
0.191	3.3313e-08
0.192	3.3313e-08
0.193	3.3313e-08
0.194	3.3313e-08
0.195	3.3313e-08
0.196	3.3313e-08
0.197	3.3313e-08
0.198	3.3313e-08
0.199	3.3313e-08
0.2	3.3313e-08
0.201	3.3313e-08
0.202	3.3313e-08
0.203	3.3313e-08
0.204	3.3313e-08
0.205	3.3313e-08
0.206	3.3313e-08
0.207	3.3313e-08
0.208	3.3313e-08
0.209	3.3313e-08
0.21	3.3313e-08
0.211	3.3313e-08
0.212	3.3313e-08
0.213	3.3313e-08
0.214	3.3313e-08
0.215	3.3313e-08
0.216	3.3313e-08
0.217	3.3313e-08
0.218	3.3313e-08
0.219	3.3313e-08
0.22	3.3313e-08
0.221	3.3313e-08
0.222	3.3313e-08
0.223	3.3313e-08
0.224	3.3313e-08
0.225	3.3313e-08
0.226	3.3313e-08
0.227	3.3313e-08
0.228	3.3313e-08
0.229	3.3313e-08
0.23	3.3313e-08
0.231	3.3313e-08
0.232	3.3313e-08
0.233	3.3313e-08
0.234	3.3313e-08
0.235	3.3313e-08
0.236	3.3313e-08
0.237	3.3313e-08
0.238	3.3313e-08
0.239	3.3313e-08
0.24	3.3313e-08
0.241	3.3313e-08
0.242	3.3313e-08
0.243	3.3313e-08
0.244	3.3313e-08
0.245	3.3313e-08
0.246	3.3313e-08
0.247	3.3313e-08
0.248	3.3313e-08
0.249	3.3313e-08
0.875	-0.000206527
0.876	-0.000194386
0.877	-0.000182244
0.878	-0.000170103
0.879	-0.000157962
0.88	-0.000145821
0.881	-0.000133679
0.882	-0.000121538
0.883	-0.000109397
0.884	-9.72556e-05
0.885	-8.51144e-05
0.886	-7.29731e-05
0.887	-6.08319e-05
0.888	-4.86906e-05
0.889	-3.65494e-05
0.89	-2.44081e-05
0.891	-1.22668e-05
0.892	-1.25587e-07
0.893	1.20157e-05
0.894	2.41569e-05
0.895	3.62982e-05
0.896	4.84394e-05
0.897	6.05807e-05
0.898	7.2722e-05
0.899	8.48632e-05
0.9	9.70045e-05
0.901	0.000109146
0.902	0.000121287
0.903	0.000133428
0.904	0.00014557
0.905	0.000157711
0.906	0.000169852
0.907	0.000181993
0.908	0.000194135
0.909	0.000206276
0.91	0.000218417
0.911	0.000230558
0.912	0.0002427
0.913	0.000254841
0.914	0.000266982
0.915	0.000279123
0.916	0.000291265
0.917	0.000303406
0.918	0.000315547
0.919	0.000327688
0.92	0.00033983
0.921	0.000351971
0.922	0.000364112
0.923	0.000376253
0.924	0.000388395
0.925	0.000400536
0.926	0.000412677
0.927	0.000424818
0.928	0.00043696
0.929	0.000449101
0.93	0.000461242
0.931	0.000473383
0.932	0.000485525
0.933	0.000497666
0.934	0.000509807
0.935	0.000521948
0.936	0.00053409
0.937	0.000546231
0.9375	0.00217688
0.9385	0.00169202
0.9395	0.00147257
0.9405	0.00145922
0.9415	0.00160296
0.9425	0.00186399
0.9435	0.00221087
0.9445	0.00261957
0.9455	0.00307265
0.9465	0.00355852
0.9475	0.00407069
0.9485	0.00460712
0.9495	0.00516961
0.9505	0.00576327
0.9515	0.006396
0.9525	0.00707808
0.9535	0.00782177
0.9545	0.00864101
0.9555	0.00955111
0.9565	0.0105686
0.9575	0.011711
0.9585	0.0129969
0.9595	0.0144456
0.9605	0.0160773
0.9615	0.0179134
0.9625	0.0199762
0.9635	0.0222893
0.9645	0.024878
0.9655	0.0277691
0.9665	0.0309919
0.9675	0.0345782
0.9685	0.0385626
0.9695	0.0429835
0.9705	0.0478834
0.9715	0.0533096
0.9725	0.0593147
0.9735	0.0659577
0.9745	0.0733044
0.9755	0.0814288
0.9765	0.0904132
0.9775	0.10035
0.9785	0.111342
0.9795	0.123505
0.9805	0.136966
0.9815	0.151867
0.9825	0.168367
0.9835	0.186638
0.9845	0.206874
0.9855	0.229287
0.9865	0.254109
0.9875	0.281596
0.9885	0.312028
0.9895	0.345709
0.9905	0.382973
0.9915	0.424182
0.9925	0.469729
0.9935	0.520039
0.9945	0.575574
0.9955	0.636831
0.9965	0.704347
0.9975	0.778699
0.9985	0.860507
0.9995	0.950438
0	0.998671
0.001	0.904414
0.002	0.81863
0.003	0.74063
0.004	0.669771
0.005	0.605455
0.006	0.547123
0.007	0.49426
0.008	0.446387
0.009	0.403061
0.01	0.363872
0.011	0.328442
0.012	0.296426
0.013	0.267503
0.014	0.241382
0.015	0.217795
0.016	0.196498
0.017	0.177269
0.018	0.159907
0.019	0.144227
0.02	0.130065
0.021	0.11727
0.022	0.105707
0.023	0.0952564
0.024	0.0858079
0.025	0.0772645
0.026	0.0695387
0.027	0.0625525
0.028	0.0562362
0.029	0.0505276
0.03	0.0453707
0.031	0.0407159
0.032	0.0365183
0.033	0.0327375
0.034	0.0293371
0.035	0.026284
0.036	0.0235476
0.037	0.0210999
0.038	0.018915
0.039	0.0169684
0.04	0.0152372
0.041	0.0136996
0.042	0.0123349
0.043	0.0111231
0.044	0.0100454
0.045	0.00908369
0.046	0.00822102
0.047	0.00744139
0.048	0.00673015
0.049	0.00607416
0.05	0.00546211
0.051	0.00488486
0.052	0.00433585
0.053	0.00381155
0.054	0.00331201
0.055	0.00284141
0.056	0.00240873
0.057	0.00202837
0.058	0.00172096
0.059	0.00151415
0.06	0.00144342
0.061	0.00155308
0.062	0.00189714
0.0625	0.000552302
0.0635	0.00054016
0.0645	0.000528019
0.0655	0.000515878
0.0665	0.000503737
0.0675	0.000491595
0.0685	0.000479454
0.0695	0.000467313
0.0705	0.000455172
0.0715	0.00044303
0.0725	0.000430889
0.0735	0.000418748
0.0745	0.000406607
0.0755	0.000394465
0.0765	0.000382324
0.0775	0.000370183
0.0785	0.000358042
0.0795	0.0003459
0.0805	0.000333759
0.0815	0.000321618
0.0825	0.000309476
0.0835	0.000297335
0.0845	0.000285194
0.0855	0.000273053
0.0865	0.000260911
0.0875	0.00024877
0.0885	0.000236629
0.0895	0.000224488
0.0905	0.000212346
0.0915	0.000200205
0.0925	0.000188064
0.0935	0.000175923
0.0945	0.000163781
0.0955	0.00015164
0.0965	0.000139499
0.0975	0.000127358
0.0985	0.000115216
0.0995	0.000103075
0.1005	9.09338e-05
0.1015	7.87926e-05
0.1025	6.66513e-05
0.1035	5.45101e-05
0.1045	4.23688e-05
0.1055	3.02276e-05
0.1065	1.80863e-05
0.1075	5.94504e-06
0.1085	-6.19622e-06
0.1095	-1.83375e-05
0.1105	-3.04787e-05
0.1115	-4.262e-05
0.1125	-5.47612e-05
0.1135	-6.69025e-05
0.1145	-7.90438e-05
0.1155	-9.1185e-05
0.1165	-0.000103326
0.1175	-0.000115468
0.1185	-0.000127609
0.1195	-0.00013975
0.1205	-0.000151891
0.1215	-0.000164033
0.1225	-0.000176174
0.1235	-0.000188315
0.1245	-0.000200456
