# Interpolation data for function: (2*x-1)^50
0	0.257391
0.001	0.253944
0.002	0.250524
0.003	0.247131
0.004	0.243764
0.005	0.240425
0.006	0.237112
0.007	0.233826
0.008	0.230566
0.009	0.227333
0.01	0.224126
0.011	0.220944
0.012	0.217789
0.013	0.21466
0.014	0.211556
0.015	0.208478
0.016	0.205425
0.017	0.202398
0.018	0.199395
0.019	0.196418
0.02	0.193466
0.021	0.190539
0.022	0.187637
0.023	0.184759
0.024	0.181905
0.025	0.179076
0.026	0.176272
0.027	0.173491
0.028	0.170735
0.029	0.168003
0.03	0.165294
0.031	0.162609
0.032	0.159948
0.033	0.15731
0.034	0.154695
0.035	0.152104
0.036	0.149536
0.037	0.146991
0.038	0.144469
0.039	0.14197
0.04	0.139493
0.041	0.137039
0.042	0.134607
0.043	0.132198
0.044	0.129811
0.045	0.127446
0.046	0.125103
0.047	0.122782
0.048	0.120483
0.049	0.118206
0.05	0.11595
0.051	0.113716
0.052	0.111502
0.053	0.109311
0.054	0.10714
0.055	0.10499
0.056	0.102862
0.057	0.100754
0.058	0.0986664
0.059	0.0965998
0.06	0.0945536
0.061	0.0925278
0.062	0.0905223
0.063	0.088537
0.064	0.0865717
0.065	0.0846264
0.066	0.0827009
0.067	0.0807952
0.068	0.0789091
0.069	0.0770425
0.07	0.0751954
0.071	0.0733675
0.072	0.0715589
0.073	0.0697694
0.074	0.0679989
0.075	0.0662473
0.076	0.0645145
0.077	0.0628004
0.078	0.0611048
0.079	0.0594278
0.08	0.0577691
0.081	0.0561287
0.082	0.0545065
0.083	0.0529024
0.084	0.0513162
0.085	0.0497479
0.086	0.0481974
0.087	0.0466646
0.088	0.0451493
0.089	0.0436515
0.09	0.042171
0.091	0.0407079
0.092	0.0392618
0.093	0.0378329
0.094	0.0364209
0.095	0.0350258
0.096	0.0336475
0.097	0.0322858
0.098	0.0309407
0.099	0.0296121
0.1	0.0282999
0.101	0.0270039
0.102	0.0257241
0.103	0.0244604
0.104	0.0232127
0.105	0.0219809
0.106	0.0207649
0.107	0.0195645
0.108	0.0183798
0.109	0.0172106
0.11	0.0160568
0.111	0.0149183
0.112	0.013795
0.113	0.0126868
0.114	0.0115937
0.115	0.0105155
0.116	0.00945215
0.117	0.00840354
0.118	0.00736959
0.119	0.0063502
0.12	0.00534528
0.121	0.00435473
0.122	0.00337847
0.123	0.00241639
0.124	0.00146842
0.125	0.000534444
0.126	-0.000385615
0.127	-0.00129185
0.128	-0.00218436
0.129	-0.00306322
0.13	-0.00392854
0.131	-0.00478039
0.132	-0.00561888
0.133	-0.00644409
0.134	-0.0072561
0.135	-0.00805502
0.136	-0.00884093
0.137	-0.00961391
0.138	-0.0103741
0.139	-0.0111215
0.14	-0.0118562
0.141	-0.0125784
0.142	-0.0132881
0.143	-0.0139854
0.144	-0.0146704
0.145	-0.0153432
0.146	-0.0160039
0.147	-0.0166525
0.148	-0.0172891
0.149	-0.0179139
0.15	-0.0185269
0.151	-0.0191282
0.152	-0.0197178
0.153	-0.020296
0.154	-0.0208627
0.155	-0.021418
0.156	-0.0219621
0.157	-0.0224949
0.158	-0.0230167
0.159	-0.0235274
0.16	-0.0240272
0.161	-0.0245161
0.162	-0.0249942
0.163	-0.0254617
0.164	-0.0259185
0.165	-0.0263648
0.166	-0.0268007
0.167	-0.0272262
0.168	-0.0276414
0.169	-0.0280464
0.17	-0.0284413
0.171	-0.0288261
0.172	-0.029201
0.173	-0.029566
0.174	-0.0299212
0.175	-0.0302667
0.176	-0.0306025
0.177	-0.0309288
0.178	-0.0312456
0.179	-0.031553
0.18	-0.031851
0.181	-0.0321398
0.182	-0.0324195
0.183	-0.03269
0.184	-0.0329515
0.185	-0.0332041
0.186	-0.0334478
0.187	-0.0336828
0.188	-0.033909
0.189	-0.0341266
0.19	-0.0343357
0.191	-0.0345362
0.192	-0.0347284
0.193	-0.0349122
0.194	-0.0350878
0.195	-0.0352552
0.196	-0.0354145
0.197	-0.0355658
0.198	-0.0357091
0.199	-0.0358445
0.2	-0.0359722
0.201	-0.036092
0.202	-0.0362043
0.203	-0.0363089
0.204	-0.036406
0.205	-0.0364957
0.206	-0.036578
0.207	-0.036653
0.208	-0.0367208
0.209	-0.0367814
0.21	-0.0368349
0.211	-0.0368814
0.212	-0.036921
0.213	-0.0369537
0.214	-0.0369796
0.215	-0.0369987
0.216	-0.0370112
0.217	-0.0370171
0.218	-0.0370165
0.219	-0.0370094
0.22	-0.0369959
0.221	-0.0369761
0.222	-0.0369501
0.223	-0.0369179
0.224	-0.0368795
0.225	-0.0368351
0.226	-0.0367848
0.227	-0.0367285
0.228	-0.0366664
0.229	-0.0365984
0.23	-0.0365248
0.231	-0.0364455
0.232	-0.0363607
0.233	-0.0362703
0.234	-0.0361745
0.235	-0.0360733
0.236	-0.0359667
0.237	-0.0358549
0.238	-0.035738
0.239	-0.0356158
0.24	-0.0354887
0.241	-0.0353565
0.242	-0.0352194
0.243	-0.0350774
0.244	-0.0349306
0.245	-0.034779
0.246	-0.0346228
0.247	-0.0344619
0.248	-0.0342965
0.249	-0.0341265
0.25	-0.0339522
0.251	-0.0337734
0.252	-0.0335904
0.253	-0.033403
0.254	-0.0332115
0.255	-0.0330158
0.256	-0.0328161
0.257	-0.0326124
0.258	-0.0324046
0.259	-0.032193
0.26	-0.0319776
0.261	-0.0317583
0.262	-0.0315354
0.263	-0.0313088
0.264	-0.0310786
0.265	-0.0308448
0.266	-0.0306075
0.267	-0.0303668
0.268	-0.0301227
0.269	-0.0298753
0.27	-0.0296247
0.271	-0.0293708
0.272	-0.0291138
0.273	-0.0288537
0.274	-0.0285905
0.275	-0.0283244
0.276	-0.0280553
0.277	-0.0277834
0.278	-0.0275086
0.279	-0.0272311
0.28	-0.0269509
0.281	-0.026668
0.282	-0.0263825
0.283	-0.0260944
0.284	-0.0258038
0.285	-0.0255109
0.286	-0.0252155
0.287	-0.0249177
0.288	-0.0246177
0.289	-0.0243155
0.29	-0.024011
0.291	-0.0237044
0.292	-0.0233958
0.293	-0.0230851
0.294	-0.0227724
0.295	-0.0224578
0.296	-0.0221414
0.297	-0.021823
0.298	-0.021503
0.299	-0.0211811
0.3	-0.0208576
0.301	-0.0205325
0.302	-0.0202058
0.303	-0.0198775
0.304	-0.0195478
0.305	-0.0192166
0.306	-0.018884
0.307	-0.0185501
0.308	-0.0182149
0.309	-0.0178784
0.31	-0.0175408
0.311	-0.0172019
0.312	-0.016862
0.313	-0.016521
0.314	-0.016179
0.315	-0.015836
0.316	-0.0154921
0.317	-0.0151472
0.318	-0.0148016
0.319	-0.0144552
0.32	-0.014108
0.321	-0.0137601
0.322	-0.0134115
0.323	-0.0130624
0.324	-0.0127126
0.325	-0.0123623
0.326	-0.0120116
0.327	-0.0116604
0.328	-0.0113087
0.329	-0.0109568
0.33	-0.0106045
0.331	-0.0102519
0.332	-0.00989907
0.333	-0.00954606
0.334	-0.0091929
0.335	-0.00883962
0.336	-0.00848627
0.337	-0.00813288
0.338	-0.0077795
0.339	-0.00742617
0.34	-0.00707292
0.341	-0.0067198
0.342	-0.00636684
0.343	-0.00601408
0.344	-0.00566156
0.345	-0.00530932
0.346	-0.0049574
0.347	-0.00460583
0.348	-0.00425465
0.349	-0.00390391
0.35	-0.00355363
0.351	-0.00320385
0.352	-0.00285461
0.353	-0.00250595
0.354	-0.0021579
0.355	-0.00181049
0.356	-0.00146377
0.357	-0.00111777
0.358	-0.00077252
0.359	-0.000428058
0.36	-8.44185e-05
0.361	0.000258364
0.362	0.000600256
0.363	0.000941223
0.364	0.00128123
0.365	0.00162025
0.366	0.00195824
0.367	0.00229518
0.368	0.00263102
0.369	0.00296574
0.37	0.00329931
0.371	0.00363169
0.372	0.00396286
0.373	0.00429277
0.374	0.00462141
0.375	0.00494873
0.376	0.00527471
0.377	0.00559932
0.378	0.00592253
0.379	0.0062443
0.38	0.00656461
0.381	0.00688343
0.382	0.00720073
0.383	0.00751649
0.384	0.00783066
0.385	0.00814322
0.386	0.00845415
0.387	0.00876342
0.388	0.009071
0.389	0.00937686
0.39	0.00968097
0.391	0.00998332
0.392	0.0102839
0.393	0.0105826
0.394	0.0108794
0.395	0.0111744
0.396	0.0114675
0.397	0.0117587
0.398	0.0120479
0.399	0.0123351
0.4	0.0126203
0.401	0.0129035
0.402	0.0131847
0.403	0.0134637
0.404	0.0137407
0.405	0.0140155
0.406	0.0142882
0.407	0.0145587
0.408	0.014827
0.409	0.0150932
0.41	0.015357
0.411	0.0156186
0.412	0.015878
0.413	0.016135
0.414	0.0163897
0.415	0.016642
0.416	0.016892
0.417	0.0171396
0.418	0.0173848
0.419	0.0176276
0.42	0.0178679
0.421	0.0181057
0.422	0.0183411
0.423	0.018574
0.424	0.0188043
0.425	0.0190321
0.426	0.0192573
0.427	0.0194799
0.428	0.0197
0.429	0.0199174
0.43	0.0201322
0.431	0.0203443
0.432	0.0205538
0.433	0.0207606
0.434	0.0209647
0.435	0.0211661
0.436	0.0213647
0.437	0.0215606
0.438	0.0217537
0.439	0.0219441
0.44	0.0221316
0.441	0.0223163
0.442	0.0224983
0.443	0.0226773
0.444	0.0228536
0.445	0.0230269
0.446	0.0231974
0.447	0.023365
0.448	0.0235297
0.449	0.0236914
0.45	0.0238503
0.451	0.0240062
0.452	0.0241591
0.453	0.024309
0.454	0.024456
0.455	0.0246
0.456	0.024741
0.457	0.024879
0.458	0.025014
0.459	0.0251459
0.46	0.0252748
0.461	0.0254006
0.462	0.0255233
0.463	0.025643
0.464	0.0257596
0.465	0.0258731
0.466	0.0259836
0.467	0.0260909
0.468	0.0261951
0.469	0.0262961
0.47	0.0263941
0.471	0.0264889
0.472	0.0265805
0.473	0.026669
0.474	0.0267544
0.475	0.0268365
0.476	0.0269155
0.477	0.0269914
0.478	0.027064
0.479	0.0271334
0.48	0.0271997
0.481	0.0272627
0.482	0.0273226
0.483	0.0273792
0.484	0.0274327
0.485	0.0274829
0.486	0.0275298
0.487	0.0275736
0.488	0.0276141
0.489	0.0276514
0.49	0.0276855
0.491	0.0277163
0.492	0.0277439
0.493	0.0277683
0.494	0.0277894
0.495	0.0278072
0.496	0.0278219
0.497	0.0278332
0.498	0.0278413
0.499	0.0278462
0.5	0.0278478
0.501	0.0278462
0.502	0.0278413
0.503	0.0278332
0.504	0.0278219
0.505	0.0278072
0.506	0.0277894
0.507	0.0277683
0.508	0.0277439
0.509	0.0277163
0.51	0.0276855
0.511	0.0276514
0.512	0.0276141
0.513	0.0275736
0.514	0.0275298
0.515	0.0274829
0.516	0.0274327
0.517	0.0273792
0.518	0.0273226
0.519	0.0272627
0.52	0.0271997
0.521	0.0271334
0.522	0.027064
0.523	0.0269914
0.524	0.0269155
0.525	0.0268365
0.526	0.0267544
0.527	0.026669
0.528	0.0265805
0.529	0.0264889
0.53	0.0263941
0.531	0.0262961
0.532	0.0261951
0.533	0.0260909
0.534	0.0259836
0.535	0.0258731
0.536	0.0257596
0.537	0.025643
0.538	0.0255233
0.539	0.0254006
0.54	0.0252748
0.541	0.0251459
0.542	0.025014
0.543	0.024879
0.544	0.024741
0.545	0.0246
0.546	0.024456
0.547	0.024309
0.548	0.0241591
0.549	0.0240062
0.55	0.0238503
0.551	0.0236914
0.552	0.0235297
0.553	0.023365
0.554	0.0231974
0.555	0.0230269
0.556	0.0228536
0.557	0.0226773
0.558	0.0224983
0.559	0.0223163
0.56	0.0221316
0.561	0.0219441
0.562	0.0217537
0.563	0.0215606
0.564	0.0213647
0.565	0.0211661
0.566	0.0209647
0.567	0.0207606
0.568	0.0205538
0.569	0.0203443
0.57	0.0201322
0.571	0.0199174
0.572	0.0197
0.573	0.0194799
0.574	0.0192573
0.575	0.0190321
0.576	0.0188043
0.577	0.018574
0.578	0.0183411
0.579	0.0181057
0.58	0.0178679
0.581	0.0176276
0.582	0.0173848
0.583	0.0171396
0.584	0.016892
0.585	0.016642
0.586	0.0163897
0.587	0.016135
0.588	0.015878
0.589	0.0156186
0.59	0.015357
0.591	0.0150932
0.592	0.014827
0.593	0.0145587
0.594	0.0142882
0.595	0.0140155
0.596	0.0137407
0.597	0.0134637
0.598	0.0131847
0.599	0.0129035
0.6	0.0126203
0.601	0.0123351
0.602	0.0120479
0.603	0.0117587
0.604	0.0114675
0.605	0.0111744
0.606	0.0108794
0.607	0.0105826
0.608	0.0102839
0.609	0.00998332
0.61	0.00968097
0.611	0.00937686
0.612	0.009071
0.613	0.00876342
0.614	0.00845415
0.615	0.00814322
0.616	0.00783066
0.617	0.00751649
0.618	0.00720073
0.619	0.00688343
0.62	0.00656461
0.621	0.0062443
0.622	0.00592253
0.623	0.00559932
0.624	0.00527471
0.625	0.00494873
0.626	0.00462141
0.627	0.00429277
0.628	0.00396286
0.629	0.00363169
0.63	0.00329931
0.631	0.00296574
0.632	0.00263102
0.633	0.00229518
0.634	0.00195824
0.635	0.00162025
0.636	0.00128123
0.637	0.000941223
0.638	0.000600256
0.639	0.000258364
0.64	-8.44185e-05
0.641	-0.000428058
0.642	-0.00077252
0.643	-0.00111777
0.644	-0.00146377
0.645	-0.00181049
0.646	-0.0021579
0.647	-0.00250595
0.648	-0.00285461
0.649	-0.00320385
0.65	-0.00355363
0.651	-0.00390391
0.652	-0.00425465
0.653	-0.00460583
0.654	-0.0049574
0.655	-0.00530932
0.656	-0.00566156
0.657	-0.00601408
0.658	-0.00636684
0.659	-0.0067198
0.66	-0.00707292
0.661	-0.00742617
0.662	-0.0077795
0.663	-0.00813288
0.664	-0.00848627
0.665	-0.00883962
0.666	-0.0091929
0.667	-0.00954606
0.668	-0.00989907
0.669	-0.0102519
0.67	-0.0106045
0.671	-0.0109568
0.672	-0.0113087
0.673	-0.0116604
0.674	-0.0120116
0.675	-0.0123623
0.676	-0.0127126
0.677	-0.0130624
0.678	-0.0134115
0.679	-0.0137601
0.68	-0.014108
0.681	-0.0144552
0.682	-0.0148016
0.683	-0.0151472
0.684	-0.0154921
0.685	-0.015836
0.686	-0.016179
0.687	-0.016521
0.688	-0.016862
0.689	-0.0172019
0.69	-0.0175408
0.691	-0.0178784
0.692	-0.0182149
0.693	-0.0185501
0.694	-0.018884
0.695	-0.0192166
0.696	-0.0195478
0.697	-0.0198775
0.698	-0.0202058
0.699	-0.0205325
0.7	-0.0208576
0.701	-0.0211811
0.702	-0.021503
0.703	-0.021823
0.704	-0.0221414
0.705	-0.0224578
0.706	-0.0227724
0.707	-0.0230851
0.708	-0.0233958
0.709	-0.0237044
0.71	-0.024011
0.711	-0.0243155
0.712	-0.0246177
0.713	-0.0249177
0.714	-0.0252155
0.715	-0.0255109
0.716	-0.0258038
0.717	-0.0260944
0.718	-0.0263825
0.719	-0.026668
0.72	-0.0269509
0.721	-0.0272311
0.722	-0.0275086
0.723	-0.0277834
0.724	-0.0280553
0.725	-0.0283244
0.726	-0.0285905
0.727	-0.0288537
0.728	-0.0291138
0.729	-0.0293708
0.73	-0.0296247
0.731	-0.0298753
0.732	-0.0301227
0.733	-0.0303668
0.734	-0.0306075
0.735	-0.0308448
0.736	-0.0310786
0.737	-0.0313088
0.738	-0.0315354
0.739	-0.0317583
0.74	-0.0319776
0.741	-0.032193
0.742	-0.0324046
0.743	-0.0326124
0.744	-0.0328161
0.745	-0.0330158
0.746	-0.0332115
0.747	-0.033403
0.748	-0.0335904
0.749	-0.0337734
0.75	-0.0339522
0.751	-0.0341265
0.752	-0.0342965
0.753	-0.0344619
0.754	-0.0346228
0.755	-0.034779
0.756	-0.0349306
0.757	-0.0350774
0.758	-0.0352194
0.759	-0.0353565
0.76	-0.0354887
0.761	-0.0356158
0.762	-0.035738
0.763	-0.0358549
0.764	-0.0359667
0.765	-0.0360733
0.766	-0.0361745
0.767	-0.0362703
0.768	-0.0363607
0.769	-0.0364455
0.77	-0.0365248
0.771	-0.0365984
0.772	-0.0366664
0.773	-0.0367285
0.774	-0.0367848
0.775	-0.0368351
0.776	-0.0368795
0.777	-0.0369179
0.778	-0.0369501
0.779	-0.0369761
0.78	-0.0369959
0.781	-0.0370094
0.782	-0.0370165
0.783	-0.0370171
0.784	-0.0370112
0.785	-0.0369987
0.786	-0.0369796
0.787	-0.0369537
0.788	-0.036921
0.789	-0.0368814
0.79	-0.0368349
0.791	-0.0367814
0.792	-0.0367208
0.793	-0.036653
0.794	-0.036578
0.795	-0.0364957
0.796	-0.036406
0.797	-0.0363089
0.798	-0.0362043
0.799	-0.036092
0.8	-0.0359722
0.801	-0.0358445
0.802	-0.0357091
0.803	-0.0355658
0.804	-0.0354145
0.805	-0.0352552
0.806	-0.0350878
0.807	-0.0349122
0.808	-0.0347284
0.809	-0.0345362
0.81	-0.0343357
0.811	-0.0341266
0.812	-0.033909
0.813	-0.0336828
0.814	-0.0334478
0.815	-0.0332041
0.816	-0.0329515
0.817	-0.03269
0.818	-0.0324195
0.819	-0.0321398
0.82	-0.031851
0.821	-0.031553
0.822	-0.0312456
0.823	-0.0309288
0.824	-0.0306025
0.825	-0.0302667
0.826	-0.0299212
0.827	-0.029566
0.828	-0.029201
0.829	-0.0288261
0.83	-0.0284413
0.831	-0.0280464
0.832	-0.0276414
0.833	-0.0272262
0.834	-0.0268007
0.835	-0.0263648
0.836	-0.0259185
0.837	-0.0254617
0.838	-0.0249942
0.839	-0.0245161
0.84	-0.0240272
0.841	-0.0235274
0.842	-0.0230167
0.843	-0.0224949
0.844	-0.0219621
0.845	-0.021418
0.846	-0.0208627
0.847	-0.020296
0.848	-0.0197178
0.849	-0.0191282
0.85	-0.0185269
0.851	-0.0179139
0.852	-0.0172891
0.853	-0.0166525
0.854	-0.0160039
0.855	-0.0153432
0.856	-0.0146704
0.857	-0.0139854
0.858	-0.0132881
0.859	-0.0125784
0.86	-0.0118562
0.861	-0.0111215
0.862	-0.0103741
0.863	-0.00961391
0.864	-0.00884093
0.865	-0.00805502
0.866	-0.0072561
0.867	-0.00644409
0.868	-0.00561888
0.869	-0.00478039
0.87	-0.00392854
0.871	-0.00306322
0.872	-0.00218436
0.873	-0.00129185
0.874	-0.000385615
0.875	0.000534444
0.876	0.00146842
0.877	0.00241639
0.878	0.00337847
0.879	0.00435473
0.88	0.00534528
0.881	0.0063502
0.882	0.00736959
0.883	0.00840354
0.884	0.00945215
0.885	0.0105155
0.886	0.0115937
0.887	0.0126868
0.888	0.013795
0.889	0.0149183
0.89	0.0160568
0.891	0.0172106
0.892	0.0183798
0.893	0.0195645
0.894	0.0207649
0.895	0.0219809
0.896	0.0232127
0.897	0.0244604
0.898	0.0257241
0.899	0.0270039
0.9	0.0282999
0.901	0.0296121
0.902	0.0309407
0.903	0.0322858
0.904	0.0336475
0.905	0.0350258
0.906	0.0364209
0.907	0.0378329
0.908	0.0392618
0.909	0.0407079
0.91	0.042171
0.911	0.0436515
0.912	0.0451493
0.913	0.0466646
0.914	0.0481974
0.915	0.0497479
0.916	0.0513162
0.917	0.0529024
0.918	0.0545065
0.919	0.0561287
0.92	0.0577691
0.921	0.0594278
0.922	0.0611048
0.923	0.0628004
0.924	0.0645145
0.925	0.0662473
0.926	0.0679989
0.927	0.0697694
0.928	0.0715589
0.929	0.0733675
0.93	0.0751954
0.931	0.0770425
0.932	0.0789091
0.933	0.0807952
0.934	0.0827009
0.935	0.0846264
0.936	0.0865717
0.937	0.088537
0.938	0.0905223
0.939	0.0925278
0.94	0.0945536
0.941	0.0965998
0.942	0.0986664
0.943	0.100754
0.944	0.102862
0.945	0.10499
0.946	0.10714
0.947	0.109311
0.948	0.111502
0.949	0.113716
0.95	0.11595
0.951	0.118206
0.952	0.120483
0.953	0.122782
0.954	0.125103
0.955	0.127446
0.956	0.129811
0.957	0.132198
0.958	0.134607
0.959	0.137039
0.96	0.139493
0.961	0.14197
0.962	0.144469
0.963	0.146991
0.964	0.149536
0.965	0.152104
0.966	0.154695
0.967	0.15731
0.968	0.159948
0.969	0.162609
0.97	0.165294
0.971	0.168003
0.972	0.170735
0.973	0.173491
0.974	0.176272
0.975	0.179076
0.976	0.181905
0.977	0.184759
0.978	0.187637
0.979	0.190539
0.98	0.193466
0.981	0.196418
0.982	0.199395
0.983	0.202398
0.984	0.205425
0.985	0.208478
0.986	0.211556
0.987	0.21466
0.988	0.217789
0.989	0.220944
0.99	0.224126
0.991	0.227333
0.992	0.230566
0.993	0.233826
0.994	0.237112
0.995	0.240425
0.996	0.243764
0.997	0.247131
0.998	0.250524
0.999	0.253944
