# Interpolation data for function: (2*x-1)^50
0	1
0.001	0.904747
0.002	0.818402
0.003	0.740149
0.004	0.669243
0.005	0.605006
0.006	0.546824
0.007	0.494135
0.008	0.446432
0.009	0.40325
0.01	0.36417
0.011	0.328808
0.012	0.296818
0.013	0.267885
0.014	0.24172
0.015	0.218065
0.016	0.196683
0.017	0.17736
0.018	0.159901
0.019	0.14413
0.02	0.129886
0.021	0.117024
0.022	0.105413
0.023	0.0949333
0.024	0.0854766
0.025	0.076945
0.026	0.0692495
0.027	0.0623099
0.028	0.0560531
0.029	0.0504133
0.03	0.0453307
0.031	0.0407513
0.032	0.0366262
0.033	0.0329112
0.034	0.0295662
0.035	0.0265551
0.036	0.0238451
0.037	0.0214067
0.038	0.0192131
0.039	0.0172403
0.04	0.0154665
0.041	0.0138718
0.042	0.0124387
0.043	0.0111509
0.044	0.00999406
0.045	0.00895508
0.046	0.00802218
0.047	0.00718472
0.048	0.00643312
0.049	0.00575873
0.05	0.00515378
0.051	0.00461123
0.052	0.00412478
0.053	0.00368872
0.054	0.00329794
0.055	0.00294782
0.056	0.0026342
0.057	0.00235335
0.058	0.00210191
0.059	0.00187685
0.06	0.00167546
0.061	0.00149529
0.062	0.00133415
0.063	0.00119007
0.064	0.00106127
0.065	0.000946156
0.066	0.000843308
0.067	0.000751441
0.068	0.000669402
0.069	0.000596161
0.07	0.00053079
0.071	0.000472459
0.072	0.000420425
0.073	0.000374019
0.074	0.000332644
0.075	0.000295765
0.076	0.000262901
0.077	0.000233624
0.078	0.00020755
0.079	0.000184334
0.08	0.000163668
0.081	0.000145278
0.082	0.000128918
0.083	0.000114367
0.084	0.00010143
0.085	8.993e-05
0.086	7.97107e-05
0.087	7.06321e-05
0.088	6.25692e-05
0.089	5.54103e-05
0.09	4.90561e-05
0.091	4.34175e-05
0.092	3.84156e-05
0.093	3.39798e-05
0.094	3.0047e-05
0.095	2.65614e-05
0.096	2.3473e-05
0.097	2.07373e-05
0.098	1.83148e-05
0.099	1.61703e-05
0.1	1.42725e-05
0.101	1.25934e-05
0.102	1.11084e-05
0.103	9.79547e-06
0.104	8.63494e-06
0.105	7.60947e-06
0.106	6.70364e-06
0.107	5.90374e-06
0.108	5.1976e-06
0.109	4.57444e-06
0.11	4.02467e-06
0.111	3.53981e-06
0.112	3.11233e-06
0.113	2.73557e-06
0.114	2.40362e-06
0.115	2.11123e-06
0.116	1.85379e-06
0.117	1.62719e-06
0.118	1.4278e-06
0.119	1.25242e-06
0.12	1.0982e-06
0.121	9.62632e-07
0.122	8.43509e-07
0.123	7.38869e-07
0.124	6.46982e-07
0.125	5.66322e-07
0.126	4.95541e-07
0.127	4.33452e-07
0.128	3.79007e-07
0.129	3.3128e-07
0.13	2.89458e-07
0.131	2.52824e-07
0.132	2.20745e-07
0.133	1.92665e-07
0.134	1.68095e-07
0.135	1.46603e-07
0.136	1.27811e-07
0.137	1.11386e-07
0.138	9.7035e-08
0.139	8.45006e-08
0.14	7.35571e-08
0.141	6.40062e-08
0.142	5.56738e-08
0.143	4.84073e-08
0.144	4.20726e-08
0.145	3.65525e-08
0.146	3.17441e-08
0.147	2.75572e-08
0.148	2.39129e-08
0.149	2.07422e-08
0.15	1.79846e-08
0.151	1.55873e-08
0.152	1.3504e-08
0.153	1.16943e-08
0.154	1.01229e-08
0.155	8.75899e-09
0.156	7.57568e-09
0.157	6.54946e-09
0.158	5.65985e-09
0.159	4.88898e-09
0.16	4.22129e-09
0.161	3.64321e-09
0.162	3.14293e-09
0.163	2.71016e-09
0.164	2.33595e-09
0.165	2.01252e-09
0.166	1.7331e-09
0.167	1.49181e-09
0.168	1.28353e-09
0.169	1.10383e-09
0.17	9.48853e-10
0.171	8.15263e-10
0.172	7.00157e-10
0.173	6.01024e-10
0.174	5.15685e-10
0.175	4.42256e-10
0.176	3.79103e-10
0.177	3.24813e-10
0.178	2.78165e-10
0.179	2.38101e-10
0.18	2.03708e-10
0.181	1.74198e-10
0.182	1.4889e-10
0.183	1.27196e-10
0.184	1.08608e-10
0.185	9.26902e-11
0.186	7.90653e-11
0.187	6.74087e-11
0.188	5.74411e-11
0.189	4.89221e-11
0.19	4.16448e-11
0.191	3.54314e-11
0.192	3.01291e-11
0.193	2.56066e-11
0.194	2.17512e-11
0.195	1.84662e-11
0.196	1.56688e-11
0.197	1.32879e-11
0.198	1.12626e-11
0.199	9.54058e-12
0.2	8.07736e-12
0.201	6.83472e-12
0.202	5.78001e-12
0.203	4.88531e-12
0.204	4.1268e-12
0.205	3.48413e-12
0.206	2.93991e-12
0.207	2.47939e-12
0.208	2.0899e-12
0.209	1.76069e-12
0.21	1.4826e-12
0.211	1.24787e-12
0.212	1.04984e-12
0.213	8.82884e-13
0.214	7.42217e-13
0.215	6.23777e-13
0.216	5.24118e-13
0.217	4.40262e-13
0.218	3.69816e-13
0.219	3.10585e-13
0.22	2.60887e-13
0.221	2.19135e-13
0.222	1.84086e-13
0.223	1.54659e-13
0.224	1.29968e-13
0.225	1.09253e-13
0.226	9.18377e-14
0.227	7.71812e-14
0.228	6.48677e-14
0.229	5.44707e-14
0.23	4.57081e-14
0.231	3.82914e-14
0.232	3.1993e-14
0.233	2.66474e-14
0.234	2.2083e-14
0.235	1.8168e-14
0.236	1.4809e-14
0.237	1.19122e-14
0.238	9.42263e-15
0.239	7.23953e-15
0.24	5.37819e-15
0.241	3.7233e-15
0.242	2.31121e-15
0.243	1.08296e-15
0.244	2.90375e-17
0.245	-8.96127e-16
0.246	-1.66499e-15
0.247	-2.31594e-15
0.248	-2.8524e-15
0.249	-3.27581e-15
0.25	-3.59529e-15
0.251	-3.83013e-15
0.252	-3.96559e-15
0.253	-4.02648e-15
0.254	-3.99308e-15
0.255	-3.90371e-15
0.256	-3.73485e-15
0.257	-3.51117e-15
0.258	-3.25755e-15
0.259	-2.90483e-15
0.26	-2.53571e-15
0.261	-2.125e-15
0.262	-1.71068e-15
0.263	-1.24222e-15
0.264	-7.63923e-16
0.265	-2.90395e-16
0.266	1.99276e-16
0.267	6.77972e-16
0.268	1.14604e-15
0.269	1.58419e-15
0.27	2.02275e-15
0.271	2.4431e-15
0.272	2.80684e-15
0.273	3.13528e-15
0.274	3.42428e-15
0.275	3.68172e-15
0.276	3.8559e-15
0.277	4.01461e-15
0.278	4.12195e-15
0.279	4.17364e-15
0.28	4.17665e-15
0.281	4.11779e-15
0.282	4.01168e-15
0.283	3.86756e-15
0.284	3.66987e-15
0.285	3.43132e-15
0.286	3.13936e-15
0.287	2.83406e-15
0.288	2.48355e-15
0.289	2.11463e-15
0.29	1.71674e-15
0.291	1.29296e-15
0.292	8.57101e-16
0.293	4.36518e-16
0.294	-1.87917e-17
0.295	-4.46503e-16
0.296	-8.69555e-16
0.297	-1.28537e-15
0.298	-1.68486e-15
0.299	-2.05002e-15
0.3	-2.39646e-15
0.301	-2.71994e-15
0.302	-3.0051e-15
0.303	-3.24641e-15
0.304	-3.44962e-15
0.305	-3.60473e-15
0.306	-3.72811e-15
0.307	-3.8084e-15
0.308	-3.83175e-15
0.309	-3.82197e-15
0.31	-3.77061e-15
0.311	-3.67262e-15
0.312	-3.51259e-15
0.313	-3.33897e-15
0.314	-3.11686e-15
0.315	-2.85943e-15
0.316	-2.57574e-15
0.317	-2.26029e-15
0.318	-1.91703e-15
0.319	-1.55802e-15
0.32	-1.18989e-15
0.321	-7.96599e-16
0.322	-4.03183e-16
0.323	-2.79604e-18
0.324	3.8191e-16
0.325	7.73859e-16
0.326	1.14835e-15
0.327	1.49654e-15
0.328	1.84662e-15
0.329	2.168e-15
0.33	2.46947e-15
0.331	2.72449e-15
0.332	2.94379e-15
0.333	3.16251e-15
0.334	3.32222e-15
0.335	3.4538e-15
0.336	3.53803e-15
0.337	3.57252e-15
0.338	3.58667e-15
0.339	3.55705e-15
0.34	3.48732e-15
0.341	3.37778e-15
0.342	3.23529e-15
0.343	3.05268e-15
0.344	2.82968e-15
0.345	2.59346e-15
0.346	2.32497e-15
0.347	2.03679e-15
0.348	1.71976e-15
0.349	1.3886e-15
0.35	1.04454e-15
0.351	7.02655e-16
0.352	3.40473e-16
0.353	-2.25499e-17
0.354	-3.74985e-16
0.355	-7.32746e-16
0.356	-1.07846e-15
0.357	-1.40248e-15
0.358	-1.71366e-15
0.359	-2.00865e-15
0.36	-2.26528e-15
0.361	-2.51667e-15
0.362	-2.72277e-15
0.363	-2.91324e-15
0.364	-3.07033e-15
0.365	-3.1974e-15
0.366	-3.2766e-15
0.367	-3.31723e-15
0.368	-3.34366e-15
0.369	-3.30257e-15
0.37	-3.25773e-15
0.371	-3.15747e-15
0.372	-3.03847e-15
0.373	-2.87679e-15
0.374	-2.70241e-15
0.375	-2.49216e-15
0.376	-2.2515e-15
0.377	-1.9878e-15
0.378	-1.70315e-15
0.379	-1.40577e-15
0.38	-1.10426e-15
0.381	-7.77763e-16
0.382	-4.53075e-16
0.383	-1.34715e-16
0.384	2.05449e-16
0.385	5.50405e-16
0.386	8.63501e-16
0.387	1.17021e-15
0.388	1.45914e-15
0.389	1.73591e-15
0.39	2.0017e-15
0.391	2.24197e-15
0.392	2.44274e-15
0.393	2.63519e-15
0.394	2.8019e-15
0.395	2.92077e-15
0.396	3.02271e-15
0.397	3.08308e-15
0.398	3.12929e-15
0.399	3.13957e-15
0.4	3.11151e-15
0.401	3.04837e-15
0.402	2.95483e-15
0.403	2.83646e-15
0.404	2.69052e-15
0.405	2.5079e-15
0.406	2.2995e-15
0.407	2.0791e-15
0.408	1.83322e-15
0.409	1.58724e-15
0.41	1.29714e-15
0.411	1.00662e-15
0.412	7.14569e-16
0.413	4.16134e-16
0.414	1.02375e-16
0.415	-2.03782e-16
0.416	-5.10468e-16
0.417	-7.92061e-16
0.418	-1.08647e-15
0.419	-1.36177e-15
0.42	-1.61883e-15
0.421	-1.8669e-15
0.422	-2.08706e-15
0.423	-2.29144e-15
0.424	-2.48068e-15
0.425	-2.62416e-15
0.426	-2.74808e-15
0.427	-2.85021e-15
0.428	-2.91292e-15
0.429	-2.95244e-15
0.43	-2.95271e-15
0.431	-2.94267e-15
0.432	-2.89368e-15
0.433	-2.81617e-15
0.434	-2.70824e-15
0.435	-2.57827e-15
0.436	-2.42477e-15
0.437	-2.23495e-15
0.438	-2.02957e-15
0.439	-1.81621e-15
0.44	-1.57194e-15
0.441	-1.31853e-15
0.442	-1.06038e-15
0.443	-7.719e-16
0.444	-4.91679e-16
0.445	-2.06338e-16
0.446	7.27155e-17
0.447	3.5439e-16
0.448	6.46002e-16
0.449	9.09564e-16
0.45	1.17664e-15
0.451	1.43271e-15
0.452	1.66356e-15
0.453	1.88794e-15
0.454	2.07819e-15
0.455	2.2591e-15
0.456	2.40352e-15
0.457	2.53335e-15
0.458	2.64702e-15
0.459	2.7202e-15
0.46	2.77387e-15
0.461	2.79184e-15
0.462	2.78802e-15
0.463	2.744e-15
0.464	2.69678e-15
0.465	2.61122e-15
0.466	2.4958e-15
0.467	2.37083e-15
0.468	2.20838e-15
0.469	2.03561e-15
0.47	1.83369e-15
0.471	1.61048e-15
0.472	1.38393e-15
0.473	1.15732e-15
0.474	8.97146e-16
0.475	6.25202e-16
0.476	3.65748e-16
0.477	9.10205e-17
0.478	-1.83174e-16
0.479	-4.52203e-16
0.48	-7.20734e-16
0.481	-9.62669e-16
0.482	-1.20756e-15
0.483	-1.42924e-15
0.484	-1.63834e-15
0.485	-1.84137e-15
0.486	-2.02383e-15
0.487	-2.17667e-15
0.488	-2.31317e-15
0.489	-2.43819e-15
0.49	-2.53294e-15
0.491	-2.56933e-15
0.492	-2.64309e-15
0.493	-2.64445e-15
0.494	-2.63148e-15
0.495	-2.59612e-15
0.496	-2.50652e-15
0.497	-2.42228e-15
0.498	-2.33224e-15
0.499	-2.18474e-15
0.5	-2.03668e-15
0.501	-1.85477e-15
0.502	-1.67231e-15
0.503	-1.44906e-15
0.504	-1.23345e-15
0.505	-9.97333e-16
0.506	-7.43663e-16
0.507	-5.04616e-16
0.508	-2.58934e-16
0.509	-1.32003e-17
0.51	2.55379e-16
0.511	5.21923e-16
0.512	7.57866e-16
0.513	1.00253e-15
0.514	1.23117e-15
0.515	1.44705e-15
0.516	1.64525e-15
0.517	1.81678e-15
0.518	1.98959e-15
0.519	2.12698e-15
0.52	2.2614e-15
0.521	2.37467e-15
0.522	2.45711e-15
0.523	2.50895e-15
0.524	2.53602e-15
0.525	2.54341e-15
0.526	2.52086e-15
0.527	2.48263e-15
0.528	2.41668e-15
0.529	2.30545e-15
0.53	2.2087e-15
0.531	2.06677e-15
0.532	1.92606e-15
0.533	1.74479e-15
0.534	1.54777e-15
0.535	1.346e-15
0.536	1.14143e-15
0.537	8.99668e-16
0.538	6.72095e-16
0.539	4.1819e-16
0.54	1.82105e-16
0.541	-6.07201e-17
0.542	-3.0678e-16
0.543	-5.54508e-16
0.544	-7.88469e-16
0.545	-1.00735e-15
0.546	-1.22645e-15
0.547	-1.43464e-15
0.548	-1.61758e-15
0.549	-1.79918e-15
0.55	-1.96646e-15
0.551	-2.09338e-15
0.552	-2.2074e-15
0.553	-2.29692e-15
0.554	-2.36293e-15
0.555	-2.4109e-15
0.556	-2.44366e-15
0.557	-2.44471e-15
0.558	-2.40234e-15
0.559	-2.37184e-15
0.56	-2.28544e-15
0.561	-2.19572e-15
0.562	-2.07577e-15
0.563	-1.94444e-15
0.564	-1.78308e-15
0.565	-1.6031e-15
0.566	-1.42974e-15
0.567	-1.21016e-15
0.568	-1.00793e-15
0.569	-7.86333e-16
0.57	-5.57144e-16
0.571	-3.08535e-16
0.572	-5.50199e-17
0.573	1.70942e-16
0.574	4.04954e-16
0.575	6.35137e-16
0.576	8.69589e-16
0.577	1.07789e-15
0.578	1.28668e-15
0.579	1.49284e-15
0.58	1.66133e-15
0.581	1.82755e-15
0.582	1.96895e-15
0.583	2.09477e-15
0.584	2.20792e-15
0.585	2.28935e-15
0.586	2.34021e-15
0.587	2.37796e-15
0.588	2.3939e-15
0.589	2.37533e-15
0.59	2.32979e-15
0.591	2.2838e-15
0.592	2.19589e-15
0.593	2.08757e-15
0.594	1.96556e-15
0.595	1.81849e-15
0.596	1.66299e-15
0.597	1.48675e-15
0.598	1.30725e-15
0.599	1.08891e-15
0.6	8.78762e-16
0.601	6.55528e-16
0.602	4.16963e-16
0.603	1.83694e-16
0.604	-5.0313e-17
0.605	-2.84903e-16
0.606	-5.15196e-16
0.607	-7.39611e-16
0.608	-9.62356e-16
0.609	-1.16366e-15
0.61	-1.36218e-15
0.611	-1.53873e-15
0.612	-1.70062e-15
0.613	-1.85458e-15
0.614	-1.97989e-15
0.615	-2.0944e-15
0.616	-2.16843e-15
0.617	-2.23819e-15
0.618	-2.27774e-15
0.619	-2.28404e-15
0.62	-2.2804e-15
0.621	-2.251e-15
0.622	-2.20849e-15
0.623	-2.11704e-15
0.624	-2.02246e-15
0.625	-1.90139e-15
0.626	-1.7723e-15
0.627	-1.60372e-15
0.628	-1.44151e-15
0.629	-1.24835e-15
0.63	-1.03104e-15
0.631	-8.20438e-16
0.632	-6.09479e-16
0.633	-3.77172e-16
0.634	-1.54949e-16
0.635	8.81253e-17
0.636	3.09983e-16
0.637	5.48147e-16
0.638	7.65653e-16
0.639	9.94368e-16
0.64	1.19142e-15
0.641	1.38745e-15
0.642	1.56746e-15
0.643	1.71886e-15
0.644	1.87364e-15
0.645	1.99046e-15
0.646	2.09292e-15
0.647	2.18218e-15
0.648	2.23041e-15
0.649	2.27607e-15
0.65	2.28291e-15
0.651	2.26691e-15
0.652	2.22745e-15
0.653	2.15733e-15
0.654	2.09035e-15
0.655	1.97864e-15
0.656	1.8496e-15
0.657	1.70252e-15
0.658	1.53602e-15
0.659	1.35387e-15
0.66	1.1463e-15
0.661	9.41761e-16
0.662	7.20839e-16
0.663	5.03917e-16
0.664	2.66857e-16
0.665	3.09736e-17
0.666	-2.04648e-16
0.667	-4.49926e-16
0.668	-6.74139e-16
0.669	-8.89486e-16
0.67	-1.10186e-15
0.671	-1.31146e-15
0.672	-1.49787e-15
0.673	-1.66583e-15
0.674	-1.81798e-15
0.675	-1.95902e-15
0.676	-2.06499e-15
0.677	-2.15076e-15
0.678	-2.21396e-15
0.679	-2.2541e-15
0.68	-2.26863e-15
0.681	-2.27039e-15
0.682	-2.23723e-15
0.683	-2.15353e-15
0.684	-2.07612e-15
0.685	-1.97098e-15
0.686	-1.85463e-15
0.687	-1.71323e-15
0.688	-1.54508e-15
0.689	-1.36166e-15
0.69	-1.15572e-15
0.691	-9.36989e-16
0.692	-7.14827e-16
0.693	-4.87021e-16
0.694	-2.59729e-16
0.695	-3.31987e-18
0.696	2.34776e-16
0.697	4.82335e-16
0.698	6.97449e-16
0.699	9.46183e-16
0.7	1.13957e-15
0.701	1.34826e-15
0.702	1.53907e-15
0.703	1.7115e-15
0.704	1.86462e-15
0.705	1.99771e-15
0.706	2.08569e-15
0.707	2.17082e-15
0.708	2.23795e-15
0.709	2.26423e-15
0.71	2.27235e-15
0.711	2.24575e-15
0.712	2.20274e-15
0.713	2.11443e-15
0.714	2.02116e-15
0.715	1.89014e-15
0.716	1.75091e-15
0.717	1.58349e-15
0.718	1.39781e-15
0.719	1.19155e-15
0.72	9.78273e-16
0.721	7.41772e-16
0.722	5.05704e-16
0.723	2.52921e-16
0.724	1.1228e-17
0.725	-2.46333e-16
0.726	-4.83939e-16
0.727	-7.44971e-16
0.728	-9.66422e-16
0.729	-1.19021e-15
0.73	-1.40893e-15
0.731	-1.58427e-15
0.732	-1.76224e-15
0.733	-1.90284e-15
0.734	-2.0352e-15
0.735	-2.12836e-15
0.736	-2.19546e-15
0.737	-2.23364e-15
0.738	-2.26242e-15
0.739	-2.22823e-15
0.74	-2.17844e-15
0.741	-2.07533e-15
0.742	-1.96784e-15
0.743	-1.81741e-15
0.744	-1.62001e-15
0.745	-1.38755e-15
0.746	-1.12916e-15
0.747	-8.27842e-16
0.748	-4.87764e-16
0.749	-1.14009e-16
0.75	2.97242e-16
0.751	7.39995e-16
0.752	1.26195e-15
0.753	1.80293e-15
0.754	2.42644e-15
0.755	3.1168e-15
0.756	3.87065e-15
0.757	4.74972e-15
0.758	5.71557e-15
0.759	6.84918e-15
0.76	8.14559e-15
0.761	9.62144e-15
0.762	1.13754e-14
0.763	1.34254e-14
0.764	1.58588e-14
0.765	1.87135e-14
0.766	2.21106e-14
0.767	2.62038e-14
0.768	3.10432e-14
0.769	3.68401e-14
0.77	4.37881e-14
0.771	5.21116e-14
0.772	6.20702e-14
0.773	7.3998e-14
0.774	8.83199e-14
0.775	1.05447e-13
0.776	1.25941e-13
0.777	1.50438e-13
0.778	1.79729e-13
0.779	2.14724e-13
0.78	2.56479e-13
0.781	3.06282e-13
0.782	3.65614e-13
0.783	4.36294e-13
0.784	5.2039e-13
0.785	6.20396e-13
0.786	7.39213e-13
0.787	8.80279e-13
0.788	1.0477e-12
0.789	1.24625e-12
0.79	1.4815e-12
0.791	1.76011e-12
0.792	2.08989e-12
0.793	2.47994e-12
0.794	2.94103e-12
0.795	3.48577e-12
0.796	4.12898e-12
0.797	4.88797e-12
0.798	5.78312e-12
0.799	6.83826e-12
0.8	8.08126e-12
0.801	9.54476e-12
0.802	1.1267e-11
0.803	1.32925e-11
0.804	1.56735e-11
0.805	1.84709e-11
0.806	2.17558e-11
0.807	2.56111e-11
0.808	3.01334e-11
0.809	3.54354e-11
0.81	4.16485e-11
0.811	4.89254e-11
0.812	5.74439e-11
0.813	6.74109e-11
0.814	7.90669e-11
0.815	9.26913e-11
0.816	1.08609e-10
0.817	1.27196e-10
0.818	1.48889e-10
0.819	1.74197e-10
0.82	2.03706e-10
0.821	2.38098e-10
0.822	2.78161e-10
0.823	3.2481e-10
0.824	3.79099e-10
0.825	4.42252e-10
0.826	5.15681e-10
0.827	6.01019e-10
0.828	7.00152e-10
0.829	8.15258e-10
0.83	9.48848e-10
0.831	1.10382e-09
0.832	1.28352e-09
0.833	1.4918e-09
0.834	1.7331e-09
0.835	2.01252e-09
0.836	2.33595e-09
0.837	2.71016e-09
0.838	3.14293e-09
0.839	3.64321e-09
0.84	4.22129e-09
0.841	4.88898e-09
0.842	5.65985e-09
0.843	6.54946e-09
0.844	7.57568e-09
0.845	8.759e-09
0.846	1.01229e-08
0.847	1.16943e-08
0.848	1.3504e-08
0.849	1.55873e-08
0.85	1.79846e-08
0.851	2.07422e-08
0.852	2.39129e-08
0.853	2.75572e-08
0.854	3.17441e-08
0.855	3.65525e-08
0.856	4.20726e-08
0.857	4.84073e-08
0.858	5.56738e-08
0.859	6.40062e-08
0.86	7.35571e-08
0.861	8.45006e-08
0.862	9.7035e-08
0.863	1.11386e-07
0.864	1.27811e-07
0.865	1.46603e-07
0.866	1.68095e-07
0.867	1.92665e-07
0.868	2.20745e-07
0.869	2.52824e-07
0.87	2.89458e-07
0.871	3.3128e-07
0.872	3.79007e-07
0.873	4.33452e-07
0.874	4.95541e-07
0.875	5.66322e-07
0.876	6.46982e-07
0.877	7.38869e-07
0.878	8.43509e-07
0.879	9.62632e-07
0.88	1.0982e-06
0.881	1.25242e-06
0.882	1.4278e-06
0.883	1.62719e-06
0.884	1.85379e-06
0.885	2.11123e-06
0.886	2.40362e-06
0.887	2.73557e-06
0.888	3.11233e-06
0.889	3.53981e-06
0.89	4.02467e-06
0.891	4.57444e-06
0.892	5.1976e-06
0.893	5.90374e-06
0.894	6.70364e-06
0.895	7.60947e-06
0.896	8.63494e-06
0.897	9.79547e-06
0.898	1.11084e-05
0.899	1.25934e-05
0.9	1.42725e-05
0.901	1.61703e-05
0.902	1.83148e-05
0.903	2.07373e-05
0.904	2.3473e-05
0.905	2.65614e-05
0.906	3.0047e-05
0.907	3.39798e-05
0.908	3.84156e-05
0.909	4.34175e-05
0.91	4.90561e-05
0.911	5.54103e-05
0.912	6.25692e-05
0.913	7.06321e-05
0.914	7.97107e-05
0.915	8.993e-05
0.916	0.00010143
0.917	0.000114367
0.918	0.000128918
0.919	0.000145278
0.92	0.000163668
0.921	0.000184334
0.922	0.00020755
0.923	0.000233624
0.924	0.000262901
0.925	0.000295765
0.926	0.000332644
0.927	0.000374019
0.928	0.000420425
0.929	0.000472459
0.93	0.00053079
0.931	0.000596161
0.932	0.000669402
0.933	0.000751441
0.934	0.000843308
0.935	0.000946156
0.936	0.00106127
0.937	0.00119007
0.938	0.00133415
0.939	0.00149529
0.94	0.00167546
0.941	0.00187685
0.942	0.00210191
0.943	0.00235335
0.944	0.0026342
0.945	0.00294782
0.946	0.00329794
0.947	0.00368872
0.948	0.00412478
0.949	0.00461123
0.95	0.00515378
0.951	0.00575873
0.952	0.00643312
0.953	0.00718472
0.954	0.00802218
0.955	0.00895508
0.956	0.00999406
0.957	0.0111509
0.958	0.0124387
0.959	0.0138718
0.96	0.0154665
0.961	0.0172403
0.962	0.0192131
0.963	0.0214067
0.964	0.0238451
0.965	0.0265551
0.966	0.0295662
0.967	0.0329112
0.968	0.0366262
0.969	0.0407513
0.97	0.0453307
0.971	0.0504133
0.972	0.0560531
0.973	0.0623099
0.974	0.0692495
0.975	0.076945
0.976	0.0854766
0.977	0.0949333
0.978	0.105413
0.979	0.117024
0.98	0.129886
0.981	0.14413
0.982	0.159901
0.983	0.17736
0.984	0.196683
0.985	0.218065
0.986	0.24172
0.987	0.267885
0.988	0.296818
0.989	0.328808
0.99	0.36417
0.991	0.40325
0.992	0.446432
0.993	0.494135
0.994	0.546824
0.995	0.605006
0.996	0.669243
0.997	0.740149
0.998	0.818402
0.999	0.904747
