# Interpolation data for function: (2*x-1)^50
0	1
0.001	0.904747
0.002	0.818402
0.003	0.740149
0.004	0.669243
0.005	0.605006
0.006	0.546824
0.007	0.494135
0.008	0.446432
0.009	0.40325
0.01	0.36417
0.011	0.328808
0.012	0.296818
0.013	0.267885
0.014	0.24172
0.015	0.218065
0.016	0.196683
0.017	0.17736
0.018	0.159901
0.019	0.14413
0.02	0.129886
0.021	0.117024
0.022	0.105413
0.023	0.0949333
0.024	0.0854766
0.025	0.076945
0.026	0.0692495
0.027	0.0623099
0.028	0.0560531
0.029	0.0504133
0.03	0.0453307
0.031	0.0407513
0.032	0.0366262
0.033	0.0329112
0.034	0.0295662
0.035	0.0265551
0.036	0.0238451
0.037	0.0214067
0.038	0.0192131
0.039	0.0172403
0.04	0.0154665
0.041	0.0138718
0.042	0.0124387
0.043	0.0111509
0.044	0.00999406
0.045	0.00895508
0.046	0.00802218
0.047	0.00718472
0.048	0.00643312
0.049	0.00575873
0.05	0.00515377
0.051	0.00461123
0.052	0.00412478
0.053	0.00368872
0.054	0.00329794
0.055	0.00294782
0.056	0.0026342
0.057	0.00235335
0.058	0.00210191
0.059	0.00187685
0.06	0.00167546
0.061	0.00149529
0.062	0.00133415
0.063	0.00119007
0.064	0.00106127
0.065	0.000946156
0.066	0.000843308
0.067	0.000751441
0.068	0.000669403
0.069	0.000596161
0.07	0.00053079
0.071	0.00047246
0.072	0.000420425
0.073	0.000374019
0.074	0.000332644
0.075	0.000295765
0.076	0.000262901
0.077	0.000233625
0.078	0.00020755
0.079	0.000184334
0.08	0.000163668
0.081	0.000145278
0.082	0.000128918
0.083	0.000114367
0.084	0.00010143
0.085	8.99297e-05
0.086	7.97104e-05
0.087	7.06318e-05
0.088	6.25688e-05
0.089	5.541e-05
0.09	4.90557e-05
0.091	4.34172e-05
0.092	3.84153e-05
0.093	3.39794e-05
0.094	3.00467e-05
0.095	2.65611e-05
0.096	2.34728e-05
0.097	2.07371e-05
0.098	1.83147e-05
0.099	1.61702e-05
0.1	1.42725e-05
0.101	1.25935e-05
0.102	1.11085e-05
0.103	9.79559e-06
0.104	8.63511e-06
0.105	7.60969e-06
0.106	6.70389e-06
0.107	5.90402e-06
0.108	5.19791e-06
0.109	4.57477e-06
0.11	4.02501e-06
0.111	3.54016e-06
0.112	3.11269e-06
0.113	2.73592e-06
0.114	2.40395e-06
0.115	2.11155e-06
0.116	1.85409e-06
0.117	1.62746e-06
0.118	1.42804e-06
0.119	1.25262e-06
0.12	1.09836e-06
0.121	9.6275e-07
0.122	8.43584e-07
0.123	7.389e-07
0.124	6.46968e-07
0.125	5.66264e-07
0.126	4.95442e-07
0.127	4.33312e-07
0.128	3.78828e-07
0.129	3.31067e-07
0.13	2.89214e-07
0.131	2.52553e-07
0.132	2.20451e-07
0.133	1.92354e-07
0.134	1.67771e-07
0.135	1.46271e-07
0.136	1.27477e-07
0.137	1.11055e-07
0.138	9.67111e-08
0.139	8.41893e-08
0.14	7.32629e-08
0.141	6.37334e-08
0.142	5.54263e-08
0.143	4.81885e-08
0.144	4.18857e-08
0.145	3.63999e-08
0.146	3.16277e-08
0.147	2.74785e-08
0.148	2.38728e-08
0.149	2.07411e-08
0.15	1.80221e-08
0.151	1.56627e-08
0.152	1.3616e-08
0.153	1.18411e-08
0.154	1.03022e-08
0.155	8.96822e-09
0.156	7.81172e-09
0.157	6.80893e-09
0.158	5.93908e-09
0.159	5.18409e-09
0.16	4.52821e-09
0.161	3.95776e-09
0.162	3.46088e-09
0.163	3.02729e-09
0.164	2.64808e-09
0.165	2.31559e-09
0.166	2.02321e-09
0.167	1.76527e-09
0.168	1.5369e-09
0.169	1.33397e-09
0.17	1.15295e-09
0.171	9.90863e-10
0.172	8.45191e-10
0.173	7.1383e-10
0.174	5.95023e-10
0.175	4.87314e-10
0.176	3.89506e-10
0.177	3.00618e-10
0.178	2.19853e-10
0.179	1.46569e-10
0.18	8.02489e-11
0.181	2.04804e-11
0.182	-3.30674e-11
0.183	-8.06609e-11
0.184	-1.22518e-10
0.185	-1.58823e-10
0.186	-1.89736e-10
0.187	-2.15405e-10
0.188	-2.35975e-10
0.189	-2.51591e-10
0.19	-2.6241e-10
0.191	-2.68599e-10
0.192	-2.70344e-10
0.193	-2.67848e-10
0.194	-2.61334e-10
0.195	-2.51048e-10
0.196	-2.37254e-10
0.197	-2.2024e-10
0.198	-2.0031e-10
0.199	-1.77785e-10
0.2	-1.53002e-10
0.201	-1.26311e-10
0.202	-9.80693e-11
0.203	-6.8643e-11
0.204	-3.84003e-11
0.205	-7.70924e-12
0.206	2.30652e-11
0.207	5.3565e-11
0.208	8.34421e-11
0.209	1.12362e-10
0.21	1.40005e-10
0.211	1.66074e-10
0.212	1.9029e-10
0.213	2.12401e-10
0.214	2.32179e-10
0.215	2.49426e-10
0.216	2.63974e-10
0.217	2.75685e-10
0.218	2.84454e-10
0.219	2.90206e-10
0.22	2.92902e-10
0.221	2.92534e-10
0.222	2.89127e-10
0.223	2.82735e-10
0.224	2.73447e-10
0.225	2.61377e-10
0.226	2.46668e-10
0.227	2.29489e-10
0.228	2.10032e-10
0.229	1.8851e-10
0.23	1.65156e-10
0.231	1.40218e-10
0.232	1.13959e-10
0.233	8.66513e-11
0.234	5.85757e-11
0.235	3.00178e-11
0.236	1.2655e-12
0.237	-2.73943e-11
0.238	-5.56782e-11
0.239	-8.33094e-11
0.24	-1.1002e-10
0.241	-1.35553e-10
0.242	-1.59666e-10
0.243	-1.82133e-10
0.244	-2.02746e-10
0.245	-2.21315e-10
0.246	-2.37673e-10
0.247	-2.51677e-10
0.248	-2.63205e-10
0.249	-2.72163e-10
0.25	-2.7848e-10
0.251	-2.82112e-10
0.252	-2.83039e-10
0.253	-2.8127e-10
0.254	-2.76837e-10
0.255	-2.69798e-10
0.256	-2.60234e-10
0.257	-2.48251e-10
0.258	-2.33973e-10
0.259	-2.17549e-10
0.26	-1.99143e-10
0.261	-1.78939e-10
0.262	-1.57133e-10
0.263	-1.33938e-10
0.264	-1.09575e-10
0.265	-8.42744e-11
0.266	-5.8275e-11
0.267	-3.18189e-11
0.268	-5.15048e-12
0.269	2.14855e-11
0.27	4.78466e-11
0.271	7.36949e-11
0.272	9.87986e-11
0.273	1.22935e-10
0.274	1.4589e-10
0.275	1.67465e-10
0.276	1.87472e-10
0.277	2.0574e-10
0.278	2.22115e-10
0.279	2.36459e-10
0.28	2.48656e-10
0.281	2.58608e-10
0.282	2.66238e-10
0.283	2.7149e-10
0.284	2.74328e-10
0.285	2.7474e-10
0.286	2.72734e-10
0.287	2.68339e-10
0.288	2.61605e-10
0.289	2.52601e-10
0.29	2.41417e-10
0.291	2.2816e-10
0.292	2.12955e-10
0.293	1.95942e-10
0.294	1.77277e-10
0.295	1.57128e-10
0.296	1.35676e-10
0.297	1.1311e-10
0.298	8.9629e-11
0.299	6.54378e-11
0.3	4.07463e-11
0.301	1.5767e-11
0.302	-9.28628e-12
0.303	-3.42005e-11
0.304	-5.8765e-11
0.305	-8.27736e-11
0.306	-1.06026e-10
0.307	-1.28329e-10
0.308	-1.49499e-10
0.309	-1.69364e-10
0.31	-1.87761e-10
0.311	-2.04544e-10
0.312	-2.19577e-10
0.313	-2.32744e-10
0.314	-2.43942e-10
0.315	-2.53086e-10
0.316	-2.60107e-10
0.317	-2.64957e-10
0.318	-2.67603e-10
0.319	-2.68033e-10
0.32	-2.66251e-10
0.321	-2.6228e-10
0.322	-2.56161e-10
0.323	-2.47953e-10
0.324	-2.3773e-10
0.325	-2.25583e-10
0.326	-2.11619e-10
0.327	-1.95957e-10
0.328	-1.78732e-10
0.329	-1.60089e-10
0.33	-1.40184e-10
0.331	-1.19182e-10
0.332	-9.72568e-11
0.333	-7.45891e-11
0.334	-5.13637e-11
0.335	-2.77694e-11
0.336	-3.99686e-12
0.337	1.97626e-11
0.338	4.33189e-11
0.339	6.64842e-11
0.34	8.9075e-11
0.341	1.10913e-10
0.342	1.31827e-10
0.343	1.51653e-10
0.344	1.70239e-10
0.345	1.87439e-10
0.346	2.03123e-10
0.347	2.17172e-10
0.348	2.29479e-10
0.349	2.39953e-10
0.35	2.48517e-10
0.351	2.55109e-10
0.352	2.59685e-10
0.353	2.62213e-10
0.354	2.62681e-10
0.355	2.61091e-10
0.356	2.57461e-10
0.357	2.51825e-10
0.358	2.44233e-10
0.359	2.34751e-10
0.36	2.23456e-10
0.361	2.10442e-10
0.362	1.95814e-10
0.363	1.7969e-10
0.364	1.622e-10
0.365	1.43481e-10
0.366	1.23683e-10
0.367	1.02959e-10
0.368	8.1472e-11
0.369	5.93897e-11
0.37	3.68829e-11
0.371	1.41255e-11
0.372	-8.70762e-12
0.373	-3.14413e-11
0.374	-5.39021e-11
0.375	-7.59191e-11
0.376	-9.73253e-11
0.377	-1.17959e-10
0.378	-1.37665e-10
0.379	-1.56296e-10
0.38	-1.73713e-10
0.381	-1.89786e-10
0.382	-2.04397e-10
0.383	-2.17438e-10
0.384	-2.28815e-10
0.385	-2.38445e-10
0.386	-2.46259e-10
0.387	-2.52203e-10
0.388	-2.56236e-10
0.389	-2.58331e-10
0.39	-2.58477e-10
0.391	-2.56678e-10
0.392	-2.52951e-10
0.393	-2.47327e-10
0.394	-2.39854e-10
0.395	-2.3059e-10
0.396	-2.1961e-10
0.397	-2.06998e-10
0.398	-1.92851e-10
0.399	-1.77279e-10
0.4	-1.60401e-10
0.401	-1.42344e-10
0.402	-1.23246e-10
0.403	-1.0325e-10
0.404	-8.25066e-11
0.405	-6.11716e-11
0.406	-3.9404e-11
0.407	-1.73662e-11
0.408	4.77821e-12
0.409	2.68651e-11
0.41	4.87311e-11
0.411	7.02151e-11
0.412	9.1159e-11
0.413	1.11409e-10
0.414	1.30817e-10
0.415	1.49242e-10
0.416	1.66549e-10
0.417	1.82613e-10
0.418	1.97318e-10
0.419	2.10557e-10
0.42	2.22237e-10
0.421	2.32272e-10
0.422	2.40593e-10
0.423	2.47141e-10
0.424	2.51871e-10
0.425	2.5475e-10
0.426	2.55761e-10
0.427	2.54898e-10
0.428	2.5217e-10
0.429	2.47601e-10
0.43	2.41225e-10
0.431	2.33092e-10
0.432	2.23263e-10
0.433	2.11812e-10
0.434	1.98825e-10
0.435	1.84398e-10
0.436	1.68638e-10
0.437	1.5166e-10
0.438	1.33591e-10
0.439	1.14562e-10
0.44	9.47119e-11
0.441	7.41868e-11
0.442	5.31359e-11
0.443	3.17123e-11
0.444	1.00717e-11
0.445	-1.16291e-11
0.446	-3.32328e-11
0.447	-5.45833e-11
0.448	-7.55264e-11
0.449	-9.5911e-11
0.45	-1.15591e-10
0.451	-1.34423e-10
0.452	-1.52274e-10
0.453	-1.69016e-10
0.454	-1.84527e-10
0.455	-1.98699e-10
0.456	-2.11429e-10
0.457	-2.22627e-10
0.458	-2.32213e-10
0.459	-2.40121e-10
0.46	-2.46294e-10
0.461	-2.50689e-10
0.462	-2.53276e-10
0.463	-2.54037e-10
0.464	-2.52969e-10
0.465	-2.5008e-10
0.466	-2.45393e-10
0.467	-2.38942e-10
0.468	-2.30774e-10
0.469	-2.20949e-10
0.47	-2.0954e-10
0.471	-1.96627e-10
0.472	-1.82306e-10
0.473	-1.6668e-10
0.474	-1.4986e-10
0.475	-1.3197e-10
0.476	-1.13136e-10
0.477	-9.3495e-11
0.478	-7.31878e-11
0.479	-5.23602e-11
0.48	-3.11616e-11
0.481	-9.74388e-12
0.482	1.17394e-11
0.483	3.31344e-11
0.484	5.42879e-11
0.485	7.50487e-11
0.486	9.52682e-11
0.487	1.14802e-10
0.488	1.3351e-10
0.489	1.51259e-10
0.49	1.67922e-10
0.491	1.83381e-10
0.492	1.97524e-10
0.493	2.1025e-10
0.494	2.2147e-10
0.495	2.31102e-10
0.496	2.39079e-10
0.497	2.45343e-10
0.498	2.49849e-10
0.499	2.52566e-10
0.5	2.53474e-10
0.501	2.52566e-10
0.502	2.49849e-10
0.503	2.45343e-10
0.504	2.39079e-10
0.505	2.31102e-10
0.506	2.2147e-10
0.507	2.1025e-10
0.508	1.97523e-10
0.509	1.8338e-10
0.51	1.67922e-10
0.511	1.51258e-10
0.512	1.33509e-10
0.513	1.14801e-10
0.514	9.52673e-11
0.515	7.50478e-11
0.516	5.4287e-11
0.517	3.31334e-11
0.518	1.17384e-11
0.519	-9.74488e-12
0.52	-3.11626e-11
0.521	-5.23612e-11
0.522	-7.31888e-11
0.523	-9.34959e-11
0.524	-1.13137e-10
0.525	-1.3197e-10
0.526	-1.49861e-10
0.527	-1.66681e-10
0.528	-1.82307e-10
0.529	-1.96628e-10
0.53	-2.0954e-10
0.531	-2.2095e-10
0.532	-2.30774e-10
0.533	-2.38942e-10
0.534	-2.45393e-10
0.535	-2.50081e-10
0.536	-2.52969e-10
0.537	-2.54037e-10
0.538	-2.53276e-10
0.539	-2.50689e-10
0.54	-2.46294e-10
0.541	-2.40121e-10
0.542	-2.32213e-10
0.543	-2.22626e-10
0.544	-2.11428e-10
0.545	-1.98698e-10
0.546	-1.84527e-10
0.547	-1.69015e-10
0.548	-1.52274e-10
0.549	-1.34423e-10
0.55	-1.1559e-10
0.551	-9.59102e-11
0.552	-7.55255e-11
0.553	-5.45824e-11
0.554	-3.32319e-11
0.555	-1.16281e-11
0.556	1.00726e-11
0.557	3.17133e-11
0.558	5.31369e-11
0.559	7.41878e-11
0.56	9.47129e-11
0.561	1.14563e-10
0.562	1.33592e-10
0.563	1.51661e-10
0.564	1.68639e-10
0.565	1.84399e-10
0.566	1.98826e-10
0.567	2.11813e-10
0.568	2.23264e-10
0.569	2.33092e-10
0.57	2.41226e-10
0.571	2.47601e-10
0.572	2.52171e-10
0.573	2.54898e-10
0.574	2.55761e-10
0.575	2.54751e-10
0.576	2.51871e-10
0.577	2.47141e-10
0.578	2.40593e-10
0.579	2.32272e-10
0.58	2.22236e-10
0.581	2.10557e-10
0.582	1.97318e-10
0.583	1.82613e-10
0.584	1.66549e-10
0.585	1.49242e-10
0.586	1.30817e-10
0.587	1.11409e-10
0.588	9.11583e-11
0.589	7.02143e-11
0.59	4.87303e-11
0.591	2.68642e-11
0.592	4.7773e-12
0.593	-1.73671e-11
0.594	-3.9405e-11
0.595	-6.11726e-11
0.596	-8.25076e-11
0.597	-1.03251e-10
0.598	-1.23247e-10
0.599	-1.42345e-10
0.6	-1.60402e-10
0.601	-1.7728e-10
0.602	-1.92852e-10
0.603	-2.06998e-10
0.604	-2.19611e-10
0.605	-2.30591e-10
0.606	-2.39855e-10
0.607	-2.47328e-10
0.608	-2.52951e-10
0.609	-2.56679e-10
0.61	-2.58478e-10
0.611	-2.58331e-10
0.612	-2.56236e-10
0.613	-2.52203e-10
0.614	-2.46259e-10
0.615	-2.38445e-10
0.616	-2.28815e-10
0.617	-2.17438e-10
0.618	-2.04397e-10
0.619	-1.89786e-10
0.62	-1.73713e-10
0.621	-1.56296e-10
0.622	-1.37665e-10
0.623	-1.17958e-10
0.624	-9.73246e-11
0.625	-7.59183e-11
0.626	-5.39013e-11
0.627	-3.14405e-11
0.628	-8.70673e-12
0.629	1.41264e-11
0.63	3.68839e-11
0.631	5.93907e-11
0.632	8.1473e-11
0.633	1.0296e-10
0.634	1.23684e-10
0.635	1.43482e-10
0.636	1.62201e-10
0.637	1.79692e-10
0.638	1.95815e-10
0.639	2.10443e-10
0.64	2.23457e-10
0.641	2.34751e-10
0.642	2.44234e-10
0.643	2.51826e-10
0.644	2.57461e-10
0.645	2.61092e-10
0.646	2.62682e-10
0.647	2.62214e-10
0.648	2.59685e-10
0.649	2.5511e-10
0.65	2.48517e-10
0.651	2.39953e-10
0.652	2.29479e-10
0.653	2.17172e-10
0.654	2.03123e-10
0.655	1.87439e-10
0.656	1.70238e-10
0.657	1.51653e-10
0.658	1.31826e-10
0.659	1.10912e-10
0.66	8.90744e-11
0.661	6.64835e-11
0.662	4.33181e-11
0.663	1.97618e-11
0.664	-3.99774e-12
0.665	-2.77703e-11
0.666	-5.13647e-11
0.667	-7.45901e-11
0.668	-9.72578e-11
0.669	-1.19183e-10
0.67	-1.40185e-10
0.671	-1.6009e-10
0.672	-1.78733e-10
0.673	-1.95959e-10
0.674	-2.1162e-10
0.675	-2.25584e-10
0.676	-2.37731e-10
0.677	-2.47954e-10
0.678	-2.56162e-10
0.679	-2.62281e-10
0.68	-2.66252e-10
0.681	-2.68034e-10
0.682	-2.67604e-10
0.683	-2.64958e-10
0.684	-2.60108e-10
0.685	-2.53086e-10
0.686	-2.43942e-10
0.687	-2.32744e-10
0.688	-2.19577e-10
0.689	-2.04544e-10
0.69	-1.87761e-10
0.691	-1.69364e-10
0.692	-1.49499e-10
0.693	-1.28329e-10
0.694	-1.06025e-10
0.695	-8.27731e-11
0.696	-5.87644e-11
0.697	-3.41998e-11
0.698	-9.28554e-12
0.699	1.57678e-11
0.7	4.07471e-11
0.701	6.54387e-11
0.702	8.96299e-11
0.703	1.13111e-10
0.704	1.35677e-10
0.705	1.57129e-10
0.706	1.77278e-10
0.707	1.95943e-10
0.708	2.12956e-10
0.709	2.28161e-10
0.71	2.41418e-10
0.711	2.52602e-10
0.712	2.61606e-10
0.713	2.6834e-10
0.714	2.72735e-10
0.715	2.74741e-10
0.716	2.74329e-10
0.717	2.7149e-10
0.718	2.66239e-10
0.719	2.58609e-10
0.72	2.48657e-10
0.721	2.3646e-10
0.722	2.22115e-10
0.723	2.0574e-10
0.724	1.87472e-10
0.725	1.67465e-10
0.726	1.4589e-10
0.727	1.22934e-10
0.728	9.87982e-11
0.729	7.36944e-11
0.73	4.78461e-11
0.731	2.14849e-11
0.732	-5.15121e-12
0.733	-3.18197e-11
0.734	-5.82759e-11
0.735	-8.42754e-11
0.736	-1.09576e-10
0.737	-1.33939e-10
0.738	-1.57135e-10
0.739	-1.7894e-10
0.74	-1.99144e-10
0.741	-2.1755e-10
0.742	-2.33974e-10
0.743	-2.48252e-10
0.744	-2.60236e-10
0.745	-2.69799e-10
0.746	-2.76838e-10
0.747	-2.81271e-10
0.748	-2.8304e-10
0.749	-2.82113e-10
0.75	-2.78481e-10
0.751	-2.72164e-10
0.752	-2.63206e-10
0.753	-2.51677e-10
0.754	-2.37674e-10
0.755	-2.21315e-10
0.756	-2.02746e-10
0.757	-1.82133e-10
0.758	-1.59666e-10
0.759	-1.35553e-10
0.76	-1.1002e-10
0.761	-8.33091e-11
0.762	-5.56778e-11
0.763	-2.73938e-11
0.764	1.26611e-12
0.765	3.00185e-11
0.766	5.85765e-11
0.767	8.66522e-11
0.768	1.1396e-10
0.769	1.40219e-10
0.77	1.65157e-10
0.771	1.88511e-10
0.772	2.10033e-10
0.773	2.2949e-10
0.774	2.46669e-10
0.775	2.61378e-10
0.776	2.73448e-10
0.777	2.82737e-10
0.778	2.89128e-10
0.779	2.92535e-10
0.78	2.92903e-10
0.781	2.90207e-10
0.782	2.84454e-10
0.783	2.75686e-10
0.784	2.63975e-10
0.785	2.49427e-10
0.786	2.3218e-10
0.787	2.12401e-10
0.788	1.90291e-10
0.789	1.66074e-10
0.79	1.40006e-10
0.791	1.12362e-10
0.792	8.34419e-11
0.793	5.35647e-11
0.794	2.30648e-11
0.795	-7.70979e-12
0.796	-3.84009e-11
0.797	-6.86438e-11
0.798	-9.80702e-11
0.799	-1.26312e-10
0.8	-1.53003e-10
0.801	-1.77786e-10
0.802	-2.00311e-10
0.803	-2.20241e-10
0.804	-2.37256e-10
0.805	-2.51049e-10
0.806	-2.61335e-10
0.807	-2.67849e-10
0.808	-2.70345e-10
0.809	-2.68601e-10
0.81	-2.62411e-10
0.811	-2.51592e-10
0.812	-2.35976e-10
0.813	-2.15406e-10
0.814	-1.89737e-10
0.815	-1.58824e-10
0.816	-1.22519e-10
0.817	-8.06615e-11
0.818	-3.30679e-11
0.819	2.048e-11
0.82	8.02487e-11
0.821	1.46569e-10
0.822	2.19853e-10
0.823	3.00618e-10
0.824	3.89507e-10
0.825	4.87315e-10
0.826	5.95023e-10
0.827	7.1383e-10
0.828	8.45192e-10
0.829	9.90864e-10
0.83	1.15295e-09
0.831	1.33397e-09
0.832	1.5369e-09
0.833	1.76527e-09
0.834	2.02321e-09
0.835	2.31559e-09
0.836	2.64808e-09
0.837	3.02729e-09
0.838	3.46088e-09
0.839	3.95776e-09
0.84	4.52821e-09
0.841	5.18409e-09
0.842	5.93908e-09
0.843	6.80893e-09
0.844	7.81173e-09
0.845	8.96822e-09
0.846	1.03022e-08
0.847	1.18411e-08
0.848	1.3616e-08
0.849	1.56627e-08
0.85	1.80221e-08
0.851	2.07411e-08
0.852	2.38728e-08
0.853	2.74785e-08
0.854	3.16277e-08
0.855	3.63999e-08
0.856	4.18857e-08
0.857	4.81885e-08
0.858	5.54263e-08
0.859	6.37334e-08
0.86	7.32629e-08
0.861	8.41893e-08
0.862	9.67111e-08
0.863	1.11055e-07
0.864	1.27477e-07
0.865	1.46271e-07
0.866	1.67771e-07
0.867	1.92354e-07
0.868	2.20451e-07
0.869	2.52553e-07
0.87	2.89214e-07
0.871	3.31067e-07
0.872	3.78828e-07
0.873	4.33312e-07
0.874	4.95442e-07
0.875	5.66264e-07
0.876	6.46968e-07
0.877	7.389e-07
0.878	8.43584e-07
0.879	9.6275e-07
0.88	1.09836e-06
0.881	1.25262e-06
0.882	1.42804e-06
0.883	1.62746e-06
0.884	1.85409e-06
0.885	2.11155e-06
0.886	2.40395e-06
0.887	2.73592e-06
0.888	3.11269e-06
0.889	3.54016e-06
0.89	4.02501e-06
0.891	4.57477e-06
0.892	5.19791e-06
0.893	5.90402e-06
0.894	6.70389e-06
0.895	7.60969e-06
0.896	8.63511e-06
0.897	9.79559e-06
0.898	1.11085e-05
0.899	1.25935e-05
0.9	1.42725e-05
0.901	1.61702e-05
0.902	1.83147e-05
0.903	2.07371e-05
0.904	2.34728e-05
0.905	2.65611e-05
0.906	3.00467e-05
0.907	3.39794e-05
0.908	3.84153e-05
0.909	4.34172e-05
0.91	4.90557e-05
0.911	5.541e-05
0.912	6.25688e-05
0.913	7.06318e-05
0.914	7.97104e-05
0.915	8.99297e-05
0.916	0.00010143
0.917	0.000114367
0.918	0.000128918
0.919	0.000145278
0.92	0.000163668
0.921	0.000184334
0.922	0.00020755
0.923	0.000233625
0.924	0.000262901
0.925	0.000295765
0.926	0.000332644
0.927	0.000374019
0.928	0.000420425
0.929	0.00047246
0.93	0.00053079
0.931	0.000596161
0.932	0.000669403
0.933	0.000751441
0.934	0.000843308
0.935	0.000946156
0.936	0.00106127
0.937	0.00119007
0.938	0.00133415
0.939	0.00149529
0.94	0.00167546
0.941	0.00187685
0.942	0.00210191
0.943	0.00235335
0.944	0.0026342
0.945	0.00294782
0.946	0.00329794
0.947	0.00368872
0.948	0.00412478
0.949	0.00461123
0.95	0.00515377
0.951	0.00575873
0.952	0.00643312
0.953	0.00718472
0.954	0.00802218
0.955	0.00895508
0.956	0.00999406
0.957	0.0111509
0.958	0.0124387
0.959	0.0138718
0.96	0.0154665
0.961	0.0172403
0.962	0.0192131
0.963	0.0214067
0.964	0.0238451
0.965	0.0265551
0.966	0.0295662
0.967	0.0329112
0.968	0.0366262
0.969	0.0407513
0.97	0.0453307
0.971	0.0504133
0.972	0.0560531
0.973	0.0623099
0.974	0.0692495
0.975	0.076945
0.976	0.0854766
0.977	0.0949333
0.978	0.105413
0.979	0.117024
0.98	0.129886
0.981	0.14413
0.982	0.159901
0.983	0.17736
0.984	0.196683
0.985	0.218065
0.986	0.24172
0.987	0.267885
0.988	0.296818
0.989	0.328808
0.99	0.36417
0.991	0.40325
0.992	0.446432
0.993	0.494135
0.994	0.546824
0.995	0.605006
0.996	0.669243
0.997	0.740149
0.998	0.818402
0.999	0.904747
