# Interpolation data for function: (2*x-1)^50
0	1
0.001	0.904747
0.002	0.818402
0.003	0.740149
0.004	0.669243
0.005	0.605006
0.006	0.546824
0.007	0.494135
0.008	0.446432
0.009	0.40325
0.01	0.36417
0.011	0.328808
0.012	0.296818
0.013	0.267885
0.014	0.24172
0.015	0.218065
0.016	0.196683
0.017	0.17736
0.018	0.159901
0.019	0.14413
0.02	0.129886
0.021	0.117024
0.022	0.105413
0.023	0.0949333
0.024	0.0854766
0.025	0.076945
0.026	0.0692495
0.027	0.0623099
0.028	0.0560531
0.029	0.0504133
0.03	0.0453307
0.031	0.0407513
0.032	0.0366262
0.033	0.0329112
0.034	0.0295662
0.035	0.0265551
0.036	0.0238451
0.037	0.0214067
0.038	0.0192132
0.039	0.0172404
0.04	0.0154665
0.041	0.0138718
0.042	0.0124387
0.043	0.0111509
0.044	0.00999406
0.045	0.00895509
0.046	0.00802218
0.047	0.00718472
0.048	0.00643312
0.049	0.00575873
0.05	0.00515377
0.051	0.00461123
0.052	0.00412477
0.053	0.00368872
0.054	0.00329794
0.055	0.00294781
0.056	0.00263419
0.057	0.00235334
0.058	0.0021019
0.059	0.00187685
0.06	0.00167545
0.061	0.00149529
0.062	0.00133415
0.063	0.00119007
0.064	0.00106126
0.065	0.000946155
0.066	0.000843308
0.067	0.000751441
0.068	0.000669403
0.069	0.000596162
0.07	0.000530792
0.071	0.000472462
0.072	0.000420428
0.073	0.000374022
0.074	0.000332647
0.075	0.000295768
0.076	0.000262905
0.077	0.000233628
0.078	0.000207553
0.079	0.000184337
0.08	0.000163671
0.081	0.000145281
0.082	0.00012892
0.083	0.000114369
0.084	0.000101431
0.085	8.9931e-05
0.086	7.97112e-05
0.087	7.06321e-05
0.088	6.25687e-05
0.089	5.54094e-05
0.09	4.90546e-05
0.091	4.34157e-05
0.092	3.84134e-05
0.093	3.39772e-05
0.094	3.00442e-05
0.095	2.65583e-05
0.096	2.34698e-05
0.097	2.0734e-05
0.098	1.83115e-05
0.099	1.6167e-05
0.1	1.42693e-05
0.101	1.25904e-05
0.102	1.11056e-05
0.103	9.79284e-06
0.104	8.63261e-06
0.105	7.60748e-06
0.106	6.70201e-06
0.107	5.9025e-06
0.108	5.19677e-06
0.109	4.57402e-06
0.11	4.02467e-06
0.111	3.54022e-06
0.112	3.11315e-06
0.113	2.73678e-06
0.114	2.40519e-06
0.115	2.11314e-06
0.116	1.856e-06
0.117	1.62966e-06
0.118	1.4305e-06
0.119	1.25529e-06
0.12	1.1012e-06
0.121	9.65725e-07
0.122	8.46638e-07
0.123	7.41986e-07
0.124	6.50041e-07
0.125	5.69277e-07
0.126	4.98349e-07
0.127	4.36072e-07
0.128	3.81402e-07
0.129	3.33417e-07
0.13	2.91309e-07
0.131	2.54363e-07
0.132	2.21952e-07
0.133	1.93527e-07
0.134	1.68601e-07
0.135	1.4675e-07
0.136	1.27599e-07
0.137	1.1082e-07
0.138	9.6126e-08
0.139	8.32636e-08
0.14	7.20113e-08
0.141	6.21748e-08
0.142	5.35836e-08
0.143	4.6088e-08
0.144	3.95568e-08
0.145	3.38749e-08
0.146	2.8941e-08
0.147	2.46662e-08
0.148	2.09723e-08
0.149	1.77903e-08
0.15	1.50595e-08
0.151	1.27262e-08
0.152	1.07429e-08
0.153	9.06744e-09
0.154	7.66253e-09
0.155	6.49483e-09
0.156	5.53464e-09
0.157	4.75539e-09
0.158	4.13329e-09
0.159	3.64696e-09
0.16	3.27716e-09
0.161	3.00656e-09
0.162	2.81955e-09
0.163	2.702e-09
0.164	2.64119e-09
0.165	2.62562e-09
0.166	2.64495e-09
0.167	2.68987e-09
0.168	2.75207e-09
0.169	2.82411e-09
0.17	2.89944e-09
0.171	2.97227e-09
0.172	3.03758e-09
0.173	3.09107e-09
0.174	3.12911e-09
0.175	3.14871e-09
0.176	3.14751e-09
0.177	3.12371e-09
0.178	3.07607e-09
0.179	3.00384e-09
0.18	2.90679e-09
0.181	2.78511e-09
0.182	2.63942e-09
0.183	2.47073e-09
0.184	2.28039e-09
0.185	2.07005e-09
0.186	1.84166e-09
0.187	1.59739e-09
0.188	1.33962e-09
0.189	1.07089e-09
0.19	7.93871e-10
0.191	5.11327e-10
0.192	2.26075e-10
0.193	-5.90475e-11
0.194	-3.41215e-10
0.195	-6.17649e-10
0.196	-8.85647e-10
0.197	-1.14261e-09
0.198	-1.38608e-09
0.199	-1.61374e-09
0.2	-1.82347e-09
0.201	-2.01333e-09
0.202	-2.18163e-09
0.203	-2.32688e-09
0.204	-2.44784e-09
0.205	-2.54353e-09
0.206	-2.61323e-09
0.207	-2.65649e-09
0.208	-2.6731e-09
0.209	-2.66313e-09
0.21	-2.62691e-09
0.211	-2.56501e-09
0.212	-2.47825e-09
0.213	-2.36768e-09
0.214	-2.23457e-09
0.215	-2.08038e-09
0.216	-1.90677e-09
0.217	-1.71556e-09
0.218	-1.50871e-09
0.219	-1.28832e-09
0.22	-1.0566e-09
0.221	-8.15818e-10
0.222	-5.68321e-10
0.223	-3.16491e-10
0.224	-6.27231e-11
0.225	1.90595e-10
0.226	4.41103e-10
0.227	6.86494e-10
0.228	9.24532e-10
0.229	1.15307e-09
0.23	1.37007e-09
0.231	1.57363e-09
0.232	1.76197e-09
0.233	1.93348e-09
0.234	2.08672e-09
0.235	2.22043e-09
0.236	2.33353e-09
0.237	2.42514e-09
0.238	2.49459e-09
0.239	2.54139e-09
0.24	2.56529e-09
0.241	2.56622e-09
0.242	2.54432e-09
0.243	2.49994e-09
0.244	2.43361e-09
0.245	2.34607e-09
0.246	2.23821e-09
0.247	2.11111e-09
0.248	1.966e-09
0.249	1.80426e-09
0.25	1.62739e-09
0.251	1.43703e-09
0.252	1.2349e-09
0.253	1.02282e-09
0.254	8.02663e-10
0.255	5.76369e-10
0.256	3.4591e-10
0.257	1.13276e-10
0.258	-1.19543e-10
0.259	-3.5057e-10
0.26	-5.77861e-10
0.261	-7.99521e-10
0.262	-1.01372e-09
0.263	-1.21869e-09
0.264	-1.41278e-09
0.265	-1.59442e-09
0.266	-1.76218e-09
0.267	-1.91473e-09
0.268	-2.05089e-09
0.269	-2.16963e-09
0.27	-2.27007e-09
0.271	-2.35147e-09
0.272	-2.41328e-09
0.273	-2.45509e-09
0.274	-2.47666e-09
0.275	-2.47793e-09
0.276	-2.45899e-09
0.277	-2.42011e-09
0.278	-2.36171e-09
0.279	-2.28435e-09
0.28	-2.18877e-09
0.281	-2.07582e-09
0.282	-1.94649e-09
0.283	-1.80192e-09
0.284	-1.64333e-09
0.285	-1.47205e-09
0.286	-1.28952e-09
0.287	-1.09723e-09
0.288	-8.96774e-10
0.289	-6.89761e-10
0.29	-4.77863e-10
0.291	-2.62772e-10
0.292	-4.61945e-11
0.293	1.70162e-10
0.294	3.84605e-10
0.295	5.95467e-10
0.296	8.0112e-10
0.297	9.99987e-10
0.298	1.19055e-09
0.299	1.37138e-09
0.3	1.54112e-09
0.301	1.69849e-09
0.302	1.84236e-09
0.303	1.97166e-09
0.304	2.08548e-09
0.305	2.183e-09
0.306	2.26355e-09
0.307	2.32659e-09
0.308	2.37171e-09
0.309	2.39865e-09
0.31	2.40728e-09
0.311	2.39761e-09
0.312	2.36979e-09
0.313	2.32411e-09
0.314	2.26098e-09
0.315	2.18095e-09
0.316	2.0847e-09
0.317	1.973e-09
0.318	1.84675e-09
0.319	1.70697e-09
0.32	1.55474e-09
0.321	1.39125e-09
0.322	1.21776e-09
0.323	1.0356e-09
0.324	8.4614e-10
0.325	6.50824e-10
0.326	4.51113e-10
0.327	2.48498e-10
0.328	4.44806e-11
0.329	-1.59432e-10
0.33	-3.61743e-10
0.331	-5.60976e-10
0.332	-7.55683e-10
0.333	-9.44457e-10
0.334	-1.12594e-09
0.335	-1.29884e-09
0.336	-1.46193e-09
0.337	-1.61405e-09
0.338	-1.75414e-09
0.339	-1.88123e-09
0.34	-1.99445e-09
0.341	-2.09301e-09
0.342	-2.17627e-09
0.343	-2.24367e-09
0.344	-2.29478e-09
0.345	-2.32929e-09
0.346	-2.347e-09
0.347	-2.34784e-09
0.348	-2.33187e-09
0.349	-2.29924e-09
0.35	-2.25024e-09
0.351	-2.18528e-09
0.352	-2.10487e-09
0.353	-2.00962e-09
0.354	-1.90026e-09
0.355	-1.7776e-09
0.356	-1.64255e-09
0.357	-1.49611e-09
0.358	-1.33935e-09
0.359	-1.17339e-09
0.36	-9.99429e-10
0.361	-8.18723e-10
0.362	-6.32554e-10
0.363	-4.42246e-10
0.364	-2.49143e-10
0.365	-5.46052e-11
0.366	1.40005e-10
0.367	3.33327e-10
0.368	5.24018e-10
0.369	7.10756e-10
0.37	8.92252e-10
0.371	1.06726e-09
0.372	1.23458e-09
0.373	1.39307e-09
0.374	1.54166e-09
0.375	1.67935e-09
0.376	1.80521e-09
0.377	1.9184e-09
0.378	2.01818e-09
0.379	2.10389e-09
0.38	2.17497e-09
0.381	2.23098e-09
0.382	2.27156e-09
0.383	2.29647e-09
0.384	2.30558e-09
0.385	2.29887e-09
0.386	2.27641e-09
0.387	2.2384e-09
0.388	2.18513e-09
0.389	2.117e-09
0.39	2.03451e-09
0.391	1.93825e-09
0.392	1.8289e-09
0.393	1.70724e-09
0.394	1.57413e-09
0.395	1.43048e-09
0.396	1.27729e-09
0.397	1.11563e-09
0.398	9.46597e-10
0.399	7.71354e-10
0.4	5.91097e-10
0.401	4.07052e-10
0.402	2.20467e-10
0.403	3.26046e-11
0.404	-1.55268e-10
0.405	-3.41888e-10
0.406	-5.26003e-10
0.407	-7.06381e-10
0.408	-8.8182e-10
0.409	-1.05115e-09
0.41	-1.21325e-09
0.411	-1.36705e-09
0.412	-1.51153e-09
0.413	-1.64575e-09
0.414	-1.76882e-09
0.415	-1.87995e-09
0.416	-1.9784e-09
0.417	-2.06356e-09
0.418	-2.13486e-09
0.419	-2.19187e-09
0.42	-2.23421e-09
0.421	-2.26165e-09
0.422	-2.274e-09
0.423	-2.27123e-09
0.424	-2.25337e-09
0.425	-2.22055e-09
0.426	-2.17303e-09
0.427	-2.11113e-09
0.428	-2.03528e-09
0.429	-1.94602e-09
0.43	-1.84394e-09
0.431	-1.72974e-09
0.432	-1.60419e-09
0.433	-1.46813e-09
0.434	-1.32248e-09
0.435	-1.1682e-09
0.436	-1.00633e-09
0.437	-8.37939e-10
0.438	-6.64142e-10
0.439	-4.86091e-10
0.44	-3.04961e-10
0.441	-1.21946e-10
0.442	6.17499e-11
0.443	2.44919e-10
0.444	4.26361e-10
0.445	6.04888e-10
0.446	7.79332e-10
0.447	9.48554e-10
0.448	1.11145e-09
0.449	1.26696e-09
0.45	1.41408e-09
0.451	1.55185e-09
0.452	1.67938e-09
0.453	1.79584e-09
0.454	1.90049e-09
0.455	1.99265e-09
0.456	2.07173e-09
0.457	2.13723e-09
0.458	2.18872e-09
0.459	2.22589e-09
0.46	2.24851e-09
0.461	2.25644e-09
0.462	2.24963e-09
0.463	2.22815e-09
0.464	2.19214e-09
0.465	2.14185e-09
0.466	2.07762e-09
0.467	1.99987e-09
0.468	1.90912e-09
0.469	1.80596e-09
0.47	1.69108e-09
0.471	1.56523e-09
0.472	1.42923e-09
0.473	1.28397e-09
0.474	1.1304e-09
0.475	9.69522e-10
0.476	8.02383e-10
0.477	6.30071e-10
0.478	4.53707e-10
0.479	2.74437e-10
0.48	9.34262e-11
0.481	-8.81518e-11
0.482	-2.69119e-10
0.483	-4.48301e-10
0.484	-6.24537e-10
0.485	-7.96686e-10
0.486	-9.63633e-10
0.487	-1.1243e-09
0.488	-1.27764e-09
0.489	-1.42267e-09
0.49	-1.55844e-09
0.491	-1.68409e-09
0.492	-1.79879e-09
0.493	-1.90181e-09
0.494	-1.99248e-09
0.495	-2.07021e-09
0.496	-2.13451e-09
0.497	-2.18495e-09
0.498	-2.22122e-09
0.499	-2.24308e-09
0.5	-2.25038e-09
0.501	-2.24307e-09
0.502	-2.22122e-09
0.503	-2.18495e-09
0.504	-2.13451e-09
0.505	-2.07021e-09
0.506	-1.99248e-09
0.507	-1.90181e-09
0.508	-1.79879e-09
0.509	-1.68409e-09
0.51	-1.55844e-09
0.511	-1.42267e-09
0.512	-1.27764e-09
0.513	-1.1243e-09
0.514	-9.63632e-10
0.515	-7.96685e-10
0.516	-6.24536e-10
0.517	-4.483e-10
0.518	-2.69118e-10
0.519	-8.81509e-11
0.52	9.34271e-11
0.521	2.74438e-10
0.522	4.53708e-10
0.523	6.30072e-10
0.524	8.02384e-10
0.525	9.69523e-10
0.526	1.1304e-09
0.527	1.28397e-09
0.528	1.42923e-09
0.529	1.56523e-09
0.53	1.69108e-09
0.531	1.80596e-09
0.532	1.90912e-09
0.533	1.99987e-09
0.534	2.07762e-09
0.535	2.14185e-09
0.536	2.19214e-09
0.537	2.22815e-09
0.538	2.24963e-09
0.539	2.25644e-09
0.54	2.24851e-09
0.541	2.22589e-09
0.542	2.18872e-09
0.543	2.13723e-09
0.544	2.07173e-09
0.545	1.99265e-09
0.546	1.90049e-09
0.547	1.79584e-09
0.548	1.67938e-09
0.549	1.55185e-09
0.55	1.41408e-09
0.551	1.26696e-09
0.552	1.11145e-09
0.553	9.48553e-10
0.554	7.79331e-10
0.555	6.04887e-10
0.556	4.2636e-10
0.557	2.44918e-10
0.558	6.1749e-11
0.559	-1.21947e-10
0.56	-3.04961e-10
0.561	-4.86092e-10
0.562	-6.64143e-10
0.563	-8.3794e-10
0.564	-1.00633e-09
0.565	-1.1682e-09
0.566	-1.32248e-09
0.567	-1.46813e-09
0.568	-1.60419e-09
0.569	-1.72974e-09
0.57	-1.84394e-09
0.571	-1.94602e-09
0.572	-2.03528e-09
0.573	-2.11113e-09
0.574	-2.17303e-09
0.575	-2.22055e-09
0.576	-2.25337e-09
0.577	-2.27123e-09
0.578	-2.274e-09
0.579	-2.26165e-09
0.58	-2.23421e-09
0.581	-2.19187e-09
0.582	-2.13486e-09
0.583	-2.06356e-09
0.584	-1.9784e-09
0.585	-1.87995e-09
0.586	-1.76882e-09
0.587	-1.64575e-09
0.588	-1.51153e-09
0.589	-1.36705e-09
0.59	-1.21325e-09
0.591	-1.05115e-09
0.592	-8.81819e-10
0.593	-7.0638e-10
0.594	-5.26002e-10
0.595	-3.41887e-10
0.596	-1.55267e-10
0.597	3.26056e-11
0.598	2.20468e-10
0.599	4.07053e-10
0.6	5.91098e-10
0.601	7.71355e-10
0.602	9.46598e-10
0.603	1.11563e-09
0.604	1.2773e-09
0.605	1.43048e-09
0.606	1.57413e-09
0.607	1.70725e-09
0.608	1.8289e-09
0.609	1.93825e-09
0.61	2.03451e-09
0.611	2.117e-09
0.612	2.18513e-09
0.613	2.2384e-09
0.614	2.27641e-09
0.615	2.29887e-09
0.616	2.30558e-09
0.617	2.29647e-09
0.618	2.27156e-09
0.619	2.23098e-09
0.62	2.17497e-09
0.621	2.10389e-09
0.622	2.01818e-09
0.623	1.9184e-09
0.624	1.80521e-09
0.625	1.67935e-09
0.626	1.54166e-09
0.627	1.39307e-09
0.628	1.23458e-09
0.629	1.06726e-09
0.63	8.92251e-10
0.631	7.10755e-10
0.632	5.24017e-10
0.633	3.33326e-10
0.634	1.40004e-10
0.635	-5.46061e-11
0.636	-2.49144e-10
0.637	-4.42247e-10
0.638	-6.32555e-10
0.639	-8.18724e-10
0.64	-9.9943e-10
0.641	-1.17339e-09
0.642	-1.33935e-09
0.643	-1.49611e-09
0.644	-1.64255e-09
0.645	-1.7776e-09
0.646	-1.90026e-09
0.647	-2.00962e-09
0.648	-2.10487e-09
0.649	-2.18528e-09
0.65	-2.25024e-09
0.651	-2.29924e-09
0.652	-2.33187e-09
0.653	-2.34784e-09
0.654	-2.347e-09
0.655	-2.32929e-09
0.656	-2.29478e-09
0.657	-2.24367e-09
0.658	-2.17627e-09
0.659	-2.09301e-09
0.66	-1.99445e-09
0.661	-1.88123e-09
0.662	-1.75414e-09
0.663	-1.61405e-09
0.664	-1.46193e-09
0.665	-1.29884e-09
0.666	-1.12594e-09
0.667	-9.44456e-10
0.668	-7.55682e-10
0.669	-5.60975e-10
0.67	-3.61743e-10
0.671	-1.59431e-10
0.672	4.44814e-11
0.673	2.48498e-10
0.674	4.51114e-10
0.675	6.50825e-10
0.676	8.46141e-10
0.677	1.0356e-09
0.678	1.21776e-09
0.679	1.39125e-09
0.68	1.55474e-09
0.681	1.70697e-09
0.682	1.84676e-09
0.683	1.973e-09
0.684	2.0847e-09
0.685	2.18095e-09
0.686	2.26098e-09
0.687	2.32411e-09
0.688	2.36979e-09
0.689	2.39761e-09
0.69	2.40728e-09
0.691	2.39865e-09
0.692	2.37171e-09
0.693	2.32659e-09
0.694	2.26355e-09
0.695	2.183e-09
0.696	2.08548e-09
0.697	1.97166e-09
0.698	1.84236e-09
0.699	1.69849e-09
0.7	1.54112e-09
0.701	1.37138e-09
0.702	1.19055e-09
0.703	9.99986e-10
0.704	8.01119e-10
0.705	5.95466e-10
0.706	3.84604e-10
0.707	1.70161e-10
0.708	-4.61954e-11
0.709	-2.62773e-10
0.71	-4.77864e-10
0.711	-6.89762e-10
0.712	-8.96775e-10
0.713	-1.09724e-09
0.714	-1.28952e-09
0.715	-1.47205e-09
0.716	-1.64333e-09
0.717	-1.80192e-09
0.718	-1.94649e-09
0.719	-2.07582e-09
0.72	-2.18877e-09
0.721	-2.28435e-09
0.722	-2.36171e-09
0.723	-2.42011e-09
0.724	-2.45899e-09
0.725	-2.47793e-09
0.726	-2.47666e-09
0.727	-2.45509e-09
0.728	-2.41328e-09
0.729	-2.35148e-09
0.73	-2.27007e-09
0.731	-2.16963e-09
0.732	-2.05089e-09
0.733	-1.91473e-09
0.734	-1.76218e-09
0.735	-1.59442e-09
0.736	-1.41278e-09
0.737	-1.21869e-09
0.738	-1.01372e-09
0.739	-7.99521e-10
0.74	-5.77861e-10
0.741	-3.50569e-10
0.742	-1.19542e-10
0.743	1.13277e-10
0.744	3.45911e-10
0.745	5.7637e-10
0.746	8.02664e-10
0.747	1.02282e-09
0.748	1.23491e-09
0.749	1.43703e-09
0.75	1.6274e-09
0.751	1.80426e-09
0.752	1.966e-09
0.753	2.11111e-09
0.754	2.23821e-09
0.755	2.34607e-09
0.756	2.43361e-09
0.757	2.49994e-09
0.758	2.54432e-09
0.759	2.56622e-09
0.76	2.56529e-09
0.761	2.54139e-09
0.762	2.49459e-09
0.763	2.42514e-09
0.764	2.33353e-09
0.765	2.22043e-09
0.766	2.08672e-09
0.767	1.93348e-09
0.768	1.76197e-09
0.769	1.57363e-09
0.77	1.37007e-09
0.771	1.15307e-09
0.772	9.24532e-10
0.773	6.86494e-10
0.774	4.41103e-10
0.775	1.90594e-10
0.776	-6.27237e-11
0.777	-3.16492e-10
0.778	-5.68322e-10
0.779	-8.15818e-10
0.78	-1.0566e-09
0.781	-1.28833e-09
0.782	-1.50871e-09
0.783	-1.71556e-09
0.784	-1.90677e-09
0.785	-2.08038e-09
0.786	-2.23457e-09
0.787	-2.36768e-09
0.788	-2.47825e-09
0.789	-2.56501e-09
0.79	-2.62691e-09
0.791	-2.66313e-09
0.792	-2.6731e-09
0.793	-2.65649e-09
0.794	-2.61323e-09
0.795	-2.54353e-09
0.796	-2.44784e-09
0.797	-2.32688e-09
0.798	-2.18163e-09
0.799	-2.01333e-09
0.8	-1.82347e-09
0.801	-1.61374e-09
0.802	-1.38608e-09
0.803	-1.14261e-09
0.804	-8.85647e-10
0.805	-6.17649e-10
0.806	-3.41215e-10
0.807	-5.90471e-11
0.808	2.26075e-10
0.809	5.11328e-10
0.81	7.93872e-10
0.811	1.07089e-09
0.812	1.33962e-09
0.813	1.59739e-09
0.814	1.84166e-09
0.815	2.07005e-09
0.816	2.28039e-09
0.817	2.47073e-09
0.818	2.63942e-09
0.819	2.78511e-09
0.82	2.90679e-09
0.821	3.00384e-09
0.822	3.07607e-09
0.823	3.12371e-09
0.824	3.14751e-09
0.825	3.14871e-09
0.826	3.12911e-09
0.827	3.09107e-09
0.828	3.03758e-09
0.829	2.97227e-09
0.83	2.89944e-09
0.831	2.82411e-09
0.832	2.75207e-09
0.833	2.68987e-09
0.834	2.64495e-09
0.835	2.62562e-09
0.836	2.64119e-09
0.837	2.702e-09
0.838	2.81955e-09
0.839	3.00656e-09
0.84	3.27716e-09
0.841	3.64695e-09
0.842	4.13329e-09
0.843	4.75539e-09
0.844	5.53463e-09
0.845	6.49482e-09
0.846	7.66252e-09
0.847	9.06744e-09
0.848	1.07429e-08
0.849	1.27262e-08
0.85	1.50595e-08
0.851	1.77903e-08
0.852	2.09723e-08
0.853	2.46662e-08
0.854	2.8941e-08
0.855	3.38749e-08
0.856	3.95568e-08
0.857	4.6088e-08
0.858	5.35836e-08
0.859	6.21748e-08
0.86	7.20113e-08
0.861	8.32636e-08
0.862	9.6126e-08
0.863	1.1082e-07
0.864	1.27599e-07
0.865	1.4675e-07
0.866	1.68601e-07
0.867	1.93527e-07
0.868	2.21952e-07
0.869	2.54363e-07
0.87	2.91309e-07
0.871	3.33417e-07
0.872	3.81402e-07
0.873	4.36072e-07
0.874	4.98349e-07
0.875	5.69277e-07
0.876	6.50041e-07
0.877	7.41986e-07
0.878	8.46638e-07
0.879	9.65725e-07
0.88	1.1012e-06
0.881	1.25529e-06
0.882	1.4305e-06
0.883	1.62966e-06
0.884	1.856e-06
0.885	2.11314e-06
0.886	2.40519e-06
0.887	2.73678e-06
0.888	3.11315e-06
0.889	3.54022e-06
0.89	4.02467e-06
0.891	4.57402e-06
0.892	5.19677e-06
0.893	5.9025e-06
0.894	6.70201e-06
0.895	7.60748e-06
0.896	8.63261e-06
0.897	9.79284e-06
0.898	1.11056e-05
0.899	1.25904e-05
0.9	1.42693e-05
0.901	1.6167e-05
0.902	1.83115e-05
0.903	2.0734e-05
0.904	2.34698e-05
0.905	2.65583e-05
0.906	3.00442e-05
0.907	3.39772e-05
0.908	3.84134e-05
0.909	4.34157e-05
0.91	4.90546e-05
0.911	5.54094e-05
0.912	6.25687e-05
0.913	7.06321e-05
0.914	7.97112e-05
0.915	8.9931e-05
0.916	0.000101431
0.917	0.000114369
0.918	0.00012892
0.919	0.000145281
0.92	0.000163671
0.921	0.000184337
0.922	0.000207553
0.923	0.000233628
0.924	0.000262905
0.925	0.000295768
0.926	0.000332647
0.927	0.000374022
0.928	0.000420428
0.929	0.000472462
0.93	0.000530792
0.931	0.000596162
0.932	0.000669403
0.933	0.000751441
0.934	0.000843308
0.935	0.000946155
0.936	0.00106126
0.937	0.00119007
0.938	0.00133415
0.939	0.00149529
0.94	0.00167545
0.941	0.00187685
0.942	0.0021019
0.943	0.00235334
0.944	0.00263419
0.945	0.00294781
0.946	0.00329794
0.947	0.00368872
0.948	0.00412477
0.949	0.00461123
0.95	0.00515377
0.951	0.00575873
0.952	0.00643312
0.953	0.00718472
0.954	0.00802218
0.955	0.00895509
0.956	0.00999406
0.957	0.0111509
0.958	0.0124387
0.959	0.0138718
0.96	0.0154665
0.961	0.0172404
0.962	0.0192132
0.963	0.0214067
0.964	0.0238451
0.965	0.0265551
0.966	0.0295662
0.967	0.0329112
0.968	0.0366262
0.969	0.0407513
0.97	0.0453307
0.971	0.0504133
0.972	0.0560531
0.973	0.0623099
0.974	0.0692495
0.975	0.076945
0.976	0.0854766
0.977	0.0949333
0.978	0.105413
0.979	0.117024
0.98	0.129886
0.981	0.14413
0.982	0.159901
0.983	0.17736
0.984	0.196683
0.985	0.218065
0.986	0.24172
0.987	0.267885
0.988	0.296818
0.989	0.328808
0.99	0.36417
0.991	0.40325
0.992	0.446432
0.993	0.494135
0.994	0.546824
0.995	0.605006
0.996	0.669243
0.997	0.740149
0.998	0.818402
0.999	0.904747
