# Interpolation data for function: (2*x-1)^50
0	0.112098
0.001	0.111543
0.002	0.11099
0.003	0.110438
0.004	0.109887
0.005	0.109337
0.006	0.108788
0.007	0.10824
0.008	0.107694
0.009	0.107148
0.01	0.106604
0.011	0.10606
0.012	0.105518
0.013	0.104977
0.014	0.104437
0.015	0.103898
0.016	0.103361
0.017	0.102824
0.018	0.102289
0.019	0.101754
0.02	0.101221
0.021	0.100689
0.022	0.100158
0.023	0.0996276
0.024	0.0990988
0.025	0.098571
0.026	0.0980444
0.027	0.0975189
0.028	0.0969945
0.029	0.0964711
0.03	0.0959489
0.031	0.0954279
0.032	0.0949079
0.033	0.094389
0.034	0.0938713
0.035	0.0933546
0.036	0.0928391
0.037	0.0923246
0.038	0.0918113
0.039	0.0912991
0.04	0.090788
0.041	0.090278
0.042	0.0897691
0.043	0.0892614
0.044	0.0887547
0.045	0.0882492
0.046	0.0877447
0.047	0.0872414
0.048	0.0867392
0.049	0.0862381
0.05	0.0857381
0.051	0.0852392
0.052	0.0847414
0.053	0.0842447
0.054	0.0837492
0.055	0.0832547
0.056	0.0827614
0.057	0.0822691
0.058	0.081778
0.059	0.081288
0.06	0.0807991
0.061	0.0803113
0.062	0.0798246
0.063	0.0793391
0.064	0.0788546
0.065	0.0783713
0.066	0.077889
0.067	0.0774079
0.068	0.0769279
0.069	0.0764489
0.07	0.0759711
0.071	0.0754945
0.072	0.0750189
0.073	0.0745444
0.074	0.074071
0.075	0.0735988
0.076	0.0731276
0.077	0.0726576
0.078	0.0721887
0.079	0.0717209
0.08	0.0712542
0.081	0.0707886
0.082	0.0703241
0.083	0.0698607
0.084	0.0693984
0.085	0.0689373
0.086	0.0684772
0.087	0.0680183
0.088	0.0675605
0.089	0.0671038
0.09	0.0666482
0.091	0.0661937
0.092	0.0657403
0.093	0.065288
0.094	0.0648368
0.095	0.0643868
0.096	0.0639378
0.097	0.06349
0.098	0.0630433
0.099	0.0625977
0.1	0.0621532
0.101	0.0617098
0.102	0.0612675
0.103	0.0608263
0.104	0.0603862
0.105	0.0599473
0.106	0.0595094
0.107	0.0590727
0.108	0.0586371
0.109	0.0582026
0.11	0.0577691
0.111	0.0573368
0.112	0.0569057
0.113	0.0564756
0.114	0.0560466
0.115	0.0556188
0.116	0.055192
0.117	0.0547664
0.118	0.0543418
0.119	0.0539184
0.12	0.0534961
0.121	0.0530749
0.122	0.0526548
0.123	0.0522358
0.124	0.051818
0.125	0.0514012
0.126	0.0509856
0.127	0.050571
0.128	0.0501576
0.129	0.0497453
0.13	0.0493341
0.131	0.048924
0.132	0.048515
0.133	0.0481071
0.134	0.0477003
0.135	0.0472947
0.136	0.0468901
0.137	0.0464867
0.138	0.0460844
0.139	0.0456831
0.14	0.045283
0.141	0.044884
0.142	0.0444861
0.143	0.0440893
0.144	0.0436937
0.145	0.0432991
0.146	0.0429057
0.147	0.0425133
0.148	0.0421221
0.149	0.041732
0.15	0.041343
0.151	0.040955
0.152	0.0405683
0.153	0.0401826
0.154	0.039798
0.155	0.0394145
0.156	0.0390322
0.157	0.0386509
0.158	0.0382708
0.159	0.0378918
0.16	0.0375139
0.161	0.0371371
0.162	0.0367614
0.163	0.0363868
0.164	0.0360133
0.165	0.035641
0.166	0.0352697
0.167	0.0348996
0.168	0.0345305
0.169	0.0341626
0.17	0.0337958
0.171	0.0334301
0.172	0.0330655
0.173	0.032702
0.174	0.0323396
0.175	0.0319784
0.176	0.0316182
0.177	0.0312592
0.178	0.0309012
0.179	0.0305444
0.18	0.0301887
0.181	0.0298341
0.182	0.0294806
0.183	0.0291282
0.184	0.0287769
0.185	0.0284267
0.186	0.0280777
0.187	0.0277297
0.188	0.0273829
0.189	0.0270372
0.19	0.0266926
0.191	0.0263491
0.192	0.0260067
0.193	0.0256654
0.194	0.0253252
0.195	0.0249861
0.196	0.0246482
0.197	0.0243113
0.198	0.0239756
0.199	0.023641
0.2	0.0233074
0.201	0.022975
0.202	0.0226437
0.203	0.0223135
0.204	0.0219845
0.205	0.0216565
0.206	0.0213296
0.207	0.0210039
0.208	0.0206792
0.209	0.0203557
0.21	0.0200333
0.211	0.019712
0.212	0.0193918
0.213	0.0190727
0.214	0.0187547
0.215	0.0184378
0.216	0.0181221
0.217	0.0178074
0.218	0.0174939
0.219	0.0171815
0.22	0.0168701
0.221	0.0165599
0.222	0.0162508
0.223	0.0159428
0.224	0.015636
0.225	0.0153302
0.226	0.0150255
0.227	0.014722
0.228	0.0144195
0.229	0.0141182
0.23	0.013818
0.231	0.0135189
0.232	0.0132209
0.233	0.012924
0.234	0.0126282
0.235	0.0123335
0.236	0.01204
0.237	0.0117475
0.238	0.0114562
0.239	0.0111659
0.24	0.0108768
0.241	0.0105888
0.242	0.0103019
0.243	0.0100161
0.244	0.00973141
0.245	0.00944784
0.246	0.00916537
0.247	0.00888402
0.248	0.00860377
0.249	0.00832464
0.25	0.00804661
0.251	0.0077697
0.252	0.0074939
0.253	0.0072192
0.254	0.00694562
0.255	0.00667314
0.256	0.00640178
0.257	0.00613152
0.258	0.00586238
0.259	0.00559434
0.26	0.00532741
0.261	0.0050616
0.262	0.00479689
0.263	0.0045333
0.264	0.00427081
0.265	0.00400943
0.266	0.00374917
0.267	0.00349001
0.268	0.00323196
0.269	0.00297503
0.27	0.0027192
0.271	0.00246448
0.272	0.00221088
0.273	0.00195838
0.274	0.00170699
0.275	0.00145671
0.276	0.00120755
0.277	0.000959489
0.278	0.000712542
0.279	0.000466704
0.28	0.000221976
0.281	-2.16426e-05
0.282	-0.000264151
0.283	-0.000505549
0.284	-0.000745838
0.285	-0.000985017
0.286	-0.00122309
0.287	-0.00146004
0.288	-0.00169589
0.289	-0.00193063
0.29	-0.00216426
0.291	-0.00239678
0.292	-0.00262819
0.293	-0.00285849
0.294	-0.00308768
0.295	-0.00331576
0.296	-0.00354273
0.297	-0.00376859
0.298	-0.00399334
0.299	-0.00421698
0.3	-0.00443951
0.301	-0.00466093
0.302	-0.00488124
0.303	-0.00510044
0.304	-0.00531853
0.305	-0.00553552
0.306	-0.00575139
0.307	-0.00596615
0.308	-0.0061798
0.309	-0.00639234
0.31	-0.00660377
0.311	-0.0068141
0.312	-0.00702331
0.313	-0.00723141
0.314	-0.0074384
0.315	-0.00764428
0.316	-0.00784906
0.317	-0.00805272
0.318	-0.00825527
0.319	-0.00845671
0.32	-0.00865705
0.321	-0.00885627
0.322	-0.00905438
0.323	-0.00925139
0.324	-0.00944728
0.325	-0.00964206
0.326	-0.00983574
0.327	-0.0100283
0.328	-0.0102198
0.329	-0.0104101
0.33	-0.0105993
0.331	-0.0107875
0.332	-0.0109745
0.333	-0.0111604
0.334	-0.0113452
0.335	-0.0115289
0.336	-0.0117114
0.337	-0.0118929
0.338	-0.0120733
0.339	-0.0122525
0.34	-0.0124306
0.341	-0.0126077
0.342	-0.0127836
0.343	-0.0129584
0.344	-0.0131321
0.345	-0.0133047
0.346	-0.0134761
0.347	-0.0136465
0.348	-0.0138158
0.349	-0.0139839
0.35	-0.0141509
0.351	-0.0143169
0.352	-0.0144817
0.353	-0.0146454
0.354	-0.014808
0.355	-0.0149695
0.356	-0.0151299
0.357	-0.0152891
0.358	-0.0154473
0.359	-0.0156043
0.36	-0.0157603
0.361	-0.0159151
0.362	-0.0160688
0.363	-0.0162214
0.364	-0.0163729
0.365	-0.0165233
0.366	-0.0166726
0.367	-0.0168208
0.368	-0.0169678
0.369	-0.0171138
0.37	-0.0172586
0.371	-0.0174023
0.372	-0.017545
0.373	-0.0176865
0.374	-0.0178269
0.375	-0.0179661
0.376	-0.0181043
0.377	-0.0182414
0.378	-0.0183774
0.379	-0.0185122
0.38	-0.0186459
0.381	-0.0187786
0.382	-0.0189101
0.383	-0.0190405
0.384	-0.0191698
0.385	-0.019298
0.386	-0.0194251
0.387	-0.0195511
0.388	-0.0196759
0.389	-0.0197997
0.39	-0.0199223
0.391	-0.0200438
0.392	-0.0201643
0.393	-0.0202836
0.394	-0.0204018
0.395	-0.0205189
0.396	-0.0206349
0.397	-0.0207497
0.398	-0.0208635
0.399	-0.0209761
0.4	-0.0210877
0.401	-0.0211981
0.402	-0.0213074
0.403	-0.0214156
0.404	-0.0215228
0.405	-0.0216287
0.406	-0.0217336
0.407	-0.0218374
0.408	-0.0219401
0.409	-0.0220416
0.41	-0.0221421
0.411	-0.0222414
0.412	-0.0223396
0.413	-0.0224367
0.414	-0.0225327
0.415	-0.0226276
0.416	-0.0227214
0.417	-0.0228141
0.418	-0.0229057
0.419	-0.0229961
0.42	-0.0230855
0.421	-0.0231737
0.422	-0.0232608
0.423	-0.0233468
0.424	-0.0234317
0.425	-0.0235155
0.426	-0.0235982
0.427	-0.0236798
0.428	-0.0237603
0.429	-0.0238396
0.43	-0.0239179
0.431	-0.023995
0.432	-0.024071
0.433	-0.0241459
0.434	-0.0242198
0.435	-0.0242925
0.436	-0.024364
0.437	-0.0244345
0.438	-0.0245039
0.439	-0.0245721
0.44	-0.0246393
0.441	-0.0247053
0.442	-0.0247703
0.443	-0.0248341
0.444	-0.0248968
0.445	-0.0249584
0.446	-0.0250189
0.447	-0.0250782
0.448	-0.0251365
0.449	-0.0251937
0.45	-0.0252497
0.451	-0.0253047
0.452	-0.0253585
0.453	-0.0254112
0.454	-0.0254628
0.455	-0.0255133
0.456	-0.0255627
0.457	-0.025611
0.458	-0.0256582
0.459	-0.0257042
0.46	-0.0257492
0.461	-0.025793
0.462	-0.0258357
0.463	-0.0258774
0.464	-0.0259179
0.465	-0.0259573
0.466	-0.0259956
0.467	-0.0260327
0.468	-0.0260688
0.469	-0.0261038
0.47	-0.0261376
0.471	-0.0261704
0.472	-0.026202
0.473	-0.0262325
0.474	-0.0262619
0.475	-0.0262902
0.476	-0.0263174
0.477	-0.0263435
0.478	-0.0263685
0.479	-0.0263923
0.48	-0.0264151
0.481	-0.0264367
0.482	-0.0264573
0.483	-0.0264767
0.484	-0.026495
0.485	-0.0265122
0.486	-0.0265283
0.487	-0.0265433
0.488	-0.0265572
0.489	-0.0265699
0.49	-0.0265816
0.491	-0.0265921
0.492	-0.0266016
0.493	-0.0266099
0.494	-0.0266171
0.495	-0.0266232
0.496	-0.0266282
0.497	-0.0266321
0.498	-0.0266349
0.499	-0.0266365
0.5	-0.0266371
0.501	-0.0266365
0.502	-0.0266349
0.503	-0.0266321
0.504	-0.0266282
0.505	-0.0266232
0.506	-0.0266171
0.507	-0.0266099
0.508	-0.0266016
0.509	-0.0265921
0.51	-0.0265816
0.511	-0.0265699
0.512	-0.0265572
0.513	-0.0265433
0.514	-0.0265283
0.515	-0.0265122
0.516	-0.026495
0.517	-0.0264767
0.518	-0.0264573
0.519	-0.0264367
0.52	-0.0264151
0.521	-0.0263923
0.522	-0.0263685
0.523	-0.0263435
0.524	-0.0263174
0.525	-0.0262902
0.526	-0.0262619
0.527	-0.0262325
0.528	-0.026202
0.529	-0.0261704
0.53	-0.0261376
0.531	-0.0261038
0.532	-0.0260688
0.533	-0.0260327
0.534	-0.0259956
0.535	-0.0259573
0.536	-0.0259179
0.537	-0.0258774
0.538	-0.0258357
0.539	-0.025793
0.54	-0.0257492
0.541	-0.0257042
0.542	-0.0256582
0.543	-0.025611
0.544	-0.0255627
0.545	-0.0255133
0.546	-0.0254628
0.547	-0.0254112
0.548	-0.0253585
0.549	-0.0253047
0.55	-0.0252497
0.551	-0.0251937
0.552	-0.0251365
0.553	-0.0250782
0.554	-0.0250189
0.555	-0.0249584
0.556	-0.0248968
0.557	-0.0248341
0.558	-0.0247703
0.559	-0.0247053
0.56	-0.0246393
0.561	-0.0245721
0.562	-0.0245039
0.563	-0.0244345
0.564	-0.024364
0.565	-0.0242925
0.566	-0.0242198
0.567	-0.0241459
0.568	-0.024071
0.569	-0.023995
0.57	-0.0239179
0.571	-0.0238396
0.572	-0.0237603
0.573	-0.0236798
0.574	-0.0235982
0.575	-0.0235155
0.576	-0.0234317
0.577	-0.0233468
0.578	-0.0232608
0.579	-0.0231737
0.58	-0.0230855
0.581	-0.0229961
0.582	-0.0229057
0.583	-0.0228141
0.584	-0.0227214
0.585	-0.0226276
0.586	-0.0225327
0.587	-0.0224367
0.588	-0.0223396
0.589	-0.0222414
0.59	-0.0221421
0.591	-0.0220416
0.592	-0.0219401
0.593	-0.0218374
0.594	-0.0217336
0.595	-0.0216287
0.596	-0.0215228
0.597	-0.0214156
0.598	-0.0213074
0.599	-0.0211981
0.6	-0.0210877
0.601	-0.0209761
0.602	-0.0208635
0.603	-0.0207497
0.604	-0.0206349
0.605	-0.0205189
0.606	-0.0204018
0.607	-0.0202836
0.608	-0.0201643
0.609	-0.0200438
0.61	-0.0199223
0.611	-0.0197997
0.612	-0.0196759
0.613	-0.0195511
0.614	-0.0194251
0.615	-0.019298
0.616	-0.0191698
0.617	-0.0190405
0.618	-0.0189101
0.619	-0.0187786
0.62	-0.0186459
0.621	-0.0185122
0.622	-0.0183774
0.623	-0.0182414
0.624	-0.0181043
0.625	-0.0179661
0.626	-0.0178269
0.627	-0.0176865
0.628	-0.017545
0.629	-0.0174023
0.63	-0.0172586
0.631	-0.0171138
0.632	-0.0169678
0.633	-0.0168208
0.634	-0.0166726
0.635	-0.0165233
0.636	-0.0163729
0.637	-0.0162214
0.638	-0.0160688
0.639	-0.0159151
0.64	-0.0157603
0.641	-0.0156043
0.642	-0.0154473
0.643	-0.0152891
0.644	-0.0151299
0.645	-0.0149695
0.646	-0.014808
0.647	-0.0146454
0.648	-0.0144817
0.649	-0.0143169
0.65	-0.0141509
0.651	-0.0139839
0.652	-0.0138158
0.653	-0.0136465
0.654	-0.0134761
0.655	-0.0133047
0.656	-0.0131321
0.657	-0.0129584
0.658	-0.0127836
0.659	-0.0126077
0.66	-0.0124306
0.661	-0.0122525
0.662	-0.0120733
0.663	-0.0118929
0.664	-0.0117114
0.665	-0.0115289
0.666	-0.0113452
0.667	-0.0111604
0.668	-0.0109745
0.669	-0.0107875
0.67	-0.0105993
0.671	-0.0104101
0.672	-0.0102198
0.673	-0.0100283
0.674	-0.00983574
0.675	-0.00964206
0.676	-0.00944728
0.677	-0.00925139
0.678	-0.00905438
0.679	-0.00885627
0.68	-0.00865705
0.681	-0.00845671
0.682	-0.00825527
0.683	-0.00805272
0.684	-0.00784906
0.685	-0.00764428
0.686	-0.0074384
0.687	-0.00723141
0.688	-0.00702331
0.689	-0.0068141
0.69	-0.00660377
0.691	-0.00639234
0.692	-0.0061798
0.693	-0.00596615
0.694	-0.00575139
0.695	-0.00553552
0.696	-0.00531853
0.697	-0.00510044
0.698	-0.00488124
0.699	-0.00466093
0.7	-0.00443951
0.701	-0.00421698
0.702	-0.00399334
0.703	-0.00376859
0.704	-0.00354273
0.705	-0.00331576
0.706	-0.00308768
0.707	-0.00285849
0.708	-0.00262819
0.709	-0.00239678
0.71	-0.00216426
0.711	-0.00193063
0.712	-0.00169589
0.713	-0.00146004
0.714	-0.00122309
0.715	-0.000985017
0.716	-0.000745838
0.717	-0.000505549
0.718	-0.000264151
0.719	-2.16426e-05
0.72	0.000221976
0.721	0.000466704
0.722	0.000712542
0.723	0.000959489
0.724	0.00120755
0.725	0.00145671
0.726	0.00170699
0.727	0.00195838
0.728	0.00221088
0.729	0.00246448
0.73	0.0027192
0.731	0.00297503
0.732	0.00323196
0.733	0.00349001
0.734	0.00374917
0.735	0.00400943
0.736	0.00427081
0.737	0.0045333
0.738	0.00479689
0.739	0.0050616
0.74	0.00532741
0.741	0.00559434
0.742	0.00586238
0.743	0.00613152
0.744	0.00640178
0.745	0.00667314
0.746	0.00694562
0.747	0.0072192
0.748	0.0074939
0.749	0.0077697
0.75	0.00804661
0.751	0.00832464
0.752	0.00860377
0.753	0.00888402
0.754	0.00916537
0.755	0.00944784
0.756	0.00973141
0.757	0.0100161
0.758	0.0103019
0.759	0.0105888
0.76	0.0108768
0.761	0.0111659
0.762	0.0114562
0.763	0.0117475
0.764	0.01204
0.765	0.0123335
0.766	0.0126282
0.767	0.012924
0.768	0.0132209
0.769	0.0135189
0.77	0.013818
0.771	0.0141182
0.772	0.0144195
0.773	0.014722
0.774	0.0150255
0.775	0.0153302
0.776	0.015636
0.777	0.0159428
0.778	0.0162508
0.779	0.0165599
0.78	0.0168701
0.781	0.0171815
0.782	0.0174939
0.783	0.0178074
0.784	0.0181221
0.785	0.0184378
0.786	0.0187547
0.787	0.0190727
0.788	0.0193918
0.789	0.019712
0.79	0.0200333
0.791	0.0203557
0.792	0.0206792
0.793	0.0210039
0.794	0.0213296
0.795	0.0216565
0.796	0.0219845
0.797	0.0223135
0.798	0.0226437
0.799	0.022975
0.8	0.0233074
0.801	0.023641
0.802	0.0239756
0.803	0.0243113
0.804	0.0246482
0.805	0.0249861
0.806	0.0253252
0.807	0.0256654
0.808	0.0260067
0.809	0.0263491
0.81	0.0266926
0.811	0.0270372
0.812	0.0273829
0.813	0.0277297
0.814	0.0280777
0.815	0.0284267
0.816	0.0287769
0.817	0.0291282
0.818	0.0294806
0.819	0.0298341
0.82	0.0301887
0.821	0.0305444
0.822	0.0309012
0.823	0.0312592
0.824	0.0316182
0.825	0.0319784
0.826	0.0323396
0.827	0.032702
0.828	0.0330655
0.829	0.0334301
0.83	0.0337958
0.831	0.0341626
0.832	0.0345305
0.833	0.0348996
0.834	0.0352697
0.835	0.035641
0.836	0.0360133
0.837	0.0363868
0.838	0.0367614
0.839	0.0371371
0.84	0.0375139
0.841	0.0378918
0.842	0.0382708
0.843	0.0386509
0.844	0.0390322
0.845	0.0394145
0.846	0.039798
0.847	0.0401826
0.848	0.0405683
0.849	0.040955
0.85	0.041343
0.851	0.041732
0.852	0.0421221
0.853	0.0425133
0.854	0.0429057
0.855	0.0432991
0.856	0.0436937
0.857	0.0440893
0.858	0.0444861
0.859	0.044884
0.86	0.045283
0.861	0.0456831
0.862	0.0460844
0.863	0.0464867
0.864	0.0468901
0.865	0.0472947
0.866	0.0477003
0.867	0.0481071
0.868	0.048515
0.869	0.048924
0.87	0.0493341
0.871	0.0497453
0.872	0.0501576
0.873	0.050571
0.874	0.0509856
0.875	0.0514012
0.876	0.051818
0.877	0.0522358
0.878	0.0526548
0.879	0.0530749
0.88	0.0534961
0.881	0.0539184
0.882	0.0543418
0.883	0.0547664
0.884	0.055192
0.885	0.0556188
0.886	0.0560466
0.887	0.0564756
0.888	0.0569057
0.889	0.0573368
0.89	0.0577691
0.891	0.0582026
0.892	0.0586371
0.893	0.0590727
0.894	0.0595094
0.895	0.0599473
0.896	0.0603862
0.897	0.0608263
0.898	0.0612675
0.899	0.0617098
0.9	0.0621532
0.901	0.0625977
0.902	0.0630433
0.903	0.06349
0.904	0.0639378
0.905	0.0643868
0.906	0.0648368
0.907	0.065288
0.908	0.0657403
0.909	0.0661937
0.91	0.0666482
0.911	0.0671038
0.912	0.0675605
0.913	0.0680183
0.914	0.0684772
0.915	0.0689373
0.916	0.0693984
0.917	0.0698607
0.918	0.0703241
0.919	0.0707886
0.92	0.0712542
0.921	0.0717209
0.922	0.0721887
0.923	0.0726576
0.924	0.0731276
0.925	0.0735988
0.926	0.074071
0.927	0.0745444
0.928	0.0750189
0.929	0.0754945
0.93	0.0759711
0.931	0.0764489
0.932	0.0769279
0.933	0.0774079
0.934	0.077889
0.935	0.0783713
0.936	0.0788546
0.937	0.0793391
0.938	0.0798246
0.939	0.0803113
0.94	0.0807991
0.941	0.081288
0.942	0.081778
0.943	0.0822691
0.944	0.0827614
0.945	0.0832547
0.946	0.0837492
0.947	0.0842447
0.948	0.0847414
0.949	0.0852392
0.95	0.0857381
0.951	0.0862381
0.952	0.0867392
0.953	0.0872414
0.954	0.0877447
0.955	0.0882492
0.956	0.0887547
0.957	0.0892614
0.958	0.0897691
0.959	0.090278
0.96	0.090788
0.961	0.0912991
0.962	0.0918113
0.963	0.0923246
0.964	0.0928391
0.965	0.0933546
0.966	0.0938713
0.967	0.094389
0.968	0.0949079
0.969	0.0954279
0.97	0.0959489
0.971	0.0964711
0.972	0.0969945
0.973	0.0975189
0.974	0.0980444
0.975	0.098571
0.976	0.0990988
0.977	0.0996276
0.978	0.100158
0.979	0.100689
0.98	0.101221
0.981	0.101754
0.982	0.102289
0.983	0.102824
0.984	0.103361
0.985	0.103898
0.986	0.104437
0.987	0.104977
0.988	0.105518
0.989	0.10606
0.99	0.106604
0.991	0.107148
0.992	0.107694
0.993	0.10824
0.994	0.108788
0.995	0.109337
0.996	0.109887
0.997	0.110438
0.998	0.11099
0.999	0.111543
