# Interpolation data for function: (2*x-1)^50
0	1
0.001	0.904747
0.002	0.818402
0.003	0.740149
0.004	0.669243
0.005	0.605006
0.006	0.546824
0.007	0.494135
0.008	0.446432
0.009	0.40325
0.01	0.36417
0.011	0.328808
0.012	0.296818
0.013	0.267885
0.014	0.24172
0.015	0.218065
0.016	0.196683
0.017	0.17736
0.018	0.159901
0.019	0.14413
0.02	0.129886
0.021	0.117024
0.022	0.105413
0.023	0.0949333
0.024	0.0854766
0.025	0.076945
0.026	0.0692495
0.027	0.0623099
0.028	0.0560531
0.029	0.0504133
0.03	0.0453307
0.031	0.0407513
0.032	0.0366262
0.033	0.0329112
0.034	0.0295662
0.035	0.0265551
0.036	0.0238451
0.037	0.0214067
0.038	0.0192131
0.039	0.0172403
0.04	0.0154665
0.041	0.0138718
0.042	0.0124387
0.043	0.0111509
0.044	0.00999406
0.045	0.00895508
0.046	0.00802218
0.047	0.00718472
0.048	0.00643312
0.049	0.00575873
0.05	0.00515378
0.051	0.00461123
0.052	0.00412478
0.053	0.00368872
0.054	0.00329794
0.055	0.00294782
0.056	0.0026342
0.057	0.00235335
0.058	0.00210191
0.059	0.00187685
0.06	0.00167546
0.061	0.00149529
0.062	0.00133415
0.063	0.00119007
0.064	0.00106127
0.065	0.000946156
0.066	0.000843308
0.067	0.000751441
0.068	0.000669402
0.069	0.000596161
0.07	0.00053079
0.071	0.000472459
0.072	0.000420425
0.073	0.000374019
0.074	0.000332644
0.075	0.000295765
0.076	0.000262901
0.077	0.000233624
0.078	0.00020755
0.079	0.000184334
0.08	0.000163668
0.081	0.000145278
0.082	0.000128918
0.083	0.000114367
0.084	0.00010143
0.085	8.993e-05
0.086	7.97107e-05
0.087	7.06321e-05
0.088	6.25692e-05
0.089	5.54103e-05
0.09	4.9056e-05
0.091	4.34175e-05
0.092	3.84156e-05
0.093	3.39798e-05
0.094	3.0047e-05
0.095	2.65614e-05
0.096	2.3473e-05
0.097	2.07373e-05
0.098	1.83148e-05
0.099	1.61703e-05
0.1	1.42725e-05
0.101	1.25935e-05
0.102	1.11085e-05
0.103	9.7955e-06
0.104	8.63497e-06
0.105	7.6095e-06
0.106	6.70367e-06
0.107	5.90377e-06
0.108	5.19762e-06
0.109	4.57445e-06
0.11	4.02468e-06
0.111	3.53982e-06
0.112	3.11234e-06
0.113	2.73557e-06
0.114	2.40361e-06
0.115	2.11123e-06
0.116	1.85378e-06
0.117	1.62718e-06
0.118	1.42778e-06
0.119	1.2524e-06
0.12	1.09817e-06
0.121	9.62606e-07
0.122	8.43482e-07
0.123	7.3884e-07
0.124	6.46952e-07
0.125	5.66292e-07
0.126	4.95512e-07
0.127	4.33424e-07
0.128	3.7898e-07
0.129	3.31255e-07
0.13	2.89436e-07
0.131	2.52804e-07
0.132	2.20728e-07
0.133	1.92651e-07
0.134	1.68085e-07
0.135	1.46597e-07
0.136	1.27808e-07
0.137	1.11387e-07
0.138	9.70396e-08
0.139	8.45088e-08
0.14	7.35688e-08
0.141	6.40211e-08
0.142	5.56916e-08
0.143	4.84277e-08
0.144	4.20954e-08
0.145	3.65772e-08
0.146	3.17702e-08
0.147	2.75844e-08
0.148	2.39408e-08
0.149	2.07703e-08
0.15	1.80125e-08
0.151	1.56145e-08
0.152	1.35302e-08
0.153	1.1719e-08
0.154	1.01458e-08
0.155	8.77971e-09
0.156	7.59393e-09
0.157	6.56499e-09
0.158	5.67244e-09
0.159	4.89847e-09
0.16	4.22755e-09
0.161	3.64616e-09
0.162	3.14256e-09
0.163	2.70648e-09
0.164	2.32904e-09
0.165	2.0025e-09
0.166	1.72013e-09
0.167	1.47608e-09
0.168	1.26529e-09
0.169	1.08335e-09
0.17	9.26428e-10
0.171	7.91217e-10
0.172	6.74834e-10
0.173	5.74781e-10
0.174	4.88889e-10
0.175	4.15276e-10
0.176	3.52309e-10
0.177	2.98568e-10
0.178	2.52821e-10
0.179	2.13995e-10
0.18	1.81158e-10
0.181	1.53497e-10
0.182	1.30304e-10
0.183	1.10959e-10
0.184	9.49249e-11
0.185	8.17272e-11
0.186	7.09527e-11
0.187	6.22386e-11
0.188	5.52665e-11
0.189	4.97569e-11
0.19	4.54643e-11
0.191	4.21727e-11
0.192	3.96928e-11
0.193	3.78582e-11
0.194	3.65235e-11
0.195	3.55617e-11
0.196	3.48624e-11
0.197	3.43301e-11
0.198	3.38832e-11
0.199	3.34519e-11
0.2	3.29781e-11
0.201	3.2414e-11
0.202	3.1721e-11
0.203	3.08694e-11
0.204	2.98373e-11
0.205	2.86102e-11
0.206	2.71803e-11
0.207	2.55458e-11
0.208	2.37103e-11
0.209	2.16825e-11
0.21	1.94754e-11
0.211	1.71057e-11
0.212	1.45938e-11
0.213	1.19625e-11
0.214	9.23715e-12
0.215	6.44478e-12
0.216	3.61381e-12
0.217	7.73403e-13
0.218	-2.0467e-12
0.219	-4.81702e-12
0.22	-7.5083e-12
0.221	-1.00923e-11
0.222	-1.2542e-11
0.223	-1.48318e-11
0.224	-1.6938e-11
0.225	-1.8839e-11
0.226	-2.05156e-11
0.227	-2.19514e-11
0.228	-2.31323e-11
0.229	-2.40474e-11
0.23	-2.46887e-11
0.231	-2.50512e-11
0.232	-2.51332e-11
0.233	-2.49358e-11
0.234	-2.44631e-11
0.235	-2.37224e-11
0.236	-2.27236e-11
0.237	-2.14794e-11
0.238	-2.0005e-11
0.239	-1.8318e-11
0.24	-1.64379e-11
0.241	-1.43864e-11
0.242	-1.21866e-11
0.243	-9.86306e-12
0.244	-7.44144e-12
0.245	-4.94821e-12
0.246	-2.4103e-12
0.247	1.45057e-13
0.248	2.69071e-12
0.249	5.19987e-12
0.25	7.64633e-12
0.251	1.00048e-11
0.252	1.2251e-11
0.253	1.43623e-11
0.254	1.63174e-11
0.255	1.80969e-11
0.256	1.96834e-11
0.257	2.10615e-11
0.258	2.22183e-11
0.259	2.3143e-11
0.26	2.38276e-11
0.261	2.42662e-11
0.262	2.44558e-11
0.263	2.43958e-11
0.264	2.40881e-11
0.265	2.35373e-11
0.266	2.275e-11
0.267	2.17356e-11
0.268	2.05054e-11
0.269	1.90728e-11
0.27	1.74533e-11
0.271	1.5664e-11
0.272	1.37235e-11
0.273	1.1652e-11
0.274	9.47044e-12
0.275	7.20114e-12
0.276	4.86683e-12
0.277	2.49087e-12
0.278	9.67687e-14
0.279	-2.29194e-12
0.28	-4.65191e-12
0.281	-6.96028e-12
0.282	-9.19482e-12
0.283	-1.13342e-11
0.284	-1.33581e-11
0.285	-1.52474e-11
0.286	-1.69847e-11
0.287	-1.85539e-11
0.288	-1.99406e-11
0.289	-2.11325e-11
0.29	-2.21189e-11
0.291	-2.28915e-11
0.292	-2.34437e-11
0.293	-2.37714e-11
0.294	-2.38724e-11
0.295	-2.37467e-11
0.296	-2.33966e-11
0.297	-2.28263e-11
0.298	-2.20421e-11
0.299	-2.10523e-11
0.3	-1.98672e-11
0.301	-1.84985e-11
0.302	-1.69599e-11
0.303	-1.52664e-11
0.304	-1.34345e-11
0.305	-1.14816e-11
0.306	-9.42654e-12
0.307	-7.28863e-12
0.308	-5.08798e-12
0.309	-2.84515e-12
0.31	-5.80954e-13
0.311	1.68371e-12
0.312	3.92809e-12
0.313	6.13166e-12
0.314	8.27447e-12
0.315	1.03372e-11
0.316	1.23013e-11
0.317	1.41494e-11
0.318	1.5865e-11
0.319	1.74332e-11
0.32	1.88402e-11
0.321	2.00741e-11
0.322	2.11242e-11
0.323	2.19818e-11
0.324	2.26398e-11
0.325	2.30932e-11
0.326	2.33385e-11
0.327	2.33743e-11
0.328	2.3201e-11
0.329	2.28209e-11
0.33	2.22381e-11
0.331	2.14584e-11
0.332	2.04894e-11
0.333	1.93405e-11
0.334	1.80223e-11
0.335	1.65471e-11
0.336	1.49284e-11
0.337	1.31808e-11
0.338	1.13204e-11
0.339	9.36362e-12
0.34	7.32808e-12
0.341	5.23183e-12
0.342	3.09339e-12
0.343	9.31563e-13
0.344	-1.23472e-12
0.345	-3.38656e-12
0.346	-5.5053e-12
0.347	-7.57264e-12
0.348	-9.5708e-12
0.349	-1.14827e-11
0.35	-1.3292e-11
0.351	-1.49834e-11
0.352	-1.65428e-11
0.353	-1.79569e-11
0.354	-1.92141e-11
0.355	-2.0304e-11
0.356	-2.12177e-11
0.357	-2.19479e-11
0.358	-2.24889e-11
0.359	-2.28365e-11
0.36	-2.29884e-11
0.361	-2.29437e-11
0.362	-2.27034e-11
0.363	-2.227e-11
0.364	-2.16478e-11
0.365	-2.08424e-11
0.366	-1.98613e-11
0.367	-1.87132e-11
0.368	-1.74082e-11
0.369	-1.59578e-11
0.37	-1.43745e-11
0.371	-1.26721e-11
0.372	-1.08651e-11
0.373	-8.96912e-12
0.374	-7.00019e-12
0.375	-4.97505e-12
0.376	-2.91079e-12
0.377	-8.24811e-13
0.378	1.26539e-12
0.379	3.34232e-12
0.38	5.38867e-12
0.381	7.38748e-12
0.382	9.32216e-12
0.383	1.11768e-11
0.384	1.29361e-11
0.385	1.45857e-11
0.386	1.61121e-11
0.387	1.75029e-11
0.388	1.8747e-11
0.389	1.98343e-11
0.39	2.07562e-11
0.391	2.15053e-11
0.392	2.2076e-11
0.393	2.24638e-11
0.394	2.26659e-11
0.395	2.2681e-11
0.396	2.25094e-11
0.397	2.21529e-11
0.398	2.16147e-11
0.399	2.08996e-11
0.4	2.00137e-11
0.401	1.89647e-11
0.402	1.77615e-11
0.403	1.64142e-11
0.404	1.49339e-11
0.405	1.33331e-11
0.406	1.16251e-11
0.407	9.8238e-12
0.408	7.9442e-12
0.409	6.00167e-12
0.41	4.01209e-12
0.411	1.99172e-12
0.412	-4.29805e-14
0.413	-2.07551e-12
0.414	-4.08939e-12
0.415	-6.06835e-12
0.416	-7.99642e-12
0.417	-9.85806e-12
0.418	-1.16384e-11
0.419	-1.33231e-11
0.42	-1.48988e-11
0.421	-1.63529e-11
0.422	-1.76738e-11
0.423	-1.88511e-11
0.424	-1.98756e-11
0.425	-2.07392e-11
0.426	-2.14352e-11
0.427	-2.19583e-11
0.428	-2.23043e-11
0.429	-2.2471e-11
0.43	-2.2457e-11
0.431	-2.22628e-11
0.432	-2.18902e-11
0.433	-2.13424e-11
0.434	-2.06239e-11
0.435	-1.97407e-11
0.436	-1.87001e-11
0.437	-1.75106e-11
0.438	-1.61818e-11
0.439	-1.47245e-11
0.44	-1.31506e-11
0.441	-1.14725e-11
0.442	-9.70399e-12
0.443	-7.85905e-12
0.444	-5.95253e-12
0.445	-3.99965e-12
0.446	-2.016e-12
0.447	-1.73697e-14
0.448	1.98034e-12
0.449	3.96124e-12
0.45	5.90963e-12
0.451	7.81008e-12
0.452	9.64753e-12
0.453	1.14075e-11
0.454	1.3076e-11
0.455	1.46401e-11
0.456	1.60872e-11
0.457	1.74062e-11
0.458	1.85866e-11
0.459	1.96192e-11
0.46	2.0496e-11
0.461	2.121e-11
0.462	2.17559e-11
0.463	2.21294e-11
0.464	2.23277e-11
0.465	2.23493e-11
0.466	2.21941e-11
0.467	2.18636e-11
0.468	2.13603e-11
0.469	2.06885e-11
0.47	1.98534e-11
0.471	1.88618e-11
0.472	1.77215e-11
0.473	1.64417e-11
0.474	1.50325e-11
0.475	1.3505e-11
0.476	1.18713e-11
0.477	1.01445e-11
0.478	8.33797e-12
0.479	6.46614e-12
0.48	4.54373e-12
0.481	2.5859e-12
0.482	6.08056e-13
0.483	-1.37422e-12
0.484	-3.34533e-12
0.485	-5.28978e-12
0.486	-7.19228e-12
0.487	-9.03786e-12
0.488	-1.0812e-11
0.489	-1.25009e-11
0.49	-1.40911e-11
0.491	-1.55702e-11
0.492	-1.69267e-11
0.493	-1.81497e-11
0.494	-1.92298e-11
0.495	-2.01586e-11
0.496	-2.09285e-11
0.497	-2.15338e-11
0.498	-2.19696e-11
0.499	-2.22324e-11
0.5	-2.23204e-11
0.501	-2.22326e-11
0.502	-2.19699e-11
0.503	-2.15342e-11
0.504	-2.09291e-11
0.505	-2.01592e-11
0.506	-1.92306e-11
0.507	-1.81506e-11
0.508	-1.69276e-11
0.509	-1.55713e-11
0.51	-1.40922e-11
0.511	-1.25021e-11
0.512	-1.08133e-11
0.513	-9.03919e-12
0.514	-7.19365e-12
0.515	-5.29119e-12
0.516	-3.34677e-12
0.517	-1.37568e-12
0.518	6.06606e-13
0.519	2.58445e-12
0.52	4.54232e-12
0.521	6.46477e-12
0.522	8.33664e-12
0.523	1.01432e-11
0.524	1.18701e-11
0.525	1.35038e-11
0.526	1.50314e-11
0.527	1.64407e-11
0.528	1.77206e-11
0.529	1.8861e-11
0.53	1.98527e-11
0.531	2.06879e-11
0.532	2.13599e-11
0.533	2.18633e-11
0.534	2.21939e-11
0.535	2.23492e-11
0.536	2.23278e-11
0.537	2.21296e-11
0.538	2.17563e-11
0.539	2.12105e-11
0.54	2.04965e-11
0.541	1.96199e-11
0.542	1.85874e-11
0.543	1.74071e-11
0.544	1.60882e-11
0.545	1.46412e-11
0.546	1.30772e-11
0.547	1.14087e-11
0.548	9.64885e-12
0.549	7.81144e-12
0.55	5.91103e-12
0.551	3.96268e-12
0.552	1.98179e-12
0.553	-1.5897e-14
0.554	-2.01453e-12
0.555	-3.9982e-12
0.556	-5.95112e-12
0.557	-7.85768e-12
0.558	-9.70264e-12
0.559	-1.14713e-11
0.56	-1.31493e-11
0.561	-1.47234e-11
0.562	-1.61808e-11
0.563	-1.75096e-11
0.564	-1.86992e-11
0.565	-1.974e-11
0.566	-2.06233e-11
0.567	-2.13419e-11
0.568	-2.18899e-11
0.569	-2.22626e-11
0.57	-2.24569e-11
0.571	-2.2471e-11
0.572	-2.23045e-11
0.573	-2.19585e-11
0.574	-2.14356e-11
0.575	-2.07398e-11
0.576	-1.98763e-11
0.577	-1.88519e-11
0.578	-1.76747e-11
0.579	-1.63538e-11
0.58	-1.48999e-11
0.581	-1.33243e-11
0.582	-1.16396e-11
0.583	-9.85937e-12
0.584	-7.99775e-12
0.585	-6.06973e-12
0.586	-4.09081e-12
0.587	-2.07695e-12
0.588	-4.44231e-14
0.589	1.99028e-12
0.59	4.01066e-12
0.591	6.00027e-12
0.592	7.94284e-12
0.593	9.82249e-12
0.594	1.16238e-11
0.595	1.33319e-11
0.596	1.49328e-11
0.597	1.64131e-11
0.598	1.77606e-11
0.599	1.89639e-11
0.6	2.0013e-11
0.601	2.0899e-11
0.602	2.16142e-11
0.603	2.21526e-11
0.604	2.25093e-11
0.605	2.2681e-11
0.606	2.2666e-11
0.607	2.2464e-11
0.608	2.20764e-11
0.609	2.15058e-11
0.61	2.07568e-11
0.611	1.9835e-11
0.612	1.87478e-11
0.613	1.75039e-11
0.614	1.61131e-11
0.615	1.45868e-11
0.616	1.29373e-11
0.617	1.11781e-11
0.618	9.32353e-12
0.619	7.38891e-12
0.62	5.39015e-12
0.621	3.34381e-12
0.622	1.26689e-12
0.623	-8.2329e-13
0.624	-2.90928e-12
0.625	-4.97355e-12
0.626	-6.99875e-12
0.627	-8.96772e-12
0.628	-1.08638e-11
0.629	-1.26708e-11
0.63	-1.43733e-11
0.631	-1.59567e-11
0.632	-1.74072e-11
0.633	-1.87123e-11
0.634	-1.98606e-11
0.635	-2.08418e-11
0.636	-2.16472e-11
0.637	-2.22696e-11
0.638	-2.27031e-11
0.639	-2.29436e-11
0.64	-2.29884e-11
0.641	-2.28367e-11
0.642	-2.24892e-11
0.643	-2.19484e-11
0.644	-2.12183e-11
0.645	-2.03047e-11
0.646	-1.92149e-11
0.647	-1.79578e-11
0.648	-1.65438e-11
0.649	-1.49846e-11
0.65	-1.32933e-11
0.651	-1.1484e-11
0.652	-9.5722e-12
0.653	-7.57411e-12
0.654	-5.50679e-12
0.655	-3.38809e-12
0.656	-1.23626e-12
0.657	9.30007e-13
0.658	3.09184e-12
0.659	5.2303e-12
0.66	7.32658e-12
0.661	9.36217e-12
0.662	1.1319e-11
0.663	1.31795e-11
0.664	1.49271e-11
0.665	1.6546e-11
0.666	1.80213e-11
0.667	1.93396e-11
0.668	2.04887e-11
0.669	2.14577e-11
0.67	2.22375e-11
0.671	2.28205e-11
0.672	2.32008e-11
0.673	2.33742e-11
0.674	2.33386e-11
0.675	2.30934e-11
0.676	2.26402e-11
0.677	2.19823e-11
0.678	2.11248e-11
0.679	2.00749e-11
0.68	1.88412e-11
0.681	1.74342e-11
0.682	1.58661e-11
0.683	1.41506e-11
0.684	1.23026e-11
0.685	1.03386e-11
0.686	8.27594e-12
0.687	6.13317e-12
0.688	3.92963e-12
0.689	1.68529e-12
0.69	-5.79368e-13
0.691	-2.84357e-12
0.692	-5.08643e-12
0.693	-7.28712e-12
0.694	-9.42509e-12
0.695	-1.14802e-11
0.696	-1.34331e-11
0.697	-1.52652e-11
0.698	-1.69588e-11
0.699	-1.84975e-11
0.7	-1.98663e-11
0.701	-2.10516e-11
0.702	-2.20415e-11
0.703	-2.28258e-11
0.704	-2.33963e-11
0.705	-2.37465e-11
0.706	-2.38724e-11
0.707	-2.37716e-11
0.708	-2.3444e-11
0.709	-2.2892e-11
0.71	-2.21196e-11
0.711	-2.11333e-11
0.712	-1.99415e-11
0.713	-1.8555e-11
0.714	-1.69859e-11
0.715	-1.52487e-11
0.716	-1.33594e-11
0.717	-1.13356e-11
0.718	-9.19636e-12
0.719	-6.96189e-12
0.72	-4.65356e-12
0.721	-2.29362e-12
0.722	9.50806e-14
0.723	2.48919e-12
0.724	4.86518e-12
0.725	7.19949e-12
0.726	9.46886e-12
0.727	1.16504e-11
0.728	1.37221e-11
0.729	1.56627e-11
0.73	1.74521e-11
0.731	1.90718e-11
0.732	2.05044e-11
0.733	2.17348e-11
0.734	2.27494e-11
0.735	2.35368e-11
0.736	2.40878e-11
0.737	2.43956e-11
0.738	2.44558e-11
0.739	2.42664e-11
0.74	2.38279e-11
0.741	2.31436e-11
0.742	2.2219e-11
0.743	2.10624e-11
0.744	1.96844e-11
0.745	1.80981e-11
0.746	1.63187e-11
0.747	1.43637e-11
0.748	1.22526e-11
0.749	1.00064e-11
0.75	7.648e-12
0.751	5.20159e-12
0.752	2.69249e-12
0.753	1.4683e-13
0.754	-2.40852e-12
0.755	-4.94644e-12
0.756	-7.43973e-12
0.757	-9.86139e-12
0.758	-1.2185e-11
0.759	-1.43849e-11
0.76	-1.64365e-11
0.761	-1.83167e-11
0.762	-2.00039e-11
0.763	-2.14784e-11
0.764	-2.27228e-11
0.765	-2.37217e-11
0.766	-2.44626e-11
0.767	-2.49355e-11
0.768	-2.51331e-11
0.769	-2.50513e-11
0.77	-2.4689e-11
0.771	-2.40478e-11
0.772	-2.31329e-11
0.773	-2.19522e-11
0.774	-2.05167e-11
0.775	-1.88402e-11
0.776	-1.69393e-11
0.777	-1.48333e-11
0.778	-1.25436e-11
0.779	-1.00941e-11
0.78	-7.51011e-12
0.781	-4.81886e-12
0.782	-2.04863e-12
0.783	7.71488e-13
0.784	3.61187e-12
0.785	6.44289e-12
0.786	9.23531e-12
0.787	1.19607e-11
0.788	1.45921e-11
0.789	1.71042e-11
0.79	1.94739e-11
0.791	2.16812e-11
0.792	2.37092e-11
0.793	2.55448e-11
0.794	2.71795e-11
0.795	2.86096e-11
0.796	2.98369e-11
0.797	3.08692e-11
0.798	3.1721e-11
0.799	3.24143e-11
0.8	3.29786e-11
0.801	3.34526e-11
0.802	3.38841e-11
0.803	3.43312e-11
0.804	3.48637e-11
0.805	3.55632e-11
0.806	3.65251e-11
0.807	3.78599e-11
0.808	3.96946e-11
0.809	4.21746e-11
0.81	4.54663e-11
0.811	4.9759e-11
0.812	5.52686e-11
0.813	6.22406e-11
0.814	7.09547e-11
0.815	8.17292e-11
0.816	9.49268e-11
0.817	1.10961e-10
0.818	1.30305e-10
0.819	1.53498e-10
0.82	1.81159e-10
0.821	2.13996e-10
0.822	2.52822e-10
0.823	2.98569e-10
0.824	3.52309e-10
0.825	4.15276e-10
0.826	4.88889e-10
0.827	5.74781e-10
0.828	6.74834e-10
0.829	7.91216e-10
0.83	9.26427e-10
0.831	1.08334e-09
0.832	1.26529e-09
0.833	1.47608e-09
0.834	1.72013e-09
0.835	2.0025e-09
0.836	2.32904e-09
0.837	2.70648e-09
0.838	3.14255e-09
0.839	3.64616e-09
0.84	4.22754e-09
0.841	4.89846e-09
0.842	5.67244e-09
0.843	6.56499e-09
0.844	7.59393e-09
0.845	8.77971e-09
0.846	1.01458e-08
0.847	1.1719e-08
0.848	1.35301e-08
0.849	1.56145e-08
0.85	1.80125e-08
0.851	2.07703e-08
0.852	2.39408e-08
0.853	2.75844e-08
0.854	3.17702e-08
0.855	3.65772e-08
0.856	4.20954e-08
0.857	4.84277e-08
0.858	5.56916e-08
0.859	6.40211e-08
0.86	7.35688e-08
0.861	8.45088e-08
0.862	9.70396e-08
0.863	1.11387e-07
0.864	1.27808e-07
0.865	1.46597e-07
0.866	1.68085e-07
0.867	1.92651e-07
0.868	2.20728e-07
0.869	2.52804e-07
0.87	2.89436e-07
0.871	3.31255e-07
0.872	3.7898e-07
0.873	4.33424e-07
0.874	4.95512e-07
0.875	5.66292e-07
0.876	6.46952e-07
0.877	7.3884e-07
0.878	8.43482e-07
0.879	9.62606e-07
0.88	1.09817e-06
0.881	1.2524e-06
0.882	1.42778e-06
0.883	1.62718e-06
0.884	1.85378e-06
0.885	2.11123e-06
0.886	2.40361e-06
0.887	2.73557e-06
0.888	3.11234e-06
0.889	3.53982e-06
0.89	4.02468e-06
0.891	4.57445e-06
0.892	5.19762e-06
0.893	5.90377e-06
0.894	6.70367e-06
0.895	7.6095e-06
0.896	8.63497e-06
0.897	9.7955e-06
0.898	1.11085e-05
0.899	1.25935e-05
0.9	1.42725e-05
0.901	1.61703e-05
0.902	1.83148e-05
0.903	2.07373e-05
0.904	2.3473e-05
0.905	2.65614e-05
0.906	3.0047e-05
0.907	3.39798e-05
0.908	3.84156e-05
0.909	4.34175e-05
0.91	4.9056e-05
0.911	5.54103e-05
0.912	6.25692e-05
0.913	7.06321e-05
0.914	7.97107e-05
0.915	8.993e-05
0.916	0.00010143
0.917	0.000114367
0.918	0.000128918
0.919	0.000145278
0.92	0.000163668
0.921	0.000184334
0.922	0.00020755
0.923	0.000233624
0.924	0.000262901
0.925	0.000295765
0.926	0.000332644
0.927	0.000374019
0.928	0.000420425
0.929	0.000472459
0.93	0.00053079
0.931	0.000596161
0.932	0.000669402
0.933	0.000751441
0.934	0.000843308
0.935	0.000946156
0.936	0.00106127
0.937	0.00119007
0.938	0.00133415
0.939	0.00149529
0.94	0.00167546
0.941	0.00187685
0.942	0.00210191
0.943	0.00235335
0.944	0.0026342
0.945	0.00294782
0.946	0.00329794
0.947	0.00368872
0.948	0.00412478
0.949	0.00461123
0.95	0.00515378
0.951	0.00575873
0.952	0.00643312
0.953	0.00718472
0.954	0.00802218
0.955	0.00895508
0.956	0.00999406
0.957	0.0111509
0.958	0.0124387
0.959	0.0138718
0.96	0.0154665
0.961	0.0172403
0.962	0.0192131
0.963	0.0214067
0.964	0.0238451
0.965	0.0265551
0.966	0.0295662
0.967	0.0329112
0.968	0.0366262
0.969	0.0407513
0.97	0.0453307
0.971	0.0504133
0.972	0.0560531
0.973	0.0623099
0.974	0.0692495
0.975	0.076945
0.976	0.0854766
0.977	0.0949333
0.978	0.105413
0.979	0.117024
0.98	0.129886
0.981	0.14413
0.982	0.159901
0.983	0.17736
0.984	0.196683
0.985	0.218065
0.986	0.24172
0.987	0.267885
0.988	0.296818
0.989	0.328808
0.99	0.36417
0.991	0.40325
0.992	0.446432
0.993	0.494135
0.994	0.546824
0.995	0.605006
0.996	0.669243
0.997	0.740149
0.998	0.818402
0.999	0.904747
