#Function: sqrt(x)
0	0.2357
1	0.0471367
2	0.0201974
3	0.0112163
4	0.00713304
5	0.00493349
6	0.00361303
7	0.00275797
8	0.00217238
9	0.0017536
10	0.00144361
11	0.00120762
12	0.0010237
13	0.0008775
14	0.000746425
15	0.000628428
16	0.000536469
17	0.000463368
18	0.000397831
19	0.000338833
20	0.000292853
21	0.000256303
22	0.000223534
23	0.000194035
24	0.000171045
25	0.00015277
26	0.000131121
27	0.000114737
28	9.99872e-05
29	8.84923e-05
30	7.93547e-05
31	6.85303e-05
32	6.03382e-05
33	5.29634e-05
34	4.7216e-05
35	4.26471e-05
36	3.7235e-05
37	3.31389e-05
38	2.94515e-05
39	2.65778e-05
40	2.42934e-05
41	2.17069e-05
42	1.90008e-05
43	1.69528e-05
44	1.51091e-05
45	1.36722e-05
46	1.253e-05
47	1.12368e-05
48	8.72757e-06
49	5.9354e-06
50	3.53521e-06
