# Interpolation data for function: sqrt(x)
0.5	0.707227
0.501	0.707928
0.502	0.708629
0.503	0.70933
0.504	0.710029
0.505	0.710729
0.506	0.711427
0.507	0.712125
0.508	0.712823
0.509	0.71352
0.51	0.714216
0.511	0.714912
0.512	0.715607
0.513	0.716301
0.514	0.716995
0.515	0.717688
0.516	0.718381
0.517	0.719073
0.518	0.719765
0.519	0.720456
0.52	0.721146
0.521	0.721836
0.522	0.722525
0.523	0.723214
0.524	0.723902
0.525	0.724589
0.526	0.725276
0.527	0.725962
0.528	0.726648
0.529	0.727333
0.53	0.728018
0.531	0.728702
0.532	0.729385
0.533	0.730068
0.534	0.73075
0.535	0.731432
0.536	0.732113
0.537	0.732794
0.538	0.733474
0.539	0.734153
0.54	0.734832
0.541	0.73551
0.542	0.736188
0.543	0.736865
0.544	0.737542
0.545	0.738218
0.546	0.738893
0.547	0.739568
0.548	0.740242
0.549	0.740916
0.55	0.741589
0.551	0.742262
0.552	0.742934
0.553	0.743606
0.554	0.744277
0.555	0.744947
0.556	0.745617
0.557	0.746286
0.558	0.746955
0.559	0.747623
0.56	0.748291
0.561	0.748958
0.562	0.749624
0.563	0.75029
0.564	0.750956
0.565	0.751621
0.566	0.752285
0.567	0.752949
0.568	0.753612
0.569	0.754275
0.57	0.754937
0.571	0.755599
0.572	0.75626
0.573	0.75692
0.574	0.75758
0.575	0.75824
0.576	0.758899
0.577	0.759557
0.578	0.760215
0.579	0.760872
0.58	0.761529
0.581	0.762185
0.582	0.762841
0.583	0.763496
0.584	0.76415
0.585	0.764805
0.586	0.765458
0.587	0.766111
0.588	0.766764
0.589	0.767416
0.59	0.768067
0.591	0.768718
0.592	0.769368
0.593	0.770018
0.594	0.770668
0.595	0.771316
0.596	0.771965
0.597	0.772612
0.598	0.77326
0.599	0.773906
0.6	0.774553
0.601	0.775198
0.602	0.775844
0.603	0.776488
0.604	0.777132
0.605	0.777776
0.606	0.778419
0.607	0.779062
0.608	0.779704
0.609	0.780345
0.61	0.780986
0.611	0.781627
0.612	0.782267
0.613	0.782906
0.614	0.783546
0.615	0.784184
0.616	0.784822
0.617	0.78546
0.618	0.786097
0.619	0.786733
0.62	0.787369
0.621	0.788004
0.622	0.788639
0.623	0.789274
0.624	0.789908
0.625	0.790541
0.626	0.791174
0.627	0.791807
0.628	0.792439
0.629	0.79307
0.63	0.793701
0.631	0.794332
0.632	0.794962
0.633	0.795591
0.634	0.79622
0.635	0.796849
0.636	0.797477
0.637	0.798104
0.638	0.798731
0.639	0.799358
0.64	0.799984
0.641	0.80061
0.642	0.801235
0.643	0.801859
0.644	0.802484
0.645	0.803107
0.646	0.80373
0.647	0.804353
0.648	0.804975
0.649	0.805597
0.65	0.806218
0.651	0.806839
0.652	0.807459
0.653	0.808079
0.654	0.808699
0.655	0.809317
0.656	0.809936
0.657	0.810554
0.658	0.811171
0.659	0.811788
0.66	0.812405
0.661	0.813021
0.662	0.813636
0.663	0.814251
0.664	0.814866
0.665	0.81548
0.666	0.816094
0.667	0.816707
0.668	0.81732
0.669	0.817932
0.67	0.818544
0.671	0.819155
0.672	0.819766
0.673	0.820377
0.674	0.820987
0.675	0.821596
0.676	0.822205
0.677	0.822814
0.678	0.823422
0.679	0.82403
0.68	0.824637
0.681	0.825244
0.682	0.82585
0.683	0.826456
0.684	0.827062
0.685	0.827667
0.686	0.828271
0.687	0.828875
0.688	0.829479
0.689	0.830082
0.69	0.830685
0.691	0.831287
0.692	0.831889
0.693	0.832491
0.694	0.833091
0.695	0.833692
0.696	0.834292
0.697	0.834892
0.698	0.835491
0.699	0.83609
0.7	0.836688
0.701	0.837286
0.702	0.837883
0.703	0.83848
0.704	0.839077
0.705	0.839673
0.706	0.840269
0.707	0.840864
0.708	0.841459
0.709	0.842053
0.71	0.842647
0.711	0.843241
0.712	0.843834
0.713	0.844427
0.714	0.845019
0.715	0.845611
0.716	0.846202
0.717	0.846793
0.718	0.847384
0.719	0.847974
0.72	0.848564
0.721	0.849153
0.722	0.849742
0.723	0.850331
0.724	0.850919
0.725	0.851506
0.726	0.852094
0.727	0.85268
0.728	0.853267
0.729	0.853853
0.73	0.854438
0.731	0.855023
0.732	0.855608
0.733	0.856192
0.734	0.856776
0.735	0.85736
0.736	0.857943
0.737	0.858526
0.738	0.859108
0.739	0.85969
0.74	0.860271
0.741	0.860852
0.742	0.861433
0.743	0.862013
0.744	0.862593
0.745	0.863172
0.746	0.863752
0.747	0.86433
0.748	0.864908
0.749	0.865486
0.75	0.866064
0.751	0.866641
0.752	0.867217
0.753	0.867794
0.754	0.86837
0.755	0.868945
0.756	0.86952
0.757	0.870095
0.758	0.870669
0.759	0.871243
0.76	0.871816
0.761	0.87239
0.762	0.872962
0.763	0.873535
0.764	0.874107
0.765	0.874678
0.766	0.875249
0.767	0.87582
0.768	0.876391
0.769	0.876961
0.77	0.87753
0.771	0.8781
0.772	0.878669
0.773	0.879237
0.774	0.879805
0.775	0.880373
0.776	0.88094
0.777	0.881507
0.778	0.882074
0.779	0.88264
0.78	0.883206
0.781	0.883772
0.782	0.884337
0.783	0.884902
0.784	0.885466
0.785	0.88603
0.786	0.886594
0.787	0.887157
0.788	0.88772
0.789	0.888283
0.79	0.888845
0.791	0.889407
0.792	0.889968
0.793	0.890529
0.794	0.89109
0.795	0.89165
0.796	0.89221
0.797	0.89277
0.798	0.893329
0.799	0.893888
0.8	0.894447
0.801	0.895005
0.802	0.895563
0.803	0.896121
0.804	0.896678
0.805	0.897235
0.806	0.897791
0.807	0.898347
0.808	0.898903
0.809	0.899458
0.81	0.900013
0.811	0.900568
0.812	0.901123
0.813	0.901677
0.814	0.90223
0.815	0.902784
0.816	0.903337
0.817	0.903889
0.818	0.904442
0.819	0.904994
0.82	0.905545
0.821	0.906096
0.822	0.906647
0.823	0.907198
0.824	0.907748
0.825	0.908298
0.826	0.908848
0.827	0.909397
0.828	0.909946
0.829	0.910495
0.83	0.911043
0.831	0.911591
0.832	0.912138
0.833	0.912686
0.834	0.913233
0.835	0.913779
0.836	0.914326
0.837	0.914871
0.838	0.915417
0.839	0.915962
0.84	0.916507
0.841	0.917052
0.842	0.917596
0.843	0.91814
0.844	0.918684
0.845	0.919227
0.846	0.919771
0.847	0.920313
0.848	0.920856
0.849	0.921398
0.85	0.92194
0.851	0.922481
0.852	0.923022
0.853	0.923563
0.854	0.924104
0.855	0.924644
0.856	0.925184
0.857	0.925723
0.858	0.926263
0.859	0.926801
0.86	0.92734
0.861	0.927879
0.862	0.928417
0.863	0.928954
0.864	0.929492
0.865	0.930029
0.866	0.930566
0.867	0.931102
0.868	0.931638
0.869	0.932174
0.87	0.93271
0.871	0.933245
0.872	0.93378
0.873	0.934315
0.874	0.93485
0.875	0.935384
0.876	0.935918
0.877	0.936451
0.878	0.936984
0.879	0.937517
0.88	0.93805
0.881	0.938582
0.882	0.939114
0.883	0.939646
0.884	0.940178
0.885	0.940709
0.886	0.94124
0.887	0.941771
0.888	0.942301
0.889	0.942831
0.89	0.943361
0.891	0.94389
0.892	0.94442
0.893	0.944949
0.894	0.945477
0.895	0.946006
0.896	0.946534
0.897	0.947062
0.898	0.947589
0.899	0.948116
0.9	0.948643
0.901	0.94917
0.902	0.949697
0.903	0.950223
0.904	0.950749
0.905	0.951274
0.906	0.9518
0.907	0.952325
0.908	0.95285
0.909	0.953374
0.91	0.953898
0.911	0.954422
0.912	0.954946
0.913	0.95547
0.914	0.955993
0.915	0.956516
0.916	0.957039
0.917	0.957561
0.918	0.958083
0.919	0.958605
0.92	0.959127
0.921	0.959648
0.922	0.960169
0.923	0.96069
0.924	0.961211
0.925	0.961731
0.926	0.962251
0.927	0.962771
0.928	0.963291
0.929	0.96381
0.93	0.964329
0.931	0.964848
0.932	0.965367
0.933	0.965885
0.934	0.966403
0.935	0.966921
0.936	0.967439
0.937	0.967956
0.938	0.968473
0.939	0.96899
0.94	0.969507
0.941	0.970023
0.942	0.970539
0.943	0.971055
0.944	0.971571
0.945	0.972086
0.946	0.972602
0.947	0.973117
0.948	0.973631
0.949	0.974146
0.95	0.97466
0.951	0.975174
0.952	0.975688
0.953	0.976201
0.954	0.976715
0.955	0.977228
0.956	0.977741
0.957	0.978253
0.958	0.978766
0.959	0.979278
0.96	0.97979
0.961	0.980302
0.962	0.980813
0.963	0.981324
0.964	0.981836
0.965	0.982346
0.966	0.982857
0.967	0.983367
0.968	0.983878
0.969	0.984387
0.97	0.984897
0.971	0.985407
0.972	0.985916
0.973	0.986425
0.974	0.986934
0.975	0.987443
0.976	0.987951
0.977	0.988459
0.978	0.988967
0.979	0.989475
0.98	0.989983
0.981	0.99049
0.982	0.990997
0.983	0.991504
0.984	0.992011
0.985	0.992518
0.986	0.993024
0.987	0.99353
0.988	0.994036
0.989	0.994542
0.99	0.995047
0.991	0.995553
0.992	0.996058
0.993	0.996563
0.994	0.997067
0.995	0.997572
0.996	0.998076
0.997	0.99858
0.998	0.999084
0.999	0.999588
0	0.0179477
0.001	0.0310212
0.002	0.0425631
0.003	0.0527923
0.004	0.0619001
0.005	0.0700533
0.006	0.0773965
0.007	0.084055
0.008	0.0901364
0.009	0.0957334
0.01	0.100925
0.011	0.105778
0.012	0.110349
0.013	0.114685
0.014	0.118826
0.015	0.122806
0.016	0.126649
0.017	0.13038
0.018	0.134013
0.019	0.137565
0.02	0.141045
0.021	0.144461
0.022	0.147821
0.023	0.151128
0.024	0.154385
0.025	0.157596
0.026	0.16076
0.027	0.163879
0.028	0.166953
0.029	0.169983
0.03	0.172967
0.031	0.175906
0.032	0.1788
0.033	0.181648
0.034	0.184452
0.035	0.187209
0.036	0.189923
0.037	0.192592
0.038	0.195217
0.039	0.1978
0.04	0.200341
0.041	0.202842
0.042	0.205303
0.043	0.207727
0.044	0.210115
0.045	0.212469
0.046	0.214789
0.047	0.217079
0.048	0.219339
0.049	0.221572
0.05	0.223778
0.051	0.22596
0.052	0.228119
0.053	0.230257
0.054	0.232375
0.055	0.234475
0.056	0.236557
0.057	0.238623
0.058	0.240674
0.059	0.242711
0.06	0.244735
0.061	0.246746
0.062	0.248745
0.063	0.250733
0.064	0.252709
0.065	0.254675
0.066	0.256631
0.067	0.258576
0.068	0.26051
0.069	0.262435
0.07	0.264349
0.071	0.266253
0.072	0.268147
0.073	0.27003
0.074	0.271902
0.075	0.273763
0.076	0.275612
0.077	0.27745
0.078	0.279277
0.079	0.281091
0.08	0.282894
0.081	0.284684
0.082	0.286461
0.083	0.288226
0.084	0.289978
0.085	0.291718
0.086	0.293444
0.087	0.295158
0.088	0.296859
0.089	0.298548
0.09	0.300223
0.091	0.301887
0.092	0.303538
0.093	0.305177
0.094	0.306805
0.095	0.308421
0.096	0.310026
0.097	0.311621
0.098	0.313205
0.099	0.314779
0.1	0.316343
0.101	0.317899
0.102	0.319445
0.103	0.320983
0.104	0.322514
0.105	0.324037
0.106	0.325553
0.107	0.327062
0.108	0.328565
0.109	0.330062
0.11	0.331553
0.111	0.333039
0.112	0.334521
0.113	0.335997
0.114	0.337469
0.115	0.338937
0.116	0.340401
0.117	0.341861
0.118	0.343317
0.119	0.34477
0.12	0.346219
0.121	0.347664
0.122	0.349106
0.123	0.350543
0.124	0.351978
0.125	0.353408
0.126	0.354835
0.127	0.356257
0.128	0.357675
0.129	0.359089
0.13	0.360498
0.131	0.361903
0.132	0.363302
0.133	0.364697
0.134	0.366086
0.135	0.367469
0.136	0.368847
0.137	0.370219
0.138	0.371585
0.139	0.372944
0.14	0.374297
0.141	0.375644
0.142	0.376984
0.143	0.378317
0.144	0.379643
0.145	0.380963
0.146	0.382276
0.147	0.383582
0.148	0.384881
0.149	0.386174
0.15	0.38746
0.151	0.38874
0.152	0.390013
0.153	0.391281
0.154	0.392542
0.155	0.393798
0.156	0.395049
0.157	0.396294
0.158	0.397535
0.159	0.398771
0.16	0.400003
0.161	0.401231
0.162	0.402455
0.163	0.403677
0.164	0.404895
0.165	0.40611
0.166	0.407323
0.167	0.408534
0.168	0.409742
0.169	0.410949
0.17	0.412155
0.171	0.413359
0.172	0.414563
0.173	0.415765
0.174	0.416966
0.175	0.418166
0.176	0.419365
0.177	0.420563
0.178	0.42176
0.179	0.422956
0.18	0.424151
0.181	0.425344
0.182	0.426536
0.183	0.427726
0.184	0.428913
0.185	0.430098
0.186	0.431281
0.187	0.43246
0.188	0.433636
0.189	0.434808
0.19	0.435976
0.191	0.43714
0.192	0.438299
0.193	0.439453
0.194	0.440602
0.195	0.441745
0.196	0.442882
0.197	0.444014
0.198	0.44514
0.199	0.446259
0.2	0.447373
0.201	0.44848
0.202	0.449582
0.203	0.450678
0.204	0.451768
0.205	0.452854
0.206	0.453934
0.207	0.455011
0.208	0.456083
0.209	0.457152
0.21	0.458219
0.211	0.459283
0.212	0.460346
0.213	0.461408
0.214	0.46247
0.215	0.463533
0.216	0.464596
0.217	0.465661
0.218	0.466729
0.219	0.467798
0.22	0.468871
0.221	0.469946
0.222	0.471024
0.223	0.472105
0.224	0.473188
0.225	0.474272
0.226	0.475358
0.227	0.476444
0.228	0.477529
0.229	0.478612
0.23	0.47969
0.231	0.480764
0.232	0.48183
0.233	0.482887
0.234	0.483933
0.235	0.484968
0.236	0.485989
0.237	0.486995
0.238	0.487986
0.239	0.488964
0.24	0.489928
0.241	0.490882
0.242	0.491831
0.243	0.49278
0.244	0.493738
0.245	0.494718
0.246	0.495735
0.247	0.496807
0.248	0.49796
0.249	0.499223
0.25	0.500085
0.251	0.501077
0.252	0.502067
0.253	0.503055
0.254	0.504042
0.255	0.505027
0.256	0.50601
0.257	0.506992
0.258	0.507972
0.259	0.508951
0.26	0.509927
0.261	0.510902
0.262	0.511876
0.263	0.512848
0.264	0.513818
0.265	0.514786
0.266	0.515753
0.267	0.516719
0.268	0.517682
0.269	0.518644
0.27	0.519605
0.271	0.520564
0.272	0.521521
0.273	0.522476
0.274	0.52343
0.275	0.524383
0.276	0.525334
0.277	0.526283
0.278	0.527231
0.279	0.528177
0.28	0.529121
0.281	0.530064
0.282	0.531006
0.283	0.531946
0.284	0.532884
0.285	0.533821
0.286	0.534756
0.287	0.53569
0.288	0.536622
0.289	0.537553
0.29	0.538482
0.291	0.53941
0.292	0.540336
0.293	0.541261
0.294	0.542184
0.295	0.543105
0.296	0.544026
0.297	0.544944
0.298	0.545861
0.299	0.546777
0.3	0.547691
0.301	0.548604
0.302	0.549516
0.303	0.550425
0.304	0.551334
0.305	0.552241
0.306	0.553146
0.307	0.55405
0.308	0.554953
0.309	0.555854
0.31	0.556754
0.311	0.557652
0.312	0.558549
0.313	0.559445
0.314	0.560339
0.315	0.561232
0.316	0.562123
0.317	0.563013
0.318	0.563901
0.319	0.564788
0.32	0.565674
0.321	0.566559
0.322	0.567442
0.323	0.568323
0.324	0.569204
0.325	0.570082
0.326	0.57096
0.327	0.571836
0.328	0.572711
0.329	0.573585
0.33	0.574457
0.331	0.575328
0.332	0.576197
0.333	0.577066
0.334	0.577932
0.335	0.578798
0.336	0.579662
0.337	0.580525
0.338	0.581387
0.339	0.582247
0.34	0.583107
0.341	0.583964
0.342	0.584821
0.343	0.585676
0.344	0.58653
0.345	0.587383
0.346	0.588234
0.347	0.589085
0.348	0.589934
0.349	0.590781
0.35	0.591628
0.351	0.592473
0.352	0.593317
0.353	0.59416
0.354	0.595001
0.355	0.595842
0.356	0.596681
0.357	0.597519
0.358	0.598355
0.359	0.599191
0.36	0.600025
0.361	0.600858
0.362	0.60169
0.363	0.602521
0.364	0.603351
0.365	0.604179
0.366	0.605006
0.367	0.605832
0.368	0.606657
0.369	0.607481
0.37	0.608304
0.371	0.609125
0.372	0.609945
0.373	0.610765
0.374	0.611583
0.375	0.6124
0.376	0.613215
0.377	0.61403
0.378	0.614844
0.379	0.615656
0.38	0.616467
0.381	0.617278
0.382	0.618087
0.383	0.618895
0.384	0.619702
0.385	0.620508
0.386	0.621312
0.387	0.622116
0.388	0.622919
0.389	0.623721
0.39	0.624521
0.391	0.625321
0.392	0.626119
0.393	0.626916
0.394	0.627713
0.395	0.628508
0.396	0.629302
0.397	0.630096
0.398	0.630888
0.399	0.631679
0.4	0.632469
0.401	0.633259
0.402	0.634047
0.403	0.634834
0.404	0.63562
0.405	0.636406
0.406	0.63719
0.407	0.637973
0.408	0.638755
0.409	0.639537
0.41	0.640317
0.411	0.641097
0.412	0.641875
0.413	0.642652
0.414	0.643429
0.415	0.644205
0.416	0.644979
0.417	0.645753
0.418	0.646526
0.419	0.647298
0.42	0.648069
0.421	0.648839
0.422	0.649608
0.423	0.650376
0.424	0.651143
0.425	0.65191
0.426	0.652675
0.427	0.65344
0.428	0.654204
0.429	0.654967
0.43	0.655729
0.431	0.65649
0.432	0.65725
0.433	0.658009
0.434	0.658768
0.435	0.659526
0.436	0.660282
0.437	0.661038
0.438	0.661794
0.439	0.662548
0.44	0.663302
0.441	0.664054
0.442	0.664806
0.443	0.665557
0.444	0.666307
0.445	0.667057
0.446	0.667805
0.447	0.668553
0.448	0.6693
0.449	0.670047
0.45	0.670792
0.451	0.671537
0.452	0.672281
0.453	0.673024
0.454	0.673766
0.455	0.674508
0.456	0.675249
0.457	0.675989
0.458	0.676728
0.459	0.677467
0.46	0.678205
0.461	0.678942
0.462	0.679679
0.463	0.680414
0.464	0.681149
0.465	0.681884
0.466	0.682617
0.467	0.68335
0.468	0.684083
0.469	0.684814
0.47	0.685545
0.471	0.686275
0.472	0.687004
0.473	0.687733
0.474	0.688461
0.475	0.689189
0.476	0.689916
0.477	0.690642
0.478	0.691367
0.479	0.692092
0.48	0.692816
0.481	0.69354
0.482	0.694263
0.483	0.694985
0.484	0.695706
0.485	0.696428
0.486	0.697148
0.487	0.697868
0.488	0.698587
0.489	0.699305
0.49	0.700023
0.491	0.700741
0.492	0.701458
0.493	0.702174
0.494	0.70289
0.495	0.703605
0.496	0.704319
0.497	0.705033
0.498	0.705746
0.499	0.706459
