# Interpolation data for function: sqrt(x)
0	0.0627885
0.001	0.0667204
0.002	0.0706132
0.003	0.0744674
0.004	0.0782834
0.005	0.0820615
0.006	0.0858023
0.007	0.0895062
0.008	0.0931735
0.009	0.0968046
0.01	0.1004
0.011	0.10396
0.012	0.107485
0.013	0.110976
0.014	0.114432
0.015	0.117855
0.016	0.121244
0.017	0.1246
0.018	0.127924
0.019	0.131215
0.02	0.134475
0.021	0.137702
0.022	0.140899
0.023	0.144065
0.024	0.147201
0.025	0.150306
0.026	0.153382
0.027	0.156428
0.028	0.159445
0.029	0.162433
0.03	0.165394
0.031	0.168326
0.032	0.17123
0.033	0.174107
0.034	0.176957
0.035	0.17978
0.036	0.182577
0.037	0.185347
0.038	0.188092
0.039	0.190811
0.04	0.193505
0.041	0.196175
0.042	0.198819
0.043	0.20144
0.044	0.204036
0.045	0.206609
0.046	0.209159
0.047	0.211685
0.048	0.214188
0.049	0.216669
0.05	0.219128
0.051	0.221565
0.052	0.223979
0.053	0.226373
0.054	0.228745
0.055	0.231097
0.056	0.233428
0.057	0.235738
0.058	0.238028
0.059	0.240299
0.06	0.242549
0.061	0.244781
0.062	0.246993
0.063	0.249187
0.064	0.251361
0.065	0.253518
0.066	0.255656
0.067	0.257776
0.068	0.259879
0.069	0.261964
0.07	0.264032
0.071	0.266083
0.072	0.268117
0.073	0.270135
0.074	0.272136
0.075	0.274121
0.076	0.27609
0.077	0.278044
0.078	0.279982
0.079	0.281904
0.08	0.283812
0.081	0.285705
0.082	0.287583
0.083	0.289446
0.084	0.291296
0.085	0.293131
0.086	0.294952
0.087	0.29676
0.088	0.298554
0.089	0.300335
0.09	0.302102
0.091	0.303857
0.092	0.305599
0.093	0.307328
0.094	0.309045
0.095	0.31075
0.096	0.312442
0.097	0.314123
0.098	0.315792
0.099	0.317449
0.1	0.319095
0.101	0.320729
0.102	0.322353
0.103	0.323965
0.104	0.325567
0.105	0.327158
0.106	0.328739
0.107	0.330309
0.108	0.331869
0.109	0.333419
0.11	0.33496
0.111	0.33649
0.112	0.338011
0.113	0.339523
0.114	0.341025
0.115	0.342518
0.116	0.344002
0.117	0.345477
0.118	0.346943
0.119	0.348401
0.12	0.34985
0.121	0.351291
0.122	0.352723
0.123	0.354148
0.124	0.355564
0.125	0.356972
0.126	0.358373
0.127	0.359766
0.128	0.361152
0.129	0.36253
0.13	0.3639
0.131	0.365264
0.132	0.36662
0.133	0.36797
0.134	0.369313
0.135	0.370648
0.136	0.371978
0.137	0.3733
0.138	0.374617
0.139	0.375926
0.14	0.37723
0.141	0.378528
0.142	0.379819
0.143	0.381105
0.144	0.382384
0.145	0.383658
0.146	0.384926
0.147	0.386189
0.148	0.387446
0.149	0.388697
0.15	0.389944
0.151	0.391185
0.152	0.392421
0.153	0.393652
0.154	0.394878
0.155	0.396099
0.156	0.397315
0.157	0.398526
0.158	0.399733
0.159	0.400935
0.16	0.402133
0.161	0.403326
0.162	0.404515
0.163	0.405699
0.164	0.406879
0.165	0.408055
0.166	0.409227
0.167	0.410395
0.168	0.411559
0.169	0.412719
0.17	0.413876
0.171	0.415028
0.172	0.416177
0.173	0.417322
0.174	0.418464
0.175	0.419602
0.176	0.420736
0.177	0.421867
0.178	0.422995
0.179	0.42412
0.18	0.425241
0.181	0.426359
0.182	0.427474
0.183	0.428585
0.184	0.429694
0.185	0.4308
0.186	0.431903
0.187	0.433003
0.188	0.4341
0.189	0.435194
0.19	0.436286
0.191	0.437375
0.192	0.438461
0.193	0.439545
0.194	0.440626
0.195	0.441704
0.196	0.44278
0.197	0.443854
0.198	0.444925
0.199	0.445993
0.2	0.44706
0.201	0.448124
0.202	0.449186
0.203	0.450245
0.204	0.451303
0.205	0.452358
0.206	0.453411
0.207	0.454462
0.208	0.455511
0.209	0.456558
0.21	0.457604
0.211	0.458647
0.212	0.459688
0.213	0.460727
0.214	0.461764
0.215	0.4628
0.216	0.463833
0.217	0.464865
0.218	0.465895
0.219	0.466924
0.22	0.46795
0.221	0.468975
0.222	0.469999
0.223	0.47102
0.224	0.47204
0.225	0.473059
0.226	0.474076
0.227	0.475091
0.228	0.476105
0.229	0.477117
0.23	0.478128
0.231	0.479137
0.232	0.480145
0.233	0.481151
0.234	0.482156
0.235	0.483159
0.236	0.484162
0.237	0.485162
0.238	0.486162
0.239	0.48716
0.24	0.488157
0.241	0.489152
0.242	0.490146
0.243	0.491139
0.244	0.492131
0.245	0.493121
0.246	0.49411
0.247	0.495098
0.248	0.496084
0.249	0.49707
0.25	0.498054
0.251	0.499037
0.252	0.500019
0.253	0.500999
0.254	0.501979
0.255	0.502957
0.256	0.503934
0.257	0.504911
0.258	0.505885
0.259	0.506859
0.26	0.507832
0.261	0.508804
0.262	0.509774
0.263	0.510743
0.264	0.511712
0.265	0.512679
0.266	0.513645
0.267	0.51461
0.268	0.515574
0.269	0.516537
0.27	0.517499
0.271	0.51846
0.272	0.51942
0.273	0.520379
0.274	0.521337
0.275	0.522293
0.276	0.523249
0.277	0.524204
0.278	0.525157
0.279	0.52611
0.28	0.527061
0.281	0.528012
0.282	0.528962
0.283	0.52991
0.284	0.530858
0.285	0.531804
0.286	0.53275
0.287	0.533694
0.288	0.534638
0.289	0.53558
0.29	0.536521
0.291	0.537462
0.292	0.538401
0.293	0.53934
0.294	0.540277
0.295	0.541213
0.296	0.542149
0.297	0.543083
0.298	0.544016
0.299	0.544949
0.3	0.54588
0.301	0.54681
0.302	0.54774
0.303	0.548668
0.304	0.549595
0.305	0.550521
0.306	0.551446
0.307	0.552371
0.308	0.553294
0.309	0.554216
0.31	0.555137
0.311	0.556057
0.312	0.556976
0.313	0.557894
0.314	0.55881
0.315	0.559726
0.316	0.560641
0.317	0.561555
0.318	0.562467
0.319	0.563379
0.32	0.564289
0.321	0.565199
0.322	0.566107
0.323	0.567015
0.324	0.567921
0.325	0.568826
0.326	0.56973
0.327	0.570633
0.328	0.571535
0.329	0.572436
0.33	0.573335
0.331	0.574234
0.332	0.575131
0.333	0.576028
0.334	0.576923
0.335	0.577817
0.336	0.57871
0.337	0.579602
0.338	0.580493
0.339	0.581382
0.34	0.582271
0.341	0.583158
0.342	0.584044
0.343	0.584929
0.344	0.585813
0.345	0.586696
0.346	0.587578
0.347	0.588458
0.348	0.589337
0.349	0.590215
0.35	0.591092
0.351	0.591968
0.352	0.592842
0.353	0.593716
0.354	0.594588
0.355	0.595459
0.356	0.596329
0.357	0.597197
0.358	0.598065
0.359	0.598931
0.36	0.599796
0.361	0.600659
0.362	0.601522
0.363	0.602383
0.364	0.603243
0.365	0.604102
0.366	0.60496
0.367	0.605816
0.368	0.606671
0.369	0.607525
0.37	0.608378
0.371	0.609229
0.372	0.610079
0.373	0.610928
0.374	0.611776
0.375	0.612622
0.376	0.613467
0.377	0.614311
0.378	0.615153
0.379	0.615995
0.38	0.616835
0.381	0.617674
0.382	0.618511
0.383	0.619347
0.384	0.620182
0.385	0.621016
0.386	0.621848
0.387	0.622679
0.388	0.623509
0.389	0.624337
0.39	0.625164
0.391	0.62599
0.392	0.626815
0.393	0.627638
0.394	0.62846
0.395	0.629281
0.396	0.6301
0.397	0.630918
0.398	0.631735
0.399	0.63255
0.4	0.633364
0.401	0.634177
0.402	0.634989
0.403	0.635799
0.404	0.636608
0.405	0.637415
0.406	0.638221
0.407	0.639026
0.408	0.63983
0.409	0.640632
0.41	0.641433
0.411	0.642233
0.412	0.643031
0.413	0.643828
0.414	0.644624
0.415	0.645418
0.416	0.646211
0.417	0.647003
0.418	0.647793
0.419	0.648582
0.42	0.64937
0.421	0.650157
0.422	0.650942
0.423	0.651726
0.424	0.652508
0.425	0.653289
0.426	0.654069
0.427	0.654848
0.428	0.655625
0.429	0.656401
0.43	0.657176
0.431	0.657949
0.432	0.658721
0.433	0.659492
0.434	0.660261
0.435	0.661029
0.436	0.661796
0.437	0.662562
0.438	0.663326
0.439	0.664089
0.44	0.664851
0.441	0.665611
0.442	0.66637
0.443	0.667128
0.444	0.667885
0.445	0.66864
0.446	0.669394
0.447	0.670147
0.448	0.670898
0.449	0.671648
0.45	0.672397
0.451	0.673145
0.452	0.673892
0.453	0.674637
0.454	0.675381
0.455	0.676123
0.456	0.676865
0.457	0.677605
0.458	0.678344
0.459	0.679082
0.46	0.679818
0.461	0.680554
0.462	0.681288
0.463	0.682021
0.464	0.682752
0.465	0.683483
0.466	0.684212
0.467	0.68494
0.468	0.685667
0.469	0.686393
0.47	0.687118
0.471	0.687841
0.472	0.688563
0.473	0.689284
0.474	0.690004
0.475	0.690723
0.476	0.69144
0.477	0.692157
0.478	0.692872
0.479	0.693586
0.48	0.694299
0.481	0.695011
0.482	0.695722
0.483	0.696432
0.484	0.69714
0.485	0.697848
0.486	0.698554
0.487	0.699259
0.488	0.699964
0.489	0.700667
0.49	0.701369
0.491	0.70207
0.492	0.70277
0.493	0.703469
0.494	0.704166
0.495	0.704863
0.496	0.705559
0.497	0.706254
0.498	0.706947
0.499	0.70764
0.5	0.708332
0.501	0.709023
0.502	0.709712
0.503	0.710401
0.504	0.711089
0.505	0.711776
0.506	0.712461
0.507	0.713146
0.508	0.71383
0.509	0.714513
0.51	0.715195
0.511	0.715876
0.512	0.716556
0.513	0.717236
0.514	0.717914
0.515	0.718591
0.516	0.719268
0.517	0.719943
0.518	0.720618
0.519	0.721292
0.52	0.721965
0.521	0.722637
0.522	0.723309
0.523	0.723979
0.524	0.724649
0.525	0.725318
0.526	0.725986
0.527	0.726653
0.528	0.727319
0.529	0.727985
0.53	0.72865
0.531	0.729314
0.532	0.729977
0.533	0.730639
0.534	0.731301
0.535	0.731962
0.536	0.732622
0.537	0.733282
0.538	0.733941
0.539	0.734599
0.54	0.735256
0.541	0.735913
0.542	0.736568
0.543	0.737224
0.544	0.737878
0.545	0.738532
0.546	0.739185
0.547	0.739838
0.548	0.74049
0.549	0.741141
0.55	0.741792
0.551	0.742442
0.552	0.743091
0.553	0.74374
0.554	0.744388
0.555	0.745036
0.556	0.745683
0.557	0.746329
0.558	0.746975
0.559	0.74762
0.56	0.748265
0.561	0.748909
0.562	0.749553
0.563	0.750196
0.564	0.750838
0.565	0.75148
0.566	0.752122
0.567	0.752763
0.568	0.753403
0.569	0.754043
0.57	0.754683
0.571	0.755322
0.572	0.755961
0.573	0.756599
0.574	0.757236
0.575	0.757874
0.576	0.75851
0.577	0.759147
0.578	0.759783
0.579	0.760418
0.58	0.761053
0.581	0.761688
0.582	0.762322
0.583	0.762956
0.584	0.76359
0.585	0.764223
0.586	0.764856
0.587	0.765488
0.588	0.76612
0.589	0.766752
0.59	0.767383
0.591	0.768014
0.592	0.768645
0.593	0.769276
0.594	0.769906
0.595	0.770535
0.596	0.771165
0.597	0.771794
0.598	0.772423
0.599	0.773051
0.6	0.77368
0.601	0.774308
0.602	0.774935
0.603	0.775563
0.604	0.77619
0.605	0.776817
0.606	0.777444
0.607	0.77807
0.608	0.778697
0.609	0.779323
0.61	0.779948
0.611	0.780574
0.612	0.781199
0.613	0.781825
0.614	0.782449
0.615	0.783074
0.616	0.783699
0.617	0.784323
0.618	0.784947
0.619	0.785571
0.62	0.786195
0.621	0.786819
0.622	0.787442
0.623	0.788066
0.624	0.788689
0.625	0.789312
0.626	0.789935
0.627	0.790557
0.628	0.79118
0.629	0.791802
0.63	0.792425
0.631	0.793047
0.632	0.793669
0.633	0.794291
0.634	0.794912
0.635	0.795534
0.636	0.796156
0.637	0.796777
0.638	0.797398
0.639	0.79802
0.64	0.798641
0.641	0.799262
0.642	0.799883
0.643	0.800503
0.644	0.801124
0.645	0.801745
0.646	0.802365
0.647	0.802986
0.648	0.803606
0.649	0.804226
0.65	0.804846
0.651	0.805467
0.652	0.806087
0.653	0.806706
0.654	0.807326
0.655	0.807946
0.656	0.808566
0.657	0.809186
0.658	0.809805
0.659	0.810425
0.66	0.811044
0.661	0.811663
0.662	0.812283
0.663	0.812902
0.664	0.813521
0.665	0.81414
0.666	0.814759
0.667	0.815378
0.668	0.815997
0.669	0.816616
0.67	0.817234
0.671	0.817853
0.672	0.818472
0.673	0.81909
0.674	0.819708
0.675	0.820327
0.676	0.820945
0.677	0.821563
0.678	0.822181
0.679	0.822799
0.68	0.823417
0.681	0.824035
0.682	0.824653
0.683	0.825271
0.684	0.825888
0.685	0.826506
0.686	0.827123
0.687	0.827741
0.688	0.828358
0.689	0.828975
0.69	0.829592
0.691	0.830209
0.692	0.830826
0.693	0.831443
0.694	0.832059
0.695	0.832676
0.696	0.833292
0.697	0.833908
0.698	0.834525
0.699	0.83514
0.7	0.835756
0.701	0.836372
0.702	0.836988
0.703	0.837603
0.704	0.838218
0.705	0.838834
0.706	0.839449
0.707	0.840063
0.708	0.840678
0.709	0.841292
0.71	0.841907
0.711	0.842521
0.712	0.843135
0.713	0.843749
0.714	0.844362
0.715	0.844976
0.716	0.845589
0.717	0.846202
0.718	0.846814
0.719	0.847427
0.72	0.848039
0.721	0.848651
0.722	0.849263
0.723	0.849875
0.724	0.850486
0.725	0.851097
0.726	0.851708
0.727	0.852318
0.728	0.852929
0.729	0.853539
0.73	0.854148
0.731	0.854758
0.732	0.855367
0.733	0.855976
0.734	0.856584
0.735	0.857192
0.736	0.8578
0.737	0.858408
0.738	0.859015
0.739	0.859622
0.74	0.860228
0.741	0.860834
0.742	0.86144
0.743	0.862045
0.744	0.86265
0.745	0.863255
0.746	0.863859
0.747	0.864463
0.748	0.865066
0.749	0.865669
0.75	0.866272
0.751	0.866874
0.752	0.867475
0.753	0.868077
0.754	0.868677
0.755	0.869278
0.756	0.869877
0.757	0.870477
0.758	0.871076
0.759	0.871674
0.76	0.872272
0.761	0.872869
0.762	0.873466
0.763	0.874062
0.764	0.874658
0.765	0.875253
0.766	0.875848
0.767	0.876442
0.768	0.877035
0.769	0.877628
0.77	0.87822
0.771	0.878812
0.772	0.879403
0.773	0.879994
0.774	0.880583
0.775	0.881173
0.776	0.881761
0.777	0.882349
0.778	0.882937
0.779	0.883523
0.78	0.884109
0.781	0.884695
0.782	0.885279
0.783	0.885863
0.784	0.886446
0.785	0.887029
0.786	0.887611
0.787	0.888192
0.788	0.888772
0.789	0.889352
0.79	0.889931
0.791	0.890509
0.792	0.891086
0.793	0.891663
0.794	0.892239
0.795	0.892814
0.796	0.893388
0.797	0.893961
0.798	0.894534
0.799	0.895106
0.8	0.895677
0.801	0.896247
0.802	0.896816
0.803	0.897385
0.804	0.897953
0.805	0.898519
0.806	0.899085
0.807	0.89965
0.808	0.900215
0.809	0.900778
0.81	0.90134
0.811	0.901902
0.812	0.902463
0.813	0.903022
0.814	0.903581
0.815	0.904139
0.816	0.904696
0.817	0.905252
0.818	0.905808
0.819	0.906362
0.82	0.906915
0.821	0.907468
0.822	0.908019
0.823	0.90857
0.824	0.909119
0.825	0.909668
0.826	0.910215
0.827	0.910762
0.828	0.911308
0.829	0.911852
0.83	0.912396
0.831	0.912939
0.832	0.913481
0.833	0.914022
0.834	0.914562
0.835	0.9151
0.836	0.915638
0.837	0.916175
0.838	0.916711
0.839	0.917246
0.84	0.91778
0.841	0.918313
0.842	0.918845
0.843	0.919376
0.844	0.919906
0.845	0.920436
0.846	0.920964
0.847	0.921491
0.848	0.922017
0.849	0.922542
0.85	0.923066
0.851	0.92359
0.852	0.924112
0.853	0.924633
0.854	0.925154
0.855	0.925673
0.856	0.926192
0.857	0.926709
0.858	0.927226
0.859	0.927742
0.86	0.928256
0.861	0.92877
0.862	0.929283
0.863	0.929795
0.864	0.930306
0.865	0.930817
0.866	0.931326
0.867	0.931835
0.868	0.932342
0.869	0.932849
0.87	0.933355
0.871	0.93386
0.872	0.934365
0.873	0.934868
0.874	0.935371
0.875	0.935873
0.876	0.936374
0.877	0.936875
0.878	0.937374
0.879	0.937873
0.88	0.938372
0.881	0.938869
0.882	0.939366
0.883	0.939862
0.884	0.940358
0.885	0.940853
0.886	0.941347
0.887	0.941841
0.888	0.942334
0.889	0.942827
0.89	0.943319
0.891	0.943811
0.892	0.944302
0.893	0.944793
0.894	0.945283
0.895	0.945773
0.896	0.946262
0.897	0.946751
0.898	0.94724
0.899	0.947728
0.9	0.948216
0.901	0.948704
0.902	0.949192
0.903	0.949679
0.904	0.950166
0.905	0.950653
0.906	0.95114
0.907	0.951627
0.908	0.952114
0.909	0.952601
0.91	0.953088
0.911	0.953575
0.912	0.954062
0.913	0.954549
0.914	0.955036
0.915	0.955523
0.916	0.956011
0.917	0.956499
0.918	0.956987
0.919	0.957476
0.92	0.957965
0.921	0.958454
0.922	0.958944
0.923	0.959435
0.924	0.959926
0.925	0.960418
0.926	0.96091
0.927	0.961403
0.928	0.961897
0.929	0.962391
0.93	0.962887
0.931	0.963383
0.932	0.96388
0.933	0.964379
0.934	0.964878
0.935	0.965379
0.936	0.965881
0.937	0.966384
0.938	0.966888
0.939	0.967394
0.94	0.967901
0.941	0.968409
0.942	0.968919
0.943	0.969431
0.944	0.969945
0.945	0.97046
0.946	0.970977
0.947	0.971495
0.948	0.972016
0.949	0.972539
0.95	0.973064
0.951	0.973591
0.952	0.97412
0.953	0.974652
0.954	0.975186
0.955	0.975722
0.956	0.976261
0.957	0.976803
0.958	0.977347
0.959	0.977894
0.96	0.978444
0.961	0.978997
0.962	0.979553
0.963	0.980112
0.964	0.980674
0.965	0.981239
0.966	0.981808
0.967	0.982381
0.968	0.982957
0.969	0.983537
0.97	0.98412
0.971	0.984707
0.972	0.985299
0.973	0.985894
0.974	0.986493
0.975	0.987097
0.976	0.987705
0.977	0.988318
0.978	0.988935
0.979	0.989557
0.98	0.990184
0.981	0.990816
0.982	0.991453
0.983	0.992095
0.984	0.992742
0.985	0.993394
0.986	0.994052
0.987	0.994716
0.988	0.995386
0.989	0.996061
0.99	0.996742
0.991	0.99743
0.992	0.998124
0.993	0.998824
0.994	0.999531
0.995	1.00024
0.996	1.00096
0.997	1.00169
0.998	1.00243
0.999	1.00317
