# Interpolation data for function: sqrt(x)
0	0.0386349
0.001	0.0450084
0.002	0.05121
0.003	0.0572453
0.004	0.0631195
0.005	0.0688378
0.006	0.0744051
0.007	0.0798264
0.008	0.0851064
0.009	0.0902496
0.01	0.0952606
0.011	0.100144
0.012	0.104903
0.013	0.109543
0.014	0.114067
0.015	0.11848
0.016	0.122785
0.017	0.126985
0.018	0.131085
0.019	0.135087
0.02	0.138996
0.021	0.142814
0.022	0.146544
0.023	0.150189
0.024	0.153753
0.025	0.157239
0.026	0.160648
0.027	0.163984
0.028	0.16725
0.029	0.170447
0.03	0.173579
0.031	0.176648
0.032	0.179655
0.033	0.182604
0.034	0.185496
0.035	0.188334
0.036	0.191119
0.037	0.193853
0.038	0.196539
0.039	0.199178
0.04	0.201772
0.041	0.204322
0.042	0.206831
0.043	0.209299
0.044	0.211729
0.045	0.214121
0.046	0.216478
0.047	0.2188
0.048	0.22109
0.049	0.223347
0.05	0.225574
0.051	0.227772
0.052	0.229941
0.053	0.232083
0.054	0.2342
0.055	0.236291
0.056	0.238358
0.057	0.240402
0.058	0.242424
0.059	0.244424
0.06	0.246404
0.061	0.248364
0.062	0.250306
0.063	0.252229
0.064	0.254134
0.065	0.256023
0.066	0.257896
0.067	0.259753
0.068	0.261596
0.069	0.263424
0.07	0.265238
0.071	0.267039
0.072	0.268827
0.073	0.270603
0.074	0.272367
0.075	0.27412
0.076	0.275862
0.077	0.277593
0.078	0.279314
0.079	0.281025
0.08	0.282727
0.081	0.28442
0.082	0.286103
0.083	0.287778
0.084	0.289445
0.085	0.291104
0.086	0.292755
0.087	0.294398
0.088	0.296035
0.089	0.297664
0.09	0.299286
0.091	0.300901
0.092	0.30251
0.093	0.304113
0.094	0.305709
0.095	0.307299
0.096	0.308884
0.097	0.310462
0.098	0.312035
0.099	0.313602
0.1	0.315164
0.101	0.31672
0.102	0.318271
0.103	0.319817
0.104	0.321358
0.105	0.322894
0.106	0.324424
0.107	0.32595
0.108	0.327471
0.109	0.328987
0.11	0.330499
0.111	0.332005
0.112	0.333507
0.113	0.335004
0.114	0.336497
0.115	0.337985
0.116	0.339468
0.117	0.340947
0.118	0.342421
0.119	0.343891
0.12	0.345356
0.121	0.346816
0.122	0.348273
0.123	0.349724
0.124	0.351171
0.125	0.352614
0.126	0.354052
0.127	0.355486
0.128	0.356915
0.129	0.358339
0.13	0.359759
0.131	0.361175
0.132	0.362586
0.133	0.363993
0.134	0.365395
0.135	0.366792
0.136	0.368185
0.137	0.369574
0.138	0.370958
0.139	0.372337
0.14	0.373712
0.141	0.375082
0.142	0.376448
0.143	0.377809
0.144	0.379165
0.145	0.380517
0.146	0.381865
0.147	0.383208
0.148	0.384546
0.149	0.385879
0.15	0.387208
0.151	0.388533
0.152	0.389853
0.153	0.391168
0.154	0.392478
0.155	0.393784
0.156	0.395086
0.157	0.396383
0.158	0.397675
0.159	0.398963
0.16	0.400246
0.161	0.401524
0.162	0.402798
0.163	0.404068
0.164	0.405333
0.165	0.406593
0.166	0.407849
0.167	0.4091
0.168	0.410347
0.169	0.41159
0.17	0.412827
0.171	0.414061
0.172	0.41529
0.173	0.416515
0.174	0.417735
0.175	0.418951
0.176	0.420162
0.177	0.421369
0.178	0.422572
0.179	0.423771
0.18	0.424965
0.181	0.426155
0.182	0.427341
0.183	0.428523
0.184	0.429701
0.185	0.430874
0.186	0.432043
0.187	0.433208
0.188	0.43437
0.189	0.435527
0.19	0.43668
0.191	0.437829
0.192	0.438974
0.193	0.440116
0.194	0.441253
0.195	0.442387
0.196	0.443517
0.197	0.444643
0.198	0.445766
0.199	0.446884
0.2	0.448
0.201	0.449111
0.202	0.450219
0.203	0.451323
0.204	0.452424
0.205	0.453522
0.206	0.454616
0.207	0.455706
0.208	0.456794
0.209	0.457877
0.21	0.458958
0.211	0.460036
0.212	0.46111
0.213	0.462181
0.214	0.463249
0.215	0.464314
0.216	0.465375
0.217	0.466434
0.218	0.46749
0.219	0.468543
0.22	0.469593
0.221	0.47064
0.222	0.471684
0.223	0.472726
0.224	0.473765
0.225	0.474801
0.226	0.475834
0.227	0.476865
0.228	0.477894
0.229	0.478919
0.23	0.479943
0.231	0.480963
0.232	0.481982
0.233	0.482998
0.234	0.484011
0.235	0.485022
0.236	0.486031
0.237	0.487038
0.238	0.488042
0.239	0.489045
0.24	0.490045
0.241	0.491043
0.242	0.492039
0.243	0.493033
0.244	0.494024
0.245	0.495014
0.246	0.496002
0.247	0.496988
0.248	0.497972
0.249	0.498955
0.25	0.499935
0.251	0.500913
0.252	0.50189
0.253	0.502865
0.254	0.503839
0.255	0.50481
0.256	0.50578
0.257	0.506749
0.258	0.507715
0.259	0.50868
0.26	0.509644
0.261	0.510606
0.262	0.511566
0.263	0.512525
0.264	0.513483
0.265	0.514439
0.266	0.515393
0.267	0.516347
0.268	0.517299
0.269	0.518249
0.27	0.519198
0.271	0.520146
0.272	0.521092
0.273	0.522037
0.274	0.522981
0.275	0.523924
0.276	0.524865
0.277	0.525805
0.278	0.526744
0.279	0.527682
0.28	0.528618
0.281	0.529554
0.282	0.530488
0.283	0.531421
0.284	0.532353
0.285	0.533283
0.286	0.534213
0.287	0.535141
0.288	0.536069
0.289	0.536995
0.29	0.53792
0.291	0.538844
0.292	0.539767
0.293	0.540689
0.294	0.54161
0.295	0.54253
0.296	0.543449
0.297	0.544367
0.298	0.545283
0.299	0.546199
0.3	0.547114
0.301	0.548027
0.302	0.54894
0.303	0.549852
0.304	0.550762
0.305	0.551672
0.306	0.55258
0.307	0.553488
0.308	0.554394
0.309	0.5553
0.31	0.556204
0.311	0.557108
0.312	0.55801
0.313	0.558911
0.314	0.559812
0.315	0.560711
0.316	0.56161
0.317	0.562507
0.318	0.563403
0.319	0.564299
0.32	0.565193
0.321	0.566086
0.322	0.566978
0.323	0.567869
0.324	0.568759
0.325	0.569648
0.326	0.570536
0.327	0.571423
0.328	0.572309
0.329	0.573194
0.33	0.574078
0.331	0.57496
0.332	0.575842
0.333	0.576722
0.334	0.577601
0.335	0.57848
0.336	0.579357
0.337	0.580233
0.338	0.581108
0.339	0.581981
0.34	0.582854
0.341	0.583726
0.342	0.584596
0.343	0.585465
0.344	0.586333
0.345	0.5872
0.346	0.588066
0.347	0.58893
0.348	0.589794
0.349	0.590656
0.35	0.591517
0.351	0.592377
0.352	0.593235
0.353	0.594093
0.354	0.594949
0.355	0.595804
0.356	0.596657
0.357	0.59751
0.358	0.598361
0.359	0.599211
0.36	0.60006
0.361	0.600907
0.362	0.601753
0.363	0.602598
0.364	0.603442
0.365	0.604284
0.366	0.605125
0.367	0.605965
0.368	0.606803
0.369	0.607641
0.37	0.608476
0.371	0.609311
0.372	0.610144
0.373	0.610976
0.374	0.611807
0.375	0.612636
0.376	0.613464
0.377	0.614291
0.378	0.615116
0.379	0.61594
0.38	0.616763
0.381	0.617584
0.382	0.618404
0.383	0.619223
0.384	0.62004
0.385	0.620856
0.386	0.62167
0.387	0.622483
0.388	0.623295
0.389	0.624106
0.39	0.624915
0.391	0.625723
0.392	0.626529
0.393	0.627334
0.394	0.628138
0.395	0.628941
0.396	0.629742
0.397	0.630541
0.398	0.63134
0.399	0.632137
0.4	0.632932
0.401	0.633727
0.402	0.63452
0.403	0.635311
0.404	0.636101
0.405	0.63689
0.406	0.637678
0.407	0.638464
0.408	0.639249
0.409	0.640033
0.41	0.640815
0.411	0.641596
0.412	0.642376
0.413	0.643155
0.414	0.643932
0.415	0.644708
0.416	0.645482
0.417	0.646255
0.418	0.647027
0.419	0.647798
0.42	0.648567
0.421	0.649336
0.422	0.650103
0.423	0.650868
0.424	0.651633
0.425	0.652396
0.426	0.653158
0.427	0.653919
0.428	0.654678
0.429	0.655437
0.43	0.656194
0.431	0.65695
0.432	0.657705
0.433	0.658459
0.434	0.659211
0.435	0.659962
0.436	0.660713
0.437	0.661462
0.438	0.66221
0.439	0.662956
0.44	0.663702
0.441	0.664447
0.442	0.66519
0.443	0.665933
0.444	0.666674
0.445	0.667415
0.446	0.668154
0.447	0.668892
0.448	0.669629
0.449	0.670366
0.45	0.671101
0.451	0.671835
0.452	0.672568
0.453	0.673301
0.454	0.674032
0.455	0.674762
0.456	0.675492
0.457	0.67622
0.458	0.676948
0.459	0.677674
0.46	0.6784
0.461	0.679125
0.462	0.679849
0.463	0.680572
0.464	0.681294
0.465	0.682016
0.466	0.682736
0.467	0.683456
0.468	0.684175
0.469	0.684893
0.47	0.685611
0.471	0.686327
0.472	0.687043
0.473	0.687758
0.474	0.688472
0.475	0.689186
0.476	0.689899
0.477	0.690611
0.478	0.691323
0.479	0.692033
0.48	0.692743
0.481	0.693453
0.482	0.694161
0.483	0.69487
0.484	0.695577
0.485	0.696284
0.486	0.69699
0.487	0.697696
0.488	0.698401
0.489	0.699105
0.49	0.699809
0.491	0.700512
0.492	0.701215
0.493	0.701917
0.494	0.702618
0.495	0.703319
0.496	0.70402
0.497	0.70472
0.498	0.705419
0.499	0.706118
0.5	0.706816
0.501	0.707514
0.502	0.708212
0.503	0.708909
0.504	0.709605
0.505	0.710301
0.506	0.710997
0.507	0.711692
0.508	0.712387
0.509	0.713081
0.51	0.713775
0.511	0.714468
0.512	0.715161
0.513	0.715854
0.514	0.716546
0.515	0.717238
0.516	0.717929
0.517	0.71862
0.518	0.719311
0.519	0.720001
0.52	0.720691
0.521	0.72138
0.522	0.722069
0.523	0.722758
0.524	0.723446
0.525	0.724134
0.526	0.724822
0.527	0.725509
0.528	0.726196
0.529	0.726883
0.53	0.727569
0.531	0.728255
0.532	0.728941
0.533	0.729626
0.534	0.730311
0.535	0.730995
0.536	0.73168
0.537	0.732363
0.538	0.733047
0.539	0.73373
0.54	0.734413
0.541	0.735096
0.542	0.735778
0.543	0.73646
0.544	0.737141
0.545	0.737822
0.546	0.738503
0.547	0.739184
0.548	0.739864
0.549	0.740544
0.55	0.741223
0.551	0.741902
0.552	0.742581
0.553	0.74326
0.554	0.743938
0.555	0.744616
0.556	0.745293
0.557	0.74597
0.558	0.746647
0.559	0.747323
0.56	0.747999
0.561	0.748674
0.562	0.749349
0.563	0.750024
0.564	0.750699
0.565	0.751373
0.566	0.752046
0.567	0.752719
0.568	0.753392
0.569	0.754065
0.57	0.754737
0.571	0.755408
0.572	0.756079
0.573	0.75675
0.574	0.75742
0.575	0.75809
0.576	0.758759
0.577	0.759428
0.578	0.760097
0.579	0.760765
0.58	0.761432
0.581	0.762099
0.582	0.762766
0.583	0.763432
0.584	0.764097
0.585	0.764763
0.586	0.765427
0.587	0.766091
0.588	0.766755
0.589	0.767418
0.59	0.76808
0.591	0.768742
0.592	0.769404
0.593	0.770064
0.594	0.770725
0.595	0.771384
0.596	0.772044
0.597	0.772702
0.598	0.77336
0.599	0.774018
0.6	0.774674
0.601	0.775331
0.602	0.775986
0.603	0.776641
0.604	0.777296
0.605	0.777949
0.606	0.778603
0.607	0.779255
0.608	0.779907
0.609	0.780558
0.61	0.781209
0.611	0.781858
0.612	0.782508
0.613	0.783156
0.614	0.783804
0.615	0.784451
0.616	0.785098
0.617	0.785743
0.618	0.786388
0.619	0.787033
0.62	0.787676
0.621	0.788319
0.622	0.788962
0.623	0.789603
0.624	0.790244
0.625	0.790884
0.626	0.791523
0.627	0.792162
0.628	0.792799
0.629	0.793436
0.63	0.794073
0.631	0.794708
0.632	0.795343
0.633	0.795977
0.634	0.79661
0.635	0.797243
0.636	0.797875
0.637	0.798505
0.638	0.799136
0.639	0.799765
0.64	0.800394
0.641	0.801021
0.642	0.801648
0.643	0.802275
0.644	0.8029
0.645	0.803525
0.646	0.804149
0.647	0.804772
0.648	0.805394
0.649	0.806016
0.65	0.806637
0.651	0.807257
0.652	0.807876
0.653	0.808494
0.654	0.809112
0.655	0.809729
0.656	0.810345
0.657	0.81096
0.658	0.811575
0.659	0.812188
0.66	0.812801
0.661	0.813413
0.662	0.814025
0.663	0.814636
0.664	0.815246
0.665	0.815855
0.666	0.816463
0.667	0.817071
0.668	0.817678
0.669	0.818284
0.67	0.818889
0.671	0.819494
0.672	0.820098
0.673	0.820701
0.674	0.821304
0.675	0.821906
0.676	0.822507
0.677	0.823107
0.678	0.823707
0.679	0.824306
0.68	0.824905
0.681	0.825503
0.682	0.8261
0.683	0.826696
0.684	0.827292
0.685	0.827887
0.686	0.828482
0.687	0.829075
0.688	0.829669
0.689	0.830261
0.69	0.830853
0.691	0.831445
0.692	0.832036
0.693	0.832626
0.694	0.833216
0.695	0.833805
0.696	0.834394
0.697	0.834982
0.698	0.835569
0.699	0.836156
0.7	0.836743
0.701	0.837329
0.702	0.837915
0.703	0.8385
0.704	0.839084
0.705	0.839668
0.706	0.840252
0.707	0.840835
0.708	0.841418
0.709	0.842001
0.71	0.842583
0.711	0.843164
0.712	0.843745
0.713	0.844326
0.714	0.844907
0.715	0.845487
0.716	0.846067
0.717	0.846646
0.718	0.847225
0.719	0.847804
0.72	0.848382
0.721	0.848961
0.722	0.849538
0.723	0.850116
0.724	0.850693
0.725	0.851271
0.726	0.851847
0.727	0.852424
0.728	0.853
0.729	0.853577
0.73	0.854153
0.731	0.854728
0.732	0.855304
0.733	0.855879
0.734	0.856455
0.735	0.85703
0.736	0.857605
0.737	0.85818
0.738	0.858754
0.739	0.859329
0.74	0.859903
0.741	0.860477
0.742	0.861052
0.743	0.861626
0.744	0.8622
0.745	0.862774
0.746	0.863348
0.747	0.863921
0.748	0.864495
0.749	0.865069
0.75	0.865643
0.751	0.866216
0.752	0.86679
0.753	0.867363
0.754	0.867937
0.755	0.86851
0.756	0.869084
0.757	0.869657
0.758	0.870231
0.759	0.870804
0.76	0.871377
0.761	0.871951
0.762	0.872524
0.763	0.873098
0.764	0.873671
0.765	0.874245
0.766	0.874818
0.767	0.875391
0.768	0.875965
0.769	0.876538
0.77	0.877112
0.771	0.877685
0.772	0.878259
0.773	0.878832
0.774	0.879406
0.775	0.879979
0.776	0.880553
0.777	0.881126
0.778	0.8817
0.779	0.882273
0.78	0.882846
0.781	0.88342
0.782	0.883993
0.783	0.884566
0.784	0.88514
0.785	0.885713
0.786	0.886286
0.787	0.886859
0.788	0.887433
0.789	0.888006
0.79	0.888578
0.791	0.889151
0.792	0.889724
0.793	0.890297
0.794	0.890869
0.795	0.891442
0.796	0.892014
0.797	0.892586
0.798	0.893158
0.799	0.89373
0.8	0.894302
0.801	0.894873
0.802	0.895444
0.803	0.896016
0.804	0.896586
0.805	0.897157
0.806	0.897727
0.807	0.898298
0.808	0.898867
0.809	0.899437
0.81	0.900006
0.811	0.900575
0.812	0.901144
0.813	0.901712
0.814	0.90228
0.815	0.902848
0.816	0.903415
0.817	0.903982
0.818	0.904548
0.819	0.905114
0.82	0.905679
0.821	0.906245
0.822	0.906809
0.823	0.907373
0.824	0.907937
0.825	0.9085
0.826	0.909062
0.827	0.909624
0.828	0.910186
0.829	0.910747
0.83	0.911307
0.831	0.911867
0.832	0.912426
0.833	0.912984
0.834	0.913542
0.835	0.914099
0.836	0.914655
0.837	0.915211
0.838	0.915766
0.839	0.91632
0.84	0.916873
0.841	0.917426
0.842	0.917978
0.843	0.918529
0.844	0.91908
0.845	0.91963
0.846	0.920178
0.847	0.920726
0.848	0.921274
0.849	0.92182
0.85	0.922366
0.851	0.92291
0.852	0.923454
0.853	0.923997
0.854	0.924539
0.855	0.92508
0.856	0.925621
0.857	0.92616
0.858	0.926698
0.859	0.927236
0.86	0.927773
0.861	0.928308
0.862	0.928843
0.863	0.929377
0.864	0.92991
0.865	0.930442
0.866	0.930974
0.867	0.931504
0.868	0.932034
0.869	0.932562
0.87	0.93309
0.871	0.933616
0.872	0.934142
0.873	0.934667
0.874	0.935192
0.875	0.935715
0.876	0.936237
0.877	0.936759
0.878	0.93728
0.879	0.9378
0.88	0.938319
0.881	0.938838
0.882	0.939355
0.883	0.939872
0.884	0.940389
0.885	0.940904
0.886	0.941419
0.887	0.941933
0.888	0.942447
0.889	0.94296
0.89	0.943473
0.891	0.943985
0.892	0.944496
0.893	0.945007
0.894	0.945517
0.895	0.946027
0.896	0.946537
0.897	0.947046
0.898	0.947555
0.899	0.948064
0.9	0.948572
0.901	0.94908
0.902	0.949588
0.903	0.950096
0.904	0.950604
0.905	0.951111
0.906	0.951619
0.907	0.952126
0.908	0.952634
0.909	0.953141
0.91	0.953649
0.911	0.954157
0.912	0.954665
0.913	0.955174
0.914	0.955682
0.915	0.956191
0.916	0.956701
0.917	0.957211
0.918	0.957721
0.919	0.958232
0.92	0.958743
0.921	0.959255
0.922	0.959768
0.923	0.960281
0.924	0.960795
0.925	0.96131
0.926	0.961825
0.927	0.962342
0.928	0.962859
0.929	0.963377
0.93	0.963896
0.931	0.964416
0.932	0.964937
0.933	0.965459
0.934	0.965982
0.935	0.966506
0.936	0.967031
0.937	0.967558
0.938	0.968085
0.939	0.968613
0.94	0.969143
0.941	0.969674
0.942	0.970205
0.943	0.970738
0.944	0.971272
0.945	0.971807
0.946	0.972343
0.947	0.972881
0.948	0.973419
0.949	0.973958
0.95	0.974498
0.951	0.975039
0.952	0.975581
0.953	0.976123
0.954	0.976666
0.955	0.97721
0.956	0.977754
0.957	0.978299
0.958	0.978844
0.959	0.979389
0.96	0.979934
0.961	0.98048
0.962	0.981024
0.963	0.981569
0.964	0.982113
0.965	0.982656
0.966	0.983198
0.967	0.98374
0.968	0.984279
0.969	0.984818
0.97	0.985354
0.971	0.985888
0.972	0.98642
0.973	0.986949
0.974	0.987475
0.975	0.987998
0.976	0.988517
0.977	0.989032
0.978	0.989542
0.979	0.990047
0.98	0.990547
0.981	0.991042
0.982	0.99153
0.983	0.992011
0.984	0.992485
0.985	0.992951
0.986	0.993408
0.987	0.993857
0.988	0.994296
0.989	0.994724
0.99	0.995141
0.991	0.995547
0.992	0.99594
0.993	0.996319
0.994	0.996685
0.995	0.997035
0.996	0.997369
0.997	0.997687
0.998	0.997986
0.999	0.998267
