# Interpolation data for function: sqrt(x)
0.5	0.707123
0.501	0.707829
0.502	0.708534
0.503	0.709238
0.504	0.709942
0.505	0.710645
0.506	0.711347
0.507	0.712049
0.508	0.71275
0.509	0.71345
0.51	0.71415
0.511	0.714849
0.512	0.715548
0.513	0.716245
0.514	0.716942
0.515	0.717639
0.516	0.718335
0.517	0.71903
0.518	0.719724
0.519	0.720418
0.52	0.721111
0.521	0.721804
0.522	0.722496
0.523	0.723187
0.524	0.723878
0.525	0.724568
0.526	0.725257
0.527	0.725946
0.528	0.726634
0.529	0.727321
0.53	0.728008
0.531	0.728694
0.532	0.72938
0.533	0.730065
0.534	0.730749
0.535	0.731433
0.536	0.732116
0.537	0.732798
0.538	0.73348
0.539	0.734161
0.54	0.734842
0.541	0.735522
0.542	0.736201
0.543	0.73688
0.544	0.737558
0.545	0.738235
0.546	0.738912
0.547	0.739588
0.548	0.740264
0.549	0.740939
0.55	0.741614
0.551	0.742287
0.552	0.742961
0.553	0.743633
0.554	0.744305
0.555	0.744977
0.556	0.745648
0.557	0.746318
0.558	0.746988
0.559	0.747657
0.56	0.748325
0.561	0.748993
0.562	0.74966
0.563	0.750327
0.564	0.750993
0.565	0.751659
0.566	0.752324
0.567	0.752988
0.568	0.753652
0.569	0.754315
0.57	0.754978
0.571	0.75564
0.572	0.756301
0.573	0.756962
0.574	0.757623
0.575	0.758282
0.576	0.758942
0.577	0.7596
0.578	0.760258
0.579	0.760916
0.58	0.761573
0.581	0.762229
0.582	0.762885
0.583	0.76354
0.584	0.764195
0.585	0.764849
0.586	0.765503
0.587	0.766156
0.588	0.766808
0.589	0.76746
0.59	0.768111
0.591	0.768762
0.592	0.769412
0.593	0.770062
0.594	0.770711
0.595	0.77136
0.596	0.772008
0.597	0.772656
0.598	0.773303
0.599	0.773949
0.6	0.774595
0.601	0.77524
0.602	0.775885
0.603	0.77653
0.604	0.777173
0.605	0.777817
0.606	0.778459
0.607	0.779101
0.608	0.779743
0.609	0.780384
0.61	0.781025
0.611	0.781665
0.612	0.782304
0.613	0.782943
0.614	0.783582
0.615	0.78422
0.616	0.784857
0.617	0.785494
0.618	0.786131
0.619	0.786767
0.62	0.787402
0.621	0.788037
0.622	0.788671
0.623	0.789305
0.624	0.789939
0.625	0.790571
0.626	0.791204
0.627	0.791835
0.628	0.792467
0.629	0.793098
0.63	0.793728
0.631	0.794358
0.632	0.794987
0.633	0.795616
0.634	0.796244
0.635	0.796872
0.636	0.797499
0.637	0.798126
0.638	0.798752
0.639	0.799378
0.64	0.800004
0.641	0.800628
0.642	0.801253
0.643	0.801877
0.644	0.8025
0.645	0.803123
0.646	0.803745
0.647	0.804367
0.648	0.804989
0.649	0.80561
0.65	0.80623
0.651	0.80685
0.652	0.80747
0.653	0.808089
0.654	0.808707
0.655	0.809325
0.656	0.809943
0.657	0.81056
0.658	0.811177
0.659	0.811793
0.66	0.812409
0.661	0.813024
0.662	0.813639
0.663	0.814253
0.664	0.814867
0.665	0.81548
0.666	0.816093
0.667	0.816706
0.668	0.817318
0.669	0.817929
0.67	0.81854
0.671	0.819151
0.672	0.819761
0.673	0.820371
0.674	0.82098
0.675	0.821589
0.676	0.822197
0.677	0.822805
0.678	0.823412
0.679	0.824019
0.68	0.824626
0.681	0.825232
0.682	0.825838
0.683	0.826443
0.684	0.827048
0.685	0.827652
0.686	0.828256
0.687	0.828859
0.688	0.829462
0.689	0.830065
0.69	0.830667
0.691	0.831269
0.692	0.83187
0.693	0.832471
0.694	0.833071
0.695	0.833671
0.696	0.83427
0.697	0.834869
0.698	0.835468
0.699	0.836066
0.7	0.836664
0.701	0.837261
0.702	0.837858
0.703	0.838455
0.704	0.839051
0.705	0.839646
0.706	0.840242
0.707	0.840836
0.708	0.841431
0.709	0.842025
0.71	0.842618
0.711	0.843211
0.712	0.843804
0.713	0.844396
0.714	0.844988
0.715	0.84558
0.716	0.846171
0.717	0.846761
0.718	0.847351
0.719	0.847941
0.72	0.848531
0.721	0.84912
0.722	0.849708
0.723	0.850296
0.724	0.850884
0.725	0.851471
0.726	0.852058
0.727	0.852645
0.728	0.853231
0.729	0.853817
0.73	0.854402
0.731	0.854987
0.732	0.855571
0.733	0.856155
0.734	0.856739
0.735	0.857322
0.736	0.857905
0.737	0.858488
0.738	0.85907
0.739	0.859652
0.74	0.860233
0.741	0.860814
0.742	0.861394
0.743	0.861975
0.744	0.862554
0.745	0.863134
0.746	0.863713
0.747	0.864291
0.748	0.86487
0.749	0.865447
0.75	0.866025
0.751	0.866602
0.752	0.867179
0.753	0.867755
0.754	0.868331
0.755	0.868906
0.756	0.869481
0.757	0.870056
0.758	0.870631
0.759	0.871205
0.76	0.871778
0.761	0.872351
0.762	0.872924
0.763	0.873497
0.764	0.874069
0.765	0.874641
0.766	0.875212
0.767	0.875783
0.768	0.876354
0.769	0.876924
0.77	0.877494
0.771	0.878063
0.772	0.878633
0.773	0.879201
0.774	0.87977
0.775	0.880338
0.776	0.880906
0.777	0.881473
0.778	0.88204
0.779	0.882607
0.78	0.883173
0.781	0.883739
0.782	0.884304
0.783	0.884869
0.784	0.885434
0.785	0.885999
0.786	0.886563
0.787	0.887126
0.788	0.88769
0.789	0.888253
0.79	0.888816
0.791	0.889378
0.792	0.88994
0.793	0.890501
0.794	0.891063
0.795	0.891624
0.796	0.892184
0.797	0.892744
0.798	0.893304
0.799	0.893864
0.8	0.894423
0.801	0.894982
0.802	0.89554
0.803	0.896098
0.804	0.896656
0.805	0.897213
0.806	0.897771
0.807	0.898327
0.808	0.898884
0.809	0.89944
0.81	0.899995
0.811	0.900551
0.812	0.901106
0.813	0.901661
0.814	0.902215
0.815	0.902769
0.816	0.903323
0.817	0.903876
0.818	0.904429
0.819	0.904982
0.82	0.905534
0.821	0.906086
0.822	0.906638
0.823	0.907189
0.824	0.90774
0.825	0.908291
0.826	0.908841
0.827	0.909391
0.828	0.909941
0.829	0.91049
0.83	0.911039
0.831	0.911588
0.832	0.912136
0.833	0.912684
0.834	0.913232
0.835	0.913779
0.836	0.914326
0.837	0.914873
0.838	0.915419
0.839	0.915966
0.84	0.916511
0.841	0.917057
0.842	0.917602
0.843	0.918147
0.844	0.918691
0.845	0.919235
0.846	0.919779
0.847	0.920323
0.848	0.920866
0.849	0.921409
0.85	0.921951
0.851	0.922494
0.852	0.923035
0.853	0.923577
0.854	0.924118
0.855	0.924659
0.856	0.9252
0.857	0.92574
0.858	0.92628
0.859	0.92682
0.86	0.92736
0.861	0.927899
0.862	0.928437
0.863	0.928976
0.864	0.929514
0.865	0.930052
0.866	0.93059
0.867	0.931127
0.868	0.931664
0.869	0.9322
0.87	0.932737
0.871	0.933273
0.872	0.933808
0.873	0.934344
0.874	0.934879
0.875	0.935414
0.876	0.935948
0.877	0.936482
0.878	0.937016
0.879	0.93755
0.88	0.938083
0.881	0.938616
0.882	0.939149
0.883	0.939681
0.884	0.940213
0.885	0.940745
0.886	0.941276
0.887	0.941808
0.888	0.942338
0.889	0.942869
0.89	0.943399
0.891	0.943929
0.892	0.944459
0.893	0.944988
0.894	0.945517
0.895	0.946046
0.896	0.946575
0.897	0.947103
0.898	0.947631
0.899	0.948158
0.9	0.948686
0.901	0.949213
0.902	0.949739
0.903	0.950266
0.904	0.950792
0.905	0.951318
0.906	0.951843
0.907	0.952369
0.908	0.952894
0.909	0.953418
0.91	0.953943
0.911	0.954467
0.912	0.954991
0.913	0.955514
0.914	0.956037
0.915	0.95656
0.916	0.957083
0.917	0.957605
0.918	0.958127
0.919	0.958649
0.92	0.959171
0.921	0.959692
0.922	0.960213
0.923	0.960734
0.924	0.961254
0.925	0.961774
0.926	0.962294
0.927	0.962813
0.928	0.963333
0.929	0.963851
0.93	0.96437
0.931	0.964888
0.932	0.965407
0.933	0.965924
0.934	0.966442
0.935	0.966959
0.936	0.967476
0.937	0.967993
0.938	0.968509
0.939	0.969025
0.94	0.969541
0.941	0.970057
0.942	0.970572
0.943	0.971087
0.944	0.971602
0.945	0.972116
0.946	0.97263
0.947	0.973144
0.948	0.973658
0.949	0.974171
0.95	0.974684
0.951	0.975197
0.952	0.97571
0.953	0.976222
0.954	0.976734
0.955	0.977245
0.956	0.977757
0.957	0.978268
0.958	0.978779
0.959	0.979289
0.96	0.9798
0.961	0.98031
0.962	0.980819
0.963	0.981329
0.964	0.981838
0.965	0.982347
0.966	0.982856
0.967	0.983364
0.968	0.983872
0.969	0.98438
0.97	0.984887
0.971	0.985395
0.972	0.985902
0.973	0.986408
0.974	0.986915
0.975	0.987421
0.976	0.987927
0.977	0.988433
0.978	0.988938
0.979	0.989443
0.98	0.989948
0.981	0.990453
0.982	0.990957
0.983	0.991461
0.984	0.991965
0.985	0.992468
0.986	0.992971
0.987	0.993474
0.988	0.993977
0.989	0.994479
0.99	0.994981
0.991	0.995483
0.992	0.995985
0.993	0.996486
0.994	0.996987
0.995	0.997488
0.996	0.997989
0.997	0.998489
0.998	0.998989
0.999	0.999488
0.25	0.500085
0.251	0.501077
0.252	0.502067
0.253	0.503055
0.254	0.504042
0.255	0.505027
0.256	0.50601
0.257	0.506992
0.258	0.507972
0.259	0.508951
0.26	0.509927
0.261	0.510902
0.262	0.511876
0.263	0.512848
0.264	0.513818
0.265	0.514786
0.266	0.515753
0.267	0.516719
0.268	0.517682
0.269	0.518644
0.27	0.519605
0.271	0.520564
0.272	0.521521
0.273	0.522476
0.274	0.52343
0.275	0.524383
0.276	0.525334
0.277	0.526283
0.278	0.527231
0.279	0.528177
0.28	0.529121
0.281	0.530064
0.282	0.531006
0.283	0.531946
0.284	0.532884
0.285	0.533821
0.286	0.534756
0.287	0.53569
0.288	0.536622
0.289	0.537553
0.29	0.538482
0.291	0.53941
0.292	0.540336
0.293	0.541261
0.294	0.542184
0.295	0.543105
0.296	0.544026
0.297	0.544944
0.298	0.545861
0.299	0.546777
0.3	0.547691
0.301	0.548604
0.302	0.549516
0.303	0.550425
0.304	0.551334
0.305	0.552241
0.306	0.553146
0.307	0.55405
0.308	0.554953
0.309	0.555854
0.31	0.556754
0.311	0.557652
0.312	0.558549
0.313	0.559445
0.314	0.560339
0.315	0.561232
0.316	0.562123
0.317	0.563013
0.318	0.563901
0.319	0.564788
0.32	0.565674
0.321	0.566559
0.322	0.567442
0.323	0.568323
0.324	0.569204
0.325	0.570082
0.326	0.57096
0.327	0.571836
0.328	0.572711
0.329	0.573585
0.33	0.574457
0.331	0.575328
0.332	0.576197
0.333	0.577066
0.334	0.577932
0.335	0.578798
0.336	0.579662
0.337	0.580525
0.338	0.581387
0.339	0.582247
0.34	0.583107
0.341	0.583964
0.342	0.584821
0.343	0.585676
0.344	0.58653
0.345	0.587383
0.346	0.588234
0.347	0.589085
0.348	0.589934
0.349	0.590781
0.35	0.591628
0.351	0.592473
0.352	0.593317
0.353	0.59416
0.354	0.595001
0.355	0.595842
0.356	0.596681
0.357	0.597519
0.358	0.598355
0.359	0.599191
0.36	0.600025
0.361	0.600858
0.362	0.60169
0.363	0.602521
0.364	0.603351
0.365	0.604179
0.366	0.605006
0.367	0.605832
0.368	0.606657
0.369	0.607481
0.37	0.608304
0.371	0.609125
0.372	0.609945
0.373	0.610765
0.374	0.611583
0.375	0.6124
0.376	0.613215
0.377	0.61403
0.378	0.614844
0.379	0.615656
0.38	0.616467
0.381	0.617278
0.382	0.618087
0.383	0.618895
0.384	0.619702
0.385	0.620508
0.386	0.621312
0.387	0.622116
0.388	0.622919
0.389	0.623721
0.39	0.624521
0.391	0.625321
0.392	0.626119
0.393	0.626916
0.394	0.627713
0.395	0.628508
0.396	0.629302
0.397	0.630096
0.398	0.630888
0.399	0.631679
0.4	0.632469
0.401	0.633259
0.402	0.634047
0.403	0.634834
0.404	0.63562
0.405	0.636406
0.406	0.63719
0.407	0.637973
0.408	0.638755
0.409	0.639537
0.41	0.640317
0.411	0.641097
0.412	0.641875
0.413	0.642652
0.414	0.643429
0.415	0.644205
0.416	0.644979
0.417	0.645753
0.418	0.646526
0.419	0.647298
0.42	0.648069
0.421	0.648839
0.422	0.649608
0.423	0.650376
0.424	0.651143
0.425	0.65191
0.426	0.652675
0.427	0.65344
0.428	0.654204
0.429	0.654967
0.43	0.655729
0.431	0.65649
0.432	0.65725
0.433	0.658009
0.434	0.658768
0.435	0.659526
0.436	0.660282
0.437	0.661038
0.438	0.661794
0.439	0.662548
0.44	0.663302
0.441	0.664054
0.442	0.664806
0.443	0.665557
0.444	0.666307
0.445	0.667057
0.446	0.667805
0.447	0.668553
0.448	0.6693
0.449	0.670047
0.45	0.670792
0.451	0.671537
0.452	0.672281
0.453	0.673024
0.454	0.673766
0.455	0.674508
0.456	0.675249
0.457	0.675989
0.458	0.676728
0.459	0.677467
0.46	0.678205
0.461	0.678942
0.462	0.679679
0.463	0.680414
0.464	0.681149
0.465	0.681884
0.466	0.682617
0.467	0.68335
0.468	0.684083
0.469	0.684814
0.47	0.685545
0.471	0.686275
0.472	0.687004
0.473	0.687733
0.474	0.688461
0.475	0.689189
0.476	0.689916
0.477	0.690642
0.478	0.691367
0.479	0.692092
0.48	0.692816
0.481	0.69354
0.482	0.694263
0.483	0.694985
0.484	0.695706
0.485	0.696428
0.486	0.697148
0.487	0.697868
0.488	0.698587
0.489	0.699305
0.49	0.700023
0.491	0.700741
0.492	0.701458
0.493	0.702174
0.494	0.70289
0.495	0.703605
0.496	0.704319
0.497	0.705033
0.498	0.705746
0.499	0.706459
0.125	0.353613
0.126	0.355015
0.127	0.356411
0.128	0.357803
0.129	0.359191
0.13	0.360573
0.131	0.361951
0.132	0.363324
0.133	0.364693
0.134	0.366057
0.135	0.367416
0.136	0.368771
0.137	0.370121
0.138	0.371467
0.139	0.372808
0.14	0.374145
0.141	0.375478
0.142	0.376806
0.143	0.37813
0.144	0.379449
0.145	0.380764
0.146	0.382075
0.147	0.383382
0.148	0.384684
0.149	0.385982
0.15	0.387276
0.151	0.388566
0.152	0.389852
0.153	0.391133
0.154	0.392411
0.155	0.393684
0.156	0.394954
0.157	0.396219
0.158	0.397481
0.159	0.398738
0.16	0.399992
0.161	0.401242
0.162	0.402488
0.163	0.40373
0.164	0.404968
0.165	0.406202
0.166	0.407433
0.167	0.40866
0.168	0.409883
0.169	0.411103
0.17	0.412319
0.171	0.413531
0.172	0.414739
0.173	0.415945
0.174	0.417146
0.175	0.418344
0.176	0.419539
0.177	0.42073
0.178	0.421917
0.179	0.423101
0.18	0.424282
0.181	0.425459
0.182	0.426633
0.183	0.427804
0.184	0.428971
0.185	0.430136
0.186	0.431297
0.187	0.432454
0.188	0.433609
0.189	0.43476
0.19	0.435908
0.191	0.437053
0.192	0.438195
0.193	0.439334
0.194	0.44047
0.195	0.441603
0.196	0.442733
0.197	0.44386
0.198	0.444984
0.199	0.446105
0.2	0.447223
0.201	0.448339
0.202	0.449451
0.203	0.450561
0.204	0.451668
0.205	0.452773
0.206	0.453874
0.207	0.454973
0.208	0.456069
0.209	0.457163
0.21	0.458254
0.211	0.459342
0.212	0.460428
0.213	0.461511
0.214	0.462592
0.215	0.46367
0.216	0.464746
0.217	0.465819
0.218	0.46689
0.219	0.467959
0.22	0.469025
0.221	0.470089
0.222	0.47115
0.223	0.47221
0.224	0.473267
0.225	0.474322
0.226	0.475374
0.227	0.476425
0.228	0.477473
0.229	0.478519
0.23	0.479563
0.231	0.480605
0.232	0.481645
0.233	0.482683
0.234	0.483719
0.235	0.484753
0.236	0.485786
0.237	0.486816
0.238	0.487844
0.239	0.48887
0.24	0.489895
0.241	0.490918
0.242	0.491939
0.243	0.492958
0.244	0.493976
0.245	0.494991
0.246	0.496005
0.247	0.497018
0.248	0.498029
0.249	0.499038
0	0.0114079
0.001	0.0302243
0.002	0.0442852
0.003	0.0551283
0.004	0.063846
0.005	0.0711928
0.006	0.0776724
0.007	0.0836061
0.008	0.0891872
0.009	0.0945221
0.01	0.0996615
0.011	0.104624
0.012	0.10941
0.013	0.114015
0.014	0.118437
0.015	0.122674
0.016	0.126734
0.017	0.130627
0.018	0.134371
0.019	0.137983
0.02	0.141484
0.021	0.144894
0.022	0.148229
0.023	0.151506
0.024	0.154733
0.025	0.15792
0.026	0.161068
0.027	0.164178
0.028	0.167247
0.029	0.170271
0.03	0.173245
0.031	0.176164
0.032	0.179024
0.033	0.181821
0.034	0.184557
0.035	0.187232
0.036	0.18985
0.037	0.192418
0.038	0.194944
0.039	0.197435
0.04	0.199901
0.041	0.202349
0.042	0.204786
0.043	0.207215
0.044	0.209638
0.045	0.212052
0.046	0.214453
0.047	0.216833
0.048	0.219184
0.049	0.221496
0.05	0.223761
0.051	0.225974
0.052	0.228135
0.053	0.23025
0.054	0.232332
0.055	0.234401
0.056	0.236479
0.057	0.23859
0.058	0.240748
0.059	0.242943
0.06	0.245125
0.061	0.247177
0.062	0.248876
0.0625	0.250042
0.0635	0.252021
0.0645	0.253986
0.0655	0.255938
0.0665	0.257877
0.0675	0.259802
0.0685	0.261715
0.0695	0.263615
0.0705	0.265503
0.0715	0.267378
0.0725	0.269241
0.0735	0.271092
0.0745	0.272931
0.0755	0.274758
0.0765	0.276573
0.0775	0.278377
0.0785	0.280169
0.0795	0.281951
0.0805	0.283721
0.0815	0.28548
0.0825	0.287228
0.0835	0.288966
0.0845	0.290694
0.0855	0.29241
0.0865	0.294117
0.0875	0.295814
0.0885	0.297501
0.0895	0.299178
0.0905	0.300845
0.0915	0.302503
0.0925	0.304152
0.0935	0.305791
0.0945	0.307422
0.0955	0.309043
0.0965	0.310656
0.0975	0.312261
0.0985	0.313856
0.0995	0.315444
0.1005	0.317023
0.1015	0.318595
0.1025	0.320159
0.1035	0.321714
0.1045	0.323263
0.1055	0.324804
0.1065	0.326338
0.1075	0.327864
0.1085	0.329384
0.1095	0.330897
0.1105	0.332403
0.1115	0.333903
0.1125	0.335396
0.1135	0.336883
0.1145	0.338364
0.1155	0.339839
0.1165	0.341309
0.1175	0.342772
0.1185	0.344231
0.1195	0.345684
0.1205	0.347131
0.1215	0.348574
0.1225	0.350012
0.1235	0.351445
0.1245	0.352873
