# Interpolation data for function: sqrt(x)
0	0.0124941
0.001	0.0308088
0.002	0.0443608
0.003	0.0548864
0.004	0.0635022
0.005	0.0709084
0.006	0.0775327
0.007	0.0836277
0.008	0.0893388
0.009	0.0947471
0.01	0.0998983
0.011	0.104819
0.012	0.109529
0.013	0.114043
0.014	0.118376
0.015	0.122543
0.016	0.126561
0.017	0.130443
0.018	0.134205
0.019	0.13786
0.02	0.141419
0.021	0.144893
0.022	0.148289
0.023	0.151613
0.024	0.154872
0.025	0.158069
0.026	0.161207
0.027	0.164289
0.028	0.167316
0.029	0.17029
0.03	0.173213
0.031	0.176087
0.032	0.178912
0.033	0.181691
0.034	0.184425
0.035	0.187116
0.036	0.189767
0.037	0.192379
0.038	0.194955
0.039	0.197496
0.04	0.200004
0.041	0.202481
0.042	0.204928
0.043	0.207348
0.044	0.20974
0.045	0.212108
0.046	0.21445
0.047	0.216769
0.048	0.219065
0.049	0.221338
0.05	0.223589
0.051	0.225819
0.052	0.228027
0.053	0.230215
0.054	0.232382
0.055	0.234529
0.056	0.236655
0.057	0.238762
0.058	0.24085
0.059	0.242919
0.06	0.24497
0.061	0.247002
0.062	0.249018
0.063	0.251016
0.064	0.252997
0.065	0.254963
0.066	0.256913
0.067	0.258848
0.068	0.260769
0.069	0.262675
0.07	0.264569
0.071	0.266448
0.072	0.268316
0.073	0.270171
0.074	0.272013
0.075	0.273844
0.076	0.275664
0.077	0.277472
0.078	0.279269
0.079	0.281055
0.08	0.28283
0.081	0.284595
0.082	0.286349
0.083	0.288093
0.084	0.289826
0.085	0.291549
0.086	0.293262
0.087	0.294964
0.088	0.296657
0.089	0.29834
0.09	0.300012
0.091	0.301676
0.092	0.303329
0.093	0.304974
0.094	0.306609
0.095	0.308235
0.096	0.309852
0.097	0.31146
0.098	0.313059
0.099	0.314651
0.1	0.316234
0.101	0.317809
0.102	0.319376
0.103	0.320935
0.104	0.322487
0.105	0.324032
0.106	0.325569
0.107	0.3271
0.108	0.328623
0.109	0.33014
0.11	0.33165
0.111	0.333154
0.112	0.334651
0.113	0.336142
0.114	0.337627
0.115	0.339105
0.116	0.340578
0.117	0.342044
0.118	0.343504
0.119	0.344958
0.12	0.346406
0.121	0.347848
0.122	0.349285
0.123	0.350715
0.124	0.352139
0.125	0.353558
0.126	0.354971
0.127	0.356378
0.128	0.35778
0.129	0.359175
0.13	0.360566
0.131	0.36195
0.132	0.363329
0.133	0.364703
0.134	0.366071
0.135	0.367434
0.136	0.368791
0.137	0.370144
0.138	0.371491
0.139	0.372833
0.14	0.374171
0.141	0.375503
0.142	0.376831
0.143	0.378154
0.144	0.379472
0.145	0.380786
0.146	0.382096
0.147	0.383401
0.148	0.384701
0.149	0.385998
0.15	0.38729
0.151	0.388578
0.152	0.389862
0.153	0.391142
0.154	0.392418
0.155	0.393691
0.156	0.394959
0.157	0.396223
0.158	0.397484
0.159	0.39874
0.16	0.399993
0.161	0.401242
0.162	0.402487
0.163	0.403729
0.164	0.404967
0.165	0.406201
0.166	0.407431
0.167	0.408658
0.168	0.409881
0.169	0.4111
0.17	0.412315
0.171	0.413527
0.172	0.414736
0.173	0.41594
0.174	0.417141
0.175	0.418338
0.176	0.419532
0.177	0.420723
0.178	0.421909
0.179	0.423093
0.18	0.424272
0.181	0.425449
0.182	0.426622
0.183	0.427792
0.184	0.428958
0.185	0.430121
0.186	0.431281
0.187	0.432438
0.188	0.433592
0.189	0.434742
0.19	0.43589
0.191	0.437034
0.192	0.438176
0.193	0.439314
0.194	0.44045
0.195	0.441583
0.196	0.442713
0.197	0.44384
0.198	0.444965
0.199	0.446087
0.2	0.447206
0.201	0.448322
0.202	0.449436
0.203	0.450547
0.204	0.451656
0.205	0.452762
0.206	0.453865
0.207	0.454966
0.208	0.456064
0.209	0.45716
0.21	0.458253
0.211	0.459344
0.212	0.460432
0.213	0.461518
0.214	0.462601
0.215	0.463681
0.216	0.464759
0.217	0.465835
0.218	0.466908
0.219	0.467978
0.22	0.469046
0.221	0.470112
0.222	0.471175
0.223	0.472235
0.224	0.473293
0.225	0.474349
0.226	0.475402
0.227	0.476453
0.228	0.477501
0.229	0.478547
0.23	0.47959
0.231	0.480631
0.232	0.48167
0.233	0.482707
0.234	0.483741
0.235	0.484773
0.236	0.485802
0.237	0.48683
0.238	0.487855
0.239	0.488878
0.24	0.489899
0.241	0.490917
0.242	0.491934
0.243	0.492949
0.244	0.493961
0.245	0.494972
0.246	0.49598
0.247	0.496986
0.248	0.497991
0.249	0.498993
0.25	0.499994
0.251	0.500993
0.252	0.501989
0.253	0.502984
0.254	0.503977
0.255	0.504968
0.256	0.505958
0.257	0.506945
0.258	0.507931
0.259	0.508915
0.26	0.509897
0.261	0.510877
0.262	0.511855
0.263	0.512832
0.264	0.513806
0.265	0.514779
0.266	0.51575
0.267	0.51672
0.268	0.517687
0.269	0.518653
0.27	0.519617
0.271	0.520579
0.272	0.521539
0.273	0.522497
0.274	0.523454
0.275	0.524409
0.276	0.525362
0.277	0.526313
0.278	0.527263
0.279	0.528211
0.28	0.529157
0.281	0.530101
0.282	0.531043
0.283	0.531984
0.284	0.532923
0.285	0.53386
0.286	0.534795
0.287	0.535729
0.288	0.536661
0.289	0.537592
0.29	0.53852
0.291	0.539448
0.292	0.540373
0.293	0.541297
0.294	0.542219
0.295	0.54314
0.296	0.544059
0.297	0.544977
0.298	0.545893
0.299	0.546807
0.3	0.54772
0.301	0.548632
0.302	0.549542
0.303	0.55045
0.304	0.551357
0.305	0.552263
0.306	0.553167
0.307	0.55407
0.308	0.554972
0.309	0.555872
0.31	0.55677
0.311	0.557668
0.312	0.558564
0.313	0.559458
0.314	0.560351
0.315	0.561243
0.316	0.562134
0.317	0.563023
0.318	0.563911
0.319	0.564797
0.32	0.565682
0.321	0.566566
0.322	0.567448
0.323	0.56833
0.324	0.569209
0.325	0.570088
0.326	0.570965
0.327	0.57184
0.328	0.572715
0.329	0.573587
0.33	0.574459
0.331	0.575329
0.332	0.576198
0.333	0.577066
0.334	0.577932
0.335	0.578797
0.336	0.57966
0.337	0.580522
0.338	0.581383
0.339	0.582243
0.34	0.583101
0.341	0.583958
0.342	0.584813
0.343	0.585667
0.344	0.58652
0.345	0.587372
0.346	0.588222
0.347	0.589071
0.348	0.589919
0.349	0.590765
0.35	0.591611
0.351	0.592455
0.352	0.593298
0.353	0.594139
0.354	0.594979
0.355	0.595819
0.356	0.596657
0.357	0.597494
0.358	0.598329
0.359	0.599164
0.36	0.599997
0.361	0.600829
0.362	0.601661
0.363	0.602491
0.364	0.60332
0.365	0.604148
0.366	0.604974
0.367	0.6058
0.368	0.606625
0.369	0.607448
0.37	0.608271
0.371	0.609092
0.372	0.609913
0.373	0.610732
0.374	0.611551
0.375	0.612368
0.376	0.613184
0.377	0.613999
0.378	0.614814
0.379	0.615627
0.38	0.616439
0.381	0.61725
0.382	0.61806
0.383	0.618869
0.384	0.619677
0.385	0.620484
0.386	0.621289
0.387	0.622094
0.388	0.622898
0.389	0.623701
0.39	0.624502
0.391	0.625303
0.392	0.626102
0.393	0.626901
0.394	0.627698
0.395	0.628495
0.396	0.62929
0.397	0.630084
0.398	0.630877
0.399	0.63167
0.4	0.632461
0.401	0.633251
0.402	0.63404
0.403	0.634828
0.404	0.635615
0.405	0.636401
0.406	0.637186
0.407	0.637969
0.408	0.638752
0.409	0.639534
0.41	0.640315
0.411	0.641095
0.412	0.641874
0.413	0.642652
0.414	0.643429
0.415	0.644205
0.416	0.64498
0.417	0.645755
0.418	0.646528
0.419	0.6473
0.42	0.648072
0.421	0.648843
0.422	0.649612
0.423	0.650381
0.424	0.651149
0.425	0.651916
0.426	0.652683
0.427	0.653448
0.428	0.654212
0.429	0.654976
0.43	0.655739
0.431	0.656501
0.432	0.657262
0.433	0.658023
0.434	0.658782
0.435	0.659541
0.436	0.660299
0.437	0.661056
0.438	0.661812
0.439	0.662567
0.44	0.663322
0.441	0.664076
0.442	0.664829
0.443	0.665581
0.444	0.666332
0.445	0.667082
0.446	0.667832
0.447	0.668581
0.448	0.669329
0.449	0.670076
0.45	0.670822
0.451	0.671567
0.452	0.672312
0.453	0.673056
0.454	0.673798
0.455	0.67454
0.456	0.675282
0.457	0.676022
0.458	0.676761
0.459	0.6775
0.46	0.678238
0.461	0.678974
0.462	0.679711
0.463	0.680446
0.464	0.68118
0.465	0.681914
0.466	0.682646
0.467	0.683378
0.468	0.684109
0.469	0.684839
0.47	0.685569
0.471	0.686297
0.472	0.687025
0.473	0.687752
0.474	0.688478
0.475	0.689204
0.476	0.689928
0.477	0.690652
0.478	0.691375
0.479	0.692098
0.48	0.692819
0.481	0.69354
0.482	0.69426
0.483	0.69498
0.484	0.695698
0.485	0.696416
0.486	0.697134
0.487	0.69785
0.488	0.698566
0.489	0.699281
0.49	0.699996
0.491	0.70071
0.492	0.701423
0.493	0.702135
0.494	0.702847
0.495	0.703558
0.496	0.704268
0.497	0.704978
0.498	0.705687
0.499	0.706395
0.5	0.707103
0.501	0.70781
0.502	0.708517
0.503	0.709222
0.504	0.709927
0.505	0.710632
0.506	0.711335
0.507	0.712038
0.508	0.712741
0.509	0.713442
0.51	0.714143
0.511	0.714843
0.512	0.715543
0.513	0.716242
0.514	0.71694
0.515	0.717637
0.516	0.718334
0.517	0.71903
0.518	0.719726
0.519	0.72042
0.52	0.721114
0.521	0.721807
0.522	0.7225
0.523	0.723192
0.524	0.723883
0.525	0.724573
0.526	0.725263
0.527	0.725952
0.528	0.72664
0.529	0.727328
0.53	0.728015
0.531	0.728701
0.532	0.729387
0.533	0.730071
0.534	0.730756
0.535	0.731439
0.536	0.732122
0.537	0.732804
0.538	0.733486
0.539	0.734167
0.54	0.734847
0.541	0.735527
0.542	0.736206
0.543	0.736884
0.544	0.737562
0.545	0.738239
0.546	0.738916
0.547	0.739592
0.548	0.740267
0.549	0.740942
0.55	0.741616
0.551	0.74229
0.552	0.742963
0.553	0.743636
0.554	0.744308
0.555	0.744979
0.556	0.74565
0.557	0.74632
0.558	0.74699
0.559	0.747659
0.56	0.748328
0.561	0.748996
0.562	0.749663
0.563	0.75033
0.564	0.750996
0.565	0.751662
0.566	0.752327
0.567	0.752992
0.568	0.753656
0.569	0.75432
0.57	0.754983
0.571	0.755645
0.572	0.756307
0.573	0.756968
0.574	0.757629
0.575	0.758289
0.576	0.758948
0.577	0.759607
0.578	0.760266
0.579	0.760923
0.58	0.76158
0.581	0.762237
0.582	0.762893
0.583	0.763548
0.584	0.764203
0.585	0.764857
0.586	0.765511
0.587	0.766163
0.588	0.766816
0.589	0.767467
0.59	0.768119
0.591	0.768769
0.592	0.769419
0.593	0.770068
0.594	0.770717
0.595	0.771365
0.596	0.772013
0.597	0.77266
0.598	0.773306
0.599	0.773952
0.6	0.774598
0.601	0.775243
0.602	0.775887
0.603	0.776531
0.604	0.777174
0.605	0.777816
0.606	0.778459
0.607	0.7791
0.608	0.779741
0.609	0.780382
0.61	0.781022
0.611	0.781662
0.612	0.782301
0.613	0.78294
0.614	0.783578
0.615	0.784215
0.616	0.784853
0.617	0.785489
0.618	0.786126
0.619	0.786761
0.62	0.787397
0.621	0.788032
0.622	0.788666
0.623	0.7893
0.624	0.789933
0.625	0.790566
0.626	0.791199
0.627	0.791831
0.628	0.792462
0.629	0.793094
0.63	0.793724
0.631	0.794354
0.632	0.794984
0.633	0.795613
0.634	0.796242
0.635	0.79687
0.636	0.797497
0.637	0.798124
0.638	0.798751
0.639	0.799377
0.64	0.800003
0.641	0.800628
0.642	0.801252
0.643	0.801876
0.644	0.8025
0.645	0.803123
0.646	0.803745
0.647	0.804367
0.648	0.804988
0.649	0.805609
0.65	0.80623
0.651	0.80685
0.652	0.807469
0.653	0.808088
0.654	0.808706
0.655	0.809324
0.656	0.809941
0.657	0.810558
0.658	0.811174
0.659	0.81179
0.66	0.812405
0.661	0.81302
0.662	0.813634
0.663	0.814248
0.664	0.814862
0.665	0.815474
0.666	0.816087
0.667	0.816699
0.668	0.817311
0.669	0.817922
0.67	0.818533
0.671	0.819143
0.672	0.819753
0.673	0.820362
0.674	0.820971
0.675	0.82158
0.676	0.822188
0.677	0.822796
0.678	0.823404
0.679	0.824011
0.68	0.824617
0.681	0.825224
0.682	0.825829
0.683	0.826435
0.684	0.82704
0.685	0.827644
0.686	0.828249
0.687	0.828853
0.688	0.829456
0.689	0.830059
0.69	0.830661
0.691	0.831264
0.692	0.831865
0.693	0.832467
0.694	0.833067
0.695	0.833668
0.696	0.834268
0.697	0.834867
0.698	0.835466
0.699	0.836065
0.7	0.836663
0.701	0.837261
0.702	0.837858
0.703	0.838455
0.704	0.839051
0.705	0.839647
0.706	0.840242
0.707	0.840837
0.708	0.841431
0.709	0.842025
0.71	0.842619
0.711	0.843212
0.712	0.843804
0.713	0.844396
0.714	0.844988
0.715	0.845579
0.716	0.84617
0.717	0.84676
0.718	0.84735
0.719	0.847939
0.72	0.848528
0.721	0.849117
0.722	0.849705
0.723	0.850293
0.724	0.850881
0.725	0.851468
0.726	0.852054
0.727	0.85264
0.728	0.853226
0.729	0.853812
0.73	0.854397
0.731	0.854982
0.732	0.855566
0.733	0.85615
0.734	0.856734
0.735	0.857317
0.736	0.857901
0.737	0.858483
0.738	0.859066
0.739	0.859648
0.74	0.860229
0.741	0.860811
0.742	0.861392
0.743	0.861972
0.744	0.862552
0.745	0.863132
0.746	0.863712
0.747	0.864291
0.748	0.86487
0.749	0.865448
0.75	0.866026
0.751	0.866604
0.752	0.867181
0.753	0.867758
0.754	0.868334
0.755	0.86891
0.756	0.869486
0.757	0.870061
0.758	0.870635
0.759	0.87121
0.76	0.871784
0.761	0.872357
0.762	0.87293
0.763	0.873503
0.764	0.874075
0.765	0.874646
0.766	0.875218
0.767	0.875789
0.768	0.876359
0.769	0.876929
0.77	0.877499
0.771	0.878068
0.772	0.878637
0.773	0.879205
0.774	0.879773
0.775	0.880341
0.776	0.880908
0.777	0.881475
0.778	0.882042
0.779	0.882608
0.78	0.883174
0.781	0.88374
0.782	0.884305
0.783	0.88487
0.784	0.885434
0.785	0.885999
0.786	0.886563
0.787	0.887126
0.788	0.88769
0.789	0.888253
0.79	0.888816
0.791	0.889378
0.792	0.88994
0.793	0.890502
0.794	0.891064
0.795	0.891625
0.796	0.892186
0.797	0.892747
0.798	0.893307
0.799	0.893867
0.8	0.894427
0.801	0.894986
0.802	0.895545
0.803	0.896104
0.804	0.896662
0.805	0.89722
0.806	0.897777
0.807	0.898335
0.808	0.898891
0.809	0.899448
0.81	0.900004
0.811	0.900559
0.812	0.901114
0.813	0.901669
0.814	0.902223
0.815	0.902777
0.816	0.903331
0.817	0.903884
0.818	0.904437
0.819	0.904989
0.82	0.905541
0.821	0.906093
0.822	0.906644
0.823	0.907195
0.824	0.907745
0.825	0.908295
0.826	0.908845
0.827	0.909394
0.828	0.909944
0.829	0.910492
0.83	0.911041
0.831	0.911589
0.832	0.912137
0.833	0.912685
0.834	0.913232
0.835	0.913779
0.836	0.914326
0.837	0.914873
0.838	0.915419
0.839	0.915966
0.84	0.916511
0.841	0.917057
0.842	0.917602
0.843	0.918148
0.844	0.918692
0.845	0.919237
0.846	0.919781
0.847	0.920325
0.848	0.920869
0.849	0.921412
0.85	0.921955
0.851	0.922498
0.852	0.92304
0.853	0.923582
0.854	0.924124
0.855	0.924665
0.856	0.925206
0.857	0.925747
0.858	0.926287
0.859	0.926827
0.86	0.927366
0.861	0.927905
0.862	0.928443
0.863	0.928981
0.864	0.929519
0.865	0.930057
0.866	0.930594
0.867	0.93113
0.868	0.931666
0.869	0.932202
0.87	0.932738
0.871	0.933273
0.872	0.933808
0.873	0.934343
0.874	0.934877
0.875	0.935412
0.876	0.935946
0.877	0.936479
0.878	0.937013
0.879	0.937546
0.88	0.938079
0.881	0.938612
0.882	0.939144
0.883	0.939677
0.884	0.940209
0.885	0.940741
0.886	0.941273
0.887	0.941805
0.888	0.942336
0.889	0.942867
0.89	0.943398
0.891	0.943928
0.892	0.944459
0.893	0.944988
0.894	0.945518
0.895	0.946047
0.896	0.946576
0.897	0.947105
0.898	0.947633
0.899	0.94816
0.9	0.948688
0.901	0.949214
0.902	0.949741
0.903	0.950267
0.904	0.950793
0.905	0.951318
0.906	0.951843
0.907	0.952367
0.908	0.952891
0.909	0.953415
0.91	0.953939
0.911	0.954462
0.912	0.954985
0.913	0.955508
0.914	0.95603
0.915	0.956553
0.916	0.957075
0.917	0.957597
0.918	0.958119
0.919	0.95864
0.92	0.959162
0.921	0.959684
0.922	0.960205
0.923	0.960726
0.924	0.961247
0.925	0.961768
0.926	0.962288
0.927	0.962809
0.928	0.963329
0.929	0.963849
0.93	0.964368
0.931	0.964887
0.932	0.965406
0.933	0.965924
0.934	0.966441
0.935	0.966959
0.936	0.967475
0.937	0.967992
0.938	0.968508
0.939	0.969023
0.94	0.969538
0.941	0.970053
0.942	0.970567
0.943	0.971081
0.944	0.971595
0.945	0.972108
0.946	0.972622
0.947	0.973135
0.948	0.973648
0.949	0.974161
0.95	0.974675
0.951	0.975188
0.952	0.975701
0.953	0.976214
0.954	0.976727
0.955	0.97724
0.956	0.977753
0.957	0.978265
0.958	0.978777
0.959	0.979289
0.96	0.9798
0.961	0.980311
0.962	0.980821
0.963	0.981331
0.964	0.98184
0.965	0.982348
0.966	0.982856
0.967	0.983363
0.968	0.98387
0.969	0.984376
0.97	0.984883
0.971	0.985389
0.972	0.985895
0.973	0.986402
0.974	0.986909
0.975	0.987416
0.976	0.987924
0.977	0.988431
0.978	0.988939
0.979	0.989446
0.98	0.989953
0.981	0.99046
0.982	0.990965
0.983	0.99147
0.984	0.991973
0.985	0.992475
0.986	0.992976
0.987	0.993476
0.988	0.993977
0.989	0.994478
0.99	0.99498
0.991	0.995484
0.992	0.99599
0.993	0.996496
0.994	0.997002
0.995	0.997505
0.996	0.998004
0.997	0.998499
0.998	0.99899
0.999	0.999491
