# Interpolation data for function: sqrt(x)
0	0.0557826
0.001	0.0602102
0.002	0.0645814
0.003	0.0688971
0.004	0.073158
0.005	0.077365
0.006	0.0815189
0.007	0.0856203
0.008	0.0896702
0.009	0.0936691
0.01	0.097618
0.011	0.101517
0.012	0.105368
0.013	0.109171
0.014	0.112927
0.015	0.116636
0.016	0.120299
0.017	0.123917
0.018	0.12749
0.019	0.13102
0.02	0.134507
0.021	0.137951
0.022	0.141353
0.023	0.144714
0.024	0.148035
0.025	0.151315
0.026	0.154556
0.027	0.157758
0.028	0.160923
0.029	0.164049
0.03	0.167139
0.031	0.170192
0.032	0.173209
0.033	0.176191
0.034	0.179139
0.035	0.182052
0.036	0.184931
0.037	0.187778
0.038	0.190592
0.039	0.193373
0.04	0.196124
0.041	0.198843
0.042	0.201531
0.043	0.20419
0.044	0.206819
0.045	0.209419
0.046	0.21199
0.047	0.214533
0.048	0.217048
0.049	0.219537
0.05	0.221998
0.051	0.224433
0.052	0.226842
0.053	0.229226
0.054	0.231584
0.055	0.233918
0.056	0.236228
0.057	0.238514
0.058	0.240777
0.059	0.243016
0.06	0.245233
0.061	0.247428
0.062	0.2496
0.063	0.251752
0.064	0.253882
0.065	0.255991
0.066	0.25808
0.067	0.260149
0.068	0.262198
0.069	0.264228
0.07	0.266239
0.071	0.268231
0.072	0.270205
0.073	0.272161
0.074	0.274099
0.075	0.27602
0.076	0.277923
0.077	0.27981
0.078	0.28168
0.079	0.283535
0.08	0.285373
0.081	0.287195
0.082	0.289003
0.083	0.290795
0.084	0.292573
0.085	0.294336
0.086	0.296084
0.087	0.297819
0.088	0.29954
0.089	0.301248
0.09	0.302942
0.091	0.304624
0.092	0.306292
0.093	0.307949
0.094	0.309592
0.095	0.311224
0.096	0.312845
0.097	0.314453
0.098	0.31605
0.099	0.317636
0.1	0.319211
0.101	0.320776
0.102	0.32233
0.103	0.323873
0.104	0.325407
0.105	0.32693
0.106	0.328444
0.107	0.329948
0.108	0.331443
0.109	0.332929
0.11	0.334405
0.111	0.335873
0.112	0.337332
0.113	0.338783
0.114	0.340225
0.115	0.34166
0.116	0.343086
0.117	0.344504
0.118	0.345915
0.119	0.347318
0.12	0.348714
0.121	0.350103
0.122	0.351484
0.123	0.352859
0.124	0.354227
0.125	0.355588
0.126	0.356942
0.127	0.358291
0.128	0.359632
0.129	0.360968
0.13	0.362298
0.131	0.363622
0.132	0.36494
0.133	0.366252
0.134	0.367559
0.135	0.36886
0.136	0.370156
0.137	0.371447
0.138	0.372732
0.139	0.374013
0.14	0.375289
0.141	0.376559
0.142	0.377826
0.143	0.379087
0.144	0.380344
0.145	0.381596
0.146	0.382845
0.147	0.384088
0.148	0.385328
0.149	0.386564
0.15	0.387795
0.151	0.389023
0.152	0.390246
0.153	0.391466
0.154	0.392682
0.155	0.393895
0.156	0.395104
0.157	0.396309
0.158	0.397511
0.159	0.39871
0.16	0.399905
0.161	0.401097
0.162	0.402286
0.163	0.403472
0.164	0.404655
0.165	0.405834
0.166	0.407011
0.167	0.408185
0.168	0.409356
0.169	0.410524
0.17	0.41169
0.171	0.412852
0.172	0.414012
0.173	0.41517
0.174	0.416325
0.175	0.417477
0.176	0.418627
0.177	0.419775
0.178	0.42092
0.179	0.422062
0.18	0.423203
0.181	0.424341
0.182	0.425477
0.183	0.42661
0.184	0.427742
0.185	0.428871
0.186	0.429998
0.187	0.431123
0.188	0.432247
0.189	0.433368
0.19	0.434487
0.191	0.435604
0.192	0.436719
0.193	0.437832
0.194	0.438943
0.195	0.440053
0.196	0.44116
0.197	0.442266
0.198	0.44337
0.199	0.444472
0.2	0.445572
0.201	0.446671
0.202	0.447768
0.203	0.448863
0.204	0.449956
0.205	0.451048
0.206	0.452138
0.207	0.453226
0.208	0.454313
0.209	0.455398
0.21	0.456482
0.211	0.457564
0.212	0.458644
0.213	0.459722
0.214	0.4608
0.215	0.461875
0.216	0.462949
0.217	0.464021
0.218	0.465092
0.219	0.466162
0.22	0.46723
0.221	0.468296
0.222	0.469361
0.223	0.470424
0.224	0.471486
0.225	0.472546
0.226	0.473605
0.227	0.474662
0.228	0.475718
0.229	0.476772
0.23	0.477825
0.231	0.478876
0.232	0.479926
0.233	0.480974
0.234	0.482021
0.235	0.483066
0.236	0.48411
0.237	0.485153
0.238	0.486194
0.239	0.487233
0.24	0.488271
0.241	0.489308
0.242	0.490343
0.243	0.491376
0.244	0.492408
0.245	0.493439
0.246	0.494468
0.247	0.495496
0.248	0.496522
0.249	0.497547
0.25	0.49857
0.251	0.499592
0.252	0.500612
0.253	0.50163
0.254	0.502648
0.255	0.503663
0.256	0.504678
0.257	0.50569
0.258	0.506701
0.259	0.507711
0.26	0.508719
0.261	0.509726
0.262	0.510731
0.263	0.511735
0.264	0.512737
0.265	0.513737
0.266	0.514736
0.267	0.515733
0.268	0.516729
0.269	0.517723
0.27	0.518716
0.271	0.519707
0.272	0.520697
0.273	0.521685
0.274	0.522671
0.275	0.523656
0.276	0.524639
0.277	0.525621
0.278	0.526601
0.279	0.52758
0.28	0.528557
0.281	0.529532
0.282	0.530505
0.283	0.531477
0.284	0.532448
0.285	0.533417
0.286	0.534384
0.287	0.535349
0.288	0.536313
0.289	0.537275
0.29	0.538236
0.291	0.539195
0.292	0.540152
0.293	0.541108
0.294	0.542062
0.295	0.543014
0.296	0.543965
0.297	0.544914
0.298	0.545861
0.299	0.546807
0.3	0.547751
0.301	0.548693
0.302	0.549633
0.303	0.550572
0.304	0.55151
0.305	0.552445
0.306	0.553379
0.307	0.554311
0.308	0.555241
0.309	0.55617
0.31	0.557097
0.311	0.558022
0.312	0.558946
0.313	0.559868
0.314	0.560788
0.315	0.561706
0.316	0.562623
0.317	0.563538
0.318	0.564451
0.319	0.565363
0.32	0.566273
0.321	0.567181
0.322	0.568087
0.323	0.568992
0.324	0.569895
0.325	0.570796
0.326	0.571695
0.327	0.572593
0.328	0.573489
0.329	0.574383
0.33	0.575276
0.331	0.576167
0.332	0.577056
0.333	0.577943
0.334	0.578829
0.335	0.579713
0.336	0.580595
0.337	0.581476
0.338	0.582354
0.339	0.583232
0.34	0.584107
0.341	0.584981
0.342	0.585853
0.343	0.586723
0.344	0.587591
0.345	0.588458
0.346	0.589323
0.347	0.590187
0.348	0.591049
0.349	0.591909
0.35	0.592767
0.351	0.593624
0.352	0.594479
0.353	0.595332
0.354	0.596184
0.355	0.597034
0.356	0.597882
0.357	0.598729
0.358	0.599574
0.359	0.600417
0.36	0.601259
0.361	0.602099
0.362	0.602937
0.363	0.603774
0.364	0.604609
0.365	0.605443
0.366	0.606275
0.367	0.607105
0.368	0.607934
0.369	0.608761
0.37	0.609586
0.371	0.61041
0.372	0.611233
0.373	0.612053
0.374	0.612872
0.375	0.61369
0.376	0.614506
0.377	0.615321
0.378	0.616134
0.379	0.616945
0.38	0.617755
0.381	0.618563
0.382	0.61937
0.383	0.620175
0.384	0.620979
0.385	0.621781
0.386	0.622582
0.387	0.623382
0.388	0.624179
0.389	0.624976
0.39	0.625771
0.391	0.626564
0.392	0.627356
0.393	0.628147
0.394	0.628936
0.395	0.629724
0.396	0.63051
0.397	0.631295
0.398	0.632079
0.399	0.632861
0.4	0.633642
0.401	0.634421
0.402	0.635199
0.403	0.635976
0.404	0.636751
0.405	0.637525
0.406	0.638298
0.407	0.639069
0.408	0.639839
0.409	0.640608
0.41	0.641376
0.411	0.642142
0.412	0.642907
0.413	0.643671
0.414	0.644433
0.415	0.645194
0.416	0.645954
0.417	0.646713
0.418	0.647471
0.419	0.648227
0.42	0.648982
0.421	0.649736
0.422	0.650489
0.423	0.651241
0.424	0.651991
0.425	0.652741
0.426	0.653489
0.427	0.654236
0.428	0.654982
0.429	0.655727
0.43	0.656471
0.431	0.657214
0.432	0.657955
0.433	0.658696
0.434	0.659435
0.435	0.660174
0.436	0.660912
0.437	0.661648
0.438	0.662383
0.439	0.663118
0.44	0.663851
0.441	0.664584
0.442	0.665315
0.443	0.666046
0.444	0.666776
0.445	0.667504
0.446	0.668232
0.447	0.668959
0.448	0.669685
0.449	0.67041
0.45	0.671134
0.451	0.671857
0.452	0.67258
0.453	0.673301
0.454	0.674022
0.455	0.674742
0.456	0.675461
0.457	0.676179
0.458	0.676896
0.459	0.677613
0.46	0.678329
0.461	0.679044
0.462	0.679758
0.463	0.680471
0.464	0.681184
0.465	0.681896
0.466	0.682607
0.467	0.683318
0.468	0.684028
0.469	0.684737
0.47	0.685445
0.471	0.686153
0.472	0.68686
0.473	0.687566
0.474	0.688272
0.475	0.688977
0.476	0.689682
0.477	0.690385
0.478	0.691088
0.479	0.691791
0.48	0.692493
0.481	0.693194
0.482	0.693895
0.483	0.694595
0.484	0.695295
0.485	0.695994
0.486	0.696692
0.487	0.69739
0.488	0.698087
0.489	0.698784
0.49	0.699481
0.491	0.700176
0.492	0.700872
0.493	0.701566
0.494	0.702261
0.495	0.702954
0.496	0.703648
0.497	0.704341
0.498	0.705033
0.499	0.705725
0.5	0.706416
0.501	0.707107
0.502	0.707798
0.503	0.708488
0.504	0.709177
0.505	0.709867
0.506	0.710556
0.507	0.711244
0.508	0.711932
0.509	0.71262
0.51	0.713307
0.511	0.713994
0.512	0.71468
0.513	0.715366
0.514	0.716052
0.515	0.716737
0.516	0.717422
0.517	0.718107
0.518	0.718791
0.519	0.719475
0.52	0.720159
0.521	0.720842
0.522	0.721525
0.523	0.722208
0.524	0.72289
0.525	0.723572
0.526	0.724254
0.527	0.724935
0.528	0.725616
0.529	0.726297
0.53	0.726977
0.531	0.727658
0.532	0.728337
0.533	0.729017
0.534	0.729696
0.535	0.730375
0.536	0.731054
0.537	0.731732
0.538	0.732411
0.539	0.733089
0.54	0.733766
0.541	0.734444
0.542	0.735121
0.543	0.735798
0.544	0.736474
0.545	0.737151
0.546	0.737827
0.547	0.738502
0.548	0.739178
0.549	0.739853
0.55	0.740528
0.551	0.741203
0.552	0.741878
0.553	0.742552
0.554	0.743226
0.555	0.7439
0.556	0.744574
0.557	0.745247
0.558	0.74592
0.559	0.746593
0.56	0.747266
0.561	0.747938
0.562	0.74861
0.563	0.749282
0.564	0.749954
0.565	0.750625
0.566	0.751296
0.567	0.751967
0.568	0.752638
0.569	0.753308
0.57	0.753978
0.571	0.754648
0.572	0.755318
0.573	0.755987
0.574	0.756656
0.575	0.757325
0.576	0.757994
0.577	0.758662
0.578	0.75933
0.579	0.759998
0.58	0.760665
0.581	0.761333
0.582	0.762
0.583	0.762667
0.584	0.763333
0.585	0.763999
0.586	0.764665
0.587	0.765331
0.588	0.765996
0.589	0.766661
0.59	0.767326
0.591	0.76799
0.592	0.768655
0.593	0.769318
0.594	0.769982
0.595	0.770645
0.596	0.771308
0.597	0.771971
0.598	0.772633
0.599	0.773295
0.6	0.773957
0.601	0.774618
0.602	0.775279
0.603	0.77594
0.604	0.7766
0.605	0.77726
0.606	0.77792
0.607	0.778579
0.608	0.779238
0.609	0.779897
0.61	0.780555
0.611	0.781213
0.612	0.78187
0.613	0.782527
0.614	0.783184
0.615	0.78384
0.616	0.784496
0.617	0.785151
0.618	0.785806
0.619	0.786461
0.62	0.787115
0.621	0.787769
0.622	0.788422
0.623	0.789075
0.624	0.789728
0.625	0.79038
0.626	0.791031
0.627	0.791683
0.628	0.792333
0.629	0.792984
0.63	0.793633
0.631	0.794283
0.632	0.794931
0.633	0.79558
0.634	0.796228
0.635	0.796875
0.636	0.797522
0.637	0.798168
0.638	0.798814
0.639	0.799459
0.64	0.800104
0.641	0.800748
0.642	0.801392
0.643	0.802035
0.644	0.802678
0.645	0.80332
0.646	0.803961
0.647	0.804602
0.648	0.805242
0.649	0.805882
0.65	0.806521
0.651	0.80716
0.652	0.807798
0.653	0.808435
0.654	0.809072
0.655	0.809708
0.656	0.810344
0.657	0.810979
0.658	0.811613
0.659	0.812247
0.66	0.81288
0.661	0.813513
0.662	0.814144
0.663	0.814776
0.664	0.815406
0.665	0.816036
0.666	0.816665
0.667	0.817294
0.668	0.817921
0.669	0.818548
0.67	0.819175
0.671	0.819801
0.672	0.820426
0.673	0.82105
0.674	0.821674
0.675	0.822297
0.676	0.822919
0.677	0.82354
0.678	0.824161
0.679	0.824781
0.68	0.8254
0.681	0.826019
0.682	0.826637
0.683	0.827254
0.684	0.82787
0.685	0.828486
0.686	0.829101
0.687	0.829715
0.688	0.830328
0.689	0.830941
0.69	0.831552
0.691	0.832163
0.692	0.832774
0.693	0.833383
0.694	0.833992
0.695	0.8346
0.696	0.835207
0.697	0.835813
0.698	0.836418
0.699	0.837023
0.7	0.837627
0.701	0.83823
0.702	0.838832
0.703	0.839434
0.704	0.840034
0.705	0.840634
0.706	0.841233
0.707	0.841832
0.708	0.842429
0.709	0.843026
0.71	0.843621
0.711	0.844216
0.712	0.844811
0.713	0.845404
0.714	0.845996
0.715	0.846588
0.716	0.847179
0.717	0.847769
0.718	0.848358
0.719	0.848947
0.72	0.849534
0.721	0.850121
0.722	0.850707
0.723	0.851292
0.724	0.851876
0.725	0.85246
0.726	0.853043
0.727	0.853624
0.728	0.854205
0.729	0.854786
0.73	0.855365
0.731	0.855944
0.732	0.856522
0.733	0.857099
0.734	0.857675
0.735	0.85825
0.736	0.858825
0.737	0.859399
0.738	0.859972
0.739	0.860544
0.74	0.861115
0.741	0.861686
0.742	0.862256
0.743	0.862825
0.744	0.863393
0.745	0.863961
0.746	0.864528
0.747	0.865094
0.748	0.865659
0.749	0.866224
0.75	0.866788
0.751	0.867351
0.752	0.867913
0.753	0.868475
0.754	0.869036
0.755	0.869596
0.756	0.870155
0.757	0.870714
0.758	0.871272
0.759	0.871829
0.76	0.872386
0.761	0.872942
0.762	0.873498
0.763	0.874052
0.764	0.874606
0.765	0.87516
0.766	0.875713
0.767	0.876265
0.768	0.876816
0.769	0.877367
0.77	0.877917
0.771	0.878467
0.772	0.879016
0.773	0.879565
0.774	0.880112
0.775	0.88066
0.776	0.881207
0.777	0.881753
0.778	0.882299
0.779	0.882844
0.78	0.883388
0.781	0.883933
0.782	0.884476
0.783	0.885019
0.784	0.885562
0.785	0.886104
0.786	0.886646
0.787	0.887188
0.788	0.887728
0.789	0.888269
0.79	0.888809
0.791	0.889349
0.792	0.889888
0.793	0.890427
0.794	0.890965
0.795	0.891503
0.796	0.892041
0.797	0.892579
0.798	0.893116
0.799	0.893653
0.8	0.894189
0.801	0.894726
0.802	0.895262
0.803	0.895797
0.804	0.896333
0.805	0.896868
0.806	0.897403
0.807	0.897938
0.808	0.898472
0.809	0.899007
0.81	0.899541
0.811	0.900075
0.812	0.900609
0.813	0.901143
0.814	0.901677
0.815	0.90221
0.816	0.902744
0.817	0.903277
0.818	0.903811
0.819	0.904344
0.82	0.904877
0.821	0.90541
0.822	0.905944
0.823	0.906477
0.824	0.90701
0.825	0.907543
0.826	0.908076
0.827	0.90861
0.828	0.909143
0.829	0.909677
0.83	0.91021
0.831	0.910744
0.832	0.911278
0.833	0.911811
0.834	0.912345
0.835	0.91288
0.836	0.913414
0.837	0.913948
0.838	0.914483
0.839	0.915018
0.84	0.915553
0.841	0.916088
0.842	0.916624
0.843	0.91716
0.844	0.917696
0.845	0.918232
0.846	0.918768
0.847	0.919305
0.848	0.919842
0.849	0.92038
0.85	0.920918
0.851	0.921456
0.852	0.921994
0.853	0.922533
0.854	0.923072
0.855	0.923612
0.856	0.924151
0.857	0.924692
0.858	0.925232
0.859	0.925773
0.86	0.926315
0.861	0.926857
0.862	0.927399
0.863	0.927942
0.864	0.928485
0.865	0.929028
0.866	0.929572
0.867	0.930117
0.868	0.930662
0.869	0.931207
0.87	0.931753
0.871	0.932299
0.872	0.932846
0.873	0.933393
0.874	0.93394
0.875	0.934488
0.876	0.935037
0.877	0.935586
0.878	0.936136
0.879	0.936685
0.88	0.937236
0.881	0.937787
0.882	0.938338
0.883	0.93889
0.884	0.939442
0.885	0.939995
0.886	0.940548
0.887	0.941101
0.888	0.941655
0.889	0.94221
0.89	0.942765
0.891	0.94332
0.892	0.943875
0.893	0.944431
0.894	0.944988
0.895	0.945544
0.896	0.946102
0.897	0.946659
0.898	0.947217
0.899	0.947775
0.9	0.948333
0.901	0.948892
0.902	0.94945
0.903	0.950009
0.904	0.950569
0.905	0.951128
0.906	0.951688
0.907	0.952248
0.908	0.952808
0.909	0.953368
0.91	0.953928
0.911	0.954488
0.912	0.955048
0.913	0.955608
0.914	0.956168
0.915	0.956728
0.916	0.957288
0.917	0.957848
0.918	0.958407
0.919	0.958967
0.92	0.959526
0.921	0.960085
0.922	0.960643
0.923	0.961201
0.924	0.961759
0.925	0.962316
0.926	0.962873
0.927	0.963429
0.928	0.963985
0.929	0.96454
0.93	0.965094
0.931	0.965647
0.932	0.9662
0.933	0.966752
0.934	0.967302
0.935	0.967852
0.936	0.968401
0.937	0.968949
0.938	0.969495
0.939	0.97004
0.94	0.970584
0.941	0.971127
0.942	0.971668
0.943	0.972207
0.944	0.972745
0.945	0.973281
0.946	0.973816
0.947	0.974348
0.948	0.974879
0.949	0.975408
0.95	0.975934
0.951	0.976458
0.952	0.97698
0.953	0.9775
0.954	0.978017
0.955	0.978532
0.956	0.979044
0.957	0.979553
0.958	0.980059
0.959	0.980562
0.96	0.981062
0.961	0.981559
0.962	0.982052
0.963	0.982542
0.964	0.983029
0.965	0.983512
0.966	0.98399
0.967	0.984465
0.968	0.984936
0.969	0.985403
0.97	0.985865
0.971	0.986323
0.972	0.986776
0.973	0.987224
0.974	0.987668
0.975	0.988106
0.976	0.988539
0.977	0.988967
0.978	0.989389
0.979	0.989806
0.98	0.990216
0.981	0.990621
0.982	0.991019
0.983	0.991411
0.984	0.991797
0.985	0.992175
0.986	0.992547
0.987	0.992911
0.988	0.993269
0.989	0.993618
0.99	0.99396
0.991	0.994294
0.992	0.99462
0.993	0.994938
0.994	0.995247
0.995	0.995548
0.996	0.995839
0.997	0.996121
0.998	0.996394
0.999	0.996657
