# Interpolation data for function: sqrt(x)
0	0.0322663
0.001	0.0398408
0.002	0.0471277
0.003	0.0541395
0.004	0.0608887
0.005	0.0673868
0.006	0.0736454
0.007	0.0796754
0.008	0.0854871
0.009	0.0910908
0.01	0.0964961
0.011	0.101712
0.012	0.106748
0.013	0.111613
0.014	0.116314
0.015	0.12086
0.016	0.125258
0.017	0.129515
0.018	0.133638
0.019	0.137635
0.02	0.141511
0.021	0.145272
0.022	0.148925
0.023	0.152475
0.024	0.155926
0.025	0.159286
0.026	0.162557
0.027	0.165745
0.028	0.168854
0.029	0.171888
0.03	0.174852
0.031	0.17775
0.032	0.180584
0.033	0.183358
0.034	0.186076
0.035	0.188741
0.036	0.191355
0.037	0.193922
0.038	0.196444
0.039	0.198924
0.04	0.201364
0.041	0.203766
0.042	0.206132
0.043	0.208465
0.044	0.210767
0.045	0.213038
0.046	0.215282
0.047	0.217499
0.048	0.219691
0.049	0.221859
0.05	0.224005
0.051	0.226129
0.052	0.228234
0.053	0.23032
0.054	0.232388
0.055	0.234439
0.056	0.236474
0.057	0.238493
0.058	0.240499
0.059	0.24249
0.06	0.244468
0.061	0.246433
0.062	0.248387
0.063	0.250329
0.064	0.25226
0.065	0.25418
0.066	0.256089
0.067	0.257989
0.068	0.259879
0.069	0.26176
0.07	0.263632
0.071	0.265495
0.072	0.267349
0.073	0.269194
0.074	0.271032
0.075	0.272861
0.076	0.274681
0.077	0.276494
0.078	0.278299
0.079	0.280096
0.08	0.281885
0.081	0.283667
0.082	0.28544
0.083	0.287206
0.084	0.288964
0.085	0.290715
0.086	0.292458
0.087	0.294193
0.088	0.29592
0.089	0.29764
0.09	0.299351
0.091	0.301055
0.092	0.302752
0.093	0.30444
0.094	0.30612
0.095	0.307793
0.096	0.309457
0.097	0.311114
0.098	0.312762
0.099	0.314403
0.1	0.316035
0.101	0.31766
0.102	0.319276
0.103	0.320884
0.104	0.322484
0.105	0.324076
0.106	0.325659
0.107	0.327235
0.108	0.328802
0.109	0.330361
0.11	0.331912
0.111	0.333455
0.112	0.334989
0.113	0.336516
0.114	0.338034
0.115	0.339544
0.116	0.341046
0.117	0.34254
0.118	0.344026
0.119	0.345504
0.12	0.346974
0.121	0.348437
0.122	0.349891
0.123	0.351338
0.124	0.352777
0.125	0.354208
0.126	0.355632
0.127	0.357048
0.128	0.358457
0.129	0.359858
0.13	0.361252
0.131	0.362639
0.132	0.364019
0.133	0.365392
0.134	0.366758
0.135	0.368117
0.136	0.369469
0.137	0.370815
0.138	0.372154
0.139	0.373487
0.14	0.374813
0.141	0.376133
0.142	0.377447
0.143	0.378755
0.144	0.380057
0.145	0.381354
0.146	0.382644
0.147	0.383929
0.148	0.385209
0.149	0.386483
0.15	0.387752
0.151	0.389016
0.152	0.390274
0.153	0.391528
0.154	0.392777
0.155	0.394022
0.156	0.395262
0.157	0.396497
0.158	0.397728
0.159	0.398955
0.16	0.400177
0.161	0.401396
0.162	0.402611
0.163	0.403821
0.164	0.405028
0.165	0.406232
0.166	0.407432
0.167	0.408628
0.168	0.409821
0.169	0.411011
0.17	0.412198
0.171	0.413381
0.172	0.414562
0.173	0.41574
0.174	0.416915
0.175	0.418087
0.176	0.419256
0.177	0.420423
0.178	0.421587
0.179	0.422749
0.18	0.423908
0.181	0.425065
0.182	0.42622
0.183	0.427372
0.184	0.428523
0.185	0.429671
0.186	0.430817
0.187	0.431961
0.188	0.433103
0.189	0.434243
0.19	0.435381
0.191	0.436517
0.192	0.437652
0.193	0.438784
0.194	0.439915
0.195	0.441044
0.196	0.442172
0.197	0.443297
0.198	0.444421
0.199	0.445543
0.2	0.446664
0.201	0.447783
0.202	0.4489
0.203	0.450015
0.204	0.451129
0.205	0.452241
0.206	0.453352
0.207	0.454461
0.208	0.455568
0.209	0.456673
0.21	0.457777
0.211	0.458879
0.212	0.45998
0.213	0.461079
0.214	0.462176
0.215	0.463271
0.216	0.464364
0.217	0.465456
0.218	0.466546
0.219	0.467634
0.22	0.46872
0.221	0.469804
0.222	0.470887
0.223	0.471967
0.224	0.473045
0.225	0.474122
0.226	0.475196
0.227	0.476269
0.228	0.477339
0.229	0.478408
0.23	0.479474
0.231	0.480538
0.232	0.481599
0.233	0.482659
0.234	0.483716
0.235	0.484771
0.236	0.485824
0.237	0.486875
0.238	0.487923
0.239	0.488968
0.24	0.490011
0.241	0.491052
0.242	0.492091
0.243	0.493126
0.244	0.49416
0.245	0.495191
0.246	0.496219
0.247	0.497244
0.248	0.498267
0.249	0.499288
0.25	0.500306
0.251	0.501321
0.252	0.502333
0.253	0.503343
0.254	0.50435
0.255	0.505354
0.256	0.506356
0.257	0.507354
0.258	0.50835
0.259	0.509344
0.26	0.510334
0.261	0.511322
0.262	0.512307
0.263	0.513289
0.264	0.514269
0.265	0.515245
0.266	0.516219
0.267	0.51719
0.268	0.518159
0.269	0.519125
0.27	0.520088
0.271	0.521048
0.272	0.522005
0.273	0.52296
0.274	0.523912
0.275	0.524862
0.276	0.525809
0.277	0.526753
0.278	0.527695
0.279	0.528634
0.28	0.529571
0.281	0.530505
0.282	0.531437
0.283	0.532366
0.284	0.533293
0.285	0.534217
0.286	0.53514
0.287	0.536059
0.288	0.536977
0.289	0.537892
0.29	0.538805
0.291	0.539716
0.292	0.540625
0.293	0.541532
0.294	0.542437
0.295	0.54334
0.296	0.544241
0.297	0.54514
0.298	0.546037
0.299	0.546932
0.3	0.547826
0.301	0.548718
0.302	0.549608
0.303	0.550497
0.304	0.551384
0.305	0.552269
0.306	0.553154
0.307	0.554036
0.308	0.554918
0.309	0.555798
0.31	0.556676
0.311	0.557554
0.312	0.55843
0.313	0.559306
0.314	0.56018
0.315	0.561053
0.316	0.561925
0.317	0.562796
0.318	0.563667
0.319	0.564536
0.32	0.565405
0.321	0.566273
0.322	0.56714
0.323	0.568006
0.324	0.568872
0.325	0.569737
0.326	0.570602
0.327	0.571466
0.328	0.572329
0.329	0.573192
0.33	0.574055
0.331	0.574917
0.332	0.575778
0.333	0.57664
0.334	0.577501
0.335	0.578361
0.336	0.579221
0.337	0.580081
0.338	0.580941
0.339	0.5818
0.34	0.582659
0.341	0.583518
0.342	0.584376
0.343	0.585234
0.344	0.586092
0.345	0.58695
0.346	0.587807
0.347	0.588664
0.348	0.589521
0.349	0.590377
0.35	0.591233
0.351	0.592089
0.352	0.592945
0.353	0.5938
0.354	0.594654
0.355	0.595509
0.356	0.596363
0.357	0.597216
0.358	0.598069
0.359	0.598921
0.36	0.599773
0.361	0.600625
0.362	0.601475
0.363	0.602326
0.364	0.603175
0.365	0.604024
0.366	0.604871
0.367	0.605718
0.368	0.606565
0.369	0.60741
0.37	0.608254
0.371	0.609098
0.372	0.60994
0.373	0.610781
0.374	0.611621
0.375	0.61246
0.376	0.613297
0.377	0.614134
0.378	0.614968
0.379	0.615802
0.38	0.616634
0.381	0.617464
0.382	0.618293
0.383	0.619121
0.384	0.619946
0.385	0.62077
0.386	0.621592
0.387	0.622413
0.388	0.623231
0.389	0.624047
0.39	0.624862
0.391	0.625675
0.392	0.626485
0.393	0.627293
0.394	0.6281
0.395	0.628904
0.396	0.629706
0.397	0.630506
0.398	0.631303
0.399	0.632098
0.4	0.632891
0.401	0.633682
0.402	0.63447
0.403	0.635256
0.404	0.63604
0.405	0.636821
0.406	0.6376
0.407	0.638376
0.408	0.639151
0.409	0.639923
0.41	0.640692
0.411	0.641459
0.412	0.642225
0.413	0.642987
0.414	0.643748
0.415	0.644507
0.416	0.645263
0.417	0.646017
0.418	0.64677
0.419	0.64752
0.42	0.648269
0.421	0.649015
0.422	0.64976
0.423	0.650504
0.424	0.651245
0.425	0.651986
0.426	0.652724
0.427	0.653462
0.428	0.654198
0.429	0.654934
0.43	0.655668
0.431	0.656402
0.432	0.657134
0.433	0.657866
0.434	0.658598
0.435	0.659329
0.436	0.66006
0.437	0.660791
0.438	0.661522
0.439	0.662253
0.44	0.662985
0.441	0.663717
0.442	0.664449
0.443	0.665182
0.444	0.665916
0.445	0.666651
0.446	0.667388
0.447	0.668125
0.448	0.668864
0.449	0.669604
0.45	0.670346
0.451	0.671089
0.452	0.671834
0.453	0.672582
0.454	0.673331
0.455	0.674082
0.456	0.674835
0.457	0.67559
0.458	0.676348
0.459	0.677108
0.46	0.677869
0.461	0.678633
0.462	0.679399
0.463	0.680168
0.464	0.680938
0.465	0.681709
0.466	0.682483
0.467	0.683258
0.468	0.684034
0.469	0.684811
0.47	0.685589
0.471	0.686368
0.472	0.687146
0.473	0.687924
0.474	0.688702
0.475	0.689478
0.476	0.690253
0.477	0.691025
0.478	0.691793
0.479	0.692559
0.48	0.693319
0.481	0.694074
0.482	0.694823
0.483	0.695565
0.484	0.696298
0.485	0.697022
0.486	0.697734
0.487	0.698435
0.488	0.699122
0.489	0.699795
0.49	0.70045
0.491	0.701087
0.492	0.701704
0.493	0.702299
0.494	0.702869
0.495	0.703413
0.496	0.703928
0.497	0.704412
0.498	0.704862
0.499	0.705275
0.5	0.707227
0.501	0.707928
0.502	0.708629
0.503	0.70933
0.504	0.710029
0.505	0.710729
0.506	0.711427
0.507	0.712125
0.508	0.712823
0.509	0.71352
0.51	0.714216
0.511	0.714912
0.512	0.715607
0.513	0.716301
0.514	0.716995
0.515	0.717688
0.516	0.718381
0.517	0.719073
0.518	0.719765
0.519	0.720456
0.52	0.721146
0.521	0.721836
0.522	0.722525
0.523	0.723214
0.524	0.723902
0.525	0.724589
0.526	0.725276
0.527	0.725962
0.528	0.726648
0.529	0.727333
0.53	0.728018
0.531	0.728702
0.532	0.729385
0.533	0.730068
0.534	0.73075
0.535	0.731432
0.536	0.732113
0.537	0.732794
0.538	0.733474
0.539	0.734153
0.54	0.734832
0.541	0.73551
0.542	0.736188
0.543	0.736865
0.544	0.737542
0.545	0.738218
0.546	0.738893
0.547	0.739568
0.548	0.740242
0.549	0.740916
0.55	0.741589
0.551	0.742262
0.552	0.742934
0.553	0.743606
0.554	0.744277
0.555	0.744947
0.556	0.745617
0.557	0.746286
0.558	0.746955
0.559	0.747623
0.56	0.748291
0.561	0.748958
0.562	0.749624
0.563	0.75029
0.564	0.750956
0.565	0.751621
0.566	0.752285
0.567	0.752949
0.568	0.753612
0.569	0.754275
0.57	0.754937
0.571	0.755599
0.572	0.75626
0.573	0.75692
0.574	0.75758
0.575	0.75824
0.576	0.758899
0.577	0.759557
0.578	0.760215
0.579	0.760872
0.58	0.761529
0.581	0.762185
0.582	0.762841
0.583	0.763496
0.584	0.76415
0.585	0.764805
0.586	0.765458
0.587	0.766111
0.588	0.766764
0.589	0.767416
0.59	0.768067
0.591	0.768718
0.592	0.769368
0.593	0.770018
0.594	0.770668
0.595	0.771316
0.596	0.771965
0.597	0.772612
0.598	0.77326
0.599	0.773906
0.6	0.774553
0.601	0.775198
0.602	0.775844
0.603	0.776488
0.604	0.777132
0.605	0.777776
0.606	0.778419
0.607	0.779062
0.608	0.779704
0.609	0.780345
0.61	0.780986
0.611	0.781627
0.612	0.782267
0.613	0.782906
0.614	0.783546
0.615	0.784184
0.616	0.784822
0.617	0.78546
0.618	0.786097
0.619	0.786733
0.62	0.787369
0.621	0.788004
0.622	0.788639
0.623	0.789274
0.624	0.789908
0.625	0.790541
0.626	0.791174
0.627	0.791807
0.628	0.792439
0.629	0.79307
0.63	0.793701
0.631	0.794332
0.632	0.794962
0.633	0.795591
0.634	0.79622
0.635	0.796849
0.636	0.797477
0.637	0.798104
0.638	0.798731
0.639	0.799358
0.64	0.799984
0.641	0.80061
0.642	0.801235
0.643	0.801859
0.644	0.802484
0.645	0.803107
0.646	0.80373
0.647	0.804353
0.648	0.804975
0.649	0.805597
0.65	0.806218
0.651	0.806839
0.652	0.807459
0.653	0.808079
0.654	0.808699
0.655	0.809317
0.656	0.809936
0.657	0.810554
0.658	0.811171
0.659	0.811788
0.66	0.812405
0.661	0.813021
0.662	0.813636
0.663	0.814251
0.664	0.814866
0.665	0.81548
0.666	0.816094
0.667	0.816707
0.668	0.81732
0.669	0.817932
0.67	0.818544
0.671	0.819155
0.672	0.819766
0.673	0.820377
0.674	0.820987
0.675	0.821596
0.676	0.822205
0.677	0.822814
0.678	0.823422
0.679	0.82403
0.68	0.824637
0.681	0.825244
0.682	0.82585
0.683	0.826456
0.684	0.827062
0.685	0.827667
0.686	0.828271
0.687	0.828875
0.688	0.829479
0.689	0.830082
0.69	0.830685
0.691	0.831287
0.692	0.831889
0.693	0.832491
0.694	0.833091
0.695	0.833692
0.696	0.834292
0.697	0.834892
0.698	0.835491
0.699	0.83609
0.7	0.836688
0.701	0.837286
0.702	0.837883
0.703	0.83848
0.704	0.839077
0.705	0.839673
0.706	0.840269
0.707	0.840864
0.708	0.841459
0.709	0.842053
0.71	0.842647
0.711	0.843241
0.712	0.843834
0.713	0.844427
0.714	0.845019
0.715	0.845611
0.716	0.846202
0.717	0.846793
0.718	0.847384
0.719	0.847974
0.72	0.848564
0.721	0.849153
0.722	0.849742
0.723	0.850331
0.724	0.850919
0.725	0.851506
0.726	0.852094
0.727	0.85268
0.728	0.853267
0.729	0.853853
0.73	0.854438
0.731	0.855023
0.732	0.855608
0.733	0.856192
0.734	0.856776
0.735	0.85736
0.736	0.857943
0.737	0.858526
0.738	0.859108
0.739	0.85969
0.74	0.860271
0.741	0.860852
0.742	0.861433
0.743	0.862013
0.744	0.862593
0.745	0.863172
0.746	0.863752
0.747	0.86433
0.748	0.864908
0.749	0.865486
0.75	0.866064
0.751	0.866641
0.752	0.867217
0.753	0.867794
0.754	0.86837
0.755	0.868945
0.756	0.86952
0.757	0.870095
0.758	0.870669
0.759	0.871243
0.76	0.871816
0.761	0.87239
0.762	0.872962
0.763	0.873535
0.764	0.874107
0.765	0.874678
0.766	0.875249
0.767	0.87582
0.768	0.876391
0.769	0.876961
0.77	0.87753
0.771	0.8781
0.772	0.878669
0.773	0.879237
0.774	0.879805
0.775	0.880373
0.776	0.88094
0.777	0.881507
0.778	0.882074
0.779	0.88264
0.78	0.883206
0.781	0.883772
0.782	0.884337
0.783	0.884902
0.784	0.885466
0.785	0.88603
0.786	0.886594
0.787	0.887157
0.788	0.88772
0.789	0.888283
0.79	0.888845
0.791	0.889407
0.792	0.889968
0.793	0.890529
0.794	0.89109
0.795	0.89165
0.796	0.89221
0.797	0.89277
0.798	0.893329
0.799	0.893888
0.8	0.894447
0.801	0.895005
0.802	0.895563
0.803	0.896121
0.804	0.896678
0.805	0.897235
0.806	0.897791
0.807	0.898347
0.808	0.898903
0.809	0.899458
0.81	0.900013
0.811	0.900568
0.812	0.901123
0.813	0.901677
0.814	0.90223
0.815	0.902784
0.816	0.903337
0.817	0.903889
0.818	0.904442
0.819	0.904994
0.82	0.905545
0.821	0.906096
0.822	0.906647
0.823	0.907198
0.824	0.907748
0.825	0.908298
0.826	0.908848
0.827	0.909397
0.828	0.909946
0.829	0.910495
0.83	0.911043
0.831	0.911591
0.832	0.912138
0.833	0.912686
0.834	0.913233
0.835	0.913779
0.836	0.914326
0.837	0.914871
0.838	0.915417
0.839	0.915962
0.84	0.916507
0.841	0.917052
0.842	0.917596
0.843	0.91814
0.844	0.918684
0.845	0.919227
0.846	0.919771
0.847	0.920313
0.848	0.920856
0.849	0.921398
0.85	0.92194
0.851	0.922481
0.852	0.923022
0.853	0.923563
0.854	0.924104
0.855	0.924644
0.856	0.925184
0.857	0.925723
0.858	0.926263
0.859	0.926801
0.86	0.92734
0.861	0.927879
0.862	0.928417
0.863	0.928954
0.864	0.929492
0.865	0.930029
0.866	0.930566
0.867	0.931102
0.868	0.931638
0.869	0.932174
0.87	0.93271
0.871	0.933245
0.872	0.93378
0.873	0.934315
0.874	0.93485
0.875	0.935384
0.876	0.935918
0.877	0.936451
0.878	0.936984
0.879	0.937517
0.88	0.93805
0.881	0.938582
0.882	0.939114
0.883	0.939646
0.884	0.940178
0.885	0.940709
0.886	0.94124
0.887	0.941771
0.888	0.942301
0.889	0.942831
0.89	0.943361
0.891	0.94389
0.892	0.94442
0.893	0.944949
0.894	0.945477
0.895	0.946006
0.896	0.946534
0.897	0.947062
0.898	0.947589
0.899	0.948116
0.9	0.948643
0.901	0.94917
0.902	0.949697
0.903	0.950223
0.904	0.950749
0.905	0.951274
0.906	0.9518
0.907	0.952325
0.908	0.95285
0.909	0.953374
0.91	0.953898
0.911	0.954422
0.912	0.954946
0.913	0.95547
0.914	0.955993
0.915	0.956516
0.916	0.957039
0.917	0.957561
0.918	0.958083
0.919	0.958605
0.92	0.959127
0.921	0.959648
0.922	0.960169
0.923	0.96069
0.924	0.961211
0.925	0.961731
0.926	0.962251
0.927	0.962771
0.928	0.963291
0.929	0.96381
0.93	0.964329
0.931	0.964848
0.932	0.965367
0.933	0.965885
0.934	0.966403
0.935	0.966921
0.936	0.967439
0.937	0.967956
0.938	0.968473
0.939	0.96899
0.94	0.969507
0.941	0.970023
0.942	0.970539
0.943	0.971055
0.944	0.971571
0.945	0.972086
0.946	0.972602
0.947	0.973117
0.948	0.973631
0.949	0.974146
0.95	0.97466
0.951	0.975174
0.952	0.975688
0.953	0.976201
0.954	0.976715
0.955	0.977228
0.956	0.977741
0.957	0.978253
0.958	0.978766
0.959	0.979278
0.96	0.97979
0.961	0.980302
0.962	0.980813
0.963	0.981324
0.964	0.981836
0.965	0.982346
0.966	0.982857
0.967	0.983367
0.968	0.983878
0.969	0.984387
0.97	0.984897
0.971	0.985407
0.972	0.985916
0.973	0.986425
0.974	0.986934
0.975	0.987443
0.976	0.987951
0.977	0.988459
0.978	0.988967
0.979	0.989475
0.98	0.989983
0.981	0.99049
0.982	0.990997
0.983	0.991504
0.984	0.992011
0.985	0.992518
0.986	0.993024
0.987	0.99353
0.988	0.994036
0.989	0.994542
0.99	0.995047
0.991	0.995553
0.992	0.996058
0.993	0.996563
0.994	0.997067
0.995	0.997572
0.996	0.998076
0.997	0.99858
0.998	0.999084
0.999	0.999588
