# Interpolation data for function: sqrt(x)
0.5	0.707123
0.501	0.707829
0.502	0.708534
0.503	0.709238
0.504	0.709942
0.505	0.710645
0.506	0.711347
0.507	0.712049
0.508	0.71275
0.509	0.71345
0.51	0.71415
0.511	0.714849
0.512	0.715548
0.513	0.716245
0.514	0.716942
0.515	0.717639
0.516	0.718335
0.517	0.71903
0.518	0.719724
0.519	0.720418
0.52	0.721111
0.521	0.721804
0.522	0.722496
0.523	0.723187
0.524	0.723878
0.525	0.724568
0.526	0.725257
0.527	0.725946
0.528	0.726634
0.529	0.727321
0.53	0.728008
0.531	0.728694
0.532	0.72938
0.533	0.730065
0.534	0.730749
0.535	0.731433
0.536	0.732116
0.537	0.732798
0.538	0.73348
0.539	0.734161
0.54	0.734842
0.541	0.735522
0.542	0.736201
0.543	0.73688
0.544	0.737558
0.545	0.738235
0.546	0.738912
0.547	0.739588
0.548	0.740264
0.549	0.740939
0.55	0.741614
0.551	0.742287
0.552	0.742961
0.553	0.743633
0.554	0.744305
0.555	0.744977
0.556	0.745648
0.557	0.746318
0.558	0.746988
0.559	0.747657
0.56	0.748325
0.561	0.748993
0.562	0.74966
0.563	0.750327
0.564	0.750993
0.565	0.751659
0.566	0.752324
0.567	0.752988
0.568	0.753652
0.569	0.754315
0.57	0.754978
0.571	0.75564
0.572	0.756301
0.573	0.756962
0.574	0.757623
0.575	0.758282
0.576	0.758942
0.577	0.7596
0.578	0.760258
0.579	0.760916
0.58	0.761573
0.581	0.762229
0.582	0.762885
0.583	0.76354
0.584	0.764195
0.585	0.764849
0.586	0.765503
0.587	0.766156
0.588	0.766808
0.589	0.76746
0.59	0.768111
0.591	0.768762
0.592	0.769412
0.593	0.770062
0.594	0.770711
0.595	0.77136
0.596	0.772008
0.597	0.772656
0.598	0.773303
0.599	0.773949
0.6	0.774595
0.601	0.77524
0.602	0.775885
0.603	0.77653
0.604	0.777173
0.605	0.777817
0.606	0.778459
0.607	0.779101
0.608	0.779743
0.609	0.780384
0.61	0.781025
0.611	0.781665
0.612	0.782304
0.613	0.782943
0.614	0.783582
0.615	0.78422
0.616	0.784857
0.617	0.785494
0.618	0.786131
0.619	0.786767
0.62	0.787402
0.621	0.788037
0.622	0.788671
0.623	0.789305
0.624	0.789939
0.625	0.790571
0.626	0.791204
0.627	0.791835
0.628	0.792467
0.629	0.793098
0.63	0.793728
0.631	0.794358
0.632	0.794987
0.633	0.795616
0.634	0.796244
0.635	0.796872
0.636	0.797499
0.637	0.798126
0.638	0.798752
0.639	0.799378
0.64	0.800004
0.641	0.800628
0.642	0.801253
0.643	0.801877
0.644	0.8025
0.645	0.803123
0.646	0.803745
0.647	0.804367
0.648	0.804989
0.649	0.80561
0.65	0.80623
0.651	0.80685
0.652	0.80747
0.653	0.808089
0.654	0.808707
0.655	0.809325
0.656	0.809943
0.657	0.81056
0.658	0.811177
0.659	0.811793
0.66	0.812409
0.661	0.813024
0.662	0.813639
0.663	0.814253
0.664	0.814867
0.665	0.81548
0.666	0.816093
0.667	0.816706
0.668	0.817318
0.669	0.817929
0.67	0.81854
0.671	0.819151
0.672	0.819761
0.673	0.820371
0.674	0.82098
0.675	0.821589
0.676	0.822197
0.677	0.822805
0.678	0.823412
0.679	0.824019
0.68	0.824626
0.681	0.825232
0.682	0.825838
0.683	0.826443
0.684	0.827048
0.685	0.827652
0.686	0.828256
0.687	0.828859
0.688	0.829462
0.689	0.830065
0.69	0.830667
0.691	0.831269
0.692	0.83187
0.693	0.832471
0.694	0.833071
0.695	0.833671
0.696	0.83427
0.697	0.834869
0.698	0.835468
0.699	0.836066
0.7	0.836664
0.701	0.837261
0.702	0.837858
0.703	0.838455
0.704	0.839051
0.705	0.839646
0.706	0.840242
0.707	0.840836
0.708	0.841431
0.709	0.842025
0.71	0.842618
0.711	0.843211
0.712	0.843804
0.713	0.844396
0.714	0.844988
0.715	0.84558
0.716	0.846171
0.717	0.846761
0.718	0.847351
0.719	0.847941
0.72	0.848531
0.721	0.84912
0.722	0.849708
0.723	0.850296
0.724	0.850884
0.725	0.851471
0.726	0.852058
0.727	0.852645
0.728	0.853231
0.729	0.853817
0.73	0.854402
0.731	0.854987
0.732	0.855571
0.733	0.856155
0.734	0.856739
0.735	0.857322
0.736	0.857905
0.737	0.858488
0.738	0.85907
0.739	0.859652
0.74	0.860233
0.741	0.860814
0.742	0.861394
0.743	0.861975
0.744	0.862554
0.745	0.863134
0.746	0.863713
0.747	0.864291
0.748	0.86487
0.749	0.865447
0.75	0.866025
0.751	0.866602
0.752	0.867179
0.753	0.867755
0.754	0.868331
0.755	0.868906
0.756	0.869481
0.757	0.870056
0.758	0.870631
0.759	0.871205
0.76	0.871778
0.761	0.872351
0.762	0.872924
0.763	0.873497
0.764	0.874069
0.765	0.874641
0.766	0.875212
0.767	0.875783
0.768	0.876354
0.769	0.876924
0.77	0.877494
0.771	0.878063
0.772	0.878633
0.773	0.879201
0.774	0.87977
0.775	0.880338
0.776	0.880906
0.777	0.881473
0.778	0.88204
0.779	0.882607
0.78	0.883173
0.781	0.883739
0.782	0.884304
0.783	0.884869
0.784	0.885434
0.785	0.885999
0.786	0.886563
0.787	0.887126
0.788	0.88769
0.789	0.888253
0.79	0.888816
0.791	0.889378
0.792	0.88994
0.793	0.890501
0.794	0.891063
0.795	0.891624
0.796	0.892184
0.797	0.892744
0.798	0.893304
0.799	0.893864
0.8	0.894423
0.801	0.894982
0.802	0.89554
0.803	0.896098
0.804	0.896656
0.805	0.897213
0.806	0.897771
0.807	0.898327
0.808	0.898884
0.809	0.89944
0.81	0.899995
0.811	0.900551
0.812	0.901106
0.813	0.901661
0.814	0.902215
0.815	0.902769
0.816	0.903323
0.817	0.903876
0.818	0.904429
0.819	0.904982
0.82	0.905534
0.821	0.906086
0.822	0.906638
0.823	0.907189
0.824	0.90774
0.825	0.908291
0.826	0.908841
0.827	0.909391
0.828	0.909941
0.829	0.91049
0.83	0.911039
0.831	0.911588
0.832	0.912136
0.833	0.912684
0.834	0.913232
0.835	0.913779
0.836	0.914326
0.837	0.914873
0.838	0.915419
0.839	0.915966
0.84	0.916511
0.841	0.917057
0.842	0.917602
0.843	0.918147
0.844	0.918691
0.845	0.919235
0.846	0.919779
0.847	0.920323
0.848	0.920866
0.849	0.921409
0.85	0.921951
0.851	0.922494
0.852	0.923035
0.853	0.923577
0.854	0.924118
0.855	0.924659
0.856	0.9252
0.857	0.92574
0.858	0.92628
0.859	0.92682
0.86	0.92736
0.861	0.927899
0.862	0.928437
0.863	0.928976
0.864	0.929514
0.865	0.930052
0.866	0.93059
0.867	0.931127
0.868	0.931664
0.869	0.9322
0.87	0.932737
0.871	0.933273
0.872	0.933808
0.873	0.934344
0.874	0.934879
0.875	0.935414
0.876	0.935948
0.877	0.936482
0.878	0.937016
0.879	0.93755
0.88	0.938083
0.881	0.938616
0.882	0.939149
0.883	0.939681
0.884	0.940213
0.885	0.940745
0.886	0.941276
0.887	0.941808
0.888	0.942338
0.889	0.942869
0.89	0.943399
0.891	0.943929
0.892	0.944459
0.893	0.944988
0.894	0.945517
0.895	0.946046
0.896	0.946575
0.897	0.947103
0.898	0.947631
0.899	0.948158
0.9	0.948686
0.901	0.949213
0.902	0.949739
0.903	0.950266
0.904	0.950792
0.905	0.951318
0.906	0.951843
0.907	0.952369
0.908	0.952894
0.909	0.953418
0.91	0.953943
0.911	0.954467
0.912	0.954991
0.913	0.955514
0.914	0.956037
0.915	0.95656
0.916	0.957083
0.917	0.957605
0.918	0.958127
0.919	0.958649
0.92	0.959171
0.921	0.959692
0.922	0.960213
0.923	0.960734
0.924	0.961254
0.925	0.961774
0.926	0.962294
0.927	0.962813
0.928	0.963333
0.929	0.963851
0.93	0.96437
0.931	0.964888
0.932	0.965407
0.933	0.965924
0.934	0.966442
0.935	0.966959
0.936	0.967476
0.937	0.967993
0.938	0.968509
0.939	0.969025
0.94	0.969541
0.941	0.970057
0.942	0.970572
0.943	0.971087
0.944	0.971602
0.945	0.972116
0.946	0.97263
0.947	0.973144
0.948	0.973658
0.949	0.974171
0.95	0.974684
0.951	0.975197
0.952	0.97571
0.953	0.976222
0.954	0.976734
0.955	0.977245
0.956	0.977757
0.957	0.978268
0.958	0.978779
0.959	0.979289
0.96	0.9798
0.961	0.98031
0.962	0.980819
0.963	0.981329
0.964	0.981838
0.965	0.982347
0.966	0.982856
0.967	0.983364
0.968	0.983872
0.969	0.98438
0.97	0.984887
0.971	0.985395
0.972	0.985902
0.973	0.986408
0.974	0.986915
0.975	0.987421
0.976	0.987927
0.977	0.988433
0.978	0.988938
0.979	0.989443
0.98	0.989948
0.981	0.990453
0.982	0.990957
0.983	0.991461
0.984	0.991965
0.985	0.992468
0.986	0.992971
0.987	0.993474
0.988	0.993977
0.989	0.994479
0.99	0.994981
0.991	0.995483
0.992	0.995985
0.993	0.996486
0.994	0.996987
0.995	0.997488
0.996	0.997989
0.997	0.998489
0.998	0.998989
0.999	0.999488
0.25	0.500011
0.251	0.501009
0.252	0.502005
0.253	0.502998
0.254	0.50399
0.255	0.50498
0.256	0.505969
0.257	0.506955
0.258	0.507939
0.259	0.508922
0.26	0.509903
0.261	0.510882
0.262	0.511859
0.263	0.512834
0.264	0.513808
0.265	0.514779
0.266	0.515749
0.267	0.516718
0.268	0.517684
0.269	0.518649
0.27	0.519611
0.271	0.520573
0.272	0.521532
0.273	0.52249
0.274	0.523446
0.275	0.5244
0.276	0.525352
0.277	0.526303
0.278	0.527252
0.279	0.5282
0.28	0.529146
0.281	0.53009
0.282	0.531032
0.283	0.531973
0.284	0.532912
0.285	0.53385
0.286	0.534786
0.287	0.53572
0.288	0.536653
0.289	0.537584
0.29	0.538513
0.291	0.539441
0.292	0.540367
0.293	0.541292
0.294	0.542215
0.295	0.543137
0.296	0.544057
0.297	0.544975
0.298	0.545892
0.299	0.546808
0.3	0.547721
0.301	0.548634
0.302	0.549545
0.303	0.550454
0.304	0.551362
0.305	0.552268
0.306	0.553173
0.307	0.554076
0.308	0.554978
0.309	0.555878
0.31	0.556777
0.311	0.557675
0.312	0.558571
0.313	0.559465
0.314	0.560359
0.315	0.56125
0.316	0.562141
0.317	0.56303
0.318	0.563917
0.319	0.564803
0.32	0.565688
0.321	0.566571
0.322	0.567453
0.323	0.568334
0.324	0.569213
0.325	0.570091
0.326	0.570967
0.327	0.571842
0.328	0.572716
0.329	0.573589
0.33	0.57446
0.331	0.575329
0.332	0.576198
0.333	0.577065
0.334	0.577931
0.335	0.578795
0.336	0.579659
0.337	0.580521
0.338	0.581381
0.339	0.582241
0.34	0.583099
0.341	0.583955
0.342	0.584811
0.343	0.585665
0.344	0.586518
0.345	0.58737
0.346	0.588221
0.347	0.58907
0.348	0.589918
0.349	0.590765
0.35	0.591611
0.351	0.592455
0.352	0.593299
0.353	0.594141
0.354	0.594981
0.355	0.595821
0.356	0.59666
0.357	0.597497
0.358	0.598333
0.359	0.599168
0.36	0.600002
0.361	0.600834
0.362	0.601666
0.363	0.602496
0.364	0.603325
0.365	0.604153
0.366	0.60498
0.367	0.605806
0.368	0.606631
0.369	0.607454
0.37	0.608277
0.371	0.609098
0.372	0.609918
0.373	0.610737
0.374	0.611555
0.375	0.612372
0.376	0.613188
0.377	0.614003
0.378	0.614816
0.379	0.615629
0.38	0.61644
0.381	0.617251
0.382	0.61806
0.383	0.618868
0.384	0.619676
0.385	0.620482
0.386	0.621287
0.387	0.622091
0.388	0.622894
0.389	0.623696
0.39	0.624497
0.391	0.625298
0.392	0.626097
0.393	0.626895
0.394	0.627692
0.395	0.628488
0.396	0.629282
0.397	0.630076
0.398	0.630869
0.399	0.631661
0.4	0.632452
0.401	0.633243
0.402	0.634032
0.403	0.63482
0.404	0.635607
0.405	0.636393
0.406	0.637178
0.407	0.637962
0.408	0.638746
0.409	0.639528
0.41	0.640309
0.411	0.64109
0.412	0.641869
0.413	0.642648
0.414	0.643425
0.415	0.644202
0.416	0.644978
0.417	0.645752
0.418	0.646526
0.419	0.647299
0.42	0.648071
0.421	0.648842
0.422	0.649613
0.423	0.650382
0.424	0.65115
0.425	0.651918
0.426	0.652685
0.427	0.65345
0.428	0.654215
0.429	0.654979
0.43	0.655742
0.431	0.656504
0.432	0.657266
0.433	0.658026
0.434	0.658786
0.435	0.659544
0.436	0.660302
0.437	0.661059
0.438	0.661815
0.439	0.662571
0.44	0.663325
0.441	0.664078
0.442	0.664831
0.443	0.665583
0.444	0.666334
0.445	0.667084
0.446	0.667833
0.447	0.668582
0.448	0.669329
0.449	0.670076
0.45	0.670822
0.451	0.671567
0.452	0.672311
0.453	0.673055
0.454	0.673798
0.455	0.674539
0.456	0.67528
0.457	0.67602
0.458	0.67676
0.459	0.677498
0.46	0.678236
0.461	0.678973
0.462	0.679709
0.463	0.680444
0.464	0.681179
0.465	0.681913
0.466	0.682646
0.467	0.683378
0.468	0.684109
0.469	0.684839
0.47	0.685569
0.471	0.686298
0.472	0.687026
0.473	0.687754
0.474	0.68848
0.475	0.689206
0.476	0.689931
0.477	0.690655
0.478	0.691378
0.479	0.692101
0.48	0.692823
0.481	0.693544
0.482	0.694264
0.483	0.694984
0.484	0.695703
0.485	0.696421
0.486	0.697138
0.487	0.697854
0.488	0.69857
0.489	0.699285
0.49	0.699999
0.491	0.700712
0.492	0.701425
0.493	0.702137
0.494	0.702848
0.495	0.703558
0.496	0.704268
0.497	0.704976
0.498	0.705684
0.499	0.706392
0.125	0.353561
0.126	0.354971
0.127	0.356375
0.128	0.357774
0.129	0.359167
0.13	0.360556
0.131	0.361939
0.132	0.363317
0.133	0.36469
0.134	0.366058
0.135	0.367421
0.136	0.368779
0.137	0.370132
0.138	0.37148
0.139	0.372824
0.14	0.374163
0.141	0.375497
0.142	0.376826
0.143	0.378151
0.144	0.379471
0.145	0.380786
0.146	0.382097
0.147	0.383404
0.148	0.384706
0.149	0.386004
0.15	0.387297
0.151	0.388587
0.152	0.389872
0.153	0.391152
0.154	0.392429
0.155	0.393701
0.156	0.394969
0.157	0.396233
0.158	0.397494
0.159	0.39875
0.16	0.400002
0.161	0.40125
0.162	0.402494
0.163	0.403735
0.164	0.404971
0.165	0.406204
0.166	0.407433
0.167	0.408659
0.168	0.409881
0.169	0.411099
0.17	0.412313
0.171	0.413524
0.172	0.414731
0.173	0.415935
0.174	0.417135
0.175	0.418332
0.176	0.419525
0.177	0.420715
0.178	0.421902
0.179	0.423085
0.18	0.424265
0.181	0.425442
0.182	0.426615
0.183	0.427786
0.184	0.428953
0.185	0.430116
0.186	0.431277
0.187	0.432435
0.188	0.433589
0.189	0.434741
0.19	0.435889
0.191	0.437034
0.192	0.438177
0.193	0.439316
0.194	0.440453
0.195	0.441586
0.196	0.442717
0.197	0.443845
0.198	0.44497
0.199	0.446092
0.2	0.447211
0.201	0.448328
0.202	0.449442
0.203	0.450553
0.204	0.451661
0.205	0.452767
0.206	0.45387
0.207	0.45497
0.208	0.456068
0.209	0.457163
0.21	0.458256
0.211	0.459346
0.212	0.460433
0.213	0.461518
0.214	0.4626
0.215	0.46368
0.216	0.464757
0.217	0.465832
0.218	0.466904
0.219	0.467974
0.22	0.469042
0.221	0.470107
0.222	0.471169
0.223	0.472229
0.224	0.473287
0.225	0.474343
0.226	0.475396
0.227	0.476447
0.228	0.477495
0.229	0.478541
0.23	0.479585
0.231	0.480627
0.232	0.481666
0.233	0.482703
0.234	0.483738
0.235	0.484771
0.236	0.485801
0.237	0.486829
0.238	0.487855
0.239	0.488878
0.24	0.4899
0.241	0.490919
0.242	0.491936
0.243	0.492951
0.244	0.493963
0.245	0.494974
0.246	0.495982
0.247	0.496988
0.248	0.497992
0.249	0.498994
0.0625	0.250042
0.0635	0.252021
0.0645	0.253986
0.0655	0.255938
0.0665	0.257877
0.0675	0.259802
0.0685	0.261715
0.0695	0.263615
0.0705	0.265503
0.0715	0.267378
0.0725	0.269241
0.0735	0.271092
0.0745	0.272931
0.0755	0.274758
0.0765	0.276573
0.0775	0.278377
0.0785	0.280169
0.0795	0.281951
0.0805	0.283721
0.0815	0.28548
0.0825	0.287228
0.0835	0.288966
0.0845	0.290694
0.0855	0.29241
0.0865	0.294117
0.0875	0.295814
0.0885	0.297501
0.0895	0.299178
0.0905	0.300845
0.0915	0.302503
0.0925	0.304152
0.0935	0.305791
0.0945	0.307422
0.0955	0.309043
0.0965	0.310656
0.0975	0.312261
0.0985	0.313856
0.0995	0.315444
0.1005	0.317023
0.1015	0.318595
0.1025	0.320159
0.1035	0.321714
0.1045	0.323263
0.1055	0.324804
0.1065	0.326338
0.1075	0.327864
0.1085	0.329384
0.1095	0.330897
0.1105	0.332403
0.1115	0.333903
0.1125	0.335396
0.1135	0.336883
0.1145	0.338364
0.1155	0.339839
0.1165	0.341309
0.1175	0.342772
0.1185	0.344231
0.1195	0.345684
0.1205	0.347131
0.1215	0.348574
0.1225	0.350012
0.1235	0.351445
0.1245	0.352873
0.03125	0.176807
0.03225	0.179595
0.03325	0.182346
0.03425	0.185061
0.03525	0.187739
0.03625	0.190382
0.03725	0.192991
0.03825	0.195567
0.03925	0.19811
0.04025	0.200621
0.04125	0.203101
0.04225	0.205551
0.04325	0.207972
0.04425	0.210365
0.04525	0.21273
0.04625	0.215068
0.04725	0.21738
0.04825	0.219667
0.04925	0.22193
0.05025	0.224169
0.05125	0.226386
0.05225	0.228581
0.05325	0.230756
0.05425	0.23291
0.05525	0.235044
0.05625	0.237161
0.05725	0.23926
0.05825	0.241342
0.05925	0.243408
0.06025	0.245459
0.06125	0.247496
0.06225	0.249519
0	0.00448692
0.001	0.0316624
0.002	0.0447
0.003	0.0548348
0.004	0.0631773
0.005	0.0707234
0.006	0.0775066
0.007	0.0836301
0.008	0.0894188
0.009	0.0949109
0.01	0.100001
0.011	0.104841
0.012	0.109575
0.013	0.114021
0.014	0.118297
0.015	0.122482
0.015625	0.125021
0.016625	0.128938
0.017625	0.132751
0.018625	0.136465
0.019625	0.140085
0.020625	0.143614
0.021625	0.147059
0.022625	0.150423
0.023625	0.153711
0.024625	0.156928
0.025625	0.160079
0.026625	0.163169
0.027625	0.166202
0.028625	0.169182
0.029625	0.172115
0.030625	0.175006
