# Interpolation data for function: sqrt(x)
0	0.0125577
0.001	0.0307897
0.002	0.0443394
0.003	0.0548843
0.004	0.063516
0.005	0.0709276
0.006	0.0775479
0.007	0.083634
0.008	0.0893352
0.009	0.0947358
0.01	0.0998829
0.011	0.104804
0.012	0.109517
0.013	0.114036
0.014	0.118375
0.015	0.122549
0.016	0.126571
0.017	0.130456
0.018	0.134219
0.019	0.137873
0.02	0.14143
0.021	0.1449
0.022	0.148291
0.023	0.151611
0.024	0.154866
0.025	0.15806
0.026	0.161196
0.027	0.164276
0.028	0.167304
0.029	0.170279
0.03	0.173204
0.031	0.17608
0.032	0.178909
0.033	0.181691
0.034	0.184428
0.035	0.187123
0.036	0.189776
0.037	0.19239
0.038	0.194966
0.039	0.197507
0.04	0.200015
0.041	0.20249
0.042	0.204936
0.043	0.207353
0.044	0.209744
0.045	0.212108
0.046	0.214448
0.047	0.216764
0.048	0.219058
0.049	0.221329
0.05	0.223579
0.051	0.225808
0.052	0.228016
0.053	0.230204
0.054	0.232372
0.055	0.23452
0.056	0.236648
0.057	0.238757
0.058	0.240847
0.059	0.242919
0.06	0.244971
0.061	0.247006
0.062	0.249023
0.063	0.251023
0.064	0.253006
0.065	0.254972
0.066	0.256923
0.067	0.258858
0.068	0.260779
0.069	0.262685
0.07	0.264577
0.071	0.266456
0.072	0.268321
0.073	0.270174
0.074	0.272015
0.075	0.273845
0.076	0.275662
0.077	0.277469
0.078	0.279264
0.079	0.281049
0.08	0.282823
0.081	0.284586
0.082	0.28634
0.083	0.288083
0.084	0.289816
0.085	0.291539
0.086	0.293253
0.087	0.294956
0.088	0.29665
0.089	0.298334
0.09	0.300008
0.091	0.301673
0.092	0.303328
0.093	0.304974
0.094	0.306611
0.095	0.308238
0.096	0.309857
0.097	0.311466
0.098	0.313067
0.099	0.314659
0.1	0.316242
0.101	0.317818
0.102	0.319385
0.103	0.320944
0.104	0.322496
0.105	0.32404
0.106	0.325577
0.107	0.327106
0.108	0.328629
0.109	0.330144
0.11	0.331653
0.111	0.333155
0.112	0.334651
0.113	0.336141
0.114	0.337624
0.115	0.339101
0.116	0.340572
0.117	0.342037
0.118	0.343497
0.119	0.34495
0.12	0.346398
0.121	0.347839
0.122	0.349276
0.123	0.350706
0.124	0.352131
0.125	0.35355
0.126	0.354964
0.127	0.356372
0.128	0.357774
0.129	0.359171
0.13	0.360562
0.131	0.361948
0.132	0.363328
0.133	0.364703
0.134	0.366072
0.135	0.367437
0.136	0.368795
0.137	0.370149
0.138	0.371497
0.139	0.37284
0.14	0.374178
0.141	0.375511
0.142	0.376839
0.143	0.378163
0.144	0.379481
0.145	0.380795
0.146	0.382104
0.147	0.383408
0.148	0.384708
0.149	0.386004
0.15	0.387296
0.151	0.388583
0.152	0.389866
0.153	0.391145
0.154	0.39242
0.155	0.393691
0.156	0.394958
0.157	0.396221
0.158	0.39748
0.159	0.398736
0.16	0.399988
0.161	0.401236
0.162	0.402481
0.163	0.403722
0.164	0.404959
0.165	0.406193
0.166	0.407423
0.167	0.408649
0.168	0.409872
0.169	0.411092
0.17	0.412308
0.171	0.41352
0.172	0.414729
0.173	0.415935
0.174	0.417136
0.175	0.418335
0.176	0.41953
0.177	0.420721
0.178	0.421909
0.179	0.423093
0.18	0.424274
0.181	0.425451
0.182	0.426625
0.183	0.427796
0.184	0.428963
0.185	0.430127
0.186	0.431288
0.187	0.432445
0.188	0.433599
0.189	0.43475
0.19	0.435898
0.191	0.437042
0.192	0.438184
0.193	0.439322
0.194	0.440457
0.195	0.44159
0.196	0.442719
0.197	0.443846
0.198	0.44497
0.199	0.446091
0.2	0.447209
0.201	0.448325
0.202	0.449438
0.203	0.450548
0.204	0.451655
0.205	0.45276
0.206	0.453863
0.207	0.454963
0.208	0.45606
0.209	0.457155
0.21	0.458248
0.211	0.459338
0.212	0.460425
0.213	0.46151
0.214	0.462593
0.215	0.463673
0.216	0.464751
0.217	0.465827
0.218	0.4669
0.219	0.467971
0.22	0.469039
0.221	0.470105
0.222	0.471168
0.223	0.472229
0.224	0.473288
0.225	0.474345
0.226	0.475399
0.227	0.47645
0.228	0.477499
0.229	0.478546
0.23	0.479591
0.231	0.480633
0.232	0.481672
0.233	0.48271
0.234	0.483745
0.235	0.484777
0.236	0.485808
0.237	0.486836
0.238	0.487861
0.239	0.488885
0.24	0.489906
0.241	0.490925
0.242	0.491942
0.243	0.492956
0.244	0.493969
0.245	0.494979
0.246	0.495987
0.247	0.496993
0.248	0.497997
0.249	0.498999
0.25	0.499999
0.251	0.500997
0.252	0.501993
0.253	0.502988
0.254	0.50398
0.255	0.50497
0.256	0.505959
0.257	0.506945
0.258	0.50793
0.259	0.508913
0.26	0.509894
0.261	0.510873
0.262	0.511851
0.263	0.512827
0.264	0.513801
0.265	0.514773
0.266	0.515744
0.267	0.516713
0.268	0.51768
0.269	0.518645
0.27	0.519609
0.271	0.520571
0.272	0.521531
0.273	0.52249
0.274	0.523447
0.275	0.524402
0.276	0.525356
0.277	0.526307
0.278	0.527257
0.279	0.528206
0.28	0.529152
0.281	0.530097
0.282	0.531041
0.283	0.531982
0.284	0.532922
0.285	0.53386
0.286	0.534796
0.287	0.535731
0.288	0.536664
0.289	0.537595
0.29	0.538524
0.291	0.539452
0.292	0.540378
0.293	0.541303
0.294	0.542225
0.295	0.543147
0.296	0.544066
0.297	0.544984
0.298	0.5459
0.299	0.546815
0.3	0.547728
0.301	0.548639
0.302	0.549549
0.303	0.550457
0.304	0.551364
0.305	0.552269
0.306	0.553173
0.307	0.554075
0.308	0.554976
0.309	0.555876
0.31	0.556774
0.311	0.55767
0.312	0.558565
0.313	0.559459
0.314	0.560352
0.315	0.561243
0.316	0.562132
0.317	0.563021
0.318	0.563908
0.319	0.564794
0.32	0.565678
0.321	0.566561
0.322	0.567443
0.323	0.568324
0.324	0.569203
0.325	0.570081
0.326	0.570957
0.327	0.571833
0.328	0.572707
0.329	0.57358
0.33	0.574452
0.331	0.575322
0.332	0.576191
0.333	0.577059
0.334	0.577926
0.335	0.578791
0.336	0.579655
0.337	0.580517
0.338	0.581379
0.339	0.582239
0.34	0.583098
0.341	0.583955
0.342	0.584812
0.343	0.585667
0.344	0.58652
0.345	0.587373
0.346	0.588224
0.347	0.589073
0.348	0.589922
0.349	0.590769
0.35	0.591615
0.351	0.59246
0.352	0.593303
0.353	0.594145
0.354	0.594986
0.355	0.595825
0.356	0.596664
0.357	0.597501
0.358	0.598337
0.359	0.599171
0.36	0.600005
0.361	0.600837
0.362	0.601668
0.363	0.602498
0.364	0.603326
0.365	0.604154
0.366	0.60498
0.367	0.605805
0.368	0.606629
0.369	0.607452
0.37	0.608274
0.371	0.609095
0.372	0.609915
0.373	0.610733
0.374	0.611551
0.375	0.612367
0.376	0.613183
0.377	0.613997
0.378	0.614811
0.379	0.615623
0.38	0.616435
0.381	0.617245
0.382	0.618055
0.383	0.618863
0.384	0.619671
0.385	0.620477
0.386	0.621283
0.387	0.622087
0.388	0.622891
0.389	0.623693
0.39	0.624495
0.391	0.625296
0.392	0.626095
0.393	0.626894
0.394	0.627692
0.395	0.628488
0.396	0.629284
0.397	0.630079
0.398	0.630872
0.399	0.631665
0.4	0.632457
0.401	0.633248
0.402	0.634037
0.403	0.634826
0.404	0.635614
0.405	0.6364
0.406	0.637186
0.407	0.637971
0.408	0.638754
0.409	0.639537
0.41	0.640318
0.411	0.641099
0.412	0.641879
0.413	0.642657
0.414	0.643435
0.415	0.644211
0.416	0.644987
0.417	0.645761
0.418	0.646535
0.419	0.647308
0.42	0.648079
0.421	0.64885
0.422	0.64962
0.423	0.650388
0.424	0.651156
0.425	0.651923
0.426	0.652689
0.427	0.653454
0.428	0.654218
0.429	0.654981
0.43	0.655744
0.431	0.656505
0.432	0.657266
0.433	0.658025
0.434	0.658784
0.435	0.659542
0.436	0.660299
0.437	0.661056
0.438	0.661811
0.439	0.662566
0.44	0.66332
0.441	0.664073
0.442	0.664825
0.443	0.665576
0.444	0.666327
0.445	0.667077
0.446	0.667826
0.447	0.668575
0.448	0.669322
0.449	0.670069
0.45	0.670815
0.451	0.67156
0.452	0.672305
0.453	0.673048
0.454	0.673791
0.455	0.674533
0.456	0.675275
0.457	0.676015
0.458	0.676755
0.459	0.677494
0.46	0.678232
0.461	0.67897
0.462	0.679706
0.463	0.680442
0.464	0.681177
0.465	0.681911
0.466	0.682645
0.467	0.683377
0.468	0.684109
0.469	0.68484
0.47	0.68557
0.471	0.686299
0.472	0.687028
0.473	0.687755
0.474	0.688482
0.475	0.689208
0.476	0.689933
0.477	0.690658
0.478	0.691381
0.479	0.692104
0.48	0.692826
0.481	0.693547
0.482	0.694267
0.483	0.694987
0.484	0.695706
0.485	0.696424
0.486	0.697141
0.487	0.697857
0.488	0.698573
0.489	0.699288
0.49	0.700002
0.491	0.700715
0.492	0.701428
0.493	0.70214
0.494	0.702851
0.495	0.703561
0.496	0.704271
0.497	0.70498
0.498	0.705689
0.499	0.706396
0.5	0.707103
0.501	0.70781
0.502	0.708515
0.503	0.70922
0.504	0.709925
0.505	0.710628
0.506	0.711331
0.507	0.712034
0.508	0.712735
0.509	0.713437
0.51	0.714137
0.511	0.714837
0.512	0.715536
0.513	0.716235
0.514	0.716933
0.515	0.71763
0.516	0.718327
0.517	0.719023
0.518	0.719718
0.519	0.720413
0.52	0.721108
0.521	0.721801
0.522	0.722494
0.523	0.723186
0.524	0.723878
0.525	0.724569
0.526	0.725259
0.527	0.725949
0.528	0.726638
0.529	0.727326
0.53	0.728014
0.531	0.728701
0.532	0.729387
0.533	0.730072
0.534	0.730757
0.535	0.731442
0.536	0.732125
0.537	0.732808
0.538	0.73349
0.539	0.734172
0.54	0.734852
0.541	0.735533
0.542	0.736212
0.543	0.736891
0.544	0.737569
0.545	0.738246
0.546	0.738923
0.547	0.739599
0.548	0.740275
0.549	0.740949
0.55	0.741623
0.551	0.742297
0.552	0.74297
0.553	0.743642
0.554	0.744313
0.555	0.744984
0.556	0.745655
0.557	0.746324
0.558	0.746993
0.559	0.747662
0.56	0.74833
0.561	0.748997
0.562	0.749664
0.563	0.75033
0.564	0.750996
0.565	0.751661
0.566	0.752325
0.567	0.752989
0.568	0.753653
0.569	0.754316
0.57	0.754978
0.571	0.75564
0.572	0.756301
0.573	0.756962
0.574	0.757622
0.575	0.758282
0.576	0.758941
0.577	0.7596
0.578	0.760258
0.579	0.760916
0.58	0.761573
0.581	0.76223
0.582	0.762886
0.583	0.763541
0.584	0.764197
0.585	0.764851
0.586	0.765505
0.587	0.766158
0.588	0.766811
0.589	0.767464
0.59	0.768115
0.591	0.768766
0.592	0.769417
0.593	0.770067
0.594	0.770717
0.595	0.771366
0.596	0.772014
0.597	0.772662
0.598	0.773309
0.599	0.773955
0.6	0.774602
0.601	0.775247
0.602	0.775892
0.603	0.776536
0.604	0.77718
0.605	0.777823
0.606	0.778465
0.607	0.779107
0.608	0.779749
0.609	0.780389
0.61	0.781029
0.611	0.781669
0.612	0.782308
0.613	0.782947
0.614	0.783585
0.615	0.784222
0.616	0.784859
0.617	0.785495
0.618	0.786131
0.619	0.786766
0.62	0.787401
0.621	0.788035
0.622	0.788669
0.623	0.789302
0.624	0.789935
0.625	0.790567
0.626	0.791199
0.627	0.79183
0.628	0.792461
0.629	0.793091
0.63	0.793721
0.631	0.79435
0.632	0.794979
0.633	0.795608
0.634	0.796236
0.635	0.796864
0.636	0.797491
0.637	0.798118
0.638	0.798744
0.639	0.79937
0.64	0.799995
0.641	0.80062
0.642	0.801245
0.643	0.801869
0.644	0.802493
0.645	0.803116
0.646	0.803739
0.647	0.804361
0.648	0.804983
0.649	0.805604
0.65	0.806225
0.651	0.806846
0.652	0.807466
0.653	0.808085
0.654	0.808704
0.655	0.809323
0.656	0.809941
0.657	0.810558
0.658	0.811176
0.659	0.811792
0.66	0.812408
0.661	0.813024
0.662	0.813639
0.663	0.814253
0.664	0.814867
0.665	0.81548
0.666	0.816093
0.667	0.816706
0.668	0.817318
0.669	0.817929
0.67	0.81854
0.671	0.81915
0.672	0.81976
0.673	0.82037
0.674	0.820978
0.675	0.821587
0.676	0.822195
0.677	0.822802
0.678	0.823409
0.679	0.824016
0.68	0.824622
0.681	0.825227
0.682	0.825832
0.683	0.826437
0.684	0.827041
0.685	0.827645
0.686	0.828249
0.687	0.828852
0.688	0.829454
0.689	0.830056
0.69	0.830658
0.691	0.83126
0.692	0.831861
0.693	0.832461
0.694	0.833062
0.695	0.833662
0.696	0.834261
0.697	0.83486
0.698	0.835459
0.699	0.836057
0.7	0.836655
0.701	0.837253
0.702	0.83785
0.703	0.838447
0.704	0.839044
0.705	0.83964
0.706	0.840236
0.707	0.840831
0.708	0.841426
0.709	0.842021
0.71	0.842615
0.711	0.843209
0.712	0.843802
0.713	0.844395
0.714	0.844987
0.715	0.845579
0.716	0.846171
0.717	0.846762
0.718	0.847353
0.719	0.847943
0.72	0.848533
0.721	0.849122
0.722	0.849711
0.723	0.850299
0.724	0.850887
0.725	0.851474
0.726	0.852061
0.727	0.852648
0.728	0.853234
0.729	0.853819
0.73	0.854405
0.731	0.854989
0.732	0.855574
0.733	0.856157
0.734	0.856741
0.735	0.857324
0.736	0.857906
0.737	0.858488
0.738	0.85907
0.739	0.859651
0.74	0.860232
0.741	0.860812
0.742	0.861393
0.743	0.861972
0.744	0.862552
0.745	0.863131
0.746	0.863709
0.747	0.864288
0.748	0.864866
0.749	0.865443
0.75	0.866021
0.751	0.866598
0.752	0.867174
0.753	0.867751
0.754	0.868327
0.755	0.868902
0.756	0.869478
0.757	0.870053
0.758	0.870628
0.759	0.871202
0.76	0.871776
0.761	0.87235
0.762	0.872924
0.763	0.873497
0.764	0.874069
0.765	0.874642
0.766	0.875214
0.767	0.875786
0.768	0.876357
0.769	0.876928
0.77	0.877498
0.771	0.878069
0.772	0.878638
0.773	0.879208
0.774	0.879777
0.775	0.880345
0.776	0.880913
0.777	0.881481
0.778	0.882048
0.779	0.882615
0.78	0.883181
0.781	0.883747
0.782	0.884313
0.783	0.884878
0.784	0.885442
0.785	0.886006
0.786	0.88657
0.787	0.887134
0.788	0.887697
0.789	0.888259
0.79	0.888821
0.791	0.889383
0.792	0.889944
0.793	0.890506
0.794	0.891066
0.795	0.891627
0.796	0.892187
0.797	0.892746
0.798	0.893306
0.799	0.893865
0.8	0.894423
0.801	0.894982
0.802	0.89554
0.803	0.896098
0.804	0.896656
0.805	0.897213
0.806	0.89777
0.807	0.898327
0.808	0.898883
0.809	0.89944
0.81	0.899996
0.811	0.900551
0.812	0.901107
0.813	0.901662
0.814	0.902217
0.815	0.902771
0.816	0.903326
0.817	0.90388
0.818	0.904433
0.819	0.904987
0.82	0.90554
0.821	0.906092
0.822	0.906644
0.823	0.907196
0.824	0.907748
0.825	0.908299
0.826	0.90885
0.827	0.9094
0.828	0.90995
0.829	0.910499
0.83	0.911049
0.831	0.911597
0.832	0.912145
0.833	0.912693
0.834	0.913241
0.835	0.913788
0.836	0.914334
0.837	0.91488
0.838	0.915426
0.839	0.915972
0.84	0.916517
0.841	0.917061
0.842	0.917606
0.843	0.91815
0.844	0.918694
0.845	0.919237
0.846	0.91978
0.847	0.920323
0.848	0.920866
0.849	0.921408
0.85	0.92195
0.851	0.922492
0.852	0.923033
0.853	0.923575
0.854	0.924116
0.855	0.924657
0.856	0.925198
0.857	0.925738
0.858	0.926278
0.859	0.926819
0.86	0.927358
0.861	0.927898
0.862	0.928437
0.863	0.928976
0.864	0.929515
0.865	0.930054
0.866	0.930592
0.867	0.93113
0.868	0.931667
0.869	0.932205
0.87	0.932741
0.871	0.933278
0.872	0.933814
0.873	0.93435
0.874	0.934885
0.875	0.93542
0.876	0.935954
0.877	0.936488
0.878	0.937022
0.879	0.937555
0.88	0.938087
0.881	0.93862
0.882	0.939152
0.883	0.939683
0.884	0.940214
0.885	0.940745
0.886	0.941276
0.887	0.941806
0.888	0.942336
0.889	0.942866
0.89	0.943395
0.891	0.943924
0.892	0.944453
0.893	0.944982
0.894	0.945511
0.895	0.946039
0.896	0.946567
0.897	0.947095
0.898	0.947623
0.899	0.948151
0.9	0.948679
0.901	0.949206
0.902	0.949734
0.903	0.950261
0.904	0.950788
0.905	0.951314
0.906	0.951841
0.907	0.952367
0.908	0.952893
0.909	0.953418
0.91	0.953943
0.911	0.954468
0.912	0.954992
0.913	0.955516
0.914	0.956039
0.915	0.956562
0.916	0.957084
0.917	0.957606
0.918	0.958128
0.919	0.958649
0.92	0.95917
0.921	0.95969
0.922	0.96021
0.923	0.960729
0.924	0.961249
0.925	0.961768
0.926	0.962286
0.927	0.962805
0.928	0.963323
0.929	0.963841
0.93	0.96436
0.931	0.964878
0.932	0.965396
0.933	0.965913
0.934	0.966431
0.935	0.966949
0.936	0.967467
0.937	0.967984
0.938	0.968502
0.939	0.969019
0.94	0.969536
0.941	0.970053
0.942	0.97057
0.943	0.971086
0.944	0.971602
0.945	0.972117
0.946	0.972631
0.947	0.973146
0.948	0.973659
0.949	0.974172
0.95	0.974684
0.951	0.975196
0.952	0.975708
0.953	0.976219
0.954	0.976729
0.955	0.977239
0.956	0.97775
0.957	0.978259
0.958	0.978769
0.959	0.979279
0.96	0.979789
0.961	0.980299
0.962	0.98081
0.963	0.98132
0.964	0.981831
0.965	0.982342
0.966	0.982852
0.967	0.983363
0.968	0.983873
0.969	0.984383
0.97	0.984892
0.971	0.9854
0.972	0.985908
0.973	0.986415
0.974	0.98692
0.975	0.987425
0.976	0.98793
0.977	0.988433
0.978	0.988936
0.979	0.98944
0.98	0.989943
0.981	0.990447
0.982	0.990951
0.983	0.991457
0.984	0.991963
0.985	0.99247
0.986	0.992977
0.987	0.993483
0.988	0.993989
0.989	0.994494
0.99	0.994996
0.991	0.995496
0.992	0.995993
0.993	0.99649
0.994	0.996986
0.995	0.997486
0.996	0.997991
0.997	0.998501
0.998	0.999012
0.999	0.99951
