# Interpolation data for function: sqrt(x)
0	0.0456314
0.001	0.0510395
0.002	0.0563435
0.003	0.0615458
0.004	0.0666486
0.005	0.0716543
0.006	0.0765649
0.007	0.0813826
0.008	0.0861096
0.009	0.0907478
0.01	0.0952994
0.011	0.0997662
0.012	0.10415
0.013	0.108454
0.014	0.112678
0.015	0.116825
0.016	0.120897
0.017	0.124895
0.018	0.128822
0.019	0.132678
0.02	0.136466
0.021	0.140187
0.022	0.143843
0.023	0.147435
0.024	0.150965
0.025	0.154434
0.026	0.157844
0.027	0.161197
0.028	0.164493
0.029	0.167734
0.03	0.170921
0.031	0.174057
0.032	0.177141
0.033	0.180176
0.034	0.183162
0.035	0.1861
0.036	0.188993
0.037	0.191841
0.038	0.194645
0.039	0.197407
0.04	0.200127
0.041	0.202806
0.042	0.205446
0.043	0.208048
0.044	0.210612
0.045	0.21314
0.046	0.215632
0.047	0.218089
0.048	0.220513
0.049	0.222905
0.05	0.225264
0.051	0.227592
0.052	0.22989
0.053	0.232159
0.054	0.234398
0.055	0.23661
0.056	0.238795
0.057	0.240954
0.058	0.243087
0.059	0.245195
0.06	0.247279
0.061	0.249339
0.062	0.251376
0.063	0.253391
0.064	0.255384
0.065	0.257356
0.066	0.259307
0.067	0.261239
0.068	0.263151
0.069	0.265045
0.07	0.26692
0.071	0.268777
0.072	0.270617
0.073	0.27244
0.074	0.274247
0.075	0.276038
0.076	0.277814
0.077	0.279574
0.078	0.281321
0.079	0.283053
0.08	0.284771
0.081	0.286476
0.082	0.288168
0.083	0.289848
0.084	0.291515
0.085	0.29317
0.086	0.294814
0.087	0.296447
0.088	0.298069
0.089	0.299681
0.09	0.301282
0.091	0.302873
0.092	0.304454
0.093	0.306027
0.094	0.30759
0.095	0.309144
0.096	0.310689
0.097	0.312227
0.098	0.313756
0.099	0.315277
0.1	0.31679
0.101	0.318296
0.102	0.319795
0.103	0.321287
0.104	0.322772
0.105	0.32425
0.106	0.325722
0.107	0.327187
0.108	0.328646
0.109	0.330099
0.11	0.331547
0.111	0.332988
0.112	0.334425
0.113	0.335855
0.114	0.337281
0.115	0.338701
0.116	0.340116
0.117	0.341527
0.118	0.342933
0.119	0.344334
0.12	0.34573
0.121	0.347122
0.122	0.34851
0.123	0.349893
0.124	0.351272
0.125	0.352647
0.126	0.354018
0.127	0.355386
0.128	0.356749
0.129	0.358108
0.13	0.359464
0.131	0.360817
0.132	0.362165
0.133	0.36351
0.134	0.364852
0.135	0.36619
0.136	0.367525
0.137	0.368857
0.138	0.370185
0.139	0.37151
0.14	0.372832
0.141	0.374151
0.142	0.375466
0.143	0.376779
0.144	0.378088
0.145	0.379395
0.146	0.380698
0.147	0.381999
0.148	0.383297
0.149	0.384591
0.15	0.385883
0.151	0.387172
0.152	0.388458
0.153	0.389741
0.154	0.391022
0.155	0.392299
0.156	0.393574
0.157	0.394846
0.158	0.396116
0.159	0.397382
0.16	0.398646
0.161	0.399907
0.162	0.401165
0.163	0.402421
0.164	0.403674
0.165	0.404924
0.166	0.406171
0.167	0.407416
0.168	0.408657
0.169	0.409897
0.17	0.411133
0.171	0.412367
0.172	0.413598
0.173	0.414826
0.174	0.416051
0.175	0.417274
0.176	0.418494
0.177	0.419712
0.178	0.420926
0.179	0.422138
0.18	0.423347
0.181	0.424553
0.182	0.425757
0.183	0.426957
0.184	0.428155
0.185	0.429351
0.186	0.430543
0.187	0.431733
0.188	0.43292
0.189	0.434104
0.19	0.435285
0.191	0.436463
0.192	0.437639
0.193	0.438812
0.194	0.439981
0.195	0.441149
0.196	0.442313
0.197	0.443474
0.198	0.444633
0.199	0.445789
0.2	0.446942
0.201	0.448092
0.202	0.449239
0.203	0.450383
0.204	0.451524
0.205	0.452663
0.206	0.453799
0.207	0.454931
0.208	0.456061
0.209	0.457188
0.21	0.458312
0.211	0.459434
0.212	0.460552
0.213	0.461667
0.214	0.46278
0.215	0.46389
0.216	0.464996
0.217	0.4661
0.218	0.467201
0.219	0.468299
0.22	0.469395
0.221	0.470487
0.222	0.471576
0.223	0.472663
0.224	0.473746
0.225	0.474827
0.226	0.475905
0.227	0.47698
0.228	0.478052
0.229	0.479121
0.23	0.480188
0.231	0.481251
0.232	0.482312
0.233	0.48337
0.234	0.484425
0.235	0.485477
0.236	0.486527
0.237	0.487573
0.238	0.488617
0.239	0.489658
0.24	0.490696
0.241	0.491731
0.242	0.492764
0.243	0.493794
0.244	0.494821
0.245	0.495845
0.246	0.496867
0.247	0.497886
0.248	0.498902
0.249	0.499915
0.25	0.500926
0.251	0.501934
0.252	0.502939
0.253	0.503942
0.254	0.504942
0.255	0.50594
0.256	0.506935
0.257	0.507927
0.258	0.508916
0.259	0.509904
0.26	0.510888
0.261	0.51187
0.262	0.512849
0.263	0.513826
0.264	0.514801
0.265	0.515773
0.266	0.516742
0.267	0.517709
0.268	0.518674
0.269	0.519636
0.27	0.520596
0.271	0.521553
0.272	0.522508
0.273	0.523461
0.274	0.524412
0.275	0.52536
0.276	0.526305
0.277	0.527249
0.278	0.52819
0.279	0.529129
0.28	0.530066
0.281	0.531
0.282	0.531933
0.283	0.532863
0.284	0.533791
0.285	0.534717
0.286	0.535641
0.287	0.536563
0.288	0.537482
0.289	0.5384
0.29	0.539315
0.291	0.540229
0.292	0.541141
0.293	0.54205
0.294	0.542958
0.295	0.543864
0.296	0.544767
0.297	0.545669
0.298	0.546569
0.299	0.547468
0.3	0.548364
0.301	0.549258
0.302	0.550151
0.303	0.551042
0.304	0.551931
0.305	0.552819
0.306	0.553705
0.307	0.554589
0.308	0.555471
0.309	0.556352
0.31	0.557231
0.311	0.558109
0.312	0.558984
0.313	0.559859
0.314	0.560731
0.315	0.561603
0.316	0.562472
0.317	0.563341
0.318	0.564207
0.319	0.565073
0.32	0.565936
0.321	0.566799
0.322	0.56766
0.323	0.568519
0.324	0.569377
0.325	0.570234
0.326	0.57109
0.327	0.571944
0.328	0.572797
0.329	0.573648
0.33	0.574499
0.331	0.575348
0.332	0.576196
0.333	0.577042
0.334	0.577888
0.335	0.578732
0.336	0.579575
0.337	0.580417
0.338	0.581258
0.339	0.582097
0.34	0.582936
0.341	0.583773
0.342	0.58461
0.343	0.585445
0.344	0.586279
0.345	0.587113
0.346	0.587945
0.347	0.588776
0.348	0.589606
0.349	0.590435
0.35	0.591264
0.351	0.592091
0.352	0.592918
0.353	0.593743
0.354	0.594568
0.355	0.595391
0.356	0.596214
0.357	0.597036
0.358	0.597857
0.359	0.598677
0.36	0.599497
0.361	0.600315
0.362	0.601133
0.363	0.60195
0.364	0.602766
0.365	0.603581
0.366	0.604396
0.367	0.605209
0.368	0.606022
0.369	0.606835
0.37	0.607646
0.371	0.608457
0.372	0.609267
0.373	0.610076
0.374	0.610885
0.375	0.611693
0.376	0.6125
0.377	0.613306
0.378	0.614112
0.379	0.614917
0.38	0.615722
0.381	0.616526
0.382	0.617329
0.383	0.618131
0.384	0.618933
0.385	0.619734
0.386	0.620535
0.387	0.621335
0.388	0.622134
0.389	0.622933
0.39	0.623731
0.391	0.624528
0.392	0.625325
0.393	0.626121
0.394	0.626917
0.395	0.627712
0.396	0.628506
0.397	0.6293
0.398	0.630093
0.399	0.630886
0.4	0.631678
0.401	0.632469
0.402	0.63326
0.403	0.634051
0.404	0.63484
0.405	0.635629
0.406	0.636418
0.407	0.637206
0.408	0.637993
0.409	0.63878
0.41	0.639566
0.411	0.640351
0.412	0.641136
0.413	0.641921
0.414	0.642705
0.415	0.643488
0.416	0.64427
0.417	0.645052
0.418	0.645834
0.419	0.646615
0.42	0.647395
0.421	0.648175
0.422	0.648954
0.423	0.649732
0.424	0.65051
0.425	0.651287
0.426	0.652064
0.427	0.65284
0.428	0.653615
0.429	0.65439
0.43	0.655164
0.431	0.655937
0.432	0.65671
0.433	0.657482
0.434	0.658254
0.435	0.659025
0.436	0.659795
0.437	0.660565
0.438	0.661334
0.439	0.662102
0.44	0.66287
0.441	0.663637
0.442	0.664403
0.443	0.665169
0.444	0.665934
0.445	0.666699
0.446	0.667462
0.447	0.668225
0.448	0.668987
0.449	0.669749
0.45	0.67051
0.451	0.67127
0.452	0.672029
0.453	0.672788
0.454	0.673546
0.455	0.674303
0.456	0.67506
0.457	0.675815
0.458	0.67657
0.459	0.677325
0.46	0.678078
0.461	0.678831
0.462	0.679583
0.463	0.680334
0.464	0.681084
0.465	0.681834
0.466	0.682583
0.467	0.683331
0.468	0.684078
0.469	0.684825
0.47	0.68557
0.471	0.686315
0.472	0.687059
0.473	0.687802
0.474	0.688545
0.475	0.689286
0.476	0.690027
0.477	0.690767
0.478	0.691505
0.479	0.692244
0.48	0.692981
0.481	0.693717
0.482	0.694453
0.483	0.695187
0.484	0.695921
0.485	0.696654
0.486	0.697386
0.487	0.698117
0.488	0.698847
0.489	0.699577
0.49	0.700305
0.491	0.701033
0.492	0.701759
0.493	0.702485
0.494	0.70321
0.495	0.703934
0.496	0.704657
0.497	0.705379
0.498	0.7061
0.499	0.70682
0.5	0.707539
0.501	0.708257
0.502	0.708974
0.503	0.709691
0.504	0.710406
0.505	0.711121
0.506	0.711834
0.507	0.712547
0.508	0.713258
0.509	0.713969
0.51	0.714678
0.511	0.715387
0.512	0.716095
0.513	0.716802
0.514	0.717507
0.515	0.718212
0.516	0.718916
0.517	0.719619
0.518	0.720321
0.519	0.721022
0.52	0.721722
0.521	0.72242
0.522	0.723118
0.523	0.723815
0.524	0.724511
0.525	0.725206
0.526	0.725901
0.527	0.726594
0.528	0.727286
0.529	0.727977
0.53	0.728667
0.531	0.729356
0.532	0.730044
0.533	0.730732
0.534	0.731418
0.535	0.732103
0.536	0.732787
0.537	0.733471
0.538	0.734153
0.539	0.734834
0.54	0.735515
0.541	0.736194
0.542	0.736873
0.543	0.73755
0.544	0.738227
0.545	0.738903
0.546	0.739578
0.547	0.740251
0.548	0.740924
0.549	0.741596
0.55	0.742267
0.551	0.742937
0.552	0.743606
0.553	0.744274
0.554	0.744942
0.555	0.745608
0.556	0.746274
0.557	0.746938
0.558	0.747602
0.559	0.748265
0.56	0.748926
0.561	0.749587
0.562	0.750248
0.563	0.750907
0.564	0.751565
0.565	0.752223
0.566	0.752879
0.567	0.753535
0.568	0.75419
0.569	0.754844
0.57	0.755498
0.571	0.75615
0.572	0.756802
0.573	0.757452
0.574	0.758102
0.575	0.758752
0.576	0.7594
0.577	0.760048
0.578	0.760695
0.579	0.761341
0.58	0.761986
0.581	0.762631
0.582	0.763274
0.583	0.763917
0.584	0.76456
0.585	0.765201
0.586	0.765842
0.587	0.766482
0.588	0.767122
0.589	0.76776
0.59	0.768399
0.591	0.769036
0.592	0.769673
0.593	0.770309
0.594	0.770944
0.595	0.771579
0.596	0.772213
0.597	0.772846
0.598	0.773479
0.599	0.774111
0.6	0.774743
0.601	0.775374
0.602	0.776004
0.603	0.776634
0.604	0.777263
0.605	0.777892
0.606	0.77852
0.607	0.779147
0.608	0.779774
0.609	0.780401
0.61	0.781027
0.611	0.781652
0.612	0.782277
0.613	0.782902
0.614	0.783526
0.615	0.784149
0.616	0.784772
0.617	0.785395
0.618	0.786017
0.619	0.786638
0.62	0.787259
0.621	0.78788
0.622	0.7885
0.623	0.78912
0.624	0.78974
0.625	0.790359
0.626	0.790978
0.627	0.791596
0.628	0.792214
0.629	0.792832
0.63	0.793449
0.631	0.794066
0.632	0.794682
0.633	0.795298
0.634	0.795914
0.635	0.79653
0.636	0.797145
0.637	0.79776
0.638	0.798375
0.639	0.798989
0.64	0.799603
0.641	0.800217
0.642	0.800831
0.643	0.801444
0.644	0.802057
0.645	0.80267
0.646	0.803282
0.647	0.803895
0.648	0.804507
0.649	0.805118
0.65	0.80573
0.651	0.806342
0.652	0.806953
0.653	0.807564
0.654	0.808175
0.655	0.808785
0.656	0.809396
0.657	0.810006
0.658	0.810616
0.659	0.811226
0.66	0.811836
0.661	0.812446
0.662	0.813055
0.663	0.813665
0.664	0.814274
0.665	0.814883
0.666	0.815492
0.667	0.816101
0.668	0.816709
0.669	0.817318
0.67	0.817926
0.671	0.818534
0.672	0.819143
0.673	0.819751
0.674	0.820359
0.675	0.820966
0.676	0.821574
0.677	0.822182
0.678	0.822789
0.679	0.823397
0.68	0.824004
0.681	0.824611
0.682	0.825219
0.683	0.825826
0.684	0.826432
0.685	0.827039
0.686	0.827646
0.687	0.828253
0.688	0.828859
0.689	0.829466
0.69	0.830072
0.691	0.830678
0.692	0.831285
0.693	0.831891
0.694	0.832497
0.695	0.833102
0.696	0.833708
0.697	0.834314
0.698	0.834919
0.699	0.835525
0.7	0.83613
0.701	0.836735
0.702	0.83734
0.703	0.837945
0.704	0.83855
0.705	0.839155
0.706	0.83976
0.707	0.840364
0.708	0.840968
0.709	0.841572
0.71	0.842177
0.711	0.84278
0.712	0.843384
0.713	0.843988
0.714	0.844591
0.715	0.845194
0.716	0.845797
0.717	0.8464
0.718	0.847003
0.719	0.847605
0.72	0.848208
0.721	0.84881
0.722	0.849412
0.723	0.850013
0.724	0.850615
0.725	0.851216
0.726	0.851817
0.727	0.852418
0.728	0.853018
0.729	0.853618
0.73	0.854218
0.731	0.854818
0.732	0.855417
0.733	0.856016
0.734	0.856615
0.735	0.857214
0.736	0.857812
0.737	0.85841
0.738	0.859007
0.739	0.859605
0.74	0.860201
0.741	0.860798
0.742	0.861394
0.743	0.86199
0.744	0.862585
0.745	0.86318
0.746	0.863775
0.747	0.864369
0.748	0.864963
0.749	0.865556
0.75	0.866149
0.751	0.866741
0.752	0.867333
0.753	0.867925
0.754	0.868516
0.755	0.869107
0.756	0.869697
0.757	0.870286
0.758	0.870875
0.759	0.871464
0.76	0.872052
0.761	0.87264
0.762	0.873227
0.763	0.873813
0.764	0.874399
0.765	0.874984
0.766	0.875569
0.767	0.876153
0.768	0.876736
0.769	0.877319
0.77	0.877902
0.771	0.878483
0.772	0.879064
0.773	0.879645
0.774	0.880224
0.775	0.880803
0.776	0.881382
0.777	0.881959
0.778	0.882536
0.779	0.883113
0.78	0.883688
0.781	0.884263
0.782	0.884837
0.783	0.885411
0.784	0.885984
0.785	0.886556
0.786	0.887127
0.787	0.887697
0.788	0.888267
0.789	0.888836
0.79	0.889404
0.791	0.889972
0.792	0.890538
0.793	0.891104
0.794	0.891669
0.795	0.892234
0.796	0.892797
0.797	0.89336
0.798	0.893922
0.799	0.894483
0.8	0.895043
0.801	0.895603
0.802	0.896161
0.803	0.896719
0.804	0.897276
0.805	0.897832
0.806	0.898388
0.807	0.898942
0.808	0.899496
0.809	0.900049
0.81	0.900601
0.811	0.901152
0.812	0.901702
0.813	0.902252
0.814	0.902801
0.815	0.903348
0.816	0.903895
0.817	0.904442
0.818	0.904987
0.819	0.905532
0.82	0.906076
0.821	0.906618
0.822	0.907161
0.823	0.907702
0.824	0.908243
0.825	0.908782
0.826	0.909321
0.827	0.90986
0.828	0.910397
0.829	0.910934
0.83	0.91147
0.831	0.912005
0.832	0.91254
0.833	0.913073
0.834	0.913606
0.835	0.914139
0.836	0.91467
0.837	0.915201
0.838	0.915732
0.839	0.916261
0.84	0.91679
0.841	0.917318
0.842	0.917846
0.843	0.918373
0.844	0.9189
0.845	0.919426
0.846	0.919951
0.847	0.920476
0.848	0.921
0.849	0.921524
0.85	0.922047
0.851	0.922569
0.852	0.923092
0.853	0.923613
0.854	0.924135
0.855	0.924656
0.856	0.925176
0.857	0.925696
0.858	0.926216
0.859	0.926736
0.86	0.927255
0.861	0.927773
0.862	0.928292
0.863	0.92881
0.864	0.929328
0.865	0.929846
0.866	0.930364
0.867	0.930881
0.868	0.931398
0.869	0.931915
0.87	0.932432
0.871	0.932949
0.872	0.933466
0.873	0.933983
0.874	0.9345
0.875	0.935017
0.876	0.935534
0.877	0.936051
0.878	0.936568
0.879	0.937085
0.88	0.937602
0.881	0.93812
0.882	0.938637
0.883	0.939155
0.884	0.939673
0.885	0.940191
0.886	0.94071
0.887	0.941229
0.888	0.941748
0.889	0.942268
0.89	0.942787
0.891	0.943308
0.892	0.943828
0.893	0.94435
0.894	0.944871
0.895	0.945393
0.896	0.945916
0.897	0.946439
0.898	0.946963
0.899	0.947487
0.9	0.948012
0.901	0.948537
0.902	0.949063
0.903	0.94959
0.904	0.950117
0.905	0.950645
0.906	0.951174
0.907	0.951703
0.908	0.952233
0.909	0.952764
0.91	0.953296
0.911	0.953828
0.912	0.954361
0.913	0.954895
0.914	0.955429
0.915	0.955964
0.916	0.9565
0.917	0.957037
0.918	0.957575
0.919	0.958113
0.92	0.958652
0.921	0.959192
0.922	0.959733
0.923	0.960274
0.924	0.960816
0.925	0.961359
0.926	0.961902
0.927	0.962446
0.928	0.962991
0.929	0.963537
0.93	0.964083
0.931	0.964629
0.932	0.965176
0.933	0.965724
0.934	0.966272
0.935	0.966821
0.936	0.96737
0.937	0.96792
0.938	0.968469
0.939	0.969019
0.94	0.96957
0.941	0.97012
0.942	0.970671
0.943	0.971221
0.944	0.971772
0.945	0.972322
0.946	0.972872
0.947	0.973422
0.948	0.973972
0.949	0.974521
0.95	0.975069
0.951	0.975617
0.952	0.976165
0.953	0.976711
0.954	0.977256
0.955	0.977801
0.956	0.978344
0.957	0.978886
0.958	0.979426
0.959	0.979965
0.96	0.980502
0.961	0.981037
0.962	0.98157
0.963	0.9821
0.964	0.982629
0.965	0.983154
0.966	0.983677
0.967	0.984197
0.968	0.984714
0.969	0.985228
0.97	0.985737
0.971	0.986244
0.972	0.986746
0.973	0.987243
0.974	0.987737
0.975	0.988225
0.976	0.988708
0.977	0.989187
0.978	0.989659
0.979	0.990126
0.98	0.990586
0.981	0.99104
0.982	0.991487
0.983	0.991927
0.984	0.992359
0.985	0.992784
0.986	0.9932
0.987	0.993608
0.988	0.994007
0.989	0.994396
0.99	0.994776
0.991	0.995146
0.992	0.995505
0.993	0.995852
0.994	0.996189
0.995	0.996513
0.996	0.996825
0.997	0.997124
0.998	0.997409
0.999	0.99768
