# Interpolation data for function: sqrt(x)
0	0.0839404
0.001	0.0868692
0.002	0.0897825
0.003	0.0926802
0.004	0.0955626
0.005	0.0984296
0.006	0.101281
0.007	0.104118
0.008	0.10694
0.009	0.109746
0.01	0.112538
0.011	0.115315
0.012	0.118077
0.013	0.120824
0.014	0.123557
0.015	0.126275
0.016	0.128979
0.017	0.131669
0.018	0.134344
0.019	0.137005
0.02	0.139652
0.021	0.142285
0.022	0.144904
0.023	0.147509
0.024	0.1501
0.025	0.152678
0.026	0.155242
0.027	0.157792
0.028	0.160329
0.029	0.162853
0.03	0.165363
0.031	0.16786
0.032	0.170344
0.033	0.172814
0.034	0.175272
0.035	0.177717
0.036	0.180148
0.037	0.182567
0.038	0.184974
0.039	0.187367
0.04	0.189748
0.041	0.192117
0.042	0.194473
0.043	0.196816
0.044	0.199148
0.045	0.201467
0.046	0.203774
0.047	0.206069
0.048	0.208352
0.049	0.210623
0.05	0.212882
0.051	0.215129
0.052	0.217365
0.053	0.219589
0.054	0.221801
0.055	0.224002
0.056	0.226191
0.057	0.228369
0.058	0.230536
0.059	0.232691
0.06	0.234835
0.061	0.236968
0.062	0.23909
0.063	0.241202
0.064	0.243302
0.065	0.245391
0.066	0.24747
0.067	0.249538
0.068	0.251595
0.069	0.253641
0.07	0.255677
0.071	0.257703
0.072	0.259718
0.073	0.261723
0.074	0.263718
0.075	0.265703
0.076	0.267677
0.077	0.269641
0.078	0.271595
0.079	0.27354
0.08	0.275474
0.081	0.277399
0.082	0.279314
0.083	0.281219
0.084	0.283115
0.085	0.285001
0.086	0.286877
0.087	0.288744
0.088	0.290602
0.089	0.29245
0.09	0.294289
0.091	0.296119
0.092	0.29794
0.093	0.299751
0.094	0.301554
0.095	0.303347
0.096	0.305132
0.097	0.306908
0.098	0.308675
0.099	0.310433
0.1	0.312183
0.101	0.313924
0.102	0.315656
0.103	0.31738
0.104	0.319095
0.105	0.320802
0.106	0.322501
0.107	0.324191
0.108	0.325874
0.109	0.327548
0.11	0.329213
0.111	0.330871
0.112	0.332521
0.113	0.334163
0.114	0.335797
0.115	0.337423
0.116	0.339041
0.117	0.340651
0.118	0.342254
0.119	0.343849
0.12	0.345437
0.121	0.347017
0.122	0.348589
0.123	0.350154
0.124	0.351712
0.125	0.353262
0.126	0.354806
0.127	0.356341
0.128	0.35787
0.129	0.359392
0.13	0.360906
0.131	0.362414
0.132	0.363914
0.133	0.365407
0.134	0.366894
0.135	0.368374
0.136	0.369847
0.137	0.371313
0.138	0.372773
0.139	0.374226
0.14	0.375672
0.141	0.377112
0.142	0.378545
0.143	0.379972
0.144	0.381393
0.145	0.382807
0.146	0.384215
0.147	0.385616
0.148	0.387011
0.149	0.388401
0.15	0.389784
0.151	0.391161
0.152	0.392531
0.153	0.393896
0.154	0.395255
0.155	0.396608
0.156	0.397956
0.157	0.399297
0.158	0.400633
0.159	0.401962
0.16	0.403287
0.161	0.404605
0.162	0.405918
0.163	0.407225
0.164	0.408527
0.165	0.409824
0.166	0.411115
0.167	0.4124
0.168	0.413681
0.169	0.414955
0.17	0.416225
0.171	0.41749
0.172	0.418749
0.173	0.420003
0.174	0.421252
0.175	0.422496
0.176	0.423735
0.177	0.424969
0.178	0.426198
0.179	0.427422
0.18	0.428641
0.181	0.429855
0.182	0.431065
0.183	0.43227
0.184	0.43347
0.185	0.434665
0.186	0.435856
0.187	0.437042
0.188	0.438224
0.189	0.439401
0.19	0.440573
0.191	0.441742
0.192	0.442905
0.193	0.444065
0.194	0.44522
0.195	0.44637
0.196	0.447517
0.197	0.448659
0.198	0.449797
0.199	0.450931
0.2	0.45206
0.201	0.453186
0.202	0.454308
0.203	0.455425
0.204	0.456539
0.205	0.457648
0.206	0.458754
0.207	0.459855
0.208	0.460953
0.209	0.462047
0.21	0.463137
0.211	0.464224
0.212	0.465307
0.213	0.466386
0.214	0.467461
0.215	0.468533
0.216	0.469601
0.217	0.470665
0.218	0.471726
0.219	0.472784
0.22	0.473838
0.221	0.474888
0.222	0.475936
0.223	0.476979
0.224	0.47802
0.225	0.479057
0.226	0.480091
0.227	0.481121
0.228	0.482148
0.229	0.483172
0.23	0.484193
0.231	0.485211
0.232	0.486226
0.233	0.487237
0.234	0.488246
0.235	0.489251
0.236	0.490253
0.237	0.491253
0.238	0.492249
0.239	0.493243
0.24	0.494234
0.241	0.495221
0.242	0.496206
0.243	0.497188
0.244	0.498168
0.245	0.499144
0.246	0.500118
0.247	0.501089
0.248	0.502057
0.249	0.503023
0.25	0.503986
0.251	0.504947
0.252	0.505905
0.253	0.50686
0.254	0.507813
0.255	0.508763
0.256	0.509711
0.257	0.510656
0.258	0.511599
0.259	0.51254
0.26	0.513478
0.261	0.514413
0.262	0.515347
0.263	0.516278
0.264	0.517207
0.265	0.518133
0.266	0.519057
0.267	0.519979
0.268	0.520899
0.269	0.521817
0.27	0.522732
0.271	0.523646
0.272	0.524557
0.273	0.525466
0.274	0.526373
0.275	0.527278
0.276	0.528181
0.277	0.529082
0.278	0.529981
0.279	0.530877
0.28	0.531772
0.281	0.532666
0.282	0.533557
0.283	0.534446
0.284	0.535333
0.285	0.536219
0.286	0.537103
0.287	0.537984
0.288	0.538865
0.289	0.539743
0.29	0.540619
0.291	0.541494
0.292	0.542367
0.293	0.543239
0.294	0.544109
0.295	0.544977
0.296	0.545843
0.297	0.546708
0.298	0.547571
0.299	0.548433
0.3	0.549293
0.301	0.550151
0.302	0.551008
0.303	0.551864
0.304	0.552717
0.305	0.55357
0.306	0.554421
0.307	0.55527
0.308	0.556118
0.309	0.556965
0.31	0.55781
0.311	0.558654
0.312	0.559496
0.313	0.560338
0.314	0.561177
0.315	0.562016
0.316	0.562853
0.317	0.563689
0.318	0.564523
0.319	0.565356
0.32	0.566188
0.321	0.567019
0.322	0.567849
0.323	0.568677
0.324	0.569504
0.325	0.57033
0.326	0.571155
0.327	0.571978
0.328	0.572801
0.329	0.573622
0.33	0.574442
0.331	0.575262
0.332	0.57608
0.333	0.576896
0.334	0.577712
0.335	0.578527
0.336	0.579341
0.337	0.580154
0.338	0.580965
0.339	0.581776
0.34	0.582586
0.341	0.583395
0.342	0.584202
0.343	0.585009
0.344	0.585815
0.345	0.58662
0.346	0.587424
0.347	0.588227
0.348	0.58903
0.349	0.589831
0.35	0.590631
0.351	0.591431
0.352	0.59223
0.353	0.593028
0.354	0.593825
0.355	0.594621
0.356	0.595416
0.357	0.596211
0.358	0.597005
0.359	0.597798
0.36	0.59859
0.361	0.599381
0.362	0.600172
0.363	0.600962
0.364	0.601751
0.365	0.602539
0.366	0.603327
0.367	0.604114
0.368	0.604901
0.369	0.605686
0.37	0.606471
0.371	0.607255
0.372	0.608039
0.373	0.608822
0.374	0.609604
0.375	0.610386
0.376	0.611167
0.377	0.611947
0.378	0.612727
0.379	0.613506
0.38	0.614284
0.381	0.615062
0.382	0.615839
0.383	0.616616
0.384	0.617392
0.385	0.618168
0.386	0.618943
0.387	0.619717
0.388	0.620491
0.389	0.621264
0.39	0.622037
0.391	0.622809
0.392	0.623581
0.393	0.624352
0.394	0.625122
0.395	0.625892
0.396	0.626662
0.397	0.627431
0.398	0.628199
0.399	0.628968
0.4	0.629735
0.401	0.630502
0.402	0.631269
0.403	0.632035
0.404	0.632801
0.405	0.633566
0.406	0.634331
0.407	0.635095
0.408	0.635859
0.409	0.636622
0.41	0.637385
0.411	0.638148
0.412	0.63891
0.413	0.639671
0.414	0.640433
0.415	0.641193
0.416	0.641954
0.417	0.642714
0.418	0.643473
0.419	0.644233
0.42	0.644991
0.421	0.64575
0.422	0.646508
0.423	0.647265
0.424	0.648022
0.425	0.648779
0.426	0.649536
0.427	0.650292
0.428	0.651047
0.429	0.651802
0.43	0.652557
0.431	0.653312
0.432	0.654066
0.433	0.65482
0.434	0.655573
0.435	0.656326
0.436	0.657079
0.437	0.657831
0.438	0.658583
0.439	0.659335
0.44	0.660086
0.441	0.660837
0.442	0.661588
0.443	0.662338
0.444	0.663088
0.445	0.663838
0.446	0.664587
0.447	0.665336
0.448	0.666084
0.449	0.666832
0.45	0.66758
0.451	0.668328
0.452	0.669075
0.453	0.669822
0.454	0.670568
0.455	0.671314
0.456	0.67206
0.457	0.672806
0.458	0.673551
0.459	0.674296
0.46	0.67504
0.461	0.675784
0.462	0.676528
0.463	0.677272
0.464	0.678015
0.465	0.678758
0.466	0.6795
0.467	0.680243
0.468	0.680984
0.469	0.681726
0.47	0.682467
0.471	0.683208
0.472	0.683949
0.473	0.684689
0.474	0.685429
0.475	0.686168
0.476	0.686908
0.477	0.687646
0.478	0.688385
0.479	0.689123
0.48	0.689861
0.481	0.690599
0.482	0.691336
0.483	0.692073
0.484	0.692809
0.485	0.693545
0.486	0.694281
0.487	0.695017
0.488	0.695752
0.489	0.696487
0.49	0.697221
0.491	0.697955
0.492	0.698689
0.493	0.699423
0.494	0.700156
0.495	0.700888
0.496	0.701621
0.497	0.702353
0.498	0.703084
0.499	0.703816
0.5	0.704547
0.501	0.705277
0.502	0.706007
0.503	0.706737
0.504	0.707467
0.505	0.708196
0.506	0.708925
0.507	0.709653
0.508	0.710381
0.509	0.711109
0.51	0.711836
0.511	0.712563
0.512	0.713289
0.513	0.714015
0.514	0.714741
0.515	0.715466
0.516	0.716191
0.517	0.716915
0.518	0.717639
0.519	0.718363
0.52	0.719086
0.521	0.719809
0.522	0.720532
0.523	0.721254
0.524	0.721975
0.525	0.722696
0.526	0.723417
0.527	0.724137
0.528	0.724857
0.529	0.725577
0.53	0.726296
0.531	0.727015
0.532	0.727733
0.533	0.72845
0.534	0.729168
0.535	0.729885
0.536	0.730601
0.537	0.731317
0.538	0.732032
0.539	0.732747
0.54	0.733462
0.541	0.734176
0.542	0.73489
0.543	0.735603
0.544	0.736315
0.545	0.737028
0.546	0.737739
0.547	0.73845
0.548	0.739161
0.549	0.739871
0.55	0.740581
0.551	0.74129
0.552	0.741999
0.553	0.742707
0.554	0.743415
0.555	0.744122
0.556	0.744829
0.557	0.745535
0.558	0.746241
0.559	0.746946
0.56	0.74765
0.561	0.748354
0.562	0.749058
0.563	0.749761
0.564	0.750463
0.565	0.751165
0.566	0.751867
0.567	0.752567
0.568	0.753268
0.569	0.753967
0.57	0.754666
0.571	0.755365
0.572	0.756063
0.573	0.75676
0.574	0.757457
0.575	0.758153
0.576	0.758849
0.577	0.759544
0.578	0.760238
0.579	0.760932
0.58	0.761625
0.581	0.762318
0.582	0.76301
0.583	0.763701
0.584	0.764392
0.585	0.765082
0.586	0.765771
0.587	0.76646
0.588	0.767149
0.589	0.767836
0.59	0.768523
0.591	0.76921
0.592	0.769895
0.593	0.77058
0.594	0.771265
0.595	0.771948
0.596	0.772631
0.597	0.773314
0.598	0.773996
0.599	0.774677
0.6	0.775357
0.601	0.776037
0.602	0.776716
0.603	0.777394
0.604	0.778072
0.605	0.778749
0.606	0.779425
0.607	0.7801
0.608	0.780775
0.609	0.781449
0.61	0.782123
0.611	0.782795
0.612	0.783467
0.613	0.784139
0.614	0.784809
0.615	0.785479
0.616	0.786148
0.617	0.786816
0.618	0.787484
0.619	0.788151
0.62	0.788817
0.621	0.789482
0.622	0.790147
0.623	0.790811
0.624	0.791474
0.625	0.792136
0.626	0.792798
0.627	0.793458
0.628	0.794118
0.629	0.794778
0.63	0.795436
0.631	0.796094
0.632	0.796751
0.633	0.797407
0.634	0.798062
0.635	0.798717
0.636	0.79937
0.637	0.800023
0.638	0.800675
0.639	0.801327
0.64	0.801977
0.641	0.802627
0.642	0.803276
0.643	0.803924
0.644	0.804571
0.645	0.805217
0.646	0.805863
0.647	0.806507
0.648	0.807151
0.649	0.807794
0.65	0.808437
0.651	0.809078
0.652	0.809719
0.653	0.810358
0.654	0.810997
0.655	0.811635
0.656	0.812272
0.657	0.812909
0.658	0.813544
0.659	0.814179
0.66	0.814812
0.661	0.815445
0.662	0.816077
0.663	0.816708
0.664	0.817338
0.665	0.817968
0.666	0.818596
0.667	0.819224
0.668	0.819851
0.669	0.820476
0.67	0.821101
0.671	0.821726
0.672	0.822349
0.673	0.822971
0.674	0.823592
0.675	0.824213
0.676	0.824833
0.677	0.825451
0.678	0.826069
0.679	0.826686
0.68	0.827302
0.681	0.827917
0.682	0.828532
0.683	0.829145
0.684	0.829757
0.685	0.830369
0.686	0.83098
0.687	0.831589
0.688	0.832198
0.689	0.832806
0.69	0.833413
0.691	0.834019
0.692	0.834624
0.693	0.835229
0.694	0.835832
0.695	0.836434
0.696	0.837036
0.697	0.837636
0.698	0.838236
0.699	0.838835
0.7	0.839433
0.701	0.84003
0.702	0.840626
0.703	0.841221
0.704	0.841815
0.705	0.842408
0.706	0.843001
0.707	0.843592
0.708	0.844183
0.709	0.844772
0.71	0.845361
0.711	0.845949
0.712	0.846536
0.713	0.847122
0.714	0.847707
0.715	0.848291
0.716	0.848874
0.717	0.849456
0.718	0.850038
0.719	0.850618
0.72	0.851198
0.721	0.851776
0.722	0.852354
0.723	0.852931
0.724	0.853507
0.725	0.854082
0.726	0.854656
0.727	0.855229
0.728	0.855802
0.729	0.856373
0.73	0.856944
0.731	0.857513
0.732	0.858082
0.733	0.85865
0.734	0.859217
0.735	0.859783
0.736	0.860348
0.737	0.860913
0.738	0.861476
0.739	0.862039
0.74	0.8626
0.741	0.863161
0.742	0.863721
0.743	0.86428
0.744	0.864838
0.745	0.865396
0.746	0.865952
0.747	0.866508
0.748	0.867063
0.749	0.867617
0.75	0.86817
0.751	0.868722
0.752	0.869273
0.753	0.869824
0.754	0.870374
0.755	0.870923
0.756	0.871471
0.757	0.872018
0.758	0.872565
0.759	0.87311
0.76	0.873655
0.761	0.874199
0.762	0.874742
0.763	0.875285
0.764	0.875826
0.765	0.876367
0.766	0.876907
0.767	0.877447
0.768	0.877985
0.769	0.878523
0.77	0.87906
0.771	0.879596
0.772	0.880132
0.773	0.880667
0.774	0.881201
0.775	0.881734
0.776	0.882266
0.777	0.882798
0.778	0.883329
0.779	0.88386
0.78	0.884389
0.781	0.884918
0.782	0.885447
0.783	0.885974
0.784	0.886501
0.785	0.887028
0.786	0.887553
0.787	0.888078
0.788	0.888602
0.789	0.889126
0.79	0.889649
0.791	0.890171
0.792	0.890693
0.793	0.891214
0.794	0.891735
0.795	0.892255
0.796	0.892774
0.797	0.893293
0.798	0.893811
0.799	0.894328
0.8	0.894845
0.801	0.895362
0.802	0.895878
0.803	0.896393
0.804	0.896908
0.805	0.897422
0.806	0.897936
0.807	0.898449
0.808	0.898962
0.809	0.899474
0.81	0.899986
0.811	0.900498
0.812	0.901008
0.813	0.901519
0.814	0.902029
0.815	0.902539
0.816	0.903048
0.817	0.903557
0.818	0.904065
0.819	0.904573
0.82	0.905081
0.821	0.905588
0.822	0.906095
0.823	0.906601
0.824	0.907108
0.825	0.907613
0.826	0.908119
0.827	0.908624
0.828	0.909129
0.829	0.909634
0.83	0.910139
0.831	0.910643
0.832	0.911147
0.833	0.911651
0.834	0.912154
0.835	0.912657
0.836	0.913161
0.837	0.913663
0.838	0.914166
0.839	0.914669
0.84	0.915171
0.841	0.915674
0.842	0.916176
0.843	0.916678
0.844	0.91718
0.845	0.917682
0.846	0.918184
0.847	0.918686
0.848	0.919188
0.849	0.91969
0.85	0.920192
0.851	0.920693
0.852	0.921195
0.853	0.921697
0.854	0.922199
0.855	0.922701
0.856	0.923203
0.857	0.923706
0.858	0.924208
0.859	0.92471
0.86	0.925213
0.861	0.925716
0.862	0.926219
0.863	0.926722
0.864	0.927225
0.865	0.927729
0.866	0.928233
0.867	0.928737
0.868	0.929241
0.869	0.929746
0.87	0.930251
0.871	0.930756
0.872	0.931262
0.873	0.931768
0.874	0.932274
0.875	0.932781
0.876	0.933288
0.877	0.933796
0.878	0.934304
0.879	0.934813
0.88	0.935322
0.881	0.935831
0.882	0.936341
0.883	0.936852
0.884	0.937363
0.885	0.937875
0.886	0.938388
0.887	0.938901
0.888	0.939414
0.889	0.939929
0.89	0.940444
0.891	0.94096
0.892	0.941476
0.893	0.941993
0.894	0.942512
0.895	0.94303
0.896	0.94355
0.897	0.94407
0.898	0.944592
0.899	0.945114
0.9	0.945637
0.901	0.946161
0.902	0.946686
0.903	0.947212
0.904	0.947739
0.905	0.948267
0.906	0.948796
0.907	0.949326
0.908	0.949857
0.909	0.950389
0.91	0.950922
0.911	0.951457
0.912	0.951992
0.913	0.952529
0.914	0.953067
0.915	0.953607
0.916	0.954147
0.917	0.954689
0.918	0.955232
0.919	0.955777
0.92	0.956323
0.921	0.95687
0.922	0.957419
0.923	0.957969
0.924	0.95852
0.925	0.959073
0.926	0.959628
0.927	0.960184
0.928	0.960742
0.929	0.961301
0.93	0.961862
0.931	0.962425
0.932	0.962989
0.933	0.963555
0.934	0.964123
0.935	0.964693
0.936	0.965264
0.937	0.965837
0.938	0.966412
0.939	0.966989
0.94	0.967568
0.941	0.968149
0.942	0.968732
0.943	0.969316
0.944	0.969903
0.945	0.970492
0.946	0.971083
0.947	0.971676
0.948	0.972271
0.949	0.972868
0.95	0.973468
0.951	0.97407
0.952	0.974674
0.953	0.97528
0.954	0.975889
0.955	0.9765
0.956	0.977113
0.957	0.977729
0.958	0.978347
0.959	0.978968
0.96	0.979591
0.961	0.980217
0.962	0.980846
0.963	0.981477
0.964	0.98211
0.965	0.982747
0.966	0.983386
0.967	0.984028
0.968	0.984673
0.969	0.98532
0.97	0.98597
0.971	0.986624
0.972	0.98728
0.973	0.987939
0.974	0.988601
0.975	0.989266
0.976	0.989935
0.977	0.990606
0.978	0.99128
0.979	0.991958
0.98	0.992639
0.981	0.993323
0.982	0.99401
0.983	0.994701
0.984	0.995395
0.985	0.996093
0.986	0.996794
0.987	0.997498
0.988	0.998206
0.989	0.998917
0.99	0.999632
0.991	1.00035
0.992	1.00107
0.993	1.0018
0.994	1.00253
0.995	1.00326
0.996	1.004
0.997	1.00474
0.998	1.00549
0.999	1.00624
