#Function: sqrt(abs(x-(1/3)))
0	0.191215
1	0.139875
2	0.0877885
3	0.0531515
4	0.0508233
5	0.0335047
6	0.0323406
7	0.0236814
8	0.0179156
9	0.0173335
10	0.0130039
11	0.010121
12	0.00982998
13	0.00766517
14	0.00622373
15	0.00607821
16	0.00515831
17	0.0040759
18	0.00335518
19	0.00328242
20	0.00282247
21	0.00228127
22	0.0019209
23	0.00188453
24	0.00165455
25	0.00138395
26	0.00119755
27	0.00101737
28	0.000999182
29	0.000884194
30	0.000748893
31	0.000655695
32	0.000565605
33	0.00055651
34	0.000499016
35	0.000431366
36	0.000384767
37	0.000342103
38	0.000297058
39	0.00029251
40	0.000263763
41	0.000229938
42	0.000206639
43	0.000185306
44	0.000162784
45	0.00016051
46	0.000146137
47	0.000129224
48	0.000117574
49	0.000106908
50	9.63915e-05
