#Function: x^2*(x>0.5)
0	0.329663
1	0.120756
2	0.0131762
3	1.46574e-15
4	1.89478e-15
5	1.97208e-15
6	1.51657e-15
7	1.82295e-15
8	1.85814e-15
9	2.02388e-15
10	2.02438e-15
11	2.24755e-15
12	2.2711e-15
13	2.26913e-15
14	2.33464e-15
15	2.33619e-15
16	2.38016e-15
17	2.4513e-15
18	2.55242e-15
19	2.39091e-15
20	2.60413e-15
21	2.60383e-15
22	2.60458e-15
23	2.78031e-15
24	2.8126e-15
25	2.90456e-15
26	2.90583e-15
27	2.91118e-15
28	2.93086e-15
29	3.06128e-15
30	3.12986e-15
31	3.16355e-15
32	3.08391e-15
33	3.08882e-15
34	3.21189e-15
35	3.33349e-15
36	3.44255e-15
37	3.52492e-15
38	3.43819e-15
39	3.55633e-15
40	3.49505e-15
41	3.4977e-15
42	3.60118e-15
43	3.67289e-15
44	3.76995e-15
45	3.81876e-15
46	3.88716e-15
47	3.94973e-15
48	4.03226e-15
49	4.11772e-15
50	4.02968e-15
