# Interpolation data for function: x^2 * (x > 0.5)
0	0
0.001	0
0.002	0
0.003	0
0.004	0
0.005	0
0.006	0
0.007	0
0.008	0
0.009	0
0.01	0
0.011	0
0.012	0
0.013	0
0.014	0
0.015	0
0.016	0
0.017	0
0.018	0
0.019	0
0.02	0
0.021	0
0.022	0
0.023	0
0.024	0
0.025	0
0.026	0
0.027	0
0.028	0
0.029	0
0.03	0
0.031	0
0.032	0
0.033	0
0.034	0
0.035	0
0.036	0
0.037	0
0.038	0
0.039	0
0.04	0
0.041	0
0.042	0
0.043	0
0.044	0
0.045	0
0.046	0
0.047	0
0.048	0
0.049	0
0.05	0
0.051	0
0.052	0
0.053	0
0.054	0
0.055	0
0.056	0
0.057	0
0.058	0
0.059	0
0.06	0
0.061	0
0.062	0
0.063	0
0.064	0
0.065	0
0.066	0
0.067	0
0.068	0
0.069	0
0.07	0
0.071	0
0.072	0
0.073	0
0.074	0
0.075	0
0.076	0
0.077	0
0.078	0
0.079	0
0.08	0
0.081	0
0.082	0
0.083	0
0.084	0
0.085	0
0.086	0
0.087	0
0.088	0
0.089	0
0.09	0
0.091	0
0.092	0
0.093	0
0.094	0
0.095	0
0.096	0
0.097	0
0.098	0
0.099	0
0.1	0
0.101	0
0.102	0
0.103	0
0.104	0
0.105	0
0.106	0
0.107	0
0.108	0
0.109	0
0.11	0
0.111	0
0.112	0
0.113	0
0.114	0
0.115	0
0.116	0
0.117	0
0.118	0
0.119	0
0.12	0
0.121	0
0.122	0
0.123	0
0.124	0
0.125	0
0.126	0
0.127	0
0.128	0
0.129	0
0.13	0
0.131	0
0.132	0
0.133	0
0.134	0
0.135	0
0.136	0
0.137	0
0.138	0
0.139	0
0.14	0
0.141	0
0.142	0
0.143	0
0.144	0
0.145	0
0.146	0
0.147	0
0.148	0
0.149	0
0.15	0
0.151	0
0.152	0
0.153	0
0.154	0
0.155	0
0.156	0
0.157	0
0.158	0
0.159	0
0.16	0
0.161	0
0.162	0
0.163	0
0.164	0
0.165	0
0.166	0
0.167	0
0.168	0
0.169	0
0.17	0
0.171	0
0.172	0
0.173	0
0.174	0
0.175	0
0.176	0
0.177	0
0.178	0
0.179	0
0.18	0
0.181	0
0.182	0
0.183	0
0.184	0
0.185	0
0.186	0
0.187	0
0.188	0
0.189	0
0.19	0
0.191	0
0.192	0
0.193	0
0.194	0
0.195	0
0.196	0
0.197	0
0.198	0
0.199	0
0.2	0
0.201	0
0.202	0
0.203	0
0.204	0
0.205	0
0.206	0
0.207	0
0.208	0
0.209	0
0.21	0
0.211	0
0.212	0
0.213	0
0.214	0
0.215	0
0.216	0
0.217	0
0.218	0
0.219	0
0.22	0
0.221	0
0.222	0
0.223	0
0.224	0
0.225	0
0.226	0
0.227	0
0.228	0
0.229	0
0.23	0
0.231	0
0.232	0
0.233	0
0.234	0
0.235	0
0.236	0
0.237	0
0.238	0
0.239	0
0.24	0
0.241	0
0.242	0
0.243	0
0.244	0
0.245	0
0.246	0
0.247	0
0.248	0
0.249	0
0.25	0
0.251	0
0.252	0
0.253	0
0.254	0
0.255	0
0.256	0
0.257	0
0.258	0
0.259	0
0.26	0
0.261	0
0.262	0
0.263	0
0.264	0
0.265	0
0.266	0
0.267	0
0.268	0
0.269	0
0.27	0
0.271	0
0.272	0
0.273	0
0.274	0
0.275	0
0.276	0
0.277	0
0.278	0
0.279	0
0.28	0
0.281	0
0.282	0
0.283	0
0.284	0
0.285	0
0.286	0
0.287	0
0.288	0
0.289	0
0.29	0
0.291	0
0.292	0
0.293	0
0.294	0
0.295	0
0.296	0
0.297	0
0.298	0
0.299	0
0.3	0
0.301	0
0.302	0
0.303	0
0.304	0
0.305	0
0.306	0
0.307	0
0.308	0
0.309	0
0.31	0
0.311	0
0.312	0
0.313	0
0.314	0
0.315	0
0.316	0
0.317	0
0.318	0
0.319	0
0.32	0
0.321	0
0.322	0
0.323	0
0.324	0
0.325	0
0.326	0
0.327	0
0.328	0
0.329	0
0.33	0
0.331	0
0.332	0
0.333	0
0.334	0
0.335	0
0.336	0
0.337	0
0.338	0
0.339	0
0.34	0
0.341	0
0.342	0
0.343	0
0.344	0
0.345	0
0.346	0
0.347	0
0.348	0
0.349	0
0.35	0
0.351	0
0.352	0
0.353	0
0.354	0
0.355	0
0.356	0
0.357	0
0.358	0
0.359	0
0.36	0
0.361	0
0.362	0
0.363	0
0.364	0
0.365	0
0.366	0
0.367	0
0.368	0
0.369	0
0.37	0
0.371	0
0.372	0
0.373	0
0.374	0
0.375	0
0.376	0
0.377	0
0.378	0
0.379	0
0.38	0
0.381	0
0.382	0
0.383	0
0.384	0
0.385	0
0.386	0
0.387	0
0.388	0
0.389	0
0.39	0
0.391	0
0.392	0
0.393	0
0.394	0
0.395	0
0.396	0
0.397	0
0.398	0
0.399	0
0.4	0
0.401	0
0.402	0
0.403	0
0.404	0
0.405	0
0.406	0
0.407	0
0.408	0
0.409	0
0.41	0
0.411	0
0.412	0
0.413	0
0.414	0
0.415	0
0.416	0
0.417	0
0.418	0
0.419	0
0.42	0
0.421	0
0.422	0
0.423	0
0.424	0
0.425	0
0.426	0
0.427	0
0.428	0
0.429	0
0.43	0
0.431	0
0.432	0
0.433	0
0.434	0
0.435	0
0.436	0
0.437	0
0.438	0
0.439	0
0.44	0
0.441	0
0.442	0
0.443	0
0.444	0
0.445	0
0.446	0
0.447	0
0.448	0
0.449	0
0.45	0
0.451	0
0.452	0
0.453	0
0.454	0
0.455	0
0.456	0
0.457	0
0.458	0
0.459	0
0.46	0
0.461	0
0.462	0
0.463	0
0.464	0
0.465	0
0.466	0
0.467	0
0.468	0
0.469	0
0.47	0
0.471	0
0.472	0
0.473	0
0.474	0
0.475	0
0.476	0
0.477	0
0.478	0
0.479	0
0.48	0
0.481	0
0.482	0
0.483	0
0.484	0
0.485	0
0.486	0
0.487	0
0.488	0
0.489	0
0.49	0
0.491	0
0.492	0
0.493	0
0.494	0
0.495	0
0.496	0
0.497	0
0.498	0
0.499	0
0.5	0.25
0.501	0.251001
0.502	0.252004
0.503	0.253009
0.504	0.254016
0.505	0.255025
0.506	0.256036
0.507	0.257049
0.508	0.258064
0.509	0.259081
0.51	0.2601
0.511	0.261121
0.512	0.262144
0.513	0.263169
0.514	0.264196
0.515	0.265225
0.516	0.266256
0.517	0.267289
0.518	0.268324
0.519	0.269361
0.52	0.2704
0.521	0.271441
0.522	0.272484
0.523	0.273529
0.524	0.274576
0.525	0.275625
0.526	0.276676
0.527	0.277729
0.528	0.278784
0.529	0.279841
0.53	0.2809
0.531	0.281961
0.532	0.283024
0.533	0.284089
0.534	0.285156
0.535	0.286225
0.536	0.287296
0.537	0.288369
0.538	0.289444
0.539	0.290521
0.54	0.2916
0.541	0.292681
0.542	0.293764
0.543	0.294849
0.544	0.295936
0.545	0.297025
0.546	0.298116
0.547	0.299209
0.548	0.300304
0.549	0.301401
0.55	0.3025
0.551	0.303601
0.552	0.304704
0.553	0.305809
0.554	0.306916
0.555	0.308025
0.556	0.309136
0.557	0.310249
0.558	0.311364
0.559	0.312481
0.56	0.3136
0.561	0.314721
0.562	0.315844
0.563	0.316969
0.564	0.318096
0.565	0.319225
0.566	0.320356
0.567	0.321489
0.568	0.322624
0.569	0.323761
0.57	0.3249
0.571	0.326041
0.572	0.327184
0.573	0.328329
0.574	0.329476
0.575	0.330625
0.576	0.331776
0.577	0.332929
0.578	0.334084
0.579	0.335241
0.58	0.3364
0.581	0.337561
0.582	0.338724
0.583	0.339889
0.584	0.341056
0.585	0.342225
0.586	0.343396
0.587	0.344569
0.588	0.345744
0.589	0.346921
0.59	0.3481
0.591	0.349281
0.592	0.350464
0.593	0.351649
0.594	0.352836
0.595	0.354025
0.596	0.355216
0.597	0.356409
0.598	0.357604
0.599	0.358801
0.6	0.36
0.601	0.361201
0.602	0.362404
0.603	0.363609
0.604	0.364816
0.605	0.366025
0.606	0.367236
0.607	0.368449
0.608	0.369664
0.609	0.370881
0.61	0.3721
0.611	0.373321
0.612	0.374544
0.613	0.375769
0.614	0.376996
0.615	0.378225
0.616	0.379456
0.617	0.380689
0.618	0.381924
0.619	0.383161
0.62	0.3844
0.621	0.385641
0.622	0.386884
0.623	0.388129
0.624	0.389376
0.875	0.765625
0.876	0.767376
0.877	0.769129
0.878	0.770884
0.879	0.772641
0.88	0.7744
0.881	0.776161
0.882	0.777924
0.883	0.779689
0.884	0.781456
0.885	0.783225
0.886	0.784996
0.887	0.786769
0.888	0.788544
0.889	0.790321
0.89	0.7921
0.891	0.793881
0.892	0.795664
0.893	0.797449
0.894	0.799236
0.895	0.801025
0.896	0.802816
0.897	0.804609
0.898	0.806404
0.899	0.808201
0.9	0.81
0.901	0.811801
0.902	0.813604
0.903	0.815409
0.904	0.817216
0.905	0.819025
0.906	0.820836
0.907	0.822649
0.908	0.824464
0.909	0.826281
0.91	0.8281
0.911	0.829921
0.912	0.831744
0.913	0.833569
0.914	0.835396
0.915	0.837225
0.916	0.839056
0.917	0.840889
0.918	0.842724
0.919	0.844561
0.92	0.8464
0.921	0.848241
0.922	0.850084
0.923	0.851929
0.924	0.853776
0.925	0.855625
0.926	0.857476
0.927	0.859329
0.928	0.861184
0.929	0.863041
0.93	0.8649
0.931	0.866761
0.932	0.868624
0.933	0.870489
0.934	0.872356
0.935	0.874225
0.936	0.876096
0.937	0.877969
0.9375	0.878906
0.9385	0.880782
0.9395	0.88266
0.9405	0.88454
0.9415	0.886422
0.9425	0.888306
0.9435	0.890192
0.9445	0.89208
0.9455	0.89397
0.9465	0.895862
0.9475	0.897756
0.9485	0.899652
0.9495	0.90155
0.9505	0.90345
0.9515	0.905352
0.9525	0.907256
0.9535	0.909162
0.9545	0.91107
0.9555	0.91298
0.9565	0.914892
0.9575	0.916806
0.9585	0.918722
0.9595	0.92064
0.9605	0.92256
0.9615	0.924482
0.9625	0.926406
0.9635	0.928332
0.9645	0.93026
0.9655	0.93219
0.9665	0.934122
0.9675	0.936056
0.9685	0.937992
0.9695	0.93993
0.9705	0.94187
0.9715	0.943812
0.9725	0.945756
0.9735	0.947702
0.9745	0.94965
0.9755	0.9516
0.9765	0.953552
0.9775	0.955506
0.9785	0.957462
0.9795	0.95942
0.9805	0.96138
0.9815	0.963342
0.9825	0.965306
0.9835	0.967272
0.9845	0.96924
0.9855	0.97121
0.9865	0.973182
0.9875	0.975156
0.9885	0.977132
0.9895	0.97911
0.9905	0.98109
0.9915	0.983072
0.9925	0.985056
0.9935	0.987042
0.9945	0.98903
0.9955	0.99102
0.9965	0.993012
0.9975	0.995006
0.9985	0.997002
0.9995	0.999
0.625	0.390625
0.626	0.391876
0.627	0.393129
0.628	0.394384
0.629	0.395641
0.63	0.3969
0.631	0.398161
0.632	0.399424
0.633	0.400689
0.634	0.401956
0.635	0.403225
0.636	0.404496
0.637	0.405769
0.638	0.407044
0.639	0.408321
0.64	0.4096
0.641	0.410881
0.642	0.412164
0.643	0.413449
0.644	0.414736
0.645	0.416025
0.646	0.417316
0.647	0.418609
0.648	0.419904
0.649	0.421201
0.65	0.4225
0.651	0.423801
0.652	0.425104
0.653	0.426409
0.654	0.427716
0.655	0.429025
0.656	0.430336
0.657	0.431649
0.658	0.432964
0.659	0.434281
0.66	0.4356
0.661	0.436921
0.662	0.438244
0.663	0.439569
0.664	0.440896
0.665	0.442225
0.666	0.443556
0.667	0.444889
0.668	0.446224
0.669	0.447561
0.67	0.4489
0.671	0.450241
0.672	0.451584
0.673	0.452929
0.674	0.454276
0.675	0.455625
0.676	0.456976
0.677	0.458329
0.678	0.459684
0.679	0.461041
0.68	0.4624
0.681	0.463761
0.682	0.465124
0.683	0.466489
0.684	0.467856
0.685	0.469225
0.686	0.470596
0.687	0.471969
0.6875	0.472656
0.6885	0.474032
0.6895	0.47541
0.6905	0.47679
0.6915	0.478172
0.6925	0.479556
0.6935	0.480942
0.6945	0.48233
0.6955	0.48372
0.6965	0.485112
0.6975	0.486506
0.6985	0.487902
0.6995	0.4893
0.7005	0.4907
0.7015	0.492102
0.7025	0.493506
0.7035	0.494912
0.7045	0.49632
0.7055	0.49773
0.7065	0.499142
0.7075	0.500556
0.7085	0.501972
0.7095	0.50339
0.7105	0.50481
0.7115	0.506232
0.7125	0.507656
0.7135	0.509082
0.7145	0.51051
0.7155	0.51194
0.7165	0.513372
0.7175	0.514806
0.7185	0.516242
0.7195	0.51768
0.7205	0.51912
0.7215	0.520562
0.7225	0.522006
0.7235	0.523452
0.7245	0.5249
0.7255	0.52635
0.7265	0.527802
0.7275	0.529256
0.7285	0.530712
0.7295	0.53217
0.7305	0.53363
0.7315	0.535092
0.7325	0.536556
0.7335	0.538022
0.7345	0.53949
0.7355	0.54096
0.7365	0.542432
0.7375	0.543906
0.7385	0.545382
0.7395	0.54686
0.7405	0.54834
0.7415	0.549822
0.7425	0.551306
0.7435	0.552792
0.7445	0.55428
0.7455	0.55577
0.7465	0.557262
0.7475	0.558756
0.7485	0.560252
0.7495	0.56175
0.75	0.5625
0.751	0.564001
0.752	0.565504
0.753	0.567009
0.754	0.568516
0.755	0.570025
0.756	0.571536
0.757	0.573049
0.758	0.574564
0.759	0.576081
0.76	0.5776
0.761	0.579121
0.762	0.580644
0.763	0.582169
0.764	0.583696
0.765	0.585225
0.766	0.586756
0.767	0.588289
0.768	0.589824
0.769	0.591361
0.77	0.5929
0.771	0.594441
0.772	0.595984
0.773	0.597529
0.774	0.599076
0.775	0.600625
0.776	0.602176
0.777	0.603729
0.778	0.605284
0.779	0.606841
0.78	0.6084
0.781	0.609961
0.782	0.611524
0.783	0.613089
0.784	0.614656
0.785	0.616225
0.786	0.617796
0.787	0.619369
0.788	0.620944
0.789	0.622521
0.79	0.6241
0.791	0.625681
0.792	0.627264
0.793	0.628849
0.794	0.630436
0.795	0.632025
0.796	0.633616
0.797	0.635209
0.798	0.636804
0.799	0.638401
0.8	0.64
0.801	0.641601
0.802	0.643204
0.803	0.644809
0.804	0.646416
0.805	0.648025
0.806	0.649636
0.807	0.651249
0.808	0.652864
0.809	0.654481
0.81	0.6561
0.811	0.657721
0.812	0.659344
0.8125	0.660156
0.8135	0.661782
0.8145	0.66341
0.8155	0.66504
0.8165	0.666672
0.8175	0.668306
0.8185	0.669942
0.8195	0.67158
0.8205	0.67322
0.8215	0.674862
0.8225	0.676506
0.8235	0.678152
0.8245	0.6798
0.8255	0.68145
0.8265	0.683102
0.8275	0.684756
0.8285	0.686412
0.8295	0.68807
0.8305	0.68973
0.8315	0.691392
0.8325	0.693056
0.8335	0.694722
0.8345	0.69639
0.8355	0.69806
0.8365	0.699732
0.8375	0.701406
0.8385	0.703082
0.8395	0.70476
0.8405	0.70644
0.8415	0.708122
0.8425	0.709806
0.8435	0.711492
0.8445	0.71318
0.8455	0.71487
0.8465	0.716562
0.8475	0.718256
0.8485	0.719952
0.8495	0.72165
0.8505	0.72335
0.8515	0.725052
0.8525	0.726756
0.8535	0.728462
0.8545	0.73017
0.8555	0.73188
0.8565	0.733592
0.8575	0.735306
0.8585	0.737022
0.8595	0.73874
0.8605	0.74046
0.8615	0.742182
0.8625	0.743906
0.8635	0.745632
0.8645	0.74736
0.8655	0.74909
0.8665	0.750822
0.8675	0.752556
0.8685	0.754292
0.8695	0.75603
0.8705	0.75777
0.8715	0.759512
0.8725	0.761256
0.8735	0.763002
0.8745	0.76475
