# Interpolation data for function: x^2 * (x > 0.5)
0	-0.243217
0.001	-0.242155
0.002	-0.241093
0.003	-0.240031
0.004	-0.238968
0.005	-0.237906
0.006	-0.236844
0.007	-0.235781
0.008	-0.234719
0.009	-0.233657
0.01	-0.232595
0.011	-0.231532
0.012	-0.23047
0.013	-0.229408
0.014	-0.228345
0.015	-0.227283
0.016	-0.226221
0.017	-0.225159
0.018	-0.224096
0.019	-0.223034
0.02	-0.221972
0.021	-0.220909
0.022	-0.219847
0.023	-0.218785
0.024	-0.217723
0.025	-0.21666
0.026	-0.215598
0.027	-0.214536
0.028	-0.213473
0.029	-0.212411
0.03	-0.211349
0.031	-0.210287
0.032	-0.209224
0.033	-0.208162
0.034	-0.2071
0.035	-0.206037
0.036	-0.204975
0.037	-0.203913
0.038	-0.202851
0.039	-0.201788
0.04	-0.200726
0.041	-0.199664
0.042	-0.198601
0.043	-0.197539
0.044	-0.196477
0.045	-0.195415
0.046	-0.194352
0.047	-0.19329
0.048	-0.192228
0.049	-0.191165
0.05	-0.190103
0.051	-0.189041
0.052	-0.187979
0.053	-0.186916
0.054	-0.185854
0.055	-0.184792
0.056	-0.183729
0.057	-0.182667
0.058	-0.181605
0.059	-0.180543
0.06	-0.17948
0.061	-0.178418
0.062	-0.177356
0.063	-0.176293
0.064	-0.175231
0.065	-0.174169
0.066	-0.173107
0.067	-0.172044
0.068	-0.170982
0.069	-0.16992
0.07	-0.168857
0.071	-0.167795
0.072	-0.166733
0.073	-0.165671
0.074	-0.164608
0.075	-0.163546
0.076	-0.162484
0.077	-0.161421
0.078	-0.160359
0.079	-0.159297
0.08	-0.158235
0.081	-0.157172
0.082	-0.15611
0.083	-0.155048
0.084	-0.153985
0.085	-0.152923
0.086	-0.151861
0.087	-0.150799
0.088	-0.149736
0.089	-0.148674
0.09	-0.147612
0.091	-0.146549
0.092	-0.145487
0.093	-0.144425
0.094	-0.143363
0.095	-0.1423
0.096	-0.141238
0.097	-0.140176
0.098	-0.139113
0.099	-0.138051
0.1	-0.136989
0.101	-0.135927
0.102	-0.134864
0.103	-0.133802
0.104	-0.13274
0.105	-0.131677
0.106	-0.130615
0.107	-0.129553
0.108	-0.128491
0.109	-0.127428
0.11	-0.126366
0.111	-0.125304
0.112	-0.124242
0.113	-0.123179
0.114	-0.122117
0.115	-0.121055
0.116	-0.119992
0.117	-0.11893
0.118	-0.117868
0.119	-0.116806
0.12	-0.115743
0.121	-0.114681
0.122	-0.113619
0.123	-0.112556
0.124	-0.111494
0.125	-0.110432
0.126	-0.10937
0.127	-0.108307
0.128	-0.107245
0.129	-0.106183
0.13	-0.10512
0.131	-0.104058
0.132	-0.102996
0.133	-0.101934
0.134	-0.100871
0.135	-0.099809
0.136	-0.0987467
0.137	-0.0976844
0.138	-0.0966221
0.139	-0.0955598
0.14	-0.0944975
0.141	-0.0934353
0.142	-0.092373
0.143	-0.0913107
0.144	-0.0902484
0.145	-0.0891861
0.146	-0.0881238
0.147	-0.0870615
0.148	-0.0859993
0.149	-0.084937
0.15	-0.0838747
0.151	-0.0828124
0.152	-0.0817501
0.153	-0.0806878
0.154	-0.0796256
0.155	-0.0785633
0.156	-0.077501
0.157	-0.0764387
0.158	-0.0753764
0.159	-0.0743141
0.16	-0.0732518
0.161	-0.0721896
0.162	-0.0711273
0.163	-0.070065
0.164	-0.0690027
0.165	-0.0679404
0.166	-0.0668781
0.167	-0.0658159
0.168	-0.0647536
0.169	-0.0636913
0.17	-0.062629
0.171	-0.0615667
0.172	-0.0605044
0.173	-0.0594421
0.174	-0.0583799
0.175	-0.0573176
0.176	-0.0562553
0.177	-0.055193
0.178	-0.0541307
0.179	-0.0530684
0.18	-0.0520062
0.181	-0.0509439
0.182	-0.0498816
0.183	-0.0488193
0.184	-0.047757
0.185	-0.0466947
0.186	-0.0456324
0.187	-0.0445702
0.188	-0.0435079
0.189	-0.0424456
0.19	-0.0413833
0.191	-0.040321
0.192	-0.0392587
0.193	-0.0381965
0.194	-0.0371342
0.195	-0.0360719
0.196	-0.0350096
0.197	-0.0339473
0.198	-0.032885
0.199	-0.0318227
0.2	-0.0307605
0.201	-0.0296982
0.202	-0.0286359
0.203	-0.0275736
0.204	-0.0265113
0.205	-0.025449
0.206	-0.0243868
0.207	-0.0233245
0.208	-0.0222622
0.209	-0.0211999
0.21	-0.0201376
0.211	-0.0190753
0.212	-0.0180131
0.213	-0.0169508
0.214	-0.0158885
0.215	-0.0148262
0.216	-0.0137639
0.217	-0.0127016
0.218	-0.0116393
0.219	-0.0105771
0.22	-0.00951477
0.221	-0.00845249
0.222	-0.00739021
0.223	-0.00632792
0.224	-0.00526564
0.225	-0.00420335
0.226	-0.00314107
0.227	-0.00207878
0.228	-0.0010165
0.229	4.57863e-05
0.23	0.00110807
0.231	0.00217036
0.232	0.00323264
0.233	0.00429492
0.234	0.00535721
0.235	0.00641949
0.236	0.00748178
0.237	0.00854406
0.238	0.00960635
0.239	0.0106686
0.24	0.0117309
0.241	0.0127932
0.242	0.0138555
0.243	0.0149178
0.244	0.0159801
0.245	0.0170423
0.246	0.0181046
0.247	0.0191669
0.248	0.0202292
0.249	0.0212915
0.25	0.0223538
0.251	0.023416
0.252	0.0244783
0.253	0.0255406
0.254	0.0266029
0.255	0.0276652
0.256	0.0287275
0.257	0.0297898
0.258	0.030852
0.259	0.0319143
0.26	0.0329766
0.261	0.0340389
0.262	0.0351012
0.263	0.0361635
0.264	0.0372257
0.265	0.038288
0.266	0.0393503
0.267	0.0404126
0.268	0.0414749
0.269	0.0425372
0.27	0.0435995
0.271	0.0446617
0.272	0.045724
0.273	0.0467863
0.274	0.0478486
0.275	0.0489109
0.276	0.0499732
0.277	0.0510354
0.278	0.0520977
0.279	0.05316
0.28	0.0542223
0.281	0.0552846
0.282	0.0563469
0.283	0.0574092
0.284	0.0584714
0.285	0.0595337
0.286	0.060596
0.287	0.0616583
0.288	0.0627206
0.289	0.0637829
0.29	0.0648451
0.291	0.0659074
0.292	0.0669697
0.293	0.068032
0.294	0.0690943
0.295	0.0701566
0.296	0.0712188
0.297	0.0722811
0.298	0.0733434
0.299	0.0744057
0.3	0.075468
0.301	0.0765303
0.302	0.0775926
0.303	0.0786548
0.304	0.0797171
0.305	0.0807794
0.306	0.0818417
0.307	0.082904
0.308	0.0839663
0.309	0.0850285
0.31	0.0860908
0.311	0.0871531
0.312	0.0882154
0.313	0.0892777
0.314	0.09034
0.315	0.0914023
0.316	0.0924645
0.317	0.0935268
0.318	0.0945891
0.319	0.0956514
0.32	0.0967137
0.321	0.097776
0.322	0.0988382
0.323	0.0999005
0.324	0.100963
0.325	0.102025
0.326	0.103087
0.327	0.10415
0.328	0.105212
0.329	0.106274
0.33	0.107337
0.331	0.108399
0.332	0.109461
0.333	0.110523
0.334	0.111586
0.335	0.112648
0.336	0.11371
0.337	0.114773
0.338	0.115835
0.339	0.116897
0.34	0.117959
0.341	0.119022
0.342	0.120084
0.343	0.121146
0.344	0.122209
0.345	0.123271
0.346	0.124333
0.347	0.125395
0.348	0.126458
0.349	0.12752
0.35	0.128582
0.351	0.129644
0.352	0.130707
0.353	0.131769
0.354	0.132831
0.355	0.133894
0.356	0.134956
0.357	0.136018
0.358	0.13708
0.359	0.138143
0.36	0.139205
0.361	0.140267
0.362	0.14133
0.363	0.142392
0.364	0.143454
0.365	0.144516
0.366	0.145579
0.367	0.146641
0.368	0.147703
0.369	0.148766
0.37	0.149828
0.371	0.15089
0.372	0.151952
0.373	0.153015
0.374	0.154077
0.375	0.155139
0.376	0.156202
0.377	0.157264
0.378	0.158326
0.379	0.159388
0.38	0.160451
0.381	0.161513
0.382	0.162575
0.383	0.163638
0.384	0.1647
0.385	0.165762
0.386	0.166824
0.387	0.167887
0.388	0.168949
0.389	0.170011
0.39	0.171074
0.391	0.172136
0.392	0.173198
0.393	0.17426
0.394	0.175323
0.395	0.176385
0.396	0.177447
0.397	0.17851
0.398	0.179572
0.399	0.180634
0.4	0.181696
0.401	0.182759
0.402	0.183821
0.403	0.184883
0.404	0.185946
0.405	0.187008
0.406	0.18807
0.407	0.189132
0.408	0.190195
0.409	0.191257
0.41	0.192319
0.411	0.193382
0.412	0.194444
0.413	0.195506
0.414	0.196568
0.415	0.197631
0.416	0.198693
0.417	0.199755
0.418	0.200818
0.419	0.20188
0.42	0.202942
0.421	0.204004
0.422	0.205067
0.423	0.206129
0.424	0.207191
0.425	0.208254
0.426	0.209316
0.427	0.210378
0.428	0.21144
0.429	0.212503
0.43	0.213565
0.431	0.214627
0.432	0.21569
0.433	0.216752
0.434	0.217814
0.435	0.218876
0.436	0.219939
0.437	0.221001
0.438	0.222063
0.439	0.223126
0.44	0.224188
0.441	0.22525
0.442	0.226312
0.443	0.227375
0.444	0.228437
0.445	0.229499
0.446	0.230562
0.447	0.231624
0.448	0.232686
0.449	0.233748
0.45	0.234811
0.451	0.235873
0.452	0.236935
0.453	0.237998
0.454	0.23906
0.455	0.240122
0.456	0.241184
0.457	0.242247
0.458	0.243309
0.459	0.244371
0.46	0.245434
0.461	0.246496
0.462	0.247558
0.463	0.24862
0.464	0.249683
0.465	0.250745
0.466	0.251807
0.467	0.25287
0.468	0.253932
0.469	0.254994
0.47	0.256056
0.471	0.257119
0.472	0.258181
0.473	0.259243
0.474	0.260305
0.475	0.261368
0.476	0.26243
0.477	0.263492
0.478	0.264555
0.479	0.265617
0.48	0.266679
0.481	0.267741
0.482	0.268804
0.483	0.269866
0.484	0.270928
0.485	0.271991
0.486	0.273053
0.487	0.274115
0.488	0.275177
0.489	0.27624
0.49	0.277302
0.491	0.278364
0.492	0.279427
0.493	0.280489
0.494	0.281551
0.495	0.282613
0.496	0.283676
0.497	0.284738
0.498	0.2858
0.499	0.286863
0.5	0.287925
0.501	0.288987
0.502	0.290049
0.503	0.291112
0.504	0.292174
0.505	0.293236
0.506	0.294299
0.507	0.295361
0.508	0.296423
0.509	0.297485
0.51	0.298548
0.511	0.29961
0.512	0.300672
0.513	0.301735
0.514	0.302797
0.515	0.303859
0.516	0.304921
0.517	0.305984
0.518	0.307046
0.519	0.308108
0.52	0.309171
0.521	0.310233
0.522	0.311295
0.523	0.312357
0.524	0.31342
0.525	0.314482
0.526	0.315544
0.527	0.316607
0.528	0.317669
0.529	0.318731
0.53	0.319793
0.531	0.320856
0.532	0.321918
0.533	0.32298
0.534	0.324043
0.535	0.325105
0.536	0.326167
0.537	0.327229
0.538	0.328292
0.539	0.329354
0.54	0.330416
0.541	0.331479
0.542	0.332541
0.543	0.333603
0.544	0.334665
0.545	0.335728
0.546	0.33679
0.547	0.337852
0.548	0.338915
0.549	0.339977
0.55	0.341039
0.551	0.342101
0.552	0.343164
0.553	0.344226
0.554	0.345288
0.555	0.346351
0.556	0.347413
0.557	0.348475
0.558	0.349537
0.559	0.3506
0.56	0.351662
0.561	0.352724
0.562	0.353787
0.563	0.354849
0.564	0.355911
0.565	0.356973
0.566	0.358036
0.567	0.359098
0.568	0.36016
0.569	0.361223
0.57	0.362285
0.571	0.363347
0.572	0.364409
0.573	0.365472
0.574	0.366534
0.575	0.367596
0.576	0.368659
0.577	0.369721
0.578	0.370783
0.579	0.371845
0.58	0.372908
0.581	0.37397
0.582	0.375032
0.583	0.376095
0.584	0.377157
0.585	0.378219
0.586	0.379281
0.587	0.380344
0.588	0.381406
0.589	0.382468
0.59	0.383531
0.591	0.384593
0.592	0.385655
0.593	0.386717
0.594	0.38778
0.595	0.388842
0.596	0.389904
0.597	0.390966
0.598	0.392029
0.599	0.393091
0.6	0.394153
0.601	0.395216
0.602	0.396278
0.603	0.39734
0.604	0.398402
0.605	0.399465
0.606	0.400527
0.607	0.401589
0.608	0.402652
0.609	0.403714
0.61	0.404776
0.611	0.405838
0.612	0.406901
0.613	0.407963
0.614	0.409025
0.615	0.410088
0.616	0.41115
0.617	0.412212
0.618	0.413274
0.619	0.414337
0.62	0.415399
0.621	0.416461
0.622	0.417524
0.623	0.418586
0.624	0.419648
0.625	0.42071
0.626	0.421773
0.627	0.422835
0.628	0.423897
0.629	0.42496
0.63	0.426022
0.631	0.427084
0.632	0.428146
0.633	0.429209
0.634	0.430271
0.635	0.431333
0.636	0.432396
0.637	0.433458
0.638	0.43452
0.639	0.435582
0.64	0.436645
0.641	0.437707
0.642	0.438769
0.643	0.439832
0.644	0.440894
0.645	0.441956
0.646	0.443018
0.647	0.444081
0.648	0.445143
0.649	0.446205
0.65	0.447268
0.651	0.44833
0.652	0.449392
0.653	0.450454
0.654	0.451517
0.655	0.452579
0.656	0.453641
0.657	0.454704
0.658	0.455766
0.659	0.456828
0.66	0.45789
0.661	0.458953
0.662	0.460015
0.663	0.461077
0.664	0.46214
0.665	0.463202
0.666	0.464264
0.667	0.465326
0.668	0.466389
0.669	0.467451
0.67	0.468513
0.671	0.469576
0.672	0.470638
0.673	0.4717
0.674	0.472762
0.675	0.473825
0.676	0.474887
0.677	0.475949
0.678	0.477012
0.679	0.478074
0.68	0.479136
0.681	0.480198
0.682	0.481261
0.683	0.482323
0.684	0.483385
0.685	0.484448
0.686	0.48551
0.687	0.486572
0.688	0.487634
0.689	0.488697
0.69	0.489759
0.691	0.490821
0.692	0.491884
0.693	0.492946
0.694	0.494008
0.695	0.49507
0.696	0.496133
0.697	0.497195
0.698	0.498257
0.699	0.49932
0.7	0.500382
0.701	0.501444
0.702	0.502506
0.703	0.503569
0.704	0.504631
0.705	0.505693
0.706	0.506756
0.707	0.507818
0.708	0.50888
0.709	0.509942
0.71	0.511005
0.711	0.512067
0.712	0.513129
0.713	0.514191
0.714	0.515254
0.715	0.516316
0.716	0.517378
0.717	0.518441
0.718	0.519503
0.719	0.520565
0.72	0.521627
0.721	0.52269
0.722	0.523752
0.723	0.524814
0.724	0.525877
0.725	0.526939
0.726	0.528001
0.727	0.529063
0.728	0.530126
0.729	0.531188
0.73	0.53225
0.731	0.533313
0.732	0.534375
0.733	0.535437
0.734	0.536499
0.735	0.537562
0.736	0.538624
0.737	0.539686
0.738	0.540749
0.739	0.541811
0.74	0.542873
0.741	0.543935
0.742	0.544998
0.743	0.54606
0.744	0.547122
0.745	0.548185
0.746	0.549247
0.747	0.550309
0.748	0.551371
0.749	0.552434
0.75	0.553496
0.751	0.554558
0.752	0.555621
0.753	0.556683
0.754	0.557745
0.755	0.558807
0.756	0.55987
0.757	0.560932
0.758	0.561994
0.759	0.563057
0.76	0.564119
0.761	0.565181
0.762	0.566243
0.763	0.567306
0.764	0.568368
0.765	0.56943
0.766	0.570493
0.767	0.571555
0.768	0.572617
0.769	0.573679
0.77	0.574742
0.771	0.575804
0.772	0.576866
0.773	0.577929
0.774	0.578991
0.775	0.580053
0.776	0.581115
0.777	0.582178
0.778	0.58324
0.779	0.584302
0.78	0.585365
0.781	0.586427
0.782	0.587489
0.783	0.588551
0.784	0.589614
0.785	0.590676
0.786	0.591738
0.787	0.592801
0.788	0.593863
0.789	0.594925
0.79	0.595987
0.791	0.59705
0.792	0.598112
0.793	0.599174
0.794	0.600237
0.795	0.601299
0.796	0.602361
0.797	0.603423
0.798	0.604486
0.799	0.605548
0.8	0.60661
0.801	0.607673
0.802	0.608735
0.803	0.609797
0.804	0.610859
0.805	0.611922
0.806	0.612984
0.807	0.614046
0.808	0.615109
0.809	0.616171
0.81	0.617233
0.811	0.618295
0.812	0.619358
0.813	0.62042
0.814	0.621482
0.815	0.622545
0.816	0.623607
0.817	0.624669
0.818	0.625731
0.819	0.626794
0.82	0.627856
0.821	0.628918
0.822	0.629981
0.823	0.631043
0.824	0.632105
0.825	0.633167
0.826	0.63423
0.827	0.635292
0.828	0.636354
0.829	0.637417
0.83	0.638479
0.831	0.639541
0.832	0.640603
0.833	0.641666
0.834	0.642728
0.835	0.64379
0.836	0.644852
0.837	0.645915
0.838	0.646977
0.839	0.648039
0.84	0.649102
0.841	0.650164
0.842	0.651226
0.843	0.652288
0.844	0.653351
0.845	0.654413
0.846	0.655475
0.847	0.656538
0.848	0.6576
0.849	0.658662
0.85	0.659724
0.851	0.660787
0.852	0.661849
0.853	0.662911
0.854	0.663974
0.855	0.665036
0.856	0.666098
0.857	0.66716
0.858	0.668223
0.859	0.669285
0.86	0.670347
0.861	0.67141
0.862	0.672472
0.863	0.673534
0.864	0.674596
0.865	0.675659
0.866	0.676721
0.867	0.677783
0.868	0.678846
0.869	0.679908
0.87	0.68097
0.871	0.682032
0.872	0.683095
0.873	0.684157
0.874	0.685219
0.875	0.686282
0.876	0.687344
0.877	0.688406
0.878	0.689468
0.879	0.690531
0.88	0.691593
0.881	0.692655
0.882	0.693718
0.883	0.69478
0.884	0.695842
0.885	0.696904
0.886	0.697967
0.887	0.699029
0.888	0.700091
0.889	0.701154
0.89	0.702216
0.891	0.703278
0.892	0.70434
0.893	0.705403
0.894	0.706465
0.895	0.707527
0.896	0.70859
0.897	0.709652
0.898	0.710714
0.899	0.711776
0.9	0.712839
0.901	0.713901
0.902	0.714963
0.903	0.716026
0.904	0.717088
0.905	0.71815
0.906	0.719212
0.907	0.720275
0.908	0.721337
0.909	0.722399
0.91	0.723462
0.911	0.724524
0.912	0.725586
0.913	0.726648
0.914	0.727711
0.915	0.728773
0.916	0.729835
0.917	0.730898
0.918	0.73196
0.919	0.733022
0.92	0.734084
0.921	0.735147
0.922	0.736209
0.923	0.737271
0.924	0.738334
0.925	0.739396
0.926	0.740458
0.927	0.74152
0.928	0.742583
0.929	0.743645
0.93	0.744707
0.931	0.74577
0.932	0.746832
0.933	0.747894
0.934	0.748956
0.935	0.750019
0.936	0.751081
0.937	0.752143
0.938	0.753206
0.939	0.754268
0.94	0.75533
0.941	0.756392
0.942	0.757455
0.943	0.758517
0.944	0.759579
0.945	0.760642
0.946	0.761704
0.947	0.762766
0.948	0.763828
0.949	0.764891
0.95	0.765953
0.951	0.767015
0.952	0.768078
0.953	0.76914
0.954	0.770202
0.955	0.771264
0.956	0.772327
0.957	0.773389
0.958	0.774451
0.959	0.775513
0.96	0.776576
0.961	0.777638
0.962	0.7787
0.963	0.779763
0.964	0.780825
0.965	0.781887
0.966	0.782949
0.967	0.784012
0.968	0.785074
0.969	0.786136
0.97	0.787199
0.971	0.788261
0.972	0.789323
0.973	0.790385
0.974	0.791448
0.975	0.79251
0.976	0.793572
0.977	0.794635
0.978	0.795697
0.979	0.796759
0.98	0.797821
0.981	0.798884
0.982	0.799946
0.983	0.801008
0.984	0.802071
0.985	0.803133
0.986	0.804195
0.987	0.805257
0.988	0.80632
0.989	0.807382
0.99	0.808444
0.991	0.809507
0.992	0.810569
0.993	0.811631
0.994	0.812693
0.995	0.813756
0.996	0.814818
0.997	0.81588
0.998	0.816943
0.999	0.818005
