#Function: sqrt(abs(x-1/3))
0	0.191215
1	0.177383
2	0.0877885
3	0.0531515
4	0.0527776
5	0.0376984
6	0.0333178
7	0.0310564
8	0.0249251
9	0.0249154
10	0.0212221
11	0.0196018
12	0.0136209
13	0.0117743
14	0.0109641
15	0.00797367
16	0.0137126
17	0.0134832
18	0.00572537
19	0.0119547
20	0.00709963
21	0.00698491
22	0.003106
23	0.00622067
24	0.00379313
25	0.00887901
26	0.00831843
27	0.00160992
28	0.00316726
29	0.00195348
30	0.00720997
31	0.00421614
32	0.000861879
33	0.00164055
34	0.00103366
35	0.00366191
36	0.00216499
37	0.00544281
38	0.000445195
39	0.000834529
40	0.000531086
