# Interpolation data for function: (exp(-x)-1)/(exp(-1)-1)
0	0.0901165
0.001	0.0911002
0.002	0.0920839
0.003	0.0930676
0.004	0.0940513
0.005	0.0950351
0.006	0.0960188
0.007	0.0970025
0.008	0.0979862
0.009	0.0989699
0.01	0.0999537
0.011	0.100937
0.012	0.101921
0.013	0.102905
0.014	0.103889
0.015	0.104872
0.016	0.105856
0.017	0.10684
0.018	0.107823
0.019	0.108807
0.02	0.109791
0.021	0.110775
0.022	0.111758
0.023	0.112742
0.024	0.113726
0.025	0.114709
0.026	0.115693
0.027	0.116677
0.028	0.117661
0.029	0.118644
0.03	0.119628
0.031	0.120612
0.032	0.121596
0.033	0.122579
0.034	0.123563
0.035	0.124547
0.036	0.12553
0.037	0.126514
0.038	0.127498
0.039	0.128482
0.04	0.129465
0.041	0.130449
0.042	0.131433
0.043	0.132416
0.044	0.1334
0.045	0.134384
0.046	0.135368
0.047	0.136351
0.048	0.137335
0.049	0.138319
0.05	0.139302
0.051	0.140286
0.052	0.14127
0.053	0.142254
0.054	0.143237
0.055	0.144221
0.056	0.145205
0.057	0.146189
0.058	0.147172
0.059	0.148156
0.06	0.14914
0.061	0.150123
0.062	0.151107
0.063	0.152091
0.064	0.153075
0.065	0.154058
0.066	0.155042
0.067	0.156026
0.068	0.157009
0.069	0.157993
0.07	0.158977
0.071	0.159961
0.072	0.160944
0.073	0.161928
0.074	0.162912
0.075	0.163896
0.076	0.164879
0.077	0.165863
0.078	0.166847
0.079	0.16783
0.08	0.168814
0.081	0.169798
0.082	0.170782
0.083	0.171765
0.084	0.172749
0.085	0.173733
0.086	0.174716
0.087	0.1757
0.088	0.176684
0.089	0.177668
0.09	0.178651
0.091	0.179635
0.092	0.180619
0.093	0.181602
0.094	0.182586
0.095	0.18357
0.096	0.184554
0.097	0.185537
0.098	0.186521
0.099	0.187505
0.1	0.188489
0.101	0.189472
0.102	0.190456
0.103	0.19144
0.104	0.192423
0.105	0.193407
0.106	0.194391
0.107	0.195375
0.108	0.196358
0.109	0.197342
0.11	0.198326
0.111	0.199309
0.112	0.200293
0.113	0.201277
0.114	0.202261
0.115	0.203244
0.116	0.204228
0.117	0.205212
0.118	0.206195
0.119	0.207179
0.12	0.208163
0.121	0.209147
0.122	0.21013
0.123	0.211114
0.124	0.212098
0.125	0.213082
0.126	0.214065
0.127	0.215049
0.128	0.216033
0.129	0.217016
0.13	0.218
0.131	0.218984
0.132	0.219968
0.133	0.220951
0.134	0.221935
0.135	0.222919
0.136	0.223902
0.137	0.224886
0.138	0.22587
0.139	0.226854
0.14	0.227837
0.141	0.228821
0.142	0.229805
0.143	0.230788
0.144	0.231772
0.145	0.232756
0.146	0.23374
0.147	0.234723
0.148	0.235707
0.149	0.236691
0.15	0.237675
0.151	0.238658
0.152	0.239642
0.153	0.240626
0.154	0.241609
0.155	0.242593
0.156	0.243577
0.157	0.244561
0.158	0.245544
0.159	0.246528
0.16	0.247512
0.161	0.248495
0.162	0.249479
0.163	0.250463
0.164	0.251447
0.165	0.25243
0.166	0.253414
0.167	0.254398
0.168	0.255382
0.169	0.256365
0.17	0.257349
0.171	0.258333
0.172	0.259316
0.173	0.2603
0.174	0.261284
0.175	0.262268
0.176	0.263251
0.177	0.264235
0.178	0.265219
0.179	0.266202
0.18	0.267186
0.181	0.26817
0.182	0.269154
0.183	0.270137
0.184	0.271121
0.185	0.272105
0.186	0.273088
0.187	0.274072
0.188	0.275056
0.189	0.27604
0.19	0.277023
0.191	0.278007
0.192	0.278991
0.193	0.279975
0.194	0.280958
0.195	0.281942
0.196	0.282926
0.197	0.283909
0.198	0.284893
0.199	0.285877
0.2	0.286861
0.201	0.287844
0.202	0.288828
0.203	0.289812
0.204	0.290795
0.205	0.291779
0.206	0.292763
0.207	0.293747
0.208	0.29473
0.209	0.295714
0.21	0.296698
0.211	0.297681
0.212	0.298665
0.213	0.299649
0.214	0.300633
0.215	0.301616
0.216	0.3026
0.217	0.303584
0.218	0.304568
0.219	0.305551
0.22	0.306535
0.221	0.307519
0.222	0.308502
0.223	0.309486
0.224	0.31047
0.225	0.311454
0.226	0.312437
0.227	0.313421
0.228	0.314405
0.229	0.315388
0.23	0.316372
0.231	0.317356
0.232	0.31834
0.233	0.319323
0.234	0.320307
0.235	0.321291
0.236	0.322274
0.237	0.323258
0.238	0.324242
0.239	0.325226
0.24	0.326209
0.241	0.327193
0.242	0.328177
0.243	0.329161
0.244	0.330144
0.245	0.331128
0.246	0.332112
0.247	0.333095
0.248	0.334079
0.249	0.335063
0.25	0.336047
0.251	0.33703
0.252	0.338014
0.253	0.338998
0.254	0.339981
0.255	0.340965
0.256	0.341949
0.257	0.342933
0.258	0.343916
0.259	0.3449
0.26	0.345884
0.261	0.346868
0.262	0.347851
0.263	0.348835
0.264	0.349819
0.265	0.350802
0.266	0.351786
0.267	0.35277
0.268	0.353754
0.269	0.354737
0.27	0.355721
0.271	0.356705
0.272	0.357688
0.273	0.358672
0.274	0.359656
0.275	0.36064
0.276	0.361623
0.277	0.362607
0.278	0.363591
0.279	0.364574
0.28	0.365558
0.281	0.366542
0.282	0.367526
0.283	0.368509
0.284	0.369493
0.285	0.370477
0.286	0.371461
0.287	0.372444
0.288	0.373428
0.289	0.374412
0.29	0.375395
0.291	0.376379
0.292	0.377363
0.293	0.378347
0.294	0.37933
0.295	0.380314
0.296	0.381298
0.297	0.382281
0.298	0.383265
0.299	0.384249
0.3	0.385233
0.301	0.386216
0.302	0.3872
0.303	0.388184
0.304	0.389167
0.305	0.390151
0.306	0.391135
0.307	0.392119
0.308	0.393102
0.309	0.394086
0.31	0.39507
0.311	0.396054
0.312	0.397037
0.313	0.398021
0.314	0.399005
0.315	0.399988
0.316	0.400972
0.317	0.401956
0.318	0.40294
0.319	0.403923
0.32	0.404907
0.321	0.405891
0.322	0.406874
0.323	0.407858
0.324	0.408842
0.325	0.409826
0.326	0.410809
0.327	0.411793
0.328	0.412777
0.329	0.413761
0.33	0.414744
0.331	0.415728
0.332	0.416712
0.333	0.417695
0.334	0.418679
0.335	0.419663
0.336	0.420647
0.337	0.42163
0.338	0.422614
0.339	0.423598
0.34	0.424581
0.341	0.425565
0.342	0.426549
0.343	0.427533
0.344	0.428516
0.345	0.4295
0.346	0.430484
0.347	0.431467
0.348	0.432451
0.349	0.433435
0.35	0.434419
0.351	0.435402
0.352	0.436386
0.353	0.43737
0.354	0.438354
0.355	0.439337
0.356	0.440321
0.357	0.441305
0.358	0.442288
0.359	0.443272
0.36	0.444256
0.361	0.44524
0.362	0.446223
0.363	0.447207
0.364	0.448191
0.365	0.449174
0.366	0.450158
0.367	0.451142
0.368	0.452126
0.369	0.453109
0.37	0.454093
0.371	0.455077
0.372	0.45606
0.373	0.457044
0.374	0.458028
0.375	0.459012
0.376	0.459995
0.377	0.460979
0.378	0.461963
0.379	0.462947
0.38	0.46393
0.381	0.464914
0.382	0.465898
0.383	0.466881
0.384	0.467865
0.385	0.468849
0.386	0.469833
0.387	0.470816
0.388	0.4718
0.389	0.472784
0.39	0.473767
0.391	0.474751
0.392	0.475735
0.393	0.476719
0.394	0.477702
0.395	0.478686
0.396	0.47967
0.397	0.480653
0.398	0.481637
0.399	0.482621
0.4	0.483605
0.401	0.484588
0.402	0.485572
0.403	0.486556
0.404	0.48754
0.405	0.488523
0.406	0.489507
0.407	0.490491
0.408	0.491474
0.409	0.492458
0.41	0.493442
0.411	0.494426
0.412	0.495409
0.413	0.496393
0.414	0.497377
0.415	0.49836
0.416	0.499344
0.417	0.500328
0.418	0.501312
0.419	0.502295
0.42	0.503279
0.421	0.504263
0.422	0.505247
0.423	0.50623
0.424	0.507214
0.425	0.508198
0.426	0.509181
0.427	0.510165
0.428	0.511149
0.429	0.512133
0.43	0.513116
0.431	0.5141
0.432	0.515084
0.433	0.516067
0.434	0.517051
0.435	0.518035
0.436	0.519019
0.437	0.520002
0.438	0.520986
0.439	0.52197
0.44	0.522953
0.441	0.523937
0.442	0.524921
0.443	0.525905
0.444	0.526888
0.445	0.527872
0.446	0.528856
0.447	0.52984
0.448	0.530823
0.449	0.531807
0.45	0.532791
0.451	0.533774
0.452	0.534758
0.453	0.535742
0.454	0.536726
0.455	0.537709
0.456	0.538693
0.457	0.539677
0.458	0.54066
0.459	0.541644
0.46	0.542628
0.461	0.543612
0.462	0.544595
0.463	0.545579
0.464	0.546563
0.465	0.547546
0.466	0.54853
0.467	0.549514
0.468	0.550498
0.469	0.551481
0.47	0.552465
0.471	0.553449
0.472	0.554433
0.473	0.555416
0.474	0.5564
0.475	0.557384
0.476	0.558367
0.477	0.559351
0.478	0.560335
0.479	0.561319
0.48	0.562302
0.481	0.563286
0.482	0.56427
0.483	0.565253
0.484	0.566237
0.485	0.567221
0.486	0.568205
0.487	0.569188
0.488	0.570172
0.489	0.571156
0.49	0.57214
0.491	0.573123
0.492	0.574107
0.493	0.575091
0.494	0.576074
0.495	0.577058
0.496	0.578042
0.497	0.579026
0.498	0.580009
0.499	0.580993
0.5	0.581977
0.501	0.58296
0.502	0.583944
0.503	0.584928
0.504	0.585912
0.505	0.586895
0.506	0.587879
0.507	0.588863
0.508	0.589846
0.509	0.59083
0.51	0.591814
0.511	0.592798
0.512	0.593781
0.513	0.594765
0.514	0.595749
0.515	0.596733
0.516	0.597716
0.517	0.5987
0.518	0.599684
0.519	0.600667
0.52	0.601651
0.521	0.602635
0.522	0.603619
0.523	0.604602
0.524	0.605586
0.525	0.60657
0.526	0.607553
0.527	0.608537
0.528	0.609521
0.529	0.610505
0.53	0.611488
0.531	0.612472
0.532	0.613456
0.533	0.614439
0.534	0.615423
0.535	0.616407
0.536	0.617391
0.537	0.618374
0.538	0.619358
0.539	0.620342
0.54	0.621326
0.541	0.622309
0.542	0.623293
0.543	0.624277
0.544	0.62526
0.545	0.626244
0.546	0.627228
0.547	0.628212
0.548	0.629195
0.549	0.630179
0.55	0.631163
0.551	0.632146
0.552	0.63313
0.553	0.634114
0.554	0.635098
0.555	0.636081
0.556	0.637065
0.557	0.638049
0.558	0.639032
0.559	0.640016
0.56	0.641
0.561	0.641984
0.562	0.642967
0.563	0.643951
0.564	0.644935
0.565	0.645919
0.566	0.646902
0.567	0.647886
0.568	0.64887
0.569	0.649853
0.57	0.650837
0.571	0.651821
0.572	0.652805
0.573	0.653788
0.574	0.654772
0.575	0.655756
0.576	0.656739
0.577	0.657723
0.578	0.658707
0.579	0.659691
0.58	0.660674
0.581	0.661658
0.582	0.662642
0.583	0.663626
0.584	0.664609
0.585	0.665593
0.586	0.666577
0.587	0.66756
0.588	0.668544
0.589	0.669528
0.59	0.670512
0.591	0.671495
0.592	0.672479
0.593	0.673463
0.594	0.674446
0.595	0.67543
0.596	0.676414
0.597	0.677398
0.598	0.678381
0.599	0.679365
0.6	0.680349
0.601	0.681332
0.602	0.682316
0.603	0.6833
0.604	0.684284
0.605	0.685267
0.606	0.686251
0.607	0.687235
0.608	0.688219
0.609	0.689202
0.61	0.690186
0.611	0.69117
0.612	0.692153
0.613	0.693137
0.614	0.694121
0.615	0.695105
0.616	0.696088
0.617	0.697072
0.618	0.698056
0.619	0.699039
0.62	0.700023
0.621	0.701007
0.622	0.701991
0.623	0.702974
0.624	0.703958
0.625	0.704942
0.626	0.705925
0.627	0.706909
0.628	0.707893
0.629	0.708877
0.63	0.70986
0.631	0.710844
0.632	0.711828
0.633	0.712812
0.634	0.713795
0.635	0.714779
0.636	0.715763
0.637	0.716746
0.638	0.71773
0.639	0.718714
0.64	0.719698
0.641	0.720681
0.642	0.721665
0.643	0.722649
0.644	0.723632
0.645	0.724616
0.646	0.7256
0.647	0.726584
0.648	0.727567
0.649	0.728551
0.65	0.729535
0.651	0.730518
0.652	0.731502
0.653	0.732486
0.654	0.73347
0.655	0.734453
0.656	0.735437
0.657	0.736421
0.658	0.737405
0.659	0.738388
0.66	0.739372
0.661	0.740356
0.662	0.741339
0.663	0.742323
0.664	0.743307
0.665	0.744291
0.666	0.745274
0.667	0.746258
0.668	0.747242
0.669	0.748225
0.67	0.749209
0.671	0.750193
0.672	0.751177
0.673	0.75216
0.674	0.753144
0.675	0.754128
0.676	0.755112
0.677	0.756095
0.678	0.757079
0.679	0.758063
0.68	0.759046
0.681	0.76003
0.682	0.761014
0.683	0.761998
0.684	0.762981
0.685	0.763965
0.686	0.764949
0.687	0.765932
0.688	0.766916
0.689	0.7679
0.69	0.768884
0.691	0.769867
0.692	0.770851
0.693	0.771835
0.694	0.772818
0.695	0.773802
0.696	0.774786
0.697	0.77577
0.698	0.776753
0.699	0.777737
0.7	0.778721
0.701	0.779705
0.702	0.780688
0.703	0.781672
0.704	0.782656
0.705	0.783639
0.706	0.784623
0.707	0.785607
0.708	0.786591
0.709	0.787574
0.71	0.788558
0.711	0.789542
0.712	0.790525
0.713	0.791509
0.714	0.792493
0.715	0.793477
0.716	0.79446
0.717	0.795444
0.718	0.796428
0.719	0.797411
0.72	0.798395
0.721	0.799379
0.722	0.800363
0.723	0.801346
0.724	0.80233
0.725	0.803314
0.726	0.804298
0.727	0.805281
0.728	0.806265
0.729	0.807249
0.73	0.808232
0.731	0.809216
0.732	0.8102
0.733	0.811184
0.734	0.812167
0.735	0.813151
0.736	0.814135
0.737	0.815118
0.738	0.816102
0.739	0.817086
0.74	0.81807
0.741	0.819053
0.742	0.820037
0.743	0.821021
0.744	0.822005
0.745	0.822988
0.746	0.823972
0.747	0.824956
0.748	0.825939
0.749	0.826923
0.75	0.827907
0.751	0.828891
0.752	0.829874
0.753	0.830858
0.754	0.831842
0.755	0.832825
0.756	0.833809
0.757	0.834793
0.758	0.835777
0.759	0.83676
0.76	0.837744
0.761	0.838728
0.762	0.839711
0.763	0.840695
0.764	0.841679
0.765	0.842663
0.766	0.843646
0.767	0.84463
0.768	0.845614
0.769	0.846598
0.77	0.847581
0.771	0.848565
0.772	0.849549
0.773	0.850532
0.774	0.851516
0.775	0.8525
0.776	0.853484
0.777	0.854467
0.778	0.855451
0.779	0.856435
0.78	0.857418
0.781	0.858402
0.782	0.859386
0.783	0.86037
0.784	0.861353
0.785	0.862337
0.786	0.863321
0.787	0.864304
0.788	0.865288
0.789	0.866272
0.79	0.867256
0.791	0.868239
0.792	0.869223
0.793	0.870207
0.794	0.871191
0.795	0.872174
0.796	0.873158
0.797	0.874142
0.798	0.875125
0.799	0.876109
0.8	0.877093
0.801	0.878077
0.802	0.87906
0.803	0.880044
0.804	0.881028
0.805	0.882011
0.806	0.882995
0.807	0.883979
0.808	0.884963
0.809	0.885946
0.81	0.88693
0.811	0.887914
0.812	0.888897
0.813	0.889881
0.814	0.890865
0.815	0.891849
0.816	0.892832
0.817	0.893816
0.818	0.8948
0.819	0.895784
0.82	0.896767
0.821	0.897751
0.822	0.898735
0.823	0.899718
0.824	0.900702
0.825	0.901686
0.826	0.90267
0.827	0.903653
0.828	0.904637
0.829	0.905621
0.83	0.906604
0.831	0.907588
0.832	0.908572
0.833	0.909556
0.834	0.910539
0.835	0.911523
0.836	0.912507
0.837	0.913491
0.838	0.914474
0.839	0.915458
0.84	0.916442
0.841	0.917425
0.842	0.918409
0.843	0.919393
0.844	0.920377
0.845	0.92136
0.846	0.922344
0.847	0.923328
0.848	0.924311
0.849	0.925295
0.85	0.926279
0.851	0.927263
0.852	0.928246
0.853	0.92923
0.854	0.930214
0.855	0.931197
0.856	0.932181
0.857	0.933165
0.858	0.934149
0.859	0.935132
0.86	0.936116
0.861	0.9371
0.862	0.938084
0.863	0.939067
0.864	0.940051
0.865	0.941035
0.866	0.942018
0.867	0.943002
0.868	0.943986
0.869	0.94497
0.87	0.945953
0.871	0.946937
0.872	0.947921
0.873	0.948904
0.874	0.949888
0.875	0.950872
0.876	0.951856
0.877	0.952839
0.878	0.953823
0.879	0.954807
0.88	0.95579
0.881	0.956774
0.882	0.957758
0.883	0.958742
0.884	0.959725
0.885	0.960709
0.886	0.961693
0.887	0.962677
0.888	0.96366
0.889	0.964644
0.89	0.965628
0.891	0.966611
0.892	0.967595
0.893	0.968579
0.894	0.969563
0.895	0.970546
0.896	0.97153
0.897	0.972514
0.898	0.973497
0.899	0.974481
0.9	0.975465
0.901	0.976449
0.902	0.977432
0.903	0.978416
0.904	0.9794
0.905	0.980384
0.906	0.981367
0.907	0.982351
0.908	0.983335
0.909	0.984318
0.91	0.985302
0.911	0.986286
0.912	0.98727
0.913	0.988253
0.914	0.989237
0.915	0.990221
0.916	0.991204
0.917	0.992188
0.918	0.993172
0.919	0.994156
0.92	0.995139
0.921	0.996123
0.922	0.997107
0.923	0.99809
0.924	0.999074
0.925	1.00006
0.926	1.00104
0.927	1.00203
0.928	1.00301
0.929	1.00399
0.93	1.00498
0.931	1.00596
0.932	1.00694
0.933	1.00793
0.934	1.00891
0.935	1.0099
0.936	1.01088
0.937	1.01186
0.938	1.01285
0.939	1.01383
0.94	1.01481
0.941	1.0158
0.942	1.01678
0.943	1.01776
0.944	1.01875
0.945	1.01973
0.946	1.02072
0.947	1.0217
0.948	1.02268
0.949	1.02367
0.95	1.02465
0.951	1.02563
0.952	1.02662
0.953	1.0276
0.954	1.02859
0.955	1.02957
0.956	1.03055
0.957	1.03154
0.958	1.03252
0.959	1.0335
0.96	1.03449
0.961	1.03547
0.962	1.03646
0.963	1.03744
0.964	1.03842
0.965	1.03941
0.966	1.04039
0.967	1.04137
0.968	1.04236
0.969	1.04334
0.97	1.04433
0.971	1.04531
0.972	1.04629
0.973	1.04728
0.974	1.04826
0.975	1.04924
0.976	1.05023
0.977	1.05121
0.978	1.0522
0.979	1.05318
0.98	1.05416
0.981	1.05515
0.982	1.05613
0.983	1.05711
0.984	1.0581
0.985	1.05908
0.986	1.06006
0.987	1.06105
0.988	1.06203
0.989	1.06302
0.99	1.064
0.991	1.06498
0.992	1.06597
0.993	1.06695
0.994	1.06793
0.995	1.06892
0.996	1.0699
0.997	1.07089
0.998	1.07187
0.999	1.07285
