# Interpolation data for function: (exp(-x)-1)/(exp(-1)-1)
0	1.47755e-12
0.001	0.00158119
0.002	0.00316079
0.003	0.00473882
0.004	0.00631527
0.005	0.00789014
0.006	0.00946344
0.007	0.0110352
0.008	0.0126053
0.009	0.0141739
0.01	0.0157409
0.011	0.0173064
0.012	0.0188703
0.013	0.0204326
0.014	0.0219934
0.015	0.0235526
0.016	0.0251102
0.017	0.0266663
0.018	0.0282208
0.019	0.0297738
0.02	0.0313252
0.021	0.0328751
0.022	0.0344234
0.023	0.0359702
0.024	0.0375155
0.025	0.0390591
0.026	0.0406013
0.027	0.0421419
0.028	0.043681
0.029	0.0452185
0.03	0.0467545
0.031	0.0482889
0.032	0.0498219
0.033	0.0513532
0.034	0.0528831
0.035	0.0544114
0.036	0.0559382
0.037	0.0574635
0.038	0.0589873
0.039	0.0605095
0.04	0.0620302
0.041	0.0635494
0.042	0.065067
0.043	0.0665832
0.044	0.0680978
0.045	0.069611
0.046	0.0711226
0.047	0.0726327
0.048	0.0741413
0.049	0.0756483
0.05	0.0771539
0.051	0.078658
0.052	0.0801606
0.053	0.0816616
0.054	0.0831612
0.055	0.0846592
0.056	0.0861558
0.057	0.0876509
0.058	0.0891445
0.059	0.0906366
0.06	0.0921272
0.061	0.0936163
0.062	0.0951039
0.063	0.09659
0.064	0.0980746
0.065	0.0995578
0.066	0.101039
0.067	0.10252
0.068	0.103998
0.069	0.105476
0.07	0.106951
0.071	0.108426
0.072	0.109899
0.073	0.11137
0.074	0.11284
0.075	0.114308
0.076	0.115775
0.077	0.117241
0.078	0.118705
0.079	0.120167
0.08	0.121628
0.081	0.123088
0.082	0.124546
0.083	0.126003
0.084	0.127458
0.085	0.128912
0.086	0.130364
0.087	0.131815
0.088	0.133264
0.089	0.134712
0.09	0.136159
0.091	0.137604
0.092	0.139048
0.093	0.14049
0.094	0.141931
0.095	0.14337
0.096	0.144808
0.097	0.146244
0.098	0.147679
0.099	0.149113
0.1	0.150545
0.101	0.151976
0.102	0.153405
0.103	0.154833
0.104	0.156259
0.105	0.157684
0.106	0.159108
0.107	0.16053
0.108	0.161951
0.109	0.16337
0.11	0.164788
0.111	0.166204
0.112	0.16762
0.113	0.169033
0.114	0.170445
0.115	0.171856
0.116	0.173266
0.117	0.174674
0.118	0.17608
0.119	0.177485
0.12	0.178889
0.121	0.180292
0.122	0.181693
0.123	0.183092
0.124	0.18449
0.125	0.185887
0.126	0.187283
0.127	0.188677
0.128	0.190069
0.129	0.19146
0.13	0.19285
0.131	0.194239
0.132	0.195626
0.133	0.197011
0.134	0.198396
0.135	0.199778
0.136	0.20116
0.137	0.20254
0.138	0.203919
0.139	0.205296
0.14	0.206672
0.141	0.208047
0.142	0.20942
0.143	0.210792
0.144	0.212162
0.145	0.213532
0.146	0.214899
0.147	0.216266
0.148	0.217631
0.149	0.218994
0.15	0.220357
0.151	0.221718
0.152	0.223077
0.153	0.224435
0.154	0.225792
0.155	0.227148
0.156	0.228502
0.157	0.229855
0.158	0.231206
0.159	0.232556
0.16	0.233905
0.161	0.235252
0.162	0.236599
0.163	0.237943
0.164	0.239287
0.165	0.240629
0.166	0.241969
0.167	0.243309
0.168	0.244647
0.169	0.245983
0.17	0.247319
0.171	0.248653
0.172	0.249985
0.173	0.251317
0.174	0.252647
0.175	0.253975
0.176	0.255303
0.177	0.256629
0.178	0.257953
0.179	0.259277
0.18	0.260599
0.181	0.261919
0.182	0.263239
0.183	0.264557
0.184	0.265874
0.185	0.267189
0.186	0.268503
0.187	0.269816
0.188	0.271128
0.189	0.272438
0.19	0.273747
0.191	0.275054
0.192	0.27636
0.193	0.277665
0.194	0.278969
0.195	0.280271
0.196	0.281572
0.197	0.282872
0.198	0.284171
0.199	0.285468
0.2	0.286764
0.201	0.288058
0.202	0.289352
0.203	0.290644
0.204	0.291934
0.205	0.293224
0.206	0.294512
0.207	0.295799
0.208	0.297084
0.209	0.298368
0.21	0.299651
0.211	0.300933
0.212	0.302213
0.213	0.303493
0.214	0.30477
0.215	0.306047
0.216	0.307322
0.217	0.308596
0.218	0.309869
0.219	0.31114
0.22	0.312411
0.221	0.31368
0.222	0.314947
0.223	0.316214
0.224	0.317479
0.225	0.318743
0.226	0.320005
0.227	0.321267
0.228	0.322527
0.229	0.323785
0.23	0.325043
0.231	0.326299
0.232	0.327554
0.233	0.328808
0.234	0.330061
0.235	0.331312
0.236	0.332562
0.237	0.333811
0.238	0.335058
0.239	0.336305
0.24	0.33755
0.241	0.338794
0.242	0.340036
0.243	0.341277
0.244	0.342518
0.245	0.343756
0.246	0.344994
0.247	0.34623
0.248	0.347465
0.249	0.348699
0.25	0.349932
0.251	0.351163
0.252	0.352394
0.253	0.353623
0.254	0.35485
0.255	0.356077
0.256	0.357302
0.257	0.358526
0.258	0.359749
0.259	0.360971
0.26	0.362191
0.261	0.36341
0.262	0.364628
0.263	0.365845
0.264	0.36706
0.265	0.368275
0.266	0.369488
0.267	0.3707
0.268	0.37191
0.269	0.37312
0.27	0.374328
0.271	0.375535
0.272	0.376741
0.273	0.377946
0.274	0.379149
0.275	0.380351
0.276	0.381552
0.277	0.382752
0.278	0.383951
0.279	0.385148
0.28	0.386344
0.281	0.387539
0.282	0.388733
0.283	0.389926
0.284	0.391117
0.285	0.392308
0.286	0.393497
0.287	0.394685
0.288	0.395871
0.289	0.397057
0.29	0.398241
0.291	0.399424
0.292	0.400606
0.293	0.401787
0.294	0.402967
0.295	0.404145
0.296	0.405322
0.297	0.406498
0.298	0.407673
0.299	0.408847
0.3	0.41002
0.301	0.411191
0.302	0.412361
0.303	0.41353
0.304	0.414698
0.305	0.415865
0.306	0.41703
0.307	0.418195
0.308	0.419358
0.309	0.42052
0.31	0.421681
0.311	0.42284
0.312	0.423999
0.313	0.425156
0.314	0.426313
0.315	0.427468
0.316	0.428622
0.317	0.429774
0.318	0.430926
0.319	0.432077
0.32	0.433226
0.321	0.434374
0.322	0.435521
0.323	0.436667
0.324	0.437812
0.325	0.438955
0.326	0.440098
0.327	0.441239
0.328	0.442379
0.329	0.443518
0.33	0.444656
0.331	0.445793
0.332	0.446928
0.333	0.448063
0.334	0.449196
0.335	0.450329
0.336	0.45146
0.337	0.45259
0.338	0.453718
0.339	0.454846
0.34	0.455973
0.341	0.457098
0.342	0.458222
0.343	0.459346
0.344	0.460468
0.345	0.461589
0.346	0.462708
0.347	0.463827
0.348	0.464945
0.349	0.466061
0.35	0.467177
0.351	0.468291
0.352	0.469404
0.353	0.470516
0.354	0.471627
0.355	0.472737
0.356	0.473845
0.357	0.474953
0.358	0.476059
0.359	0.477165
0.36	0.478269
0.361	0.479372
0.362	0.480474
0.363	0.481575
0.364	0.482675
0.365	0.483774
0.366	0.484871
0.367	0.485968
0.368	0.487063
0.369	0.488158
0.37	0.489251
0.371	0.490343
0.372	0.491434
0.373	0.492524
0.374	0.493613
0.375	0.494701
0.376	0.495788
0.377	0.496873
0.378	0.497958
0.379	0.499041
0.38	0.500124
0.381	0.501205
0.382	0.502285
0.383	0.503365
0.384	0.504443
0.385	0.50552
0.386	0.506596
0.387	0.50767
0.388	0.508744
0.389	0.509817
0.39	0.510889
0.391	0.511959
0.392	0.513029
0.393	0.514097
0.394	0.515164
0.395	0.516231
0.396	0.517296
0.397	0.51836
0.398	0.519423
0.399	0.520485
0.4	0.521546
0.401	0.522606
0.402	0.523665
0.403	0.524723
0.404	0.525779
0.405	0.526835
0.406	0.52789
0.407	0.528943
0.408	0.529996
0.409	0.531047
0.41	0.532097
0.411	0.533147
0.412	0.534195
0.413	0.535242
0.414	0.536289
0.415	0.537334
0.416	0.538378
0.417	0.539421
0.418	0.540463
0.419	0.541504
0.42	0.542544
0.421	0.543583
0.422	0.544621
0.423	0.545658
0.424	0.546693
0.425	0.547728
0.426	0.548762
0.427	0.549795
0.428	0.550826
0.429	0.551857
0.43	0.552886
0.431	0.553915
0.432	0.554943
0.433	0.555969
0.434	0.556995
0.435	0.558019
0.436	0.559043
0.437	0.560065
0.438	0.561086
0.439	0.562107
0.44	0.563126
0.441	0.564144
0.442	0.565162
0.443	0.566178
0.444	0.567193
0.445	0.568208
0.446	0.569221
0.447	0.570233
0.448	0.571244
0.449	0.572255
0.45	0.573264
0.451	0.574272
0.452	0.575279
0.453	0.576285
0.454	0.577291
0.455	0.578295
0.456	0.579298
0.457	0.5803
0.458	0.581301
0.459	0.582302
0.46	0.583301
0.461	0.584299
0.462	0.585296
0.463	0.586292
0.464	0.587287
0.465	0.588282
0.466	0.589275
0.467	0.590267
0.468	0.591258
0.469	0.592248
0.47	0.593238
0.471	0.594226
0.472	0.595213
0.473	0.596199
0.474	0.597185
0.475	0.598169
0.476	0.599152
0.477	0.600135
0.478	0.601116
0.479	0.602096
0.48	0.603076
0.481	0.604054
0.482	0.605032
0.483	0.606008
0.484	0.606984
0.485	0.607958
0.486	0.608932
0.487	0.609904
0.488	0.610876
0.489	0.611846
0.49	0.612816
0.491	0.613785
0.492	0.614752
0.493	0.615719
0.494	0.616685
0.495	0.61765
0.496	0.618614
0.497	0.619576
0.498	0.620538
0.499	0.621499
0.5	0.622459
0.501	0.623418
0.502	0.624376
0.503	0.625334
0.504	0.62629
0.505	0.627245
0.506	0.628199
0.507	0.629152
0.508	0.630105
0.509	0.631056
0.51	0.632007
0.511	0.632956
0.512	0.633905
0.513	0.634852
0.514	0.635799
0.515	0.636745
0.516	0.637689
0.517	0.638633
0.518	0.639576
0.519	0.640518
0.52	0.641459
0.521	0.642399
0.522	0.643338
0.523	0.644276
0.524	0.645214
0.525	0.64615
0.526	0.647085
0.527	0.64802
0.528	0.648953
0.529	0.649886
0.53	0.650817
0.531	0.651748
0.532	0.652678
0.533	0.653607
0.534	0.654535
0.535	0.655462
0.536	0.656388
0.537	0.657313
0.538	0.658237
0.539	0.65916
0.54	0.660083
0.541	0.661004
0.542	0.661924
0.543	0.662844
0.544	0.663763
0.545	0.664681
0.546	0.665597
0.547	0.666513
0.548	0.667428
0.549	0.668342
0.55	0.669256
0.551	0.670168
0.552	0.671079
0.553	0.67199
0.554	0.672899
0.555	0.673808
0.556	0.674715
0.557	0.675622
0.558	0.676528
0.559	0.677433
0.56	0.678337
0.561	0.67924
0.562	0.680143
0.563	0.681044
0.564	0.681945
0.565	0.682844
0.566	0.683743
0.567	0.684641
0.568	0.685538
0.569	0.686434
0.57	0.687329
0.571	0.688223
0.572	0.689116
0.573	0.690009
0.574	0.6909
0.575	0.691791
0.576	0.69268
0.577	0.693569
0.578	0.694457
0.579	0.695344
0.58	0.696231
0.581	0.697116
0.582	0.698
0.583	0.698884
0.584	0.699766
0.585	0.700648
0.586	0.701529
0.587	0.702409
0.588	0.703288
0.589	0.704166
0.59	0.705044
0.591	0.70592
0.592	0.706796
0.593	0.707671
0.594	0.708545
0.595	0.709418
0.596	0.71029
0.597	0.711161
0.598	0.712031
0.599	0.712901
0.6	0.713769
0.601	0.714637
0.602	0.715504
0.603	0.71637
0.604	0.717235
0.605	0.7181
0.606	0.718963
0.607	0.719826
0.608	0.720687
0.609	0.721548
0.61	0.722408
0.611	0.723267
0.612	0.724126
0.613	0.724983
0.614	0.72584
0.615	0.726695
0.616	0.72755
0.617	0.728404
0.618	0.729257
0.619	0.73011
0.62	0.730961
0.621	0.731812
0.622	0.732661
0.623	0.73351
0.624	0.734358
0.625	0.735206
0.626	0.736052
0.627	0.736897
0.628	0.737742
0.629	0.738586
0.63	0.739429
0.631	0.740271
0.632	0.741112
0.633	0.741953
0.634	0.742792
0.635	0.743631
0.636	0.744469
0.637	0.745306
0.638	0.746142
0.639	0.746978
0.64	0.747812
0.641	0.748646
0.642	0.749479
0.643	0.750311
0.644	0.751142
0.645	0.751973
0.646	0.752802
0.647	0.753631
0.648	0.754459
0.649	0.755286
0.65	0.756112
0.651	0.756938
0.652	0.757763
0.653	0.758586
0.654	0.759409
0.655	0.760231
0.656	0.761053
0.657	0.761873
0.658	0.762693
0.659	0.763512
0.66	0.76433
0.661	0.765147
0.662	0.765964
0.663	0.766779
0.664	0.767594
0.665	0.768408
0.666	0.769221
0.667	0.770033
0.668	0.770845
0.669	0.771656
0.67	0.772466
0.671	0.773275
0.672	0.774083
0.673	0.774891
0.674	0.775697
0.675	0.776503
0.676	0.777308
0.677	0.778112
0.678	0.778916
0.679	0.779719
0.68	0.78052
0.681	0.781321
0.682	0.782122
0.683	0.782921
0.684	0.78372
0.685	0.784518
0.686	0.785315
0.687	0.786111
0.688	0.786906
0.689	0.787701
0.69	0.788495
0.691	0.789288
0.692	0.79008
0.693	0.790872
0.694	0.791663
0.695	0.792453
0.696	0.793242
0.697	0.79403
0.698	0.794818
0.699	0.795604
0.7	0.79639
0.701	0.797176
0.702	0.79796
0.703	0.798744
0.704	0.799526
0.705	0.800308
0.706	0.80109
0.707	0.80187
0.708	0.80265
0.709	0.803429
0.71	0.804207
0.711	0.804984
0.712	0.805761
0.713	0.806537
0.714	0.807312
0.715	0.808086
0.716	0.80886
0.717	0.809632
0.718	0.810404
0.719	0.811176
0.72	0.811946
0.721	0.812716
0.722	0.813484
0.723	0.814253
0.724	0.81502
0.725	0.815787
0.726	0.816552
0.727	0.817317
0.728	0.818082
0.729	0.818845
0.73	0.819608
0.731	0.82037
0.732	0.821131
0.733	0.821892
0.734	0.822651
0.735	0.82341
0.736	0.824168
0.737	0.824926
0.738	0.825683
0.739	0.826438
0.74	0.827194
0.741	0.827948
0.742	0.828702
0.743	0.829455
0.744	0.830207
0.745	0.830958
0.746	0.831709
0.747	0.832459
0.748	0.833208
0.749	0.833956
0.75	0.834704
0.751	0.835451
0.752	0.836197
0.753	0.836942
0.754	0.837687
0.755	0.838431
0.756	0.839174
0.757	0.839916
0.758	0.840658
0.759	0.841399
0.76	0.842139
0.761	0.842879
0.762	0.843618
0.763	0.844355
0.764	0.845093
0.765	0.845829
0.766	0.846565
0.767	0.8473
0.768	0.848034
0.769	0.848768
0.77	0.849501
0.771	0.850233
0.772	0.850964
0.773	0.851695
0.774	0.852425
0.775	0.853154
0.776	0.853883
0.777	0.85461
0.778	0.855337
0.779	0.856064
0.78	0.856789
0.781	0.857514
0.782	0.858238
0.783	0.858961
0.784	0.859684
0.785	0.860406
0.786	0.861127
0.787	0.861848
0.788	0.862567
0.789	0.863286
0.79	0.864005
0.791	0.864722
0.792	0.865439
0.793	0.866156
0.794	0.866871
0.795	0.867586
0.796	0.8683
0.797	0.869013
0.798	0.869726
0.799	0.870438
0.8	0.871149
0.801	0.871859
0.802	0.872569
0.803	0.873278
0.804	0.873986
0.805	0.874694
0.806	0.875401
0.807	0.876107
0.808	0.876813
0.809	0.877518
0.81	0.878222
0.811	0.878925
0.812	0.879628
0.813	0.88033
0.814	0.881031
0.815	0.881732
0.816	0.882431
0.817	0.883131
0.818	0.883829
0.819	0.884527
0.82	0.885224
0.821	0.88592
0.822	0.886616
0.823	0.887311
0.824	0.888006
0.825	0.888699
0.826	0.889392
0.827	0.890084
0.828	0.890776
0.829	0.891467
0.83	0.892157
0.831	0.892846
0.832	0.893535
0.833	0.894223
0.834	0.894911
0.835	0.895597
0.836	0.896283
0.837	0.896969
0.838	0.897653
0.839	0.898337
0.84	0.899021
0.841	0.899703
0.842	0.900385
0.843	0.901067
0.844	0.901747
0.845	0.902427
0.846	0.903106
0.847	0.903785
0.848	0.904463
0.849	0.90514
0.85	0.905816
0.851	0.906492
0.852	0.907167
0.853	0.907842
0.854	0.908515
0.855	0.909189
0.856	0.909861
0.857	0.910533
0.858	0.911204
0.859	0.911874
0.86	0.912544
0.861	0.913213
0.862	0.913882
0.863	0.914549
0.864	0.915217
0.865	0.915883
0.866	0.916549
0.867	0.917214
0.868	0.917878
0.869	0.918542
0.87	0.919205
0.871	0.919868
0.872	0.920529
0.873	0.92119
0.874	0.921851
0.875	0.922511
0.876	0.92317
0.877	0.923828
0.878	0.924486
0.879	0.925143
0.88	0.9258
0.881	0.926456
0.882	0.927111
0.883	0.927765
0.884	0.928419
0.885	0.929072
0.886	0.929725
0.887	0.930377
0.888	0.931028
0.889	0.931679
0.89	0.932329
0.891	0.932978
0.892	0.933627
0.893	0.934275
0.894	0.934922
0.895	0.935569
0.896	0.936215
0.897	0.936861
0.898	0.937505
0.899	0.938149
0.9	0.938793
0.901	0.939436
0.902	0.940078
0.903	0.94072
0.904	0.941361
0.905	0.942001
0.906	0.942641
0.907	0.94328
0.908	0.943918
0.909	0.944556
0.91	0.945193
0.911	0.945829
0.912	0.946465
0.913	0.9471
0.914	0.947735
0.915	0.948369
0.916	0.949002
0.917	0.949635
0.918	0.950267
0.919	0.950898
0.92	0.951529
0.921	0.952159
0.922	0.952789
0.923	0.953417
0.924	0.954046
0.925	0.954673
0.926	0.9553
0.927	0.955927
0.928	0.956552
0.929	0.957177
0.93	0.957802
0.931	0.958426
0.932	0.959049
0.933	0.959672
0.934	0.960294
0.935	0.960915
0.936	0.961536
0.937	0.962156
0.938	0.962775
0.939	0.963394
0.94	0.964013
0.941	0.96463
0.942	0.965247
0.943	0.965864
0.944	0.966479
0.945	0.967095
0.946	0.967709
0.947	0.968323
0.948	0.968937
0.949	0.969549
0.95	0.970161
0.951	0.970773
0.952	0.971384
0.953	0.971994
0.954	0.972604
0.955	0.973213
0.956	0.973821
0.957	0.974429
0.958	0.975036
0.959	0.975643
0.96	0.976249
0.961	0.976855
0.962	0.977459
0.963	0.978064
0.964	0.978667
0.965	0.97927
0.966	0.979873
0.967	0.980474
0.968	0.981076
0.969	0.981676
0.97	0.982276
0.971	0.982876
0.972	0.983474
0.973	0.984073
0.974	0.98467
0.975	0.985267
0.976	0.985864
0.977	0.986459
0.978	0.987055
0.979	0.987649
0.98	0.988243
0.981	0.988837
0.982	0.98943
0.983	0.990022
0.984	0.990613
0.985	0.991205
0.986	0.991795
0.987	0.992385
0.988	0.992974
0.989	0.993563
0.99	0.994151
0.991	0.994739
0.992	0.995326
0.993	0.995912
0.994	0.996498
0.995	0.997083
0.996	0.997667
0.997	0.998251
0.998	0.998835
0.999	0.999418
