# Interpolation data for function: (exp(-x)-1)/(exp(-1)-1)
0	0.581977
0.001	0.581977
0.002	0.581977
0.003	0.581977
0.004	0.581977
0.005	0.581977
0.006	0.581977
0.007	0.581977
0.008	0.581977
0.009	0.581977
0.01	0.581977
0.011	0.581977
0.012	0.581977
0.013	0.581977
0.014	0.581977
0.015	0.581977
0.016	0.581977
0.017	0.581977
0.018	0.581977
0.019	0.581977
0.02	0.581977
0.021	0.581977
0.022	0.581977
0.023	0.581977
0.024	0.581977
0.025	0.581977
0.026	0.581977
0.027	0.581977
0.028	0.581977
0.029	0.581977
0.03	0.581977
0.031	0.581977
0.032	0.581977
0.033	0.581977
0.034	0.581977
0.035	0.581977
0.036	0.581977
0.037	0.581977
0.038	0.581977
0.039	0.581977
0.04	0.581977
0.041	0.581977
0.042	0.581977
0.043	0.581977
0.044	0.581977
0.045	0.581977
0.046	0.581977
0.047	0.581977
0.048	0.581977
0.049	0.581977
0.05	0.581977
0.051	0.581977
0.052	0.581977
0.053	0.581977
0.054	0.581977
0.055	0.581977
0.056	0.581977
0.057	0.581977
0.058	0.581977
0.059	0.581977
0.06	0.581977
0.061	0.581977
0.062	0.581977
0.063	0.581977
0.064	0.581977
0.065	0.581977
0.066	0.581977
0.067	0.581977
0.068	0.581977
0.069	0.581977
0.07	0.581977
0.071	0.581977
0.072	0.581977
0.073	0.581977
0.074	0.581977
0.075	0.581977
0.076	0.581977
0.077	0.581977
0.078	0.581977
0.079	0.581977
0.08	0.581977
0.081	0.581977
0.082	0.581977
0.083	0.581977
0.084	0.581977
0.085	0.581977
0.086	0.581977
0.087	0.581977
0.088	0.581977
0.089	0.581977
0.09	0.581977
0.091	0.581977
0.092	0.581977
0.093	0.581977
0.094	0.581977
0.095	0.581977
0.096	0.581977
0.097	0.581977
0.098	0.581977
0.099	0.581977
0.1	0.581977
0.101	0.581977
0.102	0.581977
0.103	0.581977
0.104	0.581977
0.105	0.581977
0.106	0.581977
0.107	0.581977
0.108	0.581977
0.109	0.581977
0.11	0.581977
0.111	0.581977
0.112	0.581977
0.113	0.581977
0.114	0.581977
0.115	0.581977
0.116	0.581977
0.117	0.581977
0.118	0.581977
0.119	0.581977
0.12	0.581977
0.121	0.581977
0.122	0.581977
0.123	0.581977
0.124	0.581977
0.125	0.581977
0.126	0.581977
0.127	0.581977
0.128	0.581977
0.129	0.581977
0.13	0.581977
0.131	0.581977
0.132	0.581977
0.133	0.581977
0.134	0.581977
0.135	0.581977
0.136	0.581977
0.137	0.581977
0.138	0.581977
0.139	0.581977
0.14	0.581977
0.141	0.581977
0.142	0.581977
0.143	0.581977
0.144	0.581977
0.145	0.581977
0.146	0.581977
0.147	0.581977
0.148	0.581977
0.149	0.581977
0.15	0.581977
0.151	0.581977
0.152	0.581977
0.153	0.581977
0.154	0.581977
0.155	0.581977
0.156	0.581977
0.157	0.581977
0.158	0.581977
0.159	0.581977
0.16	0.581977
0.161	0.581977
0.162	0.581977
0.163	0.581977
0.164	0.581977
0.165	0.581977
0.166	0.581977
0.167	0.581977
0.168	0.581977
0.169	0.581977
0.17	0.581977
0.171	0.581977
0.172	0.581977
0.173	0.581977
0.174	0.581977
0.175	0.581977
0.176	0.581977
0.177	0.581977
0.178	0.581977
0.179	0.581977
0.18	0.581977
0.181	0.581977
0.182	0.581977
0.183	0.581977
0.184	0.581977
0.185	0.581977
0.186	0.581977
0.187	0.581977
0.188	0.581977
0.189	0.581977
0.19	0.581977
0.191	0.581977
0.192	0.581977
0.193	0.581977
0.194	0.581977
0.195	0.581977
0.196	0.581977
0.197	0.581977
0.198	0.581977
0.199	0.581977
0.2	0.581977
0.201	0.581977
0.202	0.581977
0.203	0.581977
0.204	0.581977
0.205	0.581977
0.206	0.581977
0.207	0.581977
0.208	0.581977
0.209	0.581977
0.21	0.581977
0.211	0.581977
0.212	0.581977
0.213	0.581977
0.214	0.581977
0.215	0.581977
0.216	0.581977
0.217	0.581977
0.218	0.581977
0.219	0.581977
0.22	0.581977
0.221	0.581977
0.222	0.581977
0.223	0.581977
0.224	0.581977
0.225	0.581977
0.226	0.581977
0.227	0.581977
0.228	0.581977
0.229	0.581977
0.23	0.581977
0.231	0.581977
0.232	0.581977
0.233	0.581977
0.234	0.581977
0.235	0.581977
0.236	0.581977
0.237	0.581977
0.238	0.581977
0.239	0.581977
0.24	0.581977
0.241	0.581977
0.242	0.581977
0.243	0.581977
0.244	0.581977
0.245	0.581977
0.246	0.581977
0.247	0.581977
0.248	0.581977
0.249	0.581977
0.25	0.581977
0.251	0.581977
0.252	0.581977
0.253	0.581977
0.254	0.581977
0.255	0.581977
0.256	0.581977
0.257	0.581977
0.258	0.581977
0.259	0.581977
0.26	0.581977
0.261	0.581977
0.262	0.581977
0.263	0.581977
0.264	0.581977
0.265	0.581977
0.266	0.581977
0.267	0.581977
0.268	0.581977
0.269	0.581977
0.27	0.581977
0.271	0.581977
0.272	0.581977
0.273	0.581977
0.274	0.581977
0.275	0.581977
0.276	0.581977
0.277	0.581977
0.278	0.581977
0.279	0.581977
0.28	0.581977
0.281	0.581977
0.282	0.581977
0.283	0.581977
0.284	0.581977
0.285	0.581977
0.286	0.581977
0.287	0.581977
0.288	0.581977
0.289	0.581977
0.29	0.581977
0.291	0.581977
0.292	0.581977
0.293	0.581977
0.294	0.581977
0.295	0.581977
0.296	0.581977
0.297	0.581977
0.298	0.581977
0.299	0.581977
0.3	0.581977
0.301	0.581977
0.302	0.581977
0.303	0.581977
0.304	0.581977
0.305	0.581977
0.306	0.581977
0.307	0.581977
0.308	0.581977
0.309	0.581977
0.31	0.581977
0.311	0.581977
0.312	0.581977
0.313	0.581977
0.314	0.581977
0.315	0.581977
0.316	0.581977
0.317	0.581977
0.318	0.581977
0.319	0.581977
0.32	0.581977
0.321	0.581977
0.322	0.581977
0.323	0.581977
0.324	0.581977
0.325	0.581977
0.326	0.581977
0.327	0.581977
0.328	0.581977
0.329	0.581977
0.33	0.581977
0.331	0.581977
0.332	0.581977
0.333	0.581977
0.334	0.581977
0.335	0.581977
0.336	0.581977
0.337	0.581977
0.338	0.581977
0.339	0.581977
0.34	0.581977
0.341	0.581977
0.342	0.581977
0.343	0.581977
0.344	0.581977
0.345	0.581977
0.346	0.581977
0.347	0.581977
0.348	0.581977
0.349	0.581977
0.35	0.581977
0.351	0.581977
0.352	0.581977
0.353	0.581977
0.354	0.581977
0.355	0.581977
0.356	0.581977
0.357	0.581977
0.358	0.581977
0.359	0.581977
0.36	0.581977
0.361	0.581977
0.362	0.581977
0.363	0.581977
0.364	0.581977
0.365	0.581977
0.366	0.581977
0.367	0.581977
0.368	0.581977
0.369	0.581977
0.37	0.581977
0.371	0.581977
0.372	0.581977
0.373	0.581977
0.374	0.581977
0.375	0.581977
0.376	0.581977
0.377	0.581977
0.378	0.581977
0.379	0.581977
0.38	0.581977
0.381	0.581977
0.382	0.581977
0.383	0.581977
0.384	0.581977
0.385	0.581977
0.386	0.581977
0.387	0.581977
0.388	0.581977
0.389	0.581977
0.39	0.581977
0.391	0.581977
0.392	0.581977
0.393	0.581977
0.394	0.581977
0.395	0.581977
0.396	0.581977
0.397	0.581977
0.398	0.581977
0.399	0.581977
0.4	0.581977
0.401	0.581977
0.402	0.581977
0.403	0.581977
0.404	0.581977
0.405	0.581977
0.406	0.581977
0.407	0.581977
0.408	0.581977
0.409	0.581977
0.41	0.581977
0.411	0.581977
0.412	0.581977
0.413	0.581977
0.414	0.581977
0.415	0.581977
0.416	0.581977
0.417	0.581977
0.418	0.581977
0.419	0.581977
0.42	0.581977
0.421	0.581977
0.422	0.581977
0.423	0.581977
0.424	0.581977
0.425	0.581977
0.426	0.581977
0.427	0.581977
0.428	0.581977
0.429	0.581977
0.43	0.581977
0.431	0.581977
0.432	0.581977
0.433	0.581977
0.434	0.581977
0.435	0.581977
0.436	0.581977
0.437	0.581977
0.438	0.581977
0.439	0.581977
0.44	0.581977
0.441	0.581977
0.442	0.581977
0.443	0.581977
0.444	0.581977
0.445	0.581977
0.446	0.581977
0.447	0.581977
0.448	0.581977
0.449	0.581977
0.45	0.581977
0.451	0.581977
0.452	0.581977
0.453	0.581977
0.454	0.581977
0.455	0.581977
0.456	0.581977
0.457	0.581977
0.458	0.581977
0.459	0.581977
0.46	0.581977
0.461	0.581977
0.462	0.581977
0.463	0.581977
0.464	0.581977
0.465	0.581977
0.466	0.581977
0.467	0.581977
0.468	0.581977
0.469	0.581977
0.47	0.581977
0.471	0.581977
0.472	0.581977
0.473	0.581977
0.474	0.581977
0.475	0.581977
0.476	0.581977
0.477	0.581977
0.478	0.581977
0.479	0.581977
0.48	0.581977
0.481	0.581977
0.482	0.581977
0.483	0.581977
0.484	0.581977
0.485	0.581977
0.486	0.581977
0.487	0.581977
0.488	0.581977
0.489	0.581977
0.49	0.581977
0.491	0.581977
0.492	0.581977
0.493	0.581977
0.494	0.581977
0.495	0.581977
0.496	0.581977
0.497	0.581977
0.498	0.581977
0.499	0.581977
0.5	0.581977
0.501	0.581977
0.502	0.581977
0.503	0.581977
0.504	0.581977
0.505	0.581977
0.506	0.581977
0.507	0.581977
0.508	0.581977
0.509	0.581977
0.51	0.581977
0.511	0.581977
0.512	0.581977
0.513	0.581977
0.514	0.581977
0.515	0.581977
0.516	0.581977
0.517	0.581977
0.518	0.581977
0.519	0.581977
0.52	0.581977
0.521	0.581977
0.522	0.581977
0.523	0.581977
0.524	0.581977
0.525	0.581977
0.526	0.581977
0.527	0.581977
0.528	0.581977
0.529	0.581977
0.53	0.581977
0.531	0.581977
0.532	0.581977
0.533	0.581977
0.534	0.581977
0.535	0.581977
0.536	0.581977
0.537	0.581977
0.538	0.581977
0.539	0.581977
0.54	0.581977
0.541	0.581977
0.542	0.581977
0.543	0.581977
0.544	0.581977
0.545	0.581977
0.546	0.581977
0.547	0.581977
0.548	0.581977
0.549	0.581977
0.55	0.581977
0.551	0.581977
0.552	0.581977
0.553	0.581977
0.554	0.581977
0.555	0.581977
0.556	0.581977
0.557	0.581977
0.558	0.581977
0.559	0.581977
0.56	0.581977
0.561	0.581977
0.562	0.581977
0.563	0.581977
0.564	0.581977
0.565	0.581977
0.566	0.581977
0.567	0.581977
0.568	0.581977
0.569	0.581977
0.57	0.581977
0.571	0.581977
0.572	0.581977
0.573	0.581977
0.574	0.581977
0.575	0.581977
0.576	0.581977
0.577	0.581977
0.578	0.581977
0.579	0.581977
0.58	0.581977
0.581	0.581977
0.582	0.581977
0.583	0.581977
0.584	0.581977
0.585	0.581977
0.586	0.581977
0.587	0.581977
0.588	0.581977
0.589	0.581977
0.59	0.581977
0.591	0.581977
0.592	0.581977
0.593	0.581977
0.594	0.581977
0.595	0.581977
0.596	0.581977
0.597	0.581977
0.598	0.581977
0.599	0.581977
0.6	0.581977
0.601	0.581977
0.602	0.581977
0.603	0.581977
0.604	0.581977
0.605	0.581977
0.606	0.581977
0.607	0.581977
0.608	0.581977
0.609	0.581977
0.61	0.581977
0.611	0.581977
0.612	0.581977
0.613	0.581977
0.614	0.581977
0.615	0.581977
0.616	0.581977
0.617	0.581977
0.618	0.581977
0.619	0.581977
0.62	0.581977
0.621	0.581977
0.622	0.581977
0.623	0.581977
0.624	0.581977
0.625	0.581977
0.626	0.581977
0.627	0.581977
0.628	0.581977
0.629	0.581977
0.63	0.581977
0.631	0.581977
0.632	0.581977
0.633	0.581977
0.634	0.581977
0.635	0.581977
0.636	0.581977
0.637	0.581977
0.638	0.581977
0.639	0.581977
0.64	0.581977
0.641	0.581977
0.642	0.581977
0.643	0.581977
0.644	0.581977
0.645	0.581977
0.646	0.581977
0.647	0.581977
0.648	0.581977
0.649	0.581977
0.65	0.581977
0.651	0.581977
0.652	0.581977
0.653	0.581977
0.654	0.581977
0.655	0.581977
0.656	0.581977
0.657	0.581977
0.658	0.581977
0.659	0.581977
0.66	0.581977
0.661	0.581977
0.662	0.581977
0.663	0.581977
0.664	0.581977
0.665	0.581977
0.666	0.581977
0.667	0.581977
0.668	0.581977
0.669	0.581977
0.67	0.581977
0.671	0.581977
0.672	0.581977
0.673	0.581977
0.674	0.581977
0.675	0.581977
0.676	0.581977
0.677	0.581977
0.678	0.581977
0.679	0.581977
0.68	0.581977
0.681	0.581977
0.682	0.581977
0.683	0.581977
0.684	0.581977
0.685	0.581977
0.686	0.581977
0.687	0.581977
0.688	0.581977
0.689	0.581977
0.69	0.581977
0.691	0.581977
0.692	0.581977
0.693	0.581977
0.694	0.581977
0.695	0.581977
0.696	0.581977
0.697	0.581977
0.698	0.581977
0.699	0.581977
0.7	0.581977
0.701	0.581977
0.702	0.581977
0.703	0.581977
0.704	0.581977
0.705	0.581977
0.706	0.581977
0.707	0.581977
0.708	0.581977
0.709	0.581977
0.71	0.581977
0.711	0.581977
0.712	0.581977
0.713	0.581977
0.714	0.581977
0.715	0.581977
0.716	0.581977
0.717	0.581977
0.718	0.581977
0.719	0.581977
0.72	0.581977
0.721	0.581977
0.722	0.581977
0.723	0.581977
0.724	0.581977
0.725	0.581977
0.726	0.581977
0.727	0.581977
0.728	0.581977
0.729	0.581977
0.73	0.581977
0.731	0.581977
0.732	0.581977
0.733	0.581977
0.734	0.581977
0.735	0.581977
0.736	0.581977
0.737	0.581977
0.738	0.581977
0.739	0.581977
0.74	0.581977
0.741	0.581977
0.742	0.581977
0.743	0.581977
0.744	0.581977
0.745	0.581977
0.746	0.581977
0.747	0.581977
0.748	0.581977
0.749	0.581977
0.75	0.581977
0.751	0.581977
0.752	0.581977
0.753	0.581977
0.754	0.581977
0.755	0.581977
0.756	0.581977
0.757	0.581977
0.758	0.581977
0.759	0.581977
0.76	0.581977
0.761	0.581977
0.762	0.581977
0.763	0.581977
0.764	0.581977
0.765	0.581977
0.766	0.581977
0.767	0.581977
0.768	0.581977
0.769	0.581977
0.77	0.581977
0.771	0.581977
0.772	0.581977
0.773	0.581977
0.774	0.581977
0.775	0.581977
0.776	0.581977
0.777	0.581977
0.778	0.581977
0.779	0.581977
0.78	0.581977
0.781	0.581977
0.782	0.581977
0.783	0.581977
0.784	0.581977
0.785	0.581977
0.786	0.581977
0.787	0.581977
0.788	0.581977
0.789	0.581977
0.79	0.581977
0.791	0.581977
0.792	0.581977
0.793	0.581977
0.794	0.581977
0.795	0.581977
0.796	0.581977
0.797	0.581977
0.798	0.581977
0.799	0.581977
0.8	0.581977
0.801	0.581977
0.802	0.581977
0.803	0.581977
0.804	0.581977
0.805	0.581977
0.806	0.581977
0.807	0.581977
0.808	0.581977
0.809	0.581977
0.81	0.581977
0.811	0.581977
0.812	0.581977
0.813	0.581977
0.814	0.581977
0.815	0.581977
0.816	0.581977
0.817	0.581977
0.818	0.581977
0.819	0.581977
0.82	0.581977
0.821	0.581977
0.822	0.581977
0.823	0.581977
0.824	0.581977
0.825	0.581977
0.826	0.581977
0.827	0.581977
0.828	0.581977
0.829	0.581977
0.83	0.581977
0.831	0.581977
0.832	0.581977
0.833	0.581977
0.834	0.581977
0.835	0.581977
0.836	0.581977
0.837	0.581977
0.838	0.581977
0.839	0.581977
0.84	0.581977
0.841	0.581977
0.842	0.581977
0.843	0.581977
0.844	0.581977
0.845	0.581977
0.846	0.581977
0.847	0.581977
0.848	0.581977
0.849	0.581977
0.85	0.581977
0.851	0.581977
0.852	0.581977
0.853	0.581977
0.854	0.581977
0.855	0.581977
0.856	0.581977
0.857	0.581977
0.858	0.581977
0.859	0.581977
0.86	0.581977
0.861	0.581977
0.862	0.581977
0.863	0.581977
0.864	0.581977
0.865	0.581977
0.866	0.581977
0.867	0.581977
0.868	0.581977
0.869	0.581977
0.87	0.581977
0.871	0.581977
0.872	0.581977
0.873	0.581977
0.874	0.581977
0.875	0.581977
0.876	0.581977
0.877	0.581977
0.878	0.581977
0.879	0.581977
0.88	0.581977
0.881	0.581977
0.882	0.581977
0.883	0.581977
0.884	0.581977
0.885	0.581977
0.886	0.581977
0.887	0.581977
0.888	0.581977
0.889	0.581977
0.89	0.581977
0.891	0.581977
0.892	0.581977
0.893	0.581977
0.894	0.581977
0.895	0.581977
0.896	0.581977
0.897	0.581977
0.898	0.581977
0.899	0.581977
0.9	0.581977
0.901	0.581977
0.902	0.581977
0.903	0.581977
0.904	0.581977
0.905	0.581977
0.906	0.581977
0.907	0.581977
0.908	0.581977
0.909	0.581977
0.91	0.581977
0.911	0.581977
0.912	0.581977
0.913	0.581977
0.914	0.581977
0.915	0.581977
0.916	0.581977
0.917	0.581977
0.918	0.581977
0.919	0.581977
0.92	0.581977
0.921	0.581977
0.922	0.581977
0.923	0.581977
0.924	0.581977
0.925	0.581977
0.926	0.581977
0.927	0.581977
0.928	0.581977
0.929	0.581977
0.93	0.581977
0.931	0.581977
0.932	0.581977
0.933	0.581977
0.934	0.581977
0.935	0.581977
0.936	0.581977
0.937	0.581977
0.938	0.581977
0.939	0.581977
0.94	0.581977
0.941	0.581977
0.942	0.581977
0.943	0.581977
0.944	0.581977
0.945	0.581977
0.946	0.581977
0.947	0.581977
0.948	0.581977
0.949	0.581977
0.95	0.581977
0.951	0.581977
0.952	0.581977
0.953	0.581977
0.954	0.581977
0.955	0.581977
0.956	0.581977
0.957	0.581977
0.958	0.581977
0.959	0.581977
0.96	0.581977
0.961	0.581977
0.962	0.581977
0.963	0.581977
0.964	0.581977
0.965	0.581977
0.966	0.581977
0.967	0.581977
0.968	0.581977
0.969	0.581977
0.97	0.581977
0.971	0.581977
0.972	0.581977
0.973	0.581977
0.974	0.581977
0.975	0.581977
0.976	0.581977
0.977	0.581977
0.978	0.581977
0.979	0.581977
0.98	0.581977
0.981	0.581977
0.982	0.581977
0.983	0.581977
0.984	0.581977
0.985	0.581977
0.986	0.581977
0.987	0.581977
0.988	0.581977
0.989	0.581977
0.99	0.581977
0.991	0.581977
0.992	0.581977
0.993	0.581977
0.994	0.581977
0.995	0.581977
0.996	0.581977
0.997	0.581977
0.998	0.581977
0.999	0.581977
