# Interpolation data for function: (exp(-x)-1)/(exp(-1)-1)
0	3.35486e-05
0.001	0.00161372
0.002	0.00319232
0.003	0.00476936
0.004	0.00634483
0.005	0.00791875
0.006	0.0094911
0.007	0.0110619
0.008	0.0126311
0.009	0.0141988
0.01	0.0157649
0.011	0.0173295
0.012	0.0188925
0.013	0.020454
0.014	0.0220139
0.015	0.0235723
0.016	0.0251292
0.017	0.0266844
0.018	0.0282382
0.019	0.0297904
0.02	0.0313411
0.021	0.0328902
0.022	0.0344378
0.023	0.0359838
0.024	0.0375284
0.025	0.0390714
0.026	0.0406128
0.027	0.0421527
0.028	0.0436911
0.029	0.045228
0.03	0.0467634
0.031	0.0482972
0.032	0.0498295
0.033	0.0513603
0.034	0.0528895
0.035	0.0544173
0.036	0.0559435
0.037	0.0574682
0.038	0.0589914
0.039	0.0605131
0.04	0.0620333
0.041	0.0635519
0.042	0.0650691
0.043	0.0665848
0.044	0.0680989
0.045	0.0696115
0.046	0.0711227
0.047	0.0726323
0.048	0.0741404
0.049	0.0756471
0.05	0.0771522
0.051	0.0786559
0.052	0.080158
0.053	0.0816587
0.054	0.0831578
0.055	0.0846555
0.056	0.0861517
0.057	0.0876464
0.058	0.0891396
0.059	0.0906314
0.06	0.0921216
0.061	0.0936104
0.062	0.0950977
0.063	0.0965835
0.064	0.0980678
0.065	0.0995507
0.066	0.101032
0.067	0.102512
0.068	0.10399
0.069	0.105467
0.07	0.106943
0.071	0.108417
0.072	0.109889
0.073	0.111361
0.074	0.11283
0.075	0.114298
0.076	0.115765
0.077	0.11723
0.078	0.118694
0.079	0.120156
0.08	0.121617
0.081	0.123077
0.082	0.124535
0.083	0.125991
0.084	0.127446
0.085	0.1289
0.086	0.130352
0.087	0.131803
0.088	0.133252
0.089	0.1347
0.09	0.136146
0.091	0.137591
0.092	0.139035
0.093	0.140477
0.094	0.141918
0.095	0.143357
0.096	0.144795
0.097	0.146231
0.098	0.147666
0.099	0.1491
0.1	0.150532
0.101	0.151962
0.102	0.153391
0.103	0.154819
0.104	0.156246
0.105	0.157671
0.106	0.159094
0.107	0.160516
0.108	0.161937
0.109	0.163356
0.11	0.164774
0.111	0.166191
0.112	0.167606
0.113	0.169019
0.114	0.170431
0.115	0.171842
0.116	0.173252
0.117	0.17466
0.118	0.176066
0.119	0.177472
0.12	0.178875
0.121	0.180278
0.122	0.181679
0.123	0.183078
0.124	0.184477
0.125	0.185873
0.126	0.187269
0.127	0.188663
0.128	0.190056
0.129	0.191447
0.13	0.192837
0.131	0.194225
0.132	0.195612
0.133	0.196998
0.134	0.198382
0.135	0.199765
0.136	0.201147
0.137	0.202527
0.138	0.203906
0.139	0.205283
0.14	0.206659
0.141	0.208034
0.142	0.209407
0.143	0.210779
0.144	0.21215
0.145	0.213519
0.146	0.214887
0.147	0.216254
0.148	0.217619
0.149	0.218982
0.15	0.220345
0.151	0.221706
0.152	0.223066
0.153	0.224424
0.154	0.225781
0.155	0.227137
0.156	0.228491
0.157	0.229844
0.158	0.231195
0.159	0.232546
0.16	0.233894
0.161	0.235242
0.162	0.236588
0.163	0.237933
0.164	0.239276
0.165	0.240619
0.166	0.241959
0.167	0.243299
0.168	0.244637
0.169	0.245974
0.17	0.247309
0.171	0.248643
0.172	0.249976
0.173	0.251308
0.174	0.252638
0.175	0.253967
0.176	0.255294
0.177	0.25662
0.178	0.257945
0.179	0.259269
0.18	0.260591
0.181	0.261912
0.182	0.263231
0.183	0.26455
0.184	0.265866
0.185	0.267182
0.186	0.268496
0.187	0.269809
0.188	0.271121
0.189	0.272431
0.19	0.27374
0.191	0.275048
0.192	0.276355
0.193	0.27766
0.194	0.278963
0.195	0.280266
0.196	0.281567
0.197	0.282867
0.198	0.284166
0.199	0.285463
0.2	0.286759
0.201	0.288054
0.202	0.289347
0.203	0.290639
0.204	0.29193
0.205	0.29322
0.206	0.294508
0.207	0.295795
0.208	0.297081
0.209	0.298365
0.21	0.299648
0.211	0.30093
0.212	0.302211
0.213	0.30349
0.214	0.304768
0.215	0.306045
0.216	0.30732
0.217	0.308594
0.218	0.309867
0.219	0.311139
0.22	0.312409
0.221	0.313678
0.222	0.314946
0.223	0.316213
0.224	0.317478
0.225	0.318742
0.226	0.320005
0.227	0.321266
0.228	0.322527
0.229	0.323786
0.23	0.325043
0.231	0.3263
0.232	0.327555
0.233	0.328809
0.234	0.330062
0.235	0.331313
0.236	0.332563
0.237	0.333812
0.238	0.33506
0.239	0.336306
0.24	0.337552
0.241	0.338796
0.242	0.340038
0.243	0.34128
0.244	0.34252
0.245	0.343759
0.246	0.344997
0.247	0.346233
0.248	0.347469
0.249	0.348703
0.25	0.349935
0.251	0.351167
0.252	0.352397
0.253	0.353626
0.254	0.354854
0.255	0.356081
0.256	0.357306
0.257	0.358531
0.258	0.359754
0.259	0.360975
0.26	0.362196
0.261	0.363415
0.262	0.364633
0.263	0.36585
0.264	0.367066
0.265	0.36828
0.266	0.369493
0.267	0.370705
0.268	0.371916
0.269	0.373126
0.27	0.374334
0.271	0.375541
0.272	0.376747
0.273	0.377952
0.274	0.379156
0.275	0.380358
0.276	0.381559
0.277	0.382759
0.278	0.383958
0.279	0.385155
0.28	0.386352
0.281	0.387547
0.282	0.388741
0.283	0.389933
0.284	0.391125
0.285	0.392315
0.286	0.393505
0.287	0.394693
0.288	0.395879
0.289	0.397065
0.29	0.398249
0.291	0.399433
0.292	0.400615
0.293	0.401796
0.294	0.402975
0.295	0.404154
0.296	0.405331
0.297	0.406507
0.298	0.407682
0.299	0.408856
0.3	0.410029
0.301	0.4112
0.302	0.41237
0.303	0.413539
0.304	0.414707
0.305	0.415874
0.306	0.41704
0.307	0.418204
0.308	0.419367
0.309	0.42053
0.31	0.421691
0.311	0.42285
0.312	0.424009
0.313	0.425166
0.314	0.426323
0.315	0.427478
0.316	0.428632
0.317	0.429785
0.318	0.430936
0.319	0.432087
0.32	0.433236
0.321	0.434384
0.322	0.435532
0.323	0.436677
0.324	0.437822
0.325	0.438966
0.326	0.440108
0.327	0.44125
0.328	0.44239
0.329	0.443529
0.33	0.444667
0.331	0.445804
0.332	0.446939
0.333	0.448074
0.334	0.449207
0.335	0.45034
0.336	0.451471
0.337	0.452601
0.338	0.453729
0.339	0.454857
0.34	0.455984
0.341	0.457109
0.342	0.458234
0.343	0.459357
0.344	0.460479
0.345	0.4616
0.346	0.46272
0.347	0.463838
0.348	0.464956
0.349	0.466072
0.35	0.467188
0.351	0.468302
0.352	0.469415
0.353	0.470527
0.354	0.471638
0.355	0.472748
0.356	0.473857
0.357	0.474964
0.358	0.476071
0.359	0.477176
0.36	0.47828
0.361	0.479383
0.362	0.480485
0.363	0.481586
0.364	0.482686
0.365	0.483785
0.366	0.484883
0.367	0.485979
0.368	0.487075
0.369	0.488169
0.37	0.489262
0.371	0.490354
0.372	0.491445
0.373	0.492535
0.374	0.493624
0.375	0.494712
0.376	0.495799
0.377	0.496884
0.378	0.497969
0.379	0.499052
0.38	0.500135
0.381	0.501216
0.382	0.502296
0.383	0.503375
0.384	0.504453
0.385	0.50553
0.386	0.506606
0.387	0.507681
0.388	0.508755
0.389	0.509827
0.39	0.510899
0.391	0.511969
0.392	0.513039
0.393	0.514107
0.394	0.515174
0.395	0.516241
0.396	0.517306
0.397	0.51837
0.398	0.519433
0.399	0.520495
0.4	0.521556
0.401	0.522616
0.402	0.523674
0.403	0.524732
0.404	0.525789
0.405	0.526844
0.406	0.527899
0.407	0.528952
0.408	0.530005
0.409	0.531056
0.41	0.532107
0.411	0.533156
0.412	0.534204
0.413	0.535251
0.414	0.536297
0.415	0.537342
0.416	0.538386
0.417	0.539429
0.418	0.540471
0.419	0.541512
0.42	0.542552
0.421	0.543591
0.422	0.544629
0.423	0.545666
0.424	0.546701
0.425	0.547736
0.426	0.54877
0.427	0.549802
0.428	0.550834
0.429	0.551864
0.43	0.552894
0.431	0.553922
0.432	0.55495
0.433	0.555976
0.434	0.557002
0.435	0.558026
0.436	0.559049
0.437	0.560072
0.438	0.561093
0.439	0.562113
0.44	0.563132
0.441	0.564151
0.442	0.565168
0.443	0.566184
0.444	0.567199
0.445	0.568214
0.446	0.569227
0.447	0.570239
0.448	0.57125
0.449	0.57226
0.45	0.573269
0.451	0.574277
0.452	0.575284
0.453	0.57629
0.454	0.577296
0.455	0.5783
0.456	0.579303
0.457	0.580305
0.458	0.581306
0.459	0.582306
0.46	0.583305
0.461	0.584303
0.462	0.5853
0.463	0.586296
0.464	0.587291
0.465	0.588285
0.466	0.589278
0.467	0.59027
0.468	0.591262
0.469	0.592252
0.47	0.593241
0.471	0.594229
0.472	0.595216
0.473	0.596202
0.474	0.597187
0.475	0.598172
0.476	0.599155
0.477	0.600137
0.478	0.601118
0.479	0.602098
0.48	0.603078
0.481	0.604056
0.482	0.605033
0.483	0.60601
0.484	0.606985
0.485	0.607959
0.486	0.608933
0.487	0.609905
0.488	0.610877
0.489	0.611847
0.49	0.612817
0.491	0.613785
0.492	0.614753
0.493	0.61572
0.494	0.616685
0.495	0.61765
0.496	0.618614
0.497	0.619576
0.498	0.620538
0.499	0.621499
0.5	0.622459
0.501	0.623418
0.502	0.624376
0.503	0.625333
0.504	0.626289
0.505	0.627244
0.506	0.628198
0.507	0.629151
0.508	0.630103
0.509	0.631055
0.51	0.632005
0.511	0.632954
0.512	0.633903
0.513	0.63485
0.514	0.635797
0.515	0.636742
0.516	0.637687
0.517	0.638631
0.518	0.639574
0.519	0.640515
0.52	0.641456
0.521	0.642396
0.522	0.643335
0.523	0.644273
0.524	0.64521
0.525	0.646147
0.526	0.647082
0.527	0.648016
0.528	0.648949
0.529	0.649882
0.53	0.650813
0.531	0.651744
0.532	0.652674
0.533	0.653602
0.534	0.65453
0.535	0.655457
0.536	0.656383
0.537	0.657308
0.538	0.658232
0.539	0.659155
0.54	0.660077
0.541	0.660999
0.542	0.661919
0.543	0.662839
0.544	0.663757
0.545	0.664675
0.546	0.665592
0.547	0.666507
0.548	0.667422
0.549	0.668336
0.55	0.669249
0.551	0.670162
0.552	0.671073
0.553	0.671983
0.554	0.672893
0.555	0.673801
0.556	0.674709
0.557	0.675616
0.558	0.676521
0.559	0.677426
0.56	0.67833
0.561	0.679233
0.562	0.680136
0.563	0.681037
0.564	0.681937
0.565	0.682837
0.566	0.683735
0.567	0.684633
0.568	0.68553
0.569	0.686426
0.57	0.687321
0.571	0.688215
0.572	0.689108
0.573	0.69
0.574	0.690892
0.575	0.691782
0.576	0.692672
0.577	0.693561
0.578	0.694449
0.579	0.695336
0.58	0.696222
0.581	0.697107
0.582	0.697991
0.583	0.698875
0.584	0.699757
0.585	0.700639
0.586	0.70152
0.587	0.7024
0.588	0.703279
0.589	0.704157
0.59	0.705034
0.591	0.705911
0.592	0.706786
0.593	0.707661
0.594	0.708535
0.595	0.709408
0.596	0.71028
0.597	0.711151
0.598	0.712021
0.599	0.712891
0.6	0.71376
0.601	0.714627
0.602	0.715494
0.603	0.71636
0.604	0.717225
0.605	0.718089
0.606	0.718953
0.607	0.719815
0.608	0.720677
0.609	0.721538
0.61	0.722398
0.611	0.723257
0.612	0.724115
0.613	0.724973
0.614	0.725829
0.615	0.726685
0.616	0.72754
0.617	0.728394
0.618	0.729247
0.619	0.730099
0.62	0.73095
0.621	0.731801
0.622	0.732651
0.623	0.7335
0.624	0.734348
0.625	0.735195
0.626	0.736041
0.627	0.736887
0.628	0.737731
0.629	0.738575
0.63	0.739418
0.631	0.74026
0.632	0.741101
0.633	0.741942
0.634	0.742781
0.635	0.74362
0.636	0.744458
0.637	0.745295
0.638	0.746131
0.639	0.746967
0.64	0.747801
0.641	0.748635
0.642	0.749468
0.643	0.7503
0.644	0.751131
0.645	0.751962
0.646	0.752791
0.647	0.75362
0.648	0.754448
0.649	0.755275
0.65	0.756102
0.651	0.756927
0.652	0.757752
0.653	0.758576
0.654	0.759399
0.655	0.760221
0.656	0.761042
0.657	0.761863
0.658	0.762682
0.659	0.763501
0.66	0.764319
0.661	0.765137
0.662	0.765953
0.663	0.766769
0.664	0.767583
0.665	0.768398
0.666	0.769211
0.667	0.770023
0.668	0.770835
0.669	0.771645
0.67	0.772455
0.671	0.773265
0.672	0.774073
0.673	0.77488
0.674	0.775687
0.675	0.776493
0.676	0.777298
0.677	0.778103
0.678	0.778906
0.679	0.779709
0.68	0.780511
0.681	0.781312
0.682	0.782112
0.683	0.782912
0.684	0.78371
0.685	0.784508
0.686	0.785305
0.687	0.786102
0.688	0.786897
0.689	0.787692
0.69	0.788486
0.691	0.789279
0.692	0.790072
0.693	0.790863
0.694	0.791654
0.695	0.792444
0.696	0.793233
0.697	0.794022
0.698	0.794809
0.699	0.795596
0.7	0.796382
0.701	0.797167
0.702	0.797952
0.703	0.798736
0.704	0.799519
0.705	0.800301
0.706	0.801082
0.707	0.801863
0.708	0.802642
0.709	0.803421
0.71	0.8042
0.711	0.804977
0.712	0.805754
0.713	0.80653
0.714	0.807305
0.715	0.808079
0.716	0.808853
0.717	0.809626
0.718	0.810398
0.719	0.811169
0.72	0.81194
0.721	0.812709
0.722	0.813478
0.723	0.814247
0.724	0.815014
0.725	0.815781
0.726	0.816547
0.727	0.817312
0.728	0.818076
0.729	0.81884
0.73	0.819603
0.731	0.820365
0.732	0.821126
0.733	0.821887
0.734	0.822647
0.735	0.823406
0.736	0.824164
0.737	0.824922
0.738	0.825678
0.739	0.826435
0.74	0.82719
0.741	0.827944
0.742	0.828698
0.743	0.829451
0.744	0.830203
0.745	0.830955
0.746	0.831706
0.747	0.832456
0.748	0.833205
0.749	0.833954
0.75	0.834701
0.751	0.835448
0.752	0.836195
0.753	0.83694
0.754	0.837685
0.755	0.838429
0.756	0.839172
0.757	0.839915
0.758	0.840657
0.759	0.841398
0.76	0.842138
0.761	0.842878
0.762	0.843617
0.763	0.844355
0.764	0.845092
0.765	0.845829
0.766	0.846565
0.767	0.8473
0.768	0.848035
0.769	0.848768
0.77	0.849501
0.771	0.850234
0.772	0.850965
0.773	0.851696
0.774	0.852426
0.775	0.853155
0.776	0.853884
0.777	0.854612
0.778	0.855339
0.779	0.856065
0.78	0.856791
0.781	0.857516
0.782	0.85824
0.783	0.858964
0.784	0.859687
0.785	0.860409
0.786	0.86113
0.787	0.861851
0.788	0.862571
0.789	0.86329
0.79	0.864008
0.791	0.864726
0.792	0.865443
0.793	0.86616
0.794	0.866875
0.795	0.86759
0.796	0.868304
0.797	0.869018
0.798	0.86973
0.799	0.870443
0.8	0.871154
0.801	0.871864
0.802	0.872574
0.803	0.873284
0.804	0.873992
0.805	0.8747
0.806	0.875407
0.807	0.876113
0.808	0.876819
0.809	0.877524
0.81	0.878228
0.811	0.878932
0.812	0.879635
0.813	0.880337
0.814	0.881038
0.815	0.881739
0.816	0.882439
0.817	0.883138
0.818	0.883837
0.819	0.884535
0.82	0.885232
0.821	0.885929
0.822	0.886625
0.823	0.88732
0.824	0.888014
0.825	0.888708
0.826	0.889401
0.827	0.890093
0.828	0.890785
0.829	0.891476
0.83	0.892166
0.831	0.892856
0.832	0.893545
0.833	0.894233
0.834	0.89492
0.835	0.895607
0.836	0.896293
0.837	0.896979
0.838	0.897664
0.839	0.898348
0.84	0.899031
0.841	0.899714
0.842	0.900396
0.843	0.901077
0.844	0.901758
0.845	0.902438
0.846	0.903117
0.847	0.903796
0.848	0.904474
0.849	0.905151
0.85	0.905828
0.851	0.906504
0.852	0.907179
0.853	0.907853
0.854	0.908527
0.855	0.909201
0.856	0.909873
0.857	0.910545
0.858	0.911216
0.859	0.911887
0.86	0.912556
0.861	0.913226
0.862	0.913894
0.863	0.914562
0.864	0.915229
0.865	0.915896
0.866	0.916561
0.867	0.917226
0.868	0.917891
0.869	0.918555
0.87	0.919218
0.871	0.91988
0.872	0.920542
0.873	0.921203
0.874	0.921864
0.875	0.922524
0.876	0.923183
0.877	0.923841
0.878	0.924499
0.879	0.925156
0.88	0.925813
0.881	0.926469
0.882	0.927124
0.883	0.927778
0.884	0.928432
0.885	0.929085
0.886	0.929738
0.887	0.93039
0.888	0.931041
0.889	0.931692
0.89	0.932342
0.891	0.932991
0.892	0.93364
0.893	0.934288
0.894	0.934935
0.895	0.935582
0.896	0.936228
0.897	0.936873
0.898	0.937518
0.899	0.938162
0.9	0.938805
0.901	0.939448
0.902	0.94009
0.903	0.940732
0.904	0.941372
0.905	0.942013
0.906	0.942652
0.907	0.943291
0.908	0.943929
0.909	0.944567
0.91	0.945204
0.911	0.94584
0.912	0.946476
0.913	0.947111
0.914	0.947745
0.915	0.948379
0.916	0.949012
0.917	0.949645
0.918	0.950277
0.919	0.950908
0.92	0.951538
0.921	0.952168
0.922	0.952798
0.923	0.953426
0.924	0.954054
0.925	0.954682
0.926	0.955309
0.927	0.955935
0.928	0.95656
0.929	0.957185
0.93	0.957809
0.931	0.958433
0.932	0.959056
0.933	0.959678
0.934	0.9603
0.935	0.960921
0.936	0.961542
0.937	0.962161
0.938	0.962781
0.939	0.963399
0.94	0.964017
0.941	0.964634
0.942	0.965251
0.943	0.965867
0.944	0.966483
0.945	0.967098
0.946	0.967712
0.947	0.968325
0.948	0.968938
0.949	0.969551
0.95	0.970162
0.951	0.970774
0.952	0.971384
0.953	0.971994
0.954	0.972603
0.955	0.973212
0.956	0.97382
0.957	0.974427
0.958	0.975034
0.959	0.97564
0.96	0.976246
0.961	0.976851
0.962	0.977455
0.963	0.978059
0.964	0.978662
0.965	0.979264
0.966	0.979866
0.967	0.980467
0.968	0.981068
0.969	0.981668
0.97	0.982267
0.971	0.982866
0.972	0.983465
0.973	0.984062
0.974	0.984659
0.975	0.985256
0.976	0.985851
0.977	0.986446
0.978	0.987041
0.979	0.987635
0.98	0.988228
0.981	0.988821
0.982	0.989413
0.983	0.990005
0.984	0.990596
0.985	0.991186
0.986	0.991776
0.987	0.992365
0.988	0.992954
0.989	0.993541
0.99	0.994129
0.991	0.994716
0.992	0.995302
0.993	0.995887
0.994	0.996472
0.995	0.997057
0.996	0.99764
0.997	0.998223
0.998	0.998806
0.999	0.999388
