#Function: (exp(10*(abs(2*x-1)))-1)/(exp(10)-1)
0	0.200011
1	0.200011
2	0.115566
3	0.115566
4	0.0445109
5	0.0445109
6	0.0118956
7	0.0118956
8	0.00230031
9	0.00230031
10	0.000330365
11	0.000330365
12	3.89037e-05
13	3.89037e-05
14	3.58647e-06
15	3.58647e-06
16	3.13696e-06
17	3.13696e-06
18	2.72823e-06
19	2.72823e-06
20	2.48353e-06
21	2.48353e-06
22	2.27043e-06
23	2.27043e-06
24	1.40118e-06
25	4.39915e-07
26	2.58148e-07
27	7.63821e-08
28	4.44012e-08
29	1.24202e-08
30	7.15945e-09
31	1.89872e-09
32	1.08628e-09
33	2.73837e-10
34	1.55606e-10
35	3.73741e-11
36	2.11074e-11
37	4.84073e-12
38	2.71862e-12
39	5.96512e-13
40	3.33419e-13
41	7.02804e-14
42	4.01538e-14
43	9.7725e-15
44	7.98467e-15
45	6.35569e-15
46	6.34616e-15
47	6.81367e-15
48	7.30343e-15
49	7.30531e-15
