# Interpolation data for function: (exp(10*(abs(2*x-1)))-1)/(exp(10)-1)
0	1
0.001	0.980199
0.002	0.960788
0.003	0.941762
0.004	0.923112
0.005	0.904832
0.006	0.886914
0.007	0.869351
0.008	0.852136
0.009	0.835262
0.01	0.818722
0.011	0.802509
0.012	0.786618
0.013	0.771041
0.014	0.755773
0.015	0.740807
0.016	0.726137
0.017	0.711758
0.018	0.697663
0.019	0.683848
0.02	0.670306
0.021	0.657032
0.022	0.644021
0.023	0.631268
0.024	0.618767
0.025	0.606514
0.026	0.594503
0.027	0.58273
0.028	0.57119
0.029	0.559879
0.03	0.548792
0.031	0.537924
0.032	0.527271
0.033	0.516829
0.034	0.506595
0.035	0.496562
0.036	0.486729
0.037	0.47709
0.038	0.467642
0.039	0.458381
0.04	0.449303
0.041	0.440405
0.042	0.431684
0.043	0.423135
0.044	0.414755
0.045	0.406542
0.046	0.398491
0.047	0.390599
0.048	0.382864
0.049	0.375282
0.05	0.36785
0.051	0.360565
0.052	0.353425
0.053	0.346425
0.054	0.339565
0.055	0.33284
0.056	0.326249
0.057	0.319788
0.058	0.313455
0.059	0.307247
0.06	0.301162
0.061	0.295198
0.062	0.289352
0.063	0.283622
0.064	0.278005
0.065	0.272499
0.066	0.267102
0.067	0.261813
0.068	0.256628
0.069	0.251545
0.07	0.246563
0.071	0.24168
0.072	0.236894
0.073	0.232202
0.074	0.227603
0.075	0.223096
0.076	0.218677
0.077	0.214346
0.078	0.210101
0.079	0.20594
0.08	0.201861
0.081	0.197863
0.082	0.193944
0.083	0.190103
0.084	0.186338
0.085	0.182647
0.086	0.17903
0.087	0.175484
0.088	0.172008
0.089	0.168601
0.09	0.165261
0.091	0.161988
0.092	0.15878
0.093	0.155635
0.094	0.152552
0.095	0.14953
0.096	0.146568
0.097	0.143665
0.098	0.140819
0.099	0.13803
0.1	0.135296
0.101	0.132616
0.102	0.129989
0.103	0.127414
0.104	0.12489
0.105	0.122416
0.106	0.119991
0.107	0.117614
0.108	0.115284
0.109	0.113001
0.11	0.110762
0.111	0.108568
0.112	0.106417
0.113	0.104309
0.114	0.102243
0.115	0.100217
0.116	0.0982318
0.117	0.0962857
0.118	0.0943782
0.119	0.0925085
0.12	0.0906758
0.121	0.0888794
0.122	0.0871186
0.123	0.0853926
0.124	0.0837008
0.125	0.0820426
0.126	0.0804171
0.127	0.0788239
0.128	0.0772622
0.129	0.0757314
0.13	0.074231
0.131	0.0727603
0.132	0.0713187
0.133	0.0699056
0.134	0.0685205
0.135	0.0671629
0.136	0.0658321
0.137	0.0645277
0.138	0.0632491
0.139	0.0619959
0.14	0.0607674
0.141	0.0595633
0.142	0.058383
0.143	0.0572261
0.144	0.0560922
0.145	0.0549806
0.146	0.0538911
0.147	0.0528231
0.148	0.0517763
0.149	0.0507503
0.15	0.0497445
0.151	0.0487586
0.152	0.0477923
0.153	0.0468451
0.154	0.0459167
0.155	0.0450066
0.156	0.0441146
0.157	0.0432402
0.158	0.0423831
0.159	0.041543
0.16	0.0407195
0.161	0.0399124
0.162	0.0391212
0.163	0.0383457
0.164	0.0375855
0.165	0.0368404
0.166	0.03611
0.167	0.0353941
0.168	0.0346923
0.169	0.0340045
0.17	0.0333302
0.171	0.0326693
0.172	0.0320215
0.173	0.0313866
0.174	0.0307642
0.175	0.0301541
0.176	0.029556
0.177	0.0289699
0.178	0.0283953
0.179	0.0278321
0.18	0.0272801
0.181	0.0267389
0.182	0.0262085
0.183	0.0256886
0.184	0.025179
0.185	0.0246795
0.186	0.0241898
0.187	0.0237099
0.188	0.0232395
0.189	0.0227783
0.19	0.0223263
0.191	0.0218833
0.192	0.021449
0.193	0.0210233
0.194	0.0206061
0.195	0.0201971
0.196	0.0197962
0.197	0.0194032
0.198	0.0190181
0.199	0.0186405
0.2	0.0182705
0.201	0.0179077
0.202	0.0175522
0.203	0.0172037
0.204	0.0168621
0.205	0.0165272
0.206	0.016199
0.207	0.0158773
0.208	0.015562
0.209	0.0152529
0.21	0.0149499
0.211	0.0146529
0.212	0.0143619
0.213	0.0140765
0.214	0.0137969
0.215	0.0135228
0.216	0.0132541
0.217	0.0129907
0.218	0.0127325
0.219	0.0124795
0.22	0.0122315
0.221	0.0119884
0.222	0.0117501
0.223	0.0115165
0.224	0.0112876
0.225	0.0110632
0.226	0.0108432
0.227	0.0106276
0.228	0.0104163
0.229	0.0102092
0.23	0.0100062
0.231	0.00980716
0.232	0.00961209
0.233	0.0094209
0.234	0.00923349
0.235	0.0090498
0.236	0.00886974
0.237	0.00869326
0.238	0.00852027
0.239	0.00835071
0.24	0.00818451
0.241	0.0080216
0.242	0.00786192
0.243	0.0077054
0.244	0.00755199
0.245	0.00740161
0.246	0.00725421
0.247	0.00710974
0.248	0.00696812
0.249	0.00682931
0.25	0.00669325
0.251	0.00655988
0.252	0.00642915
0.253	0.00630101
0.254	0.00617541
0.255	0.0060523
0.256	0.00593162
0.257	0.00581333
0.258	0.00569739
0.259	0.00558373
0.26	0.00547233
0.261	0.00536313
0.262	0.00525609
0.263	0.00515117
0.264	0.00504833
0.265	0.00494751
0.266	0.0048487
0.267	0.00475183
0.268	0.00465689
0.269	0.00456382
0.27	0.00447258
0.271	0.00438316
0.272	0.0042955
0.273	0.00420957
0.274	0.00412534
0.275	0.00404278
0.276	0.00396184
0.277	0.00388251
0.278	0.00380474
0.279	0.00372851
0.28	0.00365379
0.281	0.00358054
0.282	0.00350873
0.283	0.00343835
0.284	0.00336936
0.285	0.00330172
0.286	0.00323543
0.287	0.00317044
0.288	0.00310673
0.289	0.00304429
0.29	0.00298307
0.291	0.00292307
0.292	0.00286425
0.293	0.00280659
0.294	0.00275007
0.295	0.00269466
0.296	0.00264035
0.297	0.00258711
0.298	0.00253493
0.299	0.00248377
0.3	0.00243363
0.301	0.00238447
0.302	0.00233629
0.303	0.00228906
0.304	0.00224276
0.305	0.00219737
0.306	0.00215289
0.307	0.00210928
0.308	0.00206654
0.309	0.00202464
0.31	0.00198357
0.311	0.00194331
0.312	0.00190385
0.313	0.00186517
0.314	0.00182726
0.315	0.0017901
0.316	0.00175367
0.317	0.00171797
0.318	0.00168297
0.319	0.00164867
0.32	0.00161505
0.321	0.0015821
0.322	0.0015498
0.323	0.00151814
0.324	0.00148711
0.325	0.0014567
0.326	0.00142689
0.327	0.00139768
0.328	0.00136904
0.329	0.00134098
0.33	0.00131348
0.331	0.00128652
0.332	0.0012601
0.333	0.00123421
0.334	0.00120883
0.335	0.00118397
0.336	0.00115959
0.337	0.00113571
0.338	0.0011123
0.339	0.00108936
0.34	0.00106688
0.341	0.00104484
0.342	0.00102325
0.343	0.00100209
0.344	0.000981358
0.345	0.000961038
0.346	0.000941125
0.347	0.000921611
0.348	0.000902488
0.349	0.000883749
0.35	0.000865385
0.351	0.00084739
0.352	0.000829756
0.353	0.000812476
0.354	0.000795542
0.355	0.000778948
0.356	0.000762688
0.357	0.000746753
0.358	0.000731138
0.359	0.000715836
0.36	0.000700842
0.361	0.000686148
0.362	0.000671748
0.363	0.000657637
0.364	0.000643809
0.365	0.000630258
0.366	0.000616978
0.367	0.000603963
0.368	0.000591209
0.369	0.00057871
0.37	0.00056646
0.371	0.000554454
0.372	0.000542688
0.373	0.000531156
0.374	0.000519853
0.375	0.000508775
0.376	0.000497917
0.377	0.000487275
0.378	0.000476842
0.379	0.000466617
0.38	0.000456593
0.381	0.000446766
0.382	0.000437134
0.383	0.00042769
0.384	0.000418432
0.385	0.000409355
0.386	0.000400455
0.387	0.000391729
0.388	0.000383173
0.389	0.000374783
0.39	0.000366556
0.391	0.000358488
0.392	0.000350575
0.393	0.000342815
0.394	0.000335204
0.395	0.000327739
0.396	0.000320417
0.397	0.000313234
0.398	0.000306188
0.399	0.000299276
0.4	0.000292494
0.401	0.000285841
0.402	0.000279313
0.403	0.000272907
0.404	0.000266621
0.405	0.000260453
0.406	0.0002544
0.407	0.000248459
0.408	0.000242629
0.409	0.000236906
0.41	0.000231289
0.411	0.000225775
0.412	0.000220363
0.413	0.00021505
0.414	0.000209834
0.415	0.000204713
0.416	0.000199686
0.417	0.00019475
0.418	0.000189905
0.419	0.000185147
0.42	0.000180475
0.421	0.000175888
0.422	0.000171384
0.423	0.000166962
0.424	0.00016262
0.425	0.000158357
0.426	0.000154171
0.427	0.000150061
0.428	0.000146025
0.429	0.000142063
0.43	0.000138173
0.431	0.000134354
0.432	0.000130606
0.433	0.000126926
0.434	0.000123314
0.435	0.000119769
0.436	0.00011629
0.437	0.000112876
0.438	0.000109526
0.439	0.000106239
0.44	0.000103015
0.441	9.98534e-05
0.442	9.67524e-05
0.443	9.37118e-05
0.444	9.0731e-05
0.445	8.78093e-05
0.446	8.49462e-05
0.447	8.21411e-05
0.448	7.93934e-05
0.449	7.67028e-05
0.45	7.40687e-05
0.451	7.14906e-05
0.452	6.89682e-05
0.453	6.6501e-05
0.454	6.40887e-05
0.455	6.1731e-05
0.456	5.94276e-05
0.457	5.7178e-05
0.458	5.49822e-05
0.459	5.28397e-05
0.46	5.07504e-05
0.461	4.87141e-05
0.462	4.67305e-05
0.463	4.47995e-05
0.464	4.29209e-05
0.465	4.10945e-05
0.466	3.93202e-05
0.467	3.7598e-05
0.468	3.59276e-05
0.469	3.4309e-05
0.47	3.27421e-05
0.471	3.12268e-05
0.472	2.97631e-05
0.473	2.83508e-05
0.474	2.699e-05
0.475	2.56806e-05
0.476	2.44226e-05
0.477	2.32159e-05
0.478	2.20605e-05
0.479	2.09564e-05
0.48	1.99037e-05
0.481	1.89022e-05
0.482	1.7952e-05
0.483	1.70531e-05
0.484	1.62055e-05
0.485	1.54092e-05
0.486	1.46642e-05
0.487	1.39705e-05
0.488	1.33281e-05
0.489	1.27371e-05
0.49	1.21974e-05
0.491	1.1709e-05
0.492	1.12721e-05
0.493	1.08865e-05
0.494	1.05523e-05
0.495	1.02695e-05
0.496	1.00381e-05
0.497	9.85813e-06
0.498	9.72957e-06
0.499	9.65243e-06
0.5	9.62672e-06
0.501	9.65243e-06
0.502	9.72957e-06
0.503	9.85813e-06
0.504	1.00381e-05
0.505	1.02695e-05
0.506	1.05523e-05
0.507	1.08865e-05
0.508	1.12721e-05
0.509	1.1709e-05
0.51	1.21974e-05
0.511	1.27371e-05
0.512	1.33281e-05
0.513	1.39705e-05
0.514	1.46642e-05
0.515	1.54092e-05
0.516	1.62055e-05
0.517	1.70531e-05
0.518	1.7952e-05
0.519	1.89022e-05
0.52	1.99037e-05
0.521	2.09564e-05
0.522	2.20605e-05
0.523	2.32159e-05
0.524	2.44226e-05
0.525	2.56806e-05
0.526	2.699e-05
0.527	2.83508e-05
0.528	2.97631e-05
0.529	3.12268e-05
0.53	3.27421e-05
0.531	3.4309e-05
0.532	3.59276e-05
0.533	3.7598e-05
0.534	3.93202e-05
0.535	4.10945e-05
0.536	4.29209e-05
0.537	4.47995e-05
0.538	4.67305e-05
0.539	4.87141e-05
0.54	5.07504e-05
0.541	5.28397e-05
0.542	5.49822e-05
0.543	5.7178e-05
0.544	5.94276e-05
0.545	6.1731e-05
0.546	6.40887e-05
0.547	6.6501e-05
0.548	6.89682e-05
0.549	7.14906e-05
0.55	7.40687e-05
0.551	7.67028e-05
0.552	7.93934e-05
0.553	8.21411e-05
0.554	8.49462e-05
0.555	8.78093e-05
0.556	9.0731e-05
0.557	9.37118e-05
0.558	9.67524e-05
0.559	9.98534e-05
0.56	0.000103015
0.561	0.000106239
0.562	0.000109526
0.563	0.000112876
0.564	0.00011629
0.565	0.000119769
0.566	0.000123314
0.567	0.000126926
0.568	0.000130606
0.569	0.000134354
0.57	0.000138173
0.571	0.000142063
0.572	0.000146025
0.573	0.000150061
0.574	0.000154171
0.575	0.000158357
0.576	0.00016262
0.577	0.000166962
0.578	0.000171384
0.579	0.000175888
0.58	0.000180475
0.581	0.000185147
0.582	0.000189905
0.583	0.00019475
0.584	0.000199686
0.585	0.000204713
0.586	0.000209834
0.587	0.00021505
0.588	0.000220363
0.589	0.000225775
0.59	0.000231289
0.591	0.000236906
0.592	0.000242629
0.593	0.000248459
0.594	0.0002544
0.595	0.000260453
0.596	0.000266621
0.597	0.000272907
0.598	0.000279313
0.599	0.000285841
0.6	0.000292494
0.601	0.000299276
0.602	0.000306188
0.603	0.000313234
0.604	0.000320417
0.605	0.000327739
0.606	0.000335204
0.607	0.000342815
0.608	0.000350575
0.609	0.000358488
0.61	0.000366556
0.611	0.000374783
0.612	0.000383173
0.613	0.000391729
0.614	0.000400455
0.615	0.000409355
0.616	0.000418432
0.617	0.00042769
0.618	0.000437134
0.619	0.000446766
0.62	0.000456593
0.621	0.000466617
0.622	0.000476842
0.623	0.000487275
0.624	0.000497917
0.625	0.000508775
0.626	0.000519853
0.627	0.000531156
0.628	0.000542688
0.629	0.000554454
0.63	0.00056646
0.631	0.00057871
0.632	0.000591209
0.633	0.000603963
0.634	0.000616978
0.635	0.000630258
0.636	0.000643809
0.637	0.000657637
0.638	0.000671748
0.639	0.000686148
0.64	0.000700842
0.641	0.000715836
0.642	0.000731138
0.643	0.000746753
0.644	0.000762688
0.645	0.000778948
0.646	0.000795542
0.647	0.000812476
0.648	0.000829756
0.649	0.00084739
0.65	0.000865385
0.651	0.000883749
0.652	0.000902488
0.653	0.000921611
0.654	0.000941125
0.655	0.000961038
0.656	0.000981358
0.657	0.00100209
0.658	0.00102325
0.659	0.00104484
0.66	0.00106688
0.661	0.00108936
0.662	0.0011123
0.663	0.00113571
0.664	0.00115959
0.665	0.00118397
0.666	0.00120883
0.667	0.00123421
0.668	0.0012601
0.669	0.00128652
0.67	0.00131348
0.671	0.00134098
0.672	0.00136904
0.673	0.00139768
0.674	0.00142689
0.675	0.0014567
0.676	0.00148711
0.677	0.00151814
0.678	0.0015498
0.679	0.0015821
0.68	0.00161505
0.681	0.00164867
0.682	0.00168297
0.683	0.00171797
0.684	0.00175367
0.685	0.0017901
0.686	0.00182726
0.687	0.00186517
0.688	0.00190385
0.689	0.00194331
0.69	0.00198357
0.691	0.00202464
0.692	0.00206654
0.693	0.00210928
0.694	0.00215289
0.695	0.00219737
0.696	0.00224276
0.697	0.00228906
0.698	0.00233629
0.699	0.00238447
0.7	0.00243363
0.701	0.00248377
0.702	0.00253493
0.703	0.00258711
0.704	0.00264035
0.705	0.00269466
0.706	0.00275007
0.707	0.00280659
0.708	0.00286425
0.709	0.00292307
0.71	0.00298307
0.711	0.00304429
0.712	0.00310673
0.713	0.00317044
0.714	0.00323543
0.715	0.00330172
0.716	0.00336936
0.717	0.00343835
0.718	0.00350873
0.719	0.00358054
0.72	0.00365379
0.721	0.00372851
0.722	0.00380474
0.723	0.00388251
0.724	0.00396184
0.725	0.00404278
0.726	0.00412534
0.727	0.00420957
0.728	0.0042955
0.729	0.00438316
0.73	0.00447258
0.731	0.00456382
0.732	0.00465689
0.733	0.00475183
0.734	0.0048487
0.735	0.00494751
0.736	0.00504833
0.737	0.00515117
0.738	0.00525609
0.739	0.00536313
0.74	0.00547233
0.741	0.00558373
0.742	0.00569739
0.743	0.00581333
0.744	0.00593162
0.745	0.0060523
0.746	0.00617541
0.747	0.00630101
0.748	0.00642915
0.749	0.00655988
0.75	0.00669325
0.751	0.00682931
0.752	0.00696812
0.753	0.00710974
0.754	0.00725421
0.755	0.00740161
0.756	0.00755199
0.757	0.0077054
0.758	0.00786192
0.759	0.0080216
0.76	0.00818451
0.761	0.00835071
0.762	0.00852027
0.763	0.00869326
0.764	0.00886974
0.765	0.0090498
0.766	0.00923349
0.767	0.0094209
0.768	0.00961209
0.769	0.00980716
0.77	0.0100062
0.771	0.0102092
0.772	0.0104163
0.773	0.0106276
0.774	0.0108432
0.775	0.0110632
0.776	0.0112876
0.777	0.0115165
0.778	0.0117501
0.779	0.0119884
0.78	0.0122315
0.781	0.0124795
0.782	0.0127325
0.783	0.0129907
0.784	0.0132541
0.785	0.0135228
0.786	0.0137969
0.787	0.0140765
0.788	0.0143619
0.789	0.0146529
0.79	0.0149499
0.791	0.0152529
0.792	0.015562
0.793	0.0158773
0.794	0.016199
0.795	0.0165272
0.796	0.0168621
0.797	0.0172037
0.798	0.0175522
0.799	0.0179077
0.8	0.0182705
0.801	0.0186405
0.802	0.0190181
0.803	0.0194032
0.804	0.0197962
0.805	0.0201971
0.806	0.0206061
0.807	0.0210233
0.808	0.021449
0.809	0.0218833
0.81	0.0223263
0.811	0.0227783
0.812	0.0232395
0.813	0.0237099
0.814	0.0241898
0.815	0.0246795
0.816	0.025179
0.817	0.0256886
0.818	0.0262085
0.819	0.0267389
0.82	0.0272801
0.821	0.0278321
0.822	0.0283953
0.823	0.0289699
0.824	0.029556
0.825	0.0301541
0.826	0.0307642
0.827	0.0313866
0.828	0.0320215
0.829	0.0326693
0.83	0.0333302
0.831	0.0340045
0.832	0.0346923
0.833	0.0353941
0.834	0.03611
0.835	0.0368404
0.836	0.0375855
0.837	0.0383457
0.838	0.0391212
0.839	0.0399124
0.84	0.0407195
0.841	0.041543
0.842	0.0423831
0.843	0.0432402
0.844	0.0441146
0.845	0.0450066
0.846	0.0459167
0.847	0.0468451
0.848	0.0477923
0.849	0.0487586
0.85	0.0497445
0.851	0.0507503
0.852	0.0517763
0.853	0.0528231
0.854	0.0538911
0.855	0.0549806
0.856	0.0560922
0.857	0.0572261
0.858	0.058383
0.859	0.0595633
0.86	0.0607674
0.861	0.0619959
0.862	0.0632491
0.863	0.0645277
0.864	0.0658321
0.865	0.0671629
0.866	0.0685205
0.867	0.0699056
0.868	0.0713187
0.869	0.0727603
0.87	0.074231
0.871	0.0757314
0.872	0.0772622
0.873	0.0788239
0.874	0.0804171
0.875	0.0820426
0.876	0.0837008
0.877	0.0853926
0.878	0.0871186
0.879	0.0888794
0.88	0.0906758
0.881	0.0925085
0.882	0.0943782
0.883	0.0962857
0.884	0.0982318
0.885	0.100217
0.886	0.102243
0.887	0.104309
0.888	0.106417
0.889	0.108568
0.89	0.110762
0.891	0.113001
0.892	0.115284
0.893	0.117614
0.894	0.119991
0.895	0.122416
0.896	0.12489
0.897	0.127414
0.898	0.129989
0.899	0.132616
0.9	0.135296
0.901	0.13803
0.902	0.140819
0.903	0.143665
0.904	0.146568
0.905	0.14953
0.906	0.152552
0.907	0.155635
0.908	0.15878
0.909	0.161988
0.91	0.165261
0.911	0.168601
0.912	0.172008
0.913	0.175484
0.914	0.17903
0.915	0.182647
0.916	0.186338
0.917	0.190103
0.918	0.193944
0.919	0.197863
0.92	0.201861
0.921	0.20594
0.922	0.210101
0.923	0.214346
0.924	0.218677
0.925	0.223096
0.926	0.227603
0.927	0.232202
0.928	0.236894
0.929	0.24168
0.93	0.246563
0.931	0.251545
0.932	0.256628
0.933	0.261813
0.934	0.267102
0.935	0.272499
0.936	0.278005
0.937	0.283622
0.938	0.289352
0.939	0.295198
0.94	0.301162
0.941	0.307247
0.942	0.313455
0.943	0.319788
0.944	0.326249
0.945	0.33284
0.946	0.339565
0.947	0.346425
0.948	0.353425
0.949	0.360565
0.95	0.36785
0.951	0.375282
0.952	0.382864
0.953	0.390599
0.954	0.398491
0.955	0.406542
0.956	0.414755
0.957	0.423135
0.958	0.431684
0.959	0.440405
0.96	0.449303
0.961	0.458381
0.962	0.467642
0.963	0.47709
0.964	0.486729
0.965	0.496562
0.966	0.506595
0.967	0.516829
0.968	0.527271
0.969	0.537924
0.97	0.548792
0.971	0.559879
0.972	0.57119
0.973	0.58273
0.974	0.594503
0.975	0.606514
0.976	0.618767
0.977	0.631268
0.978	0.644021
0.979	0.657032
0.98	0.670306
0.981	0.683848
0.982	0.697663
0.983	0.711758
0.984	0.726137
0.985	0.740807
0.986	0.755773
0.987	0.771041
0.988	0.786618
0.989	0.802509
0.99	0.818722
0.991	0.835262
0.992	0.852136
0.993	0.869351
0.994	0.886914
0.995	0.904832
0.996	0.923112
0.997	0.941762
0.998	0.960788
0.999	0.980199
