# Interpolation data for function: (exp(10*(abs(2*x-1)))-1)/(exp(10)-1)
0	0.999984
0.001	0.980186
0.002	0.96078
0.003	0.941757
0.004	0.923111
0.005	0.904833
0.006	0.886917
0.007	0.869355
0.008	0.852141
0.009	0.835268
0.01	0.818728
0.011	0.802516
0.012	0.786624
0.013	0.771047
0.014	0.755779
0.015	0.740812
0.016	0.726142
0.017	0.711762
0.018	0.697667
0.019	0.683851
0.02	0.670309
0.021	0.657034
0.022	0.644023
0.023	0.631269
0.024	0.618767
0.025	0.606513
0.026	0.594502
0.027	0.582729
0.028	0.571189
0.029	0.559877
0.03	0.548789
0.031	0.537921
0.032	0.527268
0.033	0.516826
0.034	0.506591
0.035	0.496559
0.036	0.486725
0.037	0.477086
0.038	0.467638
0.039	0.458377
0.04	0.449299
0.041	0.440402
0.042	0.43168
0.043	0.423131
0.044	0.414752
0.045	0.406538
0.046	0.398487
0.047	0.390596
0.048	0.382861
0.049	0.375279
0.05	0.367847
0.051	0.360562
0.052	0.353422
0.053	0.346423
0.054	0.339563
0.055	0.332838
0.056	0.326247
0.057	0.319786
0.058	0.313453
0.059	0.307246
0.06	0.301161
0.061	0.295197
0.062	0.289352
0.063	0.283621
0.064	0.278005
0.065	0.272499
0.066	0.267103
0.067	0.261813
0.068	0.256628
0.069	0.251546
0.07	0.246565
0.071	0.241682
0.072	0.236895
0.073	0.232204
0.074	0.227605
0.075	0.223098
0.076	0.218679
0.077	0.214349
0.078	0.210104
0.079	0.205942
0.08	0.201864
0.081	0.197866
0.082	0.193947
0.083	0.190106
0.084	0.186341
0.085	0.18265
0.086	0.179033
0.087	0.175487
0.088	0.172011
0.089	0.168604
0.09	0.165265
0.091	0.161991
0.092	0.158783
0.093	0.155638
0.094	0.152555
0.095	0.149533
0.096	0.146572
0.097	0.143668
0.098	0.140823
0.099	0.138033
0.1	0.135299
0.101	0.132619
0.102	0.129992
0.103	0.127417
0.104	0.124893
0.105	0.122419
0.106	0.119994
0.107	0.117616
0.108	0.115286
0.109	0.113003
0.11	0.110764
0.111	0.10857
0.112	0.106419
0.113	0.10431
0.114	0.102244
0.115	0.100218
0.116	0.0982326
0.117	0.0962863
0.118	0.0943787
0.119	0.0925087
0.12	0.0906758
0.121	0.0888792
0.122	0.0871182
0.123	0.0853921
0.124	0.0837001
0.125	0.0820416
0.126	0.080416
0.127	0.0788226
0.128	0.0772607
0.129	0.0757298
0.13	0.0742291
0.131	0.0727582
0.132	0.0713165
0.133	0.0699032
0.134	0.068518
0.135	0.0671602
0.136	0.0658293
0.137	0.0645248
0.138	0.0632461
0.139	0.0619927
0.14	0.0607641
0.141	0.0595599
0.142	0.0583795
0.143	0.0572225
0.144	0.0560885
0.145	0.0549769
0.146	0.0538873
0.147	0.0528193
0.148	0.0517724
0.149	0.0507463
0.15	0.0497405
0.151	0.0487547
0.152	0.0477884
0.153	0.0468412
0.154	0.0459127
0.155	0.0450027
0.156	0.0441107
0.157	0.0432364
0.158	0.0423794
0.159	0.0415393
0.16	0.0407159
0.161	0.0399089
0.162	0.0391178
0.163	0.0383423
0.164	0.0375823
0.165	0.0368373
0.166	0.036107
0.167	0.0353913
0.168	0.0346897
0.169	0.034002
0.17	0.0333279
0.171	0.0326671
0.172	0.0320195
0.173	0.0313847
0.174	0.0307625
0.175	0.0301526
0.176	0.0295547
0.177	0.0289687
0.178	0.0283944
0.179	0.0278314
0.18	0.0272795
0.181	0.0267386
0.182	0.0262084
0.183	0.0256887
0.184	0.0251792
0.185	0.0246799
0.186	0.0241905
0.187	0.0237107
0.188	0.0232405
0.189	0.0227795
0.19	0.0223277
0.191	0.0218849
0.192	0.0214508
0.193	0.0210253
0.194	0.0206082
0.195	0.0201994
0.196	0.0197987
0.197	0.0194059
0.198	0.0190209
0.199	0.0186435
0.2	0.0182735
0.201	0.0179109
0.202	0.0175555
0.203	0.0172071
0.204	0.0168656
0.205	0.0165309
0.206	0.0162028
0.207	0.0158811
0.208	0.0155659
0.209	0.0152569
0.21	0.0149539
0.211	0.014657
0.212	0.014366
0.213	0.0140807
0.214	0.0138011
0.215	0.013527
0.216	0.0132583
0.217	0.0129949
0.218	0.0127368
0.219	0.0124837
0.22	0.0122357
0.221	0.0119925
0.222	0.0117542
0.223	0.0115206
0.224	0.0112916
0.225	0.0110671
0.226	0.0108471
0.227	0.0106314
0.228	0.01042
0.229	0.0102127
0.23	0.0100096
0.231	0.00981046
0.232	0.00961527
0.233	0.00942395
0.234	0.0092364
0.235	0.00905257
0.236	0.00887237
0.237	0.00869573
0.238	0.00852259
0.239	0.00835287
0.24	0.0081865
0.241	0.00802342
0.242	0.00786357
0.243	0.00770688
0.244	0.00755329
0.245	0.00740273
0.246	0.00725515
0.247	0.00711049
0.248	0.00696869
0.249	0.00682969
0.25	0.00669345
0.251	0.00655989
0.252	0.00642898
0.253	0.00630066
0.254	0.00617488
0.255	0.00605158
0.256	0.00593073
0.257	0.00581226
0.258	0.00569614
0.259	0.00558232
0.26	0.00547074
0.261	0.00536138
0.262	0.00525418
0.263	0.00514911
0.264	0.00504611
0.265	0.00494515
0.266	0.00484619
0.267	0.00474919
0.268	0.00465411
0.269	0.00456092
0.27	0.00446957
0.271	0.00438003
0.272	0.00429226
0.273	0.00420624
0.274	0.00412191
0.275	0.00403926
0.276	0.00395825
0.277	0.00387885
0.278	0.00380102
0.279	0.00372473
0.28	0.00364995
0.281	0.00357666
0.282	0.00350483
0.283	0.00343442
0.284	0.0033654
0.285	0.00329776
0.286	0.00323146
0.287	0.00316647
0.288	0.00310278
0.289	0.00304035
0.29	0.00297917
0.291	0.00291919
0.292	0.00286041
0.293	0.0028028
0.294	0.00274634
0.295	0.002691
0.296	0.00263675
0.297	0.00258359
0.298	0.00253148
0.299	0.00248042
0.3	0.00243036
0.301	0.00238131
0.302	0.00233323
0.303	0.00228611
0.304	0.00223992
0.305	0.00219466
0.306	0.0021503
0.307	0.00210682
0.308	0.00206421
0.309	0.00202245
0.31	0.00198152
0.311	0.0019414
0.312	0.00190209
0.313	0.00186356
0.314	0.00182579
0.315	0.00178878
0.316	0.00175251
0.317	0.00171697
0.318	0.00168213
0.319	0.00164798
0.32	0.00161452
0.321	0.00158172
0.322	0.00154958
0.323	0.00151808
0.324	0.00148721
0.325	0.00145695
0.326	0.0014273
0.327	0.00139824
0.328	0.00136976
0.329	0.00134184
0.33	0.00131448
0.331	0.00128767
0.332	0.00126139
0.333	0.00123564
0.334	0.0012104
0.335	0.00118566
0.336	0.00116141
0.337	0.00113765
0.338	0.00111436
0.339	0.00109153
0.34	0.00106916
0.341	0.00104723
0.342	0.00102574
0.343	0.00100467
0.344	0.000984028
0.345	0.000963791
0.346	0.000943955
0.347	0.000924513
0.348	0.000905457
0.349	0.000886778
0.35	0.000868468
0.351	0.000850522
0.352	0.000832929
0.353	0.000815685
0.354	0.000798781
0.355	0.000782211
0.356	0.000765967
0.357	0.000750044
0.358	0.000734434
0.359	0.000719131
0.36	0.000704129
0.361	0.000689422
0.362	0.000675003
0.363	0.000660866
0.364	0.000647007
0.365	0.000633419
0.366	0.000620096
0.367	0.000607034
0.368	0.000594226
0.369	0.000581668
0.37	0.000569354
0.371	0.000557279
0.372	0.000545439
0.373	0.000533829
0.374	0.000522444
0.375	0.000511278
0.376	0.000500329
0.377	0.000489591
0.378	0.00047906
0.379	0.000468732
0.38	0.000458602
0.381	0.000448667
0.382	0.000438922
0.383	0.000429364
0.384	0.000419989
0.385	0.000410794
0.386	0.000401773
0.387	0.000392925
0.388	0.000384245
0.389	0.00037573
0.39	0.000367377
0.391	0.000359182
0.392	0.000351142
0.393	0.000343255
0.394	0.000335517
0.395	0.000327924
0.396	0.000320475
0.397	0.000313167
0.398	0.000305996
0.399	0.00029896
0.4	0.000292056
0.401	0.000285282
0.402	0.000278635
0.403	0.000272113
0.404	0.000265713
0.405	0.000259433
0.406	0.000253271
0.407	0.000247224
0.408	0.000241291
0.409	0.000235468
0.41	0.000229755
0.411	0.000224149
0.412	0.000218647
0.413	0.000213249
0.414	0.000207952
0.415	0.000202755
0.416	0.000197656
0.417	0.000192652
0.418	0.000187743
0.419	0.000182926
0.42	0.0001782
0.421	0.000173564
0.422	0.000169016
0.423	0.000164555
0.424	0.000160178
0.425	0.000155886
0.426	0.000151675
0.427	0.000147546
0.428	0.000143497
0.429	0.000139526
0.43	0.000135632
0.431	0.000131814
0.432	0.000128072
0.433	0.000124404
0.434	0.000120808
0.435	0.000117284
0.436	0.000113831
0.437	0.000110448
0.438	0.000107134
0.439	0.000103887
0.44	0.000100708
0.441	9.75952e-05
0.442	9.45477e-05
0.443	9.15647e-05
0.444	8.86455e-05
0.445	8.57894e-05
0.446	8.29956e-05
0.447	8.02634e-05
0.448	7.75921e-05
0.449	7.49811e-05
0.45	7.24297e-05
0.451	6.99373e-05
0.452	6.75033e-05
0.453	6.51272e-05
0.454	6.28084e-05
0.455	6.05463e-05
0.456	5.83404e-05
0.457	5.61903e-05
0.458	5.40954e-05
0.459	5.20553e-05
0.46	5.00695e-05
0.461	4.81377e-05
0.462	4.62594e-05
0.463	4.44342e-05
0.464	4.26617e-05
0.465	4.09417e-05
0.466	3.92736e-05
0.467	3.76572e-05
0.468	3.60922e-05
0.469	3.45782e-05
0.47	3.3115e-05
0.471	3.17023e-05
0.472	3.03398e-05
0.473	2.90273e-05
0.474	2.77645e-05
0.475	2.65511e-05
0.476	2.5387e-05
0.477	2.42719e-05
0.478	2.32057e-05
0.479	2.21882e-05
0.48	2.12191e-05
0.481	2.02983e-05
0.482	1.94257e-05
0.483	1.8601e-05
0.484	1.78242e-05
0.485	1.70952e-05
0.486	1.64137e-05
0.487	1.57797e-05
0.488	1.51931e-05
0.489	1.46538e-05
0.49	1.41617e-05
0.491	1.37166e-05
0.492	1.33186e-05
0.493	1.29676e-05
0.494	1.26635e-05
0.495	1.24063e-05
0.496	1.21959e-05
0.497	1.20323e-05
0.498	1.19154e-05
0.499	1.18453e-05
0.5	1.1822e-05
0.501	1.18453e-05
0.502	1.19154e-05
0.503	1.20323e-05
0.504	1.21959e-05
0.505	1.24063e-05
0.506	1.26635e-05
0.507	1.29676e-05
0.508	1.33186e-05
0.509	1.37166e-05
0.51	1.41617e-05
0.511	1.46538e-05
0.512	1.51931e-05
0.513	1.57797e-05
0.514	1.64137e-05
0.515	1.70952e-05
0.516	1.78242e-05
0.517	1.8601e-05
0.518	1.94257e-05
0.519	2.02983e-05
0.52	2.12191e-05
0.521	2.21882e-05
0.522	2.32057e-05
0.523	2.42719e-05
0.524	2.5387e-05
0.525	2.65511e-05
0.526	2.77645e-05
0.527	2.90273e-05
0.528	3.03398e-05
0.529	3.17023e-05
0.53	3.3115e-05
0.531	3.45782e-05
0.532	3.60922e-05
0.533	3.76572e-05
0.534	3.92736e-05
0.535	4.09417e-05
0.536	4.26617e-05
0.537	4.44342e-05
0.538	4.62594e-05
0.539	4.81377e-05
0.54	5.00695e-05
0.541	5.20553e-05
0.542	5.40954e-05
0.543	5.61903e-05
0.544	5.83404e-05
0.545	6.05463e-05
0.546	6.28084e-05
0.547	6.51272e-05
0.548	6.75033e-05
0.549	6.99373e-05
0.55	7.24297e-05
0.551	7.49811e-05
0.552	7.75921e-05
0.553	8.02634e-05
0.554	8.29956e-05
0.555	8.57894e-05
0.556	8.86455e-05
0.557	9.15647e-05
0.558	9.45477e-05
0.559	9.75952e-05
0.56	0.000100708
0.561	0.000103887
0.562	0.000107134
0.563	0.000110448
0.564	0.000113831
0.565	0.000117284
0.566	0.000120808
0.567	0.000124404
0.568	0.000128072
0.569	0.000131814
0.57	0.000135632
0.571	0.000139526
0.572	0.000143497
0.573	0.000147546
0.574	0.000151675
0.575	0.000155886
0.576	0.000160178
0.577	0.000164555
0.578	0.000169016
0.579	0.000173564
0.58	0.0001782
0.581	0.000182926
0.582	0.000187743
0.583	0.000192652
0.584	0.000197656
0.585	0.000202755
0.586	0.000207952
0.587	0.000213249
0.588	0.000218647
0.589	0.000224149
0.59	0.000229755
0.591	0.000235468
0.592	0.000241291
0.593	0.000247224
0.594	0.000253271
0.595	0.000259433
0.596	0.000265713
0.597	0.000272113
0.598	0.000278635
0.599	0.000285282
0.6	0.000292056
0.601	0.00029896
0.602	0.000305996
0.603	0.000313167
0.604	0.000320475
0.605	0.000327924
0.606	0.000335517
0.607	0.000343255
0.608	0.000351142
0.609	0.000359182
0.61	0.000367377
0.611	0.00037573
0.612	0.000384245
0.613	0.000392925
0.614	0.000401773
0.615	0.000410794
0.616	0.000419989
0.617	0.000429364
0.618	0.000438922
0.619	0.000448667
0.62	0.000458602
0.621	0.000468732
0.622	0.00047906
0.623	0.000489591
0.624	0.000500329
0.625	0.000511278
0.626	0.000522444
0.627	0.000533829
0.628	0.000545439
0.629	0.000557279
0.63	0.000569354
0.631	0.000581668
0.632	0.000594226
0.633	0.000607034
0.634	0.000620096
0.635	0.000633419
0.636	0.000647007
0.637	0.000660866
0.638	0.000675003
0.639	0.000689422
0.64	0.000704129
0.641	0.000719131
0.642	0.000734434
0.643	0.000750044
0.644	0.000765967
0.645	0.000782211
0.646	0.000798781
0.647	0.000815685
0.648	0.000832929
0.649	0.000850522
0.65	0.000868468
0.651	0.000886778
0.652	0.000905457
0.653	0.000924513
0.654	0.000943955
0.655	0.000963791
0.656	0.000984028
0.657	0.00100467
0.658	0.00102574
0.659	0.00104723
0.66	0.00106916
0.661	0.00109153
0.662	0.00111436
0.663	0.00113765
0.664	0.00116141
0.665	0.00118566
0.666	0.0012104
0.667	0.00123564
0.668	0.00126139
0.669	0.00128767
0.67	0.00131448
0.671	0.00134184
0.672	0.00136976
0.673	0.00139824
0.674	0.0014273
0.675	0.00145695
0.676	0.00148721
0.677	0.00151808
0.678	0.00154958
0.679	0.00158172
0.68	0.00161452
0.681	0.00164798
0.682	0.00168213
0.683	0.00171697
0.684	0.00175251
0.685	0.00178878
0.686	0.00182579
0.687	0.00186356
0.688	0.00190209
0.689	0.0019414
0.69	0.00198152
0.691	0.00202245
0.692	0.00206421
0.693	0.00210682
0.694	0.0021503
0.695	0.00219466
0.696	0.00223992
0.697	0.00228611
0.698	0.00233323
0.699	0.00238131
0.7	0.00243036
0.701	0.00248042
0.702	0.00253148
0.703	0.00258359
0.704	0.00263675
0.705	0.002691
0.706	0.00274634
0.707	0.0028028
0.708	0.00286041
0.709	0.00291919
0.71	0.00297917
0.711	0.00304035
0.712	0.00310278
0.713	0.00316647
0.714	0.00323146
0.715	0.00329776
0.716	0.0033654
0.717	0.00343442
0.718	0.00350483
0.719	0.00357666
0.72	0.00364995
0.721	0.00372473
0.722	0.00380102
0.723	0.00387885
0.724	0.00395825
0.725	0.00403926
0.726	0.00412191
0.727	0.00420624
0.728	0.00429226
0.729	0.00438003
0.73	0.00446957
0.731	0.00456092
0.732	0.00465411
0.733	0.00474919
0.734	0.00484619
0.735	0.00494515
0.736	0.00504611
0.737	0.00514911
0.738	0.00525418
0.739	0.00536138
0.74	0.00547074
0.741	0.00558232
0.742	0.00569614
0.743	0.00581226
0.744	0.00593073
0.745	0.00605158
0.746	0.00617488
0.747	0.00630066
0.748	0.00642898
0.749	0.00655989
0.75	0.00669345
0.751	0.00682969
0.752	0.00696869
0.753	0.00711049
0.754	0.00725515
0.755	0.00740273
0.756	0.00755329
0.757	0.00770688
0.758	0.00786357
0.759	0.00802342
0.76	0.0081865
0.761	0.00835287
0.762	0.00852259
0.763	0.00869573
0.764	0.00887237
0.765	0.00905257
0.766	0.0092364
0.767	0.00942395
0.768	0.00961527
0.769	0.00981046
0.77	0.0100096
0.771	0.0102127
0.772	0.01042
0.773	0.0106314
0.774	0.0108471
0.775	0.0110671
0.776	0.0112916
0.777	0.0115206
0.778	0.0117542
0.779	0.0119925
0.78	0.0122357
0.781	0.0124837
0.782	0.0127368
0.783	0.0129949
0.784	0.0132583
0.785	0.013527
0.786	0.0138011
0.787	0.0140807
0.788	0.014366
0.789	0.014657
0.79	0.0149539
0.791	0.0152569
0.792	0.0155659
0.793	0.0158811
0.794	0.0162028
0.795	0.0165309
0.796	0.0168656
0.797	0.0172071
0.798	0.0175555
0.799	0.0179109
0.8	0.0182735
0.801	0.0186435
0.802	0.0190209
0.803	0.0194059
0.804	0.0197987
0.805	0.0201994
0.806	0.0206082
0.807	0.0210253
0.808	0.0214508
0.809	0.0218849
0.81	0.0223277
0.811	0.0227795
0.812	0.0232405
0.813	0.0237107
0.814	0.0241905
0.815	0.0246799
0.816	0.0251792
0.817	0.0256887
0.818	0.0262084
0.819	0.0267386
0.82	0.0272795
0.821	0.0278314
0.822	0.0283944
0.823	0.0289687
0.824	0.0295547
0.825	0.0301526
0.826	0.0307625
0.827	0.0313847
0.828	0.0320195
0.829	0.0326671
0.83	0.0333279
0.831	0.034002
0.832	0.0346897
0.833	0.0353913
0.834	0.036107
0.835	0.0368373
0.836	0.0375823
0.837	0.0383423
0.838	0.0391178
0.839	0.0399089
0.84	0.0407159
0.841	0.0415393
0.842	0.0423794
0.843	0.0432364
0.844	0.0441107
0.845	0.0450027
0.846	0.0459127
0.847	0.0468412
0.848	0.0477884
0.849	0.0487547
0.85	0.0497405
0.851	0.0507463
0.852	0.0517724
0.853	0.0528193
0.854	0.0538873
0.855	0.0549769
0.856	0.0560885
0.857	0.0572225
0.858	0.0583795
0.859	0.0595599
0.86	0.0607641
0.861	0.0619927
0.862	0.0632461
0.863	0.0645248
0.864	0.0658293
0.865	0.0671602
0.866	0.068518
0.867	0.0699032
0.868	0.0713165
0.869	0.0727582
0.87	0.0742291
0.871	0.0757298
0.872	0.0772607
0.873	0.0788226
0.874	0.080416
0.875	0.0820416
0.876	0.0837001
0.877	0.0853921
0.878	0.0871182
0.879	0.0888792
0.88	0.0906758
0.881	0.0925087
0.882	0.0943787
0.883	0.0962863
0.884	0.0982326
0.885	0.100218
0.886	0.102244
0.887	0.10431
0.888	0.106419
0.889	0.10857
0.89	0.110764
0.891	0.113003
0.892	0.115286
0.893	0.117616
0.894	0.119994
0.895	0.122419
0.896	0.124893
0.897	0.127417
0.898	0.129992
0.899	0.132619
0.9	0.135299
0.901	0.138033
0.902	0.140823
0.903	0.143668
0.904	0.146572
0.905	0.149533
0.906	0.152555
0.907	0.155638
0.908	0.158783
0.909	0.161991
0.91	0.165265
0.911	0.168604
0.912	0.172011
0.913	0.175487
0.914	0.179033
0.915	0.18265
0.916	0.186341
0.917	0.190106
0.918	0.193947
0.919	0.197866
0.92	0.201864
0.921	0.205942
0.922	0.210104
0.923	0.214349
0.924	0.218679
0.925	0.223098
0.926	0.227605
0.927	0.232204
0.928	0.236895
0.929	0.241682
0.93	0.246565
0.931	0.251546
0.932	0.256628
0.933	0.261813
0.934	0.267103
0.935	0.272499
0.936	0.278005
0.937	0.283621
0.938	0.289352
0.939	0.295197
0.94	0.301161
0.941	0.307246
0.942	0.313453
0.943	0.319786
0.944	0.326247
0.945	0.332838
0.946	0.339563
0.947	0.346423
0.948	0.353422
0.949	0.360562
0.95	0.367847
0.951	0.375279
0.952	0.382861
0.953	0.390596
0.954	0.398487
0.955	0.406538
0.956	0.414752
0.957	0.423131
0.958	0.43168
0.959	0.440402
0.96	0.449299
0.961	0.458377
0.962	0.467638
0.963	0.477086
0.964	0.486725
0.965	0.496559
0.966	0.506591
0.967	0.516826
0.968	0.527268
0.969	0.537921
0.97	0.548789
0.971	0.559877
0.972	0.571189
0.973	0.582729
0.974	0.594502
0.975	0.606513
0.976	0.618767
0.977	0.631269
0.978	0.644023
0.979	0.657034
0.98	0.670309
0.981	0.683851
0.982	0.697667
0.983	0.711762
0.984	0.726142
0.985	0.740812
0.986	0.755779
0.987	0.771047
0.988	0.786624
0.989	0.802516
0.99	0.818728
0.991	0.835268
0.992	0.852141
0.993	0.869355
0.994	0.886917
0.995	0.904833
0.996	0.923111
0.997	0.941757
0.998	0.96078
0.999	0.980186
