# Interpolation data for function: (exp(10*(abs(2*x-1)))-1)/(exp(10)-1)
0	0.999996
0.001	0.980196
0.002	0.960787
0.003	0.941762
0.004	0.923113
0.005	0.904834
0.006	0.886917
0.007	0.869354
0.008	0.852139
0.009	0.835264
0.01	0.818724
0.011	0.802511
0.012	0.786619
0.013	0.771042
0.014	0.755773
0.015	0.740807
0.016	0.726137
0.017	0.711757
0.018	0.697662
0.019	0.683847
0.02	0.670304
0.021	0.65703
0.022	0.644019
0.023	0.631266
0.024	0.618765
0.025	0.606512
0.026	0.594501
0.027	0.582728
0.028	0.571189
0.029	0.559877
0.03	0.54879
0.031	0.537923
0.032	0.52727
0.033	0.516829
0.034	0.506594
0.035	0.496562
0.036	0.486729
0.037	0.47709
0.038	0.467642
0.039	0.458381
0.04	0.449304
0.041	0.440406
0.042	0.431685
0.043	0.423136
0.044	0.414757
0.045	0.406543
0.046	0.398492
0.047	0.390601
0.048	0.382866
0.049	0.375284
0.05	0.367852
0.051	0.360567
0.052	0.353426
0.053	0.346427
0.054	0.339567
0.055	0.332842
0.056	0.32625
0.057	0.319789
0.058	0.313456
0.059	0.307248
0.06	0.301163
0.061	0.295199
0.062	0.289353
0.063	0.283622
0.064	0.278005
0.065	0.272499
0.066	0.267103
0.067	0.261813
0.068	0.256627
0.069	0.251545
0.07	0.246563
0.071	0.24168
0.072	0.236893
0.073	0.232201
0.074	0.227603
0.075	0.223095
0.076	0.218676
0.077	0.214345
0.078	0.2101
0.079	0.205939
0.08	0.20186
0.081	0.197862
0.082	0.193943
0.083	0.190102
0.084	0.186336
0.085	0.182646
0.086	0.179028
0.087	0.175482
0.088	0.172006
0.089	0.168599
0.09	0.16526
0.091	0.161987
0.092	0.158778
0.093	0.155633
0.094	0.152551
0.095	0.149529
0.096	0.146567
0.097	0.143664
0.098	0.140819
0.099	0.138029
0.1	0.135295
0.101	0.132615
0.102	0.129988
0.103	0.127414
0.104	0.12489
0.105	0.122416
0.106	0.119991
0.107	0.117614
0.108	0.115285
0.109	0.113001
0.11	0.110762
0.111	0.108568
0.112	0.106418
0.113	0.10431
0.114	0.102243
0.115	0.100218
0.116	0.0982327
0.117	0.0962867
0.118	0.0943793
0.119	0.0925096
0.12	0.090677
0.121	0.0888806
0.122	0.0871199
0.123	0.0853939
0.124	0.0837022
0.125	0.0820439
0.126	0.0804185
0.127	0.0788253
0.128	0.0772636
0.129	0.0757328
0.13	0.0742324
0.131	0.0727616
0.132	0.07132
0.133	0.0699069
0.134	0.0685218
0.135	0.0671641
0.136	0.0658333
0.137	0.0645289
0.138	0.0632502
0.139	0.0619969
0.14	0.0607684
0.141	0.0595642
0.142	0.0583839
0.143	0.0572269
0.144	0.0560929
0.145	0.0549813
0.146	0.0538917
0.147	0.0528236
0.148	0.0517767
0.149	0.0507506
0.15	0.0497447
0.151	0.0487588
0.152	0.0477924
0.153	0.0468451
0.154	0.0459166
0.155	0.0450064
0.156	0.0441143
0.157	0.0432398
0.158	0.0423827
0.159	0.0415425
0.16	0.040719
0.161	0.0399117
0.162	0.0391205
0.163	0.0383449
0.164	0.0375846
0.165	0.0368395
0.166	0.036109
0.167	0.0353931
0.168	0.0346913
0.169	0.0340034
0.17	0.0333291
0.171	0.0326682
0.172	0.0320203
0.173	0.0313853
0.174	0.0307629
0.175	0.0301528
0.176	0.0295548
0.177	0.0289686
0.178	0.028394
0.179	0.0278308
0.18	0.0272788
0.181	0.0267377
0.182	0.0262073
0.183	0.0256874
0.184	0.0251778
0.185	0.0246783
0.186	0.0241887
0.187	0.0237088
0.188	0.0232384
0.189	0.0227773
0.19	0.0223253
0.191	0.0218823
0.192	0.0214481
0.193	0.0210225
0.194	0.0206053
0.195	0.0201963
0.196	0.0197955
0.197	0.0194026
0.198	0.0190175
0.199	0.01864
0.2	0.01827
0.201	0.0179074
0.202	0.0175519
0.203	0.0172034
0.204	0.0168619
0.205	0.0165271
0.206	0.016199
0.207	0.0158774
0.208	0.0155621
0.209	0.0152531
0.21	0.0149502
0.211	0.0146533
0.212	0.0143622
0.213	0.014077
0.214	0.0137974
0.215	0.0135233
0.216	0.0132547
0.217	0.0129914
0.218	0.0127333
0.219	0.0124803
0.22	0.0122324
0.221	0.0119893
0.222	0.011751
0.223	0.0115175
0.224	0.0112886
0.225	0.0110643
0.226	0.0108443
0.227	0.0106288
0.228	0.0104175
0.229	0.0102104
0.23	0.0100074
0.231	0.00980836
0.232	0.00961331
0.233	0.00942212
0.234	0.00923472
0.235	0.00905103
0.236	0.00887097
0.237	0.00869448
0.238	0.00852148
0.239	0.00835191
0.24	0.00818569
0.241	0.00802277
0.242	0.00786307
0.243	0.00770652
0.244	0.00755308
0.245	0.00740267
0.246	0.00725524
0.247	0.00711073
0.248	0.00696907
0.249	0.00683022
0.25	0.00669411
0.251	0.0065607
0.252	0.00642992
0.253	0.00630173
0.254	0.00617608
0.255	0.00605291
0.256	0.00593218
0.257	0.00581384
0.258	0.00569783
0.259	0.00558412
0.26	0.00547266
0.261	0.0053634
0.262	0.0052563
0.263	0.00515131
0.264	0.00504841
0.265	0.00494753
0.266	0.00484866
0.267	0.00475173
0.268	0.00465672
0.269	0.00456359
0.27	0.0044723
0.271	0.00438281
0.272	0.0042951
0.273	0.00420911
0.274	0.00412483
0.275	0.00404221
0.276	0.00396123
0.277	0.00388184
0.278	0.00380402
0.279	0.00372775
0.28	0.00365298
0.281	0.00357968
0.282	0.00350784
0.283	0.00343742
0.284	0.00336839
0.285	0.00330072
0.286	0.0032344
0.287	0.00316938
0.288	0.00310565
0.289	0.00304318
0.29	0.00298195
0.291	0.00292192
0.292	0.00286309
0.293	0.00280542
0.294	0.00274889
0.295	0.00269348
0.296	0.00263916
0.297	0.00258593
0.298	0.00253374
0.299	0.00248259
0.3	0.00243246
0.301	0.00238331
0.302	0.00233514
0.303	0.00228793
0.304	0.00224165
0.305	0.00219629
0.306	0.00215183
0.307	0.00210825
0.308	0.00206553
0.309	0.00202367
0.31	0.00198263
0.311	0.00194241
0.312	0.00190299
0.313	0.00186435
0.314	0.00182648
0.315	0.00178936
0.316	0.00175298
0.317	0.00171733
0.318	0.00168238
0.319	0.00164813
0.32	0.00161456
0.321	0.00158166
0.322	0.00154941
0.323	0.0015178
0.324	0.00148683
0.325	0.00145647
0.326	0.00142672
0.327	0.00139756
0.328	0.00136899
0.329	0.00134098
0.33	0.00131353
0.331	0.00128663
0.332	0.00126027
0.333	0.00123443
0.334	0.00120911
0.335	0.00118429
0.336	0.00115997
0.337	0.00113614
0.338	0.00111278
0.339	0.00108989
0.34	0.00106746
0.341	0.00104547
0.342	0.00102393
0.343	0.00100281
0.344	0.00098212
0.345	0.00096184
0.346	0.000941966
0.347	0.000922489
0.348	0.000903401
0.349	0.000884694
0.35	0.000866362
0.351	0.000848395
0.352	0.000830787
0.353	0.00081353
0.354	0.000796618
0.355	0.000780043
0.356	0.000763799
0.357	0.000747879
0.358	0.000732275
0.359	0.000716983
0.36	0.000701994
0.361	0.000687304
0.362	0.000672906
0.363	0.000658794
0.364	0.000644963
0.365	0.000631405
0.366	0.000618117
0.367	0.000605091
0.368	0.000592323
0.369	0.000579808
0.37	0.00056754
0.371	0.000555514
0.372	0.000543724
0.373	0.000532167
0.374	0.000520838
0.375	0.00050973
0.376	0.000498841
0.377	0.000488165
0.378	0.000477697
0.379	0.000467434
0.38	0.000457372
0.381	0.000447505
0.382	0.00043783
0.383	0.000428343
0.384	0.00041904
0.385	0.000409917
0.386	0.00040097
0.387	0.000392196
0.388	0.000383591
0.389	0.000375151
0.39	0.000366873
0.391	0.000358754
0.392	0.000350789
0.393	0.000342977
0.394	0.000335314
0.395	0.000327796
0.396	0.000320421
0.397	0.000313185
0.398	0.000306086
0.399	0.000299122
0.4	0.000292288
0.401	0.000285583
0.402	0.000279004
0.403	0.000272548
0.404	0.000266213
0.405	0.000259996
0.406	0.000253895
0.407	0.000247908
0.408	0.000242032
0.409	0.000236266
0.41	0.000230606
0.411	0.000225051
0.412	0.000219599
0.413	0.000214248
0.414	0.000208996
0.415	0.000203841
0.416	0.000198781
0.417	0.000193814
0.418	0.00018894
0.419	0.000184155
0.42	0.000179459
0.421	0.000174849
0.422	0.000170325
0.423	0.000165885
0.424	0.000161526
0.425	0.000157249
0.426	0.000153052
0.427	0.000148933
0.428	0.00014489
0.429	0.000140924
0.43	0.000137032
0.431	0.000133214
0.432	0.000129468
0.433	0.000125793
0.434	0.000122188
0.435	0.000118653
0.436	0.000115186
0.437	0.000111786
0.438	0.000108453
0.439	0.000105185
0.44	0.000101982
0.441	9.88424e-05
0.442	9.57664e-05
0.443	9.27528e-05
0.444	8.9801e-05
0.445	8.69101e-05
0.446	8.40797e-05
0.447	8.1309e-05
0.448	7.85975e-05
0.449	7.59446e-05
0.45	7.33497e-05
0.451	7.08123e-05
0.452	6.8332e-05
0.453	6.59082e-05
0.454	6.35405e-05
0.455	6.12285e-05
0.456	5.89717e-05
0.457	5.67697e-05
0.458	5.46223e-05
0.459	5.25289e-05
0.46	5.04894e-05
0.461	4.85033e-05
0.462	4.65704e-05
0.463	4.46903e-05
0.464	4.28629e-05
0.465	4.10878e-05
0.466	3.93648e-05
0.467	3.76938e-05
0.468	3.60743e-05
0.469	3.45064e-05
0.47	3.29897e-05
0.471	3.15242e-05
0.472	3.01096e-05
0.473	2.87457e-05
0.474	2.74325e-05
0.475	2.61698e-05
0.476	2.49574e-05
0.477	2.37953e-05
0.478	2.26834e-05
0.479	2.16214e-05
0.48	2.06094e-05
0.481	1.96473e-05
0.482	1.87349e-05
0.483	1.78723e-05
0.484	1.70592e-05
0.485	1.62958e-05
0.486	1.55818e-05
0.487	1.49173e-05
0.488	1.43021e-05
0.489	1.37364e-05
0.49	1.322e-05
0.491	1.27528e-05
0.492	1.23349e-05
0.493	1.19662e-05
0.494	1.16468e-05
0.495	1.13765e-05
0.496	1.11554e-05
0.497	1.09834e-05
0.498	1.08606e-05
0.499	1.07869e-05
0.5	1.07623e-05
0.501	1.07869e-05
0.502	1.08606e-05
0.503	1.09834e-05
0.504	1.11554e-05
0.505	1.13765e-05
0.506	1.16468e-05
0.507	1.19662e-05
0.508	1.23349e-05
0.509	1.27528e-05
0.51	1.322e-05
0.511	1.37364e-05
0.512	1.43021e-05
0.513	1.49173e-05
0.514	1.55818e-05
0.515	1.62958e-05
0.516	1.70592e-05
0.517	1.78723e-05
0.518	1.87349e-05
0.519	1.96473e-05
0.52	2.06094e-05
0.521	2.16214e-05
0.522	2.26834e-05
0.523	2.37953e-05
0.524	2.49574e-05
0.525	2.61698e-05
0.526	2.74325e-05
0.527	2.87457e-05
0.528	3.01096e-05
0.529	3.15242e-05
0.53	3.29897e-05
0.531	3.45064e-05
0.532	3.60743e-05
0.533	3.76938e-05
0.534	3.93648e-05
0.535	4.10878e-05
0.536	4.28629e-05
0.537	4.46903e-05
0.538	4.65704e-05
0.539	4.85033e-05
0.54	5.04894e-05
0.541	5.25289e-05
0.542	5.46223e-05
0.543	5.67697e-05
0.544	5.89717e-05
0.545	6.12285e-05
0.546	6.35405e-05
0.547	6.59082e-05
0.548	6.8332e-05
0.549	7.08123e-05
0.55	7.33497e-05
0.551	7.59446e-05
0.552	7.85975e-05
0.553	8.1309e-05
0.554	8.40797e-05
0.555	8.69101e-05
0.556	8.9801e-05
0.557	9.27528e-05
0.558	9.57664e-05
0.559	9.88424e-05
0.56	0.000101982
0.561	0.000105185
0.562	0.000108453
0.563	0.000111786
0.564	0.000115186
0.565	0.000118653
0.566	0.000122188
0.567	0.000125793
0.568	0.000129468
0.569	0.000133214
0.57	0.000137032
0.571	0.000140924
0.572	0.00014489
0.573	0.000148933
0.574	0.000153052
0.575	0.000157249
0.576	0.000161526
0.577	0.000165885
0.578	0.000170325
0.579	0.000174849
0.58	0.000179459
0.581	0.000184155
0.582	0.00018894
0.583	0.000193814
0.584	0.000198781
0.585	0.000203841
0.586	0.000208996
0.587	0.000214248
0.588	0.000219599
0.589	0.000225051
0.59	0.000230606
0.591	0.000236266
0.592	0.000242032
0.593	0.000247908
0.594	0.000253895
0.595	0.000259996
0.596	0.000266213
0.597	0.000272548
0.598	0.000279004
0.599	0.000285583
0.6	0.000292288
0.601	0.000299122
0.602	0.000306086
0.603	0.000313185
0.604	0.000320421
0.605	0.000327796
0.606	0.000335314
0.607	0.000342977
0.608	0.000350789
0.609	0.000358754
0.61	0.000366873
0.611	0.000375151
0.612	0.000383591
0.613	0.000392196
0.614	0.00040097
0.615	0.000409917
0.616	0.00041904
0.617	0.000428343
0.618	0.00043783
0.619	0.000447505
0.62	0.000457372
0.621	0.000467434
0.622	0.000477697
0.623	0.000488165
0.624	0.000498841
0.625	0.00050973
0.626	0.000520838
0.627	0.000532167
0.628	0.000543724
0.629	0.000555514
0.63	0.00056754
0.631	0.000579808
0.632	0.000592323
0.633	0.000605091
0.634	0.000618117
0.635	0.000631405
0.636	0.000644963
0.637	0.000658794
0.638	0.000672906
0.639	0.000687304
0.64	0.000701994
0.641	0.000716983
0.642	0.000732275
0.643	0.000747879
0.644	0.000763799
0.645	0.000780043
0.646	0.000796618
0.647	0.00081353
0.648	0.000830787
0.649	0.000848395
0.65	0.000866362
0.651	0.000884694
0.652	0.000903401
0.653	0.000922489
0.654	0.000941966
0.655	0.00096184
0.656	0.00098212
0.657	0.00100281
0.658	0.00102393
0.659	0.00104547
0.66	0.00106746
0.661	0.00108989
0.662	0.00111278
0.663	0.00113614
0.664	0.00115997
0.665	0.00118429
0.666	0.00120911
0.667	0.00123443
0.668	0.00126027
0.669	0.00128663
0.67	0.00131353
0.671	0.00134098
0.672	0.00136899
0.673	0.00139756
0.674	0.00142672
0.675	0.00145647
0.676	0.00148683
0.677	0.0015178
0.678	0.00154941
0.679	0.00158166
0.68	0.00161456
0.681	0.00164813
0.682	0.00168238
0.683	0.00171733
0.684	0.00175298
0.685	0.00178936
0.686	0.00182648
0.687	0.00186435
0.688	0.00190299
0.689	0.00194241
0.69	0.00198263
0.691	0.00202367
0.692	0.00206553
0.693	0.00210825
0.694	0.00215183
0.695	0.00219629
0.696	0.00224165
0.697	0.00228793
0.698	0.00233514
0.699	0.00238331
0.7	0.00243246
0.701	0.00248259
0.702	0.00253374
0.703	0.00258593
0.704	0.00263916
0.705	0.00269348
0.706	0.00274889
0.707	0.00280542
0.708	0.00286309
0.709	0.00292192
0.71	0.00298195
0.711	0.00304318
0.712	0.00310565
0.713	0.00316938
0.714	0.0032344
0.715	0.00330072
0.716	0.00336839
0.717	0.00343742
0.718	0.00350784
0.719	0.00357968
0.72	0.00365298
0.721	0.00372775
0.722	0.00380402
0.723	0.00388184
0.724	0.00396123
0.725	0.00404221
0.726	0.00412483
0.727	0.00420911
0.728	0.0042951
0.729	0.00438281
0.73	0.0044723
0.731	0.00456359
0.732	0.00465672
0.733	0.00475173
0.734	0.00484866
0.735	0.00494753
0.736	0.00504841
0.737	0.00515131
0.738	0.0052563
0.739	0.0053634
0.74	0.00547266
0.741	0.00558412
0.742	0.00569783
0.743	0.00581384
0.744	0.00593218
0.745	0.00605291
0.746	0.00617608
0.747	0.00630173
0.748	0.00642992
0.749	0.0065607
0.75	0.00669411
0.751	0.00683022
0.752	0.00696907
0.753	0.00711073
0.754	0.00725524
0.755	0.00740267
0.756	0.00755308
0.757	0.00770652
0.758	0.00786307
0.759	0.00802277
0.76	0.00818569
0.761	0.00835191
0.762	0.00852148
0.763	0.00869448
0.764	0.00887097
0.765	0.00905103
0.766	0.00923472
0.767	0.00942212
0.768	0.00961331
0.769	0.00980836
0.77	0.0100074
0.771	0.0102104
0.772	0.0104175
0.773	0.0106288
0.774	0.0108443
0.775	0.0110643
0.776	0.0112886
0.777	0.0115175
0.778	0.011751
0.779	0.0119893
0.78	0.0122324
0.781	0.0124803
0.782	0.0127333
0.783	0.0129914
0.784	0.0132547
0.785	0.0135233
0.786	0.0137974
0.787	0.014077
0.788	0.0143622
0.789	0.0146533
0.79	0.0149502
0.791	0.0152531
0.792	0.0155621
0.793	0.0158774
0.794	0.016199
0.795	0.0165271
0.796	0.0168619
0.797	0.0172034
0.798	0.0175519
0.799	0.0179074
0.8	0.01827
0.801	0.01864
0.802	0.0190175
0.803	0.0194026
0.804	0.0197955
0.805	0.0201963
0.806	0.0206053
0.807	0.0210225
0.808	0.0214481
0.809	0.0218823
0.81	0.0223253
0.811	0.0227773
0.812	0.0232384
0.813	0.0237088
0.814	0.0241887
0.815	0.0246783
0.816	0.0251778
0.817	0.0256874
0.818	0.0262073
0.819	0.0267377
0.82	0.0272788
0.821	0.0278308
0.822	0.028394
0.823	0.0289686
0.824	0.0295548
0.825	0.0301528
0.826	0.0307629
0.827	0.0313853
0.828	0.0320203
0.829	0.0326682
0.83	0.0333291
0.831	0.0340034
0.832	0.0346913
0.833	0.0353931
0.834	0.036109
0.835	0.0368395
0.836	0.0375846
0.837	0.0383449
0.838	0.0391205
0.839	0.0399117
0.84	0.040719
0.841	0.0415425
0.842	0.0423827
0.843	0.0432398
0.844	0.0441143
0.845	0.0450064
0.846	0.0459166
0.847	0.0468451
0.848	0.0477924
0.849	0.0487588
0.85	0.0497447
0.851	0.0507506
0.852	0.0517767
0.853	0.0528236
0.854	0.0538917
0.855	0.0549813
0.856	0.0560929
0.857	0.0572269
0.858	0.0583839
0.859	0.0595642
0.86	0.0607684
0.861	0.0619969
0.862	0.0632502
0.863	0.0645289
0.864	0.0658333
0.865	0.0671641
0.866	0.0685218
0.867	0.0699069
0.868	0.07132
0.869	0.0727616
0.87	0.0742324
0.871	0.0757328
0.872	0.0772636
0.873	0.0788253
0.874	0.0804185
0.875	0.0820439
0.876	0.0837022
0.877	0.0853939
0.878	0.0871199
0.879	0.0888806
0.88	0.090677
0.881	0.0925096
0.882	0.0943793
0.883	0.0962867
0.884	0.0982327
0.885	0.100218
0.886	0.102243
0.887	0.10431
0.888	0.106418
0.889	0.108568
0.89	0.110762
0.891	0.113001
0.892	0.115285
0.893	0.117614
0.894	0.119991
0.895	0.122416
0.896	0.12489
0.897	0.127414
0.898	0.129988
0.899	0.132615
0.9	0.135295
0.901	0.138029
0.902	0.140819
0.903	0.143664
0.904	0.146567
0.905	0.149529
0.906	0.152551
0.907	0.155633
0.908	0.158778
0.909	0.161987
0.91	0.16526
0.911	0.168599
0.912	0.172006
0.913	0.175482
0.914	0.179028
0.915	0.182646
0.916	0.186336
0.917	0.190102
0.918	0.193943
0.919	0.197862
0.92	0.20186
0.921	0.205939
0.922	0.2101
0.923	0.214345
0.924	0.218676
0.925	0.223095
0.926	0.227603
0.927	0.232201
0.928	0.236893
0.929	0.24168
0.93	0.246563
0.931	0.251545
0.932	0.256627
0.933	0.261813
0.934	0.267103
0.935	0.272499
0.936	0.278005
0.937	0.283622
0.938	0.289353
0.939	0.295199
0.94	0.301163
0.941	0.307248
0.942	0.313456
0.943	0.319789
0.944	0.32625
0.945	0.332842
0.946	0.339567
0.947	0.346427
0.948	0.353426
0.949	0.360567
0.95	0.367852
0.951	0.375284
0.952	0.382866
0.953	0.390601
0.954	0.398492
0.955	0.406543
0.956	0.414757
0.957	0.423136
0.958	0.431685
0.959	0.440406
0.96	0.449304
0.961	0.458381
0.962	0.467642
0.963	0.47709
0.964	0.486729
0.965	0.496562
0.966	0.506594
0.967	0.516829
0.968	0.52727
0.969	0.537923
0.97	0.54879
0.971	0.559877
0.972	0.571189
0.973	0.582728
0.974	0.594501
0.975	0.606512
0.976	0.618765
0.977	0.631266
0.978	0.644019
0.979	0.65703
0.98	0.670304
0.981	0.683847
0.982	0.697662
0.983	0.711757
0.984	0.726137
0.985	0.740807
0.986	0.755773
0.987	0.771042
0.988	0.786619
0.989	0.802511
0.99	0.818724
0.991	0.835264
0.992	0.852139
0.993	0.869354
0.994	0.886917
0.995	0.904834
0.996	0.923113
0.997	0.941762
0.998	0.960787
0.999	0.980196
