# Interpolation data for function: (exp(10*(abs(2*x-1)))-1)/(exp(10)-1)
0	1
0.001	0.980198
0.002	0.960788
0.003	0.941762
0.004	0.923113
0.005	0.904833
0.006	0.886915
0.007	0.869352
0.008	0.852137
0.009	0.835263
0.01	0.818723
0.011	0.80251
0.012	0.786618
0.013	0.771041
0.014	0.755773
0.015	0.740806
0.016	0.726137
0.017	0.711757
0.018	0.697663
0.019	0.683847
0.02	0.670305
0.021	0.657031
0.022	0.64402
0.023	0.631267
0.024	0.618766
0.025	0.606513
0.026	0.594502
0.027	0.582729
0.028	0.57119
0.029	0.559878
0.03	0.548791
0.031	0.537923
0.032	0.527271
0.033	0.516829
0.034	0.506595
0.035	0.496562
0.036	0.486729
0.037	0.47709
0.038	0.467642
0.039	0.458381
0.04	0.449304
0.041	0.440406
0.042	0.431685
0.043	0.423136
0.044	0.414756
0.045	0.406543
0.046	0.398492
0.047	0.3906
0.048	0.382865
0.049	0.375283
0.05	0.367851
0.051	0.360566
0.052	0.353425
0.053	0.346426
0.054	0.339566
0.055	0.332841
0.056	0.326249
0.057	0.319788
0.058	0.313455
0.059	0.307247
0.06	0.301162
0.061	0.295198
0.062	0.289352
0.063	0.283622
0.064	0.278005
0.065	0.272499
0.066	0.267102
0.067	0.261812
0.068	0.256627
0.069	0.251545
0.07	0.246563
0.071	0.24168
0.072	0.236893
0.073	0.232201
0.074	0.227603
0.075	0.223095
0.076	0.218676
0.077	0.214345
0.078	0.2101
0.079	0.205939
0.08	0.20186
0.081	0.197862
0.082	0.193943
0.083	0.190102
0.084	0.186337
0.085	0.182646
0.086	0.179029
0.087	0.175483
0.088	0.172007
0.089	0.1686
0.09	0.165261
0.091	0.161988
0.092	0.158779
0.093	0.155634
0.094	0.152552
0.095	0.14953
0.096	0.146568
0.097	0.143665
0.098	0.140819
0.099	0.13803
0.1	0.135296
0.101	0.132616
0.102	0.129989
0.103	0.127414
0.104	0.12489
0.105	0.122417
0.106	0.119992
0.107	0.117615
0.108	0.115285
0.109	0.113001
0.11	0.110763
0.111	0.108569
0.112	0.106418
0.113	0.10431
0.114	0.102243
0.115	0.100218
0.116	0.0982326
0.117	0.0962866
0.118	0.0943791
0.119	0.0925094
0.12	0.0906767
0.121	0.0888803
0.122	0.0871194
0.123	0.0853934
0.124	0.0837016
0.125	0.0820433
0.126	0.0804179
0.127	0.0788246
0.128	0.0772628
0.129	0.075732
0.13	0.0742315
0.131	0.0727608
0.132	0.0713191
0.133	0.069906
0.134	0.0685209
0.135	0.0671632
0.136	0.0658323
0.137	0.0645279
0.138	0.0632492
0.139	0.0619959
0.14	0.0607674
0.141	0.0595632
0.142	0.0583829
0.143	0.057226
0.144	0.0560919
0.145	0.0549803
0.146	0.0538907
0.147	0.0528227
0.148	0.0517759
0.149	0.0507497
0.15	0.0497439
0.151	0.048758
0.152	0.0477917
0.153	0.0468444
0.154	0.0459159
0.155	0.0450058
0.156	0.0441138
0.157	0.0432394
0.158	0.0423823
0.159	0.0415421
0.16	0.0407187
0.161	0.0399115
0.162	0.0391203
0.163	0.0383447
0.164	0.0375846
0.165	0.0368394
0.166	0.0361091
0.167	0.0353932
0.168	0.0346914
0.169	0.0340036
0.17	0.0333294
0.171	0.0326685
0.172	0.0320207
0.173	0.0313858
0.174	0.0307634
0.175	0.0301534
0.176	0.0295554
0.177	0.0289692
0.178	0.0283947
0.179	0.0278316
0.18	0.0272796
0.181	0.0267385
0.182	0.0262081
0.183	0.0256883
0.184	0.0251787
0.185	0.0246792
0.186	0.0241897
0.187	0.0237098
0.188	0.0232394
0.189	0.0227783
0.19	0.0223264
0.191	0.0218834
0.192	0.0214492
0.193	0.0210236
0.194	0.0206064
0.195	0.0201974
0.196	0.0197966
0.197	0.0194037
0.198	0.0190186
0.199	0.0186411
0.2	0.0182711
0.201	0.0179084
0.202	0.0175529
0.203	0.0172044
0.204	0.0168628
0.205	0.016528
0.206	0.0161998
0.207	0.0158782
0.208	0.0155629
0.209	0.0152538
0.21	0.0149509
0.211	0.0146539
0.212	0.0143628
0.213	0.0140775
0.214	0.0137979
0.215	0.0135238
0.216	0.0132551
0.217	0.0129917
0.218	0.0127336
0.219	0.0124805
0.22	0.0122325
0.221	0.0119894
0.222	0.0117511
0.223	0.0115175
0.224	0.0112885
0.225	0.0110641
0.226	0.0108441
0.227	0.0106285
0.228	0.0104171
0.229	0.01021
0.23	0.0100069
0.231	0.00980784
0.232	0.00961273
0.233	0.00942149
0.234	0.00923403
0.235	0.00905029
0.236	0.00887018
0.237	0.00869364
0.238	0.0085206
0.239	0.00835098
0.24	0.00818472
0.241	0.00802175
0.242	0.00786201
0.243	0.00770543
0.244	0.00755196
0.245	0.00740152
0.246	0.00725406
0.247	0.00710952
0.248	0.00696784
0.249	0.00682897
0.25	0.00669285
0.251	0.00655942
0.252	0.00642864
0.253	0.00630045
0.254	0.00617479
0.255	0.00605162
0.256	0.00593089
0.257	0.00581255
0.258	0.00569656
0.259	0.00558286
0.26	0.00547141
0.261	0.00536217
0.262	0.0052551
0.263	0.00515014
0.264	0.00504726
0.265	0.00494642
0.266	0.00484757
0.267	0.00475069
0.268	0.00465572
0.269	0.00456263
0.27	0.00447138
0.271	0.00438195
0.272	0.00429428
0.273	0.00420835
0.274	0.00412412
0.275	0.00404155
0.276	0.00396063
0.277	0.0038813
0.278	0.00380355
0.279	0.00372733
0.28	0.00365263
0.281	0.0035794
0.282	0.00350763
0.283	0.00343727
0.284	0.00336831
0.285	0.00330072
0.286	0.00323446
0.287	0.00316951
0.288	0.00310585
0.289	0.00304345
0.29	0.00298229
0.291	0.00292234
0.292	0.00286357
0.293	0.00280597
0.294	0.00274951
0.295	0.00269417
0.296	0.00263992
0.297	0.00258675
0.298	0.00253463
0.299	0.00248354
0.3	0.00243346
0.301	0.00238438
0.302	0.00233627
0.303	0.0022891
0.304	0.00224288
0.305	0.00219757
0.306	0.00215315
0.307	0.00210962
0.308	0.00206695
0.309	0.00202512
0.31	0.00198412
0.311	0.00194393
0.312	0.00190454
0.313	0.00186593
0.314	0.00182808
0.315	0.00179099
0.316	0.00175462
0.317	0.00171898
0.318	0.00168404
0.319	0.0016498
0.32	0.00161623
0.321	0.00158333
0.322	0.00155108
0.323	0.00151946
0.324	0.00148848
0.325	0.00145811
0.326	0.00142833
0.327	0.00139915
0.328	0.00137055
0.329	0.00134251
0.33	0.00131503
0.331	0.00128809
0.332	0.00126168
0.333	0.0012358
0.334	0.00121043
0.335	0.00118557
0.336	0.00116119
0.337	0.0011373
0.338	0.00111388
0.339	0.00109092
0.34	0.00106842
0.341	0.00104637
0.342	0.00102475
0.343	0.00100356
0.344	0.000982789
0.345	0.000962429
0.346	0.000942473
0.347	0.000922912
0.348	0.000903738
0.349	0.000884943
0.35	0.000866521
0.351	0.000848464
0.352	0.000830764
0.353	0.000813415
0.354	0.000796409
0.355	0.00077974
0.356	0.000763401
0.357	0.000747386
0.358	0.000731688
0.359	0.0007163
0.36	0.000701218
0.361	0.000686434
0.362	0.000671942
0.363	0.000657738
0.364	0.000643815
0.365	0.000630167
0.366	0.00061679
0.367	0.000603678
0.368	0.000590825
0.369	0.000578227
0.37	0.000565878
0.371	0.000553774
0.372	0.00054191
0.373	0.00053028
0.374	0.000518881
0.375	0.000507707
0.376	0.000496755
0.377	0.00048602
0.378	0.000475497
0.379	0.000465182
0.38	0.000455072
0.381	0.000445162
0.382	0.000435448
0.383	0.000425927
0.384	0.000416594
0.385	0.000407446
0.386	0.000398479
0.387	0.000389689
0.388	0.000381074
0.389	0.000372629
0.39	0.000364352
0.391	0.000356238
0.392	0.000348285
0.393	0.000340489
0.394	0.000332848
0.395	0.000325358
0.396	0.000318017
0.397	0.000310821
0.398	0.000303767
0.399	0.000296853
0.4	0.000290076
0.401	0.000283433
0.402	0.000276922
0.403	0.000270539
0.404	0.000264283
0.405	0.000258151
0.406	0.00025214
0.407	0.000246248
0.408	0.000240473
0.409	0.000234813
0.41	0.000229264
0.411	0.000223825
0.412	0.000218494
0.413	0.000213269
0.414	0.000208147
0.415	0.000203126
0.416	0.000198205
0.417	0.000193381
0.418	0.000188653
0.419	0.000184018
0.42	0.000179476
0.421	0.000175023
0.422	0.000170658
0.423	0.00016638
0.424	0.000162186
0.425	0.000158076
0.426	0.000154046
0.427	0.000150097
0.428	0.000146226
0.429	0.000142431
0.43	0.000138712
0.431	0.000135066
0.432	0.000131493
0.433	0.00012799
0.434	0.000124557
0.435	0.000121191
0.436	0.000117893
0.437	0.000114659
0.438	0.00011149
0.439	0.000108383
0.44	0.000105338
0.441	0.000102353
0.442	9.94273e-05
0.443	9.65595e-05
0.444	9.37485e-05
0.445	9.09931e-05
0.446	8.82923e-05
0.447	8.5645e-05
0.448	8.30501e-05
0.449	8.05066e-05
0.45	7.80134e-05
0.451	7.55696e-05
0.452	7.31742e-05
0.453	7.08263e-05
0.454	6.85248e-05
0.455	6.62689e-05
0.456	6.40577e-05
0.457	6.18902e-05
0.458	5.97657e-05
0.459	5.76833e-05
0.46	5.5642e-05
0.461	5.36412e-05
0.462	5.168e-05
0.463	4.97577e-05
0.464	4.78734e-05
0.465	4.60264e-05
0.466	4.4216e-05
0.467	4.24415e-05
0.468	4.0702e-05
0.469	3.89971e-05
0.47	3.73258e-05
0.471	3.56877e-05
0.472	3.4082e-05
0.473	3.25081e-05
0.474	3.09654e-05
0.475	2.94532e-05
0.476	2.7971e-05
0.477	2.65181e-05
0.478	2.5094e-05
0.479	2.36981e-05
0.48	2.23298e-05
0.481	2.09886e-05
0.482	1.9674e-05
0.483	1.83854e-05
0.484	1.71223e-05
0.485	1.58843e-05
0.486	1.46707e-05
0.487	1.34812e-05
0.488	1.23152e-05
0.489	1.11724e-05
0.49	1.00521e-05
0.491	8.95409e-06
0.492	7.87778e-06
0.493	6.82278e-06
0.494	5.78867e-06
0.495	4.77503e-06
0.496	3.78145e-06
0.497	2.80753e-06
0.498	1.85288e-06
0.499	9.17121e-07
0.5	1.88173e-11
0.501	9.17188e-07
0.502	1.85289e-06
0.503	2.8075e-06
0.504	3.78139e-06
0.505	4.77496e-06
0.506	5.7886e-06
0.507	6.82272e-06
0.508	7.87774e-06
0.509	8.95406e-06
0.51	1.00521e-05
0.511	1.11724e-05
0.512	1.23153e-05
0.513	1.34812e-05
0.514	1.46707e-05
0.515	1.58843e-05
0.516	1.71224e-05
0.517	1.83854e-05
0.518	1.9674e-05
0.519	2.09886e-05
0.52	2.23298e-05
0.521	2.36981e-05
0.522	2.5094e-05
0.523	2.65181e-05
0.524	2.7971e-05
0.525	2.94532e-05
0.526	3.09654e-05
0.527	3.25081e-05
0.528	3.4082e-05
0.529	3.56877e-05
0.53	3.73258e-05
0.531	3.8997e-05
0.532	4.0702e-05
0.533	4.24414e-05
0.534	4.4216e-05
0.535	4.60264e-05
0.536	4.78734e-05
0.537	4.97577e-05
0.538	5.168e-05
0.539	5.36412e-05
0.54	5.5642e-05
0.541	5.76832e-05
0.542	5.97657e-05
0.543	6.18902e-05
0.544	6.40577e-05
0.545	6.62689e-05
0.546	6.85248e-05
0.547	7.08263e-05
0.548	7.31742e-05
0.549	7.55696e-05
0.55	7.80134e-05
0.551	8.05066e-05
0.552	8.30501e-05
0.553	8.5645e-05
0.554	8.82923e-05
0.555	9.09931e-05
0.556	9.37485e-05
0.557	9.65595e-05
0.558	9.94273e-05
0.559	0.000102353
0.56	0.000105338
0.561	0.000108383
0.562	0.00011149
0.563	0.000114659
0.564	0.000117893
0.565	0.000121191
0.566	0.000124557
0.567	0.00012799
0.568	0.000131493
0.569	0.000135066
0.57	0.000138712
0.571	0.000142432
0.572	0.000146226
0.573	0.000150097
0.574	0.000154046
0.575	0.000158076
0.576	0.000162186
0.577	0.00016638
0.578	0.000170658
0.579	0.000175023
0.58	0.000179476
0.581	0.000184018
0.582	0.000188653
0.583	0.000193381
0.584	0.000198205
0.585	0.000203126
0.586	0.000208147
0.587	0.000213269
0.588	0.000218494
0.589	0.000223825
0.59	0.000229264
0.591	0.000234813
0.592	0.000240473
0.593	0.000246248
0.594	0.00025214
0.595	0.000258151
0.596	0.000264283
0.597	0.000270539
0.598	0.000276922
0.599	0.000283433
0.6	0.000290076
0.601	0.000296853
0.602	0.000303767
0.603	0.000310821
0.604	0.000318017
0.605	0.000325358
0.606	0.000332848
0.607	0.000340489
0.608	0.000348285
0.609	0.000356238
0.61	0.000364352
0.611	0.000372629
0.612	0.000381074
0.613	0.000389689
0.614	0.000398479
0.615	0.000407446
0.616	0.000416594
0.617	0.000425927
0.618	0.000435448
0.619	0.000445162
0.62	0.000455072
0.621	0.000465182
0.622	0.000475497
0.623	0.00048602
0.624	0.000496755
0.625	0.000507707
0.626	0.000518881
0.627	0.00053028
0.628	0.00054191
0.629	0.000553774
0.63	0.000565879
0.631	0.000578227
0.632	0.000590825
0.633	0.000603678
0.634	0.00061679
0.635	0.000630167
0.636	0.000643815
0.637	0.000657738
0.638	0.000671942
0.639	0.000686434
0.64	0.000701218
0.641	0.0007163
0.642	0.000731688
0.643	0.000747386
0.644	0.000763401
0.645	0.00077974
0.646	0.000796409
0.647	0.000813415
0.648	0.000830764
0.649	0.000848464
0.65	0.000866521
0.651	0.000884943
0.652	0.000903738
0.653	0.000922912
0.654	0.000942473
0.655	0.000962429
0.656	0.000982789
0.657	0.00100356
0.658	0.00102475
0.659	0.00104637
0.66	0.00106842
0.661	0.00109092
0.662	0.00111388
0.663	0.0011373
0.664	0.00116119
0.665	0.00118557
0.666	0.00121043
0.667	0.0012358
0.668	0.00126168
0.669	0.00128809
0.67	0.00131503
0.671	0.00134251
0.672	0.00137055
0.673	0.00139915
0.674	0.00142833
0.675	0.00145811
0.676	0.00148848
0.677	0.00151946
0.678	0.00155108
0.679	0.00158333
0.68	0.00161623
0.681	0.0016498
0.682	0.00168404
0.683	0.00171898
0.684	0.00175462
0.685	0.00179099
0.686	0.00182808
0.687	0.00186593
0.688	0.00190454
0.689	0.00194393
0.69	0.00198412
0.691	0.00202512
0.692	0.00206695
0.693	0.00210962
0.694	0.00215315
0.695	0.00219757
0.696	0.00224288
0.697	0.0022891
0.698	0.00233627
0.699	0.00238438
0.7	0.00243346
0.701	0.00248354
0.702	0.00253463
0.703	0.00258675
0.704	0.00263992
0.705	0.00269417
0.706	0.00274951
0.707	0.00280597
0.708	0.00286357
0.709	0.00292234
0.71	0.00298229
0.711	0.00304345
0.712	0.00310585
0.713	0.00316951
0.714	0.00323446
0.715	0.00330072
0.716	0.00336831
0.717	0.00343727
0.718	0.00350763
0.719	0.0035794
0.72	0.00365263
0.721	0.00372733
0.722	0.00380355
0.723	0.0038813
0.724	0.00396063
0.725	0.00404155
0.726	0.00412412
0.727	0.00420835
0.728	0.00429428
0.729	0.00438195
0.73	0.00447138
0.731	0.00456263
0.732	0.00465572
0.733	0.00475069
0.734	0.00484757
0.735	0.00494642
0.736	0.00504726
0.737	0.00515014
0.738	0.0052551
0.739	0.00536217
0.74	0.00547141
0.741	0.00558286
0.742	0.00569656
0.743	0.00581255
0.744	0.00593089
0.745	0.00605162
0.746	0.00617479
0.747	0.00630045
0.748	0.00642864
0.749	0.00655942
0.75	0.00669285
0.751	0.00682897
0.752	0.00696784
0.753	0.00710952
0.754	0.00725406
0.755	0.00740152
0.756	0.00755196
0.757	0.00770543
0.758	0.00786201
0.759	0.00802175
0.76	0.00818472
0.761	0.00835098
0.762	0.0085206
0.763	0.00869364
0.764	0.00887018
0.765	0.00905029
0.766	0.00923403
0.767	0.00942149
0.768	0.00961273
0.769	0.00980784
0.77	0.0100069
0.771	0.01021
0.772	0.0104171
0.773	0.0106285
0.774	0.0108441
0.775	0.0110641
0.776	0.0112885
0.777	0.0115175
0.778	0.0117511
0.779	0.0119894
0.78	0.0122325
0.781	0.0124805
0.782	0.0127336
0.783	0.0129917
0.784	0.0132551
0.785	0.0135238
0.786	0.0137979
0.787	0.0140775
0.788	0.0143628
0.789	0.0146539
0.79	0.0149509
0.791	0.0152538
0.792	0.0155629
0.793	0.0158782
0.794	0.0161998
0.795	0.016528
0.796	0.0168628
0.797	0.0172044
0.798	0.0175529
0.799	0.0179084
0.8	0.0182711
0.801	0.0186411
0.802	0.0190186
0.803	0.0194037
0.804	0.0197966
0.805	0.0201974
0.806	0.0206064
0.807	0.0210236
0.808	0.0214492
0.809	0.0218834
0.81	0.0223264
0.811	0.0227783
0.812	0.0232394
0.813	0.0237098
0.814	0.0241897
0.815	0.0246792
0.816	0.0251787
0.817	0.0256883
0.818	0.0262081
0.819	0.0267385
0.82	0.0272796
0.821	0.0278316
0.822	0.0283947
0.823	0.0289692
0.824	0.0295554
0.825	0.0301534
0.826	0.0307634
0.827	0.0313858
0.828	0.0320207
0.829	0.0326685
0.83	0.0333294
0.831	0.0340036
0.832	0.0346914
0.833	0.0353932
0.834	0.0361091
0.835	0.0368394
0.836	0.0375846
0.837	0.0383447
0.838	0.0391203
0.839	0.0399115
0.84	0.0407187
0.841	0.0415421
0.842	0.0423823
0.843	0.0432394
0.844	0.0441138
0.845	0.0450058
0.846	0.0459159
0.847	0.0468444
0.848	0.0477917
0.849	0.048758
0.85	0.0497439
0.851	0.0507497
0.852	0.0517759
0.853	0.0528227
0.854	0.0538907
0.855	0.0549803
0.856	0.0560919
0.857	0.057226
0.858	0.0583829
0.859	0.0595632
0.86	0.0607674
0.861	0.0619959
0.862	0.0632492
0.863	0.0645279
0.864	0.0658323
0.865	0.0671632
0.866	0.0685209
0.867	0.069906
0.868	0.0713191
0.869	0.0727608
0.87	0.0742315
0.871	0.075732
0.872	0.0772628
0.873	0.0788246
0.874	0.0804179
0.875	0.0820433
0.876	0.0837016
0.877	0.0853934
0.878	0.0871194
0.879	0.0888803
0.88	0.0906767
0.881	0.0925094
0.882	0.0943791
0.883	0.0962866
0.884	0.0982326
0.885	0.100218
0.886	0.102243
0.887	0.10431
0.888	0.106418
0.889	0.108569
0.89	0.110763
0.891	0.113001
0.892	0.115285
0.893	0.117615
0.894	0.119992
0.895	0.122417
0.896	0.12489
0.897	0.127414
0.898	0.129989
0.899	0.132616
0.9	0.135296
0.901	0.13803
0.902	0.140819
0.903	0.143665
0.904	0.146568
0.905	0.14953
0.906	0.152552
0.907	0.155634
0.908	0.158779
0.909	0.161988
0.91	0.165261
0.911	0.1686
0.912	0.172007
0.913	0.175483
0.914	0.179029
0.915	0.182646
0.916	0.186337
0.917	0.190102
0.918	0.193943
0.919	0.197862
0.92	0.20186
0.921	0.205939
0.922	0.2101
0.923	0.214345
0.924	0.218676
0.925	0.223095
0.926	0.227603
0.927	0.232201
0.928	0.236893
0.929	0.24168
0.93	0.246563
0.931	0.251545
0.932	0.256627
0.933	0.261812
0.934	0.267102
0.935	0.272499
0.936	0.278005
0.937	0.283622
0.938	0.289352
0.939	0.295198
0.94	0.301162
0.941	0.307247
0.942	0.313455
0.943	0.319788
0.944	0.326249
0.945	0.332841
0.946	0.339566
0.947	0.346426
0.948	0.353425
0.949	0.360566
0.95	0.367851
0.951	0.375283
0.952	0.382865
0.953	0.3906
0.954	0.398492
0.955	0.406543
0.956	0.414756
0.957	0.423136
0.958	0.431685
0.959	0.440406
0.96	0.449304
0.961	0.458381
0.962	0.467642
0.963	0.47709
0.964	0.486729
0.965	0.496562
0.966	0.506595
0.967	0.516829
0.968	0.527271
0.969	0.537923
0.97	0.548791
0.971	0.559878
0.972	0.57119
0.973	0.582729
0.974	0.594502
0.975	0.606513
0.976	0.618766
0.977	0.631267
0.978	0.64402
0.979	0.657031
0.98	0.670305
0.981	0.683847
0.982	0.697663
0.983	0.711757
0.984	0.726137
0.985	0.740806
0.986	0.755773
0.987	0.771041
0.988	0.786618
0.989	0.80251
0.99	0.818723
0.991	0.835263
0.992	0.852137
0.993	0.869352
0.994	0.886915
0.995	0.904833
0.996	0.923113
0.997	0.941762
0.998	0.960788
0.999	0.980198
