# Interpolation data for function: (exp(10*(abs(2*x-1)))-1)/(exp(10)-1)
0	0.987703
0.001	0.96931
0.002	0.951225
0.003	0.933445
0.004	0.915964
0.005	0.898779
0.006	0.881886
0.007	0.865279
0.008	0.848956
0.009	0.832911
0.01	0.817141
0.011	0.801642
0.012	0.786409
0.013	0.771439
0.014	0.756729
0.015	0.742273
0.016	0.728069
0.017	0.714112
0.018	0.700399
0.019	0.686927
0.02	0.673691
0.021	0.660688
0.022	0.647915
0.023	0.635367
0.024	0.623043
0.025	0.610938
0.026	0.599048
0.027	0.587371
0.028	0.575904
0.029	0.564643
0.03	0.553584
0.031	0.542726
0.032	0.532064
0.033	0.521596
0.034	0.511318
0.035	0.501228
0.036	0.491322
0.037	0.481599
0.038	0.472054
0.039	0.462685
0.04	0.453489
0.041	0.444464
0.042	0.435607
0.043	0.426914
0.044	0.418384
0.045	0.410014
0.046	0.401801
0.047	0.393742
0.048	0.385836
0.049	0.378079
0.05	0.370469
0.051	0.363004
0.052	0.355681
0.053	0.348498
0.054	0.341453
0.055	0.334542
0.056	0.327766
0.057	0.321119
0.058	0.314602
0.059	0.308211
0.06	0.301944
0.061	0.295799
0.062	0.289775
0.063	0.283868
0.064	0.278078
0.065	0.272401
0.066	0.266837
0.067	0.261382
0.068	0.256036
0.069	0.250796
0.07	0.245661
0.071	0.240628
0.072	0.235696
0.073	0.230862
0.074	0.226127
0.075	0.221486
0.076	0.216939
0.077	0.212485
0.078	0.208121
0.079	0.203845
0.08	0.199657
0.081	0.195555
0.082	0.191536
0.083	0.1876
0.084	0.183745
0.085	0.17997
0.086	0.176272
0.087	0.172651
0.088	0.169106
0.089	0.165634
0.09	0.162234
0.091	0.158905
0.092	0.155646
0.093	0.152455
0.094	0.149332
0.095	0.146274
0.096	0.14328
0.097	0.14035
0.098	0.137482
0.099	0.134674
0.1	0.131926
0.101	0.129237
0.102	0.126605
0.103	0.124029
0.104	0.121508
0.105	0.119041
0.106	0.116627
0.107	0.114265
0.108	0.111954
0.109	0.109692
0.11	0.107479
0.111	0.105314
0.112	0.103196
0.113	0.101124
0.114	0.0990964
0.115	0.097113
0.116	0.0951727
0.117	0.0932745
0.118	0.0914177
0.119	0.0896013
0.12	0.0878245
0.121	0.0860865
0.122	0.0843864
0.123	0.0827234
0.124	0.0810968
0.125	0.0795058
0.126	0.0779495
0.127	0.0764273
0.128	0.0749385
0.129	0.0734822
0.13	0.0720578
0.131	0.0706646
0.132	0.0693019
0.133	0.067969
0.134	0.0666653
0.135	0.0653901
0.136	0.0641428
0.137	0.0629228
0.138	0.0617294
0.139	0.0605621
0.14	0.0594202
0.141	0.0583032
0.142	0.0572105
0.143	0.0561415
0.144	0.0550958
0.145	0.0540727
0.146	0.0530718
0.147	0.0520925
0.148	0.0511344
0.149	0.0501969
0.15	0.0492795
0.151	0.0483818
0.152	0.0475033
0.153	0.0466436
0.154	0.0458022
0.155	0.0449786
0.156	0.0441725
0.157	0.0433834
0.158	0.0426109
0.159	0.0418546
0.16	0.0411142
0.161	0.0403891
0.162	0.0396791
0.163	0.0389838
0.164	0.0383028
0.165	0.0376358
0.166	0.0369824
0.167	0.0363423
0.168	0.0357151
0.169	0.0351005
0.17	0.0344983
0.171	0.033908
0.172	0.0333294
0.173	0.0327623
0.174	0.0322062
0.175	0.031661
0.176	0.0311263
0.177	0.030602
0.178	0.0300876
0.179	0.029583
0.18	0.0290879
0.181	0.0286021
0.182	0.0281253
0.183	0.0276573
0.184	0.0271979
0.185	0.0267468
0.186	0.0263039
0.187	0.0258689
0.188	0.0254416
0.189	0.0250218
0.19	0.0246093
0.191	0.024204
0.192	0.0238056
0.193	0.023414
0.194	0.023029
0.195	0.0226503
0.196	0.022278
0.197	0.0219117
0.198	0.0215513
0.199	0.0211968
0.2	0.0208478
0.201	0.0205044
0.202	0.0201663
0.203	0.0198333
0.204	0.0195055
0.205	0.0191826
0.206	0.0188646
0.207	0.0185512
0.208	0.0182424
0.209	0.0179381
0.21	0.0176381
0.211	0.0173423
0.212	0.0170508
0.213	0.0167632
0.214	0.0164796
0.215	0.0161998
0.216	0.0159238
0.217	0.0156515
0.218	0.0153827
0.219	0.0151174
0.22	0.0148556
0.221	0.0145971
0.222	0.0143418
0.223	0.0140898
0.224	0.0138408
0.225	0.0135949
0.226	0.013352
0.227	0.013112
0.228	0.0128749
0.229	0.0126406
0.23	0.012409
0.231	0.0121802
0.232	0.011954
0.233	0.0117303
0.234	0.0115092
0.235	0.0112906
0.236	0.0110745
0.237	0.0108608
0.238	0.0106494
0.239	0.0104404
0.24	0.0102337
0.241	0.0100292
0.242	0.00982699
0.243	0.00962695
0.244	0.00942906
0.245	0.00923331
0.246	0.00903965
0.247	0.00884808
0.248	0.00865855
0.249	0.00847105
0.25	0.00828555
0.251	0.00810204
0.252	0.00792048
0.253	0.00774086
0.254	0.00756316
0.255	0.00738737
0.256	0.00721346
0.257	0.00704143
0.258	0.00687125
0.259	0.00670292
0.26	0.00653641
0.261	0.00637172
0.262	0.00620884
0.263	0.00604775
0.264	0.00588844
0.265	0.00573092
0.266	0.00557516
0.267	0.00542116
0.268	0.00526891
0.269	0.0051184
0.27	0.00496964
0.271	0.00482261
0.272	0.00467731
0.273	0.00453373
0.274	0.00439187
0.275	0.00425173
0.276	0.00411329
0.277	0.00397657
0.278	0.00384155
0.279	0.00370824
0.28	0.00357663
0.281	0.00344672
0.282	0.00331851
0.283	0.00319199
0.284	0.00306717
0.285	0.00294405
0.286	0.00282261
0.287	0.00270288
0.288	0.00258483
0.289	0.00246848
0.29	0.00235383
0.291	0.00224086
0.292	0.00212959
0.293	0.00202001
0.294	0.00191213
0.295	0.00180594
0.296	0.00170144
0.297	0.00159863
0.298	0.00149752
0.299	0.0013981
0.3	0.00130037
0.301	0.00120434
0.302	0.00111
0.303	0.00101735
0.304	0.000926402
0.305	0.000837141
0.306	0.000749572
0.307	0.000663694
0.308	0.000579507
0.309	0.000497009
0.31	0.0004162
0.311	0.000337077
0.312	0.000259641
0.313	0.000183889
0.314	0.000109819
0.315	3.743e-05
0.316	-3.32811e-05
0.317	-0.000102316
0.318	-0.000169678
0.319	-0.00023537
0.32	-0.000299395
0.321	-0.000361756
0.322	-0.000422456
0.323	-0.0004815
0.324	-0.000538891
0.325	-0.000594634
0.326	-0.000648734
0.327	-0.000701195
0.328	-0.000752023
0.329	-0.000801222
0.33	-0.000848799
0.331	-0.00089476
0.332	-0.00093911
0.333	-0.000981856
0.334	-0.00102301
0.335	-0.00106257
0.336	-0.00110054
0.337	-0.00113695
0.338	-0.00117178
0.339	-0.00120506
0.34	-0.00123679
0.341	-0.00126697
0.342	-0.00129563
0.343	-0.00132276
0.344	-0.00134838
0.345	-0.00137249
0.346	-0.00139512
0.347	-0.00141626
0.348	-0.00143593
0.349	-0.00145414
0.35	-0.00147091
0.351	-0.00148623
0.352	-0.00150014
0.353	-0.00151263
0.354	-0.00152372
0.355	-0.00153343
0.356	-0.00154176
0.357	-0.00154873
0.358	-0.00155436
0.359	-0.00155866
0.36	-0.00156164
0.361	-0.00156331
0.362	-0.0015637
0.363	-0.00156282
0.364	-0.00156068
0.365	-0.00155729
0.366	-0.00155268
0.367	-0.00154686
0.368	-0.00153985
0.369	-0.00153166
0.37	-0.00152231
0.371	-0.00151182
0.372	-0.0015002
0.373	-0.00148747
0.374	-0.00147365
0.375	-0.00145876
0.376	-0.00144281
0.377	-0.00142583
0.378	-0.00140783
0.379	-0.00138883
0.38	-0.00136885
0.381	-0.00134791
0.382	-0.00132603
0.383	-0.00130322
0.384	-0.00127951
0.385	-0.00125492
0.386	-0.00122946
0.387	-0.00120316
0.388	-0.00117604
0.389	-0.00114811
0.39	-0.0011194
0.391	-0.00108993
0.392	-0.00105972
0.393	-0.00102878
0.394	-0.000997149
0.395	-0.000964836
0.396	-0.000931865
0.397	-0.000898257
0.398	-0.000864033
0.399	-0.000829215
0.4	-0.000793824
0.401	-0.000757881
0.402	-0.000721408
0.403	-0.000684426
0.404	-0.000646957
0.405	-0.000609022
0.406	-0.000570644
0.407	-0.000531842
0.408	-0.00049264
0.409	-0.000453059
0.41	-0.000413121
0.411	-0.000372847
0.412	-0.000332258
0.413	-0.000291377
0.414	-0.000250225
0.415	-0.000208824
0.416	-0.000167194
0.417	-0.000125358
0.418	-8.33374e-05
0.419	-4.1153e-05
0.42	1.17381e-06
0.421	4.36216e-05
0.422	8.61694e-05
0.423	0.000128796
0.424	0.00017148
0.425	0.000214201
0.426	0.000256939
0.427	0.000299671
0.428	0.000342379
0.429	0.000385041
0.43	0.000427636
0.431	0.000470146
0.432	0.000512549
0.433	0.000554826
0.434	0.000596957
0.435	0.000638922
0.436	0.000680702
0.437	0.000722277
0.438	0.000763629
0.439	0.000804738
0.44	0.000845586
0.441	0.000886154
0.442	0.000926424
0.443	0.000966376
0.444	0.00100599
0.445	0.00104526
0.446	0.00108416
0.447	0.00112266
0.448	0.00116077
0.449	0.00119845
0.45	0.0012357
0.451	0.00127249
0.452	0.00130881
0.453	0.00134464
0.454	0.00137997
0.455	0.00141478
0.456	0.00144906
0.457	0.00148279
0.458	0.00151596
0.459	0.00154856
0.46	0.00158056
0.461	0.00161195
0.462	0.00164273
0.463	0.00167288
0.464	0.00170238
0.465	0.00173123
0.466	0.00175941
0.467	0.0017869
0.468	0.00181371
0.469	0.0018398
0.47	0.00186519
0.471	0.00188984
0.472	0.00191376
0.473	0.00193694
0.474	0.00195935
0.475	0.00198101
0.476	0.00200188
0.477	0.00202197
0.478	0.00204127
0.479	0.00205977
0.48	0.00207746
0.481	0.00209434
0.482	0.00211039
0.483	0.00212561
0.484	0.00214
0.485	0.00215355
0.486	0.00216625
0.487	0.00217809
0.488	0.00218908
0.489	0.00219921
0.49	0.00220847
0.491	0.00221686
0.492	0.00222437
0.493	0.00223101
0.494	0.00223677
0.495	0.00224165
0.496	0.00224564
0.497	0.00224875
0.498	0.00225097
0.499	0.0022523
0.5	0.00225275
0.501	0.0022523
0.502	0.00225097
0.503	0.00224875
0.504	0.00224564
0.505	0.00224165
0.506	0.00223677
0.507	0.00223101
0.508	0.00222437
0.509	0.00221686
0.51	0.00220847
0.511	0.00219921
0.512	0.00218908
0.513	0.00217809
0.514	0.00216625
0.515	0.00215355
0.516	0.00214
0.517	0.00212561
0.518	0.00211039
0.519	0.00209434
0.52	0.00207746
0.521	0.00205977
0.522	0.00204127
0.523	0.00202197
0.524	0.00200188
0.525	0.00198101
0.526	0.00195935
0.527	0.00193694
0.528	0.00191376
0.529	0.00188984
0.53	0.00186519
0.531	0.0018398
0.532	0.00181371
0.533	0.0017869
0.534	0.00175941
0.535	0.00173123
0.536	0.00170238
0.537	0.00167288
0.538	0.00164273
0.539	0.00161195
0.54	0.00158056
0.541	0.00154856
0.542	0.00151596
0.543	0.00148279
0.544	0.00144906
0.545	0.00141478
0.546	0.00137997
0.547	0.00134464
0.548	0.00130881
0.549	0.00127249
0.55	0.0012357
0.551	0.00119845
0.552	0.00116077
0.553	0.00112266
0.554	0.00108416
0.555	0.00104526
0.556	0.00100599
0.557	0.000966376
0.558	0.000926424
0.559	0.000886154
0.56	0.000845586
0.561	0.000804738
0.562	0.000763629
0.563	0.000722277
0.564	0.000680702
0.565	0.000638922
0.566	0.000596957
0.567	0.000554826
0.568	0.000512549
0.569	0.000470146
0.57	0.000427636
0.571	0.000385041
0.572	0.000342379
0.573	0.000299671
0.574	0.000256939
0.575	0.000214201
0.576	0.00017148
0.577	0.000128796
0.578	8.61694e-05
0.579	4.36216e-05
0.58	1.17381e-06
0.581	-4.1153e-05
0.582	-8.33374e-05
0.583	-0.000125358
0.584	-0.000167194
0.585	-0.000208824
0.586	-0.000250225
0.587	-0.000291377
0.588	-0.000332258
0.589	-0.000372847
0.59	-0.000413121
0.591	-0.000453059
0.592	-0.00049264
0.593	-0.000531842
0.594	-0.000570644
0.595	-0.000609022
0.596	-0.000646957
0.597	-0.000684426
0.598	-0.000721408
0.599	-0.000757881
0.6	-0.000793824
0.601	-0.000829215
0.602	-0.000864033
0.603	-0.000898257
0.604	-0.000931865
0.605	-0.000964836
0.606	-0.000997149
0.607	-0.00102878
0.608	-0.00105972
0.609	-0.00108993
0.61	-0.0011194
0.611	-0.00114811
0.612	-0.00117604
0.613	-0.00120316
0.614	-0.00122946
0.615	-0.00125492
0.616	-0.00127951
0.617	-0.00130322
0.618	-0.00132603
0.619	-0.00134791
0.62	-0.00136885
0.621	-0.00138883
0.622	-0.00140783
0.623	-0.00142583
0.624	-0.00144281
0.625	-0.00145876
0.626	-0.00147365
0.627	-0.00148747
0.628	-0.0015002
0.629	-0.00151182
0.63	-0.00152231
0.631	-0.00153166
0.632	-0.00153985
0.633	-0.00154686
0.634	-0.00155268
0.635	-0.00155729
0.636	-0.00156068
0.637	-0.00156282
0.638	-0.0015637
0.639	-0.00156331
0.64	-0.00156164
0.641	-0.00155866
0.642	-0.00155436
0.643	-0.00154873
0.644	-0.00154176
0.645	-0.00153343
0.646	-0.00152372
0.647	-0.00151263
0.648	-0.00150014
0.649	-0.00148623
0.65	-0.00147091
0.651	-0.00145414
0.652	-0.00143593
0.653	-0.00141626
0.654	-0.00139512
0.655	-0.00137249
0.656	-0.00134838
0.657	-0.00132276
0.658	-0.00129563
0.659	-0.00126697
0.66	-0.00123679
0.661	-0.00120506
0.662	-0.00117178
0.663	-0.00113695
0.664	-0.00110054
0.665	-0.00106257
0.666	-0.00102301
0.667	-0.000981856
0.668	-0.00093911
0.669	-0.00089476
0.67	-0.000848799
0.671	-0.000801222
0.672	-0.000752023
0.673	-0.000701195
0.674	-0.000648734
0.675	-0.000594634
0.676	-0.000538891
0.677	-0.0004815
0.678	-0.000422456
0.679	-0.000361756
0.68	-0.000299395
0.681	-0.00023537
0.682	-0.000169678
0.683	-0.000102316
0.684	-3.32811e-05
0.685	3.743e-05
0.686	0.000109819
0.687	0.000183889
0.688	0.000259641
0.689	0.000337077
0.69	0.0004162
0.691	0.000497009
0.692	0.000579507
0.693	0.000663694
0.694	0.000749572
0.695	0.000837141
0.696	0.000926402
0.697	0.00101735
0.698	0.00111
0.699	0.00120434
0.7	0.00130037
0.701	0.0013981
0.702	0.00149752
0.703	0.00159863
0.704	0.00170144
0.705	0.00180594
0.706	0.00191213
0.707	0.00202001
0.708	0.00212959
0.709	0.00224086
0.71	0.00235383
0.711	0.00246848
0.712	0.00258483
0.713	0.00270288
0.714	0.00282261
0.715	0.00294405
0.716	0.00306717
0.717	0.00319199
0.718	0.00331851
0.719	0.00344672
0.72	0.00357663
0.721	0.00370824
0.722	0.00384155
0.723	0.00397657
0.724	0.00411329
0.725	0.00425173
0.726	0.00439187
0.727	0.00453373
0.728	0.00467731
0.729	0.00482261
0.73	0.00496964
0.731	0.0051184
0.732	0.00526891
0.733	0.00542116
0.734	0.00557516
0.735	0.00573092
0.736	0.00588844
0.737	0.00604775
0.738	0.00620884
0.739	0.00637172
0.74	0.00653641
0.741	0.00670292
0.742	0.00687125
0.743	0.00704143
0.744	0.00721346
0.745	0.00738737
0.746	0.00756316
0.747	0.00774086
0.748	0.00792048
0.749	0.00810204
0.75	0.00828555
0.751	0.00847105
0.752	0.00865855
0.753	0.00884808
0.754	0.00903965
0.755	0.00923331
0.756	0.00942906
0.757	0.00962695
0.758	0.00982699
0.759	0.0100292
0.76	0.0102337
0.761	0.0104404
0.762	0.0106494
0.763	0.0108608
0.764	0.0110745
0.765	0.0112906
0.766	0.0115092
0.767	0.0117303
0.768	0.011954
0.769	0.0121802
0.77	0.012409
0.771	0.0126406
0.772	0.0128749
0.773	0.013112
0.774	0.013352
0.775	0.0135949
0.776	0.0138408
0.777	0.0140898
0.778	0.0143418
0.779	0.0145971
0.78	0.0148556
0.781	0.0151174
0.782	0.0153827
0.783	0.0156515
0.784	0.0159238
0.785	0.0161998
0.786	0.0164796
0.787	0.0167632
0.788	0.0170508
0.789	0.0173423
0.79	0.0176381
0.791	0.0179381
0.792	0.0182424
0.793	0.0185512
0.794	0.0188646
0.795	0.0191826
0.796	0.0195055
0.797	0.0198333
0.798	0.0201663
0.799	0.0205044
0.8	0.0208478
0.801	0.0211968
0.802	0.0215513
0.803	0.0219117
0.804	0.022278
0.805	0.0226503
0.806	0.023029
0.807	0.023414
0.808	0.0238056
0.809	0.024204
0.81	0.0246093
0.811	0.0250218
0.812	0.0254416
0.813	0.0258689
0.814	0.0263039
0.815	0.0267468
0.816	0.0271979
0.817	0.0276573
0.818	0.0281253
0.819	0.0286021
0.82	0.0290879
0.821	0.029583
0.822	0.0300876
0.823	0.030602
0.824	0.0311263
0.825	0.031661
0.826	0.0322062
0.827	0.0327623
0.828	0.0333294
0.829	0.033908
0.83	0.0344983
0.831	0.0351005
0.832	0.0357151
0.833	0.0363423
0.834	0.0369824
0.835	0.0376358
0.836	0.0383028
0.837	0.0389838
0.838	0.0396791
0.839	0.0403891
0.84	0.0411142
0.841	0.0418546
0.842	0.0426109
0.843	0.0433834
0.844	0.0441725
0.845	0.0449786
0.846	0.0458022
0.847	0.0466436
0.848	0.0475033
0.849	0.0483818
0.85	0.0492795
0.851	0.0501969
0.852	0.0511344
0.853	0.0520925
0.854	0.0530718
0.855	0.0540727
0.856	0.0550958
0.857	0.0561415
0.858	0.0572105
0.859	0.0583032
0.86	0.0594202
0.861	0.0605621
0.862	0.0617294
0.863	0.0629228
0.864	0.0641428
0.865	0.0653901
0.866	0.0666653
0.867	0.067969
0.868	0.0693019
0.869	0.0706646
0.87	0.0720578
0.871	0.0734822
0.872	0.0749385
0.873	0.0764273
0.874	0.0779495
0.875	0.0795058
0.876	0.0810968
0.877	0.0827234
0.878	0.0843864
0.879	0.0860865
0.88	0.0878245
0.881	0.0896013
0.882	0.0914177
0.883	0.0932745
0.884	0.0951727
0.885	0.097113
0.886	0.0990964
0.887	0.101124
0.888	0.103196
0.889	0.105314
0.89	0.107479
0.891	0.109692
0.892	0.111954
0.893	0.114265
0.894	0.116627
0.895	0.119041
0.896	0.121508
0.897	0.124029
0.898	0.126605
0.899	0.129237
0.9	0.131926
0.901	0.134674
0.902	0.137482
0.903	0.14035
0.904	0.14328
0.905	0.146274
0.906	0.149332
0.907	0.152455
0.908	0.155646
0.909	0.158905
0.91	0.162234
0.911	0.165634
0.912	0.169106
0.913	0.172651
0.914	0.176272
0.915	0.17997
0.916	0.183745
0.917	0.1876
0.918	0.191536
0.919	0.195555
0.92	0.199657
0.921	0.203845
0.922	0.208121
0.923	0.212485
0.924	0.216939
0.925	0.221486
0.926	0.226127
0.927	0.230862
0.928	0.235696
0.929	0.240628
0.93	0.245661
0.931	0.250796
0.932	0.256036
0.933	0.261382
0.934	0.266837
0.935	0.272401
0.936	0.278078
0.937	0.283868
0.938	0.289775
0.939	0.295799
0.94	0.301944
0.941	0.308211
0.942	0.314602
0.943	0.321119
0.944	0.327766
0.945	0.334542
0.946	0.341453
0.947	0.348498
0.948	0.355681
0.949	0.363004
0.95	0.370469
0.951	0.378079
0.952	0.385836
0.953	0.393742
0.954	0.401801
0.955	0.410014
0.956	0.418384
0.957	0.426914
0.958	0.435607
0.959	0.444464
0.96	0.453489
0.961	0.462685
0.962	0.472054
0.963	0.481599
0.964	0.491322
0.965	0.501228
0.966	0.511318
0.967	0.521596
0.968	0.532064
0.969	0.542726
0.97	0.553584
0.971	0.564643
0.972	0.575904
0.973	0.587371
0.974	0.599048
0.975	0.610938
0.976	0.623043
0.977	0.635367
0.978	0.647915
0.979	0.660688
0.98	0.673691
0.981	0.686927
0.982	0.700399
0.983	0.714112
0.984	0.728069
0.985	0.742273
0.986	0.756729
0.987	0.771439
0.988	0.786409
0.989	0.801642
0.99	0.817141
0.991	0.832911
0.992	0.848956
0.993	0.865279
0.994	0.881886
0.995	0.898779
0.996	0.915964
0.997	0.933445
0.998	0.951225
0.999	0.96931
