# Interpolation data for function: (exp(10*(abs(2*x-1)))-1)/(exp(10)-1)
0	0.784933
0.001	0.776375
0.002	0.767879
0.003	0.759444
0.004	0.75107
0.005	0.742757
0.006	0.734504
0.007	0.726312
0.008	0.71818
0.009	0.710108
0.01	0.702096
0.011	0.694142
0.012	0.686248
0.013	0.678413
0.014	0.670636
0.015	0.662917
0.016	0.655257
0.017	0.647654
0.018	0.640108
0.019	0.63262
0.02	0.625189
0.021	0.617815
0.022	0.610497
0.023	0.603235
0.024	0.596029
0.025	0.588879
0.026	0.581784
0.027	0.574744
0.028	0.567759
0.029	0.560829
0.03	0.553954
0.031	0.547132
0.032	0.540364
0.033	0.53365
0.034	0.52699
0.035	0.520382
0.036	0.513828
0.037	0.507326
0.038	0.500876
0.039	0.494479
0.04	0.488134
0.041	0.48184
0.042	0.475597
0.043	0.469406
0.044	0.463266
0.045	0.457176
0.046	0.451137
0.047	0.445148
0.048	0.439209
0.049	0.433319
0.05	0.427479
0.051	0.421688
0.052	0.415946
0.053	0.410253
0.054	0.404609
0.055	0.399012
0.056	0.393464
0.057	0.387963
0.058	0.38251
0.059	0.377104
0.06	0.371746
0.061	0.366434
0.062	0.361168
0.063	0.355949
0.064	0.350776
0.065	0.345649
0.066	0.340568
0.067	0.335532
0.068	0.330541
0.069	0.325595
0.07	0.320694
0.071	0.315837
0.072	0.311025
0.073	0.306256
0.074	0.301532
0.075	0.296851
0.076	0.292213
0.077	0.287618
0.078	0.283066
0.079	0.278557
0.08	0.27409
0.081	0.269666
0.082	0.265283
0.083	0.260942
0.084	0.256643
0.085	0.252385
0.086	0.248168
0.087	0.243992
0.088	0.239856
0.089	0.235761
0.09	0.231706
0.091	0.227691
0.092	0.223716
0.093	0.21978
0.094	0.215884
0.095	0.212026
0.096	0.208208
0.097	0.204428
0.098	0.200687
0.099	0.196984
0.1	0.193318
0.101	0.189691
0.102	0.186101
0.103	0.182549
0.104	0.179033
0.105	0.175555
0.106	0.172113
0.107	0.168708
0.108	0.165339
0.109	0.162007
0.11	0.15871
0.111	0.155448
0.112	0.152222
0.113	0.149032
0.114	0.145876
0.115	0.142756
0.116	0.13967
0.117	0.136618
0.118	0.1336
0.119	0.130617
0.12	0.127667
0.121	0.124751
0.122	0.121868
0.123	0.119019
0.124	0.116202
0.125	0.113418
0.126	0.110667
0.127	0.107948
0.128	0.105262
0.129	0.102607
0.13	0.0999842
0.131	0.0973929
0.132	0.0948329
0.133	0.0923042
0.134	0.0898064
0.135	0.0873394
0.136	0.0849029
0.137	0.0824969
0.138	0.0801211
0.139	0.0777752
0.14	0.0754592
0.141	0.0731728
0.142	0.0709158
0.143	0.068688
0.144	0.0664893
0.145	0.0643194
0.146	0.0621782
0.147	0.0600654
0.148	0.0579809
0.149	0.0559245
0.15	0.053896
0.151	0.0518952
0.152	0.0499218
0.153	0.0479759
0.154	0.046057
0.155	0.0441652
0.156	0.0423001
0.157	0.0404615
0.158	0.0386494
0.159	0.0368635
0.16	0.0351037
0.161	0.0333696
0.162	0.0316613
0.163	0.0299784
0.164	0.0283209
0.165	0.0266884
0.166	0.0250809
0.167	0.0234982
0.168	0.0219401
0.169	0.0204063
0.17	0.0188968
0.171	0.0174114
0.172	0.0159498
0.173	0.0145119
0.174	0.0130975
0.175	0.0117065
0.176	0.0103386
0.177	0.00899375
0.178	0.00767171
0.179	0.00637232
0.18	0.0050954
0.181	0.00384078
0.182	0.0026083
0.183	0.00139777
0.184	0.000209034
0.185	-0.000958084
0.186	-0.00210375
0.187	-0.00322814
0.188	-0.00433142
0.189	-0.00541375
0.19	-0.0064753
0.191	-0.00751625
0.192	-0.00853675
0.193	-0.00953698
0.194	-0.0105171
0.195	-0.0114773
0.196	-0.0124176
0.197	-0.0133384
0.198	-0.0142397
0.199	-0.0151217
0.2	-0.0159846
0.201	-0.0168285
0.202	-0.0176536
0.203	-0.0184601
0.204	-0.019248
0.205	-0.0200177
0.206	-0.0207691
0.207	-0.0215026
0.208	-0.0222182
0.209	-0.0229161
0.21	-0.0235964
0.211	-0.0242594
0.212	-0.0249052
0.213	-0.0255338
0.214	-0.0261456
0.215	-0.0267406
0.216	-0.0273189
0.217	-0.0278809
0.218	-0.0284265
0.219	-0.0289559
0.22	-0.0294694
0.221	-0.029967
0.222	-0.0304489
0.223	-0.0309152
0.224	-0.0313662
0.225	-0.0318019
0.226	-0.0322224
0.227	-0.0326281
0.228	-0.0330189
0.229	-0.033395
0.23	-0.0337566
0.231	-0.0341039
0.232	-0.0344369
0.233	-0.0347558
0.234	-0.0350608
0.235	-0.035352
0.236	-0.0356296
0.237	-0.0358936
0.238	-0.0361442
0.239	-0.0363817
0.24	-0.036606
0.241	-0.0368174
0.242	-0.037016
0.243	-0.0372019
0.244	-0.0373752
0.245	-0.0375362
0.246	-0.0376849
0.247	-0.0378215
0.248	-0.0379461
0.249	-0.0380589
0.25	-0.0381599
0.251	-0.0382494
0.252	-0.0383274
0.253	-0.0383941
0.254	-0.0384497
0.255	-0.0384941
0.256	-0.0385277
0.257	-0.0385505
0.258	-0.0385626
0.259	-0.0385643
0.26	-0.0385555
0.261	-0.0385364
0.262	-0.0385073
0.263	-0.0384681
0.264	-0.038419
0.265	-0.0383602
0.266	-0.0382918
0.267	-0.0382139
0.268	-0.0381266
0.269	-0.03803
0.27	-0.0379244
0.271	-0.0378097
0.272	-0.0376861
0.273	-0.0375538
0.274	-0.0374129
0.275	-0.0372635
0.276	-0.0371057
0.277	-0.0369396
0.278	-0.0367653
0.279	-0.0365831
0.28	-0.0363929
0.281	-0.0361949
0.282	-0.0359893
0.283	-0.0357761
0.284	-0.0355555
0.285	-0.0353275
0.286	-0.0350923
0.287	-0.0348501
0.288	-0.0346009
0.289	-0.0343448
0.29	-0.034082
0.291	-0.0338125
0.292	-0.0335365
0.293	-0.0332541
0.294	-0.0329654
0.295	-0.0326706
0.296	-0.0323696
0.297	-0.0320627
0.298	-0.0317499
0.299	-0.0314314
0.3	-0.0311072
0.301	-0.0307775
0.302	-0.0304424
0.303	-0.0301019
0.304	-0.0297563
0.305	-0.0294055
0.306	-0.0290498
0.307	-0.0286891
0.308	-0.0283237
0.309	-0.0279535
0.31	-0.0275788
0.311	-0.0271996
0.312	-0.026816
0.313	-0.0264281
0.314	-0.026036
0.315	-0.0256399
0.316	-0.0252398
0.317	-0.0248358
0.318	-0.024428
0.319	-0.0240166
0.32	-0.0236015
0.321	-0.023183
0.322	-0.022761
0.323	-0.0223358
0.324	-0.0219074
0.325	-0.0214758
0.326	-0.0210413
0.327	-0.0206038
0.328	-0.0201635
0.329	-0.0197205
0.33	-0.0192748
0.331	-0.0188266
0.332	-0.0183759
0.333	-0.0179229
0.334	-0.0174676
0.335	-0.0170101
0.336	-0.0165505
0.337	-0.0160888
0.338	-0.0156253
0.339	-0.0151599
0.34	-0.0146928
0.341	-0.014224
0.342	-0.0137537
0.343	-0.0132818
0.344	-0.0128086
0.345	-0.012334
0.346	-0.0118582
0.347	-0.0113812
0.348	-0.0109031
0.349	-0.0104241
0.35	-0.00994414
0.351	-0.00946336
0.352	-0.00898183
0.353	-0.00849964
0.354	-0.00801685
0.355	-0.00753355
0.356	-0.00704983
0.357	-0.00656574
0.358	-0.00608138
0.359	-0.00559682
0.36	-0.00511213
0.361	-0.0046274
0.362	-0.00414268
0.363	-0.00365807
0.364	-0.00317364
0.365	-0.00268945
0.366	-0.00220558
0.367	-0.0017221
0.368	-0.00123908
0.369	-0.000756605
0.37	-0.000274732
0.371	0.000206464
0.372	0.000686915
0.373	0.00116655
0.374	0.0016453
0.375	0.0021231
0.376	0.00259989
0.377	0.00307558
0.378	0.00355013
0.379	0.00402345
0.38	0.0044955
0.381	0.00496619
0.382	0.00543548
0.383	0.00590328
0.384	0.00636955
0.385	0.00683422
0.386	0.00729722
0.387	0.0077585
0.388	0.00821799
0.389	0.00867563
0.39	0.00913137
0.391	0.00958514
0.392	0.0100369
0.393	0.0104865
0.394	0.0109341
0.395	0.0113794
0.396	0.0118225
0.397	0.0122632
0.398	0.0127016
0.399	0.0131376
0.4	0.0135711
0.401	0.014002
0.402	0.0144304
0.403	0.0148561
0.404	0.0152792
0.405	0.0156995
0.406	0.016117
0.407	0.0165317
0.408	0.0169435
0.409	0.0173523
0.41	0.0177581
0.411	0.0181609
0.412	0.0185607
0.413	0.0189572
0.414	0.0193506
0.415	0.0197408
0.416	0.0201277
0.417	0.0205112
0.418	0.0208914
0.419	0.0212682
0.42	0.0216415
0.421	0.0220114
0.422	0.0223777
0.423	0.0227404
0.424	0.0230995
0.425	0.0234549
0.426	0.0238066
0.427	0.0241546
0.428	0.0244987
0.429	0.0248391
0.43	0.0251756
0.431	0.0255082
0.432	0.0258368
0.433	0.0261615
0.434	0.0264822
0.435	0.0267988
0.436	0.0271113
0.437	0.0274197
0.438	0.027724
0.439	0.0280241
0.44	0.0283199
0.441	0.0286116
0.442	0.0288989
0.443	0.0291819
0.444	0.0294606
0.445	0.0297349
0.446	0.0300047
0.447	0.0302702
0.448	0.0305312
0.449	0.0307877
0.45	0.0310397
0.451	0.0312871
0.452	0.03153
0.453	0.0317682
0.454	0.0320019
0.455	0.0322309
0.456	0.0324552
0.457	0.0326748
0.458	0.0328897
0.459	0.0330998
0.46	0.0333052
0.461	0.0335058
0.462	0.0337016
0.463	0.0338926
0.464	0.0340787
0.465	0.0342599
0.466	0.0344363
0.467	0.0346077
0.468	0.0347742
0.469	0.0349358
0.47	0.0350924
0.471	0.035244
0.472	0.0353907
0.473	0.0355323
0.474	0.0356689
0.475	0.0358005
0.476	0.035927
0.477	0.0360485
0.478	0.0361649
0.479	0.0362762
0.48	0.0363824
0.481	0.0364835
0.482	0.0365795
0.483	0.0366703
0.484	0.036756
0.485	0.0368365
0.486	0.0369119
0.487	0.0369822
0.488	0.0370472
0.489	0.0371071
0.49	0.0371618
0.491	0.0372113
0.492	0.0372556
0.493	0.0372947
0.494	0.0373286
0.495	0.0373572
0.496	0.0373807
0.497	0.037399
0.498	0.037412
0.499	0.0374199
0.5	0.0374225
0.501	0.0374199
0.502	0.037412
0.503	0.037399
0.504	0.0373807
0.505	0.0373572
0.506	0.0373286
0.507	0.0372947
0.508	0.0372556
0.509	0.0372113
0.51	0.0371618
0.511	0.0371071
0.512	0.0370472
0.513	0.0369822
0.514	0.0369119
0.515	0.0368365
0.516	0.036756
0.517	0.0366703
0.518	0.0365795
0.519	0.0364835
0.52	0.0363824
0.521	0.0362762
0.522	0.0361649
0.523	0.0360485
0.524	0.035927
0.525	0.0358005
0.526	0.0356689
0.527	0.0355323
0.528	0.0353907
0.529	0.035244
0.53	0.0350924
0.531	0.0349358
0.532	0.0347742
0.533	0.0346077
0.534	0.0344363
0.535	0.0342599
0.536	0.0340787
0.537	0.0338926
0.538	0.0337016
0.539	0.0335058
0.54	0.0333052
0.541	0.0330998
0.542	0.0328897
0.543	0.0326748
0.544	0.0324552
0.545	0.0322309
0.546	0.0320019
0.547	0.0317682
0.548	0.03153
0.549	0.0312871
0.55	0.0310397
0.551	0.0307877
0.552	0.0305312
0.553	0.0302702
0.554	0.0300047
0.555	0.0297349
0.556	0.0294606
0.557	0.0291819
0.558	0.0288989
0.559	0.0286116
0.56	0.0283199
0.561	0.0280241
0.562	0.027724
0.563	0.0274197
0.564	0.0271113
0.565	0.0267988
0.566	0.0264822
0.567	0.0261615
0.568	0.0258368
0.569	0.0255082
0.57	0.0251756
0.571	0.0248391
0.572	0.0244987
0.573	0.0241546
0.574	0.0238066
0.575	0.0234549
0.576	0.0230995
0.577	0.0227404
0.578	0.0223777
0.579	0.0220114
0.58	0.0216415
0.581	0.0212682
0.582	0.0208914
0.583	0.0205112
0.584	0.0201277
0.585	0.0197408
0.586	0.0193506
0.587	0.0189572
0.588	0.0185607
0.589	0.0181609
0.59	0.0177581
0.591	0.0173523
0.592	0.0169435
0.593	0.0165317
0.594	0.016117
0.595	0.0156995
0.596	0.0152792
0.597	0.0148561
0.598	0.0144304
0.599	0.014002
0.6	0.0135711
0.601	0.0131376
0.602	0.0127016
0.603	0.0122632
0.604	0.0118225
0.605	0.0113794
0.606	0.0109341
0.607	0.0104865
0.608	0.0100369
0.609	0.00958514
0.61	0.00913137
0.611	0.00867563
0.612	0.00821799
0.613	0.0077585
0.614	0.00729722
0.615	0.00683422
0.616	0.00636955
0.617	0.00590328
0.618	0.00543548
0.619	0.00496619
0.62	0.0044955
0.621	0.00402345
0.622	0.00355013
0.623	0.00307558
0.624	0.00259989
0.625	0.0021231
0.626	0.0016453
0.627	0.00116655
0.628	0.000686915
0.629	0.000206464
0.63	-0.000274732
0.631	-0.000756605
0.632	-0.00123908
0.633	-0.0017221
0.634	-0.00220558
0.635	-0.00268945
0.636	-0.00317364
0.637	-0.00365807
0.638	-0.00414268
0.639	-0.0046274
0.64	-0.00511213
0.641	-0.00559682
0.642	-0.00608138
0.643	-0.00656574
0.644	-0.00704983
0.645	-0.00753355
0.646	-0.00801685
0.647	-0.00849964
0.648	-0.00898183
0.649	-0.00946336
0.65	-0.00994414
0.651	-0.0104241
0.652	-0.0109031
0.653	-0.0113812
0.654	-0.0118582
0.655	-0.012334
0.656	-0.0128086
0.657	-0.0132818
0.658	-0.0137537
0.659	-0.014224
0.66	-0.0146928
0.661	-0.0151599
0.662	-0.0156253
0.663	-0.0160888
0.664	-0.0165505
0.665	-0.0170101
0.666	-0.0174676
0.667	-0.0179229
0.668	-0.0183759
0.669	-0.0188266
0.67	-0.0192748
0.671	-0.0197205
0.672	-0.0201635
0.673	-0.0206038
0.674	-0.0210413
0.675	-0.0214758
0.676	-0.0219074
0.677	-0.0223358
0.678	-0.022761
0.679	-0.023183
0.68	-0.0236015
0.681	-0.0240166
0.682	-0.024428
0.683	-0.0248358
0.684	-0.0252398
0.685	-0.0256399
0.686	-0.026036
0.687	-0.0264281
0.688	-0.026816
0.689	-0.0271996
0.69	-0.0275788
0.691	-0.0279535
0.692	-0.0283237
0.693	-0.0286891
0.694	-0.0290498
0.695	-0.0294055
0.696	-0.0297563
0.697	-0.0301019
0.698	-0.0304424
0.699	-0.0307775
0.7	-0.0311072
0.701	-0.0314314
0.702	-0.0317499
0.703	-0.0320627
0.704	-0.0323696
0.705	-0.0326706
0.706	-0.0329654
0.707	-0.0332541
0.708	-0.0335365
0.709	-0.0338125
0.71	-0.034082
0.711	-0.0343448
0.712	-0.0346009
0.713	-0.0348501
0.714	-0.0350923
0.715	-0.0353275
0.716	-0.0355555
0.717	-0.0357761
0.718	-0.0359893
0.719	-0.0361949
0.72	-0.0363929
0.721	-0.0365831
0.722	-0.0367653
0.723	-0.0369396
0.724	-0.0371057
0.725	-0.0372635
0.726	-0.0374129
0.727	-0.0375538
0.728	-0.0376861
0.729	-0.0378097
0.73	-0.0379244
0.731	-0.03803
0.732	-0.0381266
0.733	-0.0382139
0.734	-0.0382918
0.735	-0.0383602
0.736	-0.038419
0.737	-0.0384681
0.738	-0.0385073
0.739	-0.0385364
0.74	-0.0385555
0.741	-0.0385643
0.742	-0.0385626
0.743	-0.0385505
0.744	-0.0385277
0.745	-0.0384941
0.746	-0.0384497
0.747	-0.0383941
0.748	-0.0383274
0.749	-0.0382494
0.75	-0.0381599
0.751	-0.0380589
0.752	-0.0379461
0.753	-0.0378215
0.754	-0.0376849
0.755	-0.0375362
0.756	-0.0373752
0.757	-0.0372019
0.758	-0.037016
0.759	-0.0368174
0.76	-0.036606
0.761	-0.0363817
0.762	-0.0361442
0.763	-0.0358936
0.764	-0.0356296
0.765	-0.035352
0.766	-0.0350608
0.767	-0.0347558
0.768	-0.0344369
0.769	-0.0341039
0.77	-0.0337566
0.771	-0.033395
0.772	-0.0330189
0.773	-0.0326281
0.774	-0.0322224
0.775	-0.0318019
0.776	-0.0313662
0.777	-0.0309152
0.778	-0.0304489
0.779	-0.029967
0.78	-0.0294694
0.781	-0.0289559
0.782	-0.0284265
0.783	-0.0278809
0.784	-0.0273189
0.785	-0.0267406
0.786	-0.0261456
0.787	-0.0255338
0.788	-0.0249052
0.789	-0.0242594
0.79	-0.0235964
0.791	-0.0229161
0.792	-0.0222182
0.793	-0.0215026
0.794	-0.0207691
0.795	-0.0200177
0.796	-0.019248
0.797	-0.0184601
0.798	-0.0176536
0.799	-0.0168285
0.8	-0.0159846
0.801	-0.0151217
0.802	-0.0142397
0.803	-0.0133384
0.804	-0.0124176
0.805	-0.0114773
0.806	-0.0105171
0.807	-0.00953698
0.808	-0.00853675
0.809	-0.00751625
0.81	-0.0064753
0.811	-0.00541375
0.812	-0.00433142
0.813	-0.00322814
0.814	-0.00210375
0.815	-0.000958084
0.816	0.000209034
0.817	0.00139777
0.818	0.0026083
0.819	0.00384078
0.82	0.0050954
0.821	0.00637232
0.822	0.00767171
0.823	0.00899375
0.824	0.0103386
0.825	0.0117065
0.826	0.0130975
0.827	0.0145119
0.828	0.0159498
0.829	0.0174114
0.83	0.0188968
0.831	0.0204063
0.832	0.0219401
0.833	0.0234982
0.834	0.0250809
0.835	0.0266884
0.836	0.0283209
0.837	0.0299784
0.838	0.0316613
0.839	0.0333696
0.84	0.0351037
0.841	0.0368635
0.842	0.0386494
0.843	0.0404615
0.844	0.0423001
0.845	0.0441652
0.846	0.046057
0.847	0.0479759
0.848	0.0499218
0.849	0.0518952
0.85	0.053896
0.851	0.0559245
0.852	0.0579809
0.853	0.0600654
0.854	0.0621782
0.855	0.0643194
0.856	0.0664893
0.857	0.068688
0.858	0.0709158
0.859	0.0731728
0.86	0.0754592
0.861	0.0777752
0.862	0.0801211
0.863	0.0824969
0.864	0.0849029
0.865	0.0873394
0.866	0.0898064
0.867	0.0923042
0.868	0.0948329
0.869	0.0973929
0.87	0.0999842
0.871	0.102607
0.872	0.105262
0.873	0.107948
0.874	0.110667
0.875	0.113418
0.876	0.116202
0.877	0.119019
0.878	0.121868
0.879	0.124751
0.88	0.127667
0.881	0.130617
0.882	0.1336
0.883	0.136618
0.884	0.13967
0.885	0.142756
0.886	0.145876
0.887	0.149032
0.888	0.152222
0.889	0.155448
0.89	0.15871
0.891	0.162007
0.892	0.165339
0.893	0.168708
0.894	0.172113
0.895	0.175555
0.896	0.179033
0.897	0.182549
0.898	0.186101
0.899	0.189691
0.9	0.193318
0.901	0.196984
0.902	0.200687
0.903	0.204428
0.904	0.208208
0.905	0.212026
0.906	0.215884
0.907	0.21978
0.908	0.223716
0.909	0.227691
0.91	0.231706
0.911	0.235761
0.912	0.239856
0.913	0.243992
0.914	0.248168
0.915	0.252385
0.916	0.256643
0.917	0.260942
0.918	0.265283
0.919	0.269666
0.92	0.27409
0.921	0.278557
0.922	0.283066
0.923	0.287618
0.924	0.292213
0.925	0.296851
0.926	0.301532
0.927	0.306256
0.928	0.311025
0.929	0.315837
0.93	0.320694
0.931	0.325595
0.932	0.330541
0.933	0.335532
0.934	0.340568
0.935	0.345649
0.936	0.350776
0.937	0.355949
0.938	0.361168
0.939	0.366434
0.94	0.371746
0.941	0.377104
0.942	0.38251
0.943	0.387963
0.944	0.393464
0.945	0.399012
0.946	0.404609
0.947	0.410253
0.948	0.415946
0.949	0.421688
0.95	0.427479
0.951	0.433319
0.952	0.439209
0.953	0.445148
0.954	0.451137
0.955	0.457176
0.956	0.463266
0.957	0.469406
0.958	0.475597
0.959	0.48184
0.96	0.488134
0.961	0.494479
0.962	0.500876
0.963	0.507326
0.964	0.513828
0.965	0.520382
0.966	0.52699
0.967	0.53365
0.968	0.540364
0.969	0.547132
0.97	0.553954
0.971	0.560829
0.972	0.567759
0.973	0.574744
0.974	0.581784
0.975	0.588879
0.976	0.596029
0.977	0.603235
0.978	0.610497
0.979	0.617815
0.98	0.625189
0.981	0.63262
0.982	0.640108
0.983	0.647654
0.984	0.655257
0.985	0.662917
0.986	0.670636
0.987	0.678413
0.988	0.686248
0.989	0.694142
0.99	0.702096
0.991	0.710108
0.992	0.71818
0.993	0.726312
0.994	0.734504
0.995	0.742757
0.996	0.75107
0.997	0.759444
0.998	0.767879
0.999	0.776375
