# Interpolation data for function: (exp(10*(abs(2*x-1)))-1)/(exp(10)-1)
0	1
0.001	0.980198
0.002	0.960788
0.003	0.941762
0.004	0.923113
0.005	0.904833
0.006	0.886915
0.007	0.869352
0.008	0.852137
0.009	0.835263
0.01	0.818723
0.011	0.80251
0.012	0.786618
0.013	0.771041
0.014	0.755773
0.015	0.740807
0.016	0.726137
0.017	0.711757
0.018	0.697663
0.019	0.683847
0.02	0.670305
0.021	0.657031
0.022	0.64402
0.023	0.631267
0.024	0.618766
0.025	0.606513
0.026	0.594502
0.027	0.582729
0.028	0.571189
0.029	0.559878
0.03	0.548791
0.031	0.537923
0.032	0.527271
0.033	0.516829
0.034	0.506595
0.035	0.496562
0.036	0.486729
0.037	0.47709
0.038	0.467642
0.039	0.458381
0.04	0.449304
0.041	0.440406
0.042	0.431685
0.043	0.423136
0.044	0.414756
0.045	0.406543
0.046	0.398492
0.047	0.3906
0.048	0.382865
0.049	0.375283
0.05	0.367851
0.051	0.360566
0.052	0.353425
0.053	0.346426
0.054	0.339566
0.055	0.332841
0.056	0.326249
0.057	0.319788
0.058	0.313455
0.059	0.307247
0.06	0.301163
0.061	0.295198
0.062	0.289352
0.063	0.283622
0.064	0.278005
0.065	0.272499
0.066	0.267102
0.067	0.261812
0.068	0.256627
0.069	0.251545
0.07	0.246563
0.071	0.24168
0.072	0.236893
0.073	0.232201
0.074	0.227603
0.075	0.223095
0.076	0.218676
0.077	0.214345
0.078	0.2101
0.079	0.205939
0.08	0.20186
0.081	0.197862
0.082	0.193943
0.083	0.190102
0.084	0.186337
0.085	0.182646
0.086	0.179029
0.087	0.175483
0.088	0.172007
0.089	0.1686
0.09	0.165261
0.091	0.161988
0.092	0.158779
0.093	0.155634
0.094	0.152552
0.095	0.14953
0.096	0.146568
0.097	0.143665
0.098	0.140819
0.099	0.13803
0.1	0.135296
0.101	0.132616
0.102	0.129989
0.103	0.127414
0.104	0.12489
0.105	0.122417
0.106	0.119992
0.107	0.117615
0.108	0.115285
0.109	0.113001
0.11	0.110763
0.111	0.108569
0.112	0.106418
0.113	0.10431
0.114	0.102243
0.115	0.100218
0.116	0.0982326
0.117	0.0962866
0.118	0.0943791
0.119	0.0925094
0.12	0.0906767
0.121	0.0888803
0.122	0.0871194
0.123	0.0853934
0.124	0.0837016
0.125	0.0820434
0.126	0.0804179
0.127	0.0788246
0.128	0.0772629
0.129	0.0757321
0.13	0.0742316
0.131	0.0727608
0.132	0.0713192
0.133	0.0699061
0.134	0.0685209
0.135	0.0671632
0.136	0.0658324
0.137	0.0645279
0.138	0.0632493
0.139	0.061996
0.14	0.0607675
0.141	0.0595633
0.142	0.058383
0.143	0.057226
0.144	0.056092
0.145	0.0549804
0.146	0.0538908
0.147	0.0528228
0.148	0.0517759
0.149	0.0507498
0.15	0.049744
0.151	0.0487581
0.152	0.0477917
0.153	0.0468445
0.154	0.045916
0.155	0.0450059
0.156	0.0441138
0.157	0.0432394
0.158	0.0423823
0.159	0.0415422
0.16	0.0407187
0.161	0.0399115
0.162	0.0391203
0.163	0.0383448
0.164	0.0375846
0.165	0.0368395
0.166	0.0361091
0.167	0.0353932
0.168	0.0346914
0.169	0.0340036
0.17	0.0333294
0.171	0.0326685
0.172	0.0320207
0.173	0.0313858
0.174	0.0307634
0.175	0.0301533
0.176	0.0295553
0.177	0.0289692
0.178	0.0283947
0.179	0.0278315
0.18	0.0272795
0.181	0.0267384
0.182	0.0262081
0.183	0.0256882
0.184	0.0251787
0.185	0.0246792
0.186	0.0241896
0.187	0.0237097
0.188	0.0232393
0.189	0.0227783
0.19	0.0223263
0.191	0.0218833
0.192	0.0214491
0.193	0.0210235
0.194	0.0206063
0.195	0.0201974
0.196	0.0197965
0.197	0.0194036
0.198	0.0190185
0.199	0.018641
0.2	0.018271
0.201	0.0179083
0.202	0.0175528
0.203	0.0172043
0.204	0.0168628
0.205	0.016528
0.206	0.0161998
0.207	0.0158781
0.208	0.0155628
0.209	0.0152538
0.21	0.0149508
0.211	0.0146539
0.212	0.0143628
0.213	0.0140775
0.214	0.0137979
0.215	0.0135238
0.216	0.0132551
0.217	0.0129917
0.218	0.0127336
0.219	0.0124805
0.22	0.0122325
0.221	0.0119894
0.222	0.0117511
0.223	0.0115175
0.224	0.0112885
0.225	0.0110641
0.226	0.0108441
0.227	0.0106285
0.228	0.0104172
0.229	0.01021
0.23	0.0100069
0.231	0.00980788
0.232	0.00961277
0.233	0.00942153
0.234	0.00923408
0.235	0.00905033
0.236	0.00887023
0.237	0.00869369
0.238	0.00852065
0.239	0.00835103
0.24	0.00818477
0.241	0.00802181
0.242	0.00786207
0.243	0.00770549
0.244	0.00755202
0.245	0.00740158
0.246	0.00725412
0.247	0.00710958
0.248	0.0069679
0.249	0.00682903
0.25	0.00669291
0.251	0.00655948
0.252	0.0064287
0.253	0.0063005
0.254	0.00617484
0.255	0.00605167
0.256	0.00593094
0.257	0.0058126
0.258	0.00569661
0.259	0.00558291
0.26	0.00547146
0.261	0.00536221
0.262	0.00525513
0.263	0.00515017
0.264	0.00504729
0.265	0.00494645
0.266	0.0048476
0.267	0.00475071
0.268	0.00465574
0.269	0.00456265
0.27	0.0044714
0.271	0.00438196
0.272	0.00429429
0.273	0.00420835
0.274	0.00412412
0.275	0.00404155
0.276	0.00396062
0.277	0.00388129
0.278	0.00380354
0.279	0.00372732
0.28	0.00365261
0.281	0.00357938
0.282	0.0035076
0.283	0.00343724
0.284	0.00336828
0.285	0.00330068
0.286	0.00323442
0.287	0.00316947
0.288	0.00310581
0.289	0.00304341
0.29	0.00298224
0.291	0.00292229
0.292	0.00286352
0.293	0.00280592
0.294	0.00274946
0.295	0.00269411
0.296	0.00263986
0.297	0.00258669
0.298	0.00253457
0.299	0.00248348
0.3	0.0024334
0.301	0.00238432
0.302	0.00233621
0.303	0.00228905
0.304	0.00224282
0.305	0.00219751
0.306	0.0021531
0.307	0.00210956
0.308	0.00206689
0.309	0.00202507
0.31	0.00198407
0.311	0.00194389
0.312	0.0019045
0.313	0.00186589
0.314	0.00182804
0.315	0.00179095
0.316	0.00175459
0.317	0.00171895
0.318	0.00168401
0.319	0.00164977
0.32	0.00161621
0.321	0.00158331
0.322	0.00155106
0.323	0.00151945
0.324	0.00148847
0.325	0.0014581
0.326	0.00142833
0.327	0.00139915
0.328	0.00137055
0.329	0.00134252
0.33	0.00131504
0.331	0.0012881
0.332	0.0012617
0.333	0.00123582
0.334	0.00121046
0.335	0.00118559
0.336	0.00116122
0.337	0.00113733
0.338	0.00111392
0.339	0.00109096
0.34	0.00106846
0.341	0.00104641
0.342	0.0010248
0.343	0.00100361
0.344	0.000982839
0.345	0.000962481
0.346	0.000942526
0.347	0.000922966
0.348	0.000903793
0.349	0.000885
0.35	0.000866579
0.351	0.000848522
0.352	0.000830823
0.353	0.000813474
0.354	0.000796468
0.355	0.000779798
0.356	0.000763459
0.357	0.000747443
0.358	0.000731743
0.359	0.000716354
0.36	0.00070127
0.361	0.000686484
0.362	0.000671991
0.363	0.000657784
0.364	0.000643859
0.365	0.000630209
0.366	0.000616829
0.367	0.000603714
0.368	0.000590858
0.369	0.000578257
0.37	0.000565905
0.371	0.000553797
0.372	0.000541929
0.373	0.000530295
0.374	0.000518892
0.375	0.000507715
0.376	0.000496759
0.377	0.000486019
0.378	0.000475492
0.379	0.000465174
0.38	0.00045506
0.381	0.000445146
0.382	0.000435428
0.383	0.000425903
0.384	0.000416566
0.385	0.000407415
0.386	0.000398444
0.387	0.000389651
0.388	0.000381033
0.389	0.000372585
0.39	0.000364305
0.391	0.000356189
0.392	0.000348233
0.393	0.000340436
0.394	0.000332793
0.395	0.000325301
0.396	0.000317958
0.397	0.000310761
0.398	0.000303707
0.399	0.000296792
0.4	0.000290015
0.401	0.000283372
0.402	0.000276862
0.403	0.00027048
0.404	0.000264225
0.405	0.000258094
0.406	0.000252085
0.407	0.000246196
0.408	0.000240423
0.409	0.000234765
0.41	0.00022922
0.411	0.000223784
0.412	0.000218457
0.413	0.000213235
0.414	0.000208117
0.415	0.0002031
0.416	0.000198184
0.417	0.000193364
0.418	0.000188641
0.419	0.000184011
0.42	0.000179473
0.421	0.000175025
0.422	0.000170666
0.423	0.000166392
0.424	0.000162204
0.425	0.000158098
0.426	0.000154074
0.427	0.000150129
0.428	0.000146262
0.429	0.000142472
0.43	0.000138757
0.431	0.000135115
0.432	0.000131545
0.433	0.000128045
0.434	0.000124615
0.435	0.000121252
0.436	0.000117955
0.437	0.000114723
0.438	0.000111555
0.439	0.000108449
0.44	0.000105404
0.441	0.000102419
0.442	9.94919e-05
0.443	9.66227e-05
0.444	9.38096e-05
0.445	9.10517e-05
0.446	8.83479e-05
0.447	8.56969e-05
0.448	8.30979e-05
0.449	8.05498e-05
0.45	7.80516e-05
0.451	7.56023e-05
0.452	7.3201e-05
0.453	7.08467e-05
0.454	6.85387e-05
0.455	6.62759e-05
0.456	6.40577e-05
0.457	6.1883e-05
0.458	5.97512e-05
0.459	5.76615e-05
0.46	5.56132e-05
0.461	5.36054e-05
0.462	5.16374e-05
0.463	4.97087e-05
0.464	4.78185e-05
0.465	4.59661e-05
0.466	4.41509e-05
0.467	4.23723e-05
0.468	4.06297e-05
0.469	3.89224e-05
0.47	3.72499e-05
0.471	3.56115e-05
0.472	3.40068e-05
0.473	3.24351e-05
0.474	3.08958e-05
0.475	2.93884e-05
0.476	2.79122e-05
0.477	2.64667e-05
0.478	2.50513e-05
0.479	2.36653e-05
0.48	2.2308e-05
0.481	2.09789e-05
0.482	1.96771e-05
0.483	1.8402e-05
0.484	1.71528e-05
0.485	1.59286e-05
0.486	1.47285e-05
0.487	1.35516e-05
0.488	1.23968e-05
0.489	1.12631e-05
0.49	1.01492e-05
0.491	9.05385e-06
0.492	7.97567e-06
0.493	6.91312e-06
0.494	5.86455e-06
0.495	4.82817e-06
0.496	3.80203e-06
0.497	2.78402e-06
0.498	1.77184e-06
0.499	7.62969e-07
0.5	1.3465e-06
0.501	1.8255e-06
0.502	2.39775e-06
0.503	3.05521e-06
0.504	3.79054e-06
0.505	4.59704e-06
0.506	5.46864e-06
0.507	6.39982e-06
0.508	7.38564e-06
0.509	8.42161e-06
0.51	9.50374e-06
0.511	1.06285e-05
0.512	1.17927e-05
0.513	1.29936e-05
0.514	1.42287e-05
0.515	1.54961e-05
0.516	1.67938e-05
0.517	1.81205e-05
0.518	1.94748e-05
0.519	2.08558e-05
0.52	2.22626e-05
0.521	2.36948e-05
0.522	2.51519e-05
0.523	2.66337e-05
0.524	2.81402e-05
0.525	2.96714e-05
0.526	3.12276e-05
0.527	3.28091e-05
0.528	3.44163e-05
0.529	3.60499e-05
0.53	3.77104e-05
0.531	3.93985e-05
0.532	4.11151e-05
0.533	4.2861e-05
0.534	4.4637e-05
0.535	4.64442e-05
0.536	4.82836e-05
0.537	5.01561e-05
0.538	5.20628e-05
0.539	5.4005e-05
0.54	5.59836e-05
0.541	5.79998e-05
0.542	6.00548e-05
0.543	6.21498e-05
0.544	6.42859e-05
0.545	6.64645e-05
0.546	6.86866e-05
0.547	7.09536e-05
0.548	7.32666e-05
0.549	7.56269e-05
0.55	7.80357e-05
0.551	8.04943e-05
0.552	8.30039e-05
0.553	8.55658e-05
0.554	8.81812e-05
0.555	9.08513e-05
0.556	9.35775e-05
0.557	9.6361e-05
0.558	9.92031e-05
0.559	0.000102105
0.56	0.000105068
0.561	0.000108093
0.562	0.000111182
0.563	0.000114337
0.564	0.000117557
0.565	0.000120845
0.566	0.000124202
0.567	0.000127629
0.568	0.000131128
0.569	0.0001347
0.57	0.000138346
0.571	0.000142068
0.572	0.000145867
0.573	0.000149745
0.574	0.000153703
0.575	0.000157743
0.576	0.000161866
0.577	0.000166073
0.578	0.000170367
0.579	0.000174749
0.58	0.00017922
0.581	0.000183782
0.582	0.000188437
0.583	0.000193187
0.584	0.000198033
0.585	0.000202977
0.586	0.000208021
0.587	0.000213167
0.588	0.000218417
0.589	0.000223773
0.59	0.000229236
0.591	0.000234809
0.592	0.000240494
0.593	0.000246293
0.594	0.000252209
0.595	0.000258243
0.596	0.000264397
0.597	0.000270675
0.598	0.000277079
0.599	0.000283611
0.6	0.000290273
0.601	0.000297068
0.602	0.000304
0.603	0.00031107
0.604	0.000318281
0.605	0.000325636
0.606	0.000333138
0.607	0.000340791
0.608	0.000348596
0.609	0.000356558
0.61	0.000364678
0.611	0.000372962
0.612	0.000381411
0.613	0.000390029
0.614	0.00039882
0.615	0.000407787
0.616	0.000416934
0.617	0.000426264
0.618	0.000435782
0.619	0.00044549
0.62	0.000455394
0.621	0.000465496
0.622	0.000475802
0.623	0.000486315
0.624	0.000497039
0.625	0.000507979
0.626	0.000519139
0.627	0.000530524
0.628	0.000542139
0.629	0.000553988
0.63	0.000566075
0.631	0.000578407
0.632	0.000590987
0.633	0.000603821
0.634	0.000616915
0.635	0.000630273
0.636	0.000643901
0.637	0.000657804
0.638	0.000671988
0.639	0.00068646
0.64	0.000701224
0.641	0.000716286
0.642	0.000731654
0.643	0.000747332
0.644	0.000763328
0.645	0.000779648
0.646	0.000796298
0.647	0.000813286
0.648	0.000830617
0.649	0.000848299
0.65	0.00086634
0.651	0.000884746
0.652	0.000903525
0.653	0.000922684
0.654	0.000942232
0.655	0.000962175
0.656	0.000982523
0.657	0.00100328
0.658	0.00102446
0.659	0.00104607
0.66	0.00106812
0.661	0.00109061
0.662	0.00111356
0.663	0.00113698
0.664	0.00116086
0.665	0.00118524
0.666	0.0012101
0.667	0.00123547
0.668	0.00126135
0.669	0.00128776
0.67	0.0013147
0.671	0.00134219
0.672	0.00137023
0.673	0.00139884
0.674	0.00142803
0.675	0.0014578
0.676	0.00148819
0.677	0.00151918
0.678	0.0015508
0.679	0.00158307
0.68	0.00161598
0.681	0.00164956
0.682	0.00168382
0.683	0.00171877
0.684	0.00175443
0.685	0.00179081
0.686	0.00182792
0.687	0.00186578
0.688	0.00190441
0.689	0.00194382
0.69	0.00198402
0.691	0.00202504
0.692	0.00206689
0.693	0.00210958
0.694	0.00215313
0.695	0.00219756
0.696	0.00224289
0.697	0.00228914
0.698	0.00233631
0.699	0.00238444
0.7	0.00243355
0.701	0.00248364
0.702	0.00253475
0.703	0.00258688
0.704	0.00264007
0.705	0.00269434
0.706	0.00274969
0.707	0.00280617
0.708	0.00286379
0.709	0.00292257
0.71	0.00298253
0.711	0.00304371
0.712	0.00310612
0.713	0.00316979
0.714	0.00323474
0.715	0.00330101
0.716	0.00336861
0.717	0.00343758
0.718	0.00350794
0.719	0.00357973
0.72	0.00365296
0.721	0.00372767
0.722	0.00380388
0.723	0.00388164
0.724	0.00396096
0.725	0.00404189
0.726	0.00412445
0.727	0.00420868
0.728	0.00429461
0.729	0.00438227
0.73	0.0044717
0.731	0.00456294
0.732	0.00465602
0.733	0.00475099
0.734	0.00484786
0.735	0.0049467
0.736	0.00504753
0.737	0.0051504
0.738	0.00525534
0.739	0.00536241
0.74	0.00547163
0.741	0.00558307
0.742	0.00569675
0.743	0.00581273
0.744	0.00593105
0.745	0.00605177
0.746	0.00617492
0.747	0.00630056
0.748	0.00642873
0.749	0.0065595
0.75	0.00669291
0.751	0.00682901
0.752	0.00696787
0.753	0.00710952
0.754	0.00725405
0.755	0.00740149
0.756	0.00755191
0.757	0.00770536
0.758	0.00786192
0.759	0.00802165
0.76	0.0081846
0.761	0.00835084
0.762	0.00852044
0.763	0.00869347
0.764	0.00886999
0.765	0.00905008
0.766	0.00923381
0.767	0.00942126
0.768	0.00961249
0.769	0.00980758
0.77	0.0100066
0.771	0.0102097
0.772	0.0104168
0.773	0.0106282
0.774	0.0108438
0.775	0.0110638
0.776	0.0112882
0.777	0.0115172
0.778	0.0117507
0.779	0.011989
0.78	0.0122321
0.781	0.0124802
0.782	0.0127332
0.783	0.0129914
0.784	0.0132547
0.785	0.0135234
0.786	0.0137975
0.787	0.0140772
0.788	0.0143625
0.789	0.0146536
0.79	0.0149505
0.791	0.0152535
0.792	0.0155626
0.793	0.0158779
0.794	0.0161996
0.795	0.0165278
0.796	0.0168626
0.797	0.0172042
0.798	0.0175526
0.799	0.0179082
0.8	0.0182709
0.801	0.0186409
0.802	0.0190184
0.803	0.0194035
0.804	0.0197965
0.805	0.0201973
0.806	0.0206063
0.807	0.0210235
0.808	0.0214491
0.809	0.0218834
0.81	0.0223264
0.811	0.0227783
0.812	0.0232394
0.813	0.0237098
0.814	0.0241897
0.815	0.0246793
0.816	0.0251788
0.817	0.0256884
0.818	0.0262083
0.819	0.0267387
0.82	0.0272797
0.821	0.0278318
0.822	0.0283949
0.823	0.0289695
0.824	0.0295556
0.825	0.0301536
0.826	0.0307637
0.827	0.0313861
0.828	0.032021
0.829	0.0326688
0.83	0.0333297
0.831	0.0340039
0.832	0.0346918
0.833	0.0353935
0.834	0.0361094
0.835	0.0368398
0.836	0.0375849
0.837	0.0383451
0.838	0.0391206
0.839	0.0399118
0.84	0.040719
0.841	0.0415425
0.842	0.0423826
0.843	0.0432397
0.844	0.0441141
0.845	0.0450062
0.846	0.0459163
0.847	0.0468448
0.848	0.047792
0.849	0.0487583
0.85	0.0497442
0.851	0.05075
0.852	0.0517761
0.853	0.052823
0.854	0.053891
0.855	0.0549805
0.856	0.0560921
0.857	0.0572261
0.858	0.0583831
0.859	0.0595634
0.86	0.0607675
0.861	0.061996
0.862	0.0632493
0.863	0.0645279
0.864	0.0658324
0.865	0.0671632
0.866	0.0685208
0.867	0.0699059
0.868	0.071319
0.869	0.0727607
0.87	0.0742314
0.871	0.0757319
0.872	0.0772627
0.873	0.0788244
0.874	0.0804176
0.875	0.0820431
0.876	0.0837014
0.877	0.0853932
0.878	0.0871191
0.879	0.0888799
0.88	0.0906763
0.881	0.092509
0.882	0.0943787
0.883	0.0962862
0.884	0.0982323
0.885	0.100218
0.886	0.102243
0.887	0.104309
0.888	0.106418
0.889	0.108568
0.89	0.110762
0.891	0.113001
0.892	0.115285
0.893	0.117614
0.894	0.119991
0.895	0.122416
0.896	0.12489
0.897	0.127414
0.898	0.129989
0.899	0.132616
0.9	0.135296
0.901	0.13803
0.902	0.140819
0.903	0.143665
0.904	0.146568
0.905	0.14953
0.906	0.152551
0.907	0.155634
0.908	0.158779
0.909	0.161988
0.91	0.165261
0.911	0.1686
0.912	0.172007
0.913	0.175483
0.914	0.179029
0.915	0.182646
0.916	0.186337
0.917	0.190102
0.918	0.193944
0.919	0.197862
0.92	0.201861
0.921	0.205939
0.922	0.2101
0.923	0.214346
0.924	0.218677
0.925	0.223095
0.926	0.227603
0.927	0.232202
0.928	0.236894
0.929	0.24168
0.93	0.246563
0.931	0.251545
0.932	0.256627
0.933	0.261813
0.934	0.267103
0.935	0.272499
0.936	0.278005
0.937	0.283622
0.938	0.289352
0.939	0.295199
0.94	0.301163
0.941	0.307248
0.942	0.313455
0.943	0.319788
0.944	0.32625
0.945	0.332841
0.946	0.339566
0.947	0.346426
0.948	0.353425
0.949	0.360566
0.95	0.367851
0.951	0.375283
0.952	0.382865
0.953	0.3906
0.954	0.398492
0.955	0.406543
0.956	0.414756
0.957	0.423136
0.958	0.431684
0.959	0.440406
0.96	0.449304
0.961	0.458381
0.962	0.467642
0.963	0.47709
0.964	0.486728
0.965	0.496562
0.966	0.506594
0.967	0.516829
0.968	0.52727
0.969	0.537923
0.97	0.548791
0.971	0.559878
0.972	0.571189
0.973	0.582729
0.974	0.594502
0.975	0.606512
0.976	0.618766
0.977	0.631267
0.978	0.64402
0.979	0.657031
0.98	0.670305
0.981	0.683847
0.982	0.697663
0.983	0.711758
0.984	0.726137
0.985	0.740807
0.986	0.755773
0.987	0.771042
0.988	0.786619
0.989	0.802511
0.99	0.818723
0.991	0.835264
0.992	0.852138
0.993	0.869353
0.994	0.886916
0.995	0.904833
0.996	0.923113
0.997	0.941762
0.998	0.960787
0.999	0.980197
