# Interpolation data for function: x^20*(x>0.5)
0	0.047619
0.001	0.047619
0.002	0.047619
0.003	0.047619
0.004	0.047619
0.005	0.047619
0.006	0.047619
0.007	0.047619
0.008	0.047619
0.009	0.047619
0.01	0.047619
0.011	0.047619
0.012	0.047619
0.013	0.047619
0.014	0.047619
0.015	0.047619
0.016	0.047619
0.017	0.047619
0.018	0.047619
0.019	0.047619
0.02	0.047619
0.021	0.047619
0.022	0.047619
0.023	0.047619
0.024	0.047619
0.025	0.047619
0.026	0.047619
0.027	0.047619
0.028	0.047619
0.029	0.047619
0.03	0.047619
0.031	0.047619
0.032	0.047619
0.033	0.047619
0.034	0.047619
0.035	0.047619
0.036	0.047619
0.037	0.047619
0.038	0.047619
0.039	0.047619
0.04	0.047619
0.041	0.047619
0.042	0.047619
0.043	0.047619
0.044	0.047619
0.045	0.047619
0.046	0.047619
0.047	0.047619
0.048	0.047619
0.049	0.047619
0.05	0.047619
0.051	0.047619
0.052	0.047619
0.053	0.047619
0.054	0.047619
0.055	0.047619
0.056	0.047619
0.057	0.047619
0.058	0.047619
0.059	0.047619
0.06	0.047619
0.061	0.047619
0.062	0.047619
0.063	0.047619
0.064	0.047619
0.065	0.047619
0.066	0.047619
0.067	0.047619
0.068	0.047619
0.069	0.047619
0.07	0.047619
0.071	0.047619
0.072	0.047619
0.073	0.047619
0.074	0.047619
0.075	0.047619
0.076	0.047619
0.077	0.047619
0.078	0.047619
0.079	0.047619
0.08	0.047619
0.081	0.047619
0.082	0.047619
0.083	0.047619
0.084	0.047619
0.085	0.047619
0.086	0.047619
0.087	0.047619
0.088	0.047619
0.089	0.047619
0.09	0.047619
0.091	0.047619
0.092	0.047619
0.093	0.047619
0.094	0.047619
0.095	0.047619
0.096	0.047619
0.097	0.047619
0.098	0.047619
0.099	0.047619
0.1	0.047619
0.101	0.047619
0.102	0.047619
0.103	0.047619
0.104	0.047619
0.105	0.047619
0.106	0.047619
0.107	0.047619
0.108	0.047619
0.109	0.047619
0.11	0.047619
0.111	0.047619
0.112	0.047619
0.113	0.047619
0.114	0.047619
0.115	0.047619
0.116	0.047619
0.117	0.047619
0.118	0.047619
0.119	0.047619
0.12	0.047619
0.121	0.047619
0.122	0.047619
0.123	0.047619
0.124	0.047619
0.125	0.047619
0.126	0.047619
0.127	0.047619
0.128	0.047619
0.129	0.047619
0.13	0.047619
0.131	0.047619
0.132	0.047619
0.133	0.047619
0.134	0.047619
0.135	0.047619
0.136	0.047619
0.137	0.047619
0.138	0.047619
0.139	0.047619
0.14	0.047619
0.141	0.047619
0.142	0.047619
0.143	0.047619
0.144	0.047619
0.145	0.047619
0.146	0.047619
0.147	0.047619
0.148	0.047619
0.149	0.047619
0.15	0.047619
0.151	0.047619
0.152	0.047619
0.153	0.047619
0.154	0.047619
0.155	0.047619
0.156	0.047619
0.157	0.047619
0.158	0.047619
0.159	0.047619
0.16	0.047619
0.161	0.047619
0.162	0.047619
0.163	0.047619
0.164	0.047619
0.165	0.047619
0.166	0.047619
0.167	0.047619
0.168	0.047619
0.169	0.047619
0.17	0.047619
0.171	0.047619
0.172	0.047619
0.173	0.047619
0.174	0.047619
0.175	0.047619
0.176	0.047619
0.177	0.047619
0.178	0.047619
0.179	0.047619
0.18	0.047619
0.181	0.047619
0.182	0.047619
0.183	0.047619
0.184	0.047619
0.185	0.047619
0.186	0.047619
0.187	0.047619
0.188	0.047619
0.189	0.047619
0.19	0.047619
0.191	0.047619
0.192	0.047619
0.193	0.047619
0.194	0.047619
0.195	0.047619
0.196	0.047619
0.197	0.047619
0.198	0.047619
0.199	0.047619
0.2	0.047619
0.201	0.047619
0.202	0.047619
0.203	0.047619
0.204	0.047619
0.205	0.047619
0.206	0.047619
0.207	0.047619
0.208	0.047619
0.209	0.047619
0.21	0.047619
0.211	0.047619
0.212	0.047619
0.213	0.047619
0.214	0.047619
0.215	0.047619
0.216	0.047619
0.217	0.047619
0.218	0.047619
0.219	0.047619
0.22	0.047619
0.221	0.047619
0.222	0.047619
0.223	0.047619
0.224	0.047619
0.225	0.047619
0.226	0.047619
0.227	0.047619
0.228	0.047619
0.229	0.047619
0.23	0.047619
0.231	0.047619
0.232	0.047619
0.233	0.047619
0.234	0.047619
0.235	0.047619
0.236	0.047619
0.237	0.047619
0.238	0.047619
0.239	0.047619
0.24	0.047619
0.241	0.047619
0.242	0.047619
0.243	0.047619
0.244	0.047619
0.245	0.047619
0.246	0.047619
0.247	0.047619
0.248	0.047619
0.249	0.047619
0.25	0.047619
0.251	0.047619
0.252	0.047619
0.253	0.047619
0.254	0.047619
0.255	0.047619
0.256	0.047619
0.257	0.047619
0.258	0.047619
0.259	0.047619
0.26	0.047619
0.261	0.047619
0.262	0.047619
0.263	0.047619
0.264	0.047619
0.265	0.047619
0.266	0.047619
0.267	0.047619
0.268	0.047619
0.269	0.047619
0.27	0.047619
0.271	0.047619
0.272	0.047619
0.273	0.047619
0.274	0.047619
0.275	0.047619
0.276	0.047619
0.277	0.047619
0.278	0.047619
0.279	0.047619
0.28	0.047619
0.281	0.047619
0.282	0.047619
0.283	0.047619
0.284	0.047619
0.285	0.047619
0.286	0.047619
0.287	0.047619
0.288	0.047619
0.289	0.047619
0.29	0.047619
0.291	0.047619
0.292	0.047619
0.293	0.047619
0.294	0.047619
0.295	0.047619
0.296	0.047619
0.297	0.047619
0.298	0.047619
0.299	0.047619
0.3	0.047619
0.301	0.047619
0.302	0.047619
0.303	0.047619
0.304	0.047619
0.305	0.047619
0.306	0.047619
0.307	0.047619
0.308	0.047619
0.309	0.047619
0.31	0.047619
0.311	0.047619
0.312	0.047619
0.313	0.047619
0.314	0.047619
0.315	0.047619
0.316	0.047619
0.317	0.047619
0.318	0.047619
0.319	0.047619
0.32	0.047619
0.321	0.047619
0.322	0.047619
0.323	0.047619
0.324	0.047619
0.325	0.047619
0.326	0.047619
0.327	0.047619
0.328	0.047619
0.329	0.047619
0.33	0.047619
0.331	0.047619
0.332	0.047619
0.333	0.047619
0.334	0.047619
0.335	0.047619
0.336	0.047619
0.337	0.047619
0.338	0.047619
0.339	0.047619
0.34	0.047619
0.341	0.047619
0.342	0.047619
0.343	0.047619
0.344	0.047619
0.345	0.047619
0.346	0.047619
0.347	0.047619
0.348	0.047619
0.349	0.047619
0.35	0.047619
0.351	0.047619
0.352	0.047619
0.353	0.047619
0.354	0.047619
0.355	0.047619
0.356	0.047619
0.357	0.047619
0.358	0.047619
0.359	0.047619
0.36	0.047619
0.361	0.047619
0.362	0.047619
0.363	0.047619
0.364	0.047619
0.365	0.047619
0.366	0.047619
0.367	0.047619
0.368	0.047619
0.369	0.047619
0.37	0.047619
0.371	0.047619
0.372	0.047619
0.373	0.047619
0.374	0.047619
0.375	0.047619
0.376	0.047619
0.377	0.047619
0.378	0.047619
0.379	0.047619
0.38	0.047619
0.381	0.047619
0.382	0.047619
0.383	0.047619
0.384	0.047619
0.385	0.047619
0.386	0.047619
0.387	0.047619
0.388	0.047619
0.389	0.047619
0.39	0.047619
0.391	0.047619
0.392	0.047619
0.393	0.047619
0.394	0.047619
0.395	0.047619
0.396	0.047619
0.397	0.047619
0.398	0.047619
0.399	0.047619
0.4	0.047619
0.401	0.047619
0.402	0.047619
0.403	0.047619
0.404	0.047619
0.405	0.047619
0.406	0.047619
0.407	0.047619
0.408	0.047619
0.409	0.047619
0.41	0.047619
0.411	0.047619
0.412	0.047619
0.413	0.047619
0.414	0.047619
0.415	0.047619
0.416	0.047619
0.417	0.047619
0.418	0.047619
0.419	0.047619
0.42	0.047619
0.421	0.047619
0.422	0.047619
0.423	0.047619
0.424	0.047619
0.425	0.047619
0.426	0.047619
0.427	0.047619
0.428	0.047619
0.429	0.047619
0.43	0.047619
0.431	0.047619
0.432	0.047619
0.433	0.047619
0.434	0.047619
0.435	0.047619
0.436	0.047619
0.437	0.047619
0.438	0.047619
0.439	0.047619
0.44	0.047619
0.441	0.047619
0.442	0.047619
0.443	0.047619
0.444	0.047619
0.445	0.047619
0.446	0.047619
0.447	0.047619
0.448	0.047619
0.449	0.047619
0.45	0.047619
0.451	0.047619
0.452	0.047619
0.453	0.047619
0.454	0.047619
0.455	0.047619
0.456	0.047619
0.457	0.047619
0.458	0.047619
0.459	0.047619
0.46	0.047619
0.461	0.047619
0.462	0.047619
0.463	0.047619
0.464	0.047619
0.465	0.047619
0.466	0.047619
0.467	0.047619
0.468	0.047619
0.469	0.047619
0.47	0.047619
0.471	0.047619
0.472	0.047619
0.473	0.047619
0.474	0.047619
0.475	0.047619
0.476	0.047619
0.477	0.047619
0.478	0.047619
0.479	0.047619
0.48	0.047619
0.481	0.047619
0.482	0.047619
0.483	0.047619
0.484	0.047619
0.485	0.047619
0.486	0.047619
0.487	0.047619
0.488	0.047619
0.489	0.047619
0.49	0.047619
0.491	0.047619
0.492	0.047619
0.493	0.047619
0.494	0.047619
0.495	0.047619
0.496	0.047619
0.497	0.047619
0.498	0.047619
0.499	0.047619
0.5	0.047619
0.501	0.047619
0.502	0.047619
0.503	0.047619
0.504	0.047619
0.505	0.047619
0.506	0.047619
0.507	0.047619
0.508	0.047619
0.509	0.047619
0.51	0.047619
0.511	0.047619
0.512	0.047619
0.513	0.047619
0.514	0.047619
0.515	0.047619
0.516	0.047619
0.517	0.047619
0.518	0.047619
0.519	0.047619
0.52	0.047619
0.521	0.047619
0.522	0.047619
0.523	0.047619
0.524	0.047619
0.525	0.047619
0.526	0.047619
0.527	0.047619
0.528	0.047619
0.529	0.047619
0.53	0.047619
0.531	0.047619
0.532	0.047619
0.533	0.047619
0.534	0.047619
0.535	0.047619
0.536	0.047619
0.537	0.047619
0.538	0.047619
0.539	0.047619
0.54	0.047619
0.541	0.047619
0.542	0.047619
0.543	0.047619
0.544	0.047619
0.545	0.047619
0.546	0.047619
0.547	0.047619
0.548	0.047619
0.549	0.047619
0.55	0.047619
0.551	0.047619
0.552	0.047619
0.553	0.047619
0.554	0.047619
0.555	0.047619
0.556	0.047619
0.557	0.047619
0.558	0.047619
0.559	0.047619
0.56	0.047619
0.561	0.047619
0.562	0.047619
0.563	0.047619
0.564	0.047619
0.565	0.047619
0.566	0.047619
0.567	0.047619
0.568	0.047619
0.569	0.047619
0.57	0.047619
0.571	0.047619
0.572	0.047619
0.573	0.047619
0.574	0.047619
0.575	0.047619
0.576	0.047619
0.577	0.047619
0.578	0.047619
0.579	0.047619
0.58	0.047619
0.581	0.047619
0.582	0.047619
0.583	0.047619
0.584	0.047619
0.585	0.047619
0.586	0.047619
0.587	0.047619
0.588	0.047619
0.589	0.047619
0.59	0.047619
0.591	0.047619
0.592	0.047619
0.593	0.047619
0.594	0.047619
0.595	0.047619
0.596	0.047619
0.597	0.047619
0.598	0.047619
0.599	0.047619
0.6	0.047619
0.601	0.047619
0.602	0.047619
0.603	0.047619
0.604	0.047619
0.605	0.047619
0.606	0.047619
0.607	0.047619
0.608	0.047619
0.609	0.047619
0.61	0.047619
0.611	0.047619
0.612	0.047619
0.613	0.047619
0.614	0.047619
0.615	0.047619
0.616	0.047619
0.617	0.047619
0.618	0.047619
0.619	0.047619
0.62	0.047619
0.621	0.047619
0.622	0.047619
0.623	0.047619
0.624	0.047619
0.625	0.047619
0.626	0.047619
0.627	0.047619
0.628	0.047619
0.629	0.047619
0.63	0.047619
0.631	0.047619
0.632	0.047619
0.633	0.047619
0.634	0.047619
0.635	0.047619
0.636	0.047619
0.637	0.047619
0.638	0.047619
0.639	0.047619
0.64	0.047619
0.641	0.047619
0.642	0.047619
0.643	0.047619
0.644	0.047619
0.645	0.047619
0.646	0.047619
0.647	0.047619
0.648	0.047619
0.649	0.047619
0.65	0.047619
0.651	0.047619
0.652	0.047619
0.653	0.047619
0.654	0.047619
0.655	0.047619
0.656	0.047619
0.657	0.047619
0.658	0.047619
0.659	0.047619
0.66	0.047619
0.661	0.047619
0.662	0.047619
0.663	0.047619
0.664	0.047619
0.665	0.047619
0.666	0.047619
0.667	0.047619
0.668	0.047619
0.669	0.047619
0.67	0.047619
0.671	0.047619
0.672	0.047619
0.673	0.047619
0.674	0.047619
0.675	0.047619
0.676	0.047619
0.677	0.047619
0.678	0.047619
0.679	0.047619
0.68	0.047619
0.681	0.047619
0.682	0.047619
0.683	0.047619
0.684	0.047619
0.685	0.047619
0.686	0.047619
0.687	0.047619
0.688	0.047619
0.689	0.047619
0.69	0.047619
0.691	0.047619
0.692	0.047619
0.693	0.047619
0.694	0.047619
0.695	0.047619
0.696	0.047619
0.697	0.047619
0.698	0.047619
0.699	0.047619
0.7	0.047619
0.701	0.047619
0.702	0.047619
0.703	0.047619
0.704	0.047619
0.705	0.047619
0.706	0.047619
0.707	0.047619
0.708	0.047619
0.709	0.047619
0.71	0.047619
0.711	0.047619
0.712	0.047619
0.713	0.047619
0.714	0.047619
0.715	0.047619
0.716	0.047619
0.717	0.047619
0.718	0.047619
0.719	0.047619
0.72	0.047619
0.721	0.047619
0.722	0.047619
0.723	0.047619
0.724	0.047619
0.725	0.047619
0.726	0.047619
0.727	0.047619
0.728	0.047619
0.729	0.047619
0.73	0.047619
0.731	0.047619
0.732	0.047619
0.733	0.047619
0.734	0.047619
0.735	0.047619
0.736	0.047619
0.737	0.047619
0.738	0.047619
0.739	0.047619
0.74	0.047619
0.741	0.047619
0.742	0.047619
0.743	0.047619
0.744	0.047619
0.745	0.047619
0.746	0.047619
0.747	0.047619
0.748	0.047619
0.749	0.047619
0.75	0.047619
0.751	0.047619
0.752	0.047619
0.753	0.047619
0.754	0.047619
0.755	0.047619
0.756	0.047619
0.757	0.047619
0.758	0.047619
0.759	0.047619
0.76	0.047619
0.761	0.047619
0.762	0.047619
0.763	0.047619
0.764	0.047619
0.765	0.047619
0.766	0.047619
0.767	0.047619
0.768	0.047619
0.769	0.047619
0.77	0.047619
0.771	0.047619
0.772	0.047619
0.773	0.047619
0.774	0.047619
0.775	0.047619
0.776	0.047619
0.777	0.047619
0.778	0.047619
0.779	0.047619
0.78	0.047619
0.781	0.047619
0.782	0.047619
0.783	0.047619
0.784	0.047619
0.785	0.047619
0.786	0.047619
0.787	0.047619
0.788	0.047619
0.789	0.047619
0.79	0.047619
0.791	0.047619
0.792	0.047619
0.793	0.047619
0.794	0.047619
0.795	0.047619
0.796	0.047619
0.797	0.047619
0.798	0.047619
0.799	0.047619
0.8	0.047619
0.801	0.047619
0.802	0.047619
0.803	0.047619
0.804	0.047619
0.805	0.047619
0.806	0.047619
0.807	0.047619
0.808	0.047619
0.809	0.047619
0.81	0.047619
0.811	0.047619
0.812	0.047619
0.813	0.047619
0.814	0.047619
0.815	0.047619
0.816	0.047619
0.817	0.047619
0.818	0.047619
0.819	0.047619
0.82	0.047619
0.821	0.047619
0.822	0.047619
0.823	0.047619
0.824	0.047619
0.825	0.047619
0.826	0.047619
0.827	0.047619
0.828	0.047619
0.829	0.047619
0.83	0.047619
0.831	0.047619
0.832	0.047619
0.833	0.047619
0.834	0.047619
0.835	0.047619
0.836	0.047619
0.837	0.047619
0.838	0.047619
0.839	0.047619
0.84	0.047619
0.841	0.047619
0.842	0.047619
0.843	0.047619
0.844	0.047619
0.845	0.047619
0.846	0.047619
0.847	0.047619
0.848	0.047619
0.849	0.047619
0.85	0.047619
0.851	0.047619
0.852	0.047619
0.853	0.047619
0.854	0.047619
0.855	0.047619
0.856	0.047619
0.857	0.047619
0.858	0.047619
0.859	0.047619
0.86	0.047619
0.861	0.047619
0.862	0.047619
0.863	0.047619
0.864	0.047619
0.865	0.047619
0.866	0.047619
0.867	0.047619
0.868	0.047619
0.869	0.047619
0.87	0.047619
0.871	0.047619
0.872	0.047619
0.873	0.047619
0.874	0.047619
0.875	0.047619
0.876	0.047619
0.877	0.047619
0.878	0.047619
0.879	0.047619
0.88	0.047619
0.881	0.047619
0.882	0.047619
0.883	0.047619
0.884	0.047619
0.885	0.047619
0.886	0.047619
0.887	0.047619
0.888	0.047619
0.889	0.047619
0.89	0.047619
0.891	0.047619
0.892	0.047619
0.893	0.047619
0.894	0.047619
0.895	0.047619
0.896	0.047619
0.897	0.047619
0.898	0.047619
0.899	0.047619
0.9	0.047619
0.901	0.047619
0.902	0.047619
0.903	0.047619
0.904	0.047619
0.905	0.047619
0.906	0.047619
0.907	0.047619
0.908	0.047619
0.909	0.047619
0.91	0.047619
0.911	0.047619
0.912	0.047619
0.913	0.047619
0.914	0.047619
0.915	0.047619
0.916	0.047619
0.917	0.047619
0.918	0.047619
0.919	0.047619
0.92	0.047619
0.921	0.047619
0.922	0.047619
0.923	0.047619
0.924	0.047619
0.925	0.047619
0.926	0.047619
0.927	0.047619
0.928	0.047619
0.929	0.047619
0.93	0.047619
0.931	0.047619
0.932	0.047619
0.933	0.047619
0.934	0.047619
0.935	0.047619
0.936	0.047619
0.937	0.047619
0.938	0.047619
0.939	0.047619
0.94	0.047619
0.941	0.047619
0.942	0.047619
0.943	0.047619
0.944	0.047619
0.945	0.047619
0.946	0.047619
0.947	0.047619
0.948	0.047619
0.949	0.047619
0.95	0.047619
0.951	0.047619
0.952	0.047619
0.953	0.047619
0.954	0.047619
0.955	0.047619
0.956	0.047619
0.957	0.047619
0.958	0.047619
0.959	0.047619
0.96	0.047619
0.961	0.047619
0.962	0.047619
0.963	0.047619
0.964	0.047619
0.965	0.047619
0.966	0.047619
0.967	0.047619
0.968	0.047619
0.969	0.047619
0.97	0.047619
0.971	0.047619
0.972	0.047619
0.973	0.047619
0.974	0.047619
0.975	0.047619
0.976	0.047619
0.977	0.047619
0.978	0.047619
0.979	0.047619
0.98	0.047619
0.981	0.047619
0.982	0.047619
0.983	0.047619
0.984	0.047619
0.985	0.047619
0.986	0.047619
0.987	0.047619
0.988	0.047619
0.989	0.047619
0.99	0.047619
0.991	0.047619
0.992	0.047619
0.993	0.047619
0.994	0.047619
0.995	0.047619
0.996	0.047619
0.997	0.047619
0.998	0.047619
0.999	0.047619
