# Interpolation data for function: x^20*(x>0.5)
0	0
0.001	0
0.002	0
0.003	0
0.004	0
0.005	0
0.006	0
0.007	0
0.008	0
0.009	0
0.01	0
0.011	0
0.012	0
0.013	0
0.014	0
0.015	0
0.016	0
0.017	0
0.018	0
0.019	0
0.02	0
0.021	0
0.022	0
0.023	0
0.024	0
0.025	0
0.026	0
0.027	0
0.028	0
0.029	0
0.03	0
0.031	0
0.032	0
0.033	0
0.034	0
0.035	0
0.036	0
0.037	0
0.038	0
0.039	0
0.04	0
0.041	0
0.042	0
0.043	0
0.044	0
0.045	0
0.046	0
0.047	0
0.048	0
0.049	0
0.05	0
0.051	0
0.052	0
0.053	0
0.054	0
0.055	0
0.056	0
0.057	0
0.058	0
0.059	0
0.06	0
0.061	0
0.062	0
0.063	0
0.064	0
0.065	0
0.066	0
0.067	0
0.068	0
0.069	0
0.07	0
0.071	0
0.072	0
0.073	0
0.074	0
0.075	0
0.076	0
0.077	0
0.078	0
0.079	0
0.08	0
0.081	0
0.082	0
0.083	0
0.084	0
0.085	0
0.086	0
0.087	0
0.088	0
0.089	0
0.09	0
0.091	0
0.092	0
0.093	0
0.094	0
0.095	0
0.096	0
0.097	0
0.098	0
0.099	0
0.1	0
0.101	0
0.102	0
0.103	0
0.104	0
0.105	0
0.106	0
0.107	0
0.108	0
0.109	0
0.11	0
0.111	0
0.112	0
0.113	0
0.114	0
0.115	0
0.116	0
0.117	0
0.118	0
0.119	0
0.12	0
0.121	0
0.122	0
0.123	0
0.124	0
0.125	0
0.126	0
0.127	0
0.128	0
0.129	0
0.13	0
0.131	0
0.132	0
0.133	0
0.134	0
0.135	0
0.136	0
0.137	0
0.138	0
0.139	0
0.14	0
0.141	0
0.142	0
0.143	0
0.144	0
0.145	0
0.146	0
0.147	0
0.148	0
0.149	0
0.15	0
0.151	0
0.152	0
0.153	0
0.154	0
0.155	0
0.156	0
0.157	0
0.158	0
0.159	0
0.16	0
0.161	0
0.162	0
0.163	0
0.164	0
0.165	0
0.166	0
0.167	0
0.168	0
0.169	0
0.17	0
0.171	0
0.172	0
0.173	0
0.174	0
0.175	0
0.176	0
0.177	0
0.178	0
0.179	0
0.18	0
0.181	0
0.182	0
0.183	0
0.184	0
0.185	0
0.186	0
0.187	0
0.188	0
0.189	0
0.19	0
0.191	0
0.192	0
0.193	0
0.194	0
0.195	0
0.196	0
0.197	0
0.198	0
0.199	0
0.2	0
0.201	0
0.202	0
0.203	0
0.204	0
0.205	0
0.206	0
0.207	0
0.208	0
0.209	0
0.21	0
0.211	0
0.212	0
0.213	0
0.214	0
0.215	0
0.216	0
0.217	0
0.218	0
0.219	0
0.22	0
0.221	0
0.222	0
0.223	0
0.224	0
0.225	0
0.226	0
0.227	0
0.228	0
0.229	0
0.23	0
0.231	0
0.232	0
0.233	0
0.234	0
0.235	0
0.236	0
0.237	0
0.238	0
0.239	0
0.24	0
0.241	0
0.242	0
0.243	0
0.244	0
0.245	0
0.246	0
0.247	0
0.248	0
0.249	0
0.25	0
0.251	0
0.252	0
0.253	0
0.254	0
0.255	0
0.256	0
0.257	0
0.258	0
0.259	0
0.26	0
0.261	0
0.262	0
0.263	0
0.264	0
0.265	0
0.266	0
0.267	0
0.268	0
0.269	0
0.27	0
0.271	0
0.272	0
0.273	0
0.274	0
0.275	0
0.276	0
0.277	0
0.278	0
0.279	0
0.28	0
0.281	0
0.282	0
0.283	0
0.284	0
0.285	0
0.286	0
0.287	0
0.288	0
0.289	0
0.29	0
0.291	0
0.292	0
0.293	0
0.294	0
0.295	0
0.296	0
0.297	0
0.298	0
0.299	0
0.3	0
0.301	0
0.302	0
0.303	0
0.304	0
0.305	0
0.306	0
0.307	0
0.308	0
0.309	0
0.31	0
0.311	0
0.312	0
0.313	0
0.314	0
0.315	0
0.316	0
0.317	0
0.318	0
0.319	0
0.32	0
0.321	0
0.322	0
0.323	0
0.324	0
0.325	0
0.326	0
0.327	0
0.328	0
0.329	0
0.33	0
0.331	0
0.332	0
0.333	0
0.334	0
0.335	0
0.336	0
0.337	0
0.338	0
0.339	0
0.34	0
0.341	0
0.342	0
0.343	0
0.344	0
0.345	0
0.346	0
0.347	0
0.348	0
0.349	0
0.35	0
0.351	0
0.352	0
0.353	0
0.354	0
0.355	0
0.356	0
0.357	0
0.358	0
0.359	0
0.36	0
0.361	0
0.362	0
0.363	0
0.364	0
0.365	0
0.366	0
0.367	0
0.368	0
0.369	0
0.37	0
0.371	0
0.372	0
0.373	0
0.374	0
0.375	0
0.376	0
0.377	0
0.378	0
0.379	0
0.38	0
0.381	0
0.382	0
0.383	0
0.384	0
0.385	0
0.386	0
0.387	0
0.388	0
0.389	0
0.39	0
0.391	0
0.392	0
0.393	0
0.394	0
0.395	0
0.396	0
0.397	0
0.398	0
0.399	0
0.4	0
0.401	0
0.402	0
0.403	0
0.404	0
0.405	0
0.406	0
0.407	0
0.408	0
0.409	0
0.41	0
0.411	0
0.412	0
0.413	0
0.414	0
0.415	0
0.416	0
0.417	0
0.418	0
0.419	0
0.42	0
0.421	0
0.422	0
0.423	0
0.424	0
0.425	0
0.426	0
0.427	0
0.428	0
0.429	0
0.43	0
0.431	0
0.432	0
0.433	0
0.434	0
0.435	0
0.436	0
0.437	0
0.438	0
0.439	0
0.44	0
0.441	0
0.442	0
0.443	0
0.444	0
0.445	0
0.446	0
0.447	0
0.448	0
0.449	0
0.45	0
0.451	0
0.452	0
0.453	0
0.454	0
0.455	0
0.456	0
0.457	0
0.458	0
0.459	0
0.46	0
0.461	0
0.462	0
0.463	0
0.464	0
0.465	0
0.466	0
0.467	0
0.468	0
0.469	0
0.47	0
0.471	0
0.472	0
0.473	0
0.474	0
0.475	0
0.476	0
0.477	0
0.478	0
0.479	0
0.48	0
0.481	0
0.482	0
0.483	0
0.484	0
0.485	0
0.486	0
0.487	0
0.488	0
0.489	0
0.49	0
0.491	0
0.492	0
0.493	0
0.494	0
0.495	0
0.496	0
0.497	0
0.498	0
0.499	0
0.5	0.000452939
0.501	0.000452939
0.502	0.000452939
0.503	0.000452939
0.504	0.000452939
0.505	0.000452939
0.506	0.000452939
0.507	0.000452939
0.508	0.000452939
0.509	0.000452939
0.51	0.000452939
0.511	0.000452939
0.512	0.000452939
0.513	0.000452939
0.514	0.000452939
0.515	0.000452939
0.516	0.000452939
0.517	0.000452939
0.518	0.000452939
0.519	0.000452939
0.52	0.000452939
0.521	0.000452939
0.522	0.000452939
0.523	0.000452939
0.524	0.000452939
0.525	0.000452939
0.526	0.000452939
0.527	0.000452939
0.528	0.000452939
0.529	0.000452939
0.53	0.000452939
0.531	0.000452939
0.532	0.000452939
0.533	0.000452939
0.534	0.000452939
0.535	0.000452939
0.536	0.000452939
0.537	0.000452939
0.538	0.000452939
0.539	0.000452939
0.54	0.000452939
0.541	0.000452939
0.542	0.000452939
0.543	0.000452939
0.544	0.000452939
0.545	0.000452939
0.546	0.000452939
0.547	0.000452939
0.548	0.000452939
0.549	0.000452939
0.55	0.000452939
0.551	0.000452939
0.552	0.000452939
0.553	0.000452939
0.554	0.000452939
0.555	0.000452939
0.556	0.000452939
0.557	0.000452939
0.558	0.000452939
0.559	0.000452939
0.56	0.000452939
0.561	0.000452939
0.562	0.000452939
0.563	0.000452939
0.564	0.000452939
0.565	0.000452939
0.566	0.000452939
0.567	0.000452939
0.568	0.000452939
0.569	0.000452939
0.57	0.000452939
0.571	0.000452939
0.572	0.000452939
0.573	0.000452939
0.574	0.000452939
0.575	0.000452939
0.576	0.000452939
0.577	0.000452939
0.578	0.000452939
0.579	0.000452939
0.58	0.000452939
0.581	0.000452939
0.582	0.000452939
0.583	0.000452939
0.584	0.000452939
0.585	0.000452939
0.586	0.000452939
0.587	0.000452939
0.588	0.000452939
0.589	0.000452939
0.59	0.000452939
0.591	0.000452939
0.592	0.000452939
0.593	0.000452939
0.594	0.000452939
0.595	0.000452939
0.596	0.000452939
0.597	0.000452939
0.598	0.000452939
0.599	0.000452939
0.6	0.000452939
0.601	0.000452939
0.602	0.000452939
0.603	0.000452939
0.604	0.000452939
0.605	0.000452939
0.606	0.000452939
0.607	0.000452939
0.608	0.000452939
0.609	0.000452939
0.61	0.000452939
0.611	0.000452939
0.612	0.000452939
0.613	0.000452939
0.614	0.000452939
0.615	0.000452939
0.616	0.000452939
0.617	0.000452939
0.618	0.000452939
0.619	0.000452939
0.62	0.000452939
0.621	0.000452939
0.622	0.000452939
0.623	0.000452939
0.624	0.000452939
0.625	0.000452939
0.626	0.000452939
0.627	0.000452939
0.628	0.000452939
0.629	0.000452939
0.63	0.000452939
0.631	0.000452939
0.632	0.000452939
0.633	0.000452939
0.634	0.000452939
0.635	0.000452939
0.636	0.000452939
0.637	0.000452939
0.638	0.000452939
0.639	0.000452939
0.64	0.000452939
0.641	0.000452939
0.642	0.000452939
0.643	0.000452939
0.644	0.000452939
0.645	0.000452939
0.646	0.000452939
0.647	0.000452939
0.648	0.000452939
0.649	0.000452939
0.65	0.000452939
0.651	0.000452939
0.652	0.000452939
0.653	0.000452939
0.654	0.000452939
0.655	0.000452939
0.656	0.000452939
0.657	0.000452939
0.658	0.000452939
0.659	0.000452939
0.66	0.000452939
0.661	0.000452939
0.662	0.000452939
0.663	0.000452939
0.664	0.000452939
0.665	0.000452939
0.666	0.000452939
0.667	0.000452939
0.668	0.000452939
0.669	0.000452939
0.67	0.000452939
0.671	0.000452939
0.672	0.000452939
0.673	0.000452939
0.674	0.000452939
0.675	0.000452939
0.676	0.000452939
0.677	0.000452939
0.678	0.000452939
0.679	0.000452939
0.68	0.000452939
0.681	0.000452939
0.682	0.000452939
0.683	0.000452939
0.684	0.000452939
0.685	0.000452939
0.686	0.000452939
0.687	0.000452939
0.688	0.000452939
0.689	0.000452939
0.69	0.000452939
0.691	0.000452939
0.692	0.000452939
0.693	0.000452939
0.694	0.000452939
0.695	0.000452939
0.696	0.000452939
0.697	0.000452939
0.698	0.000452939
0.699	0.000452939
0.7	0.000452939
0.701	0.000452939
0.702	0.000452939
0.703	0.000452939
0.704	0.000452939
0.705	0.000452939
0.706	0.000452939
0.707	0.000452939
0.708	0.000452939
0.709	0.000452939
0.71	0.000452939
0.711	0.000452939
0.712	0.000452939
0.713	0.000452939
0.714	0.000452939
0.715	0.000452939
0.716	0.000452939
0.717	0.000452939
0.718	0.000452939
0.719	0.000452939
0.72	0.000452939
0.721	0.000452939
0.722	0.000452939
0.723	0.000452939
0.724	0.000452939
0.725	0.000452939
0.726	0.000452939
0.727	0.000452939
0.728	0.000452939
0.729	0.000452939
0.73	0.000452939
0.731	0.000452939
0.732	0.000452939
0.733	0.000452939
0.734	0.000452939
0.735	0.000452939
0.736	0.000452939
0.737	0.000452939
0.738	0.000452939
0.739	0.000452939
0.74	0.000452939
0.741	0.000452939
0.742	0.000452939
0.743	0.000452939
0.744	0.000452939
0.745	0.000452939
0.746	0.000452939
0.747	0.000452939
0.748	0.000452939
0.749	0.000452939
0.75	0.0016256
0.751	0.00195013
0.752	0.00225902
0.753	0.00255311
0.754	0.00283322
0.755	0.00310014
0.756	0.00335467
0.757	0.00359755
0.758	0.00382953
0.759	0.00405134
0.76	0.0042637
0.761	0.00446728
0.762	0.00466276
0.763	0.00485081
0.764	0.00503207
0.765	0.00520715
0.766	0.00537668
0.767	0.00554124
0.768	0.00570142
0.769	0.00585778
0.77	0.00601087
0.771	0.00616123
0.772	0.00630938
0.773	0.00645582
0.774	0.00660106
0.775	0.00674558
0.776	0.00688984
0.777	0.0070343
0.778	0.00717941
0.779	0.0073256
0.78	0.00747329
0.781	0.00762289
0.782	0.0077748
0.783	0.00792941
0.784	0.0080871
0.785	0.00824823
0.786	0.00841317
0.787	0.00858226
0.788	0.00875584
0.789	0.00893425
0.79	0.00911779
0.791	0.0093068
0.792	0.00950157
0.793	0.00970239
0.794	0.00990957
0.795	0.0101234
0.796	0.0103441
0.797	0.010572
0.798	0.0108074
0.799	0.0110504
0.8	0.0113014
0.801	0.0115606
0.802	0.0118283
0.803	0.0121046
0.804	0.0123898
0.805	0.0126842
0.806	0.0129879
0.807	0.0133012
0.808	0.0136244
0.809	0.0139575
0.81	0.0143008
0.811	0.0146546
0.812	0.015019
0.813	0.0153943
0.814	0.0157806
0.815	0.0161782
0.816	0.0165872
0.817	0.0170079
0.818	0.0174404
0.819	0.017885
0.82	0.0183418
0.821	0.0188111
0.822	0.019293
0.823	0.0197878
0.824	0.0202956
0.825	0.0208167
0.826	0.0213513
0.827	0.0218996
0.828	0.0224618
0.829	0.023038
0.83	0.0236286
0.831	0.0242338
0.832	0.0248537
0.833	0.0254887
0.834	0.0261389
0.835	0.0268045
0.836	0.0274859
0.837	0.0281833
0.838	0.0288969
0.839	0.0296269
0.84	0.0303738
0.841	0.0311376
0.842	0.0319188
0.843	0.0327175
0.844	0.0335342
0.845	0.034369
0.846	0.0352223
0.847	0.0360944
0.848	0.0369857
0.849	0.0378964
0.85	0.038827
0.851	0.0397777
0.852	0.040749
0.853	0.0417412
0.854	0.0427546
0.855	0.0437898
0.856	0.044847
0.857	0.0459267
0.858	0.0470294
0.859	0.0481554
0.86	0.0493052
0.861	0.0504794
0.862	0.0516782
0.863	0.0529023
0.864	0.0541522
0.865	0.0554283
0.866	0.0567312
0.867	0.0580614
0.868	0.0594195
0.869	0.0608061
0.87	0.0622217
0.871	0.063667
0.872	0.0651425
0.873	0.0666489
0.874	0.0681869
0.875	0.0697571
0.876	0.0713602
0.877	0.0729968
0.878	0.0746678
0.879	0.0763738
0.88	0.0781157
0.881	0.0798941
0.882	0.0817098
0.883	0.0835637
0.884	0.0854566
0.885	0.0873894
0.886	0.0893628
0.887	0.0913778
0.888	0.0934354
0.889	0.0955363
0.89	0.0976816
0.891	0.0998723
0.892	0.102109
0.893	0.104394
0.894	0.106726
0.895	0.109108
0.896	0.111541
0.897	0.114025
0.898	0.116562
0.899	0.119153
0.9	0.121799
0.901	0.124501
0.902	0.127261
0.903	0.130079
0.904	0.132957
0.905	0.135897
0.906	0.138899
0.907	0.141965
0.908	0.145097
0.909	0.148295
0.91	0.151561
0.911	0.154897
0.912	0.158304
0.913	0.161784
0.914	0.165338
0.915	0.168967
0.916	0.172674
0.917	0.176459
0.918	0.180326
0.919	0.184274
0.92	0.188306
0.921	0.192424
0.922	0.19663
0.923	0.200925
0.924	0.20531
0.925	0.209789
0.926	0.214363
0.927	0.219033
0.928	0.223802
0.929	0.228672
0.93	0.233645
0.931	0.238722
0.932	0.243906
0.933	0.249199
0.934	0.254604
0.935	0.260121
0.936	0.265755
0.937	0.271506
0.938	0.277377
0.939	0.283371
0.94	0.289489
0.941	0.295735
0.942	0.302111
0.943	0.308618
0.944	0.31526
0.945	0.32204
0.946	0.328959
0.947	0.336021
0.948	0.343227
0.949	0.350582
0.95	0.358087
0.951	0.365745
0.952	0.373559
0.953	0.381532
0.954	0.389667
0.955	0.397967
0.956	0.406435
0.957	0.415073
0.958	0.423885
0.959	0.432874
0.96	0.442043
0.961	0.451395
0.962	0.460934
0.963	0.470663
0.964	0.480584
0.965	0.490702
0.966	0.50102
0.967	0.511541
0.968	0.522268
0.969	0.533206
0.97	0.544357
0.971	0.555726
0.972	0.567316
0.973	0.579131
0.974	0.591174
0.975	0.60345
0.976	0.615962
0.977	0.628713
0.978	0.641709
0.979	0.654953
0.98	0.668448
0.981	0.6822
0.982	0.696212
0.983	0.710488
0.984	0.725033
0.985	0.739851
0.986	0.754945
0.987	0.770322
0.988	0.785984
0.989	0.801937
0.99	0.818185
0.991	0.834732
0.992	0.851583
0.993	0.868744
0.994	0.886217
0.995	0.904009
0.996	0.922125
0.997	0.940568
0.998	0.959344
0.999	0.978458
