# Interpolation data for function: x^20*(x>0.5)
0	0
0.001	0
0.002	0
0.003	0
0.004	0
0.005	0
0.006	0
0.007	0
0.008	0
0.009	0
0.01	0
0.011	0
0.012	0
0.013	0
0.014	0
0.015	0
0.016	0
0.017	0
0.018	0
0.019	0
0.02	0
0.021	0
0.022	0
0.023	0
0.024	0
0.025	0
0.026	0
0.027	0
0.028	0
0.029	0
0.03	0
0.031	0
0.032	0
0.033	0
0.034	0
0.035	0
0.036	0
0.037	0
0.038	0
0.039	0
0.04	0
0.041	0
0.042	0
0.043	0
0.044	0
0.045	0
0.046	0
0.047	0
0.048	0
0.049	0
0.05	0
0.051	0
0.052	0
0.053	0
0.054	0
0.055	0
0.056	0
0.057	0
0.058	0
0.059	0
0.06	0
0.061	0
0.062	0
0.063	0
0.064	0
0.065	0
0.066	0
0.067	0
0.068	0
0.069	0
0.07	0
0.071	0
0.072	0
0.073	0
0.074	0
0.075	0
0.076	0
0.077	0
0.078	0
0.079	0
0.08	0
0.081	0
0.082	0
0.083	0
0.084	0
0.085	0
0.086	0
0.087	0
0.088	0
0.089	0
0.09	0
0.091	0
0.092	0
0.093	0
0.094	0
0.095	0
0.096	0
0.097	0
0.098	0
0.099	0
0.1	0
0.101	0
0.102	0
0.103	0
0.104	0
0.105	0
0.106	0
0.107	0
0.108	0
0.109	0
0.11	0
0.111	0
0.112	0
0.113	0
0.114	0
0.115	0
0.116	0
0.117	0
0.118	0
0.119	0
0.12	0
0.121	0
0.122	0
0.123	0
0.124	0
0.125	0
0.126	0
0.127	0
0.128	0
0.129	0
0.13	0
0.131	0
0.132	0
0.133	0
0.134	0
0.135	0
0.136	0
0.137	0
0.138	0
0.139	0
0.14	0
0.141	0
0.142	0
0.143	0
0.144	0
0.145	0
0.146	0
0.147	0
0.148	0
0.149	0
0.15	0
0.151	0
0.152	0
0.153	0
0.154	0
0.155	0
0.156	0
0.157	0
0.158	0
0.159	0
0.16	0
0.161	0
0.162	0
0.163	0
0.164	0
0.165	0
0.166	0
0.167	0
0.168	0
0.169	0
0.17	0
0.171	0
0.172	0
0.173	0
0.174	0
0.175	0
0.176	0
0.177	0
0.178	0
0.179	0
0.18	0
0.181	0
0.182	0
0.183	0
0.184	0
0.185	0
0.186	0
0.187	0
0.188	0
0.189	0
0.19	0
0.191	0
0.192	0
0.193	0
0.194	0
0.195	0
0.196	0
0.197	0
0.198	0
0.199	0
0.2	0
0.201	0
0.202	0
0.203	0
0.204	0
0.205	0
0.206	0
0.207	0
0.208	0
0.209	0
0.21	0
0.211	0
0.212	0
0.213	0
0.214	0
0.215	0
0.216	0
0.217	0
0.218	0
0.219	0
0.22	0
0.221	0
0.222	0
0.223	0
0.224	0
0.225	0
0.226	0
0.227	0
0.228	0
0.229	0
0.23	0
0.231	0
0.232	0
0.233	0
0.234	0
0.235	0
0.236	0
0.237	0
0.238	0
0.239	0
0.24	0
0.241	0
0.242	0
0.243	0
0.244	0
0.245	0
0.246	0
0.247	0
0.248	0
0.249	0
0.25	0
0.251	0
0.252	0
0.253	0
0.254	0
0.255	0
0.256	0
0.257	0
0.258	0
0.259	0
0.26	0
0.261	0
0.262	0
0.263	0
0.264	0
0.265	0
0.266	0
0.267	0
0.268	0
0.269	0
0.27	0
0.271	0
0.272	0
0.273	0
0.274	0
0.275	0
0.276	0
0.277	0
0.278	0
0.279	0
0.28	0
0.281	0
0.282	0
0.283	0
0.284	0
0.285	0
0.286	0
0.287	0
0.288	0
0.289	0
0.29	0
0.291	0
0.292	0
0.293	0
0.294	0
0.295	0
0.296	0
0.297	0
0.298	0
0.299	0
0.3	0
0.301	0
0.302	0
0.303	0
0.304	0
0.305	0
0.306	0
0.307	0
0.308	0
0.309	0
0.31	0
0.311	0
0.312	0
0.313	0
0.314	0
0.315	0
0.316	0
0.317	0
0.318	0
0.319	0
0.32	0
0.321	0
0.322	0
0.323	0
0.324	0
0.325	0
0.326	0
0.327	0
0.328	0
0.329	0
0.33	0
0.331	0
0.332	0
0.333	0
0.334	0
0.335	0
0.336	0
0.337	0
0.338	0
0.339	0
0.34	0
0.341	0
0.342	0
0.343	0
0.344	0
0.345	0
0.346	0
0.347	0
0.348	0
0.349	0
0.35	0
0.351	0
0.352	0
0.353	0
0.354	0
0.355	0
0.356	0
0.357	0
0.358	0
0.359	0
0.36	0
0.361	0
0.362	0
0.363	0
0.364	0
0.365	0
0.366	0
0.367	0
0.368	0
0.369	0
0.37	0
0.371	0
0.372	0
0.373	0
0.374	0
0.375	0
0.376	0
0.377	0
0.378	0
0.379	0
0.38	0
0.381	0
0.382	0
0.383	0
0.384	0
0.385	0
0.386	0
0.387	0
0.388	0
0.389	0
0.39	0
0.391	0
0.392	0
0.393	0
0.394	0
0.395	0
0.396	0
0.397	0
0.398	0
0.399	0
0.4	0
0.401	0
0.402	0
0.403	0
0.404	0
0.405	0
0.406	0
0.407	0
0.408	0
0.409	0
0.41	0
0.411	0
0.412	0
0.413	0
0.414	0
0.415	0
0.416	0
0.417	0
0.418	0
0.419	0
0.42	0
0.421	0
0.422	0
0.423	0
0.424	0
0.425	0
0.426	0
0.427	0
0.428	0
0.429	0
0.43	0
0.431	0
0.432	0
0.433	0
0.434	0
0.435	0
0.436	0
0.437	0
0.438	0
0.439	0
0.44	0
0.441	0
0.442	0
0.443	0
0.444	0
0.445	0
0.446	0
0.447	0
0.448	0
0.449	0
0.45	0
0.451	0
0.452	0
0.453	0
0.454	0
0.455	0
0.456	0
0.457	0
0.458	0
0.459	0
0.46	0
0.461	0
0.462	0
0.463	0
0.464	0
0.465	0
0.466	0
0.467	0
0.468	0
0.469	0
0.47	0
0.471	0
0.472	0
0.473	0
0.474	0
0.475	0
0.476	0
0.477	0
0.478	0
0.479	0
0.48	0
0.481	0
0.482	0
0.483	0
0.484	0
0.485	0
0.486	0
0.487	0
0.488	0
0.489	0
0.49	0
0.491	0
0.492	0
0.493	0
0.494	0
0.495	0
0.496	0
0.497	0
0.498	0
0.499	0
0.5	9.98808e-06
0.501	7.83555e-06
0.502	5.95733e-06
0.503	4.33136e-06
0.504	2.93684e-06
0.505	1.75424e-06
0.506	7.65156e-07
0.507	-4.76529e-08
0.508	-7.00377e-07
0.509	-1.20818e-06
0.51	-1.58523e-06
0.511	-1.84479e-06
0.512	-1.99922e-06
0.513	-2.06002e-06
0.514	-2.0379e-06
0.515	-1.94278e-06
0.516	-1.78389e-06
0.517	-1.56971e-06
0.518	-1.30811e-06
0.519	-1.00631e-06
0.52	-6.70936e-07
0.521	-3.08053e-07
0.522	7.67996e-08
0.523	4.78591e-07
0.524	8.92764e-07
0.525	1.31521e-06
0.526	1.74225e-06
0.527	2.17058e-06
0.528	2.59731e-06
0.529	3.01988e-06
0.53	3.43605e-06
0.531	3.8439e-06
0.532	4.24181e-06
0.533	4.62842e-06
0.534	5.00263e-06
0.535	5.36356e-06
0.536	5.71057e-06
0.537	6.0432e-06
0.538	6.3612e-06
0.539	6.66448e-06
0.54	6.95311e-06
0.541	7.22732e-06
0.542	7.48746e-06
0.543	7.734e-06
0.544	7.96754e-06
0.545	8.18877e-06
0.546	8.39847e-06
0.547	8.5975e-06
0.548	8.7868e-06
0.549	8.96737e-06
0.55	9.14027e-06
0.551	9.30661e-06
0.552	9.46754e-06
0.553	9.62425e-06
0.554	9.77795e-06
0.555	9.92988e-06
0.556	1.00813e-05
0.557	1.02335e-05
0.558	1.03878e-05
0.559	1.05454e-05
0.56	1.07077e-05
0.561	1.08759e-05
0.562	1.10514e-05
0.563	1.12353e-05
0.564	1.14291e-05
0.565	1.16339e-05
0.566	1.18509e-05
0.567	1.20816e-05
0.568	1.23269e-05
0.569	1.25882e-05
0.57	1.28666e-05
0.571	1.31633e-05
0.572	1.34794e-05
0.573	1.38161e-05
0.574	1.41743e-05
0.575	1.45553e-05
0.576	1.496e-05
0.577	1.53894e-05
0.578	1.58447e-05
0.579	1.63267e-05
0.58	1.68365e-05
0.581	1.7375e-05
0.582	1.79431e-05
0.583	1.85417e-05
0.584	1.91719e-05
0.585	1.98343e-05
0.586	2.05299e-05
0.587	2.12597e-05
0.588	2.20243e-05
0.589	2.28247e-05
0.59	2.36617e-05
0.591	2.45361e-05
0.592	2.54488e-05
0.593	2.64006e-05
0.594	2.73923e-05
0.595	2.84247e-05
0.596	2.94987e-05
0.597	3.0615e-05
0.598	3.17746e-05
0.599	3.29784e-05
0.6	3.4227e-05
0.601	3.55216e-05
0.602	3.68628e-05
0.603	3.82517e-05
0.604	3.96892e-05
0.605	4.11763e-05
0.606	4.27139e-05
0.607	4.4303e-05
0.608	4.59447e-05
0.609	4.764e-05
0.61	4.93901e-05
0.611	5.11961e-05
0.612	5.30592e-05
0.613	5.49806e-05
0.614	5.69615e-05
0.615	5.90033e-05
0.616	6.11073e-05
0.617	6.32749e-05
0.618	6.55076e-05
0.619	6.7807e-05
0.62	7.01744e-05
0.621	7.26117e-05
0.622	7.51204e-05
0.623	7.77024e-05
0.624	8.03594e-05
0.625	8.30933e-05
0.626	8.59061e-05
0.627	8.87998e-05
0.628	9.17764e-05
0.629	9.48383e-05
0.63	9.79876e-05
0.631	0.000101227
0.632	0.000104558
0.633	0.000107984
0.634	0.000111507
0.635	0.00011513
0.636	0.000118856
0.637	0.000122688
0.638	0.000126628
0.639	0.00013068
0.64	0.000134846
0.641	0.000139131
0.642	0.000143537
0.643	0.000148068
0.644	0.000152728
0.645	0.00015752
0.646	0.000162448
0.647	0.000167516
0.648	0.000172729
0.649	0.000178089
0.65	0.000183603
0.651	0.000189273
0.652	0.000195105
0.653	0.000201104
0.654	0.000207274
0.655	0.00021362
0.656	0.000220148
0.657	0.000226862
0.658	0.000233768
0.659	0.000240872
0.66	0.00024818
0.661	0.000255697
0.662	0.000263429
0.663	0.000271383
0.664	0.000279565
0.665	0.000287982
0.666	0.00029664
0.667	0.000305547
0.668	0.000314708
0.669	0.000324133
0.67	0.000333827
0.671	0.0003438
0.672	0.000354058
0.673	0.00036461
0.674	0.000375464
0.675	0.000386628
0.676	0.000398112
0.677	0.000409924
0.678	0.000422073
0.679	0.000434569
0.68	0.000447422
0.681	0.00046064
0.682	0.000474235
0.683	0.000488216
0.684	0.000502594
0.685	0.000517381
0.686	0.000532586
0.687	0.000548223
0.688	0.000564301
0.689	0.000580834
0.69	0.000597833
0.691	0.000615311
0.692	0.000633281
0.693	0.000651756
0.694	0.000670749
0.695	0.000690274
0.696	0.000710346
0.697	0.000730979
0.698	0.000752187
0.699	0.000773987
0.7	0.000796392
0.701	0.00081942
0.702	0.000843086
0.703	0.000867408
0.704	0.000892401
0.705	0.000918085
0.706	0.000944476
0.707	0.000971593
0.708	0.000999454
0.709	0.00102808
0.71	0.00105749
0.711	0.0010877
0.712	0.00111874
0.713	0.00115062
0.714	0.00118337
0.715	0.001217
0.716	0.00125155
0.717	0.00128703
0.718	0.00132348
0.719	0.0013609
0.72	0.00139933
0.721	0.00143879
0.722	0.00147931
0.723	0.00152092
0.724	0.00156364
0.725	0.0016075
0.726	0.00165253
0.727	0.00169875
0.728	0.00174621
0.729	0.00179492
0.73	0.00184492
0.731	0.00189624
0.732	0.00194892
0.733	0.00200298
0.734	0.00205847
0.735	0.00211541
0.736	0.00217385
0.737	0.00223381
0.738	0.00229534
0.739	0.00235848
0.74	0.00242327
0.741	0.00248974
0.742	0.00255793
0.743	0.0026279
0.744	0.00269967
0.745	0.00277331
0.746	0.00284884
0.747	0.00292632
0.748	0.0030058
0.749	0.00308732
0.75	0.00317093
0.751	0.00325668
0.752	0.00334463
0.753	0.00343483
0.754	0.00352733
0.755	0.00362218
0.756	0.00371946
0.757	0.0038192
0.758	0.00392147
0.759	0.00402634
0.76	0.00413386
0.761	0.0042441
0.762	0.00435712
0.763	0.00447299
0.764	0.00459178
0.765	0.00471355
0.766	0.00483838
0.767	0.00496634
0.768	0.00509751
0.769	0.00523195
0.77	0.00536976
0.771	0.005511
0.772	0.00565575
0.773	0.00580411
0.774	0.00595616
0.775	0.00611198
0.776	0.00627166
0.777	0.00643529
0.778	0.00660296
0.779	0.00677478
0.78	0.00695083
0.781	0.00713122
0.782	0.00731604
0.783	0.0075054
0.784	0.00769941
0.785	0.00789818
0.786	0.0081018
0.787	0.00831041
0.788	0.0085241
0.789	0.00874301
0.79	0.00896724
0.791	0.00919693
0.792	0.0094322
0.793	0.00967317
0.794	0.00991999
0.795	0.0101728
0.796	0.0104317
0.797	0.0106968
0.798	0.0109684
0.799	0.0112464
0.8	0.0115312
0.801	0.0118228
0.802	0.0121214
0.803	0.0124272
0.804	0.0127403
0.805	0.0130608
0.806	0.0133891
0.807	0.0137251
0.808	0.0140692
0.809	0.0144214
0.81	0.014782
0.811	0.0151512
0.812	0.0155291
0.813	0.015916
0.814	0.016312
0.815	0.0167173
0.816	0.0171323
0.817	0.017557
0.818	0.0179917
0.819	0.0184366
0.82	0.0188919
0.821	0.019358
0.822	0.0198349
0.823	0.020323
0.824	0.0208225
0.825	0.0213337
0.826	0.0218568
0.827	0.022392
0.828	0.0229397
0.829	0.0235001
0.83	0.0240736
0.831	0.0246602
0.832	0.0252605
0.833	0.0258746
0.834	0.026503
0.835	0.0271458
0.836	0.0278034
0.837	0.0284761
0.838	0.0291642
0.839	0.0298682
0.84	0.0305883
0.841	0.0313249
0.842	0.0320783
0.843	0.0328489
0.844	0.0336371
0.845	0.0344432
0.846	0.0352677
0.847	0.0361109
0.848	0.0369732
0.849	0.0378551
0.85	0.0387569
0.851	0.0396792
0.852	0.0406222
0.853	0.0415866
0.854	0.0425727
0.855	0.0435809
0.856	0.0446118
0.857	0.0456659
0.858	0.0467436
0.859	0.0478455
0.86	0.048972
0.861	0.0501236
0.862	0.051301
0.863	0.0525046
0.864	0.053735
0.865	0.0549928
0.866	0.0562785
0.867	0.0575927
0.868	0.0589361
0.869	0.0603092
0.87	0.0617126
0.871	0.063147
0.872	0.0646131
0.873	0.0661115
0.874	0.0676428
0.875	0.0692078
0.876	0.0708071
0.877	0.0724415
0.878	0.0741118
0.879	0.0758185
0.88	0.0775625
0.881	0.0793446
0.882	0.0811656
0.883	0.0830262
0.884	0.0849272
0.885	0.0868696
0.886	0.0888541
0.887	0.0908816
0.888	0.0929531
0.889	0.0950693
0.89	0.0972312
0.891	0.0994398
0.892	0.101696
0.893	0.104001
0.894	0.106355
0.895	0.10876
0.896	0.111216
0.897	0.113725
0.898	0.116288
0.899	0.118906
0.9	0.121579
0.901	0.12431
0.902	0.127098
0.903	0.129946
0.904	0.132855
0.905	0.135825
0.906	0.138859
0.907	0.141956
0.908	0.145119
0.909	0.14835
0.91	0.151648
0.911	0.155016
0.912	0.158455
0.913	0.161966
0.914	0.165551
0.915	0.169211
0.916	0.172948
0.917	0.176764
0.918	0.180659
0.919	0.184636
0.92	0.188696
0.921	0.19284
0.922	0.197071
0.923	0.20139
0.924	0.205799
0.925	0.210299
0.926	0.214893
0.927	0.219582
0.928	0.224368
0.929	0.229254
0.93	0.23424
0.931	0.239329
0.932	0.244523
0.933	0.249823
0.934	0.255233
0.935	0.260754
0.936	0.266389
0.937	0.272139
0.938	0.278007
0.939	0.283995
0.94	0.290105
0.941	0.29634
0.942	0.302702
0.943	0.309194
0.944	0.315818
0.945	0.322577
0.946	0.329473
0.947	0.336509
0.948	0.343687
0.949	0.351011
0.95	0.358483
0.951	0.366106
0.952	0.373882
0.953	0.381816
0.954	0.389909
0.955	0.398165
0.956	0.406588
0.957	0.415179
0.958	0.423942
0.959	0.432881
0.96	0.441999
0.961	0.451299
0.962	0.460785
0.963	0.47046
0.964	0.480328
0.965	0.490393
0.966	0.500657
0.967	0.511126
0.968	0.521802
0.969	0.53269
0.97	0.543793
0.971	0.555117
0.972	0.566663
0.973	0.578438
0.974	0.590445
0.975	0.602689
0.976	0.615173
0.977	0.627903
0.978	0.640883
0.979	0.654117
0.98	0.667611
0.981	0.681369
0.982	0.695396
0.983	0.709697
0.984	0.724277
0.985	0.739141
0.986	0.754295
0.987	0.769743
0.988	0.785491
0.989	0.801546
0.99	0.817911
0.991	0.834593
0.992	0.851598
0.993	0.868932
0.994	0.886601
0.995	0.90461
0.996	0.922966
0.997	0.941676
0.998	0.960745
0.999	0.98018
