# Interpolation data for function: (exp(100*(abs(2*x-1)))-1)/(exp(100)-1)
0	0.598754
0.001	0.553994
0.002	0.511627
0.003	0.471557
0.004	0.43369
0.005	0.397936
0.006	0.364207
0.007	0.332419
0.008	0.302488
0.009	0.274337
0.01	0.247887
0.011	0.223064
0.012	0.199798
0.013	0.178017
0.014	0.157656
0.015	0.138649
0.016	0.120934
0.017	0.104451
0.018	0.0891402
0.019	0.0749463
0.02	0.061815
0.021	0.0496937
0.022	0.0385321
0.023	0.0282815
0.024	0.0188951
0.025	0.0103278
0.026	0.00253616
0.027	-0.00452167
0.028	-0.0108859
0.029	-0.0165951
0.03	-0.0216864
0.031	-0.0261957
0.032	-0.0301572
0.033	-0.0336037
0.034	-0.0365669
0.035	-0.0390771
0.036	-0.0411633
0.037	-0.0428534
0.038	-0.0441739
0.039	-0.0451505
0.04	-0.0458074
0.041	-0.0461681
0.042	-0.0462547
0.043	-0.0460887
0.044	-0.0456903
0.045	-0.0450789
0.046	-0.0442728
0.047	-0.0432898
0.048	-0.0421466
0.049	-0.0408589
0.05	-0.039442
0.051	-0.0379102
0.052	-0.036277
0.053	-0.0345554
0.054	-0.0327574
0.055	-0.0308947
0.056	-0.0289781
0.057	-0.0270178
0.058	-0.0250236
0.059	-0.0230044
0.06	-0.0209687
0.061	-0.0189247
0.062	-0.0168797
0.063	-0.0148408
0.064	-0.0128143
0.065	-0.0108065
0.066	-0.00882279
0.067	-0.00686848
0.068	-0.00494834
0.069	-0.00306675
0.07	-0.00122775
0.071	0.000564994
0.072	0.00230814
0.073	0.00399868
0.074	0.00563391
0.075	0.00721143
0.076	0.00872912
0.077	0.0101851
0.078	0.0115778
0.079	0.0129059
0.08	0.0141682
0.081	0.0153639
0.082	0.0164921
0.083	0.0175526
0.084	0.0185449
0.085	0.0194689
0.086	0.0203247
0.087	0.0211124
0.088	0.0218324
0.089	0.0224852
0.09	0.0230714
0.091	0.0235917
0.092	0.024047
0.093	0.0244383
0.094	0.0247665
0.095	0.0250329
0.096	0.0252388
0.097	0.0253853
0.098	0.0254739
0.099	0.0255061
0.1	0.0254833
0.101	0.0254072
0.102	0.0252793
0.103	0.0251013
0.104	0.0248749
0.105	0.0246018
0.106	0.0242838
0.107	0.0239227
0.108	0.0235203
0.109	0.0230784
0.11	0.0225988
0.111	0.0220833
0.112	0.0215339
0.113	0.0209523
0.114	0.0203405
0.115	0.0197001
0.116	0.0190331
0.117	0.0183414
0.118	0.0176266
0.119	0.0168906
0.12	0.0161352
0.121	0.015362
0.122	0.014573
0.123	0.0137696
0.124	0.0129537
0.125	0.0121269
0.126	0.0112908
0.127	0.0104471
0.128	0.00959713
0.129	0.00874259
0.13	0.00788493
0.131	0.00702562
0.132	0.00616607
0.133	0.00530767
0.134	0.00445175
0.135	0.00359963
0.136	0.00275258
0.137	0.00191181
0.138	0.00107852
0.139	0.000253848
0.14	-0.000561101
0.141	-0.00136527
0.142	-0.00215763
0.143	-0.00293721
0.144	-0.00370307
0.145	-0.00445432
0.146	-0.00519011
0.147	-0.00590962
0.148	-0.0066121
0.149	-0.00729681
0.15	-0.00796306
0.151	-0.00861022
0.152	-0.00923769
0.153	-0.00984489
0.154	-0.0104313
0.155	-0.0109965
0.156	-0.0115399
0.157	-0.0120612
0.158	-0.0125601
0.159	-0.0130361
0.16	-0.0134891
0.161	-0.0139187
0.162	-0.0143247
0.163	-0.0147069
0.164	-0.0150653
0.165	-0.0153996
0.166	-0.0157098
0.167	-0.0159958
0.168	-0.0162577
0.169	-0.0164954
0.17	-0.0167089
0.171	-0.0168984
0.172	-0.0170639
0.173	-0.0172057
0.174	-0.0173237
0.175	-0.0174182
0.176	-0.0174895
0.177	-0.0175377
0.178	-0.0175631
0.179	-0.0175659
0.18	-0.0175465
0.181	-0.0175052
0.182	-0.0174424
0.183	-0.0173583
0.184	-0.0172534
0.185	-0.017128
0.186	-0.0169827
0.187	-0.0168177
0.188	-0.0166336
0.189	-0.0164307
0.19	-0.0162097
0.191	-0.0159709
0.192	-0.0157149
0.193	-0.0154422
0.194	-0.0151533
0.195	-0.0148486
0.196	-0.0145289
0.197	-0.0141945
0.198	-0.0138461
0.199	-0.0134843
0.2	-0.0131095
0.201	-0.0127224
0.202	-0.0123236
0.203	-0.0119135
0.204	-0.0114929
0.205	-0.0110623
0.206	-0.0106222
0.207	-0.0101734
0.208	-0.00971629
0.209	-0.00925156
0.21	-0.00877979
0.211	-0.00830156
0.212	-0.00781747
0.213	-0.00732809
0.214	-0.00683403
0.215	-0.00633584
0.216	-0.00583412
0.217	-0.00532944
0.218	-0.00482235
0.219	-0.00431343
0.22	-0.00380324
0.221	-0.00329231
0.222	-0.00278121
0.223	-0.00227046
0.224	-0.00176059
0.225	-0.00125213
0.226	-0.00074559
0.227	-0.000241476
0.228	0.000259717
0.229	0.0007575
0.23	0.0012514
0.231	0.00174094
0.232	0.00222567
0.233	0.00270513
0.234	0.0031789
0.235	0.00364655
0.236	0.00410766
0.237	0.00456182
0.238	0.00500866
0.239	0.00544777
0.24	0.00587881
0.241	0.0063014
0.242	0.00671521
0.243	0.00711991
0.244	0.00751517
0.245	0.00790069
0.246	0.00827617
0.247	0.00864133
0.248	0.00899591
0.249	0.00933964
0.25	0.00967229
0.251	0.00999363
0.252	0.0103034
0.253	0.0106015
0.254	0.0108876
0.255	0.0111617
0.256	0.0114234
0.257	0.0116728
0.258	0.0119095
0.259	0.0121336
0.26	0.0123449
0.261	0.0125433
0.262	0.0127287
0.263	0.0129011
0.264	0.0130603
0.265	0.0132063
0.266	0.0133391
0.267	0.0134587
0.268	0.013565
0.269	0.0136581
0.27	0.0137379
0.271	0.0138045
0.272	0.0138579
0.273	0.0138981
0.274	0.0139253
0.275	0.0139394
0.276	0.0139406
0.277	0.0139289
0.278	0.0139045
0.279	0.0138674
0.28	0.0138177
0.281	0.0137557
0.282	0.0136813
0.283	0.0135949
0.284	0.0134965
0.285	0.0133862
0.286	0.0132644
0.287	0.0131311
0.288	0.0129865
0.289	0.0128309
0.29	0.0126644
0.291	0.0124873
0.292	0.0122997
0.293	0.012102
0.294	0.0118943
0.295	0.0116769
0.296	0.01145
0.297	0.0112139
0.298	0.0109688
0.299	0.0107151
0.3	0.0104529
0.301	0.0101825
0.302	0.00990429
0.303	0.00961847
0.304	0.00932535
0.305	0.00902521
0.306	0.00871835
0.307	0.00840507
0.308	0.00808566
0.309	0.00776044
0.31	0.0074297
0.311	0.00709376
0.312	0.00675292
0.313	0.00640751
0.314	0.00605782
0.315	0.00570418
0.316	0.0053469
0.317	0.00498629
0.318	0.00462269
0.319	0.00425639
0.32	0.00388772
0.321	0.003517
0.322	0.00314454
0.323	0.00277066
0.324	0.00239567
0.325	0.00201989
0.326	0.00164363
0.327	0.00126719
0.328	0.000890895
0.329	0.00051504
0.33	0.000139934
0.331	-0.000234122
0.332	-0.00060683
0.333	-0.000977893
0.334	-0.00134702
0.335	-0.00171392
0.336	-0.0020783
0.337	-0.00243989
0.338	-0.0027984
0.339	-0.00315357
0.34	-0.00350511
0.341	-0.00385277
0.342	-0.00419628
0.343	-0.00453539
0.344	-0.00486984
0.345	-0.00519939
0.346	-0.00552379
0.347	-0.00584281
0.348	-0.00615622
0.349	-0.0064638
0.35	-0.00676531
0.351	-0.00706056
0.352	-0.00734933
0.353	-0.00763141
0.354	-0.00790662
0.355	-0.00817476
0.356	-0.00843566
0.357	-0.00868912
0.358	-0.00893499
0.359	-0.0091731
0.36	-0.0094033
0.361	-0.00962542
0.362	-0.00983933
0.363	-0.0100449
0.364	-0.010242
0.365	-0.0104305
0.366	-0.0106103
0.367	-0.0107812
0.368	-0.0109432
0.369	-0.0110962
0.37	-0.0112401
0.371	-0.0113748
0.372	-0.0115003
0.373	-0.0116164
0.374	-0.0117232
0.375	-0.0118205
0.376	-0.0119083
0.377	-0.0119866
0.378	-0.0120554
0.379	-0.0121146
0.38	-0.0121642
0.381	-0.0122043
0.382	-0.0122347
0.383	-0.0122556
0.384	-0.0122669
0.385	-0.0122686
0.386	-0.0122608
0.387	-0.0122436
0.388	-0.0122168
0.389	-0.0121807
0.39	-0.0121352
0.391	-0.0120805
0.392	-0.0120165
0.393	-0.0119433
0.394	-0.0118612
0.395	-0.01177
0.396	-0.0116699
0.397	-0.0115611
0.398	-0.0114435
0.399	-0.0113174
0.4	-0.0111829
0.401	-0.01104
0.402	-0.0108889
0.403	-0.0107297
0.404	-0.0105626
0.405	-0.0103877
0.406	-0.0102052
0.407	-0.0100151
0.408	-0.00981779
0.409	-0.00961328
0.41	-0.00940177
0.411	-0.00918344
0.412	-0.00895847
0.413	-0.00872703
0.414	-0.00848932
0.415	-0.00824552
0.416	-0.00799583
0.417	-0.00774044
0.418	-0.00747955
0.419	-0.00721337
0.42	-0.00694211
0.421	-0.00666597
0.422	-0.00638517
0.423	-0.00609992
0.424	-0.00581045
0.425	-0.00551697
0.426	-0.00521971
0.427	-0.0049189
0.428	-0.00461475
0.429	-0.0043075
0.43	-0.00399738
0.431	-0.00368463
0.432	-0.00336947
0.433	-0.00305214
0.434	-0.00273287
0.435	-0.00241191
0.436	-0.0020895
0.437	-0.00176586
0.438	-0.00144123
0.439	-0.00111586
0.44	-0.000789989
0.441	-0.000463847
0.442	-0.000137674
0.443	0.000188292
0.444	0.000513813
0.445	0.000838653
0.446	0.00116258
0.447	0.00148535
0.448	0.00180674
0.449	0.00212652
0.45	0.00244445
0.451	0.0027603
0.452	0.00307386
0.453	0.00338489
0.454	0.00369317
0.455	0.00399849
0.456	0.00430062
0.457	0.00459935
0.458	0.00489446
0.459	0.00518576
0.46	0.00547302
0.461	0.00575605
0.462	0.00603464
0.463	0.00630861
0.464	0.00657774
0.465	0.00684187
0.466	0.00710079
0.467	0.00735432
0.468	0.0076023
0.469	0.00784453
0.47	0.00808086
0.471	0.00831112
0.472	0.00853514
0.473	0.00875277
0.474	0.00896385
0.475	0.00916824
0.476	0.0093658
0.477	0.00955638
0.478	0.00973986
0.479	0.00991609
0.48	0.010085
0.481	0.0102464
0.482	0.0104002
0.483	0.0105463
0.484	0.0106846
0.485	0.0108151
0.486	0.0109375
0.487	0.0110519
0.488	0.0111581
0.489	0.0112561
0.49	0.0113458
0.491	0.0114272
0.492	0.0115001
0.493	0.0115646
0.494	0.0116205
0.495	0.011668
0.496	0.0117068
0.497	0.0117371
0.498	0.0117587
0.499	0.0117717
0.5	0.011776
0.501	0.0117717
0.502	0.0117587
0.503	0.0117371
0.504	0.0117068
0.505	0.011668
0.506	0.0116205
0.507	0.0115646
0.508	0.0115001
0.509	0.0114272
0.51	0.0113458
0.511	0.0112561
0.512	0.0111581
0.513	0.0110519
0.514	0.0109375
0.515	0.0108151
0.516	0.0106846
0.517	0.0105463
0.518	0.0104002
0.519	0.0102464
0.52	0.010085
0.521	0.00991609
0.522	0.00973986
0.523	0.00955638
0.524	0.0093658
0.525	0.00916824
0.526	0.00896385
0.527	0.00875277
0.528	0.00853514
0.529	0.00831112
0.53	0.00808086
0.531	0.00784453
0.532	0.0076023
0.533	0.00735432
0.534	0.00710079
0.535	0.00684187
0.536	0.00657774
0.537	0.00630861
0.538	0.00603464
0.539	0.00575605
0.54	0.00547302
0.541	0.00518576
0.542	0.00489446
0.543	0.00459935
0.544	0.00430062
0.545	0.00399849
0.546	0.00369317
0.547	0.00338489
0.548	0.00307386
0.549	0.0027603
0.55	0.00244445
0.551	0.00212652
0.552	0.00180674
0.553	0.00148535
0.554	0.00116258
0.555	0.000838653
0.556	0.000513813
0.557	0.000188292
0.558	-0.000137674
0.559	-0.000463847
0.56	-0.000789989
0.561	-0.00111586
0.562	-0.00144123
0.563	-0.00176586
0.564	-0.0020895
0.565	-0.00241191
0.566	-0.00273287
0.567	-0.00305214
0.568	-0.00336947
0.569	-0.00368463
0.57	-0.00399738
0.571	-0.0043075
0.572	-0.00461475
0.573	-0.0049189
0.574	-0.00521971
0.575	-0.00551697
0.576	-0.00581045
0.577	-0.00609992
0.578	-0.00638517
0.579	-0.00666597
0.58	-0.00694211
0.581	-0.00721337
0.582	-0.00747955
0.583	-0.00774044
0.584	-0.00799583
0.585	-0.00824552
0.586	-0.00848932
0.587	-0.00872703
0.588	-0.00895847
0.589	-0.00918344
0.59	-0.00940177
0.591	-0.00961328
0.592	-0.00981779
0.593	-0.0100151
0.594	-0.0102052
0.595	-0.0103877
0.596	-0.0105626
0.597	-0.0107297
0.598	-0.0108889
0.599	-0.01104
0.6	-0.0111829
0.601	-0.0113174
0.602	-0.0114435
0.603	-0.0115611
0.604	-0.0116699
0.605	-0.01177
0.606	-0.0118612
0.607	-0.0119433
0.608	-0.0120165
0.609	-0.0120805
0.61	-0.0121352
0.611	-0.0121807
0.612	-0.0122168
0.613	-0.0122436
0.614	-0.0122608
0.615	-0.0122686
0.616	-0.0122669
0.617	-0.0122556
0.618	-0.0122347
0.619	-0.0122043
0.62	-0.0121642
0.621	-0.0121146
0.622	-0.0120554
0.623	-0.0119866
0.624	-0.0119083
0.625	-0.0118205
0.626	-0.0117232
0.627	-0.0116164
0.628	-0.0115003
0.629	-0.0113748
0.63	-0.0112401
0.631	-0.0110962
0.632	-0.0109432
0.633	-0.0107812
0.634	-0.0106103
0.635	-0.0104305
0.636	-0.010242
0.637	-0.0100449
0.638	-0.00983933
0.639	-0.00962542
0.64	-0.0094033
0.641	-0.0091731
0.642	-0.00893499
0.643	-0.00868912
0.644	-0.00843566
0.645	-0.00817476
0.646	-0.00790662
0.647	-0.00763141
0.648	-0.00734933
0.649	-0.00706056
0.65	-0.00676531
0.651	-0.0064638
0.652	-0.00615622
0.653	-0.00584281
0.654	-0.00552379
0.655	-0.00519939
0.656	-0.00486984
0.657	-0.00453539
0.658	-0.00419628
0.659	-0.00385277
0.66	-0.00350511
0.661	-0.00315357
0.662	-0.0027984
0.663	-0.00243989
0.664	-0.0020783
0.665	-0.00171392
0.666	-0.00134702
0.667	-0.000977893
0.668	-0.00060683
0.669	-0.000234122
0.67	0.000139934
0.671	0.00051504
0.672	0.000890895
0.673	0.00126719
0.674	0.00164363
0.675	0.00201989
0.676	0.00239567
0.677	0.00277066
0.678	0.00314454
0.679	0.003517
0.68	0.00388772
0.681	0.00425639
0.682	0.00462269
0.683	0.00498629
0.684	0.0053469
0.685	0.00570418
0.686	0.00605782
0.687	0.00640751
0.688	0.00675292
0.689	0.00709376
0.69	0.0074297
0.691	0.00776044
0.692	0.00808566
0.693	0.00840507
0.694	0.00871835
0.695	0.00902521
0.696	0.00932535
0.697	0.00961847
0.698	0.00990429
0.699	0.0101825
0.7	0.0104529
0.701	0.0107151
0.702	0.0109688
0.703	0.0112139
0.704	0.01145
0.705	0.0116769
0.706	0.0118943
0.707	0.012102
0.708	0.0122997
0.709	0.0124873
0.71	0.0126644
0.711	0.0128309
0.712	0.0129865
0.713	0.0131311
0.714	0.0132644
0.715	0.0133862
0.716	0.0134965
0.717	0.0135949
0.718	0.0136813
0.719	0.0137557
0.72	0.0138177
0.721	0.0138674
0.722	0.0139045
0.723	0.0139289
0.724	0.0139406
0.725	0.0139394
0.726	0.0139253
0.727	0.0138981
0.728	0.0138579
0.729	0.0138045
0.73	0.0137379
0.731	0.0136581
0.732	0.013565
0.733	0.0134587
0.734	0.0133391
0.735	0.0132063
0.736	0.0130603
0.737	0.0129011
0.738	0.0127287
0.739	0.0125433
0.74	0.0123449
0.741	0.0121336
0.742	0.0119095
0.743	0.0116728
0.744	0.0114234
0.745	0.0111617
0.746	0.0108876
0.747	0.0106015
0.748	0.0103034
0.749	0.00999363
0.75	0.00967229
0.751	0.00933964
0.752	0.00899591
0.753	0.00864133
0.754	0.00827617
0.755	0.00790069
0.756	0.00751517
0.757	0.00711991
0.758	0.00671521
0.759	0.0063014
0.76	0.00587881
0.761	0.00544777
0.762	0.00500866
0.763	0.00456182
0.764	0.00410766
0.765	0.00364655
0.766	0.0031789
0.767	0.00270513
0.768	0.00222567
0.769	0.00174094
0.77	0.0012514
0.771	0.0007575
0.772	0.000259717
0.773	-0.000241476
0.774	-0.00074559
0.775	-0.00125213
0.776	-0.00176059
0.777	-0.00227046
0.778	-0.00278121
0.779	-0.00329231
0.78	-0.00380324
0.781	-0.00431343
0.782	-0.00482235
0.783	-0.00532944
0.784	-0.00583412
0.785	-0.00633584
0.786	-0.00683403
0.787	-0.00732809
0.788	-0.00781747
0.789	-0.00830156
0.79	-0.00877979
0.791	-0.00925156
0.792	-0.00971629
0.793	-0.0101734
0.794	-0.0106222
0.795	-0.0110623
0.796	-0.0114929
0.797	-0.0119135
0.798	-0.0123236
0.799	-0.0127224
0.8	-0.0131095
0.801	-0.0134843
0.802	-0.0138461
0.803	-0.0141945
0.804	-0.0145289
0.805	-0.0148486
0.806	-0.0151533
0.807	-0.0154422
0.808	-0.0157149
0.809	-0.0159709
0.81	-0.0162097
0.811	-0.0164307
0.812	-0.0166336
0.813	-0.0168177
0.814	-0.0169827
0.815	-0.017128
0.816	-0.0172534
0.817	-0.0173583
0.818	-0.0174424
0.819	-0.0175052
0.82	-0.0175465
0.821	-0.0175659
0.822	-0.0175631
0.823	-0.0175377
0.824	-0.0174895
0.825	-0.0174182
0.826	-0.0173237
0.827	-0.0172057
0.828	-0.0170639
0.829	-0.0168984
0.83	-0.0167089
0.831	-0.0164954
0.832	-0.0162577
0.833	-0.0159958
0.834	-0.0157098
0.835	-0.0153996
0.836	-0.0150653
0.837	-0.0147069
0.838	-0.0143247
0.839	-0.0139187
0.84	-0.0134891
0.841	-0.0130361
0.842	-0.0125601
0.843	-0.0120612
0.844	-0.0115399
0.845	-0.0109965
0.846	-0.0104313
0.847	-0.00984489
0.848	-0.00923769
0.849	-0.00861022
0.85	-0.00796306
0.851	-0.00729681
0.852	-0.0066121
0.853	-0.00590962
0.854	-0.00519011
0.855	-0.00445432
0.856	-0.00370307
0.857	-0.00293721
0.858	-0.00215763
0.859	-0.00136527
0.86	-0.000561101
0.861	0.000253848
0.862	0.00107852
0.863	0.00191181
0.864	0.00275258
0.865	0.00359963
0.866	0.00445175
0.867	0.00530767
0.868	0.00616607
0.869	0.00702562
0.87	0.00788493
0.871	0.00874259
0.872	0.00959713
0.873	0.0104471
0.874	0.0112908
0.875	0.0121269
0.876	0.0129537
0.877	0.0137696
0.878	0.014573
0.879	0.015362
0.88	0.0161352
0.881	0.0168906
0.882	0.0176266
0.883	0.0183414
0.884	0.0190331
0.885	0.0197001
0.886	0.0203405
0.887	0.0209523
0.888	0.0215339
0.889	0.0220833
0.89	0.0225988
0.891	0.0230784
0.892	0.0235203
0.893	0.0239227
0.894	0.0242838
0.895	0.0246018
0.896	0.0248749
0.897	0.0251013
0.898	0.0252793
0.899	0.0254072
0.9	0.0254833
0.901	0.0255061
0.902	0.0254739
0.903	0.0253853
0.904	0.0252388
0.905	0.0250329
0.906	0.0247665
0.907	0.0244383
0.908	0.024047
0.909	0.0235917
0.91	0.0230714
0.911	0.0224852
0.912	0.0218324
0.913	0.0211124
0.914	0.0203247
0.915	0.0194689
0.916	0.0185449
0.917	0.0175526
0.918	0.0164921
0.919	0.0153639
0.92	0.0141682
0.921	0.0129059
0.922	0.0115778
0.923	0.0101851
0.924	0.00872912
0.925	0.00721143
0.926	0.00563391
0.927	0.00399868
0.928	0.00230814
0.929	0.000564994
0.93	-0.00122775
0.931	-0.00306675
0.932	-0.00494834
0.933	-0.00686848
0.934	-0.00882279
0.935	-0.0108065
0.936	-0.0128143
0.937	-0.0148408
0.938	-0.0168797
0.939	-0.0189247
0.94	-0.0209687
0.941	-0.0230044
0.942	-0.0250236
0.943	-0.0270178
0.944	-0.0289781
0.945	-0.0308947
0.946	-0.0327574
0.947	-0.0345554
0.948	-0.036277
0.949	-0.0379102
0.95	-0.039442
0.951	-0.0408589
0.952	-0.0421466
0.953	-0.0432898
0.954	-0.0442728
0.955	-0.0450789
0.956	-0.0456903
0.957	-0.0460887
0.958	-0.0462547
0.959	-0.0461681
0.96	-0.0458074
0.961	-0.0451505
0.962	-0.0441739
0.963	-0.0428534
0.964	-0.0411633
0.965	-0.0390771
0.966	-0.0365669
0.967	-0.0336037
0.968	-0.0301572
0.969	-0.0261957
0.97	-0.0216864
0.971	-0.0165951
0.972	-0.0108859
0.973	-0.00452167
0.974	0.00253616
0.975	0.0103278
0.976	0.0188951
0.977	0.0282815
0.978	0.0385321
0.979	0.0496937
0.98	0.061815
0.981	0.0749463
0.982	0.0891402
0.983	0.104451
0.984	0.120934
0.985	0.138649
0.986	0.157656
0.987	0.178017
0.988	0.199798
0.989	0.223064
0.99	0.247887
0.991	0.274337
0.992	0.302488
0.993	0.332419
0.994	0.364207
0.995	0.397936
0.996	0.43369
0.997	0.471557
0.998	0.511627
0.999	0.553994
