# Interpolation data for function: (exp(100*(abs(2*x-1)))-1)/(exp(100)-1)
0	0.363599
0.001	0.348932
0.002	0.33466
0.003	0.320775
0.004	0.307269
0.005	0.294135
0.006	0.281366
0.007	0.268955
0.008	0.256895
0.009	0.245179
0.01	0.2338
0.011	0.22275
0.012	0.212025
0.013	0.201617
0.014	0.191519
0.015	0.181726
0.016	0.172231
0.017	0.163027
0.018	0.15411
0.019	0.145472
0.02	0.137109
0.021	0.129013
0.022	0.12118
0.023	0.113604
0.024	0.106279
0.025	0.0991992
0.026	0.0923602
0.027	0.0857563
0.028	0.0793822
0.029	0.0732328
0.03	0.0673031
0.031	0.0615881
0.032	0.0560828
0.033	0.0507825
0.034	0.0456824
0.035	0.0407778
0.036	0.0360641
0.037	0.0315367
0.038	0.0271913
0.039	0.0230235
0.04	0.0190289
0.041	0.0152033
0.042	0.0115425
0.043	0.00804251
0.044	0.00469917
0.045	0.00150856
0.046	-0.00153323
0.047	-0.00443001
0.048	-0.00718557
0.049	-0.00980361
0.05	-0.0122878
0.051	-0.0146416
0.052	-0.0168687
0.053	-0.0189724
0.054	-0.0209562
0.055	-0.0228234
0.056	-0.0245772
0.057	-0.026221
0.058	-0.0277578
0.059	-0.0291907
0.06	-0.0305229
0.061	-0.0317572
0.062	-0.0328966
0.063	-0.0339441
0.064	-0.0349023
0.065	-0.0357742
0.066	-0.0365624
0.067	-0.0372696
0.068	-0.0378984
0.069	-0.0384513
0.07	-0.038931
0.071	-0.0393399
0.072	-0.0396803
0.073	-0.0399547
0.074	-0.0401654
0.075	-0.0403147
0.076	-0.0404048
0.077	-0.0404379
0.078	-0.0404161
0.079	-0.0403415
0.08	-0.0402163
0.081	-0.0400423
0.082	-0.0398216
0.083	-0.0395561
0.084	-0.0392478
0.085	-0.0388983
0.086	-0.0385096
0.087	-0.0380834
0.088	-0.0376214
0.089	-0.0371254
0.09	-0.0365969
0.091	-0.0360377
0.092	-0.0354491
0.093	-0.0348329
0.094	-0.0341905
0.095	-0.0335234
0.096	-0.032833
0.097	-0.0321206
0.098	-0.0313878
0.099	-0.0306357
0.1	-0.0298658
0.101	-0.0290792
0.102	-0.0282772
0.103	-0.027461
0.104	-0.0266318
0.105	-0.0257907
0.106	-0.0249388
0.107	-0.0240772
0.108	-0.023207
0.109	-0.0223292
0.11	-0.0214447
0.111	-0.0205546
0.112	-0.0196597
0.113	-0.0187611
0.114	-0.0178595
0.115	-0.0169558
0.116	-0.016051
0.117	-0.0151457
0.118	-0.0142408
0.119	-0.013337
0.12	-0.012435
0.121	-0.0115357
0.122	-0.0106396
0.123	-0.00974738
0.124	-0.00885976
0.125	-0.00797734
0.126	-0.0071007
0.127	-0.00623043
0.128	-0.00536707
0.129	-0.00451118
0.13	-0.00366326
0.131	-0.00282382
0.132	-0.00199332
0.133	-0.00117222
0.134	-0.000360966
0.135	0.000440025
0.136	0.00123035
0.137	0.00200963
0.138	0.00277749
0.139	0.00353359
0.14	0.00427759
0.141	0.00500917
0.142	0.00572805
0.143	0.00643392
0.144	0.00712653
0.145	0.00780562
0.146	0.00847094
0.147	0.00912229
0.148	0.00975945
0.149	0.0103822
0.15	0.0109904
0.151	0.0115839
0.152	0.0121624
0.153	0.012726
0.154	0.0132743
0.155	0.0138074
0.156	0.0143251
0.157	0.0148273
0.158	0.015314
0.159	0.015785
0.16	0.0162403
0.161	0.0166799
0.162	0.0171037
0.163	0.0175117
0.164	0.0179038
0.165	0.0182801
0.166	0.0186406
0.167	0.0189853
0.168	0.0193141
0.169	0.0196272
0.17	0.0199245
0.171	0.0202061
0.172	0.020472
0.173	0.0207224
0.174	0.0209573
0.175	0.0211767
0.176	0.0213807
0.177	0.0215695
0.178	0.0217431
0.179	0.0219016
0.18	0.0220452
0.181	0.0221739
0.182	0.0222879
0.183	0.0223874
0.184	0.0224723
0.185	0.0225429
0.186	0.0225994
0.187	0.0226418
0.188	0.0226703
0.189	0.0226851
0.19	0.0226864
0.191	0.0226743
0.192	0.0226489
0.193	0.0226106
0.194	0.0225593
0.195	0.0224954
0.196	0.022419
0.197	0.0223303
0.198	0.0222295
0.199	0.0221168
0.2	0.0219924
0.201	0.0218565
0.202	0.0217093
0.203	0.021551
0.204	0.0213818
0.205	0.021202
0.206	0.0210117
0.207	0.0208111
0.208	0.0206006
0.209	0.0203802
0.21	0.0201503
0.211	0.019911
0.212	0.0196626
0.213	0.0194052
0.214	0.0191392
0.215	0.0188648
0.216	0.0185821
0.217	0.0182914
0.218	0.017993
0.219	0.017687
0.22	0.0173738
0.221	0.0170534
0.222	0.0167263
0.223	0.0163925
0.224	0.0160523
0.225	0.015706
0.226	0.0153538
0.227	0.0149959
0.228	0.0146325
0.229	0.0142639
0.23	0.0138904
0.231	0.013512
0.232	0.0131291
0.233	0.012742
0.234	0.0123507
0.235	0.0119556
0.236	0.0115568
0.237	0.0111546
0.238	0.0107493
0.239	0.010341
0.24	0.00992991
0.241	0.00951633
0.242	0.00910043
0.243	0.00868243
0.244	0.00826256
0.245	0.00784102
0.246	0.00741802
0.247	0.00699377
0.248	0.00656849
0.249	0.00614236
0.25	0.0057156
0.251	0.00528841
0.252	0.00486099
0.253	0.00443353
0.254	0.00400624
0.255	0.00357929
0.256	0.0031529
0.257	0.00272723
0.258	0.00230248
0.259	0.00187884
0.26	0.00145648
0.261	0.00103558
0.262	0.000616328
0.263	0.000198888
0.264	-0.000216565
0.265	-0.000629861
0.266	-0.00104083
0.267	-0.00144932
0.268	-0.00185516
0.269	-0.00225819
0.27	-0.00265825
0.271	-0.0030552
0.272	-0.00344888
0.273	-0.00383915
0.274	-0.00422585
0.275	-0.00460885
0.276	-0.00498801
0.277	-0.00536318
0.278	-0.00573424
0.279	-0.00610106
0.28	-0.0064635
0.281	-0.00682144
0.282	-0.00717476
0.283	-0.00752334
0.284	-0.00786706
0.285	-0.00820581
0.286	-0.00853948
0.287	-0.00886795
0.288	-0.00919113
0.289	-0.00950892
0.29	-0.0098212
0.291	-0.0101279
0.292	-0.0104289
0.293	-0.0107241
0.294	-0.0110135
0.295	-0.0112969
0.296	-0.0115743
0.297	-0.0118456
0.298	-0.0121107
0.299	-0.0123696
0.3	-0.0126221
0.301	-0.0128683
0.302	-0.0131079
0.303	-0.0133411
0.304	-0.0135677
0.305	-0.0137877
0.306	-0.014001
0.307	-0.0142076
0.308	-0.0144073
0.309	-0.0146003
0.31	-0.0147865
0.311	-0.0149657
0.312	-0.015138
0.313	-0.0153033
0.314	-0.0154617
0.315	-0.015613
0.316	-0.0157573
0.317	-0.0158946
0.318	-0.0160247
0.319	-0.0161478
0.32	-0.0162638
0.321	-0.0163726
0.322	-0.0164743
0.323	-0.0165689
0.324	-0.0166564
0.325	-0.0167368
0.326	-0.01681
0.327	-0.0168761
0.328	-0.0169351
0.329	-0.016987
0.33	-0.0170318
0.331	-0.0170696
0.332	-0.0171002
0.333	-0.0171239
0.334	-0.0171406
0.335	-0.0171503
0.336	-0.017153
0.337	-0.0171488
0.338	-0.0171377
0.339	-0.0171198
0.34	-0.017095
0.341	-0.0170635
0.342	-0.0170252
0.343	-0.0169803
0.344	-0.0169286
0.345	-0.0168704
0.346	-0.0168057
0.347	-0.0167344
0.348	-0.0166567
0.349	-0.0165726
0.35	-0.0164822
0.351	-0.0163855
0.352	-0.0162826
0.353	-0.0161736
0.354	-0.0160584
0.355	-0.0159373
0.356	-0.0158102
0.357	-0.0156773
0.358	-0.0155385
0.359	-0.015394
0.36	-0.0152439
0.361	-0.0150881
0.362	-0.0149269
0.363	-0.0147603
0.364	-0.0145883
0.365	-0.0144111
0.366	-0.0142287
0.367	-0.0140413
0.368	-0.0138488
0.369	-0.0136514
0.37	-0.0134492
0.371	-0.0132423
0.372	-0.0130307
0.373	-0.0128147
0.374	-0.0125941
0.375	-0.0123692
0.376	-0.0121401
0.377	-0.0119068
0.378	-0.0116694
0.379	-0.0114281
0.38	-0.0111829
0.381	-0.010934
0.382	-0.0106814
0.383	-0.0104252
0.384	-0.0101656
0.385	-0.0099027
0.386	-0.00963652
0.387	-0.00936721
0.388	-0.00909488
0.389	-0.00881963
0.39	-0.00854156
0.391	-0.00826079
0.392	-0.00797743
0.393	-0.00769158
0.394	-0.00740336
0.395	-0.00711287
0.396	-0.00682023
0.397	-0.00652554
0.398	-0.00622892
0.399	-0.00593048
0.4	-0.00563032
0.401	-0.00532857
0.402	-0.00502533
0.403	-0.00472071
0.404	-0.00441483
0.405	-0.0041078
0.406	-0.00379973
0.407	-0.00349073
0.408	-0.00318092
0.409	-0.0028704
0.41	-0.00255929
0.411	-0.00224771
0.412	-0.00193575
0.413	-0.00162353
0.414	-0.00131117
0.415	-0.000998779
0.416	-0.000686458
0.417	-0.000374322
0.418	-6.24813e-05
0.419	0.000248956
0.42	0.00055988
0.421	0.000870183
0.422	0.00117976
0.423	0.00148849
0.424	0.00179629
0.425	0.00210303
0.426	0.00240862
0.427	0.00271295
0.428	0.00301591
0.429	0.0033174
0.43	0.00361733
0.431	0.00391558
0.432	0.00421205
0.433	0.00450665
0.434	0.00479927
0.435	0.00508982
0.436	0.0053782
0.437	0.00566431
0.438	0.00594805
0.439	0.00622934
0.44	0.00650807
0.441	0.00678415
0.442	0.00705749
0.443	0.007328
0.444	0.00759559
0.445	0.00786016
0.446	0.00812164
0.447	0.00837994
0.448	0.00863497
0.449	0.00888664
0.45	0.00913488
0.451	0.0093796
0.452	0.00962072
0.453	0.00985816
0.454	0.0100918
0.455	0.0103217
0.456	0.0105476
0.457	0.0107696
0.458	0.0109875
0.459	0.0112013
0.46	0.0114109
0.461	0.0116162
0.462	0.0118172
0.463	0.0120138
0.464	0.012206
0.465	0.0123936
0.466	0.0125767
0.467	0.0127551
0.468	0.0129288
0.469	0.0130977
0.47	0.0132619
0.471	0.0134211
0.472	0.0135755
0.473	0.0137249
0.474	0.0138693
0.475	0.0140086
0.476	0.0141429
0.477	0.014272
0.478	0.0143959
0.479	0.0145146
0.48	0.014628
0.481	0.0147361
0.482	0.0148389
0.483	0.0149363
0.484	0.0150283
0.485	0.0151149
0.486	0.015196
0.487	0.0152717
0.488	0.0153418
0.489	0.0154064
0.49	0.0154655
0.491	0.015519
0.492	0.0155669
0.493	0.0156092
0.494	0.0156459
0.495	0.0156769
0.496	0.0157024
0.497	0.0157222
0.498	0.0157363
0.499	0.0157448
0.5	0.0157476
0.501	0.0157448
0.502	0.0157363
0.503	0.0157222
0.504	0.0157024
0.505	0.0156769
0.506	0.0156459
0.507	0.0156092
0.508	0.0155669
0.509	0.015519
0.51	0.0154655
0.511	0.0154064
0.512	0.0153418
0.513	0.0152717
0.514	0.015196
0.515	0.0151149
0.516	0.0150283
0.517	0.0149363
0.518	0.0148389
0.519	0.0147361
0.52	0.014628
0.521	0.0145146
0.522	0.0143959
0.523	0.014272
0.524	0.0141429
0.525	0.0140086
0.526	0.0138693
0.527	0.0137249
0.528	0.0135755
0.529	0.0134211
0.53	0.0132619
0.531	0.0130977
0.532	0.0129288
0.533	0.0127551
0.534	0.0125767
0.535	0.0123936
0.536	0.012206
0.537	0.0120138
0.538	0.0118172
0.539	0.0116162
0.54	0.0114109
0.541	0.0112013
0.542	0.0109875
0.543	0.0107696
0.544	0.0105476
0.545	0.0103217
0.546	0.0100918
0.547	0.00985816
0.548	0.00962072
0.549	0.0093796
0.55	0.00913488
0.551	0.00888664
0.552	0.00863497
0.553	0.00837994
0.554	0.00812164
0.555	0.00786016
0.556	0.00759559
0.557	0.007328
0.558	0.00705749
0.559	0.00678415
0.56	0.00650807
0.561	0.00622934
0.562	0.00594805
0.563	0.00566431
0.564	0.0053782
0.565	0.00508982
0.566	0.00479927
0.567	0.00450665
0.568	0.00421205
0.569	0.00391558
0.57	0.00361733
0.571	0.0033174
0.572	0.00301591
0.573	0.00271295
0.574	0.00240862
0.575	0.00210303
0.576	0.00179629
0.577	0.00148849
0.578	0.00117976
0.579	0.000870183
0.58	0.00055988
0.581	0.000248956
0.582	-6.24813e-05
0.583	-0.000374322
0.584	-0.000686458
0.585	-0.000998779
0.586	-0.00131117
0.587	-0.00162353
0.588	-0.00193575
0.589	-0.00224771
0.59	-0.00255929
0.591	-0.0028704
0.592	-0.00318092
0.593	-0.00349073
0.594	-0.00379973
0.595	-0.0041078
0.596	-0.00441483
0.597	-0.00472071
0.598	-0.00502533
0.599	-0.00532857
0.6	-0.00563032
0.601	-0.00593048
0.602	-0.00622892
0.603	-0.00652554
0.604	-0.00682023
0.605	-0.00711287
0.606	-0.00740336
0.607	-0.00769158
0.608	-0.00797743
0.609	-0.00826079
0.61	-0.00854156
0.611	-0.00881963
0.612	-0.00909488
0.613	-0.00936721
0.614	-0.00963652
0.615	-0.0099027
0.616	-0.0101656
0.617	-0.0104252
0.618	-0.0106814
0.619	-0.010934
0.62	-0.0111829
0.621	-0.0114281
0.622	-0.0116694
0.623	-0.0119068
0.624	-0.0121401
0.625	-0.0123692
0.626	-0.0125941
0.627	-0.0128147
0.628	-0.0130307
0.629	-0.0132423
0.63	-0.0134492
0.631	-0.0136514
0.632	-0.0138488
0.633	-0.0140413
0.634	-0.0142287
0.635	-0.0144111
0.636	-0.0145883
0.637	-0.0147603
0.638	-0.0149269
0.639	-0.0150881
0.64	-0.0152439
0.641	-0.015394
0.642	-0.0155385
0.643	-0.0156773
0.644	-0.0158102
0.645	-0.0159373
0.646	-0.0160584
0.647	-0.0161736
0.648	-0.0162826
0.649	-0.0163855
0.65	-0.0164822
0.651	-0.0165726
0.652	-0.0166567
0.653	-0.0167344
0.654	-0.0168057
0.655	-0.0168704
0.656	-0.0169286
0.657	-0.0169803
0.658	-0.0170252
0.659	-0.0170635
0.66	-0.017095
0.661	-0.0171198
0.662	-0.0171377
0.663	-0.0171488
0.664	-0.017153
0.665	-0.0171503
0.666	-0.0171406
0.667	-0.0171239
0.668	-0.0171002
0.669	-0.0170696
0.67	-0.0170318
0.671	-0.016987
0.672	-0.0169351
0.673	-0.0168761
0.674	-0.01681
0.675	-0.0167368
0.676	-0.0166564
0.677	-0.0165689
0.678	-0.0164743
0.679	-0.0163726
0.68	-0.0162638
0.681	-0.0161478
0.682	-0.0160247
0.683	-0.0158946
0.684	-0.0157573
0.685	-0.015613
0.686	-0.0154617
0.687	-0.0153033
0.688	-0.015138
0.689	-0.0149657
0.69	-0.0147865
0.691	-0.0146003
0.692	-0.0144073
0.693	-0.0142076
0.694	-0.014001
0.695	-0.0137877
0.696	-0.0135677
0.697	-0.0133411
0.698	-0.0131079
0.699	-0.0128683
0.7	-0.0126221
0.701	-0.0123696
0.702	-0.0121107
0.703	-0.0118456
0.704	-0.0115743
0.705	-0.0112969
0.706	-0.0110135
0.707	-0.0107241
0.708	-0.0104289
0.709	-0.0101279
0.71	-0.0098212
0.711	-0.00950892
0.712	-0.00919113
0.713	-0.00886795
0.714	-0.00853948
0.715	-0.00820581
0.716	-0.00786706
0.717	-0.00752334
0.718	-0.00717476
0.719	-0.00682144
0.72	-0.0064635
0.721	-0.00610106
0.722	-0.00573424
0.723	-0.00536318
0.724	-0.00498801
0.725	-0.00460885
0.726	-0.00422585
0.727	-0.00383915
0.728	-0.00344888
0.729	-0.0030552
0.73	-0.00265825
0.731	-0.00225819
0.732	-0.00185516
0.733	-0.00144932
0.734	-0.00104083
0.735	-0.000629861
0.736	-0.000216565
0.737	0.000198888
0.738	0.000616328
0.739	0.00103558
0.74	0.00145648
0.741	0.00187884
0.742	0.00230248
0.743	0.00272723
0.744	0.0031529
0.745	0.00357929
0.746	0.00400624
0.747	0.00443353
0.748	0.00486099
0.749	0.00528841
0.75	0.0057156
0.751	0.00614236
0.752	0.00656849
0.753	0.00699377
0.754	0.00741802
0.755	0.00784102
0.756	0.00826256
0.757	0.00868243
0.758	0.00910043
0.759	0.00951633
0.76	0.00992991
0.761	0.010341
0.762	0.0107493
0.763	0.0111546
0.764	0.0115568
0.765	0.0119556
0.766	0.0123507
0.767	0.012742
0.768	0.0131291
0.769	0.013512
0.77	0.0138904
0.771	0.0142639
0.772	0.0146325
0.773	0.0149959
0.774	0.0153538
0.775	0.015706
0.776	0.0160523
0.777	0.0163925
0.778	0.0167263
0.779	0.0170534
0.78	0.0173738
0.781	0.017687
0.782	0.017993
0.783	0.0182914
0.784	0.0185821
0.785	0.0188648
0.786	0.0191392
0.787	0.0194052
0.788	0.0196626
0.789	0.019911
0.79	0.0201503
0.791	0.0203802
0.792	0.0206006
0.793	0.0208111
0.794	0.0210117
0.795	0.021202
0.796	0.0213818
0.797	0.021551
0.798	0.0217093
0.799	0.0218565
0.8	0.0219924
0.801	0.0221168
0.802	0.0222295
0.803	0.0223303
0.804	0.022419
0.805	0.0224954
0.806	0.0225593
0.807	0.0226106
0.808	0.0226489
0.809	0.0226743
0.81	0.0226864
0.811	0.0226851
0.812	0.0226703
0.813	0.0226418
0.814	0.0225994
0.815	0.0225429
0.816	0.0224723
0.817	0.0223874
0.818	0.0222879
0.819	0.0221739
0.82	0.0220452
0.821	0.0219016
0.822	0.0217431
0.823	0.0215695
0.824	0.0213807
0.825	0.0211767
0.826	0.0209573
0.827	0.0207224
0.828	0.020472
0.829	0.0202061
0.83	0.0199245
0.831	0.0196272
0.832	0.0193141
0.833	0.0189853
0.834	0.0186406
0.835	0.0182801
0.836	0.0179038
0.837	0.0175117
0.838	0.0171037
0.839	0.0166799
0.84	0.0162403
0.841	0.015785
0.842	0.015314
0.843	0.0148273
0.844	0.0143251
0.845	0.0138074
0.846	0.0132743
0.847	0.012726
0.848	0.0121624
0.849	0.0115839
0.85	0.0109904
0.851	0.0103822
0.852	0.00975945
0.853	0.00912229
0.854	0.00847094
0.855	0.00780562
0.856	0.00712653
0.857	0.00643392
0.858	0.00572805
0.859	0.00500917
0.86	0.00427759
0.861	0.00353359
0.862	0.00277749
0.863	0.00200963
0.864	0.00123035
0.865	0.000440025
0.866	-0.000360966
0.867	-0.00117222
0.868	-0.00199332
0.869	-0.00282382
0.87	-0.00366326
0.871	-0.00451118
0.872	-0.00536707
0.873	-0.00623043
0.874	-0.0071007
0.875	-0.00797734
0.876	-0.00885976
0.877	-0.00974738
0.878	-0.0106396
0.879	-0.0115357
0.88	-0.012435
0.881	-0.013337
0.882	-0.0142408
0.883	-0.0151457
0.884	-0.016051
0.885	-0.0169558
0.886	-0.0178595
0.887	-0.0187611
0.888	-0.0196597
0.889	-0.0205546
0.89	-0.0214447
0.891	-0.0223292
0.892	-0.023207
0.893	-0.0240772
0.894	-0.0249388
0.895	-0.0257907
0.896	-0.0266318
0.897	-0.027461
0.898	-0.0282772
0.899	-0.0290792
0.9	-0.0298658
0.901	-0.0306357
0.902	-0.0313878
0.903	-0.0321206
0.904	-0.032833
0.905	-0.0335234
0.906	-0.0341905
0.907	-0.0348329
0.908	-0.0354491
0.909	-0.0360377
0.91	-0.0365969
0.911	-0.0371254
0.912	-0.0376214
0.913	-0.0380834
0.914	-0.0385096
0.915	-0.0388983
0.916	-0.0392478
0.917	-0.0395561
0.918	-0.0398216
0.919	-0.0400423
0.92	-0.0402163
0.921	-0.0403415
0.922	-0.0404161
0.923	-0.0404379
0.924	-0.0404048
0.925	-0.0403147
0.926	-0.0401654
0.927	-0.0399547
0.928	-0.0396803
0.929	-0.0393399
0.93	-0.038931
0.931	-0.0384513
0.932	-0.0378984
0.933	-0.0372696
0.934	-0.0365624
0.935	-0.0357742
0.936	-0.0349023
0.937	-0.0339441
0.938	-0.0328966
0.939	-0.0317572
0.94	-0.0305229
0.941	-0.0291907
0.942	-0.0277578
0.943	-0.026221
0.944	-0.0245772
0.945	-0.0228234
0.946	-0.0209562
0.947	-0.0189724
0.948	-0.0168687
0.949	-0.0146416
0.95	-0.0122878
0.951	-0.00980361
0.952	-0.00718557
0.953	-0.00443001
0.954	-0.00153323
0.955	0.00150856
0.956	0.00469917
0.957	0.00804251
0.958	0.0115425
0.959	0.0152033
0.96	0.0190289
0.961	0.0230235
0.962	0.0271913
0.963	0.0315367
0.964	0.0360641
0.965	0.0407778
0.966	0.0456824
0.967	0.0507825
0.968	0.0560828
0.969	0.0615881
0.97	0.0673031
0.971	0.0732328
0.972	0.0793822
0.973	0.0857563
0.974	0.0923602
0.975	0.0991992
0.976	0.106279
0.977	0.113604
0.978	0.12118
0.979	0.129013
0.98	0.137109
0.981	0.145472
0.982	0.15411
0.983	0.163027
0.984	0.172231
0.985	0.181726
0.986	0.191519
0.987	0.201617
0.988	0.212025
0.989	0.22275
0.99	0.2338
0.991	0.245179
0.992	0.256895
0.993	0.268955
0.994	0.281366
0.995	0.294135
0.996	0.307269
0.997	0.320775
0.998	0.33466
0.999	0.348932
