# Interpolation data for function: (exp(100*(abs(2*x-1)))-1)/(exp(100)-1)
0	0.484485
0.001	0.456875
0.002	0.430354
0.003	0.404889
0.004	0.38045
0.005	0.357007
0.006	0.334529
0.007	0.312988
0.008	0.292356
0.009	0.272606
0.01	0.25371
0.011	0.235643
0.012	0.218378
0.013	0.20189
0.014	0.186155
0.015	0.171149
0.016	0.156849
0.017	0.143231
0.018	0.130274
0.019	0.117955
0.02	0.106253
0.021	0.0951486
0.022	0.0846203
0.023	0.0746487
0.024	0.0652146
0.025	0.0562991
0.026	0.0478841
0.027	0.0399517
0.028	0.0324845
0.029	0.0254655
0.03	0.0188783
0.031	0.0127068
0.032	0.00693528
0.033	0.00154855
0.034	-0.00346826
0.035	-0.00812959
0.036	-0.0124495
0.037	-0.0164417
0.038	-0.0201195
0.039	-0.0234958
0.04	-0.0265833
0.041	-0.0293941
0.042	-0.0319402
0.043	-0.0342331
0.044	-0.0362841
0.045	-0.038104
0.046	-0.0397036
0.047	-0.0410929
0.048	-0.0422821
0.049	-0.0432808
0.05	-0.0440984
0.051	-0.044744
0.052	-0.0452264
0.053	-0.0455542
0.054	-0.0457356
0.055	-0.0457788
0.056	-0.0456914
0.057	-0.045481
0.058	-0.0451549
0.059	-0.04472
0.06	-0.0441833
0.061	-0.0435513
0.062	-0.0428302
0.063	-0.0420264
0.064	-0.0411456
0.065	-0.0401936
0.066	-0.0391759
0.067	-0.0380978
0.068	-0.0369645
0.069	-0.0357808
0.07	-0.0345514
0.071	-0.0332811
0.072	-0.031974
0.073	-0.0306345
0.074	-0.0292665
0.075	-0.0278741
0.076	-0.0264608
0.077	-0.0250302
0.078	-0.0235858
0.079	-0.0221308
0.08	-0.0206684
0.081	-0.0192015
0.082	-0.0177329
0.083	-0.0162655
0.084	-0.0148017
0.085	-0.013344
0.086	-0.0118948
0.087	-0.0104562
0.088	-0.00903039
0.089	-0.00761934
0.09	-0.00622492
0.091	-0.00484889
0.092	-0.00349293
0.093	-0.0021586
0.094	-0.000847377
0.095	0.000439371
0.096	0.00170036
0.097	0.00293439
0.098	0.00414035
0.099	0.00531723
0.1	0.00646406
0.101	0.00758
0.102	0.00866424
0.103	0.00971607
0.104	0.0107348
0.105	0.01172
0.106	0.012671
0.107	0.0135874
0.108	0.0144688
0.109	0.0153149
0.11	0.0161254
0.111	0.0169001
0.112	0.0176388
0.113	0.0183415
0.114	0.0190081
0.115	0.0196385
0.116	0.0202328
0.117	0.0207911
0.118	0.0213134
0.119	0.0218
0.12	0.022251
0.121	0.0226667
0.122	0.0230473
0.123	0.0233931
0.124	0.0237045
0.125	0.0239818
0.126	0.0242255
0.127	0.0244358
0.128	0.0246134
0.129	0.0247586
0.13	0.024872
0.131	0.024954
0.132	0.0250052
0.133	0.0250261
0.134	0.0250174
0.135	0.0249796
0.136	0.0249133
0.137	0.0248191
0.138	0.0246978
0.139	0.0245498
0.14	0.0243759
0.141	0.0241768
0.142	0.0239531
0.143	0.0237056
0.144	0.0234348
0.145	0.0231416
0.146	0.0228266
0.147	0.0224905
0.148	0.0221341
0.149	0.0217581
0.15	0.0213631
0.151	0.02095
0.152	0.0205195
0.153	0.0200722
0.154	0.019609
0.155	0.0191305
0.156	0.0186374
0.157	0.0181306
0.158	0.0176107
0.159	0.0170784
0.16	0.0165344
0.161	0.0159795
0.162	0.0154144
0.163	0.0148398
0.164	0.0142563
0.165	0.0136646
0.166	0.0130655
0.167	0.0124596
0.168	0.0118476
0.169	0.0112301
0.17	0.0106078
0.171	0.00998131
0.172	0.00935132
0.173	0.00871843
0.174	0.00808325
0.175	0.0074464
0.176	0.00680847
0.177	0.00617004
0.178	0.00553171
0.179	0.00489403
0.18	0.00425756
0.181	0.00362285
0.182	0.00299043
0.183	0.00236082
0.184	0.00173453
0.185	0.00111207
0.186	0.000493921
0.187	-0.00011944
0.188	-0.000727549
0.189	-0.00132995
0.19	-0.00192622
0.191	-0.00251591
0.192	-0.00309861
0.193	-0.00367392
0.194	-0.00424146
0.195	-0.00480083
0.196	-0.00535168
0.197	-0.00589366
0.198	-0.00642641
0.199	-0.00694963
0.2	-0.00746298
0.201	-0.00796617
0.202	-0.0084589
0.203	-0.00894091
0.204	-0.00941191
0.205	-0.00987166
0.206	-0.0103199
0.207	-0.0107565
0.208	-0.0111811
0.209	-0.0115935
0.21	-0.0119937
0.211	-0.0123813
0.212	-0.0127562
0.213	-0.0131183
0.214	-0.0134674
0.215	-0.0138034
0.216	-0.0141262
0.217	-0.0144356
0.218	-0.0147315
0.219	-0.0150139
0.22	-0.0152827
0.221	-0.0155378
0.222	-0.0157792
0.223	-0.0160068
0.224	-0.0162205
0.225	-0.0164205
0.226	-0.0166065
0.227	-0.0167787
0.228	-0.0169371
0.229	-0.0170816
0.23	-0.0172123
0.231	-0.0173292
0.232	-0.0174324
0.233	-0.0175218
0.234	-0.0175977
0.235	-0.01766
0.236	-0.0177088
0.237	-0.0177442
0.238	-0.0177663
0.239	-0.0177752
0.24	-0.017771
0.241	-0.0177539
0.242	-0.0177239
0.243	-0.0176811
0.244	-0.0176258
0.245	-0.0175581
0.246	-0.0174781
0.247	-0.017386
0.248	-0.0172819
0.249	-0.0171661
0.25	-0.0170386
0.251	-0.0168997
0.252	-0.0167496
0.253	-0.0165884
0.254	-0.0164164
0.255	-0.0162338
0.256	-0.0160407
0.257	-0.0158374
0.258	-0.0156241
0.259	-0.015401
0.26	-0.0151684
0.261	-0.0149264
0.262	-0.0146754
0.263	-0.0144155
0.264	-0.014147
0.265	-0.0138701
0.266	-0.013585
0.267	-0.0132921
0.268	-0.0129916
0.269	-0.0126837
0.27	-0.0123687
0.271	-0.0120468
0.272	-0.0117183
0.273	-0.0113835
0.274	-0.0110426
0.275	-0.0106958
0.276	-0.0103435
0.277	-0.00998596
0.278	-0.00962336
0.279	-0.00925601
0.28	-0.00888418
0.281	-0.00850812
0.282	-0.00812812
0.283	-0.00774444
0.284	-0.00735734
0.285	-0.0069671
0.286	-0.00657398
0.287	-0.00617825
0.288	-0.00578017
0.289	-0.00538001
0.29	-0.00497804
0.291	-0.00457451
0.292	-0.0041697
0.293	-0.00376385
0.294	-0.00335724
0.295	-0.00295011
0.296	-0.00254272
0.297	-0.00213533
0.298	-0.00172818
0.299	-0.00132153
0.3	-0.000915628
0.301	-0.000510713
0.302	-0.000107028
0.303	0.000295185
0.304	0.00069569
0.305	0.00109425
0.306	0.00149064
0.307	0.00188463
0.308	0.00227599
0.309	0.00266449
0.31	0.00304993
0.311	0.00343209
0.312	0.00381074
0.313	0.0041857
0.314	0.00455674
0.315	0.00492367
0.316	0.00528629
0.317	0.00564441
0.318	0.00599783
0.319	0.00634638
0.32	0.00668987
0.321	0.00702812
0.322	0.00736095
0.323	0.00768821
0.324	0.00800971
0.325	0.00832532
0.326	0.00863485
0.327	0.00893817
0.328	0.00923513
0.329	0.00952558
0.33	0.00980939
0.331	0.0100864
0.332	0.0103565
0.333	0.0106196
0.334	0.0108755
0.335	0.0111242
0.336	0.0113655
0.337	0.0115993
0.338	0.0118255
0.339	0.012044
0.34	0.0122547
0.341	0.0124576
0.342	0.0126526
0.343	0.0128395
0.344	0.0130183
0.345	0.013189
0.346	0.0133514
0.347	0.0135055
0.348	0.0136513
0.349	0.0137888
0.35	0.0139178
0.351	0.0140383
0.352	0.0141503
0.353	0.0142538
0.354	0.0143487
0.355	0.0144351
0.356	0.0145128
0.357	0.014582
0.358	0.0146425
0.359	0.0146945
0.36	0.0147378
0.361	0.0147725
0.362	0.0147987
0.363	0.0148163
0.364	0.0148253
0.365	0.0148258
0.366	0.0148178
0.367	0.0148013
0.368	0.0147765
0.369	0.0147432
0.37	0.0147017
0.371	0.0146518
0.372	0.0145937
0.373	0.0145275
0.374	0.0144532
0.375	0.0143708
0.376	0.0142804
0.377	0.0141822
0.378	0.0140762
0.379	0.0139625
0.38	0.0138411
0.381	0.0137121
0.382	0.0135758
0.383	0.013432
0.384	0.013281
0.385	0.0131229
0.386	0.0129577
0.387	0.0127856
0.388	0.0126066
0.389	0.012421
0.39	0.0122288
0.391	0.0120301
0.392	0.011825
0.393	0.0116138
0.394	0.0113965
0.395	0.0111732
0.396	0.0109442
0.397	0.0107094
0.398	0.0104692
0.399	0.0102236
0.4	0.00997267
0.401	0.00971671
0.402	0.0094558
0.403	0.0091901
0.404	0.00891977
0.405	0.00864496
0.406	0.00836583
0.407	0.00808254
0.408	0.00779525
0.409	0.00750412
0.41	0.00720931
0.411	0.006911
0.412	0.00660934
0.413	0.00630451
0.414	0.00599666
0.415	0.00568599
0.416	0.00537264
0.417	0.0050568
0.418	0.00473864
0.419	0.00441833
0.42	0.00409604
0.421	0.00377195
0.422	0.00344623
0.423	0.00311906
0.424	0.00279062
0.425	0.00246107
0.426	0.0021306
0.427	0.00179937
0.428	0.00146757
0.429	0.00113537
0.43	0.000802951
0.431	0.000470477
0.432	0.000138128
0.433	-0.000193922
0.434	-0.0005255
0.435	-0.000856433
0.436	-0.00118655
0.437	-0.00151568
0.438	-0.00184365
0.439	-0.00217029
0.44	-0.00249543
0.441	-0.00281891
0.442	-0.00314056
0.443	-0.00346021
0.444	-0.0037777
0.445	-0.00409287
0.446	-0.00440556
0.447	-0.0047156
0.448	-0.00502285
0.449	-0.00532714
0.45	-0.00562832
0.451	-0.00592623
0.452	-0.00622073
0.453	-0.00651167
0.454	-0.0067989
0.455	-0.00708227
0.456	-0.00736164
0.457	-0.00763688
0.458	-0.00790784
0.459	-0.00817439
0.46	-0.0084364
0.461	-0.00869373
0.462	-0.00894625
0.463	-0.00919384
0.464	-0.00943638
0.465	-0.00967374
0.466	-0.0099058
0.467	-0.0101325
0.468	-0.0103536
0.469	-0.0105691
0.47	-0.0107789
0.471	-0.0109828
0.472	-0.0111808
0.473	-0.0113727
0.474	-0.0115585
0.475	-0.0117381
0.476	-0.0119113
0.477	-0.0120782
0.478	-0.0122385
0.479	-0.0123923
0.48	-0.0125395
0.481	-0.0126799
0.482	-0.0128136
0.483	-0.0129404
0.484	-0.0130603
0.485	-0.0131733
0.486	-0.0132792
0.487	-0.013378
0.488	-0.0134697
0.489	-0.0135543
0.49	-0.0136316
0.491	-0.0137017
0.492	-0.0137645
0.493	-0.0138199
0.494	-0.0138681
0.495	-0.0139089
0.496	-0.0139422
0.497	-0.0139682
0.498	-0.0139868
0.499	-0.0139979
0.5	-0.0140017
0.501	-0.0139979
0.502	-0.0139868
0.503	-0.0139682
0.504	-0.0139422
0.505	-0.0139089
0.506	-0.0138681
0.507	-0.0138199
0.508	-0.0137645
0.509	-0.0137017
0.51	-0.0136316
0.511	-0.0135543
0.512	-0.0134697
0.513	-0.013378
0.514	-0.0132792
0.515	-0.0131733
0.516	-0.0130603
0.517	-0.0129404
0.518	-0.0128136
0.519	-0.0126799
0.52	-0.0125395
0.521	-0.0123923
0.522	-0.0122385
0.523	-0.0120782
0.524	-0.0119113
0.525	-0.0117381
0.526	-0.0115585
0.527	-0.0113727
0.528	-0.0111808
0.529	-0.0109828
0.53	-0.0107789
0.531	-0.0105691
0.532	-0.0103536
0.533	-0.0101325
0.534	-0.0099058
0.535	-0.00967374
0.536	-0.00943638
0.537	-0.00919384
0.538	-0.00894625
0.539	-0.00869373
0.54	-0.0084364
0.541	-0.00817439
0.542	-0.00790784
0.543	-0.00763688
0.544	-0.00736164
0.545	-0.00708227
0.546	-0.0067989
0.547	-0.00651167
0.548	-0.00622073
0.549	-0.00592623
0.55	-0.00562832
0.551	-0.00532714
0.552	-0.00502285
0.553	-0.0047156
0.554	-0.00440556
0.555	-0.00409287
0.556	-0.0037777
0.557	-0.00346021
0.558	-0.00314056
0.559	-0.00281891
0.56	-0.00249543
0.561	-0.00217029
0.562	-0.00184365
0.563	-0.00151568
0.564	-0.00118655
0.565	-0.000856433
0.566	-0.0005255
0.567	-0.000193922
0.568	0.000138128
0.569	0.000470477
0.57	0.000802951
0.571	0.00113537
0.572	0.00146757
0.573	0.00179937
0.574	0.0021306
0.575	0.00246107
0.576	0.00279062
0.577	0.00311906
0.578	0.00344623
0.579	0.00377195
0.58	0.00409604
0.581	0.00441833
0.582	0.00473864
0.583	0.0050568
0.584	0.00537264
0.585	0.00568599
0.586	0.00599666
0.587	0.00630451
0.588	0.00660934
0.589	0.006911
0.59	0.00720931
0.591	0.00750412
0.592	0.00779525
0.593	0.00808254
0.594	0.00836583
0.595	0.00864496
0.596	0.00891977
0.597	0.0091901
0.598	0.0094558
0.599	0.00971671
0.6	0.00997267
0.601	0.0102236
0.602	0.0104692
0.603	0.0107094
0.604	0.0109442
0.605	0.0111732
0.606	0.0113965
0.607	0.0116138
0.608	0.011825
0.609	0.0120301
0.61	0.0122288
0.611	0.012421
0.612	0.0126066
0.613	0.0127856
0.614	0.0129577
0.615	0.0131229
0.616	0.013281
0.617	0.013432
0.618	0.0135758
0.619	0.0137121
0.62	0.0138411
0.621	0.0139625
0.622	0.0140762
0.623	0.0141822
0.624	0.0142804
0.625	0.0143708
0.626	0.0144532
0.627	0.0145275
0.628	0.0145937
0.629	0.0146518
0.63	0.0147017
0.631	0.0147432
0.632	0.0147765
0.633	0.0148013
0.634	0.0148178
0.635	0.0148258
0.636	0.0148253
0.637	0.0148163
0.638	0.0147987
0.639	0.0147725
0.64	0.0147378
0.641	0.0146945
0.642	0.0146425
0.643	0.014582
0.644	0.0145128
0.645	0.0144351
0.646	0.0143487
0.647	0.0142538
0.648	0.0141503
0.649	0.0140383
0.65	0.0139178
0.651	0.0137888
0.652	0.0136513
0.653	0.0135055
0.654	0.0133514
0.655	0.013189
0.656	0.0130183
0.657	0.0128395
0.658	0.0126526
0.659	0.0124576
0.66	0.0122547
0.661	0.012044
0.662	0.0118255
0.663	0.0115993
0.664	0.0113655
0.665	0.0111242
0.666	0.0108755
0.667	0.0106196
0.668	0.0103565
0.669	0.0100864
0.67	0.00980939
0.671	0.00952558
0.672	0.00923513
0.673	0.00893817
0.674	0.00863485
0.675	0.00832532
0.676	0.00800971
0.677	0.00768821
0.678	0.00736095
0.679	0.00702812
0.68	0.00668987
0.681	0.00634638
0.682	0.00599783
0.683	0.00564441
0.684	0.00528629
0.685	0.00492367
0.686	0.00455674
0.687	0.0041857
0.688	0.00381074
0.689	0.00343209
0.69	0.00304993
0.691	0.00266449
0.692	0.00227599
0.693	0.00188463
0.694	0.00149064
0.695	0.00109425
0.696	0.00069569
0.697	0.000295185
0.698	-0.000107028
0.699	-0.000510713
0.7	-0.000915628
0.701	-0.00132153
0.702	-0.00172818
0.703	-0.00213533
0.704	-0.00254272
0.705	-0.00295011
0.706	-0.00335724
0.707	-0.00376385
0.708	-0.0041697
0.709	-0.00457451
0.71	-0.00497804
0.711	-0.00538001
0.712	-0.00578017
0.713	-0.00617825
0.714	-0.00657398
0.715	-0.0069671
0.716	-0.00735734
0.717	-0.00774444
0.718	-0.00812812
0.719	-0.00850812
0.72	-0.00888418
0.721	-0.00925601
0.722	-0.00962336
0.723	-0.00998596
0.724	-0.0103435
0.725	-0.0106958
0.726	-0.0110426
0.727	-0.0113835
0.728	-0.0117183
0.729	-0.0120468
0.73	-0.0123687
0.731	-0.0126837
0.732	-0.0129916
0.733	-0.0132921
0.734	-0.013585
0.735	-0.0138701
0.736	-0.014147
0.737	-0.0144155
0.738	-0.0146754
0.739	-0.0149264
0.74	-0.0151684
0.741	-0.015401
0.742	-0.0156241
0.743	-0.0158374
0.744	-0.0160407
0.745	-0.0162338
0.746	-0.0164164
0.747	-0.0165884
0.748	-0.0167496
0.749	-0.0168997
0.75	-0.0170386
0.751	-0.0171661
0.752	-0.0172819
0.753	-0.017386
0.754	-0.0174781
0.755	-0.0175581
0.756	-0.0176258
0.757	-0.0176811
0.758	-0.0177239
0.759	-0.0177539
0.76	-0.017771
0.761	-0.0177752
0.762	-0.0177663
0.763	-0.0177442
0.764	-0.0177088
0.765	-0.01766
0.766	-0.0175977
0.767	-0.0175218
0.768	-0.0174324
0.769	-0.0173292
0.77	-0.0172123
0.771	-0.0170816
0.772	-0.0169371
0.773	-0.0167787
0.774	-0.0166065
0.775	-0.0164205
0.776	-0.0162205
0.777	-0.0160068
0.778	-0.0157792
0.779	-0.0155378
0.78	-0.0152827
0.781	-0.0150139
0.782	-0.0147315
0.783	-0.0144356
0.784	-0.0141262
0.785	-0.0138034
0.786	-0.0134674
0.787	-0.0131183
0.788	-0.0127562
0.789	-0.0123813
0.79	-0.0119937
0.791	-0.0115935
0.792	-0.0111811
0.793	-0.0107565
0.794	-0.0103199
0.795	-0.00987166
0.796	-0.00941191
0.797	-0.00894091
0.798	-0.0084589
0.799	-0.00796617
0.8	-0.00746298
0.801	-0.00694963
0.802	-0.00642641
0.803	-0.00589366
0.804	-0.00535168
0.805	-0.00480083
0.806	-0.00424146
0.807	-0.00367392
0.808	-0.00309861
0.809	-0.00251591
0.81	-0.00192622
0.811	-0.00132995
0.812	-0.000727549
0.813	-0.00011944
0.814	0.000493921
0.815	0.00111207
0.816	0.00173453
0.817	0.00236082
0.818	0.00299043
0.819	0.00362285
0.82	0.00425756
0.821	0.00489403
0.822	0.00553171
0.823	0.00617004
0.824	0.00680847
0.825	0.0074464
0.826	0.00808325
0.827	0.00871843
0.828	0.00935132
0.829	0.00998131
0.83	0.0106078
0.831	0.0112301
0.832	0.0118476
0.833	0.0124596
0.834	0.0130655
0.835	0.0136646
0.836	0.0142563
0.837	0.0148398
0.838	0.0154144
0.839	0.0159795
0.84	0.0165344
0.841	0.0170784
0.842	0.0176107
0.843	0.0181306
0.844	0.0186374
0.845	0.0191305
0.846	0.019609
0.847	0.0200722
0.848	0.0205195
0.849	0.02095
0.85	0.0213631
0.851	0.0217581
0.852	0.0221341
0.853	0.0224905
0.854	0.0228266
0.855	0.0231416
0.856	0.0234348
0.857	0.0237056
0.858	0.0239531
0.859	0.0241768
0.86	0.0243759
0.861	0.0245498
0.862	0.0246978
0.863	0.0248191
0.864	0.0249133
0.865	0.0249796
0.866	0.0250174
0.867	0.0250261
0.868	0.0250052
0.869	0.024954
0.87	0.024872
0.871	0.0247586
0.872	0.0246134
0.873	0.0244358
0.874	0.0242255
0.875	0.0239818
0.876	0.0237045
0.877	0.0233931
0.878	0.0230473
0.879	0.0226667
0.88	0.022251
0.881	0.0218
0.882	0.0213134
0.883	0.0207911
0.884	0.0202328
0.885	0.0196385
0.886	0.0190081
0.887	0.0183415
0.888	0.0176388
0.889	0.0169001
0.89	0.0161254
0.891	0.0153149
0.892	0.0144688
0.893	0.0135874
0.894	0.012671
0.895	0.01172
0.896	0.0107348
0.897	0.00971607
0.898	0.00866424
0.899	0.00758
0.9	0.00646406
0.901	0.00531723
0.902	0.00414035
0.903	0.00293439
0.904	0.00170036
0.905	0.000439371
0.906	-0.000847377
0.907	-0.0021586
0.908	-0.00349293
0.909	-0.00484889
0.91	-0.00622492
0.911	-0.00761934
0.912	-0.00903039
0.913	-0.0104562
0.914	-0.0118948
0.915	-0.013344
0.916	-0.0148017
0.917	-0.0162655
0.918	-0.0177329
0.919	-0.0192015
0.92	-0.0206684
0.921	-0.0221308
0.922	-0.0235858
0.923	-0.0250302
0.924	-0.0264608
0.925	-0.0278741
0.926	-0.0292665
0.927	-0.0306345
0.928	-0.031974
0.929	-0.0332811
0.93	-0.0345514
0.931	-0.0357808
0.932	-0.0369645
0.933	-0.0380978
0.934	-0.0391759
0.935	-0.0401936
0.936	-0.0411456
0.937	-0.0420264
0.938	-0.0428302
0.939	-0.0435513
0.94	-0.0441833
0.941	-0.04472
0.942	-0.0451549
0.943	-0.045481
0.944	-0.0456914
0.945	-0.0457788
0.946	-0.0457356
0.947	-0.0455542
0.948	-0.0452264
0.949	-0.044744
0.95	-0.0440984
0.951	-0.0432808
0.952	-0.0422821
0.953	-0.0410929
0.954	-0.0397036
0.955	-0.038104
0.956	-0.0362841
0.957	-0.0342331
0.958	-0.0319402
0.959	-0.0293941
0.96	-0.0265833
0.961	-0.0234958
0.962	-0.0201195
0.963	-0.0164417
0.964	-0.0124495
0.965	-0.00812959
0.966	-0.00346826
0.967	0.00154855
0.968	0.00693528
0.969	0.0127068
0.97	0.0188783
0.971	0.0254655
0.972	0.0324845
0.973	0.0399517
0.974	0.0478841
0.975	0.0562991
0.976	0.0652146
0.977	0.0746487
0.978	0.0846203
0.979	0.0951486
0.98	0.106253
0.981	0.117955
0.982	0.130274
0.983	0.143231
0.984	0.156849
0.985	0.171149
0.986	0.186155
0.987	0.20189
0.988	0.218378
0.989	0.235643
0.99	0.25371
0.991	0.272606
0.992	0.292356
0.993	0.312988
0.994	0.334529
0.995	0.357007
0.996	0.38045
0.997	0.404889
0.998	0.430354
0.999	0.456875
