# Interpolation data for function: (exp(100*(abs(2*x-1)))-1)/(exp(100)-1)
0	0.245183
0.001	0.238894
0.002	0.232708
0.003	0.226623
0.004	0.220638
0.005	0.214753
0.006	0.208966
0.007	0.203276
0.008	0.197682
0.009	0.192182
0.01	0.186777
0.011	0.181464
0.012	0.176243
0.013	0.171113
0.014	0.166072
0.015	0.16112
0.016	0.156255
0.017	0.151477
0.018	0.146785
0.019	0.142178
0.02	0.137654
0.021	0.133212
0.022	0.128852
0.023	0.124574
0.024	0.120374
0.025	0.116254
0.026	0.112211
0.027	0.108246
0.028	0.104356
0.029	0.100541
0.03	0.0968011
0.031	0.093134
0.032	0.0895392
0.033	0.0860159
0.034	0.0825633
0.035	0.0791803
0.036	0.0758662
0.037	0.07262
0.038	0.069441
0.039	0.0663282
0.04	0.0632809
0.041	0.0602982
0.042	0.0573792
0.043	0.0545232
0.044	0.0517293
0.045	0.0489967
0.046	0.0463246
0.047	0.0437122
0.048	0.0411588
0.049	0.0386635
0.05	0.0362255
0.051	0.0338442
0.052	0.0315187
0.053	0.0292482
0.054	0.0270321
0.055	0.0248696
0.056	0.0227599
0.057	0.0207023
0.058	0.0186961
0.059	0.0167405
0.06	0.0148349
0.061	0.0129786
0.062	0.0111707
0.063	0.00941075
0.064	0.00769793
0.065	0.00603158
0.066	0.00441102
0.067	0.00283558
0.068	0.0013046
0.069	-0.000182573
0.07	-0.00162661
0.071	-0.00302814
0.072	-0.00438782
0.073	-0.00570627
0.074	-0.00698414
0.075	-0.00822204
0.076	-0.0094206
0.077	-0.0105804
0.078	-0.0117021
0.079	-0.0127863
0.08	-0.0138335
0.081	-0.0148444
0.082	-0.0158196
0.083	-0.0167595
0.084	-0.0176649
0.085	-0.0185363
0.086	-0.0193742
0.087	-0.0201791
0.088	-0.0209518
0.089	-0.0216926
0.09	-0.0224021
0.091	-0.0230809
0.092	-0.0237296
0.093	-0.0243485
0.094	-0.0249383
0.095	-0.0254995
0.096	-0.0260325
0.097	-0.0265379
0.098	-0.0270163
0.099	-0.027468
0.1	-0.0278935
0.101	-0.0282934
0.102	-0.0286682
0.103	-0.0290183
0.104	-0.0293441
0.105	-0.0296462
0.106	-0.0299251
0.107	-0.030181
0.108	-0.0304147
0.109	-0.0306263
0.11	-0.0308165
0.111	-0.0309857
0.112	-0.0311342
0.113	-0.0312625
0.114	-0.0313711
0.115	-0.0314603
0.116	-0.0315306
0.117	-0.0315824
0.118	-0.031616
0.119	-0.0316319
0.12	-0.0316306
0.121	-0.0316122
0.122	-0.0315774
0.123	-0.0315264
0.124	-0.0314596
0.125	-0.0313774
0.126	-0.0312802
0.127	-0.0311683
0.128	-0.0310421
0.129	-0.030902
0.13	-0.0307483
0.131	-0.0305813
0.132	-0.0304014
0.133	-0.030209
0.134	-0.0300044
0.135	-0.0297879
0.136	-0.0295598
0.137	-0.0293205
0.138	-0.0290703
0.139	-0.0288095
0.14	-0.0285384
0.141	-0.0282573
0.142	-0.0279666
0.143	-0.0276665
0.144	-0.0273574
0.145	-0.0270394
0.146	-0.026713
0.147	-0.0263784
0.148	-0.0260359
0.149	-0.0256857
0.15	-0.0253282
0.151	-0.0249636
0.152	-0.0245922
0.153	-0.0242143
0.154	-0.02383
0.155	-0.0234397
0.156	-0.0230436
0.157	-0.022642
0.158	-0.0222351
0.159	-0.0218231
0.16	-0.0214064
0.161	-0.0209851
0.162	-0.0205594
0.163	-0.0201297
0.164	-0.019696
0.165	-0.0192587
0.166	-0.018818
0.167	-0.0183741
0.168	-0.0179271
0.169	-0.0174774
0.17	-0.017025
0.171	-0.0165703
0.172	-0.0161134
0.173	-0.0156545
0.174	-0.0151938
0.175	-0.0147316
0.176	-0.0142679
0.177	-0.0138029
0.178	-0.0133369
0.179	-0.0128701
0.18	-0.0124026
0.181	-0.0119345
0.182	-0.0114661
0.183	-0.0109975
0.184	-0.0105289
0.185	-0.0100604
0.186	-0.00959224
0.187	-0.00912453
0.188	-0.00865744
0.189	-0.0081911
0.19	-0.00772567
0.191	-0.0072613
0.192	-0.00679812
0.193	-0.00633628
0.194	-0.0058759
0.195	-0.00541714
0.196	-0.00496011
0.197	-0.00450494
0.198	-0.00405177
0.199	-0.00360072
0.2	-0.0031519
0.201	-0.00270543
0.202	-0.00226144
0.203	-0.00182004
0.204	-0.00138133
0.205	-0.000945428
0.206	-0.000512438
0.207	-8.24642e-05
0.208	0.000344392
0.209	0.00076803
0.21	0.00118835
0.211	0.00160527
0.212	0.00201868
0.213	0.00242851
0.214	0.00283465
0.215	0.00323703
0.216	0.00363556
0.217	0.00403016
0.218	0.00442075
0.219	0.00480725
0.22	0.0051896
0.221	0.00556771
0.222	0.00594152
0.223	0.00631095
0.224	0.00667595
0.225	0.00703644
0.226	0.00739237
0.227	0.00774366
0.228	0.00809028
0.229	0.00843215
0.23	0.00876922
0.231	0.00910145
0.232	0.00942878
0.233	0.00975115
0.234	0.0100685
0.235	0.0103809
0.236	0.0106881
0.237	0.0109903
0.238	0.0112872
0.239	0.011579
0.24	0.0118655
0.241	0.0121467
0.242	0.0124227
0.243	0.0126933
0.244	0.0129585
0.245	0.0132183
0.246	0.0134727
0.247	0.0137217
0.248	0.0139651
0.249	0.0142031
0.25	0.0144356
0.251	0.0146626
0.252	0.014884
0.253	0.0150998
0.254	0.0153101
0.255	0.0155147
0.256	0.0157138
0.257	0.0159073
0.258	0.0160951
0.259	0.0162773
0.26	0.0164539
0.261	0.0166248
0.262	0.0167902
0.263	0.0169498
0.264	0.0171039
0.265	0.0172523
0.266	0.0173951
0.267	0.0175322
0.268	0.0176637
0.269	0.0177896
0.27	0.0179099
0.271	0.0180246
0.272	0.0181337
0.273	0.0182373
0.274	0.0183352
0.275	0.0184276
0.276	0.0185145
0.277	0.0185959
0.278	0.0186717
0.279	0.0187421
0.28	0.018807
0.281	0.0188664
0.282	0.0189204
0.283	0.018969
0.284	0.0190123
0.285	0.0190501
0.286	0.0190827
0.287	0.0191099
0.288	0.0191319
0.289	0.0191486
0.29	0.0191601
0.291	0.0191664
0.292	0.0191675
0.293	0.0191635
0.294	0.0191544
0.295	0.0191403
0.296	0.0191211
0.297	0.0190969
0.298	0.0190678
0.299	0.0190338
0.3	0.0189948
0.301	0.018951
0.302	0.0189025
0.303	0.0188491
0.304	0.018791
0.305	0.0187283
0.306	0.0186608
0.307	0.0185888
0.308	0.0185122
0.309	0.0184312
0.31	0.0183456
0.311	0.0182556
0.312	0.0181612
0.313	0.0180625
0.314	0.0179595
0.315	0.0178523
0.316	0.0177408
0.317	0.0176253
0.318	0.0175056
0.319	0.0173819
0.32	0.0172542
0.321	0.0171225
0.322	0.0169869
0.323	0.0168475
0.324	0.0167043
0.325	0.0165574
0.326	0.0164067
0.327	0.0162525
0.328	0.0160946
0.329	0.0159333
0.33	0.0157684
0.331	0.0156001
0.332	0.0154285
0.333	0.0152536
0.334	0.0150754
0.335	0.014894
0.336	0.0147094
0.337	0.0145218
0.338	0.0143311
0.339	0.0141375
0.34	0.013941
0.341	0.0137416
0.342	0.0135394
0.343	0.0133344
0.344	0.0131268
0.345	0.0129166
0.346	0.0127037
0.347	0.0124884
0.348	0.0122707
0.349	0.0120505
0.35	0.011828
0.351	0.0116032
0.352	0.0113763
0.353	0.0111472
0.354	0.0109159
0.355	0.0106827
0.356	0.0104475
0.357	0.0102104
0.358	0.00997138
0.359	0.0097306
0.36	0.0094881
0.361	0.00924393
0.362	0.00899814
0.363	0.00875081
0.364	0.00850198
0.365	0.00825172
0.366	0.0080001
0.367	0.00774716
0.368	0.00749298
0.369	0.0072376
0.37	0.0069811
0.371	0.00672353
0.372	0.00646495
0.373	0.00620542
0.374	0.005945
0.375	0.00568375
0.376	0.00542173
0.377	0.005159
0.378	0.00489562
0.379	0.00463165
0.38	0.00436715
0.381	0.00410217
0.382	0.00383678
0.383	0.00357103
0.384	0.00330499
0.385	0.0030387
0.386	0.00277224
0.387	0.00250565
0.388	0.002239
0.389	0.00197233
0.39	0.00170572
0.391	0.00143922
0.392	0.00117288
0.393	0.000906757
0.394	0.000640913
0.395	0.000375401
0.396	0.000110278
0.397	-0.000154401
0.398	-0.000418581
0.399	-0.000682207
0.4	-0.000945224
0.401	-0.00120758
0.402	-0.00146921
0.403	-0.00173008
0.404	-0.00199012
0.405	-0.00224928
0.406	-0.00250751
0.407	-0.00276476
0.408	-0.00302098
0.409	-0.0032761
0.41	-0.00353009
0.411	-0.00378289
0.412	-0.00403445
0.413	-0.00428472
0.414	-0.00453366
0.415	-0.0047812
0.416	-0.0050273
0.417	-0.00527192
0.418	-0.005515
0.419	-0.00575649
0.42	-0.00599636
0.421	-0.00623455
0.422	-0.00647102
0.423	-0.00670571
0.424	-0.00693859
0.425	-0.00716961
0.426	-0.00739872
0.427	-0.00762589
0.428	-0.00785106
0.429	-0.00807419
0.43	-0.00829524
0.431	-0.00851417
0.432	-0.00873094
0.433	-0.0089455
0.434	-0.00915782
0.435	-0.00936784
0.436	-0.00957554
0.437	-0.00978088
0.438	-0.00998381
0.439	-0.0101843
0.44	-0.0103823
0.441	-0.0105778
0.442	-0.0107707
0.443	-0.0109611
0.444	-0.0111488
0.445	-0.0113338
0.446	-0.0115162
0.447	-0.0116958
0.448	-0.0118727
0.449	-0.0120467
0.45	-0.0122179
0.451	-0.0123863
0.452	-0.0125518
0.453	-0.0127143
0.454	-0.0128739
0.455	-0.0130306
0.456	-0.0131842
0.457	-0.0133347
0.458	-0.0134822
0.459	-0.0136266
0.46	-0.0137679
0.461	-0.0139061
0.462	-0.014041
0.463	-0.0141728
0.464	-0.0143013
0.465	-0.0144266
0.466	-0.0145487
0.467	-0.0146674
0.468	-0.0147828
0.469	-0.0148949
0.47	-0.0150037
0.471	-0.015109
0.472	-0.015211
0.473	-0.0153096
0.474	-0.0154047
0.475	-0.0154964
0.476	-0.0155847
0.477	-0.0156694
0.478	-0.0157507
0.479	-0.0158284
0.48	-0.0159027
0.481	-0.0159734
0.482	-0.0160405
0.483	-0.0161041
0.484	-0.0161641
0.485	-0.0162205
0.486	-0.0162734
0.487	-0.0163226
0.488	-0.0163682
0.489	-0.0164102
0.49	-0.0164486
0.491	-0.0164834
0.492	-0.0165145
0.493	-0.0165419
0.494	-0.0165657
0.495	-0.0165859
0.496	-0.0166024
0.497	-0.0166152
0.498	-0.0166244
0.499	-0.0166299
0.5	-0.0166317
0.501	-0.0166299
0.502	-0.0166244
0.503	-0.0166152
0.504	-0.0166024
0.505	-0.0165859
0.506	-0.0165657
0.507	-0.0165419
0.508	-0.0165145
0.509	-0.0164834
0.51	-0.0164486
0.511	-0.0164102
0.512	-0.0163682
0.513	-0.0163226
0.514	-0.0162734
0.515	-0.0162205
0.516	-0.0161641
0.517	-0.0161041
0.518	-0.0160405
0.519	-0.0159734
0.52	-0.0159027
0.521	-0.0158284
0.522	-0.0157507
0.523	-0.0156694
0.524	-0.0155847
0.525	-0.0154964
0.526	-0.0154047
0.527	-0.0153096
0.528	-0.015211
0.529	-0.015109
0.53	-0.0150037
0.531	-0.0148949
0.532	-0.0147828
0.533	-0.0146674
0.534	-0.0145487
0.535	-0.0144266
0.536	-0.0143013
0.537	-0.0141728
0.538	-0.014041
0.539	-0.0139061
0.54	-0.0137679
0.541	-0.0136266
0.542	-0.0134822
0.543	-0.0133347
0.544	-0.0131842
0.545	-0.0130306
0.546	-0.0128739
0.547	-0.0127143
0.548	-0.0125518
0.549	-0.0123863
0.55	-0.0122179
0.551	-0.0120467
0.552	-0.0118727
0.553	-0.0116958
0.554	-0.0115162
0.555	-0.0113338
0.556	-0.0111488
0.557	-0.0109611
0.558	-0.0107707
0.559	-0.0105778
0.56	-0.0103823
0.561	-0.0101843
0.562	-0.00998381
0.563	-0.00978088
0.564	-0.00957554
0.565	-0.00936784
0.566	-0.00915782
0.567	-0.0089455
0.568	-0.00873094
0.569	-0.00851417
0.57	-0.00829524
0.571	-0.00807419
0.572	-0.00785106
0.573	-0.00762589
0.574	-0.00739872
0.575	-0.00716961
0.576	-0.00693859
0.577	-0.00670571
0.578	-0.00647102
0.579	-0.00623455
0.58	-0.00599636
0.581	-0.00575649
0.582	-0.005515
0.583	-0.00527192
0.584	-0.0050273
0.585	-0.0047812
0.586	-0.00453366
0.587	-0.00428472
0.588	-0.00403445
0.589	-0.00378289
0.59	-0.00353009
0.591	-0.0032761
0.592	-0.00302098
0.593	-0.00276476
0.594	-0.00250751
0.595	-0.00224928
0.596	-0.00199012
0.597	-0.00173008
0.598	-0.00146921
0.599	-0.00120758
0.6	-0.000945224
0.601	-0.000682207
0.602	-0.000418581
0.603	-0.000154401
0.604	0.000110278
0.605	0.000375401
0.606	0.000640913
0.607	0.000906757
0.608	0.00117288
0.609	0.00143922
0.61	0.00170572
0.611	0.00197233
0.612	0.002239
0.613	0.00250565
0.614	0.00277224
0.615	0.0030387
0.616	0.00330499
0.617	0.00357103
0.618	0.00383678
0.619	0.00410217
0.62	0.00436715
0.621	0.00463165
0.622	0.00489562
0.623	0.005159
0.624	0.00542173
0.625	0.00568375
0.626	0.005945
0.627	0.00620542
0.628	0.00646495
0.629	0.00672353
0.63	0.0069811
0.631	0.0072376
0.632	0.00749298
0.633	0.00774716
0.634	0.0080001
0.635	0.00825172
0.636	0.00850198
0.637	0.00875081
0.638	0.00899814
0.639	0.00924393
0.64	0.0094881
0.641	0.0097306
0.642	0.00997138
0.643	0.0102104
0.644	0.0104475
0.645	0.0106827
0.646	0.0109159
0.647	0.0111472
0.648	0.0113763
0.649	0.0116032
0.65	0.011828
0.651	0.0120505
0.652	0.0122707
0.653	0.0124884
0.654	0.0127037
0.655	0.0129166
0.656	0.0131268
0.657	0.0133344
0.658	0.0135394
0.659	0.0137416
0.66	0.013941
0.661	0.0141375
0.662	0.0143311
0.663	0.0145218
0.664	0.0147094
0.665	0.014894
0.666	0.0150754
0.667	0.0152536
0.668	0.0154285
0.669	0.0156001
0.67	0.0157684
0.671	0.0159333
0.672	0.0160946
0.673	0.0162525
0.674	0.0164067
0.675	0.0165574
0.676	0.0167043
0.677	0.0168475
0.678	0.0169869
0.679	0.0171225
0.68	0.0172542
0.681	0.0173819
0.682	0.0175056
0.683	0.0176253
0.684	0.0177408
0.685	0.0178523
0.686	0.0179595
0.687	0.0180625
0.688	0.0181612
0.689	0.0182556
0.69	0.0183456
0.691	0.0184312
0.692	0.0185122
0.693	0.0185888
0.694	0.0186608
0.695	0.0187283
0.696	0.018791
0.697	0.0188491
0.698	0.0189025
0.699	0.018951
0.7	0.0189948
0.701	0.0190338
0.702	0.0190678
0.703	0.0190969
0.704	0.0191211
0.705	0.0191403
0.706	0.0191544
0.707	0.0191635
0.708	0.0191675
0.709	0.0191664
0.71	0.0191601
0.711	0.0191486
0.712	0.0191319
0.713	0.0191099
0.714	0.0190827
0.715	0.0190501
0.716	0.0190123
0.717	0.018969
0.718	0.0189204
0.719	0.0188664
0.72	0.018807
0.721	0.0187421
0.722	0.0186717
0.723	0.0185959
0.724	0.0185145
0.725	0.0184276
0.726	0.0183352
0.727	0.0182373
0.728	0.0181337
0.729	0.0180246
0.73	0.0179099
0.731	0.0177896
0.732	0.0176637
0.733	0.0175322
0.734	0.0173951
0.735	0.0172523
0.736	0.0171039
0.737	0.0169498
0.738	0.0167902
0.739	0.0166248
0.74	0.0164539
0.741	0.0162773
0.742	0.0160951
0.743	0.0159073
0.744	0.0157138
0.745	0.0155147
0.746	0.0153101
0.747	0.0150998
0.748	0.014884
0.749	0.0146626
0.75	0.0144356
0.751	0.0142031
0.752	0.0139651
0.753	0.0137217
0.754	0.0134727
0.755	0.0132183
0.756	0.0129585
0.757	0.0126933
0.758	0.0124227
0.759	0.0121467
0.76	0.0118655
0.761	0.011579
0.762	0.0112872
0.763	0.0109903
0.764	0.0106881
0.765	0.0103809
0.766	0.0100685
0.767	0.00975115
0.768	0.00942878
0.769	0.00910145
0.77	0.00876922
0.771	0.00843215
0.772	0.00809028
0.773	0.00774366
0.774	0.00739237
0.775	0.00703644
0.776	0.00667595
0.777	0.00631095
0.778	0.00594152
0.779	0.00556771
0.78	0.0051896
0.781	0.00480725
0.782	0.00442075
0.783	0.00403016
0.784	0.00363556
0.785	0.00323703
0.786	0.00283465
0.787	0.00242851
0.788	0.00201868
0.789	0.00160527
0.79	0.00118835
0.791	0.00076803
0.792	0.000344392
0.793	-8.24642e-05
0.794	-0.000512438
0.795	-0.000945428
0.796	-0.00138133
0.797	-0.00182004
0.798	-0.00226144
0.799	-0.00270543
0.8	-0.0031519
0.801	-0.00360072
0.802	-0.00405177
0.803	-0.00450494
0.804	-0.00496011
0.805	-0.00541714
0.806	-0.0058759
0.807	-0.00633628
0.808	-0.00679812
0.809	-0.0072613
0.81	-0.00772567
0.811	-0.0081911
0.812	-0.00865744
0.813	-0.00912453
0.814	-0.00959224
0.815	-0.0100604
0.816	-0.0105289
0.817	-0.0109975
0.818	-0.0114661
0.819	-0.0119345
0.82	-0.0124026
0.821	-0.0128701
0.822	-0.0133369
0.823	-0.0138029
0.824	-0.0142679
0.825	-0.0147316
0.826	-0.0151938
0.827	-0.0156545
0.828	-0.0161134
0.829	-0.0165703
0.83	-0.017025
0.831	-0.0174774
0.832	-0.0179271
0.833	-0.0183741
0.834	-0.018818
0.835	-0.0192587
0.836	-0.019696
0.837	-0.0201297
0.838	-0.0205594
0.839	-0.0209851
0.84	-0.0214064
0.841	-0.0218231
0.842	-0.0222351
0.843	-0.022642
0.844	-0.0230436
0.845	-0.0234397
0.846	-0.02383
0.847	-0.0242143
0.848	-0.0245922
0.849	-0.0249636
0.85	-0.0253282
0.851	-0.0256857
0.852	-0.0260359
0.853	-0.0263784
0.854	-0.026713
0.855	-0.0270394
0.856	-0.0273574
0.857	-0.0276665
0.858	-0.0279666
0.859	-0.0282573
0.86	-0.0285384
0.861	-0.0288095
0.862	-0.0290703
0.863	-0.0293205
0.864	-0.0295598
0.865	-0.0297879
0.866	-0.0300044
0.867	-0.030209
0.868	-0.0304014
0.869	-0.0305813
0.87	-0.0307483
0.871	-0.030902
0.872	-0.0310421
0.873	-0.0311683
0.874	-0.0312802
0.875	-0.0313774
0.876	-0.0314596
0.877	-0.0315264
0.878	-0.0315774
0.879	-0.0316122
0.88	-0.0316306
0.881	-0.0316319
0.882	-0.031616
0.883	-0.0315824
0.884	-0.0315306
0.885	-0.0314603
0.886	-0.0313711
0.887	-0.0312625
0.888	-0.0311342
0.889	-0.0309857
0.89	-0.0308165
0.891	-0.0306263
0.892	-0.0304147
0.893	-0.030181
0.894	-0.0299251
0.895	-0.0296462
0.896	-0.0293441
0.897	-0.0290183
0.898	-0.0286682
0.899	-0.0282934
0.9	-0.0278935
0.901	-0.027468
0.902	-0.0270163
0.903	-0.0265379
0.904	-0.0260325
0.905	-0.0254995
0.906	-0.0249383
0.907	-0.0243485
0.908	-0.0237296
0.909	-0.0230809
0.91	-0.0224021
0.911	-0.0216926
0.912	-0.0209518
0.913	-0.0201791
0.914	-0.0193742
0.915	-0.0185363
0.916	-0.0176649
0.917	-0.0167595
0.918	-0.0158196
0.919	-0.0148444
0.92	-0.0138335
0.921	-0.0127863
0.922	-0.0117021
0.923	-0.0105804
0.924	-0.0094206
0.925	-0.00822204
0.926	-0.00698414
0.927	-0.00570627
0.928	-0.00438782
0.929	-0.00302814
0.93	-0.00162661
0.931	-0.000182573
0.932	0.0013046
0.933	0.00283558
0.934	0.00441102
0.935	0.00603158
0.936	0.00769793
0.937	0.00941075
0.938	0.0111707
0.939	0.0129786
0.94	0.0148349
0.941	0.0167405
0.942	0.0186961
0.943	0.0207023
0.944	0.0227599
0.945	0.0248696
0.946	0.0270321
0.947	0.0292482
0.948	0.0315187
0.949	0.0338442
0.95	0.0362255
0.951	0.0386635
0.952	0.0411588
0.953	0.0437122
0.954	0.0463246
0.955	0.0489967
0.956	0.0517293
0.957	0.0545232
0.958	0.0573792
0.959	0.0602982
0.96	0.0632809
0.961	0.0663282
0.962	0.069441
0.963	0.07262
0.964	0.0758662
0.965	0.0791803
0.966	0.0825633
0.967	0.0860159
0.968	0.0895392
0.969	0.093134
0.97	0.0968011
0.971	0.100541
0.972	0.104356
0.973	0.108246
0.974	0.112211
0.975	0.116254
0.976	0.120374
0.977	0.124574
0.978	0.128852
0.979	0.133212
0.98	0.137654
0.981	0.142178
0.982	0.146785
0.983	0.151477
0.984	0.156255
0.985	0.16112
0.986	0.166072
0.987	0.171113
0.988	0.176243
0.989	0.181464
0.99	0.186777
0.991	0.192182
0.992	0.197682
0.993	0.203276
0.994	0.208966
0.995	0.214753
0.996	0.220638
0.997	0.226623
0.998	0.232708
0.999	0.238894
