# Interpolation data for function: (exp(100*(abs(2*x-1)))-1)/(exp(100)-1)
0	0.058515
0.001	0.0582242
0.002	0.057934
0.003	0.0576443
0.004	0.0573553
0.005	0.0570668
0.006	0.0567789
0.007	0.0564916
0.008	0.0562049
0.009	0.0559188
0.01	0.0556332
0.011	0.0553482
0.012	0.0550638
0.013	0.05478
0.014	0.0544968
0.015	0.0542141
0.016	0.0539321
0.017	0.0536506
0.018	0.0533697
0.019	0.0530894
0.02	0.0528096
0.021	0.0525305
0.022	0.0522519
0.023	0.0519739
0.024	0.0516965
0.025	0.0514197
0.026	0.0511434
0.027	0.0508678
0.028	0.0505927
0.029	0.0503182
0.03	0.0500443
0.031	0.0497709
0.032	0.0494982
0.033	0.049226
0.034	0.0489544
0.035	0.0486834
0.036	0.048413
0.037	0.0481432
0.038	0.0478739
0.039	0.0476052
0.04	0.0473371
0.041	0.0470696
0.042	0.0468027
0.043	0.0465364
0.044	0.0462706
0.045	0.0460054
0.046	0.0457408
0.047	0.0454768
0.048	0.0452134
0.049	0.0449505
0.05	0.0446882
0.051	0.0444265
0.052	0.0441654
0.053	0.0439049
0.054	0.043645
0.055	0.0433856
0.056	0.0431268
0.057	0.0428686
0.058	0.042611
0.059	0.042354
0.06	0.0420975
0.061	0.0418417
0.062	0.0415864
0.063	0.0413317
0.064	0.0410775
0.065	0.040824
0.066	0.040571
0.067	0.0403187
0.068	0.0400669
0.069	0.0398157
0.07	0.039565
0.071	0.039315
0.072	0.0390655
0.073	0.0388166
0.074	0.0385683
0.075	0.0383206
0.076	0.0380735
0.077	0.0378269
0.078	0.037581
0.079	0.0373356
0.08	0.0370908
0.081	0.0368466
0.082	0.0366029
0.083	0.0363598
0.084	0.0361174
0.085	0.0358755
0.086	0.0356342
0.087	0.0353934
0.088	0.0351533
0.089	0.0349137
0.09	0.0346747
0.091	0.0344363
0.092	0.0341985
0.093	0.0339613
0.094	0.0337246
0.095	0.0334885
0.096	0.033253
0.097	0.0330181
0.098	0.0327838
0.099	0.0325501
0.1	0.0323169
0.101	0.0320843
0.102	0.0318523
0.103	0.0316209
0.104	0.0313901
0.105	0.0311598
0.106	0.0309301
0.107	0.0307011
0.108	0.0304726
0.109	0.0302446
0.11	0.0300173
0.111	0.0297905
0.112	0.0295644
0.113	0.0293388
0.114	0.0291137
0.115	0.0288893
0.116	0.0286655
0.117	0.0284422
0.118	0.0282195
0.119	0.0279974
0.12	0.0277759
0.121	0.027555
0.122	0.0273346
0.123	0.0271148
0.124	0.0268956
0.125	0.026677
0.126	0.026459
0.127	0.0262416
0.128	0.0260247
0.129	0.0258084
0.13	0.0255927
0.131	0.0253776
0.132	0.0251631
0.133	0.0249491
0.134	0.0247358
0.135	0.024523
0.136	0.0243108
0.137	0.0240991
0.138	0.0238881
0.139	0.0236776
0.14	0.0234678
0.141	0.0232585
0.142	0.0230498
0.143	0.0228416
0.144	0.0226341
0.145	0.0224271
0.146	0.0222207
0.147	0.0220149
0.148	0.0218097
0.149	0.0216051
0.15	0.021401
0.151	0.0211976
0.152	0.0209947
0.153	0.0207924
0.154	0.0205906
0.155	0.0203895
0.156	0.0201889
0.157	0.0199889
0.158	0.0197896
0.159	0.0195907
0.16	0.0193925
0.161	0.0191949
0.162	0.0189978
0.163	0.0188013
0.164	0.0186054
0.165	0.0184101
0.166	0.0182153
0.167	0.0180212
0.168	0.0178276
0.169	0.0176346
0.17	0.0174422
0.171	0.0172504
0.172	0.0170591
0.173	0.0168685
0.174	0.0166784
0.175	0.0164889
0.176	0.0163
0.177	0.0161116
0.178	0.0159239
0.179	0.0157367
0.18	0.0155501
0.181	0.0153641
0.182	0.0151787
0.183	0.0149938
0.184	0.0148096
0.185	0.0146259
0.186	0.0144428
0.187	0.0142603
0.188	0.0140784
0.189	0.013897
0.19	0.0137162
0.191	0.0135361
0.192	0.0133565
0.193	0.0131774
0.194	0.012999
0.195	0.0128211
0.196	0.0126439
0.197	0.0124672
0.198	0.0122911
0.199	0.0121155
0.2	0.0119406
0.201	0.0117662
0.202	0.0115925
0.203	0.0114193
0.204	0.0112466
0.205	0.0110746
0.206	0.0109032
0.207	0.0107323
0.208	0.010562
0.209	0.0103923
0.21	0.0102232
0.211	0.0100546
0.212	0.00988667
0.213	0.00971929
0.214	0.0095525
0.215	0.00938629
0.216	0.00922066
0.217	0.00905561
0.218	0.00889114
0.219	0.00872726
0.22	0.00856396
0.221	0.00840124
0.222	0.0082391
0.223	0.00807754
0.224	0.00791657
0.225	0.00775618
0.226	0.00759637
0.227	0.00743715
0.228	0.0072785
0.229	0.00712044
0.23	0.00696296
0.231	0.00680606
0.232	0.00664975
0.233	0.00649402
0.234	0.00633886
0.235	0.0061843
0.236	0.00603031
0.237	0.0058769
0.238	0.00572408
0.239	0.00557184
0.24	0.00542018
0.241	0.00526911
0.242	0.00511861
0.243	0.0049687
0.244	0.00481937
0.245	0.00467063
0.246	0.00452246
0.247	0.00437488
0.248	0.00422788
0.249	0.00408146
0.25	0.00393562
0.251	0.00379037
0.252	0.0036457
0.253	0.00350161
0.254	0.0033581
0.255	0.00321518
0.256	0.00307283
0.257	0.00293107
0.258	0.00278989
0.259	0.0026493
0.26	0.00250928
0.261	0.00236985
0.262	0.002231
0.263	0.00209273
0.264	0.00195505
0.265	0.00181795
0.266	0.00168142
0.267	0.00154549
0.268	0.00141013
0.269	0.00127535
0.27	0.00114116
0.271	0.00100755
0.272	0.000874523
0.273	0.000742077
0.274	0.000610213
0.275	0.000478931
0.276	0.000348232
0.277	0.000218115
0.278	8.85796e-05
0.279	-4.03733e-05
0.28	-0.000168744
0.281	-0.000296533
0.282	-0.000423739
0.283	-0.000550363
0.284	-0.000676405
0.285	-0.000801865
0.286	-0.000926742
0.287	-0.00105104
0.288	-0.00117475
0.289	-0.00129788
0.29	-0.00142043
0.291	-0.0015424
0.292	-0.00166378
0.293	-0.00178458
0.294	-0.0019048
0.295	-0.00202444
0.296	-0.0021435
0.297	-0.00226197
0.298	-0.00237986
0.299	-0.00249717
0.3	-0.0026139
0.301	-0.00273004
0.302	-0.00284561
0.303	-0.00296059
0.304	-0.00307499
0.305	-0.0031888
0.306	-0.00330204
0.307	-0.00341469
0.308	-0.00352676
0.309	-0.00363825
0.31	-0.00374915
0.311	-0.00385947
0.312	-0.00396922
0.313	-0.00407837
0.314	-0.00418695
0.315	-0.00429494
0.316	-0.00440236
0.317	-0.00450919
0.318	-0.00461543
0.319	-0.0047211
0.32	-0.00482618
0.321	-0.00493069
0.322	-0.0050346
0.323	-0.00513794
0.324	-0.0052407
0.325	-0.00534287
0.326	-0.00544446
0.327	-0.00554547
0.328	-0.00564589
0.329	-0.00574574
0.33	-0.005845
0.331	-0.00594368
0.332	-0.00604178
0.333	-0.00613929
0.334	-0.00623622
0.335	-0.00633257
0.336	-0.00642834
0.337	-0.00652353
0.338	-0.00661813
0.339	-0.00671216
0.34	-0.0068056
0.341	-0.00689845
0.342	-0.00699073
0.343	-0.00708242
0.344	-0.00717353
0.345	-0.00726406
0.346	-0.00735401
0.347	-0.00744337
0.348	-0.00753216
0.349	-0.00762036
0.35	-0.00770797
0.351	-0.00779501
0.352	-0.00788146
0.353	-0.00796734
0.354	-0.00805263
0.355	-0.00813733
0.356	-0.00822146
0.357	-0.008305
0.358	-0.00838796
0.359	-0.00847034
0.36	-0.00855214
0.361	-0.00863335
0.362	-0.00871398
0.363	-0.00879403
0.364	-0.0088735
0.365	-0.00895238
0.366	-0.00903069
0.367	-0.00910841
0.368	-0.00918555
0.369	-0.0092621
0.37	-0.00933808
0.371	-0.00941347
0.372	-0.00948828
0.373	-0.00956251
0.374	-0.00963616
0.375	-0.00970922
0.376	-0.0097817
0.377	-0.0098536
0.378	-0.00992492
0.379	-0.00999565
0.38	-0.0100658
0.381	-0.0101354
0.382	-0.0102044
0.383	-0.0102728
0.384	-0.0103406
0.385	-0.0104078
0.386	-0.0104745
0.387	-0.0105406
0.388	-0.0106061
0.389	-0.010671
0.39	-0.0107353
0.391	-0.0107991
0.392	-0.0108622
0.393	-0.0109248
0.394	-0.0109868
0.395	-0.0110482
0.396	-0.0111091
0.397	-0.0111693
0.398	-0.011229
0.399	-0.0112881
0.4	-0.0113466
0.401	-0.0114045
0.402	-0.0114619
0.403	-0.0115186
0.404	-0.0115748
0.405	-0.0116304
0.406	-0.0116854
0.407	-0.0117399
0.408	-0.0117937
0.409	-0.011847
0.41	-0.0118997
0.411	-0.0119518
0.412	-0.0120033
0.413	-0.0120542
0.414	-0.0121046
0.415	-0.0121544
0.416	-0.0122036
0.417	-0.0122522
0.418	-0.0123002
0.419	-0.0123477
0.42	-0.0123945
0.421	-0.0124408
0.422	-0.0124865
0.423	-0.0125316
0.424	-0.0125762
0.425	-0.0126201
0.426	-0.0126635
0.427	-0.0127063
0.428	-0.0127485
0.429	-0.0127901
0.43	-0.0128312
0.431	-0.0128716
0.432	-0.0129115
0.433	-0.0129508
0.434	-0.0129895
0.435	-0.0130276
0.436	-0.0130652
0.437	-0.0131022
0.438	-0.0131386
0.439	-0.0131744
0.44	-0.0132096
0.441	-0.0132442
0.442	-0.0132783
0.443	-0.0133117
0.444	-0.0133446
0.445	-0.013377
0.446	-0.0134087
0.447	-0.0134398
0.448	-0.0134704
0.449	-0.0135004
0.45	-0.0135298
0.451	-0.0135586
0.452	-0.0135868
0.453	-0.0136145
0.454	-0.0136416
0.455	-0.013668
0.456	-0.0136939
0.457	-0.0137193
0.458	-0.013744
0.459	-0.0137682
0.46	-0.0137918
0.461	-0.0138148
0.462	-0.0138372
0.463	-0.013859
0.464	-0.0138802
0.465	-0.0139009
0.466	-0.013921
0.467	-0.0139405
0.468	-0.0139594
0.469	-0.0139778
0.47	-0.0139955
0.471	-0.0140127
0.472	-0.0140293
0.473	-0.0140453
0.474	-0.0140607
0.475	-0.0140756
0.476	-0.0140898
0.477	-0.0141035
0.478	-0.0141166
0.479	-0.0141291
0.48	-0.0141411
0.481	-0.0141524
0.482	-0.0141632
0.483	-0.0141734
0.484	-0.014183
0.485	-0.014192
0.486	-0.0142004
0.487	-0.0142083
0.488	-0.0142156
0.489	-0.0142223
0.49	-0.0142284
0.491	-0.0142339
0.492	-0.0142389
0.493	-0.0142432
0.494	-0.014247
0.495	-0.0142502
0.496	-0.0142528
0.497	-0.0142549
0.498	-0.0142563
0.499	-0.0142572
0.5	-0.0142575
0.501	-0.0142572
0.502	-0.0142563
0.503	-0.0142549
0.504	-0.0142528
0.505	-0.0142502
0.506	-0.014247
0.507	-0.0142432
0.508	-0.0142389
0.509	-0.0142339
0.51	-0.0142284
0.511	-0.0142223
0.512	-0.0142156
0.513	-0.0142083
0.514	-0.0142004
0.515	-0.014192
0.516	-0.014183
0.517	-0.0141734
0.518	-0.0141632
0.519	-0.0141524
0.52	-0.0141411
0.521	-0.0141291
0.522	-0.0141166
0.523	-0.0141035
0.524	-0.0140898
0.525	-0.0140756
0.526	-0.0140607
0.527	-0.0140453
0.528	-0.0140293
0.529	-0.0140127
0.53	-0.0139955
0.531	-0.0139778
0.532	-0.0139594
0.533	-0.0139405
0.534	-0.013921
0.535	-0.0139009
0.536	-0.0138802
0.537	-0.013859
0.538	-0.0138372
0.539	-0.0138148
0.54	-0.0137918
0.541	-0.0137682
0.542	-0.013744
0.543	-0.0137193
0.544	-0.0136939
0.545	-0.013668
0.546	-0.0136416
0.547	-0.0136145
0.548	-0.0135868
0.549	-0.0135586
0.55	-0.0135298
0.551	-0.0135004
0.552	-0.0134704
0.553	-0.0134398
0.554	-0.0134087
0.555	-0.013377
0.556	-0.0133446
0.557	-0.0133117
0.558	-0.0132783
0.559	-0.0132442
0.56	-0.0132096
0.561	-0.0131744
0.562	-0.0131386
0.563	-0.0131022
0.564	-0.0130652
0.565	-0.0130276
0.566	-0.0129895
0.567	-0.0129508
0.568	-0.0129115
0.569	-0.0128716
0.57	-0.0128312
0.571	-0.0127901
0.572	-0.0127485
0.573	-0.0127063
0.574	-0.0126635
0.575	-0.0126201
0.576	-0.0125762
0.577	-0.0125316
0.578	-0.0124865
0.579	-0.0124408
0.58	-0.0123945
0.581	-0.0123477
0.582	-0.0123002
0.583	-0.0122522
0.584	-0.0122036
0.585	-0.0121544
0.586	-0.0121046
0.587	-0.0120542
0.588	-0.0120033
0.589	-0.0119518
0.59	-0.0118997
0.591	-0.011847
0.592	-0.0117937
0.593	-0.0117399
0.594	-0.0116854
0.595	-0.0116304
0.596	-0.0115748
0.597	-0.0115186
0.598	-0.0114619
0.599	-0.0114045
0.6	-0.0113466
0.601	-0.0112881
0.602	-0.011229
0.603	-0.0111693
0.604	-0.0111091
0.605	-0.0110482
0.606	-0.0109868
0.607	-0.0109248
0.608	-0.0108622
0.609	-0.0107991
0.61	-0.0107353
0.611	-0.010671
0.612	-0.0106061
0.613	-0.0105406
0.614	-0.0104745
0.615	-0.0104078
0.616	-0.0103406
0.617	-0.0102728
0.618	-0.0102044
0.619	-0.0101354
0.62	-0.0100658
0.621	-0.00999565
0.622	-0.00992492
0.623	-0.0098536
0.624	-0.0097817
0.625	-0.00970922
0.626	-0.00963616
0.627	-0.00956251
0.628	-0.00948828
0.629	-0.00941347
0.63	-0.00933808
0.631	-0.0092621
0.632	-0.00918555
0.633	-0.00910841
0.634	-0.00903069
0.635	-0.00895238
0.636	-0.0088735
0.637	-0.00879403
0.638	-0.00871398
0.639	-0.00863335
0.64	-0.00855214
0.641	-0.00847034
0.642	-0.00838796
0.643	-0.008305
0.644	-0.00822146
0.645	-0.00813733
0.646	-0.00805263
0.647	-0.00796734
0.648	-0.00788146
0.649	-0.00779501
0.65	-0.00770797
0.651	-0.00762036
0.652	-0.00753216
0.653	-0.00744337
0.654	-0.00735401
0.655	-0.00726406
0.656	-0.00717353
0.657	-0.00708242
0.658	-0.00699073
0.659	-0.00689845
0.66	-0.0068056
0.661	-0.00671216
0.662	-0.00661813
0.663	-0.00652353
0.664	-0.00642834
0.665	-0.00633257
0.666	-0.00623622
0.667	-0.00613929
0.668	-0.00604178
0.669	-0.00594368
0.67	-0.005845
0.671	-0.00574574
0.672	-0.00564589
0.673	-0.00554547
0.674	-0.00544446
0.675	-0.00534287
0.676	-0.0052407
0.677	-0.00513794
0.678	-0.0050346
0.679	-0.00493069
0.68	-0.00482618
0.681	-0.0047211
0.682	-0.00461543
0.683	-0.00450919
0.684	-0.00440236
0.685	-0.00429494
0.686	-0.00418695
0.687	-0.00407837
0.688	-0.00396922
0.689	-0.00385947
0.69	-0.00374915
0.691	-0.00363825
0.692	-0.00352676
0.693	-0.00341469
0.694	-0.00330204
0.695	-0.0031888
0.696	-0.00307499
0.697	-0.00296059
0.698	-0.00284561
0.699	-0.00273004
0.7	-0.0026139
0.701	-0.00249717
0.702	-0.00237986
0.703	-0.00226197
0.704	-0.0021435
0.705	-0.00202444
0.706	-0.0019048
0.707	-0.00178458
0.708	-0.00166378
0.709	-0.0015424
0.71	-0.00142043
0.711	-0.00129788
0.712	-0.00117475
0.713	-0.00105104
0.714	-0.000926742
0.715	-0.000801865
0.716	-0.000676405
0.717	-0.000550363
0.718	-0.000423739
0.719	-0.000296533
0.72	-0.000168744
0.721	-4.03733e-05
0.722	8.85796e-05
0.723	0.000218115
0.724	0.000348232
0.725	0.000478931
0.726	0.000610213
0.727	0.000742077
0.728	0.000874523
0.729	0.00100755
0.73	0.00114116
0.731	0.00127535
0.732	0.00141013
0.733	0.00154549
0.734	0.00168142
0.735	0.00181795
0.736	0.00195505
0.737	0.00209273
0.738	0.002231
0.739	0.00236985
0.74	0.00250928
0.741	0.0026493
0.742	0.00278989
0.743	0.00293107
0.744	0.00307283
0.745	0.00321518
0.746	0.0033581
0.747	0.00350161
0.748	0.0036457
0.749	0.00379037
0.75	0.00393563
0.751	0.00408146
0.752	0.00422788
0.753	0.00437488
0.754	0.00452246
0.755	0.00467063
0.756	0.00481937
0.757	0.0049687
0.758	0.00511861
0.759	0.00526911
0.76	0.00542018
0.761	0.00557184
0.762	0.00572408
0.763	0.0058769
0.764	0.00603031
0.765	0.0061843
0.766	0.00633886
0.767	0.00649402
0.768	0.00664975
0.769	0.00680606
0.77	0.00696296
0.771	0.00712044
0.772	0.0072785
0.773	0.00743715
0.774	0.00759637
0.775	0.00775618
0.776	0.00791657
0.777	0.00807754
0.778	0.0082391
0.779	0.00840124
0.78	0.00856396
0.781	0.00872726
0.782	0.00889114
0.783	0.00905561
0.784	0.00922066
0.785	0.00938629
0.786	0.0095525
0.787	0.00971929
0.788	0.00988667
0.789	0.0100546
0.79	0.0102232
0.791	0.0103923
0.792	0.010562
0.793	0.0107323
0.794	0.0109032
0.795	0.0110746
0.796	0.0112466
0.797	0.0114193
0.798	0.0115925
0.799	0.0117662
0.8	0.0119406
0.801	0.0121155
0.802	0.0122911
0.803	0.0124672
0.804	0.0126439
0.805	0.0128211
0.806	0.012999
0.807	0.0131774
0.808	0.0133565
0.809	0.0135361
0.81	0.0137162
0.811	0.013897
0.812	0.0140784
0.813	0.0142603
0.814	0.0144428
0.815	0.0146259
0.816	0.0148096
0.817	0.0149938
0.818	0.0151787
0.819	0.0153641
0.82	0.0155501
0.821	0.0157367
0.822	0.0159239
0.823	0.0161116
0.824	0.0163
0.825	0.0164889
0.826	0.0166784
0.827	0.0168685
0.828	0.0170591
0.829	0.0172504
0.83	0.0174422
0.831	0.0176346
0.832	0.0178276
0.833	0.0180212
0.834	0.0182153
0.835	0.0184101
0.836	0.0186054
0.837	0.0188013
0.838	0.0189978
0.839	0.0191949
0.84	0.0193925
0.841	0.0195907
0.842	0.0197896
0.843	0.0199889
0.844	0.0201889
0.845	0.0203895
0.846	0.0205906
0.847	0.0207924
0.848	0.0209947
0.849	0.0211976
0.85	0.021401
0.851	0.0216051
0.852	0.0218097
0.853	0.0220149
0.854	0.0222207
0.855	0.0224271
0.856	0.0226341
0.857	0.0228416
0.858	0.0230498
0.859	0.0232585
0.86	0.0234678
0.861	0.0236776
0.862	0.0238881
0.863	0.0240991
0.864	0.0243108
0.865	0.024523
0.866	0.0247358
0.867	0.0249491
0.868	0.0251631
0.869	0.0253776
0.87	0.0255927
0.871	0.0258084
0.872	0.0260247
0.873	0.0262416
0.874	0.026459
0.875	0.026677
0.876	0.0268956
0.877	0.0271148
0.878	0.0273346
0.879	0.027555
0.88	0.0277759
0.881	0.0279974
0.882	0.0282195
0.883	0.0284422
0.884	0.0286655
0.885	0.0288893
0.886	0.0291137
0.887	0.0293388
0.888	0.0295644
0.889	0.0297905
0.89	0.0300173
0.891	0.0302446
0.892	0.0304726
0.893	0.0307011
0.894	0.0309301
0.895	0.0311598
0.896	0.0313901
0.897	0.0316209
0.898	0.0318523
0.899	0.0320843
0.9	0.0323169
0.901	0.0325501
0.902	0.0327838
0.903	0.0330181
0.904	0.033253
0.905	0.0334885
0.906	0.0337246
0.907	0.0339613
0.908	0.0341985
0.909	0.0344363
0.91	0.0346747
0.911	0.0349137
0.912	0.0351533
0.913	0.0353934
0.914	0.0356342
0.915	0.0358755
0.916	0.0361174
0.917	0.0363598
0.918	0.0366029
0.919	0.0368466
0.92	0.0370908
0.921	0.0373356
0.922	0.037581
0.923	0.0378269
0.924	0.0380735
0.925	0.0383206
0.926	0.0385683
0.927	0.0388166
0.928	0.0390655
0.929	0.039315
0.93	0.039565
0.931	0.0398157
0.932	0.0400669
0.933	0.0403187
0.934	0.040571
0.935	0.040824
0.936	0.0410775
0.937	0.0413317
0.938	0.0415864
0.939	0.0418417
0.94	0.0420975
0.941	0.042354
0.942	0.042611
0.943	0.0428686
0.944	0.0431268
0.945	0.0433856
0.946	0.043645
0.947	0.0439049
0.948	0.0441654
0.949	0.0444265
0.95	0.0446882
0.951	0.0449505
0.952	0.0452134
0.953	0.0454768
0.954	0.0457408
0.955	0.0460054
0.956	0.0462706
0.957	0.0465364
0.958	0.0468027
0.959	0.0470696
0.96	0.0473371
0.961	0.0476052
0.962	0.0478739
0.963	0.0481432
0.964	0.048413
0.965	0.0486834
0.966	0.0489544
0.967	0.049226
0.968	0.0494982
0.969	0.0497709
0.97	0.0500443
0.971	0.0503182
0.972	0.0505927
0.973	0.0508678
0.974	0.0511434
0.975	0.0514197
0.976	0.0516965
0.977	0.0519739
0.978	0.0522519
0.979	0.0525305
0.98	0.0528096
0.981	0.0530894
0.982	0.0533697
0.983	0.0536506
0.984	0.0539321
0.985	0.0542141
0.986	0.0544968
0.987	0.05478
0.988	0.0550638
0.989	0.0553482
0.99	0.0556332
0.991	0.0559188
0.992	0.0562049
0.993	0.0564916
0.994	0.0567789
0.995	0.0570668
0.996	0.0573553
0.997	0.0576443
0.998	0.057934
0.999	0.0582242
