# Interpolation data for function: (exp(10*x)-1)/(exp(10)-1)
0	-2.45298e-07
0.001	2.58939e-07
0.002	7.62969e-07
0.003	1.26715e-06
0.004	1.77184e-06
0.005	2.27735e-06
0.006	2.78402e-06
0.007	3.29215e-06
0.008	3.80203e-06
0.009	4.31395e-06
0.01	4.82817e-06
0.011	5.34495e-06
0.012	5.86455e-06
0.013	6.38719e-06
0.014	6.91312e-06
0.015	7.44254e-06
0.016	7.97567e-06
0.017	8.51271e-06
0.018	9.05385e-06
0.019	9.59928e-06
0.02	1.01492e-05
0.021	1.07037e-05
0.022	1.12631e-05
0.023	1.18274e-05
0.024	1.23968e-05
0.025	1.29715e-05
0.026	1.35516e-05
0.027	1.41372e-05
0.028	1.47285e-05
0.029	1.53256e-05
0.03	1.59286e-05
0.031	1.65376e-05
0.032	1.71528e-05
0.033	1.77742e-05
0.034	1.8402e-05
0.035	1.90363e-05
0.036	1.96771e-05
0.037	2.03246e-05
0.038	2.09789e-05
0.039	2.164e-05
0.04	2.2308e-05
0.041	2.29831e-05
0.042	2.36653e-05
0.043	2.43546e-05
0.044	2.50513e-05
0.045	2.57553e-05
0.046	2.64667e-05
0.047	2.71857e-05
0.048	2.79122e-05
0.049	2.86464e-05
0.05	2.93884e-05
0.051	3.01381e-05
0.052	3.08958e-05
0.053	3.16614e-05
0.054	3.24351e-05
0.055	3.32168e-05
0.056	3.40068e-05
0.057	3.4805e-05
0.058	3.56115e-05
0.059	3.64265e-05
0.06	3.72499e-05
0.061	3.80818e-05
0.062	3.89224e-05
0.063	3.97716e-05
0.064	4.06297e-05
0.065	4.14965e-05
0.066	4.23723e-05
0.067	4.32571e-05
0.068	4.41509e-05
0.069	4.50539e-05
0.07	4.59661e-05
0.071	4.68876e-05
0.072	4.78185e-05
0.073	4.87588e-05
0.074	4.97087e-05
0.075	5.06682e-05
0.076	5.16374e-05
0.077	5.26164e-05
0.078	5.36054e-05
0.079	5.46042e-05
0.08	5.56132e-05
0.081	5.66322e-05
0.082	5.76615e-05
0.083	5.87012e-05
0.084	5.97512e-05
0.085	6.08118e-05
0.086	6.1883e-05
0.087	6.29649e-05
0.088	6.40577e-05
0.089	6.51613e-05
0.09	6.62759e-05
0.091	6.74017e-05
0.092	6.85387e-05
0.093	6.9687e-05
0.094	7.08467e-05
0.095	7.2018e-05
0.096	7.3201e-05
0.097	7.43957e-05
0.098	7.56023e-05
0.099	7.68209e-05
0.1	7.80516e-05
0.101	7.92945e-05
0.102	8.05498e-05
0.103	8.18176e-05
0.104	8.30979e-05
0.105	8.4391e-05
0.106	8.56969e-05
0.107	8.70158e-05
0.108	8.83479e-05
0.109	8.96931e-05
0.11	9.10517e-05
0.111	9.24239e-05
0.112	9.38096e-05
0.113	9.52092e-05
0.114	9.66227e-05
0.115	9.80502e-05
0.116	9.94919e-05
0.117	0.000100948
0.118	0.000102419
0.119	0.000103904
0.12	0.000105404
0.121	0.000106919
0.122	0.000108449
0.123	0.000109994
0.124	0.000111555
0.125	0.000113131
0.126	0.000114723
0.127	0.000116331
0.128	0.000117955
0.129	0.000119595
0.13	0.000121252
0.131	0.000122925
0.132	0.000124615
0.133	0.000126322
0.134	0.000128045
0.135	0.000129786
0.136	0.000131545
0.137	0.000133321
0.138	0.000135115
0.139	0.000136927
0.14	0.000138757
0.141	0.000140605
0.142	0.000142472
0.143	0.000144358
0.144	0.000146262
0.145	0.000148186
0.146	0.000150129
0.147	0.000152092
0.148	0.000154074
0.149	0.000156076
0.15	0.000158098
0.151	0.000160141
0.152	0.000162204
0.153	0.000164288
0.154	0.000166392
0.155	0.000168518
0.156	0.000170666
0.157	0.000172835
0.158	0.000175025
0.159	0.000177238
0.16	0.000179473
0.161	0.000181731
0.162	0.000184011
0.163	0.000186314
0.164	0.000188641
0.165	0.000190991
0.166	0.000193364
0.167	0.000195762
0.168	0.000198184
0.169	0.00020063
0.17	0.0002031
0.171	0.000205596
0.172	0.000208117
0.173	0.000210663
0.174	0.000213235
0.175	0.000215833
0.176	0.000218457
0.177	0.000221107
0.178	0.000223784
0.179	0.000226488
0.18	0.00022922
0.181	0.000231979
0.182	0.000234765
0.183	0.00023758
0.184	0.000240423
0.185	0.000243295
0.186	0.000246196
0.187	0.000249126
0.188	0.000252085
0.189	0.000255075
0.19	0.000258094
0.191	0.000261144
0.192	0.000264225
0.193	0.000267337
0.194	0.00027048
0.195	0.000273655
0.196	0.000276862
0.197	0.000280101
0.198	0.000283372
0.199	0.000286677
0.2	0.000290015
0.201	0.000293387
0.202	0.000296792
0.203	0.000300232
0.204	0.000303707
0.205	0.000307216
0.206	0.000310761
0.207	0.000314342
0.208	0.000317958
0.209	0.000321611
0.21	0.000325301
0.211	0.000329028
0.212	0.000332793
0.213	0.000336595
0.214	0.000340436
0.215	0.000344315
0.216	0.000348233
0.217	0.000352191
0.218	0.000356189
0.219	0.000360226
0.22	0.000364305
0.221	0.000368424
0.222	0.000372585
0.223	0.000376788
0.224	0.000381033
0.225	0.000385321
0.226	0.000389651
0.227	0.000394026
0.228	0.000398444
0.229	0.000402907
0.23	0.000407415
0.231	0.000411968
0.232	0.000416566
0.233	0.000421211
0.234	0.000425903
0.235	0.000430642
0.236	0.000435428
0.237	0.000440263
0.238	0.000445146
0.239	0.000450078
0.24	0.00045506
0.241	0.000460092
0.242	0.000465174
0.243	0.000470307
0.244	0.000475492
0.245	0.00048073
0.246	0.000486019
0.247	0.000491362
0.248	0.000496759
0.249	0.000502209
0.25	0.000507715
0.251	0.000513276
0.252	0.000518892
0.253	0.000524565
0.254	0.000530295
0.255	0.000536083
0.256	0.000541929
0.257	0.000547833
0.258	0.000553797
0.259	0.00055982
0.26	0.000565905
0.261	0.00057205
0.262	0.000578257
0.263	0.000584526
0.264	0.000590858
0.265	0.000597254
0.266	0.000603714
0.267	0.000610239
0.268	0.000616829
0.269	0.000623486
0.27	0.000630209
0.271	0.000637
0.272	0.000643859
0.273	0.000650787
0.274	0.000657784
0.275	0.000664852
0.276	0.000671991
0.277	0.000679202
0.278	0.000686484
0.279	0.00069384
0.28	0.00070127
0.281	0.000708775
0.282	0.000716354
0.283	0.00072401
0.284	0.000731743
0.285	0.000739554
0.286	0.000747443
0.287	0.000755411
0.288	0.000763459
0.289	0.000771588
0.29	0.000779798
0.291	0.000788091
0.292	0.000796468
0.293	0.000804928
0.294	0.000813474
0.295	0.000822105
0.296	0.000830823
0.297	0.000839628
0.298	0.000848522
0.299	0.000857505
0.3	0.000866579
0.301	0.000875744
0.302	0.000885
0.303	0.00089435
0.304	0.000903793
0.305	0.000913332
0.306	0.000922966
0.307	0.000932697
0.308	0.000942526
0.309	0.000952454
0.31	0.000962481
0.311	0.000972609
0.312	0.000982839
0.313	0.000993171
0.314	0.00100361
0.315	0.00101415
0.316	0.0010248
0.317	0.00103555
0.318	0.00104641
0.319	0.00105738
0.32	0.00106846
0.321	0.00107966
0.322	0.00109096
0.323	0.00110238
0.324	0.00111392
0.325	0.00112556
0.326	0.00113733
0.327	0.00114922
0.328	0.00116122
0.329	0.00117335
0.33	0.00118559
0.331	0.00119796
0.332	0.00121046
0.333	0.00122308
0.334	0.00123582
0.335	0.0012487
0.336	0.0012617
0.337	0.00127484
0.338	0.0012881
0.339	0.0013015
0.34	0.00131504
0.341	0.00132871
0.342	0.00134252
0.343	0.00135646
0.344	0.00137055
0.345	0.00138478
0.346	0.00139915
0.347	0.00141367
0.348	0.00142833
0.349	0.00144314
0.35	0.0014581
0.351	0.00147321
0.352	0.00148847
0.353	0.00150388
0.354	0.00151945
0.355	0.00153518
0.356	0.00155106
0.357	0.0015671
0.358	0.00158331
0.359	0.00159967
0.36	0.00161621
0.361	0.0016329
0.362	0.00164977
0.363	0.00166681
0.364	0.00168401
0.365	0.00170139
0.366	0.00171895
0.367	0.00173668
0.368	0.00175459
0.369	0.00177268
0.37	0.00179095
0.371	0.0018094
0.372	0.00182804
0.373	0.00184687
0.374	0.00186589
0.375	0.00188509
0.376	0.0019045
0.377	0.00192409
0.378	0.00194389
0.379	0.00196388
0.38	0.00198407
0.381	0.00200447
0.382	0.00202507
0.383	0.00204588
0.384	0.00206689
0.385	0.00208812
0.386	0.00210956
0.387	0.00213122
0.388	0.0021531
0.389	0.00217519
0.39	0.00219751
0.391	0.00222005
0.392	0.00224282
0.393	0.00226582
0.394	0.00228905
0.395	0.00231251
0.396	0.00233621
0.397	0.00236014
0.398	0.00238432
0.399	0.00240874
0.4	0.0024334
0.401	0.00245832
0.402	0.00248348
0.403	0.0025089
0.404	0.00253457
0.405	0.0025605
0.406	0.00258669
0.407	0.00261314
0.408	0.00263986
0.409	0.00266685
0.41	0.00269411
0.411	0.00272165
0.412	0.00274946
0.413	0.00277755
0.414	0.00280592
0.415	0.00283458
0.416	0.00286352
0.417	0.00289276
0.418	0.00292229
0.419	0.00295212
0.42	0.00298224
0.421	0.00301267
0.422	0.00304341
0.423	0.00307445
0.424	0.00310581
0.425	0.00313748
0.426	0.00316947
0.427	0.00320178
0.428	0.00323442
0.429	0.00326739
0.43	0.00330068
0.431	0.00333431
0.432	0.00336828
0.433	0.00340259
0.434	0.00343724
0.435	0.00347225
0.436	0.0035076
0.437	0.00354331
0.438	0.00357938
0.439	0.00361581
0.44	0.00365261
0.441	0.00368978
0.442	0.00372732
0.443	0.00376524
0.444	0.00380354
0.445	0.00384222
0.446	0.00388129
0.447	0.00392076
0.448	0.00396062
0.449	0.00400088
0.45	0.00404155
0.451	0.00408263
0.452	0.00412412
0.453	0.00416602
0.454	0.00420835
0.455	0.0042511
0.456	0.00429429
0.457	0.0043379
0.458	0.00438196
0.459	0.00442645
0.46	0.0044714
0.461	0.00451679
0.462	0.00456265
0.463	0.00460896
0.464	0.00465574
0.465	0.00470299
0.466	0.00475071
0.467	0.00479891
0.468	0.0048476
0.469	0.00489678
0.47	0.00494645
0.471	0.00499662
0.472	0.00504729
0.473	0.00509848
0.474	0.00515017
0.475	0.00520239
0.476	0.00525513
0.477	0.00530841
0.478	0.00536221
0.479	0.00541656
0.48	0.00547146
0.481	0.0055269
0.482	0.00558291
0.483	0.00563947
0.484	0.00569661
0.485	0.00575431
0.486	0.0058126
0.487	0.00587148
0.488	0.00593094
0.489	0.00599101
0.49	0.00605167
0.491	0.00611295
0.492	0.00617484
0.493	0.00623736
0.494	0.0063005
0.495	0.00636428
0.496	0.0064287
0.497	0.00649376
0.498	0.00655948
0.499	0.00662586
0.5	0.00669291
0.501	0.00676063
0.502	0.00682903
0.503	0.00689812
0.504	0.0069679
0.505	0.00703839
0.506	0.00710958
0.507	0.00718149
0.508	0.00725412
0.509	0.00732748
0.51	0.00740158
0.511	0.00747642
0.512	0.00755202
0.513	0.00762837
0.514	0.00770549
0.515	0.00778339
0.516	0.00786207
0.517	0.00794154
0.518	0.00802181
0.519	0.00810288
0.52	0.00818477
0.521	0.00826749
0.522	0.00835103
0.523	0.00843542
0.524	0.00852065
0.525	0.00860674
0.526	0.00869369
0.527	0.00878152
0.528	0.00887023
0.529	0.00895983
0.53	0.00905033
0.531	0.00914175
0.532	0.00923408
0.533	0.00932734
0.534	0.00942153
0.535	0.00951667
0.536	0.00961277
0.537	0.00970984
0.538	0.00980788
0.539	0.0099069
0.54	0.0100069
0.541	0.0101079
0.542	0.01021
0.543	0.0103131
0.544	0.0104172
0.545	0.0105223
0.546	0.0106285
0.547	0.0107358
0.548	0.0108441
0.549	0.0109536
0.55	0.0110641
0.551	0.0111758
0.552	0.0112885
0.553	0.0114024
0.554	0.0115175
0.555	0.0116337
0.556	0.0117511
0.557	0.0118696
0.558	0.0119894
0.559	0.0121103
0.56	0.0122325
0.561	0.0123559
0.562	0.0124805
0.563	0.0126064
0.564	0.0127336
0.565	0.012862
0.566	0.0129917
0.567	0.0131227
0.568	0.0132551
0.569	0.0133887
0.57	0.0135238
0.571	0.0136601
0.572	0.0137979
0.573	0.013937
0.574	0.0140775
0.575	0.0142195
0.576	0.0143628
0.577	0.0145076
0.578	0.0146539
0.579	0.0148016
0.58	0.0149508
0.581	0.0151015
0.582	0.0152538
0.583	0.0154075
0.584	0.0155628
0.585	0.0157197
0.586	0.0158781
0.587	0.0160382
0.588	0.0161998
0.589	0.0163631
0.59	0.016528
0.591	0.0166945
0.592	0.0168628
0.593	0.0170327
0.594	0.0172043
0.595	0.0173777
0.596	0.0175528
0.597	0.0177297
0.598	0.0179083
0.599	0.0180888
0.6	0.018271
0.601	0.0184551
0.602	0.018641
0.603	0.0188288
0.604	0.0190185
0.605	0.0192101
0.606	0.0194036
0.607	0.0195991
0.608	0.0197965
0.609	0.0199959
0.61	0.0201974
0.611	0.0204008
0.612	0.0206063
0.613	0.0208139
0.614	0.0210235
0.615	0.0212352
0.616	0.0214491
0.617	0.0216651
0.618	0.0218833
0.619	0.0221037
0.62	0.0223263
0.621	0.0225512
0.622	0.0227783
0.623	0.0230076
0.624	0.0232393
0.625	0.0234734
0.626	0.0237097
0.627	0.0239485
0.628	0.0241896
0.629	0.0244332
0.63	0.0246792
0.631	0.0249277
0.632	0.0251787
0.633	0.0254322
0.634	0.0256882
0.635	0.0259469
0.636	0.0262081
0.637	0.0264719
0.638	0.0267384
0.639	0.0270076
0.64	0.0272795
0.641	0.0275541
0.642	0.0278315
0.643	0.0281117
0.644	0.0283947
0.645	0.0286805
0.646	0.0289692
0.647	0.0292608
0.648	0.0295553
0.649	0.0298528
0.65	0.0301533
0.651	0.0304568
0.652	0.0307634
0.653	0.031073
0.654	0.0313858
0.655	0.0317017
0.656	0.0320207
0.657	0.032343
0.658	0.0326685
0.659	0.0329973
0.66	0.0333294
0.661	0.0336648
0.662	0.0340036
0.663	0.0343458
0.664	0.0346914
0.665	0.0350405
0.666	0.0353932
0.667	0.0357493
0.668	0.0361091
0.669	0.0364724
0.67	0.0368395
0.671	0.0372102
0.672	0.0375846
0.673	0.0379628
0.674	0.0383448
0.675	0.0387306
0.676	0.0391203
0.677	0.0395139
0.678	0.0399115
0.679	0.0403131
0.68	0.0407187
0.681	0.0411284
0.682	0.0415422
0.683	0.0419601
0.684	0.0423823
0.685	0.0428087
0.686	0.0432394
0.687	0.0436744
0.688	0.0441138
0.689	0.0445576
0.69	0.0450059
0.691	0.0454587
0.692	0.045916
0.693	0.0463779
0.694	0.0468445
0.695	0.0473157
0.696	0.0477917
0.697	0.0482725
0.698	0.0487581
0.699	0.0492486
0.7	0.049744
0.701	0.0502444
0.702	0.0507498
0.703	0.0512603
0.704	0.0517759
0.705	0.0522967
0.706	0.0528228
0.707	0.0533541
0.708	0.0538908
0.709	0.0544329
0.71	0.0549804
0.711	0.0555334
0.712	0.056092
0.713	0.0566562
0.714	0.057226
0.715	0.0578016
0.716	0.058383
0.717	0.0589702
0.718	0.0595633
0.719	0.0601624
0.72	0.0607675
0.721	0.0613787
0.722	0.061996
0.723	0.0626195
0.724	0.0632493
0.725	0.0638854
0.726	0.0645279
0.727	0.0651769
0.728	0.0658324
0.729	0.0664945
0.73	0.0671632
0.731	0.0678387
0.732	0.0685209
0.733	0.06921
0.734	0.0699061
0.735	0.0706091
0.736	0.0713192
0.737	0.0720364
0.738	0.0727608
0.739	0.0734925
0.74	0.0742316
0.741	0.0749781
0.742	0.0757321
0.743	0.0764937
0.744	0.0772629
0.745	0.0780398
0.746	0.0788246
0.747	0.0796173
0.748	0.0804179
0.749	0.0812266
0.75	0.0820434
0.751	0.0828684
0.752	0.0837016
0.753	0.0845433
0.754	0.0853934
0.755	0.0862521
0.756	0.0871194
0.757	0.0879954
0.758	0.0888803
0.759	0.089774
0.76	0.0906767
0.761	0.0915884
0.762	0.0925094
0.763	0.0934396
0.764	0.0943791
0.765	0.0953281
0.766	0.0962866
0.767	0.0972548
0.768	0.0982326
0.769	0.0992203
0.77	0.100218
0.771	0.101226
0.772	0.102243
0.773	0.103271
0.774	0.10431
0.775	0.105359
0.776	0.106418
0.777	0.107488
0.778	0.108569
0.779	0.10966
0.78	0.110763
0.781	0.111876
0.782	0.113001
0.783	0.114137
0.784	0.115285
0.785	0.116444
0.786	0.117615
0.787	0.118797
0.788	0.119992
0.789	0.121198
0.79	0.122417
0.791	0.123647
0.792	0.12489
0.793	0.126146
0.794	0.127414
0.795	0.128695
0.796	0.129989
0.797	0.131296
0.798	0.132616
0.799	0.133949
0.8	0.135296
0.801	0.136656
0.802	0.13803
0.803	0.139418
0.804	0.140819
0.805	0.142235
0.806	0.143665
0.807	0.145109
0.808	0.146568
0.809	0.148042
0.81	0.14953
0.811	0.151033
0.812	0.152552
0.813	0.154085
0.814	0.155634
0.815	0.157199
0.816	0.158779
0.817	0.160375
0.818	0.161988
0.819	0.163616
0.82	0.165261
0.821	0.166922
0.822	0.1686
0.823	0.170295
0.824	0.172007
0.825	0.173736
0.826	0.175483
0.827	0.177247
0.828	0.179029
0.829	0.180829
0.83	0.182646
0.831	0.184482
0.832	0.186337
0.833	0.18821
0.834	0.190102
0.835	0.192013
0.836	0.193943
0.837	0.195893
0.838	0.197862
0.839	0.199851
0.84	0.20186
0.841	0.203889
0.842	0.205939
0.843	0.208009
0.844	0.2101
0.845	0.212212
0.846	0.214345
0.847	0.2165
0.848	0.218676
0.849	0.220875
0.85	0.223095
0.851	0.225337
0.852	0.227603
0.853	0.229891
0.854	0.232201
0.855	0.234536
0.856	0.236893
0.857	0.239274
0.858	0.24168
0.859	0.244109
0.86	0.246563
0.861	0.249041
0.862	0.251545
0.863	0.254073
0.864	0.256627
0.865	0.259207
0.866	0.261812
0.867	0.264444
0.868	0.267102
0.869	0.269787
0.87	0.272499
0.871	0.275238
0.872	0.278005
0.873	0.280799
0.874	0.283622
0.875	0.286472
0.876	0.289352
0.877	0.292261
0.878	0.295198
0.879	0.298165
0.88	0.301163
0.881	0.30419
0.882	0.307247
0.883	0.310336
0.884	0.313455
0.885	0.316606
0.886	0.319788
0.887	0.323003
0.888	0.326249
0.889	0.329529
0.89	0.332841
0.891	0.336186
0.892	0.339566
0.893	0.342979
0.894	0.346426
0.895	0.349908
0.896	0.353425
0.897	0.356978
0.898	0.360566
0.899	0.36419
0.9	0.367851
0.901	0.371548
0.902	0.375283
0.903	0.379055
0.904	0.382865
0.905	0.386713
0.906	0.3906
0.907	0.394526
0.908	0.398492
0.909	0.402497
0.91	0.406543
0.911	0.410629
0.912	0.414756
0.913	0.418925
0.914	0.423136
0.915	0.427389
0.916	0.431685
0.917	0.436024
0.918	0.440406
0.919	0.444833
0.92	0.449304
0.921	0.45382
0.922	0.458381
0.923	0.462989
0.924	0.467642
0.925	0.472343
0.926	0.47709
0.927	0.481885
0.928	0.486729
0.929	0.491621
0.93	0.496562
0.931	0.501553
0.932	0.506595
0.933	0.511686
0.934	0.516829
0.935	0.522024
0.936	0.527271
0.937	0.53257
0.938	0.537923
0.939	0.54333
0.94	0.548791
0.941	0.554307
0.942	0.559878
0.943	0.565506
0.944	0.571189
0.945	0.576931
0.946	0.582729
0.947	0.588586
0.948	0.594502
0.949	0.600477
0.95	0.606513
0.951	0.612609
0.952	0.618766
0.953	0.624985
0.954	0.631267
0.955	0.637612
0.956	0.64402
0.957	0.650493
0.958	0.657031
0.959	0.663635
0.96	0.670305
0.961	0.677042
0.962	0.683847
0.963	0.69072
0.964	0.697663
0.965	0.704675
0.966	0.711757
0.967	0.718911
0.968	0.726137
0.969	0.733435
0.97	0.740807
0.971	0.748252
0.972	0.755773
0.973	0.763369
0.974	0.771041
0.975	0.778791
0.976	0.786618
0.977	0.794524
0.978	0.80251
0.979	0.810576
0.98	0.818723
0.981	0.826951
0.982	0.835263
0.983	0.843658
0.984	0.852137
0.985	0.860702
0.986	0.869352
0.987	0.87809
0.988	0.886915
0.989	0.89583
0.99	0.904833
0.991	0.913927
0.992	0.923113
0.993	0.932391
0.994	0.941762
0.995	0.951227
0.996	0.960788
0.997	0.970444
0.998	0.980198
0.999	0.990049
