# Interpolation data for function: (exp(10*x)-1)/(exp(10)-1)
0	-0.00191572
0.001	-0.00178703
0.002	-0.0016625
0.003	-0.00154205
0.004	-0.0014256
0.005	-0.00131306
0.006	-0.00120436
0.007	-0.00109942
0.008	-0.000998147
0.009	-0.000900478
0.01	-0.000806332
0.011	-0.000715635
0.012	-0.000628311
0.013	-0.000544288
0.014	-0.000463494
0.015	-0.000385857
0.016	-0.000311308
0.017	-0.000239777
0.018	-0.000171196
0.019	-0.000105499
0.02	-4.26177e-05
0.021	1.75116e-05
0.022	7.49536e-05
0.023	0.000129772
0.024	0.000182028
0.025	0.000231785
0.026	0.000279102
0.027	0.000324039
0.028	0.000366655
0.029	0.000407008
0.03	0.000445155
0.031	0.000481152
0.032	0.000515054
0.033	0.000546917
0.034	0.000576792
0.035	0.000604734
0.036	0.000630793
0.037	0.000655022
0.038	0.00067747
0.039	0.000698187
0.04	0.000717222
0.041	0.000734622
0.042	0.000750434
0.043	0.000764706
0.044	0.000777482
0.045	0.000788808
0.046	0.000798727
0.047	0.000807282
0.048	0.000814518
0.049	0.000820474
0.05	0.000825193
0.051	0.000828715
0.052	0.000831079
0.053	0.000832325
0.054	0.000832492
0.055	0.000831616
0.056	0.000829735
0.057	0.000826885
0.058	0.000823102
0.059	0.00081842
0.06	0.000812876
0.061	0.000806501
0.062	0.000799329
0.063	0.000791393
0.064	0.000782725
0.065	0.000773355
0.066	0.000763316
0.067	0.000752635
0.068	0.000741344
0.069	0.000729471
0.07	0.000717045
0.071	0.000704093
0.072	0.000690642
0.073	0.000676719
0.074	0.000662351
0.075	0.000647562
0.076	0.000632378
0.077	0.000616823
0.078	0.000600922
0.079	0.000584697
0.08	0.000568172
0.081	0.00055137
0.082	0.000534311
0.083	0.000517018
0.084	0.000499512
0.085	0.000481812
0.086	0.00046394
0.087	0.000445914
0.088	0.000427754
0.089	0.000409479
0.09	0.000391105
0.091	0.000372653
0.092	0.000354138
0.093	0.000335577
0.094	0.000316987
0.095	0.000298384
0.096	0.000279784
0.097	0.000261201
0.098	0.000242651
0.099	0.000224148
0.1	0.000205706
0.101	0.000187338
0.102	0.000169058
0.103	0.000150879
0.104	0.000132813
0.105	0.000114872
0.106	9.70681e-05
0.107	7.94124e-05
0.108	6.19161e-05
0.109	4.45899e-05
0.11	2.74441e-05
0.111	1.04888e-05
0.112	-6.26645e-06
0.113	-2.28122e-05
0.114	-3.91395e-05
0.115	-5.52395e-05
0.116	-7.11039e-05
0.117	-8.67246e-05
0.118	-0.000102094
0.119	-0.000117204
0.12	-0.000132048
0.121	-0.000146619
0.122	-0.00016091
0.123	-0.000174915
0.124	-0.000188627
0.125	-0.000202042
0.126	-0.000215154
0.127	-0.000227956
0.128	-0.000240445
0.129	-0.000252615
0.13	-0.000264462
0.131	-0.000275982
0.132	-0.00028717
0.133	-0.000298023
0.134	-0.000308538
0.135	-0.00031871
0.136	-0.000328537
0.137	-0.000338016
0.138	-0.000347145
0.139	-0.00035592
0.14	-0.00036434
0.141	-0.000372402
0.142	-0.000380105
0.143	-0.000387447
0.144	-0.000394426
0.145	-0.000401042
0.146	-0.000407293
0.147	-0.000413178
0.148	-0.000418697
0.149	-0.000423849
0.15	-0.000428634
0.151	-0.00043305
0.152	-0.0004371
0.153	-0.000440782
0.154	-0.000444096
0.155	-0.000447044
0.156	-0.000449625
0.157	-0.000451841
0.158	-0.000453692
0.159	-0.00045518
0.16	-0.000456305
0.161	-0.000457069
0.162	-0.000457472
0.163	-0.000457518
0.164	-0.000457207
0.165	-0.000456541
0.166	-0.000455521
0.167	-0.000454151
0.168	-0.000452432
0.169	-0.000450366
0.17	-0.000447956
0.171	-0.000445204
0.172	-0.000442112
0.173	-0.000438684
0.174	-0.000434921
0.175	-0.000430827
0.176	-0.000426405
0.177	-0.000421658
0.178	-0.000416588
0.179	-0.000411199
0.18	-0.000405494
0.181	-0.000399477
0.182	-0.00039315
0.183	-0.000386518
0.184	-0.000379583
0.185	-0.00037235
0.186	-0.000364821
0.187	-0.000357001
0.188	-0.000348894
0.189	-0.000340503
0.19	-0.000331831
0.191	-0.000322884
0.192	-0.000313665
0.193	-0.000304178
0.194	-0.000294426
0.195	-0.000284415
0.196	-0.000274148
0.197	-0.00026363
0.198	-0.000252864
0.199	-0.000241855
0.2	-0.000230607
0.201	-0.000219124
0.202	-0.000207411
0.203	-0.000195472
0.204	-0.000183312
0.205	-0.000170935
0.206	-0.000158344
0.207	-0.000145546
0.208	-0.000132544
0.209	-0.000119342
0.21	-0.000105945
0.211	-9.23575e-05
0.212	-7.85842e-05
0.213	-6.46293e-05
0.214	-5.04974e-05
0.215	-3.6193e-05
0.216	-2.17205e-05
0.217	-7.08441e-06
0.218	7.71075e-06
0.219	2.26605e-05
0.22	3.77604e-05
0.221	5.30059e-05
0.222	6.83926e-05
0.223	8.3916e-05
0.224	9.95718e-05
0.225	0.000115355
0.226	0.000131262
0.227	0.000147289
0.228	0.00016343
0.229	0.000179681
0.23	0.000196038
0.231	0.000212497
0.232	0.000229053
0.233	0.000245703
0.234	0.000262441
0.235	0.000279264
0.236	0.000296168
0.237	0.000313148
0.238	0.0003302
0.239	0.000347321
0.24	0.000364505
0.241	0.00038175
0.242	0.00039905
0.243	0.000416403
0.244	0.000433804
0.245	0.00045125
0.246	0.000468735
0.247	0.000486258
0.248	0.000503814
0.249	0.000521399
0.25	0.000539009
0.251	0.000556642
0.252	0.000574292
0.253	0.000591958
0.254	0.000609635
0.255	0.00062732
0.256	0.00064501
0.257	0.000662701
0.258	0.00068039
0.259	0.000698073
0.26	0.000715749
0.261	0.000733412
0.262	0.000751061
0.263	0.000768692
0.264	0.000786303
0.265	0.00080389
0.266	0.00082145
0.267	0.000838981
0.268	0.000856481
0.269	0.000873945
0.27	0.000891373
0.271	0.00090876
0.272	0.000926105
0.273	0.000943406
0.274	0.000960659
0.275	0.000977863
0.276	0.000995015
0.277	0.00101211
0.278	0.00102915
0.279	0.00104614
0.28	0.00106306
0.281	0.00107992
0.282	0.00109672
0.283	0.00111345
0.284	0.00113012
0.285	0.00114671
0.286	0.00116323
0.287	0.00117969
0.288	0.00119606
0.289	0.00121236
0.29	0.00122859
0.291	0.00124474
0.292	0.00126081
0.293	0.00127679
0.294	0.0012927
0.295	0.00130852
0.296	0.00132426
0.297	0.00133992
0.298	0.00135549
0.299	0.00137097
0.3	0.00138637
0.301	0.00140168
0.302	0.00141691
0.303	0.00143204
0.304	0.00144709
0.305	0.00146204
0.306	0.00147691
0.307	0.00149169
0.308	0.00150638
0.309	0.00152098
0.31	0.00153549
0.311	0.00154991
0.312	0.00156424
0.313	0.00157848
0.314	0.00159264
0.315	0.0016067
0.316	0.00162068
0.317	0.00163457
0.318	0.00164837
0.319	0.00166209
0.32	0.00167572
0.321	0.00168926
0.322	0.00170272
0.323	0.0017161
0.324	0.0017294
0.325	0.00174261
0.326	0.00175575
0.327	0.0017688
0.328	0.00178178
0.329	0.00179469
0.33	0.00180751
0.331	0.00182027
0.332	0.00183295
0.333	0.00184557
0.334	0.00185811
0.335	0.00187059
0.336	0.001883
0.337	0.00189535
0.338	0.00190764
0.339	0.00191986
0.34	0.00193204
0.341	0.00194415
0.342	0.00195621
0.343	0.00196823
0.344	0.00198019
0.345	0.00199211
0.346	0.00200398
0.347	0.00201582
0.348	0.00202761
0.349	0.00203937
0.35	0.0020511
0.351	0.00206279
0.352	0.00207446
0.353	0.0020861
0.354	0.00209772
0.355	0.00210932
0.356	0.00212091
0.357	0.00213248
0.358	0.00214405
0.359	0.00215561
0.36	0.00216716
0.361	0.00217872
0.362	0.00219027
0.363	0.00220184
0.364	0.00221342
0.365	0.00222501
0.366	0.00223662
0.367	0.00224825
0.368	0.0022599
0.369	0.00227159
0.37	0.0022833
0.371	0.00229506
0.372	0.00230685
0.373	0.00231869
0.374	0.00233058
0.375	0.00234253
0.376	0.00235452
0.377	0.00236659
0.378	0.00237871
0.379	0.00239091
0.38	0.00240318
0.381	0.00241553
0.382	0.00242796
0.383	0.00244048
0.384	0.0024531
0.385	0.00246581
0.386	0.00247862
0.387	0.00249153
0.388	0.00250456
0.389	0.00251771
0.39	0.00253097
0.391	0.00254436
0.392	0.00255789
0.393	0.00257154
0.394	0.00258534
0.395	0.00259928
0.396	0.00261338
0.397	0.00262763
0.398	0.00264204
0.399	0.00265662
0.4	0.00267136
0.401	0.00268629
0.402	0.0027014
0.403	0.00271669
0.404	0.00273218
0.405	0.00274787
0.406	0.00276376
0.407	0.00277986
0.408	0.00279618
0.409	0.00281271
0.41	0.00282947
0.411	0.00284647
0.412	0.0028637
0.413	0.00288118
0.414	0.0028989
0.415	0.00291688
0.416	0.00293513
0.417	0.00295364
0.418	0.00297242
0.419	0.00299148
0.42	0.00301082
0.421	0.00303046
0.422	0.00305039
0.423	0.00307063
0.424	0.00309118
0.425	0.00311204
0.426	0.00313322
0.427	0.00315473
0.428	0.00317657
0.429	0.00319876
0.43	0.00322129
0.431	0.00324417
0.432	0.00326741
0.433	0.00329102
0.434	0.003315
0.435	0.00333936
0.436	0.00336411
0.437	0.00338924
0.438	0.00341477
0.439	0.00344071
0.44	0.00346706
0.441	0.00349382
0.442	0.00352101
0.443	0.00354863
0.444	0.00357669
0.445	0.00360519
0.446	0.00363414
0.447	0.00366355
0.448	0.00369343
0.449	0.00372377
0.45	0.00375459
0.451	0.0037859
0.452	0.0038177
0.453	0.00384999
0.454	0.00388279
0.455	0.00391611
0.456	0.00394994
0.457	0.0039843
0.458	0.00401919
0.459	0.00405462
0.46	0.0040906
0.461	0.00412713
0.462	0.00416422
0.463	0.00420188
0.464	0.00424011
0.465	0.00427893
0.466	0.00431834
0.467	0.00435834
0.468	0.00439894
0.469	0.00444016
0.47	0.00448199
0.471	0.00452445
0.472	0.00456754
0.473	0.00461127
0.474	0.00465565
0.475	0.00470068
0.476	0.00474637
0.477	0.00479273
0.478	0.00483977
0.479	0.00488749
0.48	0.0049359
0.481	0.00498501
0.482	0.00503482
0.483	0.00508535
0.484	0.0051366
0.485	0.00518857
0.486	0.00524128
0.487	0.00529473
0.488	0.00534894
0.489	0.0054039
0.49	0.00545962
0.491	0.00551612
0.492	0.0055734
0.493	0.00563147
0.494	0.00569034
0.495	0.00575
0.496	0.00581048
0.497	0.00587178
0.498	0.00593391
0.499	0.00599687
0.5	0.00606067
0.501	0.00612532
0.502	0.00619083
0.503	0.0062572
0.504	0.00632445
0.505	0.00639258
0.506	0.0064616
0.507	0.00653152
0.508	0.00660234
0.509	0.00667408
0.51	0.00674674
0.511	0.00682033
0.512	0.00689485
0.513	0.00697032
0.514	0.00704675
0.515	0.00712413
0.516	0.00720249
0.517	0.00728182
0.518	0.00736215
0.519	0.00744346
0.52	0.00752578
0.521	0.00760911
0.522	0.00769347
0.523	0.00777885
0.524	0.00786526
0.525	0.00795272
0.526	0.00804124
0.527	0.00813082
0.528	0.00822147
0.529	0.0083132
0.53	0.00840602
0.531	0.00849993
0.532	0.00859496
0.533	0.00869109
0.534	0.00878835
0.535	0.00888675
0.536	0.00898628
0.537	0.00908696
0.538	0.00918881
0.539	0.00929182
0.54	0.00939601
0.541	0.00950139
0.542	0.00960796
0.543	0.00971574
0.544	0.00982474
0.545	0.00993495
0.546	0.0100464
0.547	0.0101591
0.548	0.010273
0.549	0.0103883
0.55	0.0105047
0.551	0.0106225
0.552	0.0107416
0.553	0.0108619
0.554	0.0109836
0.555	0.0111066
0.556	0.0112309
0.557	0.0113565
0.558	0.0114836
0.559	0.0116119
0.56	0.0117417
0.561	0.0118728
0.562	0.0120053
0.563	0.0121393
0.564	0.0122746
0.565	0.0124114
0.566	0.0125496
0.567	0.0126892
0.568	0.0128303
0.569	0.0129729
0.57	0.013117
0.571	0.0132625
0.572	0.0134096
0.573	0.0135581
0.574	0.0137082
0.575	0.0138599
0.576	0.014013
0.577	0.0141678
0.578	0.0143241
0.579	0.014482
0.58	0.0146415
0.581	0.0148026
0.582	0.0149653
0.583	0.0151297
0.584	0.0152957
0.585	0.0154633
0.586	0.0156327
0.587	0.0158037
0.588	0.0159764
0.589	0.0161509
0.59	0.016327
0.591	0.0165049
0.592	0.0166846
0.593	0.016866
0.594	0.0170492
0.595	0.0172342
0.596	0.017421
0.597	0.0176096
0.598	0.0178
0.599	0.0179924
0.6	0.0181865
0.601	0.0183826
0.602	0.0185805
0.603	0.0187804
0.604	0.0189822
0.605	0.0191859
0.606	0.0193916
0.607	0.0195993
0.608	0.0198089
0.609	0.0200206
0.61	0.0202343
0.611	0.02045
0.612	0.0206678
0.613	0.0208876
0.614	0.0211095
0.615	0.0213336
0.616	0.0215598
0.617	0.0217881
0.618	0.0220185
0.619	0.0222512
0.62	0.022486
0.621	0.0227231
0.622	0.0229624
0.623	0.0232039
0.624	0.0234478
0.625	0.0236939
0.626	0.0239423
0.627	0.0241931
0.628	0.0244462
0.629	0.0247016
0.63	0.0249595
0.631	0.0252198
0.632	0.0254825
0.633	0.0257477
0.634	0.0260153
0.635	0.0262855
0.636	0.0265582
0.637	0.0268334
0.638	0.0271111
0.639	0.0273915
0.64	0.0276745
0.641	0.0279601
0.642	0.0282484
0.643	0.0285393
0.644	0.028833
0.645	0.0291294
0.646	0.0294285
0.647	0.0297305
0.648	0.0300352
0.649	0.0303428
0.65	0.0306532
0.651	0.0309665
0.652	0.0312828
0.653	0.0316019
0.654	0.0319241
0.655	0.0322492
0.656	0.0325773
0.657	0.0329085
0.658	0.0332428
0.659	0.0335802
0.66	0.0339208
0.661	0.0342644
0.662	0.0346113
0.663	0.0349615
0.664	0.0353149
0.665	0.0356715
0.666	0.0360315
0.667	0.0363949
0.668	0.0367616
0.669	0.0371318
0.67	0.0375054
0.671	0.0378825
0.672	0.0382631
0.673	0.0386473
0.674	0.0390351
0.675	0.0394265
0.676	0.0398216
0.677	0.0402203
0.678	0.0406228
0.679	0.0410291
0.68	0.0414392
0.681	0.0418531
0.682	0.0422709
0.683	0.0426926
0.684	0.0431183
0.685	0.043548
0.686	0.0439818
0.687	0.0444196
0.688	0.0448616
0.689	0.0453077
0.69	0.045758
0.691	0.0462126
0.692	0.0466715
0.693	0.0471348
0.694	0.0476024
0.695	0.0480744
0.696	0.048551
0.697	0.049032
0.698	0.0495176
0.699	0.0500079
0.7	0.0505028
0.701	0.0510024
0.702	0.0515067
0.703	0.0520159
0.704	0.05253
0.705	0.0530489
0.706	0.0535729
0.707	0.0541018
0.708	0.0546358
0.709	0.0551749
0.71	0.0557192
0.711	0.0562687
0.712	0.0568235
0.713	0.0573837
0.714	0.0579492
0.715	0.0585202
0.716	0.0590967
0.717	0.0596788
0.718	0.0602665
0.719	0.0608599
0.72	0.061459
0.721	0.0620639
0.722	0.0626748
0.723	0.0632915
0.724	0.0639142
0.725	0.064543
0.726	0.0651779
0.727	0.0658191
0.728	0.0664664
0.729	0.0671201
0.73	0.0677802
0.731	0.0684467
0.732	0.0691198
0.733	0.0697994
0.734	0.0704858
0.735	0.0711788
0.736	0.0718787
0.737	0.0725855
0.738	0.0732992
0.739	0.07402
0.74	0.0747479
0.741	0.0754829
0.742	0.0762252
0.743	0.0769749
0.744	0.077732
0.745	0.0784966
0.746	0.0792687
0.747	0.0800486
0.748	0.0808361
0.749	0.0816315
0.75	0.0824349
0.751	0.0832462
0.752	0.0840656
0.753	0.0848932
0.754	0.085729
0.755	0.0865732
0.756	0.0874259
0.757	0.088287
0.758	0.0891568
0.759	0.0900353
0.76	0.0909227
0.761	0.0918189
0.762	0.0927241
0.763	0.0936385
0.764	0.094562
0.765	0.0954948
0.766	0.0964371
0.767	0.0973888
0.768	0.0983501
0.769	0.0993212
0.77	0.100302
0.771	0.101293
0.772	0.102294
0.773	0.103305
0.774	0.104326
0.775	0.105357
0.776	0.106399
0.777	0.107452
0.778	0.108515
0.779	0.109589
0.78	0.110674
0.781	0.11177
0.782	0.112877
0.783	0.113996
0.784	0.115125
0.785	0.116267
0.786	0.11742
0.787	0.118585
0.788	0.119761
0.789	0.12095
0.79	0.122151
0.791	0.123364
0.792	0.124589
0.793	0.125827
0.794	0.127078
0.795	0.128342
0.796	0.129618
0.797	0.130908
0.798	0.13221
0.799	0.133527
0.8	0.134856
0.801	0.1362
0.802	0.137557
0.803	0.138928
0.804	0.140313
0.805	0.141712
0.806	0.143126
0.807	0.144555
0.808	0.145998
0.809	0.147455
0.81	0.148928
0.811	0.150416
0.812	0.15192
0.813	0.153439
0.814	0.154973
0.815	0.156523
0.816	0.15809
0.817	0.159672
0.818	0.161271
0.819	0.162886
0.82	0.164518
0.821	0.166167
0.822	0.167833
0.823	0.169516
0.824	0.171216
0.825	0.172934
0.826	0.174669
0.827	0.176423
0.828	0.178195
0.829	0.179984
0.83	0.181793
0.831	0.18362
0.832	0.185466
0.833	0.187331
0.834	0.189215
0.835	0.191119
0.836	0.193042
0.837	0.194985
0.838	0.196948
0.839	0.198932
0.84	0.200936
0.841	0.20296
0.842	0.205006
0.843	0.207072
0.844	0.20916
0.845	0.21127
0.846	0.213401
0.847	0.215554
0.848	0.21773
0.849	0.219927
0.85	0.222148
0.851	0.224391
0.852	0.226658
0.853	0.228947
0.854	0.231261
0.855	0.233598
0.856	0.235959
0.857	0.238345
0.858	0.240755
0.859	0.24319
0.86	0.245649
0.861	0.248135
0.862	0.250645
0.863	0.253182
0.864	0.255744
0.865	0.258333
0.866	0.260949
0.867	0.263591
0.868	0.26626
0.869	0.268957
0.87	0.271681
0.871	0.274433
0.872	0.277214
0.873	0.280023
0.874	0.28286
0.875	0.285727
0.876	0.288623
0.877	0.291548
0.878	0.294504
0.879	0.297489
0.88	0.300505
0.881	0.303552
0.882	0.30663
0.883	0.309739
0.884	0.31288
0.885	0.316053
0.886	0.319258
0.887	0.322496
0.888	0.325767
0.889	0.32907
0.89	0.332408
0.891	0.335779
0.892	0.339185
0.893	0.342625
0.894	0.3461
0.895	0.34961
0.896	0.353155
0.897	0.356737
0.898	0.360354
0.899	0.364008
0.9	0.367699
0.901	0.371428
0.902	0.375194
0.903	0.378998
0.904	0.38284
0.905	0.38672
0.906	0.39064
0.907	0.3946
0.908	0.398599
0.909	0.402638
0.91	0.406717
0.911	0.410838
0.912	0.415
0.913	0.419203
0.914	0.423449
0.915	0.427737
0.916	0.432067
0.917	0.436442
0.918	0.440859
0.919	0.445321
0.92	0.449827
0.921	0.454378
0.922	0.458974
0.923	0.463616
0.924	0.468304
0.925	0.473038
0.926	0.47782
0.927	0.482649
0.928	0.487525
0.929	0.49245
0.93	0.497424
0.931	0.502446
0.932	0.507519
0.933	0.512641
0.934	0.517813
0.935	0.523037
0.936	0.528312
0.937	0.533639
0.938	0.539018
0.939	0.54445
0.94	0.549935
0.941	0.555474
0.942	0.561067
0.943	0.566715
0.944	0.572417
0.945	0.578176
0.946	0.583991
0.947	0.589862
0.948	0.595791
0.949	0.601777
0.95	0.607821
0.951	0.613925
0.952	0.620087
0.953	0.626309
0.954	0.632591
0.955	0.638934
0.956	0.645339
0.957	0.651805
0.958	0.658334
0.959	0.664925
0.96	0.67158
0.961	0.678299
0.962	0.685083
0.963	0.691932
0.964	0.698846
0.965	0.705827
0.966	0.712875
0.967	0.71999
0.968	0.727173
0.969	0.734425
0.97	0.741746
0.971	0.749136
0.972	0.756597
0.973	0.764129
0.974	0.771733
0.975	0.779409
0.976	0.787157
0.977	0.794979
0.978	0.802875
0.979	0.810846
0.98	0.818892
0.981	0.827014
0.982	0.835212
0.983	0.843488
0.984	0.851842
0.985	0.860274
0.986	0.868785
0.987	0.877376
0.988	0.886048
0.989	0.894801
0.99	0.903636
0.991	0.912553
0.992	0.921553
0.993	0.930638
0.994	0.939807
0.995	0.949061
0.996	0.958402
0.997	0.967829
0.998	0.977343
0.999	0.986946
