# Interpolation data for function: (exp(10*x)-1)/(exp(10)-1)
0	1.3465e-06
0.001	1.57382e-06
0.002	1.8255e-06
0.003	2.10049e-06
0.004	2.39775e-06
0.005	2.71631e-06
0.006	3.05521e-06
0.007	3.41358e-06
0.008	3.79054e-06
0.009	4.18529e-06
0.01	4.59704e-06
0.011	5.02506e-06
0.012	5.46864e-06
0.013	5.9271e-06
0.014	6.39982e-06
0.015	6.88619e-06
0.016	7.38564e-06
0.017	7.89761e-06
0.018	8.42161e-06
0.019	8.95714e-06
0.02	9.50374e-06
0.021	1.0061e-05
0.022	1.06285e-05
0.023	1.12058e-05
0.024	1.17927e-05
0.025	1.23887e-05
0.026	1.29936e-05
0.027	1.3607e-05
0.028	1.42287e-05
0.029	1.48585e-05
0.03	1.54961e-05
0.031	1.61413e-05
0.032	1.67938e-05
0.033	1.74536e-05
0.034	1.81205e-05
0.035	1.87942e-05
0.036	1.94748e-05
0.037	2.0162e-05
0.038	2.08558e-05
0.039	2.1556e-05
0.04	2.22626e-05
0.041	2.29756e-05
0.042	2.36948e-05
0.043	2.44202e-05
0.044	2.51519e-05
0.045	2.58897e-05
0.046	2.66337e-05
0.047	2.73838e-05
0.048	2.81402e-05
0.049	2.89027e-05
0.05	2.96714e-05
0.051	3.04463e-05
0.052	3.12276e-05
0.053	3.20151e-05
0.054	3.28091e-05
0.055	3.36095e-05
0.056	3.44163e-05
0.057	3.52298e-05
0.058	3.60499e-05
0.059	3.68767e-05
0.06	3.77104e-05
0.061	3.8551e-05
0.062	3.93985e-05
0.063	4.02532e-05
0.064	4.11151e-05
0.065	4.19843e-05
0.066	4.2861e-05
0.067	4.37452e-05
0.068	4.4637e-05
0.069	4.55367e-05
0.07	4.64442e-05
0.071	4.73598e-05
0.072	4.82836e-05
0.073	4.92156e-05
0.074	5.01561e-05
0.075	5.11051e-05
0.076	5.20628e-05
0.077	5.30294e-05
0.078	5.4005e-05
0.079	5.49896e-05
0.08	5.59836e-05
0.081	5.69869e-05
0.082	5.79998e-05
0.083	5.90224e-05
0.084	6.00548e-05
0.085	6.10972e-05
0.086	6.21498e-05
0.087	6.32126e-05
0.088	6.42859e-05
0.089	6.53698e-05
0.09	6.64645e-05
0.091	6.757e-05
0.092	6.86866e-05
0.093	6.98144e-05
0.094	7.09536e-05
0.095	7.21042e-05
0.096	7.32666e-05
0.097	7.44407e-05
0.098	7.56269e-05
0.099	7.68251e-05
0.1	7.80357e-05
0.101	7.92587e-05
0.102	8.04943e-05
0.103	8.17426e-05
0.104	8.30039e-05
0.105	8.42782e-05
0.106	8.55658e-05
0.107	8.68667e-05
0.108	8.81812e-05
0.109	8.95093e-05
0.11	9.08513e-05
0.111	9.22073e-05
0.112	9.35775e-05
0.113	9.4962e-05
0.114	9.6361e-05
0.115	9.77747e-05
0.116	9.92031e-05
0.117	0.000100646
0.118	0.000102105
0.119	0.000103579
0.12	0.000105068
0.121	0.000106573
0.122	0.000108093
0.123	0.00010963
0.124	0.000111182
0.125	0.000112751
0.126	0.000114337
0.127	0.000115938
0.128	0.000117557
0.129	0.000119192
0.13	0.000120845
0.131	0.000122515
0.132	0.000124202
0.133	0.000125907
0.134	0.000127629
0.135	0.000129369
0.136	0.000131128
0.137	0.000132905
0.138	0.0001347
0.139	0.000136513
0.14	0.000138346
0.141	0.000140197
0.142	0.000142068
0.143	0.000143958
0.144	0.000145867
0.145	0.000147796
0.146	0.000149745
0.147	0.000151714
0.148	0.000153703
0.149	0.000155713
0.15	0.000157743
0.151	0.000159794
0.152	0.000161866
0.153	0.000163959
0.154	0.000166073
0.155	0.000168209
0.156	0.000170367
0.157	0.000172547
0.158	0.000174749
0.159	0.000176973
0.16	0.00017922
0.161	0.00018149
0.162	0.000183782
0.163	0.000186098
0.164	0.000188437
0.165	0.0001908
0.166	0.000193187
0.167	0.000195598
0.168	0.000198033
0.169	0.000200493
0.17	0.000202977
0.171	0.000205487
0.172	0.000208021
0.173	0.000210581
0.174	0.000213167
0.175	0.000215779
0.176	0.000218417
0.177	0.000221082
0.178	0.000223773
0.179	0.000226491
0.18	0.000229236
0.181	0.000232009
0.182	0.000234809
0.183	0.000237637
0.184	0.000240494
0.185	0.000243379
0.186	0.000246293
0.187	0.000249236
0.188	0.000252209
0.189	0.000255211
0.19	0.000258243
0.191	0.000261305
0.192	0.000264397
0.193	0.000267521
0.194	0.000270675
0.195	0.000273861
0.196	0.000277079
0.197	0.000280329
0.198	0.000283611
0.199	0.000286925
0.2	0.000290273
0.201	0.000293654
0.202	0.000297068
0.203	0.000300517
0.204	0.000304
0.205	0.000307517
0.206	0.00031107
0.207	0.000314657
0.208	0.000318281
0.209	0.00032194
0.21	0.000325636
0.211	0.000329369
0.212	0.000333138
0.213	0.000336946
0.214	0.000340791
0.215	0.000344674
0.216	0.000348596
0.217	0.000352557
0.218	0.000356558
0.219	0.000360598
0.22	0.000364678
0.221	0.0003688
0.222	0.000372962
0.223	0.000377165
0.224	0.000381411
0.225	0.000385699
0.226	0.000390029
0.227	0.000394403
0.228	0.00039882
0.229	0.000403281
0.23	0.000407787
0.231	0.000412338
0.232	0.000416934
0.233	0.000421576
0.234	0.000426264
0.235	0.000430999
0.236	0.000435782
0.237	0.000440612
0.238	0.00044549
0.239	0.000450417
0.24	0.000455394
0.241	0.00046042
0.242	0.000465496
0.243	0.000470623
0.244	0.000475802
0.245	0.000481032
0.246	0.000486315
0.247	0.00049165
0.248	0.000497039
0.249	0.000502482
0.25	0.000507979
0.251	0.000513531
0.252	0.000519139
0.253	0.000524803
0.254	0.000530524
0.255	0.000536303
0.256	0.000542139
0.257	0.000548034
0.258	0.000553988
0.259	0.000560001
0.26	0.000566075
0.261	0.00057221
0.262	0.000578407
0.263	0.000584665
0.264	0.000590987
0.265	0.000597372
0.266	0.000603821
0.267	0.000610335
0.268	0.000616915
0.269	0.00062356
0.27	0.000630273
0.271	0.000637053
0.272	0.000643901
0.273	0.000650817
0.274	0.000657804
0.275	0.000664861
0.276	0.000671988
0.277	0.000679188
0.278	0.00068646
0.279	0.000693805
0.28	0.000701224
0.281	0.000708717
0.282	0.000716286
0.283	0.000723932
0.284	0.000731654
0.285	0.000739454
0.286	0.000747332
0.287	0.00075529
0.288	0.000763328
0.289	0.000771447
0.29	0.000779648
0.291	0.000787931
0.292	0.000796298
0.293	0.000804749
0.294	0.000813286
0.295	0.000821908
0.296	0.000830617
0.297	0.000839414
0.298	0.000848299
0.299	0.000857274
0.3	0.00086634
0.301	0.000875497
0.302	0.000884746
0.303	0.000894088
0.304	0.000903525
0.305	0.000913057
0.306	0.000922684
0.307	0.000932409
0.308	0.000942232
0.309	0.000952153
0.31	0.000962175
0.311	0.000972298
0.312	0.000982523
0.313	0.00099285
0.314	0.00100328
0.315	0.00101382
0.316	0.00102446
0.317	0.00103521
0.318	0.00104607
0.319	0.00105704
0.32	0.00106812
0.321	0.00107931
0.322	0.00109061
0.323	0.00110203
0.324	0.00111356
0.325	0.00112521
0.326	0.00113698
0.327	0.00114886
0.328	0.00116086
0.329	0.00117299
0.33	0.00118524
0.331	0.00119761
0.332	0.0012101
0.333	0.00122272
0.334	0.00123547
0.335	0.00124835
0.336	0.00126135
0.337	0.00127449
0.338	0.00128776
0.339	0.00130116
0.34	0.0013147
0.341	0.00132837
0.342	0.00134219
0.343	0.00135614
0.344	0.00137023
0.345	0.00138446
0.346	0.00139884
0.347	0.00141336
0.348	0.00142803
0.349	0.00144284
0.35	0.0014578
0.351	0.00147292
0.352	0.00148819
0.353	0.00150361
0.354	0.00151918
0.355	0.00153491
0.356	0.0015508
0.357	0.00156685
0.358	0.00158307
0.359	0.00159944
0.36	0.00161598
0.361	0.00163269
0.362	0.00164956
0.363	0.0016666
0.364	0.00168382
0.365	0.00170121
0.366	0.00171877
0.367	0.00173651
0.368	0.00175443
0.369	0.00177253
0.37	0.00179081
0.371	0.00180927
0.372	0.00182792
0.373	0.00184676
0.374	0.00186578
0.375	0.001885
0.376	0.00190441
0.377	0.00192402
0.378	0.00194382
0.379	0.00196382
0.38	0.00198402
0.381	0.00200443
0.382	0.00202504
0.383	0.00204586
0.384	0.00206689
0.385	0.00208812
0.386	0.00210958
0.387	0.00213124
0.388	0.00215313
0.389	0.00217523
0.39	0.00219756
0.391	0.00222011
0.392	0.00224289
0.393	0.0022659
0.394	0.00228914
0.395	0.00231261
0.396	0.00233631
0.397	0.00236026
0.398	0.00238444
0.399	0.00240887
0.4	0.00243355
0.401	0.00245847
0.402	0.00248364
0.403	0.00250907
0.404	0.00253475
0.405	0.00256068
0.406	0.00258688
0.407	0.00261335
0.408	0.00264007
0.409	0.00266707
0.41	0.00269434
0.411	0.00272188
0.412	0.00274969
0.413	0.00277779
0.414	0.00280617
0.415	0.00283483
0.416	0.00286379
0.417	0.00289303
0.418	0.00292257
0.419	0.0029524
0.42	0.00298253
0.421	0.00301297
0.422	0.00304371
0.423	0.00307476
0.424	0.00310612
0.425	0.00313779
0.426	0.00316979
0.427	0.0032021
0.428	0.00323474
0.429	0.00326771
0.43	0.00330101
0.431	0.00333464
0.432	0.00336861
0.433	0.00340293
0.434	0.00343758
0.435	0.00347259
0.436	0.00350794
0.437	0.00354366
0.438	0.00357973
0.439	0.00361616
0.44	0.00365296
0.441	0.00369012
0.442	0.00372767
0.443	0.00376558
0.444	0.00380388
0.445	0.00384257
0.446	0.00388164
0.447	0.0039211
0.448	0.00396096
0.449	0.00400123
0.45	0.00404189
0.451	0.00408296
0.452	0.00412445
0.453	0.00416636
0.454	0.00420868
0.455	0.00425143
0.456	0.00429461
0.457	0.00433822
0.458	0.00438227
0.459	0.00442676
0.46	0.0044717
0.461	0.0045171
0.462	0.00456294
0.463	0.00460925
0.464	0.00465602
0.465	0.00470327
0.466	0.00475099
0.467	0.00479918
0.468	0.00484786
0.469	0.00489704
0.47	0.0049467
0.471	0.00499686
0.472	0.00504753
0.473	0.00509871
0.474	0.0051504
0.475	0.00520261
0.476	0.00525534
0.477	0.00530861
0.478	0.00536241
0.479	0.00541675
0.48	0.00547163
0.481	0.00552707
0.482	0.00558307
0.483	0.00563963
0.484	0.00569675
0.485	0.00575445
0.486	0.00581273
0.487	0.0058716
0.488	0.00593105
0.489	0.00599111
0.49	0.00605177
0.491	0.00611303
0.492	0.00617492
0.493	0.00623742
0.494	0.00630056
0.495	0.00636433
0.496	0.00642873
0.497	0.00649379
0.498	0.0065595
0.499	0.00662587
0.5	0.00669291
0.501	0.00676062
0.502	0.00682901
0.503	0.00689809
0.504	0.00696787
0.505	0.00703834
0.506	0.00710952
0.507	0.00718142
0.508	0.00725405
0.509	0.0073274
0.51	0.00740149
0.511	0.00747632
0.512	0.00755191
0.513	0.00762825
0.514	0.00770536
0.515	0.00778325
0.516	0.00786192
0.517	0.00794139
0.518	0.00802165
0.519	0.00810271
0.52	0.0081846
0.521	0.0082673
0.522	0.00835084
0.523	0.00843521
0.524	0.00852044
0.525	0.00860652
0.526	0.00869347
0.527	0.00878129
0.528	0.00886999
0.529	0.00895959
0.53	0.00905008
0.531	0.00914149
0.532	0.00923381
0.533	0.00932707
0.534	0.00942126
0.535	0.00951639
0.536	0.00961249
0.537	0.00970955
0.538	0.00980758
0.539	0.0099066
0.54	0.0100066
0.541	0.0101076
0.542	0.0102097
0.543	0.0103127
0.544	0.0104168
0.545	0.010522
0.546	0.0106282
0.547	0.0107355
0.548	0.0108438
0.549	0.0109532
0.55	0.0110638
0.551	0.0111754
0.552	0.0112882
0.553	0.0114021
0.554	0.0115172
0.555	0.0116334
0.556	0.0117507
0.557	0.0118693
0.558	0.011989
0.559	0.01211
0.56	0.0122321
0.561	0.0123555
0.562	0.0124802
0.563	0.0126061
0.564	0.0127332
0.565	0.0128616
0.566	0.0129914
0.567	0.0131224
0.568	0.0132547
0.569	0.0133884
0.57	0.0135234
0.571	0.0136598
0.572	0.0137975
0.573	0.0139367
0.574	0.0140772
0.575	0.0142191
0.576	0.0143625
0.577	0.0145073
0.578	0.0146536
0.579	0.0148013
0.58	0.0149505
0.581	0.0151013
0.582	0.0152535
0.583	0.0154073
0.584	0.0155626
0.585	0.0157194
0.586	0.0158779
0.587	0.0160379
0.588	0.0161996
0.589	0.0163628
0.59	0.0165278
0.591	0.0166943
0.592	0.0168626
0.593	0.0170325
0.594	0.0172042
0.595	0.0173775
0.596	0.0175526
0.597	0.0177295
0.598	0.0179082
0.599	0.0180886
0.6	0.0182709
0.601	0.018455
0.602	0.0186409
0.603	0.0188287
0.604	0.0190184
0.605	0.01921
0.606	0.0194035
0.607	0.019599
0.608	0.0197965
0.609	0.0199959
0.61	0.0201973
0.611	0.0204008
0.612	0.0206063
0.613	0.0208138
0.614	0.0210235
0.615	0.0212352
0.616	0.0214491
0.617	0.0216652
0.618	0.0218834
0.619	0.0221038
0.62	0.0223264
0.621	0.0225512
0.622	0.0227783
0.623	0.0230077
0.624	0.0232394
0.625	0.0234734
0.626	0.0237098
0.627	0.0239486
0.628	0.0241897
0.629	0.0244333
0.63	0.0246793
0.631	0.0249278
0.632	0.0251788
0.633	0.0254323
0.634	0.0256884
0.635	0.025947
0.636	0.0262083
0.637	0.0264721
0.638	0.0267387
0.639	0.0270078
0.64	0.0272797
0.641	0.0275544
0.642	0.0278318
0.643	0.0281119
0.644	0.0283949
0.645	0.0286808
0.646	0.0289695
0.647	0.0292611
0.648	0.0295556
0.649	0.0298531
0.65	0.0301536
0.651	0.0304571
0.652	0.0307637
0.653	0.0310733
0.654	0.0313861
0.655	0.031702
0.656	0.032021
0.657	0.0323433
0.658	0.0326688
0.659	0.0329976
0.66	0.0333297
0.661	0.0336651
0.662	0.0340039
0.663	0.0343461
0.664	0.0346918
0.665	0.0350409
0.666	0.0353935
0.667	0.0357497
0.668	0.0361094
0.669	0.0364728
0.67	0.0368398
0.671	0.0372105
0.672	0.0375849
0.673	0.0379631
0.674	0.0383451
0.675	0.0387309
0.676	0.0391206
0.677	0.0395143
0.678	0.0399118
0.679	0.0403134
0.68	0.040719
0.681	0.0411287
0.682	0.0415425
0.683	0.0419605
0.684	0.0423826
0.685	0.042809
0.686	0.0432397
0.687	0.0436747
0.688	0.0441141
0.689	0.0445579
0.69	0.0450062
0.691	0.045459
0.692	0.0459163
0.693	0.0463782
0.694	0.0468448
0.695	0.047316
0.696	0.047792
0.697	0.0482727
0.698	0.0487583
0.699	0.0492488
0.7	0.0497442
0.701	0.0502446
0.702	0.05075
0.703	0.0512605
0.704	0.0517761
0.705	0.0522969
0.706	0.052823
0.707	0.0533543
0.708	0.053891
0.709	0.054433
0.71	0.0549805
0.711	0.0555335
0.712	0.0560921
0.713	0.0566563
0.714	0.0572261
0.715	0.0578017
0.716	0.0583831
0.717	0.0589703
0.718	0.0595634
0.719	0.0601624
0.72	0.0607675
0.721	0.0613787
0.722	0.061996
0.723	0.0626195
0.724	0.0632493
0.725	0.0638854
0.726	0.0645279
0.727	0.0651769
0.728	0.0658324
0.729	0.0664944
0.73	0.0671632
0.731	0.0678386
0.732	0.0685208
0.733	0.0692099
0.734	0.0699059
0.735	0.070609
0.736	0.071319
0.737	0.0720362
0.738	0.0727607
0.739	0.0734924
0.74	0.0742314
0.741	0.0749779
0.742	0.0757319
0.743	0.0764935
0.744	0.0772627
0.745	0.0780396
0.746	0.0788244
0.747	0.079617
0.748	0.0804176
0.749	0.0812263
0.75	0.0820431
0.751	0.0828681
0.752	0.0837014
0.753	0.084543
0.754	0.0853932
0.755	0.0862518
0.756	0.0871191
0.757	0.0879951
0.758	0.0888799
0.759	0.0897736
0.76	0.0906763
0.761	0.0915881
0.762	0.092509
0.763	0.0934392
0.764	0.0943787
0.765	0.0953277
0.766	0.0962862
0.767	0.0972544
0.768	0.0982323
0.769	0.09922
0.77	0.100218
0.771	0.101225
0.772	0.102243
0.773	0.103271
0.774	0.104309
0.775	0.105358
0.776	0.106418
0.777	0.107487
0.778	0.108568
0.779	0.10966
0.78	0.110762
0.781	0.111876
0.782	0.113001
0.783	0.114137
0.784	0.115285
0.785	0.116444
0.786	0.117614
0.787	0.118797
0.788	0.119991
0.789	0.121198
0.79	0.122416
0.791	0.123647
0.792	0.12489
0.793	0.126146
0.794	0.127414
0.795	0.128695
0.796	0.129989
0.797	0.131296
0.798	0.132616
0.799	0.133949
0.8	0.135296
0.801	0.136656
0.802	0.13803
0.803	0.139417
0.804	0.140819
0.805	0.142235
0.806	0.143665
0.807	0.145109
0.808	0.146568
0.809	0.148041
0.81	0.14953
0.811	0.151033
0.812	0.152551
0.813	0.154085
0.814	0.155634
0.815	0.157199
0.816	0.158779
0.817	0.160375
0.818	0.161988
0.819	0.163616
0.82	0.165261
0.821	0.166922
0.822	0.1686
0.823	0.170295
0.824	0.172007
0.825	0.173736
0.826	0.175483
0.827	0.177247
0.828	0.179029
0.829	0.180829
0.83	0.182646
0.831	0.184483
0.832	0.186337
0.833	0.18821
0.834	0.190102
0.835	0.192013
0.836	0.193944
0.837	0.195893
0.838	0.197862
0.839	0.199852
0.84	0.201861
0.841	0.20389
0.842	0.205939
0.843	0.20801
0.844	0.2101
0.845	0.212213
0.846	0.214346
0.847	0.2165
0.848	0.218677
0.849	0.220875
0.85	0.223095
0.851	0.225338
0.852	0.227603
0.853	0.229891
0.854	0.232202
0.855	0.234536
0.856	0.236894
0.857	0.239275
0.858	0.24168
0.859	0.244109
0.86	0.246563
0.861	0.249042
0.862	0.251545
0.863	0.254074
0.864	0.256627
0.865	0.259207
0.866	0.261813
0.867	0.264444
0.868	0.267103
0.869	0.269787
0.87	0.272499
0.871	0.275238
0.872	0.278005
0.873	0.280799
0.874	0.283622
0.875	0.286473
0.876	0.289352
0.877	0.292261
0.878	0.295199
0.879	0.298166
0.88	0.301163
0.881	0.30419
0.882	0.307248
0.883	0.310336
0.884	0.313455
0.885	0.316606
0.886	0.319788
0.887	0.323003
0.888	0.32625
0.889	0.329529
0.89	0.332841
0.891	0.336187
0.892	0.339566
0.893	0.342979
0.894	0.346426
0.895	0.349908
0.896	0.353425
0.897	0.356978
0.898	0.360566
0.899	0.36419
0.9	0.367851
0.901	0.371548
0.902	0.375283
0.903	0.379055
0.904	0.382865
0.905	0.386713
0.906	0.3906
0.907	0.394526
0.908	0.398492
0.909	0.402497
0.91	0.406543
0.911	0.410629
0.912	0.414756
0.913	0.418925
0.914	0.423136
0.915	0.427389
0.916	0.431684
0.917	0.436023
0.918	0.440406
0.919	0.444832
0.92	0.449304
0.921	0.45382
0.922	0.458381
0.923	0.462988
0.924	0.467642
0.925	0.472342
0.926	0.47709
0.927	0.481885
0.928	0.486728
0.929	0.491621
0.93	0.496562
0.931	0.501553
0.932	0.506594
0.933	0.511686
0.934	0.516829
0.935	0.522024
0.936	0.52727
0.937	0.53257
0.938	0.537923
0.939	0.54333
0.94	0.548791
0.941	0.554306
0.942	0.559878
0.943	0.565505
0.944	0.571189
0.945	0.57693
0.946	0.582729
0.947	0.588586
0.948	0.594502
0.949	0.600477
0.95	0.606512
0.951	0.612608
0.952	0.618766
0.953	0.624985
0.954	0.631267
0.955	0.637611
0.956	0.64402
0.957	0.650493
0.958	0.657031
0.959	0.663635
0.96	0.670305
0.961	0.677042
0.962	0.683847
0.963	0.69072
0.964	0.697663
0.965	0.704675
0.966	0.711758
0.967	0.718911
0.968	0.726137
0.969	0.733435
0.97	0.740807
0.971	0.748253
0.972	0.755773
0.973	0.763369
0.974	0.771042
0.975	0.778791
0.976	0.786619
0.977	0.794525
0.978	0.802511
0.979	0.810576
0.98	0.818723
0.981	0.826952
0.982	0.835264
0.983	0.843658
0.984	0.852138
0.985	0.860702
0.986	0.869353
0.987	0.87809
0.988	0.886916
0.989	0.89583
0.99	0.904833
0.991	0.913927
0.992	0.923113
0.993	0.932391
0.994	0.941762
0.995	0.951227
0.996	0.960787
0.997	0.970443
0.998	0.980197
0.999	0.990048
