# Interpolation data for function: (exp(10*x)-1)/(exp(10)-1)
0	-0.000138891
0.001	-0.000124105
0.002	-0.00011005
0.003	-9.66997e-05
0.004	-8.40314e-05
0.005	-7.2022e-05
0.006	-6.0649e-05
0.007	-4.98905e-05
0.008	-3.9725e-05
0.009	-3.01316e-05
0.01	-2.10899e-05
0.011	-1.258e-05
0.012	-4.58235e-06
0.013	2.92198e-06
0.014	9.95151e-06
0.015	1.65243e-05
0.016	2.2658e-05
0.017	2.83698e-05
0.018	3.36763e-05
0.019	3.85941e-05
0.02	4.31388e-05
0.021	4.73261e-05
0.022	5.11709e-05
0.023	5.46881e-05
0.024	5.78919e-05
0.025	6.07963e-05
0.026	6.34148e-05
0.027	6.57606e-05
0.028	6.78465e-05
0.029	6.9685e-05
0.03	7.12882e-05
0.031	7.26679e-05
0.032	7.38356e-05
0.033	7.48025e-05
0.034	7.55792e-05
0.035	7.61763e-05
0.036	7.66041e-05
0.037	7.68723e-05
0.038	7.69905e-05
0.039	7.69682e-05
0.04	7.68142e-05
0.041	7.65373e-05
0.042	7.6146e-05
0.043	7.56485e-05
0.044	7.50527e-05
0.045	7.43662e-05
0.046	7.35966e-05
0.047	7.2751e-05
0.048	7.18362e-05
0.049	7.08591e-05
0.05	6.98261e-05
0.051	6.87435e-05
0.052	6.76172e-05
0.053	6.64531e-05
0.054	6.52568e-05
0.055	6.40336e-05
0.056	6.27889e-05
0.057	6.15275e-05
0.058	6.02543e-05
0.059	5.89738e-05
0.06	5.76906e-05
0.061	5.64089e-05
0.062	5.51327e-05
0.063	5.38659e-05
0.064	5.26124e-05
0.065	5.13756e-05
0.066	5.0159e-05
0.067	4.89658e-05
0.068	4.77992e-05
0.069	4.66621e-05
0.07	4.55574e-05
0.071	4.44876e-05
0.072	4.34555e-05
0.073	4.24633e-05
0.074	4.15133e-05
0.075	4.06078e-05
0.076	3.97487e-05
0.077	3.8938e-05
0.078	3.81774e-05
0.079	3.74687e-05
0.08	3.68134e-05
0.081	3.6213e-05
0.082	3.56688e-05
0.083	3.51821e-05
0.084	3.47542e-05
0.085	3.4386e-05
0.086	3.40786e-05
0.087	3.38328e-05
0.088	3.36494e-05
0.089	3.35293e-05
0.09	3.34729e-05
0.091	3.3481e-05
0.092	3.35539e-05
0.093	3.36921e-05
0.094	3.3896e-05
0.095	3.41658e-05
0.096	3.45017e-05
0.097	3.4904e-05
0.098	3.53726e-05
0.099	3.59076e-05
0.1	3.6509e-05
0.101	3.71768e-05
0.102	3.79107e-05
0.103	3.87106e-05
0.104	3.95763e-05
0.105	4.05074e-05
0.106	4.15038e-05
0.107	4.25649e-05
0.108	4.36905e-05
0.109	4.488e-05
0.11	4.6133e-05
0.111	4.7449e-05
0.112	4.88274e-05
0.113	5.02677e-05
0.114	5.17692e-05
0.115	5.33313e-05
0.116	5.49534e-05
0.117	5.66347e-05
0.118	5.83746e-05
0.119	6.01723e-05
0.12	6.2027e-05
0.121	6.39381e-05
0.122	6.59046e-05
0.123	6.79258e-05
0.124	7.00009e-05
0.125	7.21291e-05
0.126	7.43094e-05
0.127	7.65411e-05
0.128	7.88232e-05
0.129	8.11549e-05
0.13	8.35353e-05
0.131	8.59635e-05
0.132	8.84386e-05
0.133	9.09596e-05
0.134	9.35258e-05
0.135	9.61362e-05
0.136	9.87898e-05
0.137	0.000101486
0.138	0.000104223
0.139	0.000107001
0.14	0.000109819
0.141	0.000112675
0.142	0.000115569
0.143	0.0001185
0.144	0.000121467
0.145	0.000124469
0.146	0.000127506
0.147	0.000130576
0.148	0.000133678
0.149	0.000136812
0.15	0.000139977
0.151	0.000143172
0.152	0.000146396
0.153	0.000149648
0.154	0.000152928
0.155	0.000156235
0.156	0.000159568
0.157	0.000162926
0.158	0.000166308
0.159	0.000169714
0.16	0.000173143
0.161	0.000176595
0.162	0.000180068
0.163	0.000183562
0.164	0.000187076
0.165	0.000190611
0.166	0.000194164
0.167	0.000197735
0.168	0.000201325
0.169	0.000204931
0.17	0.000208555
0.171	0.000212194
0.172	0.000215849
0.173	0.00021952
0.174	0.000223205
0.175	0.000226904
0.176	0.000230618
0.177	0.000234344
0.178	0.000238084
0.179	0.000241836
0.18	0.000245601
0.181	0.000249377
0.182	0.000253165
0.183	0.000256964
0.184	0.000260775
0.185	0.000264596
0.186	0.000268428
0.187	0.00027227
0.188	0.000276122
0.189	0.000279985
0.19	0.000283857
0.191	0.000287739
0.192	0.00029163
0.193	0.000295531
0.194	0.000299442
0.195	0.000303362
0.196	0.000307291
0.197	0.00031123
0.198	0.000315178
0.199	0.000319135
0.2	0.000323102
0.201	0.000327079
0.202	0.000331065
0.203	0.000335062
0.204	0.000339068
0.205	0.000343084
0.206	0.000347111
0.207	0.000351148
0.208	0.000355197
0.209	0.000359256
0.21	0.000363326
0.211	0.000367408
0.212	0.000371502
0.213	0.000375608
0.214	0.000379726
0.215	0.000383858
0.216	0.000388003
0.217	0.000392161
0.218	0.000396334
0.219	0.000400521
0.22	0.000404723
0.221	0.000408941
0.222	0.000413175
0.223	0.000417425
0.224	0.000421692
0.225	0.000425977
0.226	0.00043028
0.227	0.000434602
0.228	0.000438943
0.229	0.000443305
0.23	0.000447686
0.231	0.00045209
0.232	0.000456515
0.233	0.000460962
0.234	0.000465433
0.235	0.000469928
0.236	0.000474448
0.237	0.000478993
0.238	0.000483565
0.239	0.000488163
0.24	0.00049279
0.241	0.000497445
0.242	0.00050213
0.243	0.000506845
0.244	0.000511591
0.245	0.000516369
0.246	0.00052118
0.247	0.000526025
0.248	0.000530904
0.249	0.000535819
0.25	0.000540771
0.251	0.00054576
0.252	0.000550788
0.253	0.000555855
0.254	0.000560962
0.255	0.000566111
0.256	0.000571302
0.257	0.000576537
0.258	0.000581815
0.259	0.00058714
0.26	0.000592511
0.261	0.000597929
0.262	0.000603396
0.263	0.000608913
0.264	0.00061448
0.265	0.000620099
0.266	0.000625771
0.267	0.000631498
0.268	0.000637279
0.269	0.000643117
0.27	0.000649012
0.271	0.000654966
0.272	0.000660979
0.273	0.000667054
0.274	0.000673191
0.275	0.000679391
0.276	0.000685655
0.277	0.000691985
0.278	0.000698382
0.279	0.000704847
0.28	0.000711381
0.281	0.000717986
0.282	0.000724663
0.283	0.000731412
0.284	0.000738236
0.285	0.000745136
0.286	0.000752112
0.287	0.000759166
0.288	0.000766299
0.289	0.000773513
0.29	0.000780809
0.291	0.000788188
0.292	0.000795651
0.293	0.0008032
0.294	0.000810836
0.295	0.00081856
0.296	0.000826374
0.297	0.000834279
0.298	0.000842277
0.299	0.000850368
0.3	0.000858553
0.301	0.000866835
0.302	0.000875215
0.303	0.000883694
0.304	0.000892273
0.305	0.000900953
0.306	0.000909737
0.307	0.000918625
0.308	0.000927619
0.309	0.00093672
0.31	0.00094593
0.311	0.000955249
0.312	0.00096468
0.313	0.000974223
0.314	0.000983881
0.315	0.000993654
0.316	0.00100354
0.317	0.00101355
0.318	0.00102368
0.319	0.00103393
0.32	0.0010443
0.321	0.0010548
0.322	0.00106542
0.323	0.00107616
0.324	0.00108704
0.325	0.00109804
0.326	0.00110918
0.327	0.00112045
0.328	0.00113185
0.329	0.00114339
0.33	0.00115507
0.331	0.00116688
0.332	0.00117884
0.333	0.00119093
0.334	0.00120317
0.335	0.00121555
0.336	0.00122808
0.337	0.00124075
0.338	0.00125358
0.339	0.00126655
0.34	0.00127968
0.341	0.00129296
0.342	0.00130639
0.343	0.00131998
0.344	0.00133373
0.345	0.00134764
0.346	0.00136171
0.347	0.00137594
0.348	0.00139033
0.349	0.00140489
0.35	0.00141962
0.351	0.00143452
0.352	0.00144958
0.353	0.00146482
0.354	0.00148024
0.355	0.00149582
0.356	0.00151159
0.357	0.00152753
0.358	0.00154365
0.359	0.00155995
0.36	0.00157644
0.361	0.00159311
0.362	0.00160997
0.363	0.00162702
0.364	0.00164425
0.365	0.00166168
0.366	0.0016793
0.367	0.00169712
0.368	0.00171513
0.369	0.00173334
0.37	0.00175175
0.371	0.00177037
0.372	0.00178918
0.373	0.0018082
0.374	0.00182743
0.375	0.00184687
0.376	0.00186652
0.377	0.00188638
0.378	0.00190645
0.379	0.00192674
0.38	0.00194725
0.381	0.00196798
0.382	0.00198893
0.383	0.0020101
0.384	0.0020315
0.385	0.00205313
0.386	0.00207498
0.387	0.00209707
0.388	0.00211939
0.389	0.00214195
0.39	0.00216474
0.391	0.00218777
0.392	0.00221104
0.393	0.00223456
0.394	0.00225832
0.395	0.00228233
0.396	0.00230659
0.397	0.0023311
0.398	0.00235586
0.399	0.00238088
0.4	0.00240616
0.401	0.0024317
0.402	0.0024575
0.403	0.00248356
0.404	0.0025099
0.405	0.0025365
0.406	0.00256337
0.407	0.00259051
0.408	0.00261794
0.409	0.00264564
0.41	0.00267362
0.411	0.00270188
0.412	0.00273043
0.413	0.00275927
0.414	0.0027884
0.415	0.00281782
0.416	0.00284754
0.417	0.00287756
0.418	0.00290787
0.419	0.00293849
0.42	0.00296942
0.421	0.00300065
0.422	0.0030322
0.423	0.00306406
0.424	0.00309624
0.425	0.00312873
0.426	0.00316155
0.427	0.00319469
0.428	0.00322817
0.429	0.00326197
0.43	0.00329611
0.431	0.00333058
0.432	0.00336539
0.433	0.00340055
0.434	0.00343605
0.435	0.00347191
0.436	0.00350811
0.437	0.00354467
0.438	0.00358159
0.439	0.00361887
0.44	0.00365651
0.441	0.00369452
0.442	0.00373291
0.443	0.00377167
0.444	0.00381081
0.445	0.00385033
0.446	0.00389023
0.447	0.00393053
0.448	0.00397122
0.449	0.0040123
0.45	0.00405378
0.451	0.00409567
0.452	0.00413797
0.453	0.00418067
0.454	0.0042238
0.455	0.00426734
0.456	0.0043113
0.457	0.00435569
0.458	0.00440051
0.459	0.00444577
0.46	0.00449146
0.461	0.0045376
0.462	0.00458419
0.463	0.00463123
0.464	0.00467872
0.465	0.00472668
0.466	0.0047751
0.467	0.00482398
0.468	0.00487335
0.469	0.00492319
0.47	0.00497351
0.471	0.00502432
0.472	0.00507563
0.473	0.00512743
0.474	0.00517973
0.475	0.00523255
0.476	0.00528587
0.477	0.00533971
0.478	0.00539407
0.479	0.00544896
0.48	0.00550438
0.481	0.00556034
0.482	0.00561684
0.483	0.00567389
0.484	0.0057315
0.485	0.00578966
0.486	0.00584839
0.487	0.00590769
0.488	0.00596756
0.489	0.00602802
0.49	0.00608907
0.491	0.00615071
0.492	0.00621294
0.493	0.00627579
0.494	0.00633924
0.495	0.00640332
0.496	0.00646801
0.497	0.00653334
0.498	0.00659931
0.499	0.00666592
0.5	0.00673317
0.501	0.00680109
0.502	0.00686967
0.503	0.00693891
0.504	0.00700884
0.505	0.00707945
0.506	0.00715074
0.507	0.00722274
0.508	0.00729544
0.509	0.00736885
0.51	0.00744298
0.511	0.00751784
0.512	0.00759343
0.513	0.00766977
0.514	0.00774685
0.515	0.00782469
0.516	0.0079033
0.517	0.00798267
0.518	0.00806283
0.519	0.00814378
0.52	0.00822552
0.521	0.00830807
0.522	0.00839143
0.523	0.00847561
0.524	0.00856063
0.525	0.00864648
0.526	0.00873318
0.527	0.00882073
0.528	0.00890916
0.529	0.00899845
0.53	0.00908863
0.531	0.0091797
0.532	0.00927167
0.533	0.00936456
0.534	0.00945836
0.535	0.00955309
0.536	0.00964877
0.537	0.00974539
0.538	0.00984297
0.539	0.00994152
0.54	0.0100411
0.541	0.0101416
0.542	0.0102431
0.543	0.0103456
0.544	0.0104492
0.545	0.0105538
0.546	0.0106594
0.547	0.0107661
0.548	0.0108738
0.549	0.0109826
0.55	0.0110925
0.551	0.0112035
0.552	0.0113156
0.553	0.0114289
0.554	0.0115432
0.555	0.0116587
0.556	0.0117754
0.557	0.0118932
0.558	0.0120122
0.559	0.0121324
0.56	0.0122538
0.561	0.0123765
0.562	0.0125003
0.563	0.0126254
0.564	0.0127518
0.565	0.0128794
0.566	0.0130083
0.567	0.0131385
0.568	0.01327
0.569	0.0134028
0.57	0.013537
0.571	0.0136725
0.572	0.0138094
0.573	0.0139476
0.574	0.0140873
0.575	0.0142283
0.576	0.0143708
0.577	0.0145147
0.578	0.0146601
0.579	0.0148069
0.58	0.0149552
0.581	0.015105
0.582	0.0152563
0.583	0.0154092
0.584	0.0155636
0.585	0.0157195
0.586	0.015877
0.587	0.0160361
0.588	0.0161969
0.589	0.0163592
0.59	0.0165232
0.591	0.0166888
0.592	0.0168562
0.593	0.0170252
0.594	0.0171959
0.595	0.0173683
0.596	0.0175425
0.597	0.0177185
0.598	0.0178962
0.599	0.0180758
0.6	0.0182571
0.601	0.0184403
0.602	0.0186254
0.603	0.0188123
0.604	0.0190011
0.605	0.0191918
0.606	0.0193845
0.607	0.0195791
0.608	0.0197757
0.609	0.0199742
0.61	0.0201748
0.611	0.0203774
0.612	0.0205821
0.613	0.0207889
0.614	0.0209977
0.615	0.0212087
0.616	0.0214218
0.617	0.0216371
0.618	0.0218545
0.619	0.0220741
0.62	0.022296
0.621	0.0225202
0.622	0.0227466
0.623	0.0229753
0.624	0.0232063
0.625	0.0234396
0.626	0.0236754
0.627	0.0239135
0.628	0.024154
0.629	0.024397
0.63	0.0246424
0.631	0.0248903
0.632	0.0251408
0.633	0.0253937
0.634	0.0256493
0.635	0.0259074
0.636	0.0261682
0.637	0.0264316
0.638	0.0266976
0.639	0.0269664
0.64	0.0272379
0.641	0.0275121
0.642	0.0277891
0.643	0.0280689
0.644	0.0283516
0.645	0.0286371
0.646	0.0289255
0.647	0.0292169
0.648	0.0295111
0.649	0.0298084
0.65	0.0301087
0.651	0.030412
0.652	0.0307184
0.653	0.0310279
0.654	0.0313405
0.655	0.0316563
0.656	0.0319753
0.657	0.0322975
0.658	0.032623
0.659	0.0329518
0.66	0.0332839
0.661	0.0336194
0.662	0.0339582
0.663	0.0343005
0.664	0.0346462
0.665	0.0349955
0.666	0.0353483
0.667	0.0357046
0.668	0.0360645
0.669	0.0364281
0.67	0.0367954
0.671	0.0371663
0.672	0.037541
0.673	0.0379195
0.674	0.0383019
0.675	0.0386881
0.676	0.0390781
0.677	0.0394722
0.678	0.0398702
0.679	0.0402722
0.68	0.0406783
0.681	0.0410884
0.682	0.0415028
0.683	0.0419212
0.684	0.042344
0.685	0.0427709
0.686	0.0432022
0.687	0.0436379
0.688	0.0440779
0.689	0.0445224
0.69	0.0449713
0.691	0.0454248
0.692	0.0458828
0.693	0.0463455
0.694	0.0468128
0.695	0.0472848
0.696	0.0477616
0.697	0.0482432
0.698	0.0487296
0.699	0.049221
0.7	0.0497172
0.701	0.0502185
0.702	0.0507248
0.703	0.0512362
0.704	0.0517528
0.705	0.0522746
0.706	0.0528016
0.707	0.0533339
0.708	0.0538715
0.709	0.0544146
0.71	0.0549631
0.711	0.0555172
0.712	0.0560768
0.713	0.056642
0.714	0.0572129
0.715	0.0577896
0.716	0.0583721
0.717	0.0589604
0.718	0.0595546
0.719	0.0601548
0.72	0.060761
0.721	0.0613733
0.722	0.0619917
0.723	0.0626164
0.724	0.0632473
0.725	0.0638846
0.726	0.0645282
0.727	0.0651784
0.728	0.065835
0.729	0.0664983
0.73	0.0671682
0.731	0.0678448
0.732	0.0685282
0.733	0.0692185
0.734	0.0699156
0.735	0.0706198
0.736	0.0713311
0.737	0.0720495
0.738	0.072775
0.739	0.0735079
0.74	0.0742481
0.741	0.0749957
0.742	0.0757509
0.743	0.0765136
0.744	0.0772839
0.745	0.078062
0.746	0.0788478
0.747	0.0796416
0.748	0.0804433
0.749	0.081253
0.75	0.0820709
0.751	0.0828969
0.752	0.0837313
0.753	0.0845739
0.754	0.0854251
0.755	0.0862847
0.756	0.087153
0.757	0.08803
0.758	0.0889157
0.759	0.0898104
0.76	0.090714
0.761	0.0916266
0.762	0.0925484
0.763	0.0934795
0.764	0.0944198
0.765	0.0953696
0.766	0.0963289
0.767	0.0972978
0.768	0.0982764
0.769	0.0992648
0.77	0.100263
0.771	0.101271
0.772	0.10229
0.773	0.103318
0.774	0.104357
0.775	0.105407
0.776	0.106467
0.777	0.107537
0.778	0.108618
0.779	0.10971
0.78	0.110813
0.781	0.111927
0.782	0.113052
0.783	0.114189
0.784	0.115337
0.785	0.116496
0.786	0.117667
0.787	0.118849
0.788	0.120044
0.789	0.12125
0.79	0.122469
0.791	0.1237
0.792	0.124943
0.793	0.126199
0.794	0.127467
0.795	0.128748
0.796	0.130041
0.797	0.131348
0.798	0.132668
0.799	0.134001
0.8	0.135347
0.801	0.136707
0.802	0.13808
0.803	0.139468
0.804	0.140869
0.805	0.142284
0.806	0.143713
0.807	0.145157
0.808	0.146615
0.809	0.148088
0.81	0.149576
0.811	0.151078
0.812	0.152596
0.813	0.154129
0.814	0.155677
0.815	0.157241
0.816	0.15882
0.817	0.160416
0.818	0.162027
0.819	0.163654
0.82	0.165298
0.821	0.166958
0.822	0.168635
0.823	0.170329
0.824	0.17204
0.825	0.173768
0.826	0.175513
0.827	0.177276
0.828	0.179056
0.829	0.180855
0.83	0.182671
0.831	0.184506
0.832	0.186359
0.833	0.188231
0.834	0.190121
0.835	0.192031
0.836	0.19396
0.837	0.195908
0.838	0.197875
0.839	0.199863
0.84	0.20187
0.841	0.203898
0.842	0.205946
0.843	0.208014
0.844	0.210103
0.845	0.212214
0.846	0.214345
0.847	0.216498
0.848	0.218673
0.849	0.220869
0.85	0.223088
0.851	0.225329
0.852	0.227592
0.853	0.229878
0.854	0.232187
0.855	0.23452
0.856	0.236876
0.857	0.239255
0.858	0.241659
0.859	0.244086
0.86	0.246538
0.861	0.249015
0.862	0.251517
0.863	0.254044
0.864	0.256596
0.865	0.259174
0.866	0.261778
0.867	0.264408
0.868	0.267065
0.869	0.269748
0.87	0.272458
0.871	0.275196
0.872	0.277961
0.873	0.280754
0.874	0.283575
0.875	0.286425
0.876	0.289303
0.877	0.29221
0.878	0.295147
0.879	0.298113
0.88	0.301109
0.881	0.304135
0.882	0.307191
0.883	0.310279
0.884	0.313397
0.885	0.316547
0.886	0.319729
0.887	0.322942
0.888	0.326188
0.889	0.329467
0.89	0.332778
0.891	0.336124
0.892	0.339502
0.893	0.342915
0.894	0.346362
0.895	0.349844
0.896	0.353361
0.897	0.356913
0.898	0.360502
0.899	0.364126
0.9	0.367787
0.901	0.371484
0.902	0.375219
0.903	0.378992
0.904	0.382802
0.905	0.386651
0.906	0.390539
0.907	0.394466
0.908	0.398432
0.909	0.402439
0.91	0.406485
0.911	0.410573
0.912	0.414701
0.913	0.418872
0.914	0.423084
0.915	0.427338
0.916	0.431636
0.917	0.435976
0.918	0.440361
0.919	0.444789
0.92	0.449262
0.921	0.453781
0.922	0.458344
0.923	0.462954
0.924	0.46761
0.925	0.472312
0.926	0.477062
0.927	0.48186
0.928	0.486707
0.929	0.491601
0.93	0.496546
0.931	0.501539
0.932	0.506584
0.933	0.511678
0.934	0.516825
0.935	0.522022
0.936	0.527272
0.937	0.532575
0.938	0.537932
0.939	0.543342
0.94	0.548806
0.941	0.554325
0.942	0.5599
0.943	0.565531
0.944	0.571218
0.945	0.576963
0.946	0.582765
0.947	0.588625
0.948	0.594544
0.949	0.600523
0.95	0.606562
0.951	0.612661
0.952	0.618821
0.953	0.625044
0.954	0.631328
0.955	0.637676
0.956	0.644088
0.957	0.650563
0.958	0.657104
0.959	0.66371
0.96	0.670382
0.961	0.677122
0.962	0.683928
0.963	0.690803
0.964	0.697747
0.965	0.70476
0.966	0.711844
0.967	0.718998
0.968	0.726224
0.969	0.733523
0.97	0.740894
0.971	0.748339
0.972	0.755859
0.973	0.763453
0.974	0.771124
0.975	0.778871
0.976	0.786696
0.977	0.794598
0.978	0.80258
0.979	0.810642
0.98	0.818783
0.981	0.827007
0.982	0.835312
0.983	0.8437
0.984	0.852171
0.985	0.860727
0.986	0.869369
0.987	0.878096
0.988	0.886911
0.989	0.895813
0.99	0.904804
0.991	0.913884
0.992	0.923055
0.993	0.932316
0.994	0.941671
0.995	0.951118
0.996	0.960659
0.997	0.970294
0.998	0.980026
0.999	0.989854
