# Interpolation data for function: (exp(10*x)-1)/(exp(10)-1)
0	0.00129317
0.001	0.00129317
0.002	0.00129317
0.003	0.00129317
0.004	0.00129317
0.005	0.00129317
0.006	0.00129317
0.007	0.00129317
0.008	0.00129317
0.009	0.00129317
0.01	0.00129317
0.011	0.00129317
0.012	0.00129317
0.013	0.00129317
0.014	0.00129317
0.015	0.00129317
0.016	0.00129317
0.017	0.00129317
0.018	0.00129317
0.019	0.00129317
0.02	0.00129317
0.021	0.00129317
0.022	0.00129317
0.023	0.00129317
0.024	0.00129317
0.025	0.00129317
0.026	0.00129317
0.027	0.00129317
0.028	0.00129317
0.029	0.00129317
0.03	0.00129317
0.031	0.00129317
0.032	0.00129317
0.033	0.00129317
0.034	0.00129317
0.035	0.00129317
0.036	0.00129317
0.037	0.00129317
0.038	0.00129317
0.039	0.00129317
0.04	0.00129317
0.041	0.00129317
0.042	0.00129317
0.043	0.00129317
0.044	0.00129317
0.045	0.00129317
0.046	0.00129317
0.047	0.00129317
0.048	0.00129317
0.049	0.00129317
0.05	0.00129317
0.051	0.00129317
0.052	0.00129317
0.053	0.00129317
0.054	0.00129317
0.055	0.00129317
0.056	0.00129317
0.057	0.00129317
0.058	0.00129317
0.059	0.00129317
0.06	0.00129317
0.061	0.00129317
0.062	0.00129317
0.063	0.00129317
0.064	0.00129317
0.065	0.00129317
0.066	0.00129317
0.067	0.00129317
0.068	0.00129317
0.069	0.00129317
0.07	0.00129317
0.071	0.00129317
0.072	0.00129317
0.073	0.00129317
0.074	0.00129317
0.075	0.00129317
0.076	0.00129317
0.077	0.00129317
0.078	0.00129317
0.079	0.00129317
0.08	0.00129317
0.081	0.00129317
0.082	0.00129317
0.083	0.00129317
0.084	0.00129317
0.085	0.00129317
0.086	0.00129317
0.087	0.00129317
0.088	0.00129317
0.089	0.00129317
0.09	0.00129317
0.091	0.00129317
0.092	0.00129317
0.093	0.00129317
0.094	0.00129317
0.095	0.00129317
0.096	0.00129317
0.097	0.00129317
0.098	0.00129317
0.099	0.00129317
0.1	0.00129317
0.101	0.00129317
0.102	0.00129317
0.103	0.00129317
0.104	0.00129317
0.105	0.00129317
0.106	0.00129317
0.107	0.00129317
0.108	0.00129317
0.109	0.00129317
0.11	0.00129317
0.111	0.00129317
0.112	0.00129317
0.113	0.00129317
0.114	0.00129317
0.115	0.00129317
0.116	0.00129317
0.117	0.00129317
0.118	0.00129317
0.119	0.00129317
0.12	0.00129317
0.121	0.00129317
0.122	0.00129317
0.123	0.00129317
0.124	0.00129317
0.125	0.00129317
0.126	0.00129317
0.127	0.00129317
0.128	0.00129317
0.129	0.00129317
0.13	0.00129317
0.131	0.00129317
0.132	0.00129317
0.133	0.00129317
0.134	0.00129317
0.135	0.00129317
0.136	0.00129317
0.137	0.00129317
0.138	0.00129317
0.139	0.00129317
0.14	0.00129317
0.141	0.00129317
0.142	0.00129317
0.143	0.00129317
0.144	0.00129317
0.145	0.00129317
0.146	0.00129317
0.147	0.00129317
0.148	0.00129317
0.149	0.00129317
0.15	0.00129317
0.151	0.00129317
0.152	0.00129317
0.153	0.00129317
0.154	0.00129317
0.155	0.00129317
0.156	0.00129317
0.157	0.00129317
0.158	0.00129317
0.159	0.00129317
0.16	0.00129317
0.161	0.00129317
0.162	0.00129317
0.163	0.00129317
0.164	0.00129317
0.165	0.00129317
0.166	0.00129317
0.167	0.00129317
0.168	0.00129317
0.169	0.00129317
0.17	0.00129317
0.171	0.00129317
0.172	0.00129317
0.173	0.00129317
0.174	0.00129317
0.175	0.00129317
0.176	0.00129317
0.177	0.00129317
0.178	0.00129317
0.179	0.00129317
0.18	0.00129317
0.181	0.00129317
0.182	0.00129317
0.183	0.00129317
0.184	0.00129317
0.185	0.00129317
0.186	0.00129317
0.187	0.00129317
0.188	0.00129317
0.189	0.00129317
0.19	0.00129317
0.191	0.00129317
0.192	0.00129317
0.193	0.00129317
0.194	0.00129317
0.195	0.00129317
0.196	0.00129317
0.197	0.00129317
0.198	0.00129317
0.199	0.00129317
0.2	0.00129317
0.201	0.00129317
0.202	0.00129317
0.203	0.00129317
0.204	0.00129317
0.205	0.00129317
0.206	0.00129317
0.207	0.00129317
0.208	0.00129317
0.209	0.00129317
0.21	0.00129317
0.211	0.00129317
0.212	0.00129317
0.213	0.00129317
0.214	0.00129317
0.215	0.00129317
0.216	0.00129317
0.217	0.00129317
0.218	0.00129317
0.219	0.00129317
0.22	0.00129317
0.221	0.00129317
0.222	0.00129317
0.223	0.00129317
0.224	0.00129317
0.225	0.00129317
0.226	0.00129317
0.227	0.00129317
0.228	0.00129317
0.229	0.00129317
0.23	0.00129317
0.231	0.00129317
0.232	0.00129317
0.233	0.00129317
0.234	0.00129317
0.235	0.00129317
0.236	0.00129317
0.237	0.00129317
0.238	0.00129317
0.239	0.00129317
0.24	0.00129317
0.241	0.00129317
0.242	0.00129317
0.243	0.00129317
0.244	0.00129317
0.245	0.00129317
0.246	0.00129317
0.247	0.00129317
0.248	0.00129317
0.249	0.00129317
0.25	0.00129317
0.251	0.00129317
0.252	0.00129317
0.253	0.00129317
0.254	0.00129317
0.255	0.00129317
0.256	0.00129317
0.257	0.00129317
0.258	0.00129317
0.259	0.00129317
0.26	0.00129317
0.261	0.00129317
0.262	0.00129317
0.263	0.00129317
0.264	0.00129317
0.265	0.00129317
0.266	0.00129317
0.267	0.00129317
0.268	0.00129317
0.269	0.00129317
0.27	0.00129317
0.271	0.00129317
0.272	0.00129317
0.273	0.00129317
0.274	0.00129317
0.275	0.00129317
0.276	0.00129317
0.277	0.00129317
0.278	0.00129317
0.279	0.00129317
0.28	0.00129317
0.281	0.00129317
0.282	0.00129317
0.283	0.00129317
0.284	0.00129317
0.285	0.00129317
0.286	0.00129317
0.287	0.00129317
0.288	0.00129317
0.289	0.00129317
0.29	0.00129317
0.291	0.00129317
0.292	0.00129317
0.293	0.00129317
0.294	0.00129317
0.295	0.00129317
0.296	0.00129317
0.297	0.00129317
0.298	0.00129317
0.299	0.00129317
0.3	0.00129317
0.301	0.00129317
0.302	0.00129317
0.303	0.00129317
0.304	0.00129317
0.305	0.00129317
0.306	0.00129317
0.307	0.00129317
0.308	0.00129317
0.309	0.00129317
0.31	0.00129317
0.311	0.00129317
0.312	0.00129317
0.313	0.00129317
0.314	0.00129317
0.315	0.00129317
0.316	0.00129317
0.317	0.00129317
0.318	0.00129317
0.319	0.00129317
0.32	0.00129317
0.321	0.00129317
0.322	0.00129317
0.323	0.00129317
0.324	0.00129317
0.325	0.00129317
0.326	0.00129317
0.327	0.00129317
0.328	0.00129317
0.329	0.00129317
0.33	0.00129317
0.331	0.00129317
0.332	0.00129317
0.333	0.00129317
0.334	0.00129317
0.335	0.00129317
0.336	0.00129317
0.337	0.00129317
0.338	0.00129317
0.339	0.00129317
0.34	0.00129317
0.341	0.00129317
0.342	0.00129317
0.343	0.00129317
0.344	0.00129317
0.345	0.00129317
0.346	0.00129317
0.347	0.00129317
0.348	0.00129317
0.349	0.00129317
0.35	0.00129317
0.351	0.00129317
0.352	0.00129317
0.353	0.00129317
0.354	0.00129317
0.355	0.00129317
0.356	0.00129317
0.357	0.00129317
0.358	0.00129317
0.359	0.00129317
0.36	0.00129317
0.361	0.00129317
0.362	0.00129317
0.363	0.00129317
0.364	0.00129317
0.365	0.00129317
0.366	0.00129317
0.367	0.00129317
0.368	0.00129317
0.369	0.00129317
0.37	0.00129317
0.371	0.00129317
0.372	0.00129317
0.373	0.00129317
0.374	0.00129317
0.375	0.00129317
0.376	0.00129317
0.377	0.00129317
0.378	0.00129317
0.379	0.00129317
0.38	0.00129317
0.381	0.00129317
0.382	0.00129317
0.383	0.00129317
0.384	0.00129317
0.385	0.00129317
0.386	0.00129317
0.387	0.00129317
0.388	0.00129317
0.389	0.00129317
0.39	0.00129317
0.391	0.00129317
0.392	0.00129317
0.393	0.00129317
0.394	0.00129317
0.395	0.00129317
0.396	0.00129317
0.397	0.00129317
0.398	0.00129317
0.399	0.00129317
0.4	0.00129317
0.401	0.00129317
0.402	0.00129317
0.403	0.00129317
0.404	0.00129317
0.405	0.00129317
0.406	0.00129317
0.407	0.00129317
0.408	0.00129317
0.409	0.00129317
0.41	0.00129317
0.411	0.00129317
0.412	0.00129317
0.413	0.00129317
0.414	0.00129317
0.415	0.00129317
0.416	0.00129317
0.417	0.00129317
0.418	0.00129317
0.419	0.00129317
0.42	0.00129317
0.421	0.00129317
0.422	0.00129317
0.423	0.00129317
0.424	0.00129317
0.425	0.00129317
0.426	0.00129317
0.427	0.00129317
0.428	0.00129317
0.429	0.00129317
0.43	0.00129317
0.431	0.00129317
0.432	0.00129317
0.433	0.00129317
0.434	0.00129317
0.435	0.00129317
0.436	0.00129317
0.437	0.00129317
0.438	0.00129317
0.439	0.00129317
0.44	0.00129317
0.441	0.00129317
0.442	0.00129317
0.443	0.00129317
0.444	0.00129317
0.445	0.00129317
0.446	0.00129317
0.447	0.00129317
0.448	0.00129317
0.449	0.00129317
0.45	0.00129317
0.451	0.00129317
0.452	0.00129317
0.453	0.00129317
0.454	0.00129317
0.455	0.00129317
0.456	0.00129317
0.457	0.00129317
0.458	0.00129317
0.459	0.00129317
0.46	0.00129317
0.461	0.00129317
0.462	0.00129317
0.463	0.00129317
0.464	0.00129317
0.465	0.00129317
0.466	0.00129317
0.467	0.00129317
0.468	0.00129317
0.469	0.00129317
0.47	0.00129317
0.471	0.00129317
0.472	0.00129317
0.473	0.00129317
0.474	0.00129317
0.475	0.00129317
0.476	0.00129317
0.477	0.00129317
0.478	0.00129317
0.479	0.00129317
0.48	0.00129317
0.481	0.00129317
0.482	0.00129317
0.483	0.00129317
0.484	0.00129317
0.485	0.00129317
0.486	0.00129317
0.487	0.00129317
0.488	0.00129317
0.489	0.00129317
0.49	0.00129317
0.491	0.00129317
0.492	0.00129317
0.493	0.00129317
0.494	0.00129317
0.495	0.00129317
0.496	0.00129317
0.497	0.00129317
0.498	0.00129317
0.499	0.00129317
0.5	0.00470558
0.501	0.00492838
0.502	0.00514613
0.503	0.00535894
0.504	0.00556696
0.505	0.00577031
0.506	0.00596912
0.507	0.00616351
0.508	0.0063536
0.509	0.00653952
0.51	0.00672139
0.511	0.00689932
0.512	0.00707344
0.513	0.00724385
0.514	0.00741068
0.515	0.00757404
0.516	0.00773403
0.517	0.00789077
0.518	0.00804438
0.519	0.00819495
0.52	0.00834259
0.521	0.00848742
0.522	0.00862952
0.523	0.00876901
0.524	0.00890599
0.525	0.00904056
0.526	0.00917281
0.527	0.00930284
0.528	0.00943076
0.529	0.00955665
0.53	0.00968061
0.531	0.00980272
0.532	0.0099231
0.533	0.0100418
0.534	0.010159
0.535	0.0102746
0.536	0.0103889
0.537	0.0105019
0.538	0.0106136
0.539	0.0107242
0.54	0.0108338
0.541	0.0109423
0.542	0.01105
0.543	0.0111569
0.544	0.011263
0.545	0.0113684
0.546	0.0114733
0.547	0.0115776
0.548	0.0116816
0.549	0.0117851
0.55	0.0118883
0.551	0.0119914
0.552	0.0120942
0.553	0.012197
0.554	0.0122998
0.555	0.0124026
0.556	0.0125055
0.557	0.0126086
0.558	0.012712
0.559	0.0128156
0.56	0.0129197
0.561	0.0130241
0.562	0.013129
0.563	0.0132345
0.564	0.0133406
0.565	0.0134474
0.566	0.0135548
0.567	0.0136631
0.568	0.0137722
0.569	0.0138821
0.57	0.013993
0.571	0.0141049
0.572	0.0142179
0.573	0.0143319
0.574	0.0144471
0.575	0.0145634
0.576	0.0146811
0.577	0.0148
0.578	0.0149202
0.579	0.0150418
0.58	0.0151649
0.581	0.0152894
0.582	0.0154155
0.583	0.0155431
0.584	0.0156723
0.585	0.0158032
0.586	0.0159357
0.587	0.01607
0.588	0.0162061
0.589	0.016344
0.59	0.0164837
0.591	0.0166254
0.592	0.0167689
0.593	0.0169145
0.594	0.017062
0.595	0.0172116
0.596	0.0173632
0.597	0.017517
0.598	0.0176729
0.599	0.017831
0.6	0.0179913
0.601	0.0181539
0.602	0.0183187
0.603	0.0184859
0.604	0.0186554
0.605	0.0188272
0.606	0.0190015
0.607	0.0191783
0.608	0.0193575
0.609	0.0195392
0.61	0.0197234
0.611	0.0199102
0.612	0.0200996
0.613	0.0202916
0.614	0.0204863
0.615	0.0206836
0.616	0.0208836
0.617	0.0210864
0.618	0.0212919
0.619	0.0215002
0.62	0.0217113
0.621	0.0219252
0.622	0.022142
0.623	0.0223617
0.624	0.0225843
0.625	0.0228098
0.626	0.0230383
0.627	0.0232698
0.628	0.0235042
0.629	0.0237418
0.63	0.0239823
0.631	0.024226
0.632	0.0244727
0.633	0.0247226
0.634	0.0249756
0.635	0.0252318
0.636	0.0254912
0.637	0.0257538
0.638	0.0260197
0.639	0.0262888
0.64	0.0265612
0.641	0.0268369
0.642	0.027116
0.643	0.0273984
0.644	0.0276842
0.645	0.0279733
0.646	0.028266
0.647	0.028562
0.648	0.0288615
0.649	0.0291645
0.65	0.0294711
0.651	0.0297811
0.652	0.0300947
0.653	0.0304119
0.654	0.0307327
0.655	0.0310571
0.656	0.0313852
0.657	0.0317169
0.658	0.0320523
0.659	0.0323915
0.66	0.0327344
0.661	0.033081
0.662	0.0334315
0.663	0.0337857
0.664	0.0341438
0.665	0.0345057
0.666	0.0348715
0.667	0.0352412
0.668	0.0356149
0.669	0.0359925
0.67	0.0363741
0.671	0.0367597
0.672	0.0371493
0.673	0.037543
0.674	0.0379408
0.675	0.0383426
0.676	0.0387487
0.677	0.0391588
0.678	0.0395732
0.679	0.0399918
0.68	0.0404146
0.681	0.0408417
0.682	0.0412732
0.683	0.0417089
0.684	0.042149
0.685	0.0425935
0.686	0.0430424
0.687	0.0434958
0.688	0.0439536
0.689	0.044416
0.69	0.0448829
0.691	0.0453544
0.692	0.0458305
0.693	0.0463113
0.694	0.0467967
0.695	0.0472869
0.696	0.0477817
0.697	0.0482814
0.698	0.0487859
0.699	0.0492953
0.7	0.0498095
0.701	0.0503287
0.702	0.0508528
0.703	0.0513819
0.704	0.0519161
0.705	0.0524554
0.706	0.0529998
0.707	0.0535493
0.708	0.0541041
0.709	0.0546641
0.71	0.0552294
0.711	0.0558
0.712	0.0563761
0.713	0.0569575
0.714	0.0575444
0.715	0.0581369
0.716	0.0587349
0.717	0.0593385
0.718	0.0599477
0.719	0.0605627
0.72	0.0611834
0.721	0.06181
0.722	0.0624424
0.723	0.0630807
0.724	0.063725
0.725	0.0643753
0.726	0.0650316
0.727	0.0656941
0.728	0.0663628
0.729	0.0670377
0.73	0.067719
0.731	0.0684066
0.732	0.0691006
0.733	0.0698011
0.734	0.0705081
0.735	0.0712217
0.736	0.071942
0.737	0.072669
0.738	0.0734029
0.739	0.0741436
0.74	0.0748912
0.741	0.0756458
0.742	0.0764075
0.743	0.0771763
0.744	0.0779523
0.745	0.0787356
0.746	0.0795263
0.747	0.0803244
0.748	0.08113
0.749	0.0819431
0.75	0.082764
0.751	0.0835925
0.752	0.0844289
0.753	0.0852732
0.754	0.0861254
0.755	0.0869857
0.756	0.0878541
0.757	0.0887308
0.758	0.0896158
0.759	0.0905092
0.76	0.091411
0.761	0.0923215
0.762	0.0932406
0.763	0.0941685
0.764	0.0951052
0.765	0.0960509
0.766	0.0970056
0.767	0.0979695
0.768	0.0989426
0.769	0.099925
0.77	0.100917
0.771	0.101918
0.772	0.102929
0.773	0.10395
0.774	0.104981
0.775	0.106022
0.776	0.107072
0.777	0.108133
0.778	0.109204
0.779	0.110286
0.78	0.111378
0.781	0.112481
0.782	0.113594
0.783	0.114719
0.784	0.115854
0.785	0.117001
0.786	0.118158
0.787	0.119327
0.788	0.120508
0.789	0.1217
0.79	0.122904
0.791	0.12412
0.792	0.125347
0.793	0.126587
0.794	0.127839
0.795	0.129104
0.796	0.130381
0.797	0.131671
0.798	0.132973
0.799	0.134289
0.8	0.135618
0.801	0.136959
0.802	0.138315
0.803	0.139684
0.804	0.141066
0.805	0.142463
0.806	0.143873
0.807	0.145297
0.808	0.146736
0.809	0.14819
0.81	0.149658
0.811	0.15114
0.812	0.152638
0.813	0.154151
0.814	0.155679
0.815	0.157222
0.816	0.158782
0.817	0.160357
0.818	0.161948
0.819	0.163555
0.82	0.165178
0.821	0.166818
0.822	0.168475
0.823	0.170148
0.824	0.171839
0.825	0.173546
0.826	0.175272
0.827	0.177015
0.828	0.178775
0.829	0.180554
0.83	0.182351
0.831	0.184166
0.832	0.186
0.833	0.187852
0.834	0.189724
0.835	0.191615
0.836	0.193525
0.837	0.195455
0.838	0.197405
0.839	0.199375
0.84	0.201365
0.841	0.203375
0.842	0.205407
0.843	0.207459
0.844	0.209532
0.845	0.211627
0.846	0.213743
0.847	0.215882
0.848	0.218042
0.849	0.220224
0.85	0.222429
0.851	0.224657
0.852	0.226908
0.853	0.229182
0.854	0.23148
0.855	0.233801
0.856	0.236147
0.857	0.238516
0.858	0.24091
0.859	0.243329
0.86	0.245773
0.861	0.248242
0.862	0.250737
0.863	0.253258
0.864	0.255804
0.865	0.258377
0.866	0.260977
0.867	0.263603
0.868	0.266257
0.869	0.268938
0.87	0.271647
0.871	0.274383
0.872	0.277148
0.873	0.279942
0.874	0.282764
0.875	0.285616
0.876	0.288497
0.877	0.291408
0.878	0.294349
0.879	0.29732
0.88	0.300322
0.881	0.303354
0.882	0.306419
0.883	0.309514
0.884	0.312642
0.885	0.315801
0.886	0.318994
0.887	0.322219
0.888	0.325477
0.889	0.328769
0.89	0.332094
0.891	0.335454
0.892	0.338848
0.893	0.342278
0.894	0.345742
0.895	0.349242
0.896	0.352777
0.897	0.356349
0.898	0.359957
0.899	0.363603
0.9	0.367285
0.901	0.371005
0.902	0.374763
0.903	0.37856
0.904	0.382395
0.905	0.386269
0.906	0.390183
0.907	0.394136
0.908	0.39813
0.909	0.402164
0.91	0.406239
0.911	0.410355
0.912	0.414514
0.913	0.418714
0.914	0.422957
0.915	0.427242
0.916	0.431571
0.917	0.435944
0.918	0.440361
0.919	0.444822
0.92	0.449328
0.921	0.45388
0.922	0.458477
0.923	0.46312
0.924	0.46781
0.925	0.472547
0.926	0.477332
0.927	0.482164
0.928	0.487045
0.929	0.491974
0.93	0.496952
0.931	0.50198
0.932	0.507058
0.933	0.512187
0.934	0.517366
0.935	0.522597
0.936	0.52788
0.937	0.533215
0.938	0.538603
0.939	0.544044
0.94	0.549539
0.941	0.555088
0.942	0.560692
0.943	0.56635
0.944	0.572065
0.945	0.577835
0.946	0.583662
0.947	0.589546
0.948	0.595488
0.949	0.601488
0.95	0.607546
0.951	0.613664
0.952	0.61984
0.953	0.626077
0.954	0.632375
0.955	0.638734
0.956	0.645154
0.957	0.651636
0.958	0.658182
0.959	0.66479
0.96	0.671462
0.961	0.678198
0.962	0.684999
0.963	0.691866
0.964	0.698798
0.965	0.705796
0.966	0.712862
0.967	0.719995
0.968	0.727197
0.969	0.734467
0.97	0.741806
0.971	0.749215
0.972	0.756694
0.973	0.764244
0.974	0.771866
0.975	0.77956
0.976	0.787326
0.977	0.795166
0.978	0.803079
0.979	0.811067
0.98	0.81913
0.981	0.827269
0.982	0.835484
0.983	0.843776
0.984	0.852145
0.985	0.860592
0.986	0.869118
0.987	0.877724
0.988	0.886409
0.989	0.895175
0.99	0.904022
0.991	0.912951
0.992	0.921962
0.993	0.931057
0.994	0.940235
0.995	0.949498
0.996	0.958846
0.997	0.96828
0.998	0.9778
0.999	0.987407
