# Interpolation data for function: (exp(10*x)-1)/(exp(10)-1)
0	0.00129317
0.001	0.00129317
0.002	0.00129317
0.003	0.00129317
0.004	0.00129317
0.005	0.00129317
0.006	0.00129317
0.007	0.00129317
0.008	0.00129317
0.009	0.00129317
0.01	0.00129317
0.011	0.00129317
0.012	0.00129317
0.013	0.00129317
0.014	0.00129317
0.015	0.00129317
0.016	0.00129317
0.017	0.00129317
0.018	0.00129317
0.019	0.00129317
0.02	0.00129317
0.021	0.00129317
0.022	0.00129317
0.023	0.00129317
0.024	0.00129317
0.025	0.00129317
0.026	0.00129317
0.027	0.00129317
0.028	0.00129317
0.029	0.00129317
0.03	0.00129317
0.031	0.00129317
0.032	0.00129317
0.033	0.00129317
0.034	0.00129317
0.035	0.00129317
0.036	0.00129317
0.037	0.00129317
0.038	0.00129317
0.039	0.00129317
0.04	0.00129317
0.041	0.00129317
0.042	0.00129317
0.043	0.00129317
0.044	0.00129317
0.045	0.00129317
0.046	0.00129317
0.047	0.00129317
0.048	0.00129317
0.049	0.00129317
0.05	0.00129317
0.051	0.00129317
0.052	0.00129317
0.053	0.00129317
0.054	0.00129317
0.055	0.00129317
0.056	0.00129317
0.057	0.00129317
0.058	0.00129317
0.059	0.00129317
0.06	0.00129317
0.061	0.00129317
0.062	0.00129317
0.063	0.00129317
0.064	0.00129317
0.065	0.00129317
0.066	0.00129317
0.067	0.00129317
0.068	0.00129317
0.069	0.00129317
0.07	0.00129317
0.071	0.00129317
0.072	0.00129317
0.073	0.00129317
0.074	0.00129317
0.075	0.00129317
0.076	0.00129317
0.077	0.00129317
0.078	0.00129317
0.079	0.00129317
0.08	0.00129317
0.081	0.00129317
0.082	0.00129317
0.083	0.00129317
0.084	0.00129317
0.085	0.00129317
0.086	0.00129317
0.087	0.00129317
0.088	0.00129317
0.089	0.00129317
0.09	0.00129317
0.091	0.00129317
0.092	0.00129317
0.093	0.00129317
0.094	0.00129317
0.095	0.00129317
0.096	0.00129317
0.097	0.00129317
0.098	0.00129317
0.099	0.00129317
0.1	0.00129317
0.101	0.00129317
0.102	0.00129317
0.103	0.00129317
0.104	0.00129317
0.105	0.00129317
0.106	0.00129317
0.107	0.00129317
0.108	0.00129317
0.109	0.00129317
0.11	0.00129317
0.111	0.00129317
0.112	0.00129317
0.113	0.00129317
0.114	0.00129317
0.115	0.00129317
0.116	0.00129317
0.117	0.00129317
0.118	0.00129317
0.119	0.00129317
0.12	0.00129317
0.121	0.00129317
0.122	0.00129317
0.123	0.00129317
0.124	0.00129317
0.125	0.00129317
0.126	0.00129317
0.127	0.00129317
0.128	0.00129317
0.129	0.00129317
0.13	0.00129317
0.131	0.00129317
0.132	0.00129317
0.133	0.00129317
0.134	0.00129317
0.135	0.00129317
0.136	0.00129317
0.137	0.00129317
0.138	0.00129317
0.139	0.00129317
0.14	0.00129317
0.141	0.00129317
0.142	0.00129317
0.143	0.00129317
0.144	0.00129317
0.145	0.00129317
0.146	0.00129317
0.147	0.00129317
0.148	0.00129317
0.149	0.00129317
0.15	0.00129317
0.151	0.00129317
0.152	0.00129317
0.153	0.00129317
0.154	0.00129317
0.155	0.00129317
0.156	0.00129317
0.157	0.00129317
0.158	0.00129317
0.159	0.00129317
0.16	0.00129317
0.161	0.00129317
0.162	0.00129317
0.163	0.00129317
0.164	0.00129317
0.165	0.00129317
0.166	0.00129317
0.167	0.00129317
0.168	0.00129317
0.169	0.00129317
0.17	0.00129317
0.171	0.00129317
0.172	0.00129317
0.173	0.00129317
0.174	0.00129317
0.175	0.00129317
0.176	0.00129317
0.177	0.00129317
0.178	0.00129317
0.179	0.00129317
0.18	0.00129317
0.181	0.00129317
0.182	0.00129317
0.183	0.00129317
0.184	0.00129317
0.185	0.00129317
0.186	0.00129317
0.187	0.00129317
0.188	0.00129317
0.189	0.00129317
0.19	0.00129317
0.191	0.00129317
0.192	0.00129317
0.193	0.00129317
0.194	0.00129317
0.195	0.00129317
0.196	0.00129317
0.197	0.00129317
0.198	0.00129317
0.199	0.00129317
0.2	0.00129317
0.201	0.00129317
0.202	0.00129317
0.203	0.00129317
0.204	0.00129317
0.205	0.00129317
0.206	0.00129317
0.207	0.00129317
0.208	0.00129317
0.209	0.00129317
0.21	0.00129317
0.211	0.00129317
0.212	0.00129317
0.213	0.00129317
0.214	0.00129317
0.215	0.00129317
0.216	0.00129317
0.217	0.00129317
0.218	0.00129317
0.219	0.00129317
0.22	0.00129317
0.221	0.00129317
0.222	0.00129317
0.223	0.00129317
0.224	0.00129317
0.225	0.00129317
0.226	0.00129317
0.227	0.00129317
0.228	0.00129317
0.229	0.00129317
0.23	0.00129317
0.231	0.00129317
0.232	0.00129317
0.233	0.00129317
0.234	0.00129317
0.235	0.00129317
0.236	0.00129317
0.237	0.00129317
0.238	0.00129317
0.239	0.00129317
0.24	0.00129317
0.241	0.00129317
0.242	0.00129317
0.243	0.00129317
0.244	0.00129317
0.245	0.00129317
0.246	0.00129317
0.247	0.00129317
0.248	0.00129317
0.249	0.00129317
0.25	0.00129317
0.251	0.00129317
0.252	0.00129317
0.253	0.00129317
0.254	0.00129317
0.255	0.00129317
0.256	0.00129317
0.257	0.00129317
0.258	0.00129317
0.259	0.00129317
0.26	0.00129317
0.261	0.00129317
0.262	0.00129317
0.263	0.00129317
0.264	0.00129317
0.265	0.00129317
0.266	0.00129317
0.267	0.00129317
0.268	0.00129317
0.269	0.00129317
0.27	0.00129317
0.271	0.00129317
0.272	0.00129317
0.273	0.00129317
0.274	0.00129317
0.275	0.00129317
0.276	0.00129317
0.277	0.00129317
0.278	0.00129317
0.279	0.00129317
0.28	0.00129317
0.281	0.00129317
0.282	0.00129317
0.283	0.00129317
0.284	0.00129317
0.285	0.00129317
0.286	0.00129317
0.287	0.00129317
0.288	0.00129317
0.289	0.00129317
0.29	0.00129317
0.291	0.00129317
0.292	0.00129317
0.293	0.00129317
0.294	0.00129317
0.295	0.00129317
0.296	0.00129317
0.297	0.00129317
0.298	0.00129317
0.299	0.00129317
0.3	0.00129317
0.301	0.00129317
0.302	0.00129317
0.303	0.00129317
0.304	0.00129317
0.305	0.00129317
0.306	0.00129317
0.307	0.00129317
0.308	0.00129317
0.309	0.00129317
0.31	0.00129317
0.311	0.00129317
0.312	0.00129317
0.313	0.00129317
0.314	0.00129317
0.315	0.00129317
0.316	0.00129317
0.317	0.00129317
0.318	0.00129317
0.319	0.00129317
0.32	0.00129317
0.321	0.00129317
0.322	0.00129317
0.323	0.00129317
0.324	0.00129317
0.325	0.00129317
0.326	0.00129317
0.327	0.00129317
0.328	0.00129317
0.329	0.00129317
0.33	0.00129317
0.331	0.00129317
0.332	0.00129317
0.333	0.00129317
0.334	0.00129317
0.335	0.00129317
0.336	0.00129317
0.337	0.00129317
0.338	0.00129317
0.339	0.00129317
0.34	0.00129317
0.341	0.00129317
0.342	0.00129317
0.343	0.00129317
0.344	0.00129317
0.345	0.00129317
0.346	0.00129317
0.347	0.00129317
0.348	0.00129317
0.349	0.00129317
0.35	0.00129317
0.351	0.00129317
0.352	0.00129317
0.353	0.00129317
0.354	0.00129317
0.355	0.00129317
0.356	0.00129317
0.357	0.00129317
0.358	0.00129317
0.359	0.00129317
0.36	0.00129317
0.361	0.00129317
0.362	0.00129317
0.363	0.00129317
0.364	0.00129317
0.365	0.00129317
0.366	0.00129317
0.367	0.00129317
0.368	0.00129317
0.369	0.00129317
0.37	0.00129317
0.371	0.00129317
0.372	0.00129317
0.373	0.00129317
0.374	0.00129317
0.375	0.00129317
0.376	0.00129317
0.377	0.00129317
0.378	0.00129317
0.379	0.00129317
0.38	0.00129317
0.381	0.00129317
0.382	0.00129317
0.383	0.00129317
0.384	0.00129317
0.385	0.00129317
0.386	0.00129317
0.387	0.00129317
0.388	0.00129317
0.389	0.00129317
0.39	0.00129317
0.391	0.00129317
0.392	0.00129317
0.393	0.00129317
0.394	0.00129317
0.395	0.00129317
0.396	0.00129317
0.397	0.00129317
0.398	0.00129317
0.399	0.00129317
0.4	0.00129317
0.401	0.00129317
0.402	0.00129317
0.403	0.00129317
0.404	0.00129317
0.405	0.00129317
0.406	0.00129317
0.407	0.00129317
0.408	0.00129317
0.409	0.00129317
0.41	0.00129317
0.411	0.00129317
0.412	0.00129317
0.413	0.00129317
0.414	0.00129317
0.415	0.00129317
0.416	0.00129317
0.417	0.00129317
0.418	0.00129317
0.419	0.00129317
0.42	0.00129317
0.421	0.00129317
0.422	0.00129317
0.423	0.00129317
0.424	0.00129317
0.425	0.00129317
0.426	0.00129317
0.427	0.00129317
0.428	0.00129317
0.429	0.00129317
0.43	0.00129317
0.431	0.00129317
0.432	0.00129317
0.433	0.00129317
0.434	0.00129317
0.435	0.00129317
0.436	0.00129317
0.437	0.00129317
0.438	0.00129317
0.439	0.00129317
0.44	0.00129317
0.441	0.00129317
0.442	0.00129317
0.443	0.00129317
0.444	0.00129317
0.445	0.00129317
0.446	0.00129317
0.447	0.00129317
0.448	0.00129317
0.449	0.00129317
0.45	0.00129317
0.451	0.00129317
0.452	0.00129317
0.453	0.00129317
0.454	0.00129317
0.455	0.00129317
0.456	0.00129317
0.457	0.00129317
0.458	0.00129317
0.459	0.00129317
0.46	0.00129317
0.461	0.00129317
0.462	0.00129317
0.463	0.00129317
0.464	0.00129317
0.465	0.00129317
0.466	0.00129317
0.467	0.00129317
0.468	0.00129317
0.469	0.00129317
0.47	0.00129317
0.471	0.00129317
0.472	0.00129317
0.473	0.00129317
0.474	0.00129317
0.475	0.00129317
0.476	0.00129317
0.477	0.00129317
0.478	0.00129317
0.479	0.00129317
0.48	0.00129317
0.481	0.00129317
0.482	0.00129317
0.483	0.00129317
0.484	0.00129317
0.485	0.00129317
0.486	0.00129317
0.487	0.00129317
0.488	0.00129317
0.489	0.00129317
0.49	0.00129317
0.491	0.00129317
0.492	0.00129317
0.493	0.00129317
0.494	0.00129317
0.495	0.00129317
0.496	0.00129317
0.497	0.00129317
0.498	0.00129317
0.499	0.00129317
0.5	0.0948937
0.501	0.0932193
0.502	0.0915574
0.503	0.0899081
0.504	0.0882714
0.505	0.0866472
0.506	0.0850356
0.507	0.0834366
0.508	0.0818502
0.509	0.0802763
0.51	0.078715
0.511	0.0771663
0.512	0.0756301
0.513	0.0741066
0.514	0.0725956
0.515	0.0710971
0.516	0.0696113
0.517	0.068138
0.518	0.0666773
0.519	0.0652292
0.52	0.0637936
0.521	0.0623706
0.522	0.0609602
0.523	0.0595624
0.524	0.0581771
0.525	0.0568044
0.526	0.0554443
0.527	0.0540968
0.528	0.0527618
0.529	0.0514394
0.53	0.0501296
0.531	0.0488324
0.532	0.0475477
0.533	0.0462756
0.534	0.0450161
0.535	0.0437691
0.536	0.0425348
0.537	0.041313
0.538	0.0401037
0.539	0.0389071
0.54	0.037723
0.541	0.0365515
0.542	0.0353926
0.543	0.0342462
0.544	0.0331124
0.545	0.0319912
0.546	0.0308826
0.547	0.0297865
0.548	0.028703
0.549	0.0276321
0.55	0.0265738
0.551	0.025528
0.552	0.0244948
0.553	0.0234742
0.554	0.0224661
0.555	0.0214707
0.556	0.0204878
0.557	0.0195175
0.558	0.0185597
0.559	0.0176145
0.56	0.0166819
0.561	0.0157619
0.562	0.0148544
0.563	0.0139596
0.564	0.0130772
0.565	0.0122075
0.566	0.0113504
0.567	0.0105058
0.568	0.00967375
0.569	0.00885431
0.57	0.00804745
0.571	0.00725316
0.572	0.00647144
0.573	0.0057023
0.574	0.00494573
0.575	0.00420173
0.576	0.00347031
0.577	0.00275146
0.578	0.00204518
0.579	0.00135148
0.58	0.000670355
0.581	1.80203e-06
0.582	-0.000654178
0.583	-0.00129758
0.584	-0.00192842
0.585	-0.00254667
0.586	-0.00315236
0.587	-0.00374547
0.588	-0.00432601
0.589	-0.00489397
0.59	-0.00544936
0.591	-0.00599217
0.592	-0.00652241
0.593	-0.00704008
0.594	-0.00754518
0.595	-0.0080377
0.596	-0.00851764
0.597	-0.00898502
0.598	-0.00943981
0.599	-0.00988204
0.6	-0.0103117
0.601	-0.0107288
0.602	-0.0111333
0.603	-0.0115252
0.604	-0.0119046
0.605	-0.0122713
0.606	-0.0126255
0.607	-0.0129672
0.608	-0.0132962
0.609	-0.0136127
0.61	-0.0139166
0.611	-0.014208
0.612	-0.0144867
0.613	-0.0147529
0.614	-0.0150066
0.615	-0.0152476
0.616	-0.0154761
0.617	-0.015692
0.618	-0.0158953
0.619	-0.016086
0.62	-0.0162642
0.621	-0.0164298
0.622	-0.0165828
0.623	-0.0167233
0.624	-0.0168512
0.625	-0.0169665
0.626	-0.0170692
0.627	-0.0171594
0.628	-0.017237
0.629	-0.017302
0.63	-0.0173544
0.631	-0.0173943
0.632	-0.0174216
0.633	-0.0174363
0.634	-0.0174384
0.635	-0.017428
0.636	-0.017405
0.637	-0.0173694
0.638	-0.0173212
0.639	-0.0172605
0.64	-0.0171872
0.641	-0.0171013
0.642	-0.0170029
0.643	-0.0168919
0.644	-0.0167683
0.645	-0.0166321
0.646	-0.0164834
0.647	-0.016322
0.648	-0.0161482
0.649	-0.0159617
0.65	-0.0157627
0.651	-0.015551
0.652	-0.0153269
0.653	-0.0150901
0.654	-0.0148408
0.655	-0.0145789
0.656	-0.0143044
0.657	-0.0140173
0.658	-0.0137177
0.659	-0.0134055
0.66	-0.0130807
0.661	-0.0127434
0.662	-0.0123934
0.663	-0.0120309
0.664	-0.0116559
0.665	-0.0112682
0.666	-0.010868
0.667	-0.0104552
0.668	-0.0100298
0.669	-0.00959189
0.67	-0.00914138
0.671	-0.00867829
0.672	-0.00820263
0.673	-0.00771439
0.674	-0.00721358
0.675	-0.0067002
0.676	-0.00617424
0.677	-0.00563571
0.678	-0.0050846
0.679	-0.00452092
0.68	-0.00394467
0.681	-0.00335584
0.682	-0.00275444
0.683	-0.00214047
0.684	-0.00151392
0.685	-0.000874798
0.686	-0.000223103
0.687	0.000441167
0.688	0.00111801
0.689	0.00180743
0.69	0.00250942
0.691	0.00322398
0.692	0.00395112
0.693	0.00469083
0.694	0.00544312
0.695	0.00620798
0.696	0.00698541
0.697	0.00777542
0.698	0.008578
0.699	0.00939316
0.7	0.0102209
0.701	0.0110612
0.702	0.0119141
0.703	0.0127795
0.704	0.0136575
0.705	0.0145481
0.706	0.0154513
0.707	0.0163671
0.708	0.0172954
0.709	0.0182363
0.71	0.0191897
0.711	0.0201558
0.712	0.0211344
0.713	0.0221256
0.714	0.0231293
0.715	0.0241457
0.716	0.0251746
0.717	0.0262161
0.718	0.0272701
0.719	0.0283368
0.72	0.029416
0.721	0.0305077
0.722	0.0316121
0.723	0.032729
0.724	0.0338585
0.725	0.0350006
0.726	0.0361552
0.727	0.0373225
0.728	0.0385023
0.729	0.0396946
0.73	0.0408996
0.731	0.0421171
0.732	0.0433472
0.733	0.0445898
0.734	0.0458451
0.735	0.0471129
0.736	0.0483933
0.737	0.0496862
0.738	0.0509918
0.739	0.0523099
0.74	0.0536406
0.741	0.0549838
0.742	0.0563396
0.743	0.057708
0.744	0.059089
0.745	0.0604826
0.746	0.0618887
0.747	0.0633074
0.748	0.0647387
0.749	0.0661825
0.75	0.0676389
0.751	0.0691079
0.752	0.0705895
0.753	0.0720836
0.754	0.0735903
0.755	0.0751096
0.756	0.0766415
0.757	0.0781859
0.758	0.0797429
0.759	0.0813125
0.76	0.0828947
0.761	0.0844894
0.762	0.0860967
0.763	0.0877166
0.764	0.089349
0.765	0.0909941
0.766	0.0926517
0.767	0.0943218
0.768	0.0960046
0.769	0.0976999
0.77	0.0994078
0.771	0.101128
0.772	0.102861
0.773	0.104607
0.774	0.106365
0.775	0.108136
0.776	0.109919
0.777	0.111715
0.778	0.113524
0.779	0.115345
0.78	0.117178
0.781	0.119025
0.782	0.120883
0.783	0.122755
0.784	0.124639
0.785	0.126535
0.786	0.128444
0.787	0.130366
0.788	0.1323
0.789	0.134247
0.79	0.136206
0.791	0.138178
0.792	0.140163
0.793	0.14216
0.794	0.144169
0.795	0.146192
0.796	0.148226
0.797	0.150274
0.798	0.152334
0.799	0.154406
0.8	0.156491
0.801	0.158589
0.802	0.160699
0.803	0.162822
0.804	0.164958
0.805	0.167106
0.806	0.169266
0.807	0.171439
0.808	0.173625
0.809	0.175823
0.81	0.178034
0.811	0.180258
0.812	0.182494
0.813	0.184742
0.814	0.187003
0.815	0.189277
0.816	0.191563
0.817	0.193862
0.818	0.196174
0.819	0.198498
0.82	0.200834
0.821	0.203183
0.822	0.205545
0.823	0.207919
0.824	0.210306
0.825	0.212706
0.826	0.215118
0.827	0.217542
0.828	0.219979
0.829	0.222429
0.83	0.224892
0.831	0.227366
0.832	0.229854
0.833	0.232354
0.834	0.234867
0.835	0.237392
0.836	0.23993
0.837	0.24248
0.838	0.245043
0.839	0.247618
0.84	0.250206
0.841	0.252807
0.842	0.25542
0.843	0.258046
0.844	0.260684
0.845	0.263335
0.846	0.265999
0.847	0.268675
0.848	0.271364
0.849	0.274065
0.85	0.276779
0.851	0.279505
0.852	0.282244
0.853	0.284995
0.854	0.287759
0.855	0.290536
0.856	0.293325
0.857	0.296127
0.858	0.298942
0.859	0.301769
0.86	0.304608
0.861	0.30746
0.862	0.310325
0.863	0.313202
0.864	0.316092
0.865	0.318994
0.866	0.321909
0.867	0.324837
0.868	0.327777
0.869	0.33073
0.87	0.333695
0.871	0.336673
0.872	0.339663
0.873	0.342666
0.874	0.345682
0.875	0.34871
0.876	0.351751
0.877	0.354804
0.878	0.35787
0.879	0.360948
0.88	0.364039
0.881	0.367143
0.882	0.370259
0.883	0.373388
0.884	0.376529
0.885	0.379683
0.886	0.382849
0.887	0.386028
0.888	0.38922
0.889	0.392424
0.89	0.395641
0.891	0.39887
0.892	0.402112
0.893	0.405367
0.894	0.408634
0.895	0.411913
0.896	0.415206
0.897	0.41851
0.898	0.421828
0.899	0.425158
0.9	0.4285
0.901	0.431855
0.902	0.435223
0.903	0.438603
0.904	0.441996
0.905	0.445401
0.906	0.448819
0.907	0.45225
0.908	0.455693
0.909	0.459148
0.91	0.462617
0.911	0.466097
0.912	0.469591
0.913	0.473097
0.914	0.476615
0.915	0.480146
0.916	0.48369
0.917	0.487246
0.918	0.490815
0.919	0.494396
0.92	0.49799
0.921	0.501597
0.922	0.505216
0.923	0.508848
0.924	0.512492
0.925	0.516149
0.926	0.519818
0.927	0.5235
0.928	0.527195
0.929	0.530902
0.93	0.534622
0.931	0.538354
0.932	0.542099
0.933	0.545856
0.934	0.549626
0.935	0.553409
0.936	0.557204
0.937	0.561012
0.938	0.564832
0.939	0.568665
0.94	0.57251
0.941	0.576368
0.942	0.580239
0.943	0.584122
0.944	0.588018
0.945	0.591926
0.946	0.595847
0.947	0.59978
0.948	0.603726
0.949	0.607685
0.95	0.611656
0.951	0.61564
0.952	0.619636
0.953	0.623645
0.954	0.627667
0.955	0.631701
0.956	0.635747
0.957	0.639806
0.958	0.643878
0.959	0.647963
0.96	0.652059
0.961	0.656169
0.962	0.660291
0.963	0.664426
0.964	0.668573
0.965	0.672733
0.966	0.676905
0.967	0.68109
0.968	0.685287
0.969	0.689498
0.97	0.69372
0.971	0.697955
0.972	0.702203
0.973	0.706464
0.974	0.710737
0.975	0.715022
0.976	0.71932
0.977	0.723631
0.978	0.727954
0.979	0.73229
0.98	0.736638
0.981	0.740999
0.982	0.745373
0.983	0.749759
0.984	0.754158
0.985	0.758569
0.986	0.762993
0.987	0.767429
0.988	0.771878
0.989	0.77634
0.99	0.780814
0.991	0.785301
0.992	0.7898
0.993	0.794312
0.994	0.798836
0.995	0.803373
0.996	0.807923
0.997	0.812485
0.998	0.81706
0.999	0.821647
