#Function: (exp(10*x)-1)/(exp(10)-1)
0	0.200011
1	0.144223
2	0.0853406
3	0.0346467
4	0.0109626
5	0.00351185
6	0.00164401
7	0.000617905
8	0.00016121
9	3.82613e-05
10	8.3234e-06
11	1.6705e-06
12	3.11067e-07
13	5.40103e-08
14	8.7824e-09
15	1.3426e-09
16	1.93632e-10
17	2.64275e-11
18	3.42293e-12
19	4.21817e-13
20	4.96778e-14
21	6.52617e-15
22	4.023e-15
23	4.71501e-15
24	5.47131e-15
25	6.07157e-15
26	6.40873e-15
27	6.49609e-15
28	6.49844e-15
29	6.56349e-15
30	6.69585e-15
31	6.81339e-15
32	6.88318e-15
33	3.34307e-15
34	3.37948e-15
35	3.57308e-15
36	2.73568e-15
37	2.95135e-15
38	3.19548e-15
39	3.56316e-15
40	4.07551e-15
