# Interpolation data for function: (exp(10*x)-1)/(exp(10)-1)
0	-0.140073
0.001	-0.139593
0.002	-0.139113
0.003	-0.138632
0.004	-0.138152
0.005	-0.137672
0.006	-0.137192
0.007	-0.136712
0.008	-0.136232
0.009	-0.135752
0.01	-0.135272
0.011	-0.134792
0.012	-0.134312
0.013	-0.133832
0.014	-0.133352
0.015	-0.132872
0.016	-0.132392
0.017	-0.131912
0.018	-0.131432
0.019	-0.130952
0.02	-0.130472
0.021	-0.129991
0.022	-0.129511
0.023	-0.129031
0.024	-0.128551
0.025	-0.128071
0.026	-0.127591
0.027	-0.127111
0.028	-0.126631
0.029	-0.126151
0.03	-0.125671
0.031	-0.125191
0.032	-0.124711
0.033	-0.124231
0.034	-0.123751
0.035	-0.123271
0.036	-0.122791
0.037	-0.122311
0.038	-0.121831
0.039	-0.121351
0.04	-0.12087
0.041	-0.12039
0.042	-0.11991
0.043	-0.11943
0.044	-0.11895
0.045	-0.11847
0.046	-0.11799
0.047	-0.11751
0.048	-0.11703
0.049	-0.11655
0.05	-0.11607
0.051	-0.11559
0.052	-0.11511
0.053	-0.11463
0.054	-0.11415
0.055	-0.11367
0.056	-0.11319
0.057	-0.11271
0.058	-0.112229
0.059	-0.111749
0.06	-0.111269
0.061	-0.110789
0.062	-0.110309
0.063	-0.109829
0.064	-0.109349
0.065	-0.108869
0.066	-0.108389
0.067	-0.107909
0.068	-0.107429
0.069	-0.106949
0.07	-0.106469
0.071	-0.105989
0.072	-0.105509
0.073	-0.105029
0.074	-0.104549
0.075	-0.104069
0.076	-0.103589
0.077	-0.103108
0.078	-0.102628
0.079	-0.102148
0.08	-0.101668
0.081	-0.101188
0.082	-0.100708
0.083	-0.100228
0.084	-0.0997481
0.085	-0.099268
0.086	-0.098788
0.087	-0.0983079
0.088	-0.0978278
0.089	-0.0973478
0.09	-0.0968677
0.091	-0.0963877
0.092	-0.0959076
0.093	-0.0954276
0.094	-0.0949475
0.095	-0.0944675
0.096	-0.0939874
0.097	-0.0935074
0.098	-0.0930273
0.099	-0.0925472
0.1	-0.0920672
0.101	-0.0915871
0.102	-0.0911071
0.103	-0.090627
0.104	-0.090147
0.105	-0.0896669
0.106	-0.0891869
0.107	-0.0887068
0.108	-0.0882268
0.109	-0.0877467
0.11	-0.0872667
0.111	-0.0867866
0.112	-0.0863065
0.113	-0.0858265
0.114	-0.0853464
0.115	-0.0848664
0.116	-0.0843863
0.117	-0.0839063
0.118	-0.0834262
0.119	-0.0829462
0.12	-0.0824661
0.121	-0.0819861
0.122	-0.081506
0.123	-0.0810259
0.124	-0.0805459
0.125	-0.0800658
0.126	-0.0795858
0.127	-0.0791057
0.128	-0.0786257
0.129	-0.0781456
0.13	-0.0776656
0.131	-0.0771855
0.132	-0.0767055
0.133	-0.0762254
0.134	-0.0757453
0.135	-0.0752653
0.136	-0.0747852
0.137	-0.0743052
0.138	-0.0738251
0.139	-0.0733451
0.14	-0.072865
0.141	-0.072385
0.142	-0.0719049
0.143	-0.0714249
0.144	-0.0709448
0.145	-0.0704647
0.146	-0.0699847
0.147	-0.0695046
0.148	-0.0690246
0.149	-0.0685445
0.15	-0.0680645
0.151	-0.0675844
0.152	-0.0671044
0.153	-0.0666243
0.154	-0.0661443
0.155	-0.0656642
0.156	-0.0651841
0.157	-0.0647041
0.158	-0.064224
0.159	-0.063744
0.16	-0.0632639
0.161	-0.0627839
0.162	-0.0623038
0.163	-0.0618238
0.164	-0.0613437
0.165	-0.0608637
0.166	-0.0603836
0.167	-0.0599035
0.168	-0.0594235
0.169	-0.0589434
0.17	-0.0584634
0.171	-0.0579833
0.172	-0.0575033
0.173	-0.0570232
0.174	-0.0565432
0.175	-0.0560631
0.176	-0.0555831
0.177	-0.055103
0.178	-0.0546229
0.179	-0.0541429
0.18	-0.0536628
0.181	-0.0531828
0.182	-0.0527027
0.183	-0.0522227
0.184	-0.0517426
0.185	-0.0512626
0.186	-0.0507825
0.187	-0.0503025
0.188	-0.0498224
0.189	-0.0493423
0.19	-0.0488623
0.191	-0.0483822
0.192	-0.0479022
0.193	-0.0474221
0.194	-0.0469421
0.195	-0.046462
0.196	-0.045982
0.197	-0.0455019
0.198	-0.0450219
0.199	-0.0445418
0.2	-0.0440617
0.201	-0.0435817
0.202	-0.0431016
0.203	-0.0426216
0.204	-0.0421415
0.205	-0.0416615
0.206	-0.0411814
0.207	-0.0407014
0.208	-0.0402213
0.209	-0.0397413
0.21	-0.0392612
0.211	-0.0387811
0.212	-0.0383011
0.213	-0.037821
0.214	-0.037341
0.215	-0.0368609
0.216	-0.0363809
0.217	-0.0359008
0.218	-0.0354208
0.219	-0.0349407
0.22	-0.0344607
0.221	-0.0339806
0.222	-0.0335005
0.223	-0.0330205
0.224	-0.0325404
0.225	-0.0320604
0.226	-0.0315803
0.227	-0.0311003
0.228	-0.0306202
0.229	-0.0301402
0.23	-0.0296601
0.231	-0.0291801
0.232	-0.0287
0.233	-0.0282199
0.234	-0.0277399
0.235	-0.0272598
0.236	-0.0267798
0.237	-0.0262997
0.238	-0.0258197
0.239	-0.0253396
0.24	-0.0248596
0.241	-0.0243795
0.242	-0.0238995
0.243	-0.0234194
0.244	-0.0229393
0.245	-0.0224593
0.246	-0.0219792
0.247	-0.0214992
0.248	-0.0210191
0.249	-0.0205391
0.25	-0.020059
0.251	-0.019579
0.252	-0.0190989
0.253	-0.0186189
0.254	-0.0181388
0.255	-0.0176588
0.256	-0.0171787
0.257	-0.0166986
0.258	-0.0162186
0.259	-0.0157385
0.26	-0.0152585
0.261	-0.0147784
0.262	-0.0142984
0.263	-0.0138183
0.264	-0.0133383
0.265	-0.0128582
0.266	-0.0123782
0.267	-0.0118981
0.268	-0.011418
0.269	-0.010938
0.27	-0.0104579
0.271	-0.00997788
0.272	-0.00949782
0.273	-0.00901777
0.274	-0.00853772
0.275	-0.00805766
0.276	-0.00757761
0.277	-0.00709755
0.278	-0.0066175
0.279	-0.00613744
0.28	-0.00565739
0.281	-0.00517733
0.282	-0.00469728
0.283	-0.00421722
0.284	-0.00373717
0.285	-0.00325712
0.286	-0.00277706
0.287	-0.00229701
0.288	-0.00181695
0.289	-0.0013369
0.29	-0.000856843
0.291	-0.000376789
0.292	0.000103266
0.293	0.00058332
0.294	0.00106337
0.295	0.00154343
0.296	0.00202348
0.297	0.00250354
0.298	0.00298359
0.299	0.00346365
0.3	0.0039437
0.301	0.00442376
0.302	0.00490381
0.303	0.00538386
0.304	0.00586392
0.305	0.00634397
0.306	0.00682403
0.307	0.00730408
0.308	0.00778414
0.309	0.00826419
0.31	0.00874425
0.311	0.0092243
0.312	0.00970436
0.313	0.0101844
0.314	0.0106645
0.315	0.0111445
0.316	0.0116246
0.317	0.0121046
0.318	0.0125847
0.319	0.0130647
0.32	0.0135448
0.321	0.0140248
0.322	0.0145049
0.323	0.014985
0.324	0.015465
0.325	0.0159451
0.326	0.0164251
0.327	0.0169052
0.328	0.0173852
0.329	0.0178653
0.33	0.0183453
0.331	0.0188254
0.332	0.0193054
0.333	0.0197855
0.334	0.0202656
0.335	0.0207456
0.336	0.0212257
0.337	0.0217057
0.338	0.0221858
0.339	0.0226658
0.34	0.0231459
0.341	0.0236259
0.342	0.024106
0.343	0.024586
0.344	0.0250661
0.345	0.0255462
0.346	0.0260262
0.347	0.0265063
0.348	0.0269863
0.349	0.0274664
0.35	0.0279464
0.351	0.0284265
0.352	0.0289065
0.353	0.0293866
0.354	0.0298666
0.355	0.0303467
0.356	0.0308268
0.357	0.0313068
0.358	0.0317869
0.359	0.0322669
0.36	0.032747
0.361	0.033227
0.362	0.0337071
0.363	0.0341871
0.364	0.0346672
0.365	0.0351472
0.366	0.0356273
0.367	0.0361074
0.368	0.0365874
0.369	0.0370675
0.37	0.0375475
0.371	0.0380276
0.372	0.0385076
0.373	0.0389877
0.374	0.0394677
0.375	0.0399478
0.376	0.0404278
0.377	0.0409079
0.378	0.041388
0.379	0.041868
0.38	0.0423481
0.381	0.0428281
0.382	0.0433082
0.383	0.0437882
0.384	0.0442683
0.385	0.0447483
0.386	0.0452284
0.387	0.0457084
0.388	0.0461885
0.389	0.0466686
0.39	0.0471486
0.391	0.0476287
0.392	0.0481087
0.393	0.0485888
0.394	0.0490688
0.395	0.0495489
0.396	0.0500289
0.397	0.050509
0.398	0.050989
0.399	0.0514691
0.4	0.0519491
0.401	0.0524292
0.402	0.0529093
0.403	0.0533893
0.404	0.0538694
0.405	0.0543494
0.406	0.0548295
0.407	0.0553095
0.408	0.0557896
0.409	0.0562696
0.41	0.0567497
0.411	0.0572297
0.412	0.0577098
0.413	0.0581899
0.414	0.0586699
0.415	0.05915
0.416	0.05963
0.417	0.0601101
0.418	0.0605901
0.419	0.0610702
0.42	0.0615502
0.421	0.0620303
0.422	0.0625103
0.423	0.0629904
0.424	0.0634705
0.425	0.0639505
0.426	0.0644306
0.427	0.0649106
0.428	0.0653907
0.429	0.0658707
0.43	0.0663508
0.431	0.0668308
0.432	0.0673109
0.433	0.0677909
0.434	0.068271
0.435	0.0687511
0.436	0.0692311
0.437	0.0697112
0.438	0.0701912
0.439	0.0706713
0.44	0.0711513
0.441	0.0716314
0.442	0.0721114
0.443	0.0725915
0.444	0.0730715
0.445	0.0735516
0.446	0.0740317
0.447	0.0745117
0.448	0.0749918
0.449	0.0754718
0.45	0.0759519
0.451	0.0764319
0.452	0.076912
0.453	0.077392
0.454	0.0778721
0.455	0.0783521
0.456	0.0788322
0.457	0.0793123
0.458	0.0797923
0.459	0.0802724
0.46	0.0807524
0.461	0.0812325
0.462	0.0817125
0.463	0.0821926
0.464	0.0826726
0.465	0.0831527
0.466	0.0836327
0.467	0.0841128
0.468	0.0845929
0.469	0.0850729
0.47	0.085553
0.471	0.086033
0.472	0.0865131
0.473	0.0869931
0.474	0.0874732
0.475	0.0879532
0.476	0.0884333
0.477	0.0889133
0.478	0.0893934
0.479	0.0898735
0.48	0.0903535
0.481	0.0908336
0.482	0.0913136
0.483	0.0917937
0.484	0.0922737
0.485	0.0927538
0.486	0.0932338
0.487	0.0937139
0.488	0.0941939
0.489	0.094674
0.49	0.0951541
0.491	0.0956341
0.492	0.0961142
0.493	0.0965942
0.494	0.0970743
0.495	0.0975543
0.496	0.0980344
0.497	0.0985144
0.498	0.0989945
0.499	0.0994745
0.5	0.0999546
0.501	0.100435
0.502	0.100915
0.503	0.101395
0.504	0.101875
0.505	0.102355
0.506	0.102835
0.507	0.103315
0.508	0.103795
0.509	0.104275
0.51	0.104755
0.511	0.105235
0.512	0.105715
0.513	0.106195
0.514	0.106675
0.515	0.107155
0.516	0.107635
0.517	0.108116
0.518	0.108596
0.519	0.109076
0.52	0.109556
0.521	0.110036
0.522	0.110516
0.523	0.110996
0.524	0.111476
0.525	0.111956
0.526	0.112436
0.527	0.112916
0.528	0.113396
0.529	0.113876
0.53	0.114356
0.531	0.114836
0.532	0.115316
0.533	0.115796
0.534	0.116276
0.535	0.116757
0.536	0.117237
0.537	0.117717
0.538	0.118197
0.539	0.118677
0.54	0.119157
0.541	0.119637
0.542	0.120117
0.543	0.120597
0.544	0.121077
0.545	0.121557
0.546	0.122037
0.547	0.122517
0.548	0.122997
0.549	0.123477
0.55	0.123957
0.551	0.124437
0.552	0.124917
0.553	0.125397
0.554	0.125878
0.555	0.126358
0.556	0.126838
0.557	0.127318
0.558	0.127798
0.559	0.128278
0.56	0.128758
0.561	0.129238
0.562	0.129718
0.563	0.130198
0.564	0.130678
0.565	0.131158
0.566	0.131638
0.567	0.132118
0.568	0.132598
0.569	0.133078
0.57	0.133558
0.571	0.134038
0.572	0.134519
0.573	0.134999
0.574	0.135479
0.575	0.135959
0.576	0.136439
0.577	0.136919
0.578	0.137399
0.579	0.137879
0.58	0.138359
0.581	0.138839
0.582	0.139319
0.583	0.139799
0.584	0.140279
0.585	0.140759
0.586	0.141239
0.587	0.141719
0.588	0.142199
0.589	0.142679
0.59	0.14316
0.591	0.14364
0.592	0.14412
0.593	0.1446
0.594	0.14508
0.595	0.14556
0.596	0.14604
0.597	0.14652
0.598	0.147
0.599	0.14748
0.6	0.14796
0.601	0.14844
0.602	0.14892
0.603	0.1494
0.604	0.14988
0.605	0.15036
0.606	0.15084
0.607	0.15132
0.608	0.1518
0.609	0.152281
0.61	0.152761
0.611	0.153241
0.612	0.153721
0.613	0.154201
0.614	0.154681
0.615	0.155161
0.616	0.155641
0.617	0.156121
0.618	0.156601
0.619	0.157081
0.62	0.157561
0.621	0.158041
0.622	0.158521
0.623	0.159001
0.624	0.159481
0.625	0.159961
0.626	0.160441
0.627	0.160922
0.628	0.161402
0.629	0.161882
0.63	0.162362
0.631	0.162842
0.632	0.163322
0.633	0.163802
0.634	0.164282
0.635	0.164762
0.636	0.165242
0.637	0.165722
0.638	0.166202
0.639	0.166682
0.64	0.167162
0.641	0.167642
0.642	0.168122
0.643	0.168602
0.644	0.169082
0.645	0.169562
0.646	0.170043
0.647	0.170523
0.648	0.171003
0.649	0.171483
0.65	0.171963
0.651	0.172443
0.652	0.172923
0.653	0.173403
0.654	0.173883
0.655	0.174363
0.656	0.174843
0.657	0.175323
0.658	0.175803
0.659	0.176283
0.66	0.176763
0.661	0.177243
0.662	0.177723
0.663	0.178203
0.664	0.178684
0.665	0.179164
0.666	0.179644
0.667	0.180124
0.668	0.180604
0.669	0.181084
0.67	0.181564
0.671	0.182044
0.672	0.182524
0.673	0.183004
0.674	0.183484
0.675	0.183964
0.676	0.184444
0.677	0.184924
0.678	0.185404
0.679	0.185884
0.68	0.186364
0.681	0.186844
0.682	0.187325
0.683	0.187805
0.684	0.188285
0.685	0.188765
0.686	0.189245
0.687	0.189725
0.688	0.190205
0.689	0.190685
0.69	0.191165
0.691	0.191645
0.692	0.192125
0.693	0.192605
0.694	0.193085
0.695	0.193565
0.696	0.194045
0.697	0.194525
0.698	0.195005
0.699	0.195485
0.7	0.195965
0.701	0.196446
0.702	0.196926
0.703	0.197406
0.704	0.197886
0.705	0.198366
0.706	0.198846
0.707	0.199326
0.708	0.199806
0.709	0.200286
0.71	0.200766
0.711	0.201246
0.712	0.201726
0.713	0.202206
0.714	0.202686
0.715	0.203166
0.716	0.203646
0.717	0.204126
0.718	0.204606
0.719	0.205087
0.72	0.205567
0.721	0.206047
0.722	0.206527
0.723	0.207007
0.724	0.207487
0.725	0.207967
0.726	0.208447
0.727	0.208927
0.728	0.209407
0.729	0.209887
0.73	0.210367
0.731	0.210847
0.732	0.211327
0.733	0.211807
0.734	0.212287
0.735	0.212767
0.736	0.213247
0.737	0.213728
0.738	0.214208
0.739	0.214688
0.74	0.215168
0.741	0.215648
0.742	0.216128
0.743	0.216608
0.744	0.217088
0.745	0.217568
0.746	0.218048
0.747	0.218528
0.748	0.219008
0.749	0.219488
0.75	0.219968
0.751	0.220448
0.752	0.220928
0.753	0.221408
0.754	0.221888
0.755	0.222368
0.756	0.222849
0.757	0.223329
0.758	0.223809
0.759	0.224289
0.76	0.224769
0.761	0.225249
0.762	0.225729
0.763	0.226209
0.764	0.226689
0.765	0.227169
0.766	0.227649
0.767	0.228129
0.768	0.228609
0.769	0.229089
0.77	0.229569
0.771	0.230049
0.772	0.230529
0.773	0.231009
0.774	0.23149
0.775	0.23197
0.776	0.23245
0.777	0.23293
0.778	0.23341
0.779	0.23389
0.78	0.23437
0.781	0.23485
0.782	0.23533
0.783	0.23581
0.784	0.23629
0.785	0.23677
0.786	0.23725
0.787	0.23773
0.788	0.23821
0.789	0.23869
0.79	0.23917
0.791	0.23965
0.792	0.240131
0.793	0.240611
0.794	0.241091
0.795	0.241571
0.796	0.242051
0.797	0.242531
0.798	0.243011
0.799	0.243491
0.8	0.243971
0.801	0.244451
0.802	0.244931
0.803	0.245411
0.804	0.245891
0.805	0.246371
0.806	0.246851
0.807	0.247331
0.808	0.247811
0.809	0.248291
0.81	0.248771
0.811	0.249252
0.812	0.249732
0.813	0.250212
0.814	0.250692
0.815	0.251172
0.816	0.251652
0.817	0.252132
0.818	0.252612
0.819	0.253092
0.82	0.253572
0.821	0.254052
0.822	0.254532
0.823	0.255012
0.824	0.255492
0.825	0.255972
0.826	0.256452
0.827	0.256932
0.828	0.257412
0.829	0.257893
0.83	0.258373
0.831	0.258853
0.832	0.259333
0.833	0.259813
0.834	0.260293
0.835	0.260773
0.836	0.261253
0.837	0.261733
0.838	0.262213
0.839	0.262693
0.84	0.263173
0.841	0.263653
0.842	0.264133
0.843	0.264613
0.844	0.265093
0.845	0.265573
0.846	0.266053
0.847	0.266534
0.848	0.267014
0.849	0.267494
0.85	0.267974
0.851	0.268454
0.852	0.268934
0.853	0.269414
0.854	0.269894
0.855	0.270374
0.856	0.270854
0.857	0.271334
0.858	0.271814
0.859	0.272294
0.86	0.272774
0.861	0.273254
0.862	0.273734
0.863	0.274214
0.864	0.274694
0.865	0.275174
0.866	0.275655
0.867	0.276135
0.868	0.276615
0.869	0.277095
0.87	0.277575
0.871	0.278055
0.872	0.278535
0.873	0.279015
0.874	0.279495
0.875	0.279975
0.876	0.280455
0.877	0.280935
0.878	0.281415
0.879	0.281895
0.88	0.282375
0.881	0.282855
0.882	0.283335
0.883	0.283815
0.884	0.284296
0.885	0.284776
0.886	0.285256
0.887	0.285736
0.888	0.286216
0.889	0.286696
0.89	0.287176
0.891	0.287656
0.892	0.288136
0.893	0.288616
0.894	0.289096
0.895	0.289576
0.896	0.290056
0.897	0.290536
0.898	0.291016
0.899	0.291496
0.9	0.291976
0.901	0.292456
0.902	0.292936
0.903	0.293417
0.904	0.293897
0.905	0.294377
0.906	0.294857
0.907	0.295337
0.908	0.295817
0.909	0.296297
0.91	0.296777
0.911	0.297257
0.912	0.297737
0.913	0.298217
0.914	0.298697
0.915	0.299177
0.916	0.299657
0.917	0.300137
0.918	0.300617
0.919	0.301097
0.92	0.301577
0.921	0.302058
0.922	0.302538
0.923	0.303018
0.924	0.303498
0.925	0.303978
0.926	0.304458
0.927	0.304938
0.928	0.305418
0.929	0.305898
0.93	0.306378
0.931	0.306858
0.932	0.307338
0.933	0.307818
0.934	0.308298
0.935	0.308778
0.936	0.309258
0.937	0.309738
0.938	0.310218
0.939	0.310699
0.94	0.311179
0.941	0.311659
0.942	0.312139
0.943	0.312619
0.944	0.313099
0.945	0.313579
0.946	0.314059
0.947	0.314539
0.948	0.315019
0.949	0.315499
0.95	0.315979
0.951	0.316459
0.952	0.316939
0.953	0.317419
0.954	0.317899
0.955	0.318379
0.956	0.318859
0.957	0.319339
0.958	0.31982
0.959	0.3203
0.96	0.32078
0.961	0.32126
0.962	0.32174
0.963	0.32222
0.964	0.3227
0.965	0.32318
0.966	0.32366
0.967	0.32414
0.968	0.32462
0.969	0.3251
0.97	0.32558
0.971	0.32606
0.972	0.32654
0.973	0.32702
0.974	0.3275
0.975	0.32798
0.976	0.328461
0.977	0.328941
0.978	0.329421
0.979	0.329901
0.98	0.330381
0.981	0.330861
0.982	0.331341
0.983	0.331821
0.984	0.332301
0.985	0.332781
0.986	0.333261
0.987	0.333741
0.988	0.334221
0.989	0.334701
0.99	0.335181
0.991	0.335661
0.992	0.336141
0.993	0.336621
0.994	0.337102
0.995	0.337582
0.996	0.338062
0.997	0.338542
0.998	0.339022
0.999	0.339502
