# Interpolation data for function: (exp(10*x)-1)/(exp(10)-1)
0	0.000543731
0.001	0.000498419
0.002	0.000455006
0.003	0.000413443
0.004	0.00037368
0.005	0.000335671
0.006	0.000299368
0.007	0.000264725
0.008	0.000231698
0.009	0.000200243
0.01	0.000170314
0.011	0.000141871
0.012	0.000114872
0.013	8.92742e-05
0.014	6.50385e-05
0.015	4.21253e-05
0.016	2.04958e-05
0.017	1.1197e-07
0.018	-1.90634e-05
0.019	-3.70669e-05
0.02	-5.39344e-05
0.021	-6.97008e-05
0.022	-8.44006e-05
0.023	-9.80675e-05
0.024	-0.000110735
0.025	-0.000122434
0.026	-0.000133198
0.027	-0.000143057
0.028	-0.000152041
0.029	-0.000160181
0.03	-0.000167506
0.031	-0.000174043
0.032	-0.000179822
0.033	-0.000184868
0.034	-0.00018921
0.035	-0.000192872
0.036	-0.000195882
0.037	-0.000198262
0.038	-0.000200039
0.039	-0.000201236
0.04	-0.000201876
0.041	-0.000201982
0.042	-0.000201576
0.043	-0.00020068
0.044	-0.000199315
0.045	-0.000197502
0.046	-0.000195262
0.047	-0.000192613
0.048	-0.000189576
0.049	-0.000186169
0.05	-0.00018241
0.051	-0.000178317
0.052	-0.000173908
0.053	-0.000169199
0.054	-0.000164207
0.055	-0.000158949
0.056	-0.000153439
0.057	-0.000147694
0.058	-0.000141727
0.059	-0.000135554
0.06	-0.000129188
0.061	-0.000122643
0.062	-0.000115933
0.063	-0.00010907
0.064	-0.000102066
0.065	-9.49344e-05
0.066	-8.76863e-05
0.067	-8.03333e-05
0.068	-7.28864e-05
0.069	-6.53564e-05
0.07	-5.77537e-05
0.071	-5.00883e-05
0.072	-4.23701e-05
0.073	-3.46083e-05
0.074	-2.68123e-05
0.075	-1.89907e-05
0.076	-1.1152e-05
0.077	-3.30457e-06
0.078	4.54377e-06
0.079	1.23854e-05
0.08	2.02129e-05
0.081	2.80192e-05
0.082	3.57975e-05
0.083	4.35413e-05
0.084	5.12443e-05
0.085	5.89005e-05
0.086	6.6504e-05
0.087	7.40493e-05
0.088	8.15312e-05
0.089	8.89445e-05
0.09	9.62845e-05
0.091	0.000103547
0.092	0.000110726
0.093	0.000117819
0.094	0.000124822
0.095	0.000131731
0.096	0.000138541
0.097	0.000145251
0.098	0.000151857
0.099	0.000158355
0.1	0.000164743
0.101	0.000171019
0.102	0.00017718
0.103	0.000183223
0.104	0.000189147
0.105	0.000194951
0.106	0.000200631
0.107	0.000206187
0.108	0.000211617
0.109	0.000216919
0.11	0.000222094
0.111	0.000227139
0.112	0.000232054
0.113	0.000236839
0.114	0.000241492
0.115	0.000246013
0.116	0.000250402
0.117	0.000254659
0.118	0.000258783
0.119	0.000262776
0.12	0.000266636
0.121	0.000270364
0.122	0.000273961
0.123	0.000277427
0.124	0.000280762
0.125	0.000283968
0.126	0.000287045
0.127	0.000289994
0.128	0.000292816
0.129	0.000295512
0.13	0.000298083
0.131	0.000300531
0.132	0.000302856
0.133	0.00030506
0.134	0.000307145
0.135	0.000309112
0.136	0.000310963
0.137	0.000312698
0.138	0.000314321
0.139	0.000315833
0.14	0.000317235
0.141	0.00031853
0.142	0.00031972
0.143	0.000320806
0.144	0.000321791
0.145	0.000322676
0.146	0.000323464
0.147	0.000324158
0.148	0.000324758
0.149	0.000325269
0.15	0.000325691
0.151	0.000326027
0.152	0.000326281
0.153	0.000326453
0.154	0.000326547
0.155	0.000326565
0.156	0.000326509
0.157	0.000326382
0.158	0.000326187
0.159	0.000325927
0.16	0.000325603
0.161	0.000325218
0.162	0.000324776
0.163	0.000324278
0.164	0.000323728
0.165	0.000323128
0.166	0.00032248
0.167	0.000321788
0.168	0.000321054
0.169	0.000320281
0.17	0.000319472
0.171	0.000318628
0.172	0.000317754
0.173	0.000316852
0.174	0.000315924
0.175	0.000314973
0.176	0.000314002
0.177	0.000313014
0.178	0.000312011
0.179	0.000310997
0.18	0.000309973
0.181	0.000308942
0.182	0.000307908
0.183	0.000306873
0.184	0.000305839
0.185	0.000304809
0.186	0.000303786
0.187	0.000302773
0.188	0.000301771
0.189	0.000300785
0.19	0.000299816
0.191	0.000298866
0.192	0.000297939
0.193	0.000297037
0.194	0.000296163
0.195	0.000295318
0.196	0.000294506
0.197	0.000293729
0.198	0.000292989
0.199	0.000292289
0.2	0.000291631
0.201	0.000291018
0.202	0.000290452
0.203	0.000289935
0.204	0.00028947
0.205	0.000289058
0.206	0.000288703
0.207	0.000288406
0.208	0.00028817
0.209	0.000287996
0.21	0.000287887
0.211	0.000287845
0.212	0.000287872
0.213	0.000287971
0.214	0.000288143
0.215	0.000288389
0.216	0.000288714
0.217	0.000289117
0.218	0.000289601
0.219	0.000290169
0.22	0.000290821
0.221	0.00029156
0.222	0.000292388
0.223	0.000293305
0.224	0.000294315
0.225	0.000295419
0.226	0.000296618
0.227	0.000297914
0.228	0.000299309
0.229	0.000300805
0.23	0.000302402
0.231	0.000304103
0.232	0.000305908
0.233	0.000307821
0.234	0.000309841
0.235	0.00031197
0.236	0.00031421
0.237	0.000316562
0.238	0.000319028
0.239	0.000321608
0.24	0.000324304
0.241	0.000327117
0.242	0.000330049
0.243	0.0003331
0.244	0.000336272
0.245	0.000339565
0.246	0.000342982
0.247	0.000346522
0.248	0.000350188
0.249	0.000353979
0.25	0.000357898
0.251	0.000361944
0.252	0.000366119
0.253	0.000370424
0.254	0.000374859
0.255	0.000379426
0.256	0.000384125
0.257	0.000388957
0.258	0.000393923
0.259	0.000399023
0.26	0.000404258
0.261	0.000409629
0.262	0.000415136
0.263	0.000420781
0.264	0.000426563
0.265	0.000432484
0.266	0.000438543
0.267	0.000444742
0.268	0.000451081
0.269	0.000457559
0.27	0.000464179
0.271	0.00047094
0.272	0.000477842
0.273	0.000484887
0.274	0.000492074
0.275	0.000499404
0.276	0.000506876
0.277	0.000514493
0.278	0.000522252
0.279	0.000530156
0.28	0.000538204
0.281	0.000546397
0.282	0.000554734
0.283	0.000563216
0.284	0.000571843
0.285	0.000580615
0.286	0.000589533
0.287	0.000598596
0.288	0.000607805
0.289	0.000617159
0.29	0.00062666
0.291	0.000636306
0.292	0.000646099
0.293	0.000656037
0.294	0.000666122
0.295	0.000676353
0.296	0.000686729
0.297	0.000697253
0.298	0.000707922
0.299	0.000718738
0.3	0.000729699
0.301	0.000740807
0.302	0.000752061
0.303	0.000763461
0.304	0.000775008
0.305	0.0007867
0.306	0.000798538
0.307	0.000810522
0.308	0.000822652
0.309	0.000834928
0.31	0.000847349
0.311	0.000859916
0.312	0.000872629
0.313	0.000885487
0.314	0.000898491
0.315	0.00091164
0.316	0.000924934
0.317	0.000938373
0.318	0.000951958
0.319	0.000965687
0.32	0.000979562
0.321	0.000993581
0.322	0.00100775
0.323	0.00102205
0.324	0.00103651
0.325	0.00105111
0.326	0.00106585
0.327	0.00108074
0.328	0.00109577
0.329	0.00111095
0.33	0.00112627
0.331	0.00114173
0.332	0.00115734
0.333	0.0011731
0.334	0.001189
0.335	0.00120504
0.336	0.00122123
0.337	0.00123756
0.338	0.00125404
0.339	0.00127066
0.34	0.00128743
0.341	0.00130434
0.342	0.0013214
0.343	0.0013386
0.344	0.00135595
0.345	0.00137344
0.346	0.00139108
0.347	0.00140887
0.348	0.0014268
0.349	0.00144488
0.35	0.0014631
0.351	0.00148148
0.352	0.00149999
0.353	0.00151866
0.354	0.00153747
0.355	0.00155644
0.356	0.00157555
0.357	0.00159481
0.358	0.00161422
0.359	0.00163378
0.36	0.00165349
0.361	0.00167335
0.362	0.00169336
0.363	0.00171352
0.364	0.00173384
0.365	0.00175431
0.366	0.00177493
0.367	0.00179571
0.368	0.00181664
0.369	0.00183773
0.37	0.00185897
0.371	0.00188038
0.372	0.00190194
0.373	0.00192365
0.374	0.00194553
0.375	0.00196757
0.376	0.00198977
0.377	0.00201214
0.378	0.00203466
0.379	0.00205735
0.38	0.00208021
0.381	0.00210323
0.382	0.00212643
0.383	0.00214979
0.384	0.00217332
0.385	0.00219702
0.386	0.00222089
0.387	0.00224494
0.388	0.00226916
0.389	0.00229356
0.39	0.00231814
0.391	0.0023429
0.392	0.00236784
0.393	0.00239296
0.394	0.00241826
0.395	0.00244376
0.396	0.00246943
0.397	0.0024953
0.398	0.00252136
0.399	0.00254761
0.4	0.00257406
0.401	0.0026007
0.402	0.00262754
0.403	0.00265458
0.404	0.00268182
0.405	0.00270927
0.406	0.00273692
0.407	0.00276478
0.408	0.00279285
0.409	0.00282114
0.41	0.00284964
0.411	0.00287835
0.412	0.00290729
0.413	0.00293645
0.414	0.00296583
0.415	0.00299544
0.416	0.00302528
0.417	0.00305536
0.418	0.00308566
0.419	0.00311621
0.42	0.00314699
0.421	0.00317802
0.422	0.0032093
0.423	0.00324082
0.424	0.0032726
0.425	0.00330463
0.426	0.00333691
0.427	0.00336946
0.428	0.00340228
0.429	0.00343536
0.43	0.00346871
0.431	0.00350233
0.432	0.00353624
0.433	0.00357042
0.434	0.00360489
0.435	0.00363964
0.436	0.00367469
0.437	0.00371003
0.438	0.00374567
0.439	0.00378161
0.44	0.00381786
0.441	0.00385442
0.442	0.0038913
0.443	0.00392849
0.444	0.003966
0.445	0.00400384
0.446	0.00404201
0.447	0.00408052
0.448	0.00411936
0.449	0.00415855
0.45	0.00419808
0.451	0.00423797
0.452	0.00427821
0.453	0.00431882
0.454	0.00435979
0.455	0.00440113
0.456	0.00444284
0.457	0.00448494
0.458	0.00452742
0.459	0.00457029
0.46	0.00461355
0.461	0.00465722
0.462	0.00470129
0.463	0.00474577
0.464	0.00479066
0.465	0.00483598
0.466	0.00488172
0.467	0.00492789
0.468	0.0049745
0.469	0.00502156
0.47	0.00506906
0.471	0.00511701
0.472	0.00516543
0.473	0.00521431
0.474	0.00526366
0.475	0.00531349
0.476	0.0053638
0.477	0.0054146
0.478	0.0054659
0.479	0.0055177
0.48	0.00557001
0.481	0.00562283
0.482	0.00567617
0.483	0.00573005
0.484	0.00578445
0.485	0.0058394
0.486	0.00589489
0.487	0.00595093
0.488	0.00600754
0.489	0.00606472
0.49	0.00612247
0.491	0.0061808
0.492	0.00623972
0.493	0.00629924
0.494	0.00635936
0.495	0.00642009
0.496	0.00648144
0.497	0.00654342
0.498	0.00660603
0.499	0.00666928
0.5	0.00673317
0.501	0.00679773
0.502	0.00686295
0.503	0.00692884
0.504	0.00699541
0.505	0.00706267
0.506	0.00713063
0.507	0.00719929
0.508	0.00726866
0.509	0.00733876
0.51	0.00740958
0.511	0.00748115
0.512	0.00755346
0.513	0.00762652
0.514	0.00770035
0.515	0.00777496
0.516	0.00785034
0.517	0.00792652
0.518	0.0080035
0.519	0.00808129
0.52	0.00815989
0.521	0.00823933
0.522	0.0083196
0.523	0.00840072
0.524	0.00848269
0.525	0.00856553
0.526	0.00864925
0.527	0.00873386
0.528	0.00881936
0.529	0.00890576
0.53	0.00899308
0.531	0.00908133
0.532	0.00917052
0.533	0.00926065
0.534	0.00935174
0.535	0.00944379
0.536	0.00953683
0.537	0.00963085
0.538	0.00972587
0.539	0.00982191
0.54	0.00991897
0.541	0.0100171
0.542	0.0101162
0.543	0.0102164
0.544	0.0103176
0.545	0.01042
0.546	0.0105234
0.547	0.0106279
0.548	0.0107336
0.549	0.0108403
0.55	0.0109482
0.551	0.0110573
0.552	0.0111675
0.553	0.0112789
0.554	0.0113914
0.555	0.0115052
0.556	0.0116202
0.557	0.0117364
0.558	0.0118538
0.559	0.0119725
0.56	0.0120925
0.561	0.0122137
0.562	0.0123362
0.563	0.0124601
0.564	0.0125852
0.565	0.0127117
0.566	0.0128395
0.567	0.0129686
0.568	0.0130992
0.569	0.0132311
0.57	0.0133644
0.571	0.0134991
0.572	0.0136353
0.573	0.0137729
0.574	0.0139119
0.575	0.0140524
0.576	0.0141945
0.577	0.014338
0.578	0.014483
0.579	0.0146295
0.58	0.0147776
0.581	0.0149273
0.582	0.0150785
0.583	0.0152314
0.584	0.0153858
0.585	0.0155419
0.586	0.0156996
0.587	0.015859
0.588	0.01602
0.589	0.0161827
0.59	0.0163472
0.591	0.0165133
0.592	0.0166812
0.593	0.0168509
0.594	0.0170223
0.595	0.0171956
0.596	0.0173706
0.597	0.0175475
0.598	0.0177262
0.599	0.0179068
0.6	0.0180892
0.601	0.0182736
0.602	0.0184599
0.603	0.0186481
0.604	0.0188382
0.605	0.0190304
0.606	0.0192245
0.607	0.0194207
0.608	0.0196189
0.609	0.0198191
0.61	0.0200214
0.611	0.0202258
0.612	0.0204324
0.613	0.020641
0.614	0.0208518
0.615	0.0210648
0.616	0.02128
0.617	0.0214974
0.618	0.021717
0.619	0.0219389
0.62	0.0221631
0.621	0.0223895
0.622	0.0226183
0.623	0.0228495
0.624	0.023083
0.625	0.0233189
0.626	0.0235573
0.627	0.023798
0.628	0.0240412
0.629	0.024287
0.63	0.0245352
0.631	0.0247859
0.632	0.0250393
0.633	0.0252952
0.634	0.0255537
0.635	0.0258148
0.636	0.0260786
0.637	0.0263451
0.638	0.0266142
0.639	0.0268861
0.64	0.0271608
0.641	0.0274383
0.642	0.0277185
0.643	0.0280017
0.644	0.0282876
0.645	0.0285765
0.646	0.0288683
0.647	0.029163
0.648	0.0294607
0.649	0.0297615
0.65	0.0300652
0.651	0.030372
0.652	0.0306819
0.653	0.030995
0.654	0.0313112
0.655	0.0316305
0.656	0.0319531
0.657	0.0322789
0.658	0.032608
0.659	0.0329404
0.66	0.0332761
0.661	0.0336152
0.662	0.0339578
0.663	0.0343037
0.664	0.0346531
0.665	0.035006
0.666	0.0353624
0.667	0.0357224
0.668	0.036086
0.669	0.0364533
0.67	0.0368242
0.671	0.0371988
0.672	0.0375771
0.673	0.0379593
0.674	0.0383452
0.675	0.038735
0.676	0.0391287
0.677	0.0395263
0.678	0.0399278
0.679	0.0403334
0.68	0.040743
0.681	0.0411567
0.682	0.0415745
0.683	0.0419964
0.684	0.0424226
0.685	0.042853
0.686	0.0432876
0.687	0.0437266
0.688	0.04417
0.689	0.0446177
0.69	0.0450699
0.691	0.0455266
0.692	0.0459878
0.693	0.0464536
0.694	0.046924
0.695	0.0473991
0.696	0.0478789
0.697	0.0483634
0.698	0.0488528
0.699	0.049347
0.7	0.0498461
0.701	0.0503501
0.702	0.0508592
0.703	0.0513733
0.704	0.0518924
0.705	0.0524168
0.706	0.0529463
0.707	0.053481
0.708	0.0540211
0.709	0.0545665
0.71	0.0551173
0.711	0.0556735
0.712	0.0562353
0.713	0.0568026
0.714	0.0573755
0.715	0.0579541
0.716	0.0585384
0.717	0.0591286
0.718	0.0597245
0.719	0.0603263
0.72	0.0609341
0.721	0.061548
0.722	0.0621679
0.723	0.0627939
0.724	0.0634261
0.725	0.0640646
0.726	0.0647094
0.727	0.0653605
0.728	0.0660182
0.729	0.0666823
0.73	0.067353
0.731	0.0680303
0.732	0.0687144
0.733	0.0694052
0.734	0.0701029
0.735	0.0708074
0.736	0.071519
0.737	0.0722376
0.738	0.0729633
0.739	0.0736962
0.74	0.0744364
0.741	0.0751839
0.742	0.0759388
0.743	0.0767011
0.744	0.0774711
0.745	0.0782487
0.746	0.079034
0.747	0.079827
0.748	0.080628
0.749	0.0814368
0.75	0.0822538
0.751	0.0830788
0.752	0.083912
0.753	0.0847534
0.754	0.0856033
0.755	0.0864615
0.756	0.0873283
0.757	0.0882037
0.758	0.0890878
0.759	0.0899807
0.76	0.0908825
0.761	0.0917932
0.762	0.092713
0.763	0.0936419
0.764	0.09458
0.765	0.0955275
0.766	0.0964845
0.767	0.0974509
0.768	0.098427
0.769	0.0994128
0.77	0.100408
0.771	0.101414
0.772	0.102429
0.773	0.103455
0.774	0.104491
0.775	0.105537
0.776	0.106594
0.777	0.107661
0.778	0.108739
0.779	0.109828
0.78	0.110927
0.781	0.112037
0.782	0.113159
0.783	0.114292
0.784	0.115436
0.785	0.116591
0.786	0.117758
0.787	0.118937
0.788	0.120128
0.789	0.12133
0.79	0.122544
0.791	0.123771
0.792	0.12501
0.793	0.126261
0.794	0.127525
0.795	0.128802
0.796	0.130091
0.797	0.131393
0.798	0.132708
0.799	0.134037
0.8	0.135379
0.801	0.136734
0.802	0.138103
0.803	0.139485
0.804	0.140882
0.805	0.142292
0.806	0.143717
0.807	0.145156
0.808	0.146609
0.809	0.148077
0.81	0.14956
0.811	0.151058
0.812	0.15257
0.813	0.154098
0.814	0.155642
0.815	0.157201
0.816	0.158775
0.817	0.160366
0.818	0.161972
0.819	0.163595
0.82	0.165234
0.821	0.166889
0.822	0.168561
0.823	0.17025
0.824	0.171956
0.825	0.17368
0.826	0.17542
0.827	0.177179
0.828	0.178954
0.829	0.180748
0.83	0.18256
0.831	0.184391
0.832	0.186239
0.833	0.188107
0.834	0.189993
0.835	0.191898
0.836	0.193823
0.837	0.195767
0.838	0.197731
0.839	0.199714
0.84	0.201718
0.841	0.203741
0.842	0.205786
0.843	0.207851
0.844	0.209936
0.845	0.212043
0.846	0.214172
0.847	0.216321
0.848	0.218493
0.849	0.220686
0.85	0.222902
0.851	0.22514
0.852	0.227401
0.853	0.229685
0.854	0.231991
0.855	0.234322
0.856	0.236675
0.857	0.239053
0.858	0.241455
0.859	0.24388
0.86	0.246331
0.861	0.248806
0.862	0.251307
0.863	0.253832
0.864	0.256384
0.865	0.258961
0.866	0.261564
0.867	0.264194
0.868	0.26685
0.869	0.269533
0.87	0.272244
0.871	0.274981
0.872	0.277747
0.873	0.280541
0.874	0.283362
0.875	0.286213
0.876	0.289092
0.877	0.292001
0.878	0.294939
0.879	0.297906
0.88	0.300904
0.881	0.303932
0.882	0.306991
0.883	0.310081
0.884	0.313202
0.885	0.316354
0.886	0.319539
0.887	0.322756
0.888	0.326005
0.889	0.329287
0.89	0.332603
0.891	0.335952
0.892	0.339334
0.893	0.342751
0.894	0.346203
0.895	0.34969
0.896	0.353212
0.897	0.356769
0.898	0.360362
0.899	0.363992
0.9	0.367659
0.901	0.371362
0.902	0.375103
0.903	0.378882
0.904	0.382698
0.905	0.386554
0.906	0.390448
0.907	0.394382
0.908	0.398355
0.909	0.402369
0.91	0.406423
0.911	0.410517
0.912	0.414654
0.913	0.418831
0.914	0.423051
0.915	0.427314
0.916	0.431619
0.917	0.435968
0.918	0.440361
0.919	0.444797
0.92	0.449279
0.921	0.453806
0.922	0.458378
0.923	0.462996
0.924	0.46766
0.925	0.472372
0.926	0.477131
0.927	0.481937
0.928	0.486792
0.929	0.491696
0.93	0.496649
0.931	0.501652
0.932	0.506704
0.933	0.511808
0.934	0.516962
0.935	0.522169
0.936	0.527427
0.937	0.532738
0.938	0.538103
0.939	0.543521
0.94	0.548993
0.941	0.55452
0.942	0.560102
0.943	0.56574
0.944	0.571434
0.945	0.577186
0.946	0.582994
0.947	0.588861
0.948	0.594786
0.949	0.60077
0.95	0.606814
0.951	0.612918
0.952	0.619083
0.953	0.625309
0.954	0.631597
0.955	0.637948
0.956	0.644362
0.957	0.65084
0.958	0.657382
0.959	0.663989
0.96	0.670661
0.961	0.6774
0.962	0.684205
0.963	0.691078
0.964	0.69802
0.965	0.70503
0.966	0.712109
0.967	0.719258
0.968	0.726478
0.969	0.733769
0.97	0.741133
0.971	0.748569
0.972	0.756079
0.973	0.763662
0.974	0.77132
0.975	0.779054
0.976	0.786864
0.977	0.794751
0.978	0.802716
0.979	0.810759
0.98	0.81888
0.981	0.827082
0.982	0.835364
0.983	0.843728
0.984	0.852173
0.985	0.860702
0.986	0.869314
0.987	0.87801
0.988	0.886791
0.989	0.895658
0.99	0.904612
0.991	0.913654
0.992	0.922783
0.993	0.932002
0.994	0.94131
0.995	0.95071
0.996	0.960201
0.997	0.969784
0.998	0.979461
0.999	0.989231
