# Interpolation data for function: (exp(10*x)-1)/(exp(10)-1)
0	0.00129317
0.001	0.00129317
0.002	0.00129317
0.003	0.00129317
0.004	0.00129317
0.005	0.00129317
0.006	0.00129317
0.007	0.00129317
0.008	0.00129317
0.009	0.00129317
0.01	0.00129317
0.011	0.00129317
0.012	0.00129317
0.013	0.00129317
0.014	0.00129317
0.015	0.00129317
0.016	0.00129317
0.017	0.00129317
0.018	0.00129317
0.019	0.00129317
0.02	0.00129317
0.021	0.00129317
0.022	0.00129317
0.023	0.00129317
0.024	0.00129317
0.025	0.00129317
0.026	0.00129317
0.027	0.00129317
0.028	0.00129317
0.029	0.00129317
0.03	0.00129317
0.031	0.00129317
0.032	0.00129317
0.033	0.00129317
0.034	0.00129317
0.035	0.00129317
0.036	0.00129317
0.037	0.00129317
0.038	0.00129317
0.039	0.00129317
0.04	0.00129317
0.041	0.00129317
0.042	0.00129317
0.043	0.00129317
0.044	0.00129317
0.045	0.00129317
0.046	0.00129317
0.047	0.00129317
0.048	0.00129317
0.049	0.00129317
0.05	0.00129317
0.051	0.00129317
0.052	0.00129317
0.053	0.00129317
0.054	0.00129317
0.055	0.00129317
0.056	0.00129317
0.057	0.00129317
0.058	0.00129317
0.059	0.00129317
0.06	0.00129317
0.061	0.00129317
0.062	0.00129317
0.063	0.00129317
0.064	0.00129317
0.065	0.00129317
0.066	0.00129317
0.067	0.00129317
0.068	0.00129317
0.069	0.00129317
0.07	0.00129317
0.071	0.00129317
0.072	0.00129317
0.073	0.00129317
0.074	0.00129317
0.075	0.00129317
0.076	0.00129317
0.077	0.00129317
0.078	0.00129317
0.079	0.00129317
0.08	0.00129317
0.081	0.00129317
0.082	0.00129317
0.083	0.00129317
0.084	0.00129317
0.085	0.00129317
0.086	0.00129317
0.087	0.00129317
0.088	0.00129317
0.089	0.00129317
0.09	0.00129317
0.091	0.00129317
0.092	0.00129317
0.093	0.00129317
0.094	0.00129317
0.095	0.00129317
0.096	0.00129317
0.097	0.00129317
0.098	0.00129317
0.099	0.00129317
0.1	0.00129317
0.101	0.00129317
0.102	0.00129317
0.103	0.00129317
0.104	0.00129317
0.105	0.00129317
0.106	0.00129317
0.107	0.00129317
0.108	0.00129317
0.109	0.00129317
0.11	0.00129317
0.111	0.00129317
0.112	0.00129317
0.113	0.00129317
0.114	0.00129317
0.115	0.00129317
0.116	0.00129317
0.117	0.00129317
0.118	0.00129317
0.119	0.00129317
0.12	0.00129317
0.121	0.00129317
0.122	0.00129317
0.123	0.00129317
0.124	0.00129317
0.125	0.00129317
0.126	0.00129317
0.127	0.00129317
0.128	0.00129317
0.129	0.00129317
0.13	0.00129317
0.131	0.00129317
0.132	0.00129317
0.133	0.00129317
0.134	0.00129317
0.135	0.00129317
0.136	0.00129317
0.137	0.00129317
0.138	0.00129317
0.139	0.00129317
0.14	0.00129317
0.141	0.00129317
0.142	0.00129317
0.143	0.00129317
0.144	0.00129317
0.145	0.00129317
0.146	0.00129317
0.147	0.00129317
0.148	0.00129317
0.149	0.00129317
0.15	0.00129317
0.151	0.00129317
0.152	0.00129317
0.153	0.00129317
0.154	0.00129317
0.155	0.00129317
0.156	0.00129317
0.157	0.00129317
0.158	0.00129317
0.159	0.00129317
0.16	0.00129317
0.161	0.00129317
0.162	0.00129317
0.163	0.00129317
0.164	0.00129317
0.165	0.00129317
0.166	0.00129317
0.167	0.00129317
0.168	0.00129317
0.169	0.00129317
0.17	0.00129317
0.171	0.00129317
0.172	0.00129317
0.173	0.00129317
0.174	0.00129317
0.175	0.00129317
0.176	0.00129317
0.177	0.00129317
0.178	0.00129317
0.179	0.00129317
0.18	0.00129317
0.181	0.00129317
0.182	0.00129317
0.183	0.00129317
0.184	0.00129317
0.185	0.00129317
0.186	0.00129317
0.187	0.00129317
0.188	0.00129317
0.189	0.00129317
0.19	0.00129317
0.191	0.00129317
0.192	0.00129317
0.193	0.00129317
0.194	0.00129317
0.195	0.00129317
0.196	0.00129317
0.197	0.00129317
0.198	0.00129317
0.199	0.00129317
0.2	0.00129317
0.201	0.00129317
0.202	0.00129317
0.203	0.00129317
0.204	0.00129317
0.205	0.00129317
0.206	0.00129317
0.207	0.00129317
0.208	0.00129317
0.209	0.00129317
0.21	0.00129317
0.211	0.00129317
0.212	0.00129317
0.213	0.00129317
0.214	0.00129317
0.215	0.00129317
0.216	0.00129317
0.217	0.00129317
0.218	0.00129317
0.219	0.00129317
0.22	0.00129317
0.221	0.00129317
0.222	0.00129317
0.223	0.00129317
0.224	0.00129317
0.225	0.00129317
0.226	0.00129317
0.227	0.00129317
0.228	0.00129317
0.229	0.00129317
0.23	0.00129317
0.231	0.00129317
0.232	0.00129317
0.233	0.00129317
0.234	0.00129317
0.235	0.00129317
0.236	0.00129317
0.237	0.00129317
0.238	0.00129317
0.239	0.00129317
0.24	0.00129317
0.241	0.00129317
0.242	0.00129317
0.243	0.00129317
0.244	0.00129317
0.245	0.00129317
0.246	0.00129317
0.247	0.00129317
0.248	0.00129317
0.249	0.00129317
0.25	0.00129317
0.251	0.00129317
0.252	0.00129317
0.253	0.00129317
0.254	0.00129317
0.255	0.00129317
0.256	0.00129317
0.257	0.00129317
0.258	0.00129317
0.259	0.00129317
0.26	0.00129317
0.261	0.00129317
0.262	0.00129317
0.263	0.00129317
0.264	0.00129317
0.265	0.00129317
0.266	0.00129317
0.267	0.00129317
0.268	0.00129317
0.269	0.00129317
0.27	0.00129317
0.271	0.00129317
0.272	0.00129317
0.273	0.00129317
0.274	0.00129317
0.275	0.00129317
0.276	0.00129317
0.277	0.00129317
0.278	0.00129317
0.279	0.00129317
0.28	0.00129317
0.281	0.00129317
0.282	0.00129317
0.283	0.00129317
0.284	0.00129317
0.285	0.00129317
0.286	0.00129317
0.287	0.00129317
0.288	0.00129317
0.289	0.00129317
0.29	0.00129317
0.291	0.00129317
0.292	0.00129317
0.293	0.00129317
0.294	0.00129317
0.295	0.00129317
0.296	0.00129317
0.297	0.00129317
0.298	0.00129317
0.299	0.00129317
0.3	0.00129317
0.301	0.00129317
0.302	0.00129317
0.303	0.00129317
0.304	0.00129317
0.305	0.00129317
0.306	0.00129317
0.307	0.00129317
0.308	0.00129317
0.309	0.00129317
0.31	0.00129317
0.311	0.00129317
0.312	0.00129317
0.313	0.00129317
0.314	0.00129317
0.315	0.00129317
0.316	0.00129317
0.317	0.00129317
0.318	0.00129317
0.319	0.00129317
0.32	0.00129317
0.321	0.00129317
0.322	0.00129317
0.323	0.00129317
0.324	0.00129317
0.325	0.00129317
0.326	0.00129317
0.327	0.00129317
0.328	0.00129317
0.329	0.00129317
0.33	0.00129317
0.331	0.00129317
0.332	0.00129317
0.333	0.00129317
0.334	0.00129317
0.335	0.00129317
0.336	0.00129317
0.337	0.00129317
0.338	0.00129317
0.339	0.00129317
0.34	0.00129317
0.341	0.00129317
0.342	0.00129317
0.343	0.00129317
0.344	0.00129317
0.345	0.00129317
0.346	0.00129317
0.347	0.00129317
0.348	0.00129317
0.349	0.00129317
0.35	0.00129317
0.351	0.00129317
0.352	0.00129317
0.353	0.00129317
0.354	0.00129317
0.355	0.00129317
0.356	0.00129317
0.357	0.00129317
0.358	0.00129317
0.359	0.00129317
0.36	0.00129317
0.361	0.00129317
0.362	0.00129317
0.363	0.00129317
0.364	0.00129317
0.365	0.00129317
0.366	0.00129317
0.367	0.00129317
0.368	0.00129317
0.369	0.00129317
0.37	0.00129317
0.371	0.00129317
0.372	0.00129317
0.373	0.00129317
0.374	0.00129317
0.375	0.00129317
0.376	0.00129317
0.377	0.00129317
0.378	0.00129317
0.379	0.00129317
0.38	0.00129317
0.381	0.00129317
0.382	0.00129317
0.383	0.00129317
0.384	0.00129317
0.385	0.00129317
0.386	0.00129317
0.387	0.00129317
0.388	0.00129317
0.389	0.00129317
0.39	0.00129317
0.391	0.00129317
0.392	0.00129317
0.393	0.00129317
0.394	0.00129317
0.395	0.00129317
0.396	0.00129317
0.397	0.00129317
0.398	0.00129317
0.399	0.00129317
0.4	0.00129317
0.401	0.00129317
0.402	0.00129317
0.403	0.00129317
0.404	0.00129317
0.405	0.00129317
0.406	0.00129317
0.407	0.00129317
0.408	0.00129317
0.409	0.00129317
0.41	0.00129317
0.411	0.00129317
0.412	0.00129317
0.413	0.00129317
0.414	0.00129317
0.415	0.00129317
0.416	0.00129317
0.417	0.00129317
0.418	0.00129317
0.419	0.00129317
0.42	0.00129317
0.421	0.00129317
0.422	0.00129317
0.423	0.00129317
0.424	0.00129317
0.425	0.00129317
0.426	0.00129317
0.427	0.00129317
0.428	0.00129317
0.429	0.00129317
0.43	0.00129317
0.431	0.00129317
0.432	0.00129317
0.433	0.00129317
0.434	0.00129317
0.435	0.00129317
0.436	0.00129317
0.437	0.00129317
0.438	0.00129317
0.439	0.00129317
0.44	0.00129317
0.441	0.00129317
0.442	0.00129317
0.443	0.00129317
0.444	0.00129317
0.445	0.00129317
0.446	0.00129317
0.447	0.00129317
0.448	0.00129317
0.449	0.00129317
0.45	0.00129317
0.451	0.00129317
0.452	0.00129317
0.453	0.00129317
0.454	0.00129317
0.455	0.00129317
0.456	0.00129317
0.457	0.00129317
0.458	0.00129317
0.459	0.00129317
0.46	0.00129317
0.461	0.00129317
0.462	0.00129317
0.463	0.00129317
0.464	0.00129317
0.465	0.00129317
0.466	0.00129317
0.467	0.00129317
0.468	0.00129317
0.469	0.00129317
0.47	0.00129317
0.471	0.00129317
0.472	0.00129317
0.473	0.00129317
0.474	0.00129317
0.475	0.00129317
0.476	0.00129317
0.477	0.00129317
0.478	0.00129317
0.479	0.00129317
0.48	0.00129317
0.481	0.00129317
0.482	0.00129317
0.483	0.00129317
0.484	0.00129317
0.485	0.00129317
0.486	0.00129317
0.487	0.00129317
0.488	0.00129317
0.489	0.00129317
0.49	0.00129317
0.491	0.00129317
0.492	0.00129317
0.493	0.00129317
0.494	0.00129317
0.495	0.00129317
0.496	0.00129317
0.497	0.00129317
0.498	0.00129317
0.499	0.00129317
0.5	0.0154538
0.501	0.0150407
0.502	0.0146403
0.503	0.0142524
0.504	0.013877
0.505	0.0135138
0.506	0.0131627
0.507	0.0128236
0.508	0.0124963
0.509	0.0121806
0.51	0.0118765
0.511	0.0115836
0.512	0.0113021
0.513	0.0110315
0.514	0.010772
0.515	0.0105232
0.516	0.010285
0.517	0.0100574
0.518	0.00984014
0.519	0.00963312
0.52	0.00943619
0.521	0.00924923
0.522	0.0090721
0.523	0.00890466
0.524	0.0087468
0.525	0.00859836
0.526	0.00845924
0.527	0.00832928
0.528	0.00820838
0.529	0.00809641
0.53	0.00799323
0.531	0.00789873
0.532	0.00781277
0.533	0.00773525
0.534	0.00766604
0.535	0.00760501
0.536	0.00755206
0.537	0.00750706
0.538	0.00746989
0.539	0.00744045
0.54	0.00741861
0.541	0.00740426
0.542	0.0073973
0.543	0.00739761
0.544	0.00740508
0.545	0.00741959
0.546	0.00744106
0.547	0.00746935
0.548	0.00750438
0.549	0.00754604
0.55	0.00759422
0.551	0.00764882
0.552	0.00770974
0.553	0.00777687
0.554	0.00785013
0.555	0.00792941
0.556	0.00801462
0.557	0.00810565
0.558	0.00820242
0.559	0.00830483
0.56	0.00841279
0.561	0.0085262
0.562	0.00864498
0.563	0.00876903
0.564	0.00889828
0.565	0.00903262
0.566	0.00917198
0.567	0.00931627
0.568	0.00946541
0.569	0.0096193
0.57	0.00977788
0.571	0.00994106
0.572	0.0101088
0.573	0.0102809
0.574	0.0104574
0.575	0.0106382
0.576	0.0108232
0.577	0.0110124
0.578	0.0112056
0.579	0.0114028
0.58	0.0116039
0.581	0.0118089
0.582	0.0120177
0.583	0.0122302
0.584	0.0124463
0.585	0.012666
0.586	0.0128893
0.587	0.0131159
0.588	0.013346
0.589	0.0135795
0.59	0.0138162
0.591	0.0140561
0.592	0.0142991
0.593	0.0145453
0.594	0.0147945
0.595	0.0150467
0.596	0.0153018
0.597	0.0155599
0.598	0.0158207
0.599	0.0160843
0.6	0.0163507
0.601	0.0166197
0.602	0.0168914
0.603	0.0171657
0.604	0.0174425
0.605	0.0177218
0.606	0.0180036
0.607	0.0182878
0.608	0.0185743
0.609	0.0188632
0.61	0.0191544
0.611	0.0194479
0.612	0.0197436
0.613	0.0200415
0.614	0.0203415
0.615	0.0206437
0.616	0.0209479
0.617	0.0212542
0.618	0.0215626
0.619	0.0218729
0.62	0.0221852
0.621	0.0224995
0.622	0.0228156
0.623	0.0231337
0.624	0.0234537
0.625	0.0237755
0.626	0.0240991
0.627	0.0244246
0.628	0.0247518
0.629	0.0250808
0.63	0.0254116
0.631	0.0257441
0.632	0.0260783
0.633	0.0264143
0.634	0.026752
0.635	0.0270913
0.636	0.0274323
0.637	0.027775
0.638	0.0281194
0.639	0.0284654
0.64	0.0288131
0.641	0.0291624
0.642	0.0295133
0.643	0.0298659
0.644	0.0302202
0.645	0.030576
0.646	0.0309335
0.647	0.0312927
0.648	0.0316534
0.649	0.0320159
0.65	0.03238
0.651	0.0327457
0.652	0.0331131
0.653	0.0334822
0.654	0.0338529
0.655	0.0342253
0.656	0.0345995
0.657	0.0349754
0.658	0.0353529
0.659	0.0357323
0.66	0.0361134
0.661	0.0364962
0.662	0.0368809
0.663	0.0372674
0.664	0.0376557
0.665	0.0380458
0.666	0.0384379
0.667	0.0388318
0.668	0.0392277
0.669	0.0396255
0.67	0.0400253
0.671	0.0404271
0.672	0.0408309
0.673	0.0412368
0.674	0.0416448
0.675	0.0420549
0.676	0.0424672
0.677	0.0428817
0.678	0.0432984
0.679	0.0437173
0.68	0.0441386
0.681	0.0445622
0.682	0.0449882
0.683	0.0454166
0.684	0.0458475
0.685	0.0462809
0.686	0.0467168
0.687	0.0471553
0.688	0.0475965
0.689	0.0480403
0.69	0.0484869
0.691	0.0489363
0.692	0.0493885
0.693	0.0498436
0.694	0.0503017
0.695	0.0507627
0.696	0.0512268
0.697	0.051694
0.698	0.0521643
0.699	0.0526379
0.7	0.0531148
0.701	0.053595
0.702	0.0540786
0.703	0.0545656
0.704	0.0550562
0.705	0.0555504
0.706	0.0560483
0.707	0.0565498
0.708	0.0570552
0.709	0.0575644
0.71	0.0580775
0.711	0.0585947
0.712	0.0591159
0.713	0.0596413
0.714	0.0601709
0.715	0.0607048
0.716	0.061243
0.717	0.0617857
0.718	0.062333
0.719	0.0628848
0.72	0.0634414
0.721	0.0640027
0.722	0.0645689
0.723	0.06514
0.724	0.0657161
0.725	0.0662973
0.726	0.0668838
0.727	0.0674755
0.728	0.0680726
0.729	0.0686752
0.73	0.0692833
0.731	0.0698971
0.732	0.0705166
0.733	0.071142
0.734	0.0717733
0.735	0.0724106
0.736	0.0730541
0.737	0.0737038
0.738	0.0743598
0.739	0.0750223
0.74	0.0756913
0.741	0.0763669
0.742	0.0770493
0.743	0.0777385
0.744	0.0784347
0.745	0.0791379
0.746	0.0798484
0.747	0.0805661
0.748	0.0812911
0.749	0.0820237
0.75	0.082764
0.751	0.0835119
0.752	0.0842677
0.753	0.0850315
0.754	0.0858033
0.755	0.0865834
0.756	0.0873718
0.757	0.0881686
0.758	0.088974
0.759	0.089788
0.76	0.0906109
0.761	0.0914428
0.762	0.0922836
0.763	0.0931337
0.764	0.0939931
0.765	0.094862
0.766	0.0957404
0.767	0.0966285
0.768	0.0975265
0.769	0.0984345
0.77	0.0993526
0.771	0.100281
0.772	0.10122
0.773	0.102169
0.774	0.103129
0.775	0.104099
0.776	0.105081
0.777	0.106074
0.778	0.107078
0.779	0.108093
0.78	0.10912
0.781	0.110159
0.782	0.111209
0.783	0.112271
0.784	0.113346
0.785	0.114433
0.786	0.115532
0.787	0.116644
0.788	0.117768
0.789	0.118905
0.79	0.120056
0.791	0.121219
0.792	0.122396
0.793	0.123587
0.794	0.124791
0.795	0.126009
0.796	0.127241
0.797	0.128487
0.798	0.129748
0.799	0.131023
0.8	0.132312
0.801	0.133617
0.802	0.134936
0.803	0.136271
0.804	0.137621
0.805	0.138987
0.806	0.140368
0.807	0.141765
0.808	0.143178
0.809	0.144608
0.81	0.146054
0.811	0.147516
0.812	0.148995
0.813	0.150491
0.814	0.152005
0.815	0.153535
0.816	0.155083
0.817	0.156649
0.818	0.158233
0.819	0.159834
0.82	0.161454
0.821	0.163092
0.822	0.164749
0.823	0.166425
0.824	0.16812
0.825	0.169834
0.826	0.171568
0.827	0.173321
0.828	0.175094
0.829	0.176886
0.83	0.178699
0.831	0.180533
0.832	0.182387
0.833	0.184262
0.834	0.186158
0.835	0.188075
0.836	0.190013
0.837	0.191974
0.838	0.193956
0.839	0.19596
0.84	0.197986
0.841	0.200035
0.842	0.202106
0.843	0.204201
0.844	0.206318
0.845	0.208459
0.846	0.210623
0.847	0.212811
0.848	0.215023
0.849	0.21726
0.85	0.219521
0.851	0.221806
0.852	0.224116
0.853	0.226452
0.854	0.228812
0.855	0.231199
0.856	0.233611
0.857	0.236049
0.858	0.238513
0.859	0.241004
0.86	0.243521
0.861	0.246066
0.862	0.248637
0.863	0.251236
0.864	0.253863
0.865	0.256518
0.866	0.2592
0.867	0.261911
0.868	0.264651
0.869	0.26742
0.87	0.270217
0.871	0.273044
0.872	0.275901
0.873	0.278787
0.874	0.281704
0.875	0.28465
0.876	0.287628
0.877	0.290636
0.878	0.293675
0.879	0.296746
0.88	0.299848
0.881	0.302982
0.882	0.306148
0.883	0.309346
0.884	0.312577
0.885	0.315841
0.886	0.319138
0.887	0.322469
0.888	0.325833
0.889	0.329231
0.89	0.332663
0.891	0.33613
0.892	0.339632
0.893	0.343168
0.894	0.34674
0.895	0.350347
0.896	0.35399
0.897	0.357669
0.898	0.361385
0.899	0.365137
0.9	0.368926
0.901	0.372752
0.902	0.376615
0.903	0.380517
0.904	0.384456
0.905	0.388434
0.906	0.39245
0.907	0.396505
0.908	0.400599
0.909	0.404733
0.91	0.408907
0.911	0.41312
0.912	0.417374
0.913	0.421668
0.914	0.426003
0.915	0.43038
0.916	0.434797
0.917	0.439257
0.918	0.443759
0.919	0.448303
0.92	0.452889
0.921	0.457519
0.922	0.462192
0.923	0.466908
0.924	0.471668
0.925	0.476473
0.926	0.481321
0.927	0.486215
0.928	0.491154
0.929	0.496138
0.93	0.501167
0.931	0.506243
0.932	0.511365
0.933	0.516534
0.934	0.521749
0.935	0.527012
0.936	0.532323
0.937	0.537681
0.938	0.543087
0.939	0.548542
0.94	0.554046
0.941	0.559599
0.942	0.565201
0.943	0.570853
0.944	0.576556
0.945	0.582308
0.946	0.588112
0.947	0.593967
0.948	0.599873
0.949	0.60583
0.95	0.61184
0.951	0.617903
0.952	0.624018
0.953	0.630186
0.954	0.636407
0.955	0.642683
0.956	0.649012
0.957	0.655396
0.958	0.661834
0.959	0.668328
0.96	0.674877
0.961	0.681482
0.962	0.688143
0.963	0.69486
0.964	0.701635
0.965	0.708466
0.966	0.715355
0.967	0.722302
0.968	0.729307
0.969	0.736371
0.97	0.743493
0.971	0.750675
0.972	0.757916
0.973	0.765218
0.974	0.772579
0.975	0.780002
0.976	0.787485
0.977	0.79503
0.978	0.802637
0.979	0.810306
0.98	0.818037
0.981	0.825831
0.982	0.833688
0.983	0.841609
0.984	0.849594
0.985	0.857643
0.986	0.865757
0.987	0.873936
0.988	0.88218
0.989	0.890491
0.99	0.898867
0.991	0.90731
0.992	0.91582
0.993	0.924397
0.994	0.933042
0.995	0.941755
0.996	0.950536
0.997	0.959386
0.998	0.968306
0.999	0.977295
