# Interpolation data for function: (exp(10*x)-1)/(exp(10)-1)
0	-6.85989e-06
0.001	-5.40086e-06
0.002	-4.01119e-06
0.003	-2.68731e-06
0.004	-1.42573e-06
0.005	-2.23104e-07
0.006	9.23811e-07
0.007	2.01814e-06
0.008	3.06291e-06
0.009	4.06101e-06
0.01	5.01527e-06
0.011	5.92839e-06
0.012	6.80297e-06
0.013	7.64154e-06
0.014	8.4465e-06
0.015	9.22019e-06
0.016	9.96486e-06
0.017	1.06826e-05
0.018	1.13756e-05
0.019	1.20458e-05
0.02	1.26951e-05
0.021	1.33254e-05
0.022	1.39384e-05
0.023	1.45357e-05
0.024	1.51192e-05
0.025	1.56902e-05
0.026	1.62503e-05
0.027	1.68009e-05
0.028	1.73434e-05
0.029	1.78791e-05
0.03	1.84093e-05
0.031	1.89351e-05
0.032	1.94577e-05
0.033	1.99781e-05
0.034	2.04975e-05
0.035	2.10168e-05
0.036	2.15369e-05
0.037	2.20588e-05
0.038	2.25833e-05
0.039	2.31111e-05
0.04	2.36432e-05
0.041	2.41802e-05
0.042	2.47228e-05
0.043	2.52717e-05
0.044	2.58274e-05
0.045	2.63906e-05
0.046	2.69618e-05
0.047	2.75416e-05
0.048	2.81304e-05
0.049	2.87287e-05
0.05	2.9337e-05
0.051	2.99556e-05
0.052	3.05849e-05
0.053	3.12252e-05
0.054	3.1877e-05
0.055	3.25405e-05
0.056	3.32161e-05
0.057	3.39038e-05
0.058	3.46041e-05
0.059	3.53172e-05
0.06	3.60432e-05
0.061	3.67824e-05
0.062	3.75349e-05
0.063	3.83009e-05
0.064	3.90805e-05
0.065	3.98739e-05
0.066	4.06811e-05
0.067	4.15024e-05
0.068	4.23378e-05
0.069	4.31873e-05
0.07	4.40511e-05
0.071	4.49291e-05
0.072	4.58216e-05
0.073	4.67284e-05
0.074	4.76497e-05
0.075	4.85854e-05
0.076	4.95356e-05
0.077	5.05004e-05
0.078	5.14796e-05
0.079	5.24734e-05
0.08	5.34817e-05
0.081	5.45045e-05
0.082	5.55419e-05
0.083	5.65937e-05
0.084	5.766e-05
0.085	5.87407e-05
0.086	5.98359e-05
0.087	6.09455e-05
0.088	6.20695e-05
0.089	6.32078e-05
0.09	6.43605e-05
0.091	6.55275e-05
0.092	6.67088e-05
0.093	6.79043e-05
0.094	6.91141e-05
0.095	7.0338e-05
0.096	7.15761e-05
0.097	7.28284e-05
0.098	7.40948e-05
0.099	7.53753e-05
0.1	7.66698e-05
0.101	7.79784e-05
0.102	7.93011e-05
0.103	8.06377e-05
0.104	8.19884e-05
0.105	8.33531e-05
0.106	8.47318e-05
0.107	8.61244e-05
0.108	8.75311e-05
0.109	8.89518e-05
0.11	9.03864e-05
0.111	9.18351e-05
0.112	9.32978e-05
0.113	9.47745e-05
0.114	9.62653e-05
0.115	9.77702e-05
0.116	9.92892e-05
0.117	0.000100822
0.118	0.00010237
0.119	0.000103931
0.12	0.000105507
0.121	0.000107097
0.122	0.000108702
0.123	0.000110321
0.124	0.000111955
0.125	0.000113603
0.126	0.000115265
0.127	0.000116943
0.128	0.000118635
0.129	0.000120343
0.13	0.000122065
0.131	0.000123802
0.132	0.000125555
0.133	0.000127323
0.134	0.000129106
0.135	0.000130905
0.136	0.000132719
0.137	0.00013455
0.138	0.000136396
0.139	0.000138258
0.14	0.000140137
0.141	0.000142032
0.142	0.000143943
0.143	0.000145871
0.144	0.000147816
0.145	0.000149778
0.146	0.000151757
0.147	0.000153754
0.148	0.000155768
0.149	0.0001578
0.15	0.000159849
0.151	0.000161917
0.152	0.000164003
0.153	0.000166108
0.154	0.000168231
0.155	0.000170373
0.156	0.000172534
0.157	0.000174715
0.158	0.000176916
0.159	0.000179136
0.16	0.000181376
0.161	0.000183637
0.162	0.000185918
0.163	0.00018822
0.164	0.000190543
0.165	0.000192888
0.166	0.000195254
0.167	0.000197641
0.168	0.000200051
0.169	0.000202484
0.17	0.000204939
0.171	0.000207417
0.172	0.000209918
0.173	0.000212443
0.174	0.000214992
0.175	0.000217565
0.176	0.000220162
0.177	0.000222784
0.178	0.000225431
0.179	0.000228104
0.18	0.000230802
0.181	0.000233526
0.182	0.000236276
0.183	0.000239054
0.184	0.000241858
0.185	0.000244689
0.186	0.000247548
0.187	0.000250435
0.188	0.000253351
0.189	0.000256295
0.19	0.000259268
0.191	0.000262271
0.192	0.000265303
0.193	0.000268366
0.194	0.000271459
0.195	0.000274583
0.196	0.000277738
0.197	0.000280925
0.198	0.000284143
0.199	0.000287395
0.2	0.000290678
0.201	0.000293995
0.202	0.000297346
0.203	0.00030073
0.204	0.000304149
0.205	0.000307603
0.206	0.000311091
0.207	0.000314615
0.208	0.000318176
0.209	0.000321772
0.21	0.000325405
0.211	0.000329076
0.212	0.000332784
0.213	0.00033653
0.214	0.000340314
0.215	0.000344138
0.216	0.000348001
0.217	0.000351903
0.218	0.000355846
0.219	0.000359829
0.22	0.000363854
0.221	0.00036792
0.222	0.000372028
0.223	0.000376179
0.224	0.000380372
0.225	0.000384609
0.226	0.00038889
0.227	0.000393215
0.228	0.000397585
0.229	0.000402
0.23	0.000406461
0.231	0.000410968
0.232	0.000415522
0.233	0.000420123
0.234	0.000424772
0.235	0.000429469
0.236	0.000434215
0.237	0.00043901
0.238	0.000443855
0.239	0.00044875
0.24	0.000453695
0.241	0.000458692
0.242	0.000463741
0.243	0.000468842
0.244	0.000473996
0.245	0.000479204
0.246	0.000484465
0.247	0.000489781
0.248	0.000495152
0.249	0.000500578
0.25	0.000506061
0.251	0.0005116
0.252	0.000517196
0.253	0.000522851
0.254	0.000528563
0.255	0.000534335
0.256	0.000540166
0.257	0.000546058
0.258	0.00055201
0.259	0.000558024
0.26	0.000564099
0.261	0.000570237
0.262	0.000576439
0.263	0.000582704
0.264	0.000589033
0.265	0.000595427
0.266	0.000601888
0.267	0.000608414
0.268	0.000615007
0.269	0.000621669
0.27	0.000628398
0.271	0.000635196
0.272	0.000642064
0.273	0.000649002
0.274	0.000656011
0.275	0.000663091
0.276	0.000670244
0.277	0.00067747
0.278	0.00068477
0.279	0.000692144
0.28	0.000699593
0.281	0.000707118
0.282	0.00071472
0.283	0.000722399
0.284	0.000730156
0.285	0.000737992
0.286	0.000745908
0.287	0.000753903
0.288	0.00076198
0.289	0.000770139
0.29	0.000778381
0.291	0.000786706
0.292	0.000795115
0.293	0.00080361
0.294	0.00081219
0.295	0.000820857
0.296	0.000829612
0.297	0.000838455
0.298	0.000847388
0.299	0.00085641
0.3	0.000865524
0.301	0.000874729
0.302	0.000884027
0.303	0.000893419
0.304	0.000902905
0.305	0.000912487
0.306	0.000922165
0.307	0.000931941
0.308	0.000941814
0.309	0.000951787
0.31	0.000961861
0.311	0.000972035
0.312	0.000982311
0.313	0.000992691
0.314	0.00100317
0.315	0.00101376
0.316	0.00102446
0.317	0.00103526
0.318	0.00104617
0.319	0.00105719
0.32	0.00106832
0.321	0.00107956
0.322	0.00109092
0.323	0.00110238
0.324	0.00111396
0.325	0.00112566
0.326	0.00113748
0.327	0.00114941
0.328	0.00116146
0.329	0.00117364
0.33	0.00118593
0.331	0.00119835
0.332	0.00121089
0.333	0.00122355
0.334	0.00123635
0.335	0.00124927
0.336	0.00126232
0.337	0.0012755
0.338	0.00128881
0.339	0.00130225
0.34	0.00131583
0.341	0.00132954
0.342	0.0013434
0.343	0.00135738
0.344	0.00137151
0.345	0.00138578
0.346	0.00140019
0.347	0.00141475
0.348	0.00142945
0.349	0.00144429
0.35	0.00145929
0.351	0.00147443
0.352	0.00148973
0.353	0.00150518
0.354	0.00152078
0.355	0.00153654
0.356	0.00155245
0.357	0.00156853
0.358	0.00158476
0.359	0.00160116
0.36	0.00161771
0.361	0.00163444
0.362	0.00165133
0.363	0.00166839
0.364	0.00168562
0.365	0.00170302
0.366	0.0017206
0.367	0.00173835
0.368	0.00175627
0.369	0.00177438
0.37	0.00179267
0.371	0.00181114
0.372	0.00182979
0.373	0.00184863
0.374	0.00186766
0.375	0.00188688
0.376	0.00190629
0.377	0.0019259
0.378	0.0019457
0.379	0.00196569
0.38	0.00198589
0.381	0.00200629
0.382	0.00202689
0.383	0.0020477
0.384	0.00206872
0.385	0.00208995
0.386	0.00211139
0.387	0.00213304
0.388	0.00215491
0.389	0.002177
0.39	0.00219931
0.391	0.00222184
0.392	0.0022446
0.393	0.00226759
0.394	0.00229081
0.395	0.00231425
0.396	0.00233794
0.397	0.00236186
0.398	0.00238602
0.399	0.00241042
0.4	0.00243507
0.401	0.00245996
0.402	0.0024851
0.403	0.0025105
0.404	0.00253615
0.405	0.00256205
0.406	0.00258822
0.407	0.00261465
0.408	0.00264134
0.409	0.0026683
0.41	0.00269553
0.411	0.00272303
0.412	0.00275081
0.413	0.00277887
0.414	0.00280721
0.415	0.00283584
0.416	0.00286475
0.417	0.00289395
0.418	0.00292344
0.419	0.00295323
0.42	0.00298332
0.421	0.00301372
0.422	0.00304441
0.423	0.00307542
0.424	0.00310674
0.425	0.00313837
0.426	0.00317032
0.427	0.00320259
0.428	0.00323518
0.429	0.0032681
0.43	0.00330135
0.431	0.00333494
0.432	0.00336887
0.433	0.00340313
0.434	0.00343774
0.435	0.0034727
0.436	0.00350801
0.437	0.00354367
0.438	0.0035797
0.439	0.00361608
0.44	0.00365283
0.441	0.00368996
0.442	0.00372745
0.443	0.00376532
0.444	0.00380357
0.445	0.00384221
0.446	0.00388124
0.447	0.00392066
0.448	0.00396047
0.449	0.00400069
0.45	0.00404131
0.451	0.00408234
0.452	0.00412378
0.453	0.00416564
0.454	0.00420793
0.455	0.00425063
0.456	0.00429377
0.457	0.00433734
0.458	0.00438135
0.459	0.0044258
0.46	0.00447071
0.461	0.00451606
0.462	0.00456187
0.463	0.00460814
0.464	0.00465487
0.465	0.00470208
0.466	0.00474976
0.467	0.00479793
0.468	0.00484657
0.469	0.00489571
0.47	0.00494535
0.471	0.00499548
0.472	0.00504611
0.473	0.00509726
0.474	0.00514892
0.475	0.00520111
0.476	0.00525381
0.477	0.00530705
0.478	0.00536083
0.479	0.00541515
0.48	0.00547001
0.481	0.00552543
0.482	0.0055814
0.483	0.00563794
0.484	0.00569505
0.485	0.00575273
0.486	0.00581099
0.487	0.00586984
0.488	0.00592929
0.489	0.00598933
0.49	0.00604997
0.491	0.00611123
0.492	0.0061731
0.493	0.0062356
0.494	0.00629873
0.495	0.00636249
0.496	0.00642689
0.497	0.00649194
0.498	0.00655765
0.499	0.00662402
0.5	0.00669106
0.501	0.00675877
0.502	0.00682716
0.503	0.00689625
0.504	0.00696602
0.505	0.0070365
0.506	0.00710769
0.507	0.0071796
0.508	0.00725223
0.509	0.00732559
0.51	0.00739969
0.511	0.00747454
0.512	0.00755014
0.513	0.0076265
0.514	0.00770362
0.515	0.00778153
0.516	0.00786022
0.517	0.0079397
0.518	0.00801998
0.519	0.00810107
0.52	0.00818297
0.521	0.0082657
0.522	0.00834926
0.523	0.00843366
0.524	0.00851891
0.525	0.00860502
0.526	0.00869199
0.527	0.00877984
0.528	0.00886858
0.529	0.0089582
0.53	0.00904873
0.531	0.00914017
0.532	0.00923252
0.533	0.00932581
0.534	0.00942003
0.535	0.00951521
0.536	0.00961134
0.537	0.00970843
0.538	0.0098065
0.539	0.00990556
0.54	0.0100056
0.541	0.0101067
0.542	0.0102088
0.543	0.0103119
0.544	0.010416
0.545	0.0105212
0.546	0.0106274
0.547	0.0107347
0.548	0.0108431
0.549	0.0109526
0.55	0.0110632
0.551	0.0111749
0.552	0.0112877
0.553	0.0114017
0.554	0.0115168
0.555	0.011633
0.556	0.0117504
0.557	0.011869
0.558	0.0119888
0.559	0.0121098
0.56	0.012232
0.561	0.0123555
0.562	0.0124801
0.563	0.0126061
0.564	0.0127333
0.565	0.0128618
0.566	0.0129915
0.567	0.0131226
0.568	0.013255
0.569	0.0133887
0.57	0.0135238
0.571	0.0136602
0.572	0.013798
0.573	0.0139372
0.574	0.0140777
0.575	0.0142197
0.576	0.0143631
0.577	0.014508
0.578	0.0146543
0.579	0.0148021
0.58	0.0149513
0.581	0.0151021
0.582	0.0152544
0.583	0.0154082
0.584	0.0155635
0.585	0.0157204
0.586	0.0158789
0.587	0.016039
0.588	0.0162007
0.589	0.016364
0.59	0.0165289
0.591	0.0166956
0.592	0.0168638
0.593	0.0170338
0.594	0.0172055
0.595	0.0173789
0.596	0.017554
0.597	0.0177309
0.598	0.0179096
0.599	0.0180901
0.6	0.0182724
0.601	0.0184565
0.602	0.0186425
0.603	0.0188303
0.604	0.01902
0.605	0.0192117
0.606	0.0194052
0.607	0.0196007
0.608	0.0197982
0.609	0.0199976
0.61	0.0201991
0.611	0.0204025
0.612	0.020608
0.613	0.0208156
0.614	0.0210253
0.615	0.0212371
0.616	0.021451
0.617	0.021667
0.618	0.0218852
0.619	0.0221056
0.62	0.0223282
0.621	0.0225531
0.622	0.0227802
0.623	0.0230096
0.624	0.0232413
0.625	0.0234753
0.626	0.0237117
0.627	0.0239505
0.628	0.0241916
0.629	0.0244352
0.63	0.0246812
0.631	0.0249297
0.632	0.0251807
0.633	0.0254342
0.634	0.0256902
0.635	0.0259489
0.636	0.0262101
0.637	0.0264739
0.638	0.0267404
0.639	0.0270096
0.64	0.0272815
0.641	0.0275561
0.642	0.0278335
0.643	0.0281136
0.644	0.0283966
0.645	0.0286824
0.646	0.0289711
0.647	0.0292627
0.648	0.0295572
0.649	0.0298546
0.65	0.0301551
0.651	0.0304586
0.652	0.0307651
0.653	0.0310747
0.654	0.0313874
0.655	0.0317033
0.656	0.0320223
0.657	0.0323446
0.658	0.03267
0.659	0.0329988
0.66	0.0333308
0.661	0.0336662
0.662	0.034005
0.663	0.0343471
0.664	0.0346927
0.665	0.0350418
0.666	0.0353944
0.667	0.0357505
0.668	0.0361102
0.669	0.0364735
0.67	0.0368405
0.671	0.0372112
0.672	0.0375855
0.673	0.0379637
0.674	0.0383456
0.675	0.0387314
0.676	0.039121
0.677	0.0395146
0.678	0.0399121
0.679	0.0403137
0.68	0.0407192
0.681	0.0411289
0.682	0.0415426
0.683	0.0419605
0.684	0.0423826
0.685	0.042809
0.686	0.0432396
0.687	0.0436746
0.688	0.0441139
0.689	0.0445577
0.69	0.0450059
0.691	0.0454586
0.692	0.0459159
0.693	0.0463777
0.694	0.0468442
0.695	0.0473154
0.696	0.0477914
0.697	0.0482721
0.698	0.0487576
0.699	0.0492481
0.7	0.0497434
0.701	0.0502437
0.702	0.0507491
0.703	0.0512596
0.704	0.0517751
0.705	0.0522959
0.706	0.0528219
0.707	0.0533532
0.708	0.0538898
0.709	0.0544318
0.71	0.0549793
0.711	0.0555322
0.712	0.0560908
0.713	0.0566549
0.714	0.0572247
0.715	0.0578003
0.716	0.0583816
0.717	0.0589687
0.718	0.0595618
0.719	0.0601608
0.72	0.0607659
0.721	0.061377
0.722	0.0619943
0.723	0.0626178
0.724	0.0632476
0.725	0.0638836
0.726	0.0645261
0.727	0.0651751
0.728	0.0658305
0.729	0.0664926
0.73	0.0671613
0.731	0.0678367
0.732	0.0685189
0.733	0.069208
0.734	0.069904
0.735	0.070607
0.736	0.0713171
0.737	0.0720343
0.738	0.0727587
0.739	0.0734904
0.74	0.0742294
0.741	0.0749759
0.742	0.0757299
0.743	0.0764915
0.744	0.0772607
0.745	0.0780377
0.746	0.0788224
0.747	0.0796151
0.748	0.0804157
0.749	0.0812244
0.75	0.0820412
0.751	0.0828662
0.752	0.0836995
0.753	0.0845412
0.754	0.0853913
0.755	0.08625
0.756	0.0871173
0.757	0.0879933
0.758	0.0888782
0.759	0.0897719
0.76	0.0906746
0.761	0.0915864
0.762	0.0925074
0.763	0.0934376
0.764	0.0943772
0.765	0.0953262
0.766	0.0962847
0.767	0.0972529
0.768	0.0982309
0.769	0.0992186
0.77	0.100216
0.771	0.101224
0.772	0.102242
0.773	0.10327
0.774	0.104308
0.775	0.105357
0.776	0.106416
0.777	0.107487
0.778	0.108567
0.779	0.109659
0.78	0.110762
0.781	0.111875
0.782	0.113
0.783	0.114136
0.784	0.115284
0.785	0.116443
0.786	0.117614
0.787	0.118796
0.788	0.119991
0.789	0.121197
0.79	0.122416
0.791	0.123647
0.792	0.12489
0.793	0.126146
0.794	0.127414
0.795	0.128695
0.796	0.129989
0.797	0.131296
0.798	0.132616
0.799	0.133949
0.8	0.135296
0.801	0.136656
0.802	0.13803
0.803	0.139418
0.804	0.14082
0.805	0.142236
0.806	0.143666
0.807	0.14511
0.808	0.146569
0.809	0.148042
0.81	0.149531
0.811	0.151034
0.812	0.152553
0.813	0.154086
0.814	0.155635
0.815	0.1572
0.816	0.15878
0.817	0.160377
0.818	0.161989
0.819	0.163618
0.82	0.165262
0.821	0.166924
0.822	0.168602
0.823	0.170297
0.824	0.172009
0.825	0.173738
0.826	0.175485
0.827	0.177249
0.828	0.179031
0.829	0.180831
0.83	0.182648
0.831	0.184485
0.832	0.186339
0.833	0.188212
0.834	0.190104
0.835	0.192015
0.836	0.193946
0.837	0.195895
0.838	0.197865
0.839	0.199854
0.84	0.201863
0.841	0.203892
0.842	0.205941
0.843	0.208012
0.844	0.210103
0.845	0.212215
0.846	0.214348
0.847	0.216503
0.848	0.218679
0.849	0.220877
0.85	0.223097
0.851	0.22534
0.852	0.227605
0.853	0.229893
0.854	0.232204
0.855	0.234538
0.856	0.236895
0.857	0.239277
0.858	0.241682
0.859	0.244111
0.86	0.246565
0.861	0.249043
0.862	0.251547
0.863	0.254075
0.864	0.256629
0.865	0.259209
0.866	0.261814
0.867	0.264446
0.868	0.267104
0.869	0.269789
0.87	0.2725
0.871	0.27524
0.872	0.278006
0.873	0.2808
0.874	0.283623
0.875	0.286474
0.876	0.289353
0.877	0.292262
0.878	0.295199
0.879	0.298166
0.88	0.301163
0.881	0.30419
0.882	0.307248
0.883	0.310336
0.884	0.313455
0.885	0.316606
0.886	0.319788
0.887	0.323003
0.888	0.326249
0.889	0.329528
0.89	0.332841
0.891	0.336186
0.892	0.339565
0.893	0.342978
0.894	0.346426
0.895	0.349907
0.896	0.353424
0.897	0.356977
0.898	0.360565
0.899	0.364189
0.9	0.367849
0.901	0.371547
0.902	0.375281
0.903	0.379053
0.904	0.382863
0.905	0.386711
0.906	0.390598
0.907	0.394524
0.908	0.39849
0.909	0.402495
0.91	0.40654
0.911	0.410627
0.912	0.414754
0.913	0.418923
0.914	0.423133
0.915	0.427386
0.916	0.431682
0.917	0.436021
0.918	0.440403
0.919	0.44483
0.92	0.449301
0.921	0.453817
0.922	0.458378
0.923	0.462986
0.924	0.467639
0.925	0.47234
0.926	0.477087
0.927	0.481882
0.928	0.486726
0.929	0.491618
0.93	0.49656
0.931	0.501551
0.932	0.506592
0.933	0.511684
0.934	0.516827
0.935	0.522021
0.936	0.527268
0.937	0.532568
0.938	0.537921
0.939	0.543328
0.94	0.548789
0.941	0.554305
0.942	0.559876
0.943	0.565504
0.944	0.571188
0.945	0.576929
0.946	0.582728
0.947	0.588585
0.948	0.594501
0.949	0.600477
0.95	0.606512
0.951	0.612608
0.952	0.618766
0.953	0.624985
0.954	0.631267
0.955	0.637612
0.956	0.644021
0.957	0.650494
0.958	0.657032
0.959	0.663636
0.96	0.670306
0.961	0.677044
0.962	0.683849
0.963	0.690722
0.964	0.697665
0.965	0.704677
0.966	0.71176
0.967	0.718914
0.968	0.72614
0.969	0.733438
0.97	0.74081
0.971	0.748256
0.972	0.755776
0.973	0.763373
0.974	0.771045
0.975	0.778795
0.976	0.786622
0.977	0.794528
0.978	0.802514
0.979	0.81058
0.98	0.818726
0.981	0.826955
0.982	0.835266
0.983	0.843661
0.984	0.85214
0.985	0.860705
0.986	0.869355
0.987	0.878092
0.988	0.886917
0.989	0.895831
0.99	0.904834
0.991	0.913927
0.992	0.923112
0.993	0.932389
0.994	0.941759
0.995	0.951224
0.996	0.960783
0.997	0.970438
0.998	0.980191
0.999	0.990041
