# Interpolation data for function: (exp(10*x)-1)/(exp(10)-1)
0	0.1199
0.001	0.118822
0.002	0.117747
0.003	0.116675
0.004	0.115606
0.005	0.11454
0.006	0.113478
0.007	0.112418
0.008	0.111362
0.009	0.110308
0.01	0.109258
0.011	0.108211
0.012	0.107167
0.013	0.106127
0.014	0.105089
0.015	0.104054
0.016	0.103023
0.017	0.101995
0.018	0.100969
0.019	0.0999474
0.02	0.0989284
0.021	0.0979126
0.022	0.0968999
0.023	0.0958903
0.024	0.0948838
0.025	0.0938805
0.026	0.0928802
0.027	0.0918831
0.028	0.0908891
0.029	0.0898983
0.03	0.0889105
0.031	0.0879259
0.032	0.0869444
0.033	0.085966
0.034	0.0849907
0.035	0.0840185
0.036	0.0830495
0.037	0.0820836
0.038	0.0811208
0.039	0.0801611
0.04	0.0792046
0.041	0.0782511
0.042	0.0773008
0.043	0.0763536
0.044	0.0754095
0.045	0.0744686
0.046	0.0735308
0.047	0.072596
0.048	0.0716644
0.049	0.070736
0.05	0.0698106
0.051	0.0688884
0.052	0.0679692
0.053	0.0670532
0.054	0.0661404
0.055	0.0652306
0.056	0.064324
0.057	0.0634204
0.058	0.06252
0.059	0.0616228
0.06	0.0607286
0.061	0.0598376
0.062	0.0589496
0.063	0.0580648
0.064	0.0571832
0.065	0.0563046
0.066	0.0554291
0.067	0.0545568
0.068	0.0536876
0.069	0.0528215
0.07	0.0519586
0.071	0.0510987
0.072	0.050242
0.073	0.0493884
0.074	0.0485379
0.075	0.0476905
0.076	0.0468463
0.077	0.0460052
0.078	0.0451672
0.079	0.0443323
0.08	0.0435005
0.081	0.0426719
0.082	0.0418463
0.083	0.0410239
0.084	0.0402046
0.085	0.0393885
0.086	0.0385754
0.087	0.0377655
0.088	0.0369587
0.089	0.036155
0.09	0.0353544
0.091	0.034557
0.092	0.0337626
0.093	0.0329714
0.094	0.0321833
0.095	0.0313983
0.096	0.0306165
0.097	0.0298378
0.098	0.0290621
0.099	0.0282896
0.1	0.0275203
0.101	0.026754
0.102	0.0259909
0.103	0.0252309
0.104	0.024474
0.105	0.0237202
0.106	0.0229695
0.107	0.022222
0.108	0.0214776
0.109	0.0207363
0.11	0.0199981
0.111	0.0192631
0.112	0.0185311
0.113	0.0178023
0.114	0.0170766
0.115	0.016354
0.116	0.0156346
0.117	0.0149182
0.118	0.014205
0.119	0.0134949
0.12	0.0127879
0.121	0.0120841
0.122	0.0113833
0.123	0.0106857
0.124	0.00999119
0.125	0.0092998
0.126	0.00861154
0.127	0.0079264
0.128	0.00724437
0.129	0.00656547
0.13	0.00588968
0.131	0.00521702
0.132	0.00454747
0.133	0.00388105
0.134	0.00321774
0.135	0.00255756
0.136	0.00190049
0.137	0.00124654
0.138	0.000595717
0.139	-5.19901e-05
0.14	-0.000696578
0.141	-0.00133805
0.142	-0.00197639
0.143	-0.00261162
0.144	-0.00324373
0.145	-0.00387272
0.146	-0.00449859
0.147	-0.00512134
0.148	-0.00574097
0.149	-0.00635748
0.15	-0.00697087
0.151	-0.00758114
0.152	-0.0081883
0.153	-0.00879233
0.154	-0.00939324
0.155	-0.00999103
0.156	-0.0105857
0.157	-0.0111773
0.158	-0.0117657
0.159	-0.012351
0.16	-0.0129332
0.161	-0.0135123
0.162	-0.0140882
0.163	-0.0146611
0.164	-0.0152308
0.165	-0.0157974
0.166	-0.0163609
0.167	-0.0169212
0.168	-0.0174784
0.169	-0.0180326
0.17	-0.0185836
0.171	-0.0191314
0.172	-0.0196762
0.173	-0.0202178
0.174	-0.0207564
0.175	-0.0212918
0.176	-0.021824
0.177	-0.0223532
0.178	-0.0228792
0.179	-0.0234022
0.18	-0.023922
0.181	-0.0244386
0.182	-0.0249522
0.183	-0.0254626
0.184	-0.02597
0.185	-0.0264742
0.186	-0.0269752
0.187	-0.0274732
0.188	-0.0279681
0.189	-0.0284598
0.19	-0.0289484
0.191	-0.0294339
0.192	-0.0299162
0.193	-0.0303955
0.194	-0.0308716
0.195	-0.0313446
0.196	-0.0318145
0.197	-0.0322813
0.198	-0.0327449
0.199	-0.0332054
0.2	-0.0336628
0.201	-0.0341171
0.202	-0.0345683
0.203	-0.0350163
0.204	-0.0354613
0.205	-0.0359031
0.206	-0.0363418
0.207	-0.0367773
0.208	-0.0372098
0.209	-0.0376391
0.21	-0.0380653
0.211	-0.0384884
0.212	-0.0389084
0.213	-0.0393252
0.214	-0.039739
0.215	-0.0401496
0.216	-0.0405571
0.217	-0.0409615
0.218	-0.0413627
0.219	-0.0417608
0.22	-0.0421559
0.221	-0.0425477
0.222	-0.0429365
0.223	-0.0433222
0.224	-0.0437047
0.225	-0.0440841
0.226	-0.0444604
0.227	-0.0448336
0.228	-0.0452037
0.229	-0.0455706
0.23	-0.0459344
0.231	-0.0462951
0.232	-0.0466527
0.233	-0.0470071
0.234	-0.0473585
0.235	-0.0477067
0.236	-0.0480518
0.237	-0.0483938
0.238	-0.0487326
0.239	-0.0490684
0.24	-0.049401
0.241	-0.0497305
0.242	-0.0500569
0.243	-0.0503801
0.244	-0.0507003
0.245	-0.0510173
0.246	-0.0513312
0.247	-0.051642
0.248	-0.0519497
0.249	-0.0522542
0.25	-0.0525556
0.251	-0.0528539
0.252	-0.0531491
0.253	-0.0534412
0.254	-0.0537301
0.255	-0.0540159
0.256	-0.0542986
0.257	-0.0545782
0.258	-0.0548547
0.259	-0.055128
0.26	-0.0553983
0.261	-0.0556654
0.262	-0.0559294
0.263	-0.0561902
0.264	-0.056448
0.265	-0.0567026
0.266	-0.0569541
0.267	-0.0572025
0.268	-0.0574478
0.269	-0.0576899
0.27	-0.057929
0.271	-0.0581649
0.272	-0.0583977
0.273	-0.0586273
0.274	-0.0588539
0.275	-0.0590773
0.276	-0.0592976
0.277	-0.0595148
0.278	-0.0597289
0.279	-0.0599398
0.28	-0.0601477
0.281	-0.0603524
0.282	-0.060554
0.283	-0.0607525
0.284	-0.0609478
0.285	-0.0611401
0.286	-0.0613292
0.287	-0.0615152
0.288	-0.061698
0.289	-0.0618778
0.29	-0.0620544
0.291	-0.0622279
0.292	-0.0623983
0.293	-0.0625656
0.294	-0.0627298
0.295	-0.0628908
0.296	-0.0630487
0.297	-0.0632035
0.298	-0.0633552
0.299	-0.0635038
0.3	-0.0636492
0.301	-0.0637915
0.302	-0.0639307
0.303	-0.0640668
0.304	-0.0641998
0.305	-0.0643296
0.306	-0.0644563
0.307	-0.0645799
0.308	-0.0647004
0.309	-0.0648178
0.31	-0.064932
0.311	-0.0650432
0.312	-0.0651512
0.313	-0.065256
0.314	-0.0653578
0.315	-0.0654565
0.316	-0.065552
0.317	-0.0656444
0.318	-0.0657337
0.319	-0.0658198
0.32	-0.0659029
0.321	-0.0659828
0.322	-0.0660596
0.323	-0.0661333
0.324	-0.0662039
0.325	-0.0662713
0.326	-0.0663356
0.327	-0.0663969
0.328	-0.0664549
0.329	-0.0665099
0.33	-0.0665618
0.331	-0.0666105
0.332	-0.0666561
0.333	-0.0666986
0.334	-0.066738
0.335	-0.0667742
0.336	-0.0668074
0.337	-0.0668374
0.338	-0.0668643
0.339	-0.066888
0.34	-0.0669087
0.341	-0.0669262
0.342	-0.0669406
0.343	-0.0669519
0.344	-0.0669601
0.345	-0.0669652
0.346	-0.0669671
0.347	-0.0669659
0.348	-0.0669616
0.349	-0.0669542
0.35	-0.0669436
0.351	-0.06693
0.352	-0.0669132
0.353	-0.0668933
0.354	-0.0668703
0.355	-0.0668441
0.356	-0.0668149
0.357	-0.0667825
0.358	-0.066747
0.359	-0.0667084
0.36	-0.0666666
0.361	-0.0666218
0.362	-0.0665738
0.363	-0.0665227
0.364	-0.0664685
0.365	-0.0664111
0.366	-0.0663507
0.367	-0.0662871
0.368	-0.0662204
0.369	-0.0661506
0.37	-0.0660776
0.371	-0.0660016
0.372	-0.0659224
0.373	-0.0658401
0.374	-0.0657547
0.375	-0.0656661
0.376	-0.0655745
0.377	-0.0654797
0.378	-0.0653818
0.379	-0.0652808
0.38	-0.0651767
0.381	-0.0650694
0.382	-0.064959
0.383	-0.0648456
0.384	-0.0647289
0.385	-0.0646092
0.386	-0.0644864
0.387	-0.0643604
0.388	-0.0642313
0.389	-0.0640991
0.39	-0.0639638
0.391	-0.0638253
0.392	-0.0636837
0.393	-0.063539
0.394	-0.0633912
0.395	-0.0632403
0.396	-0.0630863
0.397	-0.0629291
0.398	-0.0627688
0.399	-0.0626054
0.4	-0.0624389
0.401	-0.0622692
0.402	-0.0620965
0.403	-0.0619206
0.404	-0.0617416
0.405	-0.0615594
0.406	-0.0613742
0.407	-0.0611858
0.408	-0.0609943
0.409	-0.0607997
0.41	-0.060602
0.411	-0.0604012
0.412	-0.0601972
0.413	-0.0599901
0.414	-0.0597799
0.415	-0.0595666
0.416	-0.0593502
0.417	-0.0591306
0.418	-0.0589079
0.419	-0.0586821
0.42	-0.0584532
0.421	-0.0582211
0.422	-0.057986
0.423	-0.0577477
0.424	-0.0575063
0.425	-0.0572618
0.426	-0.0570141
0.427	-0.0567634
0.428	-0.0565095
0.429	-0.0562525
0.43	-0.0559924
0.431	-0.0557292
0.432	-0.0554628
0.433	-0.0551933
0.434	-0.0549207
0.435	-0.054645
0.436	-0.0543662
0.437	-0.0540842
0.438	-0.0537991
0.439	-0.053511
0.44	-0.0532196
0.441	-0.0529252
0.442	-0.0526277
0.443	-0.052327
0.444	-0.0520232
0.445	-0.0517163
0.446	-0.0514062
0.447	-0.0510931
0.448	-0.0507768
0.449	-0.0504574
0.45	-0.0501349
0.451	-0.0498093
0.452	-0.0494805
0.453	-0.0491487
0.454	-0.0488137
0.455	-0.0484756
0.456	-0.0481343
0.457	-0.04779
0.458	-0.0474425
0.459	-0.0470919
0.46	-0.0467382
0.461	-0.0463814
0.462	-0.0460214
0.463	-0.0456584
0.464	-0.0452922
0.465	-0.0449229
0.466	-0.0445505
0.467	-0.0441749
0.468	-0.0437963
0.469	-0.0434145
0.47	-0.0430296
0.471	-0.0426415
0.472	-0.0422504
0.473	-0.0418561
0.474	-0.0414587
0.475	-0.0410582
0.476	-0.0406546
0.477	-0.0402479
0.478	-0.039838
0.479	-0.039425
0.48	-0.0390089
0.481	-0.0385897
0.482	-0.0381674
0.483	-0.0377419
0.484	-0.0373133
0.485	-0.0368816
0.486	-0.0364468
0.487	-0.0360089
0.488	-0.0355678
0.489	-0.0351236
0.49	-0.0346763
0.491	-0.0342259
0.492	-0.0337724
0.493	-0.0333157
0.494	-0.032856
0.495	-0.0323931
0.496	-0.031927
0.497	-0.0314579
0.498	-0.0309857
0.499	-0.0305103
0.5	-0.0300318
0.501	-0.0295502
0.502	-0.0290654
0.503	-0.0285776
0.504	-0.0280866
0.505	-0.0275925
0.506	-0.0270953
0.507	-0.026595
0.508	-0.0260915
0.509	-0.0255849
0.51	-0.0250753
0.511	-0.0245624
0.512	-0.0240465
0.513	-0.0235275
0.514	-0.0230053
0.515	-0.02248
0.516	-0.0219516
0.517	-0.0214201
0.518	-0.0208854
0.519	-0.0203476
0.52	-0.0198068
0.521	-0.0192627
0.522	-0.0187156
0.523	-0.0181654
0.524	-0.017612
0.525	-0.0170555
0.526	-0.0164959
0.527	-0.0159332
0.528	-0.0153673
0.529	-0.0147984
0.53	-0.0142263
0.531	-0.0136511
0.532	-0.0130728
0.533	-0.0124913
0.534	-0.0119068
0.535	-0.0113191
0.536	-0.0107283
0.537	-0.0101343
0.538	-0.00953731
0.539	-0.00893715
0.54	-0.00833386
0.541	-0.00772746
0.542	-0.00711794
0.543	-0.0065053
0.544	-0.00588954
0.545	-0.00527066
0.546	-0.00464866
0.547	-0.00402354
0.548	-0.0033953
0.549	-0.00276394
0.55	-0.00212947
0.551	-0.00149187
0.552	-0.00085115
0.553	-0.000207313
0.554	0.000439644
0.555	0.00108972
0.556	0.00174292
0.557	0.00239923
0.558	0.00305867
0.559	0.00372122
0.56	0.0043869
0.561	0.00505569
0.562	0.00572761
0.563	0.00640264
0.564	0.0070808
0.565	0.00776207
0.566	0.00844646
0.567	0.00913398
0.568	0.00982461
0.569	0.0105184
0.57	0.0112152
0.571	0.0119152
0.572	0.0126183
0.573	0.0133246
0.574	0.0140339
0.575	0.0147464
0.576	0.015462
0.577	0.0161807
0.578	0.0169025
0.579	0.0176275
0.58	0.0183555
0.581	0.0190867
0.582	0.019821
0.583	0.0205585
0.584	0.021299
0.585	0.0220427
0.586	0.0227895
0.587	0.0235394
0.588	0.0242924
0.589	0.0250485
0.59	0.0258078
0.591	0.0265702
0.592	0.0273357
0.593	0.0281043
0.594	0.0288761
0.595	0.0296509
0.596	0.0304289
0.597	0.03121
0.598	0.0319942
0.599	0.0327816
0.6	0.033572
0.601	0.0343656
0.602	0.0351623
0.603	0.0359621
0.604	0.0367651
0.605	0.0375711
0.606	0.0383803
0.607	0.0391926
0.608	0.040008
0.609	0.0408266
0.61	0.0416482
0.611	0.042473
0.612	0.0433009
0.613	0.0441319
0.614	0.0449661
0.615	0.0458033
0.616	0.0466437
0.617	0.0474872
0.618	0.0483338
0.619	0.0491835
0.62	0.0500364
0.621	0.0508924
0.622	0.0517515
0.623	0.0526137
0.624	0.053479
0.625	0.0543475
0.626	0.055219
0.627	0.0560937
0.628	0.0569716
0.629	0.0578525
0.63	0.0587365
0.631	0.0596237
0.632	0.060514
0.633	0.0614074
0.634	0.0623039
0.635	0.0632036
0.636	0.0641064
0.637	0.0650123
0.638	0.0659213
0.639	0.0668334
0.64	0.0677486
0.641	0.068667
0.642	0.0695885
0.643	0.0705131
0.644	0.0714408
0.645	0.0723717
0.646	0.0733056
0.647	0.0742427
0.648	0.0751829
0.649	0.0761263
0.65	0.0770727
0.651	0.0780223
0.652	0.078975
0.653	0.0799308
0.654	0.0808897
0.655	0.0818517
0.656	0.0828169
0.657	0.0837852
0.658	0.0847566
0.659	0.0857311
0.66	0.0867088
0.661	0.0876895
0.662	0.0886734
0.663	0.0896604
0.664	0.0906505
0.665	0.0916438
0.666	0.0926401
0.667	0.0936396
0.668	0.0946422
0.669	0.0956479
0.67	0.0966568
0.671	0.0976687
0.672	0.0986838
0.673	0.099702
0.674	0.100723
0.675	0.101748
0.676	0.102775
0.677	0.103806
0.678	0.10484
0.679	0.105877
0.68	0.106917
0.681	0.10796
0.682	0.109006
0.683	0.110056
0.684	0.111108
0.685	0.112164
0.686	0.113222
0.687	0.114284
0.688	0.115349
0.689	0.116417
0.69	0.117489
0.691	0.118563
0.692	0.11964
0.693	0.120721
0.694	0.121805
0.695	0.122892
0.696	0.123982
0.697	0.125075
0.698	0.126171
0.699	0.12727
0.7	0.128373
0.701	0.129478
0.702	0.130587
0.703	0.131699
0.704	0.132813
0.705	0.133932
0.706	0.135053
0.707	0.136177
0.708	0.137304
0.709	0.138435
0.71	0.139568
0.711	0.140705
0.712	0.141845
0.713	0.142988
0.714	0.144134
0.715	0.145283
0.716	0.146436
0.717	0.147591
0.718	0.14875
0.719	0.149911
0.72	0.151076
0.721	0.152244
0.722	0.153415
0.723	0.154589
0.724	0.155767
0.725	0.156947
0.726	0.158131
0.727	0.159317
0.728	0.160507
0.729	0.1617
0.73	0.162896
0.731	0.164095
0.732	0.165298
0.733	0.166503
0.734	0.167711
0.735	0.168923
0.736	0.170138
0.737	0.171356
0.738	0.172577
0.739	0.173801
0.74	0.175028
0.741	0.176258
0.742	0.177492
0.743	0.178728
0.744	0.179968
0.745	0.181211
0.746	0.182457
0.747	0.183706
0.748	0.184958
0.749	0.186213
0.75	0.187472
0.751	0.188733
0.752	0.189998
0.753	0.191266
0.754	0.192536
0.755	0.19381
0.756	0.195088
0.757	0.196368
0.758	0.197651
0.759	0.198938
0.76	0.200227
0.761	0.20152
0.762	0.202816
0.763	0.204115
0.764	0.205417
0.765	0.206722
0.766	0.208031
0.767	0.209342
0.768	0.210657
0.769	0.211974
0.77	0.213295
0.771	0.214619
0.772	0.215946
0.773	0.217276
0.774	0.218609
0.775	0.219946
0.776	0.221285
0.777	0.222628
0.778	0.223974
0.779	0.225323
0.78	0.226675
0.781	0.22803
0.782	0.229388
0.783	0.230749
0.784	0.232114
0.785	0.233481
0.786	0.234852
0.787	0.236226
0.788	0.237603
0.789	0.238983
0.79	0.240366
0.791	0.241753
0.792	0.243142
0.793	0.244535
0.794	0.24593
0.795	0.247329
0.796	0.248731
0.797	0.250136
0.798	0.251544
0.799	0.252955
0.8	0.25437
0.801	0.255787
0.802	0.257208
0.803	0.258632
0.804	0.260059
0.805	0.261489
0.806	0.262922
0.807	0.264358
0.808	0.265797
0.809	0.26724
0.81	0.268685
0.811	0.270134
0.812	0.271586
0.813	0.273041
0.814	0.274499
0.815	0.27596
0.816	0.277424
0.817	0.278892
0.818	0.280362
0.819	0.281836
0.82	0.283313
0.821	0.284793
0.822	0.286276
0.823	0.287762
0.824	0.289251
0.825	0.290744
0.826	0.292239
0.827	0.293738
0.828	0.29524
0.829	0.296744
0.83	0.298252
0.831	0.299764
0.832	0.301278
0.833	0.302795
0.834	0.304316
0.835	0.305839
0.836	0.307366
0.837	0.308896
0.838	0.310429
0.839	0.311965
0.84	0.313504
0.841	0.315046
0.842	0.316592
0.843	0.31814
0.844	0.319692
0.845	0.321247
0.846	0.322804
0.847	0.324365
0.848	0.32593
0.849	0.327497
0.85	0.329067
0.851	0.330641
0.852	0.332217
0.853	0.333797
0.854	0.33538
0.855	0.336966
0.856	0.338555
0.857	0.340147
0.858	0.341743
0.859	0.343341
0.86	0.344943
0.861	0.346547
0.862	0.348155
0.863	0.349766
0.864	0.35138
0.865	0.352997
0.866	0.354618
0.867	0.356241
0.868	0.357868
0.869	0.359497
0.87	0.36113
0.871	0.362766
0.872	0.364405
0.873	0.366047
0.874	0.367692
0.875	0.369341
0.876	0.370992
0.877	0.372647
0.878	0.374304
0.879	0.375965
0.88	0.377629
0.881	0.379296
0.882	0.380967
0.883	0.38264
0.884	0.384316
0.885	0.385996
0.886	0.387679
0.887	0.389364
0.888	0.391053
0.889	0.392745
0.89	0.394441
0.891	0.396139
0.892	0.39784
0.893	0.399545
0.894	0.401252
0.895	0.402963
0.896	0.404677
0.897	0.406394
0.898	0.408114
0.899	0.409837
0.9	0.411564
0.901	0.413293
0.902	0.415026
0.903	0.416762
0.904	0.418501
0.905	0.420242
0.906	0.421988
0.907	0.423736
0.908	0.425487
0.909	0.427242
0.91	0.428999
0.911	0.43076
0.912	0.432524
0.913	0.43429
0.914	0.436061
0.915	0.437834
0.916	0.43961
0.917	0.441389
0.918	0.443172
0.919	0.444958
0.92	0.446746
0.921	0.448538
0.922	0.450333
0.923	0.452131
0.924	0.453932
0.925	0.455737
0.926	0.457544
0.927	0.459355
0.928	0.461169
0.929	0.462985
0.93	0.464805
0.931	0.466628
0.932	0.468455
0.933	0.470284
0.934	0.472116
0.935	0.473952
0.936	0.475791
0.937	0.477632
0.938	0.479477
0.939	0.481325
0.94	0.483177
0.941	0.485031
0.942	0.486888
0.943	0.488749
0.944	0.490612
0.945	0.492479
0.946	0.494349
0.947	0.496222
0.948	0.498098
0.949	0.499977
0.95	0.50186
0.951	0.503745
0.952	0.505634
0.953	0.507525
0.954	0.50942
0.955	0.511318
0.956	0.513219
0.957	0.515123
0.958	0.517031
0.959	0.518941
0.96	0.520855
0.961	0.522771
0.962	0.524691
0.963	0.526614
0.964	0.52854
0.965	0.530469
0.966	0.532401
0.967	0.534337
0.968	0.536275
0.969	0.538217
0.97	0.540162
0.971	0.54211
0.972	0.544061
0.973	0.546015
0.974	0.547972
0.975	0.549932
0.976	0.551896
0.977	0.553862
0.978	0.555832
0.979	0.557805
0.98	0.559781
0.981	0.56176
0.982	0.563742
0.983	0.565727
0.984	0.567716
0.985	0.569707
0.986	0.571702
0.987	0.5737
0.988	0.575701
0.989	0.577705
0.99	0.579712
0.991	0.581722
0.992	0.583735
0.993	0.585752
0.994	0.587771
0.995	0.589794
0.996	0.59182
0.997	0.593849
0.998	0.595881
0.999	0.597916
