# Interpolation data for function: (exp(10*x)-1)/(exp(10)-1)
0	0.00129317
0.001	0.00129317
0.002	0.00129317
0.003	0.00129317
0.004	0.00129317
0.005	0.00129317
0.006	0.00129317
0.007	0.00129317
0.008	0.00129317
0.009	0.00129317
0.01	0.00129317
0.011	0.00129317
0.012	0.00129317
0.013	0.00129317
0.014	0.00129317
0.015	0.00129317
0.016	0.00129317
0.017	0.00129317
0.018	0.00129317
0.019	0.00129317
0.02	0.00129317
0.021	0.00129317
0.022	0.00129317
0.023	0.00129317
0.024	0.00129317
0.025	0.00129317
0.026	0.00129317
0.027	0.00129317
0.028	0.00129317
0.029	0.00129317
0.03	0.00129317
0.031	0.00129317
0.032	0.00129317
0.033	0.00129317
0.034	0.00129317
0.035	0.00129317
0.036	0.00129317
0.037	0.00129317
0.038	0.00129317
0.039	0.00129317
0.04	0.00129317
0.041	0.00129317
0.042	0.00129317
0.043	0.00129317
0.044	0.00129317
0.045	0.00129317
0.046	0.00129317
0.047	0.00129317
0.048	0.00129317
0.049	0.00129317
0.05	0.00129317
0.051	0.00129317
0.052	0.00129317
0.053	0.00129317
0.054	0.00129317
0.055	0.00129317
0.056	0.00129317
0.057	0.00129317
0.058	0.00129317
0.059	0.00129317
0.06	0.00129317
0.061	0.00129317
0.062	0.00129317
0.063	0.00129317
0.064	0.00129317
0.065	0.00129317
0.066	0.00129317
0.067	0.00129317
0.068	0.00129317
0.069	0.00129317
0.07	0.00129317
0.071	0.00129317
0.072	0.00129317
0.073	0.00129317
0.074	0.00129317
0.075	0.00129317
0.076	0.00129317
0.077	0.00129317
0.078	0.00129317
0.079	0.00129317
0.08	0.00129317
0.081	0.00129317
0.082	0.00129317
0.083	0.00129317
0.084	0.00129317
0.085	0.00129317
0.086	0.00129317
0.087	0.00129317
0.088	0.00129317
0.089	0.00129317
0.09	0.00129317
0.091	0.00129317
0.092	0.00129317
0.093	0.00129317
0.094	0.00129317
0.095	0.00129317
0.096	0.00129317
0.097	0.00129317
0.098	0.00129317
0.099	0.00129317
0.1	0.00129317
0.101	0.00129317
0.102	0.00129317
0.103	0.00129317
0.104	0.00129317
0.105	0.00129317
0.106	0.00129317
0.107	0.00129317
0.108	0.00129317
0.109	0.00129317
0.11	0.00129317
0.111	0.00129317
0.112	0.00129317
0.113	0.00129317
0.114	0.00129317
0.115	0.00129317
0.116	0.00129317
0.117	0.00129317
0.118	0.00129317
0.119	0.00129317
0.12	0.00129317
0.121	0.00129317
0.122	0.00129317
0.123	0.00129317
0.124	0.00129317
0.125	0.00129317
0.126	0.00129317
0.127	0.00129317
0.128	0.00129317
0.129	0.00129317
0.13	0.00129317
0.131	0.00129317
0.132	0.00129317
0.133	0.00129317
0.134	0.00129317
0.135	0.00129317
0.136	0.00129317
0.137	0.00129317
0.138	0.00129317
0.139	0.00129317
0.14	0.00129317
0.141	0.00129317
0.142	0.00129317
0.143	0.00129317
0.144	0.00129317
0.145	0.00129317
0.146	0.00129317
0.147	0.00129317
0.148	0.00129317
0.149	0.00129317
0.15	0.00129317
0.151	0.00129317
0.152	0.00129317
0.153	0.00129317
0.154	0.00129317
0.155	0.00129317
0.156	0.00129317
0.157	0.00129317
0.158	0.00129317
0.159	0.00129317
0.16	0.00129317
0.161	0.00129317
0.162	0.00129317
0.163	0.00129317
0.164	0.00129317
0.165	0.00129317
0.166	0.00129317
0.167	0.00129317
0.168	0.00129317
0.169	0.00129317
0.17	0.00129317
0.171	0.00129317
0.172	0.00129317
0.173	0.00129317
0.174	0.00129317
0.175	0.00129317
0.176	0.00129317
0.177	0.00129317
0.178	0.00129317
0.179	0.00129317
0.18	0.00129317
0.181	0.00129317
0.182	0.00129317
0.183	0.00129317
0.184	0.00129317
0.185	0.00129317
0.186	0.00129317
0.187	0.00129317
0.188	0.00129317
0.189	0.00129317
0.19	0.00129317
0.191	0.00129317
0.192	0.00129317
0.193	0.00129317
0.194	0.00129317
0.195	0.00129317
0.196	0.00129317
0.197	0.00129317
0.198	0.00129317
0.199	0.00129317
0.2	0.00129317
0.201	0.00129317
0.202	0.00129317
0.203	0.00129317
0.204	0.00129317
0.205	0.00129317
0.206	0.00129317
0.207	0.00129317
0.208	0.00129317
0.209	0.00129317
0.21	0.00129317
0.211	0.00129317
0.212	0.00129317
0.213	0.00129317
0.214	0.00129317
0.215	0.00129317
0.216	0.00129317
0.217	0.00129317
0.218	0.00129317
0.219	0.00129317
0.22	0.00129317
0.221	0.00129317
0.222	0.00129317
0.223	0.00129317
0.224	0.00129317
0.225	0.00129317
0.226	0.00129317
0.227	0.00129317
0.228	0.00129317
0.229	0.00129317
0.23	0.00129317
0.231	0.00129317
0.232	0.00129317
0.233	0.00129317
0.234	0.00129317
0.235	0.00129317
0.236	0.00129317
0.237	0.00129317
0.238	0.00129317
0.239	0.00129317
0.24	0.00129317
0.241	0.00129317
0.242	0.00129317
0.243	0.00129317
0.244	0.00129317
0.245	0.00129317
0.246	0.00129317
0.247	0.00129317
0.248	0.00129317
0.249	0.00129317
0.25	0.00129317
0.251	0.00129317
0.252	0.00129317
0.253	0.00129317
0.254	0.00129317
0.255	0.00129317
0.256	0.00129317
0.257	0.00129317
0.258	0.00129317
0.259	0.00129317
0.26	0.00129317
0.261	0.00129317
0.262	0.00129317
0.263	0.00129317
0.264	0.00129317
0.265	0.00129317
0.266	0.00129317
0.267	0.00129317
0.268	0.00129317
0.269	0.00129317
0.27	0.00129317
0.271	0.00129317
0.272	0.00129317
0.273	0.00129317
0.274	0.00129317
0.275	0.00129317
0.276	0.00129317
0.277	0.00129317
0.278	0.00129317
0.279	0.00129317
0.28	0.00129317
0.281	0.00129317
0.282	0.00129317
0.283	0.00129317
0.284	0.00129317
0.285	0.00129317
0.286	0.00129317
0.287	0.00129317
0.288	0.00129317
0.289	0.00129317
0.29	0.00129317
0.291	0.00129317
0.292	0.00129317
0.293	0.00129317
0.294	0.00129317
0.295	0.00129317
0.296	0.00129317
0.297	0.00129317
0.298	0.00129317
0.299	0.00129317
0.3	0.00129317
0.301	0.00129317
0.302	0.00129317
0.303	0.00129317
0.304	0.00129317
0.305	0.00129317
0.306	0.00129317
0.307	0.00129317
0.308	0.00129317
0.309	0.00129317
0.31	0.00129317
0.311	0.00129317
0.312	0.00129317
0.313	0.00129317
0.314	0.00129317
0.315	0.00129317
0.316	0.00129317
0.317	0.00129317
0.318	0.00129317
0.319	0.00129317
0.32	0.00129317
0.321	0.00129317
0.322	0.00129317
0.323	0.00129317
0.324	0.00129317
0.325	0.00129317
0.326	0.00129317
0.327	0.00129317
0.328	0.00129317
0.329	0.00129317
0.33	0.00129317
0.331	0.00129317
0.332	0.00129317
0.333	0.00129317
0.334	0.00129317
0.335	0.00129317
0.336	0.00129317
0.337	0.00129317
0.338	0.00129317
0.339	0.00129317
0.34	0.00129317
0.341	0.00129317
0.342	0.00129317
0.343	0.00129317
0.344	0.00129317
0.345	0.00129317
0.346	0.00129317
0.347	0.00129317
0.348	0.00129317
0.349	0.00129317
0.35	0.00129317
0.351	0.00129317
0.352	0.00129317
0.353	0.00129317
0.354	0.00129317
0.355	0.00129317
0.356	0.00129317
0.357	0.00129317
0.358	0.00129317
0.359	0.00129317
0.36	0.00129317
0.361	0.00129317
0.362	0.00129317
0.363	0.00129317
0.364	0.00129317
0.365	0.00129317
0.366	0.00129317
0.367	0.00129317
0.368	0.00129317
0.369	0.00129317
0.37	0.00129317
0.371	0.00129317
0.372	0.00129317
0.373	0.00129317
0.374	0.00129317
0.375	0.00129317
0.376	0.00129317
0.377	0.00129317
0.378	0.00129317
0.379	0.00129317
0.38	0.00129317
0.381	0.00129317
0.382	0.00129317
0.383	0.00129317
0.384	0.00129317
0.385	0.00129317
0.386	0.00129317
0.387	0.00129317
0.388	0.00129317
0.389	0.00129317
0.39	0.00129317
0.391	0.00129317
0.392	0.00129317
0.393	0.00129317
0.394	0.00129317
0.395	0.00129317
0.396	0.00129317
0.397	0.00129317
0.398	0.00129317
0.399	0.00129317
0.4	0.00129317
0.401	0.00129317
0.402	0.00129317
0.403	0.00129317
0.404	0.00129317
0.405	0.00129317
0.406	0.00129317
0.407	0.00129317
0.408	0.00129317
0.409	0.00129317
0.41	0.00129317
0.411	0.00129317
0.412	0.00129317
0.413	0.00129317
0.414	0.00129317
0.415	0.00129317
0.416	0.00129317
0.417	0.00129317
0.418	0.00129317
0.419	0.00129317
0.42	0.00129317
0.421	0.00129317
0.422	0.00129317
0.423	0.00129317
0.424	0.00129317
0.425	0.00129317
0.426	0.00129317
0.427	0.00129317
0.428	0.00129317
0.429	0.00129317
0.43	0.00129317
0.431	0.00129317
0.432	0.00129317
0.433	0.00129317
0.434	0.00129317
0.435	0.00129317
0.436	0.00129317
0.437	0.00129317
0.438	0.00129317
0.439	0.00129317
0.44	0.00129317
0.441	0.00129317
0.442	0.00129317
0.443	0.00129317
0.444	0.00129317
0.445	0.00129317
0.446	0.00129317
0.447	0.00129317
0.448	0.00129317
0.449	0.00129317
0.45	0.00129317
0.451	0.00129317
0.452	0.00129317
0.453	0.00129317
0.454	0.00129317
0.455	0.00129317
0.456	0.00129317
0.457	0.00129317
0.458	0.00129317
0.459	0.00129317
0.46	0.00129317
0.461	0.00129317
0.462	0.00129317
0.463	0.00129317
0.464	0.00129317
0.465	0.00129317
0.466	0.00129317
0.467	0.00129317
0.468	0.00129317
0.469	0.00129317
0.47	0.00129317
0.471	0.00129317
0.472	0.00129317
0.473	0.00129317
0.474	0.00129317
0.475	0.00129317
0.476	0.00129317
0.477	0.00129317
0.478	0.00129317
0.479	0.00129317
0.48	0.00129317
0.481	0.00129317
0.482	0.00129317
0.483	0.00129317
0.484	0.00129317
0.485	0.00129317
0.486	0.00129317
0.487	0.00129317
0.488	0.00129317
0.489	0.00129317
0.49	0.00129317
0.491	0.00129317
0.492	0.00129317
0.493	0.00129317
0.494	0.00129317
0.495	0.00129317
0.496	0.00129317
0.497	0.00129317
0.498	0.00129317
0.499	0.00129317
0.5	-0.0248796
0.501	-0.0236939
0.502	-0.0225242
0.503	-0.0213704
0.504	-0.0202325
0.505	-0.0191103
0.506	-0.0180037
0.507	-0.0169125
0.508	-0.0158368
0.509	-0.0147763
0.51	-0.0137309
0.511	-0.0127005
0.512	-0.0116851
0.513	-0.0106844
0.514	-0.00969844
0.515	-0.00872703
0.516	-0.00777006
0.517	-0.00682742
0.518	-0.005899
0.519	-0.00498468
0.52	-0.00408435
0.521	-0.00319789
0.522	-0.00232518
0.523	-0.00146612
0.524	-0.00062059
0.525	0.000211531
0.526	0.00103035
0.527	0.001836
0.528	0.00262857
0.529	0.00340819
0.53	0.00417498
0.531	0.00492904
0.532	0.00567049
0.533	0.00639946
0.534	0.00711604
0.535	0.00782037
0.536	0.00851254
0.537	0.00919268
0.538	0.00986091
0.539	0.0105173
0.54	0.0111621
0.541	0.0117952
0.542	0.0124169
0.543	0.0130273
0.544	0.0136264
0.545	0.0142145
0.546	0.0147915
0.547	0.0153576
0.548	0.015913
0.549	0.0164577
0.55	0.0169919
0.551	0.0175157
0.552	0.0180291
0.553	0.0185324
0.554	0.0190256
0.555	0.0195088
0.556	0.0199822
0.557	0.0204458
0.558	0.0208998
0.559	0.0213443
0.56	0.0217795
0.561	0.0222053
0.562	0.022622
0.563	0.0230297
0.564	0.0234284
0.565	0.0238183
0.566	0.0241996
0.567	0.0245722
0.568	0.0249364
0.569	0.0252922
0.57	0.0256398
0.571	0.0259792
0.572	0.0263107
0.573	0.0266342
0.574	0.02695
0.575	0.0272581
0.576	0.0275587
0.577	0.0278518
0.578	0.0281376
0.579	0.0284162
0.58	0.0286877
0.581	0.0289523
0.582	0.02921
0.583	0.0294609
0.584	0.0297052
0.585	0.0299431
0.586	0.0301745
0.587	0.0303996
0.588	0.0306185
0.589	0.0308314
0.59	0.0310384
0.591	0.0312395
0.592	0.031435
0.593	0.0316248
0.594	0.0318092
0.595	0.0319882
0.596	0.0321619
0.597	0.0323305
0.598	0.0324941
0.599	0.0326528
0.6	0.0328067
0.601	0.032956
0.602	0.0331006
0.603	0.0332409
0.604	0.0333768
0.605	0.0335084
0.606	0.033636
0.607	0.0337596
0.608	0.0338794
0.609	0.0339953
0.61	0.0341077
0.611	0.0342165
0.612	0.0343219
0.613	0.034424
0.614	0.034523
0.615	0.0346188
0.616	0.0347118
0.617	0.0348019
0.618	0.0348892
0.619	0.034974
0.62	0.0350563
0.621	0.0351362
0.622	0.0352138
0.623	0.0352893
0.624	0.0353628
0.625	0.0354344
0.626	0.0355041
0.627	0.0355722
0.628	0.0356387
0.629	0.0357038
0.63	0.0357675
0.631	0.03583
0.632	0.0358913
0.633	0.0359517
0.634	0.0360112
0.635	0.03607
0.636	0.0361281
0.637	0.0361856
0.638	0.0362428
0.639	0.0362996
0.64	0.0363563
0.641	0.0364128
0.642	0.0364695
0.643	0.0365262
0.644	0.0365833
0.645	0.0366407
0.646	0.0366986
0.647	0.0367572
0.648	0.0368164
0.649	0.0368765
0.65	0.0369376
0.651	0.0369998
0.652	0.0370631
0.653	0.0371278
0.654	0.0371939
0.655	0.0372615
0.656	0.0373307
0.657	0.0374017
0.658	0.0374746
0.659	0.0375495
0.66	0.0376265
0.661	0.0377058
0.662	0.0377874
0.663	0.0378714
0.664	0.037958
0.665	0.0380473
0.666	0.0381394
0.667	0.0382344
0.668	0.0383324
0.669	0.0384336
0.67	0.038538
0.671	0.0386458
0.672	0.0387571
0.673	0.038872
0.674	0.0389907
0.675	0.0391131
0.676	0.0392395
0.677	0.03937
0.678	0.0395047
0.679	0.0396436
0.68	0.039787
0.681	0.0399349
0.682	0.0400874
0.683	0.0402447
0.684	0.0404068
0.685	0.040574
0.686	0.0407462
0.687	0.0409237
0.688	0.0411064
0.689	0.0412947
0.69	0.0414885
0.691	0.0416879
0.692	0.0418932
0.693	0.0421043
0.694	0.0423215
0.695	0.0425448
0.696	0.0427744
0.697	0.0430103
0.698	0.0432527
0.699	0.0435017
0.7	0.0437574
0.701	0.04402
0.702	0.0442894
0.703	0.044566
0.704	0.0448497
0.705	0.0451407
0.706	0.045439
0.707	0.0457449
0.708	0.0460585
0.709	0.0463797
0.71	0.0467089
0.711	0.047046
0.712	0.0473912
0.713	0.0477446
0.714	0.0481063
0.715	0.0484764
0.716	0.0488551
0.717	0.0492425
0.718	0.0496387
0.719	0.0500437
0.72	0.0504577
0.721	0.0508809
0.722	0.0513133
0.723	0.0517551
0.724	0.0522063
0.725	0.0526672
0.726	0.0531377
0.727	0.053618
0.728	0.0541083
0.729	0.0546086
0.73	0.0551191
0.731	0.0556398
0.732	0.0561709
0.733	0.0567126
0.734	0.0572648
0.735	0.0578278
0.736	0.0584017
0.737	0.0589865
0.738	0.0595823
0.739	0.0601894
0.74	0.0608078
0.741	0.0614376
0.742	0.062079
0.743	0.062732
0.744	0.0633967
0.745	0.0640734
0.746	0.064762
0.747	0.0654628
0.748	0.0661758
0.749	0.0669011
0.75	0.0676389
0.751	0.0683893
0.752	0.0691524
0.753	0.0699282
0.754	0.070717
0.755	0.0715188
0.756	0.0723338
0.757	0.073162
0.758	0.0740036
0.759	0.0748587
0.76	0.0757274
0.761	0.0766099
0.762	0.0775061
0.763	0.0784164
0.764	0.0793407
0.765	0.0802791
0.766	0.0812319
0.767	0.0821991
0.768	0.0831808
0.769	0.0841772
0.77	0.0851883
0.771	0.0862143
0.772	0.0872553
0.773	0.0883114
0.774	0.0893827
0.775	0.0904693
0.776	0.0915714
0.777	0.0926891
0.778	0.0938224
0.779	0.0949715
0.78	0.0961365
0.781	0.0973176
0.782	0.0985148
0.783	0.0997282
0.784	0.100958
0.785	0.102204
0.786	0.103467
0.787	0.104747
0.788	0.106043
0.789	0.107357
0.79	0.108687
0.791	0.110035
0.792	0.1114
0.793	0.112782
0.794	0.114182
0.795	0.115599
0.796	0.117034
0.797	0.118487
0.798	0.119958
0.799	0.121448
0.8	0.122955
0.801	0.124481
0.802	0.126025
0.803	0.127587
0.804	0.129169
0.805	0.130769
0.806	0.132388
0.807	0.134026
0.808	0.135683
0.809	0.137359
0.81	0.139055
0.811	0.14077
0.812	0.142505
0.813	0.14426
0.814	0.146034
0.815	0.147828
0.816	0.149643
0.817	0.151477
0.818	0.153332
0.819	0.155207
0.82	0.157103
0.821	0.159019
0.822	0.160956
0.823	0.162914
0.824	0.164892
0.825	0.166892
0.826	0.168913
0.827	0.170956
0.828	0.17302
0.829	0.175105
0.83	0.177212
0.831	0.179341
0.832	0.181492
0.833	0.183664
0.834	0.185859
0.835	0.188076
0.836	0.190316
0.837	0.192578
0.838	0.194862
0.839	0.197169
0.84	0.199499
0.841	0.201852
0.842	0.204228
0.843	0.206627
0.844	0.209049
0.845	0.211495
0.846	0.213964
0.847	0.216457
0.848	0.218974
0.849	0.221514
0.85	0.224078
0.851	0.226667
0.852	0.229279
0.853	0.231916
0.854	0.234577
0.855	0.237263
0.856	0.239974
0.857	0.242709
0.858	0.245469
0.859	0.248254
0.86	0.251065
0.861	0.2539
0.862	0.256761
0.863	0.259647
0.864	0.262559
0.865	0.265496
0.866	0.26846
0.867	0.271449
0.868	0.274464
0.869	0.277505
0.87	0.280573
0.871	0.283667
0.872	0.286788
0.873	0.289935
0.874	0.293109
0.875	0.296309
0.876	0.299537
0.877	0.302791
0.878	0.306073
0.879	0.309382
0.88	0.312719
0.881	0.316083
0.882	0.319475
0.883	0.322894
0.884	0.326341
0.885	0.329817
0.886	0.33332
0.887	0.336852
0.888	0.340411
0.889	0.344
0.89	0.347617
0.891	0.351262
0.892	0.354937
0.893	0.35864
0.894	0.362372
0.895	0.366134
0.896	0.369924
0.897	0.373744
0.898	0.377594
0.899	0.381473
0.9	0.385382
0.901	0.38932
0.902	0.393289
0.903	0.397287
0.904	0.401316
0.905	0.405375
0.906	0.409465
0.907	0.413585
0.908	0.417735
0.909	0.421917
0.91	0.426129
0.911	0.430372
0.912	0.434646
0.913	0.438952
0.914	0.443288
0.915	0.447657
0.916	0.452056
0.917	0.456488
0.918	0.460951
0.919	0.465446
0.92	0.469973
0.921	0.474532
0.922	0.479124
0.923	0.483747
0.924	0.488404
0.925	0.493092
0.926	0.497814
0.927	0.502568
0.928	0.507356
0.929	0.512176
0.93	0.517029
0.931	0.521916
0.932	0.526836
0.933	0.53179
0.934	0.536777
0.935	0.541798
0.936	0.546853
0.937	0.551941
0.938	0.557064
0.939	0.562221
0.94	0.567413
0.941	0.572638
0.942	0.577899
0.943	0.583194
0.944	0.588523
0.945	0.593888
0.946	0.599287
0.947	0.604722
0.948	0.610192
0.949	0.615697
0.95	0.621238
0.951	0.626814
0.952	0.632426
0.953	0.638074
0.954	0.643758
0.955	0.649477
0.956	0.655233
0.957	0.661025
0.958	0.666854
0.959	0.672719
0.96	0.67862
0.961	0.684559
0.962	0.690534
0.963	0.696546
0.964	0.702595
0.965	0.708681
0.966	0.714805
0.967	0.720966
0.968	0.727165
0.969	0.733401
0.97	0.739675
0.971	0.745987
0.972	0.752337
0.973	0.758724
0.974	0.765151
0.975	0.771615
0.976	0.778118
0.977	0.784659
0.978	0.79124
0.979	0.797858
0.98	0.804516
0.981	0.811213
0.982	0.817949
0.983	0.824724
0.984	0.831539
0.985	0.838393
0.986	0.845287
0.987	0.85222
0.988	0.859193
0.989	0.866206
0.99	0.87326
0.991	0.880353
0.992	0.887487
0.993	0.894661
0.994	0.901875
0.995	0.909131
0.996	0.916427
0.997	0.923763
0.998	0.931141
0.999	0.93856
