# Interpolation data for function: (exp(10*x)-1)/(exp(10)-1)
0	4.16858e-08
0.001	4.8872e-07
0.002	9.414e-07
0.003	1.39969e-06
0.004	1.86357e-06
0.005	2.333e-06
0.006	2.80797e-06
0.007	3.28847e-06
0.008	3.77447e-06
0.009	4.26598e-06
0.01	4.76299e-06
0.011	5.26551e-06
0.012	5.77352e-06
0.013	6.28705e-06
0.014	6.8061e-06
0.015	7.33069e-06
0.016	7.86083e-06
0.017	8.39655e-06
0.018	8.93786e-06
0.019	9.48479e-06
0.02	1.00374e-05
0.021	1.05956e-05
0.022	1.11596e-05
0.023	1.17293e-05
0.024	1.23049e-05
0.025	1.28862e-05
0.026	1.34734e-05
0.027	1.40665e-05
0.028	1.46656e-05
0.029	1.52707e-05
0.03	1.58818e-05
0.031	1.64991e-05
0.032	1.71225e-05
0.033	1.77521e-05
0.034	1.8388e-05
0.035	1.90302e-05
0.036	1.96788e-05
0.037	2.03339e-05
0.038	2.09954e-05
0.039	2.16636e-05
0.04	2.23383e-05
0.041	2.30198e-05
0.042	2.3708e-05
0.043	2.44031e-05
0.044	2.51051e-05
0.045	2.58141e-05
0.046	2.65301e-05
0.047	2.72532e-05
0.048	2.79835e-05
0.049	2.87211e-05
0.05	2.94661e-05
0.051	3.02184e-05
0.052	3.09783e-05
0.053	3.17457e-05
0.054	3.25208e-05
0.055	3.33036e-05
0.056	3.40943e-05
0.057	3.48928e-05
0.058	3.56993e-05
0.059	3.65139e-05
0.06	3.73366e-05
0.061	3.81676e-05
0.062	3.90069e-05
0.063	3.98546e-05
0.064	4.07108e-05
0.065	4.15755e-05
0.066	4.2449e-05
0.067	4.33312e-05
0.068	4.42223e-05
0.069	4.51223e-05
0.07	4.60313e-05
0.071	4.69495e-05
0.072	4.78769e-05
0.073	4.88137e-05
0.074	4.97598e-05
0.075	5.07155e-05
0.076	5.16808e-05
0.077	5.26558e-05
0.078	5.36406e-05
0.079	5.46353e-05
0.08	5.56401e-05
0.081	5.6655e-05
0.082	5.768e-05
0.083	5.87154e-05
0.084	5.97613e-05
0.085	6.08177e-05
0.086	6.18847e-05
0.087	6.29625e-05
0.088	6.40511e-05
0.089	6.51507e-05
0.09	6.62614e-05
0.091	6.73832e-05
0.092	6.85164e-05
0.093	6.9661e-05
0.094	7.08172e-05
0.095	7.1985e-05
0.096	7.31645e-05
0.097	7.4356e-05
0.098	7.55594e-05
0.099	7.6775e-05
0.1	7.80028e-05
0.101	7.9243e-05
0.102	8.04957e-05
0.103	8.1761e-05
0.104	8.30391e-05
0.105	8.433e-05
0.106	8.56339e-05
0.107	8.6951e-05
0.108	8.82813e-05
0.109	8.9625e-05
0.11	9.09823e-05
0.111	9.23532e-05
0.112	9.37379e-05
0.113	9.51366e-05
0.114	9.65493e-05
0.115	9.79763e-05
0.116	9.94176e-05
0.117	0.000100873
0.118	0.000102344
0.119	0.000103829
0.12	0.000105329
0.121	0.000106845
0.122	0.000108375
0.123	0.000109921
0.124	0.000111483
0.125	0.00011306
0.126	0.000114653
0.127	0.000116262
0.128	0.000117887
0.129	0.000119529
0.13	0.000121187
0.131	0.000122861
0.132	0.000124553
0.133	0.000126262
0.134	0.000127987
0.135	0.00012973
0.136	0.000131491
0.137	0.000133269
0.138	0.000135066
0.139	0.00013688
0.14	0.000138712
0.141	0.000140563
0.142	0.000142432
0.143	0.000144321
0.144	0.000146228
0.145	0.000148154
0.146	0.0001501
0.147	0.000152065
0.148	0.00015405
0.149	0.000156055
0.15	0.00015808
0.151	0.000160125
0.152	0.000162191
0.153	0.000164278
0.154	0.000166386
0.155	0.000168514
0.156	0.000170665
0.157	0.000172836
0.158	0.00017503
0.159	0.000177246
0.16	0.000179483
0.161	0.000181744
0.162	0.000184027
0.163	0.000186333
0.164	0.000188662
0.165	0.000191014
0.166	0.00019339
0.167	0.00019579
0.168	0.000198214
0.169	0.000200663
0.17	0.000203136
0.171	0.000205634
0.172	0.000208157
0.173	0.000210705
0.174	0.000213279
0.175	0.000215879
0.176	0.000218504
0.177	0.000221157
0.178	0.000223835
0.179	0.000226541
0.18	0.000229274
0.181	0.000232034
0.182	0.000234823
0.183	0.000237639
0.184	0.000240483
0.185	0.000243356
0.186	0.000246258
0.187	0.000249189
0.188	0.000252149
0.189	0.000255139
0.19	0.00025816
0.191	0.00026121
0.192	0.000264291
0.193	0.000267404
0.194	0.000270547
0.195	0.000273722
0.196	0.000276929
0.197	0.000280168
0.198	0.00028344
0.199	0.000286744
0.2	0.000290082
0.201	0.000293453
0.202	0.000296859
0.203	0.000300298
0.204	0.000303772
0.205	0.000307281
0.206	0.000310825
0.207	0.000314405
0.208	0.00031802
0.209	0.000321672
0.21	0.000325361
0.211	0.000329087
0.212	0.00033285
0.213	0.000336651
0.214	0.000340491
0.215	0.000344369
0.216	0.000348286
0.217	0.000352242
0.218	0.000356238
0.219	0.000360274
0.22	0.000364351
0.221	0.000368468
0.222	0.000372628
0.223	0.000376828
0.224	0.000381072
0.225	0.000385357
0.226	0.000389686
0.227	0.000394059
0.228	0.000398475
0.229	0.000402936
0.23	0.000407441
0.231	0.000411992
0.232	0.000416589
0.233	0.000421232
0.234	0.000425921
0.235	0.000430658
0.236	0.000435442
0.237	0.000440275
0.238	0.000445155
0.239	0.000450085
0.24	0.000455065
0.241	0.000460095
0.242	0.000465175
0.243	0.000470306
0.244	0.000475489
0.245	0.000480724
0.246	0.000486011
0.247	0.000491352
0.248	0.000496746
0.249	0.000502195
0.25	0.000507699
0.251	0.000513257
0.252	0.000518872
0.253	0.000524543
0.254	0.000530271
0.255	0.000536057
0.256	0.0005419
0.257	0.000547803
0.258	0.000553765
0.259	0.000559787
0.26	0.000565869
0.261	0.000572012
0.262	0.000578218
0.263	0.000584485
0.264	0.000590816
0.265	0.00059721
0.266	0.000603668
0.267	0.000610192
0.268	0.000616781
0.269	0.000623436
0.27	0.000630158
0.271	0.000636948
0.272	0.000643806
0.273	0.000650733
0.274	0.000657729
0.275	0.000664796
0.276	0.000671934
0.277	0.000679144
0.278	0.000686426
0.279	0.000693781
0.28	0.00070121
0.281	0.000708714
0.282	0.000716293
0.283	0.000723949
0.284	0.000731681
0.285	0.000739491
0.286	0.00074738
0.287	0.000755348
0.288	0.000763396
0.289	0.000771525
0.29	0.000779735
0.291	0.000788028
0.292	0.000796405
0.293	0.000804865
0.294	0.000813411
0.295	0.000822043
0.296	0.000830761
0.297	0.000839567
0.298	0.000848461
0.299	0.000857445
0.3	0.000866519
0.301	0.000875684
0.302	0.000884942
0.303	0.000894292
0.304	0.000903737
0.305	0.000913276
0.306	0.000922911
0.307	0.000932643
0.308	0.000942473
0.309	0.000952402
0.31	0.00096243
0.311	0.000972559
0.312	0.00098279
0.313	0.000993124
0.314	0.00100356
0.315	0.0010141
0.316	0.00102475
0.317	0.00103551
0.318	0.00104637
0.319	0.00105734
0.32	0.00106843
0.321	0.00107962
0.322	0.00109093
0.323	0.00110235
0.324	0.00111388
0.325	0.00112554
0.326	0.0011373
0.327	0.00114919
0.328	0.0011612
0.329	0.00117332
0.33	0.00118557
0.331	0.00119794
0.332	0.00121044
0.333	0.00122306
0.334	0.00123581
0.335	0.00124869
0.336	0.00126169
0.337	0.00127483
0.338	0.0012881
0.339	0.0013015
0.34	0.00131504
0.341	0.00132871
0.342	0.00134252
0.343	0.00135647
0.344	0.00137056
0.345	0.00138479
0.346	0.00139916
0.347	0.00141368
0.348	0.00142834
0.349	0.00144315
0.35	0.00145811
0.351	0.00147323
0.352	0.00148849
0.353	0.0015039
0.354	0.00151947
0.355	0.0015352
0.356	0.00155109
0.357	0.00156713
0.358	0.00158334
0.359	0.00159971
0.36	0.00161624
0.361	0.00163294
0.362	0.00164981
0.363	0.00166684
0.364	0.00168405
0.365	0.00170143
0.366	0.00171899
0.367	0.00173672
0.368	0.00175463
0.369	0.00177272
0.37	0.00179099
0.371	0.00180945
0.372	0.00182809
0.373	0.00184692
0.374	0.00186594
0.375	0.00188515
0.376	0.00190455
0.377	0.00192415
0.378	0.00194394
0.379	0.00196393
0.38	0.00198413
0.381	0.00200452
0.382	0.00202513
0.383	0.00204593
0.384	0.00206695
0.385	0.00208818
0.386	0.00210962
0.387	0.00213128
0.388	0.00215316
0.389	0.00217525
0.39	0.00219757
0.391	0.00222011
0.392	0.00224288
0.393	0.00226588
0.394	0.00228911
0.395	0.00231257
0.396	0.00233627
0.397	0.0023602
0.398	0.00238438
0.399	0.0024088
0.4	0.00243346
0.401	0.00245838
0.402	0.00248354
0.403	0.00250896
0.404	0.00253463
0.405	0.00256056
0.406	0.00258675
0.407	0.0026132
0.408	0.00263992
0.409	0.00266691
0.41	0.00269417
0.411	0.0027217
0.412	0.00274951
0.413	0.0027776
0.414	0.00280597
0.415	0.00283462
0.416	0.00286357
0.417	0.0028928
0.418	0.00292233
0.419	0.00295216
0.42	0.00298229
0.421	0.00301271
0.422	0.00304345
0.423	0.00307449
0.424	0.00310585
0.425	0.00313752
0.426	0.00316951
0.427	0.00320182
0.428	0.00323445
0.429	0.00326741
0.43	0.00330071
0.431	0.00333434
0.432	0.0033683
0.433	0.00340261
0.434	0.00343727
0.435	0.00347227
0.436	0.00350762
0.437	0.00354333
0.438	0.0035794
0.439	0.00361583
0.44	0.00365262
0.441	0.00368979
0.442	0.00372733
0.443	0.00376524
0.444	0.00380354
0.445	0.00384222
0.446	0.00388129
0.447	0.00392076
0.448	0.00396062
0.449	0.00400088
0.45	0.00404155
0.451	0.00408262
0.452	0.00412411
0.453	0.00416601
0.454	0.00420834
0.455	0.00425109
0.456	0.00429427
0.457	0.00433788
0.458	0.00438194
0.459	0.00442643
0.46	0.00447137
0.461	0.00451677
0.462	0.00456262
0.463	0.00460893
0.464	0.00465571
0.465	0.00470296
0.466	0.00475068
0.467	0.00479888
0.468	0.00484757
0.469	0.00489674
0.47	0.00494641
0.471	0.00499658
0.472	0.00504725
0.473	0.00509843
0.474	0.00515013
0.475	0.00520235
0.476	0.00525509
0.477	0.00530836
0.478	0.00536217
0.479	0.00541651
0.48	0.00547141
0.481	0.00552685
0.482	0.00558285
0.483	0.00563942
0.484	0.00569655
0.485	0.00575426
0.486	0.00581255
0.487	0.00587142
0.488	0.00593089
0.489	0.00599095
0.49	0.00605162
0.491	0.00611289
0.492	0.00617479
0.493	0.0062373
0.494	0.00630044
0.495	0.00636422
0.496	0.00642864
0.497	0.0064937
0.498	0.00655942
0.499	0.0066258
0.5	0.00669285
0.501	0.00676057
0.502	0.00682897
0.503	0.00689806
0.504	0.00696784
0.505	0.00703833
0.506	0.00710952
0.507	0.00718143
0.508	0.00725406
0.509	0.00732742
0.51	0.00740152
0.511	0.00747636
0.512	0.00755196
0.513	0.00762831
0.514	0.00770544
0.515	0.00778333
0.516	0.00786201
0.517	0.00794149
0.518	0.00802176
0.519	0.00810283
0.52	0.00818472
0.521	0.00826744
0.522	0.00835098
0.523	0.00843537
0.524	0.0085206
0.525	0.00860669
0.526	0.00869365
0.527	0.00878148
0.528	0.00887019
0.529	0.00895979
0.53	0.00905029
0.531	0.00914171
0.532	0.00923404
0.533	0.0093273
0.534	0.0094215
0.535	0.00951664
0.536	0.00961274
0.537	0.00970981
0.538	0.00980785
0.539	0.00990688
0.54	0.0100069
0.541	0.0101079
0.542	0.01021
0.543	0.010313
0.544	0.0104171
0.545	0.0105223
0.546	0.0106285
0.547	0.0107358
0.548	0.0108441
0.549	0.0109536
0.55	0.0110641
0.551	0.0111758
0.552	0.0112885
0.553	0.0114024
0.554	0.0115175
0.555	0.0116337
0.556	0.0117511
0.557	0.0118696
0.558	0.0119894
0.559	0.0121103
0.56	0.0122325
0.561	0.0123559
0.562	0.0124805
0.563	0.0126064
0.564	0.0127336
0.565	0.012862
0.566	0.0129917
0.567	0.0131228
0.568	0.0132551
0.569	0.0133888
0.57	0.0135238
0.571	0.0136602
0.572	0.0137979
0.573	0.013937
0.574	0.0140775
0.575	0.0142195
0.576	0.0143629
0.577	0.0145077
0.578	0.0146539
0.579	0.0148016
0.58	0.0149509
0.581	0.0151016
0.582	0.0152538
0.583	0.0154076
0.584	0.0155629
0.585	0.0157197
0.586	0.0158782
0.587	0.0160382
0.588	0.0161999
0.589	0.0163631
0.59	0.016528
0.591	0.0166946
0.592	0.0168628
0.593	0.0170328
0.594	0.0172044
0.595	0.0173778
0.596	0.0175529
0.597	0.0177297
0.598	0.0179084
0.599	0.0180888
0.6	0.0182711
0.601	0.0184552
0.602	0.0186411
0.603	0.0188289
0.604	0.0190186
0.605	0.0192102
0.606	0.0194037
0.607	0.0195992
0.608	0.0197966
0.609	0.019996
0.61	0.0201974
0.611	0.0204009
0.612	0.0206064
0.613	0.0208139
0.614	0.0210236
0.615	0.0212353
0.616	0.0214492
0.617	0.0216652
0.618	0.0218834
0.619	0.0221038
0.62	0.0223264
0.621	0.0225512
0.622	0.0227783
0.623	0.0230077
0.624	0.0232394
0.625	0.0234734
0.626	0.0237098
0.627	0.0239485
0.628	0.0241897
0.629	0.0244332
0.63	0.0246792
0.631	0.0249277
0.632	0.0251787
0.633	0.0254322
0.634	0.0256883
0.635	0.0259469
0.636	0.0262081
0.637	0.026472
0.638	0.0267385
0.639	0.0270077
0.64	0.0272796
0.641	0.0275542
0.642	0.0278316
0.643	0.0281117
0.644	0.0283947
0.645	0.0286805
0.646	0.0289692
0.647	0.0292608
0.648	0.0295554
0.649	0.0298529
0.65	0.0301533
0.651	0.0304568
0.652	0.0307634
0.653	0.031073
0.654	0.0313858
0.655	0.0317017
0.656	0.0320207
0.657	0.032343
0.658	0.0326685
0.659	0.0329973
0.66	0.0333294
0.661	0.0336648
0.662	0.0340036
0.663	0.0343458
0.664	0.0346914
0.665	0.0350405
0.666	0.0353932
0.667	0.0357493
0.668	0.0361091
0.669	0.0364724
0.67	0.0368394
0.671	0.0372101
0.672	0.0375846
0.673	0.0379627
0.674	0.0383447
0.675	0.0387306
0.676	0.0391203
0.677	0.0395139
0.678	0.0399115
0.679	0.040313
0.68	0.0407186
0.681	0.0411283
0.682	0.0415421
0.683	0.0419601
0.684	0.0423823
0.685	0.0428087
0.686	0.0432394
0.687	0.0436744
0.688	0.0441138
0.689	0.0445576
0.69	0.0450058
0.691	0.0454586
0.692	0.0459159
0.693	0.0463779
0.694	0.0468444
0.695	0.0473157
0.696	0.0477917
0.697	0.0482724
0.698	0.048758
0.699	0.0492485
0.7	0.0497439
0.701	0.0502443
0.702	0.0507497
0.703	0.0512602
0.704	0.0517759
0.705	0.0522967
0.706	0.0528227
0.707	0.0533541
0.708	0.0538907
0.709	0.0544328
0.71	0.0549803
0.711	0.0555333
0.712	0.0560919
0.713	0.0566561
0.714	0.057226
0.715	0.0578016
0.716	0.0583829
0.717	0.0589701
0.718	0.0595633
0.719	0.0601623
0.72	0.0607674
0.721	0.0613786
0.722	0.0619959
0.723	0.0626195
0.724	0.0632492
0.725	0.0638854
0.726	0.0645279
0.727	0.0651769
0.728	0.0658324
0.729	0.0664944
0.73	0.0671632
0.731	0.0678386
0.732	0.0685209
0.733	0.06921
0.734	0.069906
0.735	0.070609
0.736	0.0713191
0.737	0.0720363
0.738	0.0727608
0.739	0.0734925
0.74	0.0742316
0.741	0.0749781
0.742	0.0757321
0.743	0.0764936
0.744	0.0772629
0.745	0.0780398
0.746	0.0788246
0.747	0.0796172
0.748	0.0804179
0.749	0.0812265
0.75	0.0820433
0.751	0.0828683
0.752	0.0837016
0.753	0.0845433
0.754	0.0853934
0.755	0.0862521
0.756	0.0871194
0.757	0.0879954
0.758	0.0888803
0.759	0.089774
0.76	0.0906767
0.761	0.0915885
0.762	0.0925094
0.763	0.0934396
0.764	0.0943791
0.765	0.0953281
0.766	0.0962866
0.767	0.0972548
0.768	0.0982327
0.769	0.0992204
0.77	0.100218
0.771	0.101226
0.772	0.102243
0.773	0.103271
0.774	0.10431
0.775	0.105359
0.776	0.106418
0.777	0.107488
0.778	0.108569
0.779	0.10966
0.78	0.110763
0.781	0.111876
0.782	0.113001
0.783	0.114137
0.784	0.115285
0.785	0.116444
0.786	0.117615
0.787	0.118797
0.788	0.119992
0.789	0.121198
0.79	0.122417
0.791	0.123647
0.792	0.12489
0.793	0.126146
0.794	0.127414
0.795	0.128695
0.796	0.129989
0.797	0.131296
0.798	0.132616
0.799	0.133949
0.8	0.135296
0.801	0.136656
0.802	0.13803
0.803	0.139418
0.804	0.140819
0.805	0.142235
0.806	0.143665
0.807	0.145109
0.808	0.146568
0.809	0.148042
0.81	0.14953
0.811	0.151033
0.812	0.152552
0.813	0.154085
0.814	0.155634
0.815	0.157199
0.816	0.158779
0.817	0.160375
0.818	0.161988
0.819	0.163616
0.82	0.165261
0.821	0.166922
0.822	0.1686
0.823	0.170295
0.824	0.172007
0.825	0.173736
0.826	0.175483
0.827	0.177247
0.828	0.179029
0.829	0.180829
0.83	0.182646
0.831	0.184482
0.832	0.186337
0.833	0.18821
0.834	0.190102
0.835	0.192013
0.836	0.193943
0.837	0.195893
0.838	0.197862
0.839	0.199851
0.84	0.20186
0.841	0.203889
0.842	0.205939
0.843	0.208009
0.844	0.2101
0.845	0.212212
0.846	0.214345
0.847	0.2165
0.848	0.218676
0.849	0.220875
0.85	0.223095
0.851	0.225337
0.852	0.227603
0.853	0.229891
0.854	0.232201
0.855	0.234536
0.856	0.236893
0.857	0.239274
0.858	0.24168
0.859	0.244109
0.86	0.246563
0.861	0.249041
0.862	0.251545
0.863	0.254073
0.864	0.256627
0.865	0.259207
0.866	0.261812
0.867	0.264444
0.868	0.267102
0.869	0.269787
0.87	0.272499
0.871	0.275238
0.872	0.278005
0.873	0.280799
0.874	0.283622
0.875	0.286472
0.876	0.289352
0.877	0.29226
0.878	0.295198
0.879	0.298165
0.88	0.301162
0.881	0.30419
0.882	0.307247
0.883	0.310336
0.884	0.313455
0.885	0.316606
0.886	0.319788
0.887	0.323003
0.888	0.326249
0.889	0.329529
0.89	0.332841
0.891	0.336186
0.892	0.339566
0.893	0.342979
0.894	0.346426
0.895	0.349908
0.896	0.353425
0.897	0.356978
0.898	0.360566
0.899	0.36419
0.9	0.367851
0.901	0.371548
0.902	0.375283
0.903	0.379055
0.904	0.382865
0.905	0.386713
0.906	0.3906
0.907	0.394526
0.908	0.398492
0.909	0.402497
0.91	0.406543
0.911	0.410629
0.912	0.414756
0.913	0.418925
0.914	0.423136
0.915	0.427389
0.916	0.431685
0.917	0.436024
0.918	0.440406
0.919	0.444833
0.92	0.449304
0.921	0.45382
0.922	0.458381
0.923	0.462989
0.924	0.467642
0.925	0.472343
0.926	0.47709
0.927	0.481885
0.928	0.486729
0.929	0.491621
0.93	0.496562
0.931	0.501553
0.932	0.506595
0.933	0.511686
0.934	0.516829
0.935	0.522024
0.936	0.527271
0.937	0.532571
0.938	0.537923
0.939	0.54333
0.94	0.548791
0.941	0.554307
0.942	0.559878
0.943	0.565506
0.944	0.57119
0.945	0.576931
0.946	0.582729
0.947	0.588586
0.948	0.594502
0.949	0.600477
0.95	0.606513
0.951	0.612609
0.952	0.618766
0.953	0.624985
0.954	0.631267
0.955	0.637612
0.956	0.64402
0.957	0.650493
0.958	0.657031
0.959	0.663635
0.96	0.670305
0.961	0.677042
0.962	0.683847
0.963	0.69072
0.964	0.697663
0.965	0.704675
0.966	0.711757
0.967	0.718911
0.968	0.726137
0.969	0.733435
0.97	0.740806
0.971	0.748252
0.972	0.755773
0.973	0.763369
0.974	0.771041
0.975	0.778791
0.976	0.786618
0.977	0.794524
0.978	0.80251
0.979	0.810576
0.98	0.818723
0.981	0.826951
0.982	0.835263
0.983	0.843658
0.984	0.852137
0.985	0.860702
0.986	0.869352
0.987	0.87809
0.988	0.886915
0.989	0.895829
0.99	0.904833
0.991	0.913927
0.992	0.923113
0.993	0.932391
0.994	0.941762
0.995	0.951227
0.996	0.960788
0.997	0.970444
0.998	0.980198
0.999	0.990049
