# Interpolation data for function: (exp(10*x)-1)/(exp(10)-1)
0	3.22455e-05
0.001	2.87081e-05
0.002	2.54229e-05
0.003	2.23802e-05
0.004	1.95703e-05
0.005	1.6984e-05
0.006	1.46121e-05
0.007	1.24459e-05
0.008	1.04769e-05
0.009	8.69678e-06
0.01	7.09757e-06
0.011	5.67147e-06
0.012	4.41095e-06
0.013	3.3087e-06
0.014	2.35765e-06
0.015	1.55094e-06
0.016	8.81925e-07
0.017	3.44187e-07
0.018	-6.84935e-08
0.019	-3.62132e-07
0.02	-5.42545e-07
0.021	-6.15355e-07
0.022	-5.85996e-07
0.023	-4.59716e-07
0.024	-2.41583e-07
0.025	6.35104e-08
0.026	4.50846e-07
0.027	9.15871e-07
0.028	1.4542e-06
0.029	2.0616e-06
0.03	2.73401e-06
0.031	3.46751e-06
0.032	4.25831e-06
0.033	5.10281e-06
0.034	5.99752e-06
0.035	6.93908e-06
0.036	7.92429e-06
0.037	8.95007e-06
0.038	1.00135e-05
0.039	1.11116e-05
0.04	1.22419e-05
0.041	1.34016e-05
0.042	1.45883e-05
0.043	1.57997e-05
0.044	1.70334e-05
0.045	1.82874e-05
0.046	1.95596e-05
0.047	2.08479e-05
0.048	2.21507e-05
0.049	2.34661e-05
0.05	2.47924e-05
0.051	2.61281e-05
0.052	2.74717e-05
0.053	2.88218e-05
0.054	3.0177e-05
0.055	3.15361e-05
0.056	3.2898e-05
0.057	3.42614e-05
0.058	3.56255e-05
0.059	3.69892e-05
0.06	3.83517e-05
0.061	3.97122e-05
0.062	4.10698e-05
0.063	4.24239e-05
0.064	4.37739e-05
0.065	4.51191e-05
0.066	4.6459e-05
0.067	4.77932e-05
0.068	4.91213e-05
0.069	5.04428e-05
0.07	5.17575e-05
0.071	5.3065e-05
0.072	5.43652e-05
0.073	5.56578e-05
0.074	5.69427e-05
0.075	5.82198e-05
0.076	5.9489e-05
0.077	6.07503e-05
0.078	6.20037e-05
0.079	6.32492e-05
0.08	6.44869e-05
0.081	6.57169e-05
0.082	6.69393e-05
0.083	6.81543e-05
0.084	6.93621e-05
0.085	7.05628e-05
0.086	7.17567e-05
0.087	7.29441e-05
0.088	7.41252e-05
0.089	7.53004e-05
0.09	7.647e-05
0.091	7.76343e-05
0.092	7.87937e-05
0.093	7.99485e-05
0.094	8.10993e-05
0.095	8.22462e-05
0.096	8.33899e-05
0.097	8.45307e-05
0.098	8.56691e-05
0.099	8.68055e-05
0.1	8.79405e-05
0.101	8.90745e-05
0.102	9.0208e-05
0.103	9.13415e-05
0.104	9.24755e-05
0.105	9.36106e-05
0.106	9.47472e-05
0.107	9.5886e-05
0.108	9.70274e-05
0.109	9.81719e-05
0.11	9.93203e-05
0.111	0.000100473
0.112	0.00010163
0.113	0.000102793
0.114	0.000103962
0.115	0.000105137
0.116	0.00010632
0.117	0.00010751
0.118	0.000108708
0.119	0.000109915
0.12	0.000111131
0.121	0.000112358
0.122	0.000113594
0.123	0.000114842
0.124	0.000116102
0.125	0.000117373
0.126	0.000118657
0.127	0.000119955
0.128	0.000121266
0.129	0.000122592
0.13	0.000123932
0.131	0.000125288
0.132	0.00012666
0.133	0.000128048
0.134	0.000129453
0.135	0.000130876
0.136	0.000132317
0.137	0.000133777
0.138	0.000135255
0.139	0.000136753
0.14	0.000138272
0.141	0.00013981
0.142	0.00014137
0.143	0.000142951
0.144	0.000144555
0.145	0.00014618
0.146	0.000147829
0.147	0.000149501
0.148	0.000151197
0.149	0.000152917
0.15	0.000154661
0.151	0.000156431
0.152	0.000158227
0.153	0.000160048
0.154	0.000161896
0.155	0.000163771
0.156	0.000165673
0.157	0.000167602
0.158	0.000169559
0.159	0.000171545
0.16	0.00017356
0.161	0.000175603
0.162	0.000177677
0.163	0.00017978
0.164	0.000181913
0.165	0.000184076
0.166	0.000186271
0.167	0.000188497
0.168	0.000190754
0.169	0.000193044
0.17	0.000195365
0.171	0.000197719
0.172	0.000200106
0.173	0.000202526
0.174	0.000204979
0.175	0.000207467
0.176	0.000209988
0.177	0.000212543
0.178	0.000215134
0.179	0.000217759
0.18	0.000220419
0.181	0.000223115
0.182	0.000225846
0.183	0.000228613
0.184	0.000231417
0.185	0.000234257
0.186	0.000237134
0.187	0.000240047
0.188	0.000242998
0.189	0.000245987
0.19	0.000249013
0.191	0.000252077
0.192	0.00025518
0.193	0.000258321
0.194	0.0002615
0.195	0.000264719
0.196	0.000267976
0.197	0.000271273
0.198	0.00027461
0.199	0.000277986
0.2	0.000281403
0.201	0.00028486
0.202	0.000288357
0.203	0.000291895
0.204	0.000295474
0.205	0.000299094
0.206	0.000302756
0.207	0.000306459
0.208	0.000310204
0.209	0.000313991
0.21	0.00031782
0.211	0.000321692
0.212	0.000325607
0.213	0.000329565
0.214	0.000333566
0.215	0.00033761
0.216	0.000341698
0.217	0.00034583
0.218	0.000350006
0.219	0.000354227
0.22	0.000358492
0.221	0.000362802
0.222	0.000367157
0.223	0.000371558
0.224	0.000376004
0.225	0.000380496
0.226	0.000385035
0.227	0.000389619
0.228	0.000394251
0.229	0.000398929
0.23	0.000403655
0.231	0.000408428
0.232	0.000413249
0.233	0.000418118
0.234	0.000423036
0.235	0.000428002
0.236	0.000433017
0.237	0.000438082
0.238	0.000443196
0.239	0.00044836
0.24	0.000453574
0.241	0.000458839
0.242	0.000464155
0.243	0.000469522
0.244	0.000474941
0.245	0.000480412
0.246	0.000485935
0.247	0.000491511
0.248	0.00049714
0.249	0.000502822
0.25	0.000508558
0.251	0.000514349
0.252	0.000520194
0.253	0.000526094
0.254	0.00053205
0.255	0.000538062
0.256	0.00054413
0.257	0.000550255
0.258	0.000556437
0.259	0.000562677
0.26	0.000568975
0.261	0.000575332
0.262	0.000581748
0.263	0.000588223
0.264	0.000594759
0.265	0.000601355
0.266	0.000608013
0.267	0.000614732
0.268	0.000621513
0.269	0.000628358
0.27	0.000635265
0.271	0.000642237
0.272	0.000649273
0.273	0.000656374
0.274	0.00066354
0.275	0.000670773
0.276	0.000678073
0.277	0.000685441
0.278	0.000692876
0.279	0.000700381
0.28	0.000707954
0.281	0.000715598
0.282	0.000723313
0.283	0.000731099
0.284	0.000738958
0.285	0.000746889
0.286	0.000754894
0.287	0.000762973
0.288	0.000771128
0.289	0.000779358
0.29	0.000787665
0.291	0.000796049
0.292	0.000804512
0.293	0.000813054
0.294	0.000821675
0.295	0.000830377
0.296	0.00083916
0.297	0.000848026
0.298	0.000856975
0.299	0.000866008
0.3	0.000875126
0.301	0.00088433
0.302	0.00089362
0.303	0.000902998
0.304	0.000912465
0.305	0.000922022
0.306	0.000931668
0.307	0.000941407
0.308	0.000951237
0.309	0.000961162
0.31	0.00097118
0.311	0.000981295
0.312	0.000991505
0.313	0.00100181
0.314	0.00101222
0.315	0.00102273
0.316	0.00103333
0.317	0.00104404
0.318	0.00105486
0.319	0.00106577
0.32	0.00107679
0.321	0.00108792
0.322	0.00109916
0.323	0.0011105
0.324	0.00112196
0.325	0.00113352
0.326	0.0011452
0.327	0.001157
0.328	0.0011689
0.329	0.00118093
0.33	0.00119307
0.331	0.00120533
0.332	0.00121771
0.333	0.00123021
0.334	0.00124283
0.335	0.00125558
0.336	0.00126845
0.337	0.00128145
0.338	0.00129458
0.339	0.00130784
0.34	0.00132123
0.341	0.00133475
0.342	0.00134841
0.343	0.0013622
0.344	0.00137613
0.345	0.00139019
0.346	0.0014044
0.347	0.00141875
0.348	0.00143324
0.349	0.00144787
0.35	0.00146266
0.351	0.00147759
0.352	0.00149267
0.353	0.0015079
0.354	0.00152328
0.355	0.00153882
0.356	0.00155451
0.357	0.00157037
0.358	0.00158638
0.359	0.00160255
0.36	0.00161889
0.361	0.00163539
0.362	0.00165205
0.363	0.00166889
0.364	0.00168589
0.365	0.00170307
0.366	0.00172042
0.367	0.00173795
0.368	0.00175566
0.369	0.00177354
0.37	0.00179161
0.371	0.00180985
0.372	0.00182829
0.373	0.00184691
0.374	0.00186572
0.375	0.00188472
0.376	0.00190392
0.377	0.00192331
0.378	0.0019429
0.379	0.00196269
0.38	0.00198268
0.381	0.00200287
0.382	0.00202327
0.383	0.00204388
0.384	0.00206469
0.385	0.00208573
0.386	0.00210697
0.387	0.00212843
0.388	0.00215011
0.389	0.00217202
0.39	0.00219414
0.391	0.0022165
0.392	0.00223908
0.393	0.00226189
0.394	0.00228494
0.395	0.00230822
0.396	0.00233174
0.397	0.0023555
0.398	0.0023795
0.399	0.00240375
0.4	0.00242825
0.401	0.002453
0.402	0.002478
0.403	0.00250326
0.404	0.00252877
0.405	0.00255455
0.406	0.00258059
0.407	0.0026069
0.408	0.00263348
0.409	0.00266032
0.41	0.00268745
0.411	0.00271485
0.412	0.00274253
0.413	0.0027705
0.414	0.00279875
0.415	0.00282729
0.416	0.00285612
0.417	0.00288525
0.418	0.00291467
0.419	0.0029444
0.42	0.00297443
0.421	0.00300476
0.422	0.00303541
0.423	0.00306637
0.424	0.00309764
0.425	0.00312924
0.426	0.00316116
0.427	0.0031934
0.428	0.00322598
0.429	0.00325888
0.43	0.00329212
0.431	0.0033257
0.432	0.00335963
0.433	0.0033939
0.434	0.00342852
0.435	0.00346349
0.436	0.00349882
0.437	0.0035345
0.438	0.00357056
0.439	0.00360697
0.44	0.00364376
0.441	0.00368093
0.442	0.00371847
0.443	0.0037564
0.444	0.00379471
0.445	0.00383341
0.446	0.0038725
0.447	0.00391199
0.448	0.00395188
0.449	0.00399218
0.45	0.00403288
0.451	0.004074
0.452	0.00411554
0.453	0.0041575
0.454	0.00419988
0.455	0.0042427
0.456	0.00428595
0.457	0.00432963
0.458	0.00437376
0.459	0.00441834
0.46	0.00446337
0.461	0.00450885
0.462	0.00455479
0.463	0.0046012
0.464	0.00464808
0.465	0.00469544
0.466	0.00474327
0.467	0.00479158
0.468	0.00484039
0.469	0.00488968
0.47	0.00493948
0.471	0.00498978
0.472	0.00504058
0.473	0.0050919
0.474	0.00514374
0.475	0.0051961
0.476	0.00524898
0.477	0.0053024
0.478	0.00535636
0.479	0.00541087
0.48	0.00546592
0.481	0.00552153
0.482	0.0055777
0.483	0.00563443
0.484	0.00569173
0.485	0.00574961
0.486	0.00580808
0.487	0.00586713
0.488	0.00592678
0.489	0.00598702
0.49	0.00604787
0.491	0.00610934
0.492	0.00617142
0.493	0.00623412
0.494	0.00629746
0.495	0.00636143
0.496	0.00642605
0.497	0.00649131
0.498	0.00655723
0.499	0.00662381
0.5	0.00669106
0.501	0.00675898
0.502	0.00682759
0.503	0.00689688
0.504	0.00696687
0.505	0.00703756
0.506	0.00710896
0.507	0.00718108
0.508	0.00725392
0.509	0.00732748
0.51	0.00740179
0.511	0.00747684
0.512	0.00755265
0.513	0.00762921
0.514	0.00770654
0.515	0.00778464
0.516	0.00786353
0.517	0.00794321
0.518	0.00802368
0.519	0.00810496
0.52	0.00818706
0.521	0.00826998
0.522	0.00835372
0.523	0.00843831
0.524	0.00852374
0.525	0.00861003
0.526	0.00869718
0.527	0.0087852
0.528	0.00887411
0.529	0.0089639
0.53	0.0090546
0.531	0.0091462
0.532	0.00923871
0.533	0.00933215
0.534	0.00942653
0.535	0.00952185
0.536	0.00961813
0.537	0.00971537
0.538	0.00981358
0.539	0.00991277
0.54	0.010013
0.541	0.0101141
0.542	0.0102163
0.543	0.0103196
0.544	0.0104238
0.545	0.0105291
0.546	0.0106355
0.547	0.0107429
0.548	0.0108514
0.549	0.010961
0.55	0.0110716
0.551	0.0111834
0.552	0.0112963
0.553	0.0114103
0.554	0.0115255
0.555	0.0116418
0.556	0.0117593
0.557	0.011878
0.558	0.0119978
0.559	0.0121188
0.56	0.0122411
0.561	0.0123646
0.562	0.0124893
0.563	0.0126153
0.564	0.0127425
0.565	0.012871
0.566	0.0130008
0.567	0.0131318
0.568	0.0132642
0.569	0.0133979
0.57	0.013533
0.571	0.0136694
0.572	0.0138072
0.573	0.0139463
0.574	0.0140869
0.575	0.0142288
0.576	0.0143722
0.577	0.014517
0.578	0.0146633
0.579	0.014811
0.58	0.0149602
0.581	0.0151109
0.582	0.0152631
0.583	0.0154169
0.584	0.0155721
0.585	0.015729
0.586	0.0158874
0.587	0.0160474
0.588	0.016209
0.589	0.0163722
0.59	0.016537
0.591	0.0167035
0.592	0.0168717
0.593	0.0170416
0.594	0.0172131
0.595	0.0173864
0.596	0.0175614
0.597	0.0177382
0.598	0.0179167
0.599	0.0180971
0.6	0.0182792
0.601	0.0184632
0.602	0.018649
0.603	0.0188367
0.604	0.0190262
0.605	0.0192177
0.606	0.0194111
0.607	0.0196064
0.608	0.0198037
0.609	0.020003
0.61	0.0202042
0.611	0.0204075
0.612	0.0206128
0.613	0.0208202
0.614	0.0210297
0.615	0.0212413
0.616	0.021455
0.617	0.0216708
0.618	0.0218888
0.619	0.022109
0.62	0.0223315
0.621	0.0225561
0.622	0.022783
0.623	0.0230122
0.624	0.0232437
0.625	0.0234775
0.626	0.0237136
0.627	0.0239522
0.628	0.0241931
0.629	0.0244365
0.63	0.0246823
0.631	0.0249305
0.632	0.0251813
0.633	0.0254346
0.634	0.0256904
0.635	0.0259488
0.636	0.0262098
0.637	0.0264734
0.638	0.0267397
0.639	0.0270086
0.64	0.0272803
0.641	0.0275547
0.642	0.0278318
0.643	0.0281118
0.644	0.0283945
0.645	0.0286801
0.646	0.0289686
0.647	0.0292599
0.648	0.0295542
0.649	0.0298515
0.65	0.0301517
0.651	0.030455
0.652	0.0307613
0.653	0.0310707
0.654	0.0313832
0.655	0.0316989
0.656	0.0320177
0.657	0.0323398
0.658	0.032665
0.659	0.0329936
0.66	0.0333254
0.661	0.0336606
0.662	0.0339992
0.663	0.0343412
0.664	0.0346866
0.665	0.0350355
0.666	0.0353879
0.667	0.0357439
0.668	0.0361034
0.669	0.0364666
0.67	0.0368334
0.671	0.0372039
0.672	0.0375781
0.673	0.0379561
0.674	0.0383379
0.675	0.0387235
0.676	0.0391131
0.677	0.0395065
0.678	0.0399039
0.679	0.0403053
0.68	0.0407108
0.681	0.0411203
0.682	0.0415339
0.683	0.0419517
0.684	0.0423738
0.685	0.0428
0.686	0.0432306
0.687	0.0436655
0.688	0.0441047
0.689	0.0445484
0.69	0.0449966
0.691	0.0454492
0.692	0.0459064
0.693	0.0463683
0.694	0.0468347
0.695	0.0473059
0.696	0.0477818
0.697	0.0482625
0.698	0.048748
0.699	0.0492385
0.7	0.0497338
0.701	0.0502341
0.702	0.0507395
0.703	0.05125
0.704	0.0517656
0.705	0.0522864
0.706	0.0528124
0.707	0.0533437
0.708	0.0538804
0.709	0.0544225
0.71	0.05497
0.711	0.055523
0.712	0.0560816
0.713	0.0566458
0.714	0.0572157
0.715	0.0577914
0.716	0.0583728
0.717	0.05896
0.718	0.0595532
0.719	0.0601524
0.72	0.0607575
0.721	0.0613688
0.722	0.0619862
0.723	0.0626098
0.724	0.0632397
0.725	0.063876
0.726	0.0645186
0.727	0.0651677
0.728	0.0658233
0.729	0.0664855
0.73	0.0671544
0.731	0.06783
0.732	0.0685124
0.733	0.0692017
0.734	0.0698979
0.735	0.0706011
0.736	0.0713114
0.737	0.0720288
0.738	0.0727534
0.739	0.0734853
0.74	0.0742246
0.741	0.0749713
0.742	0.0757255
0.743	0.0764873
0.744	0.0772567
0.745	0.0780339
0.746	0.0788189
0.747	0.0796118
0.748	0.0804127
0.749	0.0812216
0.75	0.0820387
0.751	0.0828639
0.752	0.0836975
0.753	0.0845394
0.754	0.0853898
0.755	0.0862488
0.756	0.0871164
0.757	0.0879927
0.758	0.0888778
0.759	0.0897718
0.76	0.0906748
0.761	0.0915868
0.762	0.0925081
0.763	0.0934385
0.764	0.0943784
0.765	0.0953277
0.766	0.0962865
0.767	0.0972549
0.768	0.0982331
0.769	0.0992211
0.77	0.100219
0.771	0.101227
0.772	0.102245
0.773	0.103273
0.774	0.104312
0.775	0.105361
0.776	0.106421
0.777	0.107491
0.778	0.108572
0.779	0.109664
0.78	0.110767
0.781	0.111881
0.782	0.113006
0.783	0.114142
0.784	0.11529
0.785	0.11645
0.786	0.117621
0.787	0.118803
0.788	0.119998
0.789	0.121205
0.79	0.122424
0.791	0.123655
0.792	0.124898
0.793	0.126154
0.794	0.127422
0.795	0.128704
0.796	0.129998
0.797	0.131305
0.798	0.132625
0.799	0.133958
0.8	0.135305
0.801	0.136666
0.802	0.13804
0.803	0.139428
0.804	0.14083
0.805	0.142245
0.806	0.143676
0.807	0.14512
0.808	0.146579
0.809	0.148053
0.81	0.149541
0.811	0.151044
0.812	0.152563
0.813	0.154097
0.814	0.155646
0.815	0.15721
0.816	0.158791
0.817	0.160387
0.818	0.161999
0.819	0.163628
0.82	0.165273
0.821	0.166934
0.822	0.168612
0.823	0.170307
0.824	0.172019
0.825	0.173748
0.826	0.175495
0.827	0.177259
0.828	0.179041
0.829	0.18084
0.83	0.182658
0.831	0.184494
0.832	0.186348
0.833	0.188222
0.834	0.190113
0.835	0.192024
0.836	0.193954
0.837	0.195904
0.838	0.197873
0.839	0.199862
0.84	0.20187
0.841	0.203899
0.842	0.205949
0.843	0.208019
0.844	0.21011
0.845	0.212221
0.846	0.214354
0.847	0.216509
0.848	0.218685
0.849	0.220883
0.85	0.223103
0.851	0.225345
0.852	0.22761
0.853	0.229897
0.854	0.232208
0.855	0.234542
0.856	0.236899
0.857	0.23928
0.858	0.241684
0.859	0.244113
0.86	0.246567
0.861	0.249045
0.862	0.251548
0.863	0.254076
0.864	0.256629
0.865	0.259209
0.866	0.261814
0.867	0.264445
0.868	0.267103
0.869	0.269787
0.87	0.272499
0.871	0.275237
0.872	0.278003
0.873	0.280797
0.874	0.28362
0.875	0.28647
0.876	0.289349
0.877	0.292257
0.878	0.295194
0.879	0.298161
0.88	0.301158
0.881	0.304184
0.882	0.307242
0.883	0.31033
0.884	0.313448
0.885	0.316599
0.886	0.319781
0.887	0.322995
0.888	0.326241
0.889	0.32952
0.89	0.332832
0.891	0.336177
0.892	0.339556
0.893	0.342968
0.894	0.346415
0.895	0.349897
0.896	0.353414
0.897	0.356966
0.898	0.360554
0.899	0.364178
0.9	0.367838
0.901	0.371535
0.902	0.37527
0.903	0.379042
0.904	0.382851
0.905	0.386699
0.906	0.390586
0.907	0.394512
0.908	0.398478
0.909	0.402483
0.91	0.406528
0.911	0.410615
0.912	0.414742
0.913	0.418911
0.914	0.423121
0.915	0.427374
0.916	0.43167
0.917	0.436009
0.918	0.440392
0.919	0.444819
0.92	0.44929
0.921	0.453806
0.922	0.458368
0.923	0.462975
0.924	0.467629
0.925	0.47233
0.926	0.477078
0.927	0.481874
0.928	0.486717
0.929	0.49161
0.93	0.496552
0.931	0.501543
0.932	0.506585
0.933	0.511677
0.934	0.516821
0.935	0.522016
0.936	0.527264
0.937	0.532564
0.938	0.537917
0.939	0.543325
0.94	0.548787
0.941	0.554303
0.942	0.559875
0.943	0.565504
0.944	0.571188
0.945	0.57693
0.946	0.58273
0.947	0.588587
0.948	0.594504
0.949	0.60048
0.95	0.606517
0.951	0.612614
0.952	0.618772
0.953	0.624992
0.954	0.631274
0.955	0.63762
0.956	0.64403
0.957	0.650503
0.958	0.657042
0.959	0.663647
0.96	0.670318
0.961	0.677056
0.962	0.683861
0.963	0.690735
0.964	0.697678
0.965	0.704691
0.966	0.711774
0.967	0.718929
0.968	0.726155
0.969	0.733454
0.97	0.740826
0.971	0.748272
0.972	0.755792
0.973	0.763388
0.974	0.771061
0.975	0.77881
0.976	0.786638
0.977	0.794543
0.978	0.802528
0.979	0.810594
0.98	0.81874
0.981	0.826968
0.982	0.835278
0.983	0.843672
0.984	0.852149
0.985	0.860712
0.986	0.869361
0.987	0.878097
0.988	0.88692
0.989	0.895831
0.99	0.904832
0.991	0.913923
0.992	0.923105
0.993	0.932379
0.994	0.941746
0.995	0.951207
0.996	0.960762
0.997	0.970413
0.998	0.980161
0.999	0.990007
