# Interpolation data for function: sqrt(abs(x-0.5))
0	0.708874
0.001	0.707828
0.002	0.706814
0.003	0.70583
0.004	0.704874
0.005	0.703944
0.006	0.703039
0.007	0.702156
0.008	0.701294
0.009	0.700451
0.01	0.699627
0.011	0.698819
0.012	0.698027
0.013	0.697248
0.014	0.696483
0.015	0.695729
0.016	0.694987
0.017	0.694253
0.018	0.693529
0.019	0.692812
0.02	0.692102
0.021	0.691398
0.022	0.6907
0.023	0.690006
0.024	0.689316
0.025	0.688629
0.026	0.687945
0.027	0.687263
0.028	0.686583
0.029	0.685903
0.03	0.685225
0.031	0.684546
0.032	0.683867
0.033	0.683188
0.034	0.682508
0.035	0.681826
0.036	0.681143
0.037	0.680458
0.038	0.679772
0.039	0.679083
0.04	0.678391
0.041	0.677697
0.042	0.677
0.043	0.676301
0.044	0.675598
0.045	0.674892
0.046	0.674183
0.047	0.673471
0.048	0.672756
0.049	0.672037
0.05	0.671315
0.051	0.67059
0.052	0.669861
0.053	0.669129
0.054	0.668393
0.055	0.667654
0.056	0.666912
0.057	0.666166
0.058	0.665417
0.059	0.664665
0.06	0.66391
0.061	0.663152
0.062	0.662391
0.063	0.661627
0.064	0.66086
0.065	0.660091
0.066	0.659318
0.067	0.658544
0.068	0.657766
0.069	0.656986
0.07	0.656204
0.071	0.65542
0.072	0.654634
0.073	0.653845
0.074	0.653055
0.075	0.652262
0.076	0.651468
0.077	0.650673
0.078	0.649875
0.079	0.649077
0.08	0.648276
0.081	0.647475
0.082	0.646672
0.083	0.645869
0.084	0.645064
0.085	0.644258
0.086	0.643451
0.087	0.642644
0.088	0.641836
0.089	0.641027
0.09	0.640217
0.091	0.639408
0.092	0.638597
0.093	0.637786
0.094	0.636975
0.095	0.636164
0.096	0.635353
0.097	0.634541
0.098	0.633729
0.099	0.632917
0.1	0.632105
0.101	0.631293
0.102	0.630481
0.103	0.629669
0.104	0.628858
0.105	0.628046
0.106	0.627235
0.107	0.626423
0.108	0.625612
0.109	0.624801
0.11	0.623991
0.111	0.62318
0.112	0.62237
0.113	0.62156
0.114	0.62075
0.115	0.61994
0.116	0.619131
0.117	0.618321
0.118	0.617512
0.119	0.616703
0.12	0.615895
0.121	0.615086
0.122	0.614278
0.123	0.613469
0.124	0.612661
0.125	0.611853
0.126	0.611044
0.127	0.610236
0.128	0.609428
0.129	0.608619
0.13	0.607811
0.131	0.607002
0.132	0.606193
0.133	0.605384
0.134	0.604574
0.135	0.603764
0.136	0.602954
0.137	0.602144
0.138	0.601333
0.139	0.600521
0.14	0.599709
0.141	0.598896
0.142	0.598083
0.143	0.597269
0.144	0.596454
0.145	0.595638
0.146	0.594821
0.147	0.594004
0.148	0.593186
0.149	0.592366
0.15	0.591546
0.151	0.590724
0.152	0.589901
0.153	0.589077
0.154	0.588252
0.155	0.587426
0.156	0.586598
0.157	0.585768
0.158	0.584938
0.159	0.584105
0.16	0.583271
0.161	0.582436
0.162	0.581599
0.163	0.58076
0.164	0.57992
0.165	0.579077
0.166	0.578233
0.167	0.577387
0.168	0.576539
0.169	0.57569
0.17	0.574838
0.171	0.573984
0.172	0.573128
0.173	0.572271
0.174	0.571411
0.175	0.570548
0.176	0.569684
0.177	0.568818
0.178	0.567949
0.179	0.567078
0.18	0.566205
0.181	0.565329
0.182	0.564452
0.183	0.563572
0.184	0.562689
0.185	0.561804
0.186	0.560917
0.187	0.560027
0.188	0.559135
0.189	0.558241
0.19	0.557344
0.191	0.556445
0.192	0.555543
0.193	0.554639
0.194	0.553733
0.195	0.552824
0.196	0.551912
0.197	0.550998
0.198	0.550082
0.199	0.549163
0.2	0.548242
0.201	0.547319
0.202	0.546393
0.203	0.545464
0.204	0.544534
0.205	0.5436
0.206	0.542665
0.207	0.541727
0.208	0.540787
0.209	0.539845
0.21	0.5389
0.211	0.537953
0.212	0.537003
0.213	0.536052
0.214	0.535098
0.215	0.534142
0.216	0.533184
0.217	0.532224
0.218	0.531262
0.219	0.530297
0.22	0.529331
0.221	0.528362
0.222	0.527392
0.223	0.526419
0.224	0.525445
0.225	0.524468
0.226	0.52349
0.227	0.52251
0.228	0.521527
0.229	0.520544
0.23	0.519558
0.231	0.518571
0.232	0.517581
0.233	0.516591
0.234	0.515598
0.235	0.514604
0.236	0.513608
0.237	0.512611
0.238	0.511612
0.239	0.510611
0.24	0.509609
0.241	0.508606
0.242	0.507601
0.243	0.506594
0.244	0.505587
0.245	0.504578
0.246	0.503567
0.247	0.502555
0.248	0.501542
0.249	0.500527
0.25	0.499512
0.251	0.498495
0.252	0.497476
0.253	0.496457
0.254	0.495436
0.255	0.494414
0.256	0.493391
0.257	0.492367
0.258	0.491341
0.259	0.490314
0.26	0.489286
0.261	0.488257
0.262	0.487227
0.263	0.486196
0.264	0.485163
0.265	0.48413
0.266	0.483095
0.267	0.482059
0.268	0.481022
0.269	0.479984
0.27	0.478944
0.271	0.477903
0.272	0.476861
0.273	0.475818
0.274	0.474774
0.275	0.473728
0.276	0.472681
0.277	0.471633
0.278	0.470583
0.279	0.469532
0.28	0.46848
0.281	0.467426
0.282	0.466371
0.283	0.465314
0.284	0.464256
0.285	0.463196
0.286	0.462134
0.287	0.461071
0.288	0.460006
0.289	0.45894
0.29	0.457872
0.291	0.456802
0.292	0.45573
0.293	0.454656
0.294	0.45358
0.295	0.452502
0.296	0.451422
0.297	0.45034
0.298	0.449256
0.299	0.448169
0.3	0.44708
0.301	0.445989
0.302	0.444895
0.303	0.443799
0.304	0.4427
0.305	0.441599
0.306	0.440494
0.307	0.439387
0.308	0.438277
0.309	0.437165
0.31	0.436049
0.311	0.43493
0.312	0.433808
0.313	0.432683
0.314	0.431554
0.315	0.430422
0.316	0.429286
0.317	0.428147
0.318	0.427005
0.319	0.425858
0.32	0.424708
0.321	0.423554
0.322	0.422396
0.323	0.421234
0.324	0.420068
0.325	0.418898
0.326	0.417723
0.327	0.416544
0.328	0.415361
0.329	0.414173
0.33	0.412981
0.331	0.411784
0.332	0.410582
0.333	0.409376
0.334	0.408165
0.335	0.406948
0.336	0.405727
0.337	0.4045
0.338	0.403269
0.339	0.402032
0.34	0.40079
0.341	0.399542
0.342	0.39829
0.343	0.397031
0.344	0.395767
0.345	0.394498
0.346	0.393223
0.347	0.391942
0.348	0.390655
0.349	0.389363
0.35	0.388064
0.351	0.38676
0.352	0.38545
0.353	0.384133
0.354	0.382811
0.355	0.381483
0.356	0.380148
0.357	0.378808
0.358	0.377461
0.359	0.376108
0.36	0.374749
0.361	0.373383
0.362	0.372011
0.363	0.370633
0.364	0.369249
0.365	0.367858
0.366	0.366461
0.367	0.365057
0.368	0.363647
0.369	0.362231
0.37	0.360809
0.371	0.35938
0.372	0.357945
0.373	0.356503
0.374	0.355055
0.375	0.353601
0.376	0.35214
0.377	0.350673
0.378	0.3492
0.379	0.347721
0.38	0.346235
0.381	0.344743
0.382	0.343245
0.383	0.341741
0.384	0.340231
0.385	0.338714
0.386	0.337192
0.387	0.335663
0.388	0.334128
0.389	0.332587
0.39	0.331041
0.391	0.329488
0.392	0.327929
0.393	0.326365
0.394	0.324794
0.395	0.323218
0.396	0.321636
0.397	0.320048
0.398	0.318454
0.399	0.316855
0.4	0.315249
0.401	0.313638
0.402	0.312021
0.403	0.310399
0.404	0.30877
0.405	0.307136
0.406	0.305496
0.407	0.30385
0.408	0.302198
0.409	0.300541
0.41	0.298877
0.411	0.297207
0.412	0.295531
0.413	0.293849
0.414	0.292161
0.415	0.290466
0.416	0.288765
0.417	0.287057
0.418	0.285343
0.419	0.283622
0.42	0.281893
0.421	0.280157
0.422	0.278414
0.423	0.276663
0.424	0.274904
0.425	0.273137
0.426	0.271362
0.427	0.269577
0.428	0.267784
0.429	0.265981
0.43	0.264168
0.431	0.262345
0.432	0.260511
0.433	0.258667
0.434	0.25681
0.435	0.254941
0.436	0.25306
0.437	0.251165
0.438	0.249256
0.439	0.247332
0.44	0.245394
0.441	0.243439
0.442	0.241467
0.443	0.239477
0.444	0.237469
0.445	0.235441
0.446	0.233393
0.447	0.231324
0.448	0.229231
0.449	0.227115
0.45	0.224974
0.451	0.222807
0.452	0.220612
0.453	0.218389
0.454	0.216135
0.455	0.213849
0.456	0.21153
0.457	0.209176
0.458	0.206785
0.459	0.204355
0.46	0.201885
0.461	0.199373
0.462	0.196816
0.463	0.194213
0.464	0.191561
0.465	0.188858
0.466	0.186101
0.467	0.183288
0.468	0.180417
0.469	0.177484
0.47	0.174488
0.471	0.171424
0.472	0.16829
0.473	0.165083
0.474	0.1618
0.475	0.158437
0.476	0.15499
0.477	0.151456
0.478	0.147831
0.479	0.144112
0.48	0.140294
0.481	0.136373
0.482	0.132344
0.483	0.128203
0.484	0.123946
0.485	0.119567
0.486	0.115062
0.487	0.110426
0.488	0.105653
0.489	0.100737
0.49	0.0956727
0.491	0.0904547
0.492	0.0850766
0.493	0.0795322
0.494	0.073815
0.495	0.0679182
0.496	0.061835
0.497	0.0555582
0.498	0.0490806
0.499	0.0423945
0.5	0.0354922
0.501	0.0423945
0.502	0.0490806
0.503	0.0555582
0.504	0.061835
0.505	0.0679182
0.506	0.073815
0.507	0.0795322
0.508	0.0850766
0.509	0.0904547
0.51	0.0956727
0.511	0.100737
0.512	0.105653
0.513	0.110426
0.514	0.115062
0.515	0.119567
0.516	0.123946
0.517	0.128203
0.518	0.132344
0.519	0.136373
0.52	0.140294
0.521	0.144112
0.522	0.147831
0.523	0.151456
0.524	0.15499
0.525	0.158437
0.526	0.1618
0.527	0.165083
0.528	0.16829
0.529	0.171424
0.53	0.174488
0.531	0.177484
0.532	0.180417
0.533	0.183288
0.534	0.186101
0.535	0.188858
0.536	0.191561
0.537	0.194213
0.538	0.196816
0.539	0.199373
0.54	0.201885
0.541	0.204355
0.542	0.206785
0.543	0.209176
0.544	0.21153
0.545	0.213849
0.546	0.216135
0.547	0.218389
0.548	0.220612
0.549	0.222807
0.55	0.224974
0.551	0.227115
0.552	0.229231
0.553	0.231324
0.554	0.233393
0.555	0.235441
0.556	0.237469
0.557	0.239477
0.558	0.241467
0.559	0.243439
0.56	0.245394
0.561	0.247332
0.562	0.249256
0.563	0.251165
0.564	0.25306
0.565	0.254941
0.566	0.25681
0.567	0.258667
0.568	0.260511
0.569	0.262345
0.57	0.264168
0.571	0.265981
0.572	0.267784
0.573	0.269577
0.574	0.271362
0.575	0.273137
0.576	0.274904
0.577	0.276663
0.578	0.278414
0.579	0.280157
0.58	0.281893
0.581	0.283622
0.582	0.285343
0.583	0.287057
0.584	0.288765
0.585	0.290466
0.586	0.292161
0.587	0.293849
0.588	0.295531
0.589	0.297207
0.59	0.298877
0.591	0.300541
0.592	0.302198
0.593	0.30385
0.594	0.305496
0.595	0.307136
0.596	0.30877
0.597	0.310399
0.598	0.312021
0.599	0.313638
0.6	0.315249
0.601	0.316855
0.602	0.318454
0.603	0.320048
0.604	0.321636
0.605	0.323218
0.606	0.324794
0.607	0.326365
0.608	0.327929
0.609	0.329488
0.61	0.331041
0.611	0.332587
0.612	0.334128
0.613	0.335663
0.614	0.337192
0.615	0.338714
0.616	0.340231
0.617	0.341741
0.618	0.343245
0.619	0.344743
0.62	0.346235
0.621	0.347721
0.622	0.3492
0.623	0.350673
0.624	0.35214
0.625	0.353601
0.626	0.355055
0.627	0.356503
0.628	0.357945
0.629	0.35938
0.63	0.360809
0.631	0.362231
0.632	0.363647
0.633	0.365057
0.634	0.366461
0.635	0.367858
0.636	0.369249
0.637	0.370633
0.638	0.372011
0.639	0.373383
0.64	0.374749
0.641	0.376108
0.642	0.377461
0.643	0.378808
0.644	0.380148
0.645	0.381483
0.646	0.382811
0.647	0.384133
0.648	0.38545
0.649	0.38676
0.65	0.388064
0.651	0.389363
0.652	0.390655
0.653	0.391942
0.654	0.393223
0.655	0.394498
0.656	0.395767
0.657	0.397031
0.658	0.39829
0.659	0.399542
0.66	0.40079
0.661	0.402032
0.662	0.403269
0.663	0.4045
0.664	0.405727
0.665	0.406948
0.666	0.408165
0.667	0.409376
0.668	0.410582
0.669	0.411784
0.67	0.412981
0.671	0.414173
0.672	0.415361
0.673	0.416544
0.674	0.417723
0.675	0.418898
0.676	0.420068
0.677	0.421234
0.678	0.422396
0.679	0.423554
0.68	0.424708
0.681	0.425858
0.682	0.427005
0.683	0.428147
0.684	0.429286
0.685	0.430422
0.686	0.431554
0.687	0.432683
0.688	0.433808
0.689	0.43493
0.69	0.436049
0.691	0.437165
0.692	0.438277
0.693	0.439387
0.694	0.440494
0.695	0.441599
0.696	0.4427
0.697	0.443799
0.698	0.444895
0.699	0.445989
0.7	0.44708
0.701	0.448169
0.702	0.449256
0.703	0.45034
0.704	0.451422
0.705	0.452502
0.706	0.45358
0.707	0.454656
0.708	0.45573
0.709	0.456802
0.71	0.457872
0.711	0.45894
0.712	0.460006
0.713	0.461071
0.714	0.462134
0.715	0.463196
0.716	0.464256
0.717	0.465314
0.718	0.466371
0.719	0.467426
0.72	0.46848
0.721	0.469532
0.722	0.470583
0.723	0.471633
0.724	0.472681
0.725	0.473728
0.726	0.474774
0.727	0.475818
0.728	0.476861
0.729	0.477903
0.73	0.478944
0.731	0.479984
0.732	0.481022
0.733	0.482059
0.734	0.483095
0.735	0.48413
0.736	0.485163
0.737	0.486196
0.738	0.487227
0.739	0.488257
0.74	0.489286
0.741	0.490314
0.742	0.491341
0.743	0.492367
0.744	0.493391
0.745	0.494414
0.746	0.495436
0.747	0.496457
0.748	0.497476
0.749	0.498495
0.75	0.499512
0.751	0.500527
0.752	0.501542
0.753	0.502555
0.754	0.503567
0.755	0.504578
0.756	0.505587
0.757	0.506594
0.758	0.507601
0.759	0.508606
0.76	0.509609
0.761	0.510611
0.762	0.511612
0.763	0.512611
0.764	0.513608
0.765	0.514604
0.766	0.515598
0.767	0.516591
0.768	0.517581
0.769	0.518571
0.77	0.519558
0.771	0.520544
0.772	0.521527
0.773	0.52251
0.774	0.52349
0.775	0.524468
0.776	0.525445
0.777	0.526419
0.778	0.527392
0.779	0.528362
0.78	0.529331
0.781	0.530297
0.782	0.531262
0.783	0.532224
0.784	0.533184
0.785	0.534142
0.786	0.535098
0.787	0.536052
0.788	0.537003
0.789	0.537953
0.79	0.5389
0.791	0.539845
0.792	0.540787
0.793	0.541727
0.794	0.542665
0.795	0.5436
0.796	0.544534
0.797	0.545464
0.798	0.546393
0.799	0.547319
0.8	0.548242
0.801	0.549163
0.802	0.550082
0.803	0.550998
0.804	0.551912
0.805	0.552824
0.806	0.553733
0.807	0.554639
0.808	0.555543
0.809	0.556445
0.81	0.557344
0.811	0.558241
0.812	0.559135
0.813	0.560027
0.814	0.560917
0.815	0.561804
0.816	0.562689
0.817	0.563572
0.818	0.564452
0.819	0.565329
0.82	0.566205
0.821	0.567078
0.822	0.567949
0.823	0.568818
0.824	0.569684
0.825	0.570548
0.826	0.571411
0.827	0.572271
0.828	0.573128
0.829	0.573984
0.83	0.574838
0.831	0.57569
0.832	0.576539
0.833	0.577387
0.834	0.578233
0.835	0.579077
0.836	0.57992
0.837	0.58076
0.838	0.581599
0.839	0.582436
0.84	0.583271
0.841	0.584105
0.842	0.584938
0.843	0.585768
0.844	0.586598
0.845	0.587426
0.846	0.588252
0.847	0.589077
0.848	0.589901
0.849	0.590724
0.85	0.591546
0.851	0.592366
0.852	0.593186
0.853	0.594004
0.854	0.594821
0.855	0.595638
0.856	0.596454
0.857	0.597269
0.858	0.598083
0.859	0.598896
0.86	0.599709
0.861	0.600521
0.862	0.601333
0.863	0.602144
0.864	0.602954
0.865	0.603764
0.866	0.604574
0.867	0.605384
0.868	0.606193
0.869	0.607002
0.87	0.607811
0.871	0.608619
0.872	0.609428
0.873	0.610236
0.874	0.611044
0.875	0.611853
0.876	0.612661
0.877	0.613469
0.878	0.614278
0.879	0.615086
0.88	0.615895
0.881	0.616703
0.882	0.617512
0.883	0.618321
0.884	0.619131
0.885	0.61994
0.886	0.62075
0.887	0.62156
0.888	0.62237
0.889	0.62318
0.89	0.623991
0.891	0.624801
0.892	0.625612
0.893	0.626423
0.894	0.627235
0.895	0.628046
0.896	0.628858
0.897	0.629669
0.898	0.630481
0.899	0.631293
0.9	0.632105
0.901	0.632917
0.902	0.633729
0.903	0.634541
0.904	0.635353
0.905	0.636164
0.906	0.636975
0.907	0.637786
0.908	0.638597
0.909	0.639408
0.91	0.640217
0.911	0.641027
0.912	0.641836
0.913	0.642644
0.914	0.643451
0.915	0.644258
0.916	0.645064
0.917	0.645869
0.918	0.646672
0.919	0.647475
0.92	0.648276
0.921	0.649077
0.922	0.649875
0.923	0.650673
0.924	0.651468
0.925	0.652262
0.926	0.653055
0.927	0.653845
0.928	0.654634
0.929	0.65542
0.93	0.656204
0.931	0.656986
0.932	0.657766
0.933	0.658544
0.934	0.659318
0.935	0.660091
0.936	0.66086
0.937	0.661627
0.938	0.662391
0.939	0.663152
0.94	0.66391
0.941	0.664665
0.942	0.665417
0.943	0.666166
0.944	0.666912
0.945	0.667654
0.946	0.668393
0.947	0.669129
0.948	0.669861
0.949	0.67059
0.95	0.671315
0.951	0.672037
0.952	0.672756
0.953	0.673471
0.954	0.674183
0.955	0.674892
0.956	0.675598
0.957	0.676301
0.958	0.677
0.959	0.677697
0.96	0.678391
0.961	0.679083
0.962	0.679772
0.963	0.680458
0.964	0.681143
0.965	0.681826
0.966	0.682508
0.967	0.683188
0.968	0.683867
0.969	0.684546
0.97	0.685225
0.971	0.685903
0.972	0.686583
0.973	0.687263
0.974	0.687945
0.975	0.688629
0.976	0.689316
0.977	0.690006
0.978	0.6907
0.979	0.691398
0.98	0.692102
0.981	0.692812
0.982	0.693529
0.983	0.694253
0.984	0.694987
0.985	0.695729
0.986	0.696483
0.987	0.697248
0.988	0.698027
0.989	0.698819
0.99	0.699627
0.991	0.700451
0.992	0.701294
0.993	0.702156
0.994	0.703039
0.995	0.703944
0.996	0.704874
0.997	0.70583
0.998	0.706814
0.999	0.707828
