# Interpolation data for function: sqrt(abs(x-0.5))
0	0.811262
0.001	0.809212
0.002	0.807167
0.003	0.805125
0.004	0.803088
0.005	0.801055
0.006	0.799026
0.007	0.797001
0.008	0.79498
0.009	0.792963
0.01	0.79095
0.011	0.788942
0.012	0.786937
0.013	0.784937
0.014	0.78294
0.015	0.780948
0.016	0.77896
0.017	0.776976
0.018	0.774996
0.019	0.77302
0.02	0.771049
0.021	0.769081
0.022	0.767118
0.023	0.765158
0.024	0.763203
0.025	0.761252
0.026	0.759305
0.027	0.757362
0.028	0.755423
0.029	0.753488
0.03	0.751558
0.031	0.749631
0.032	0.747709
0.033	0.74579
0.034	0.743876
0.035	0.741966
0.036	0.74006
0.037	0.738158
0.038	0.73626
0.039	0.734366
0.04	0.732477
0.041	0.730591
0.042	0.72871
0.043	0.726833
0.044	0.724959
0.045	0.72309
0.046	0.721225
0.047	0.719364
0.048	0.717508
0.049	0.715655
0.05	0.713806
0.051	0.711962
0.052	0.710122
0.053	0.708285
0.054	0.706453
0.055	0.704625
0.056	0.702801
0.057	0.700981
0.058	0.699165
0.059	0.697354
0.06	0.695546
0.061	0.693743
0.062	0.691944
0.063	0.690148
0.064	0.688357
0.065	0.68657
0.066	0.684787
0.067	0.683008
0.068	0.681234
0.069	0.679463
0.07	0.677697
0.071	0.675934
0.072	0.674176
0.073	0.672422
0.074	0.670672
0.075	0.668926
0.076	0.667184
0.077	0.665446
0.078	0.663712
0.079	0.661983
0.08	0.660257
0.081	0.658536
0.082	0.656819
0.083	0.655105
0.084	0.653396
0.085	0.651691
0.086	0.64999
0.087	0.648294
0.088	0.646601
0.089	0.644913
0.09	0.643228
0.091	0.641548
0.092	0.639872
0.093	0.638199
0.094	0.636531
0.095	0.634867
0.096	0.633208
0.097	0.631552
0.098	0.6299
0.099	0.628253
0.1	0.626609
0.101	0.62497
0.102	0.623335
0.103	0.621704
0.104	0.620077
0.105	0.618454
0.106	0.616835
0.107	0.61522
0.108	0.61361
0.109	0.612003
0.11	0.610401
0.111	0.608803
0.112	0.607209
0.113	0.605618
0.114	0.604033
0.115	0.602451
0.116	0.600873
0.117	0.599299
0.118	0.59773
0.119	0.596164
0.12	0.594603
0.121	0.593046
0.122	0.591493
0.123	0.589944
0.124	0.588399
0.125	0.586858
0.126	0.585321
0.127	0.583788
0.128	0.58226
0.129	0.580736
0.13	0.579215
0.131	0.577699
0.132	0.576187
0.133	0.574679
0.134	0.573175
0.135	0.571675
0.136	0.57018
0.137	0.568688
0.138	0.5672
0.139	0.565717
0.14	0.564238
0.141	0.562763
0.142	0.561292
0.143	0.559825
0.144	0.558362
0.145	0.556903
0.146	0.555448
0.147	0.553998
0.148	0.552551
0.149	0.551109
0.15	0.549671
0.151	0.548237
0.152	0.546807
0.153	0.545381
0.154	0.543959
0.155	0.542541
0.156	0.541128
0.157	0.539718
0.158	0.538313
0.159	0.536911
0.16	0.535514
0.161	0.534121
0.162	0.532732
0.163	0.531347
0.164	0.529966
0.165	0.52859
0.166	0.527217
0.167	0.525849
0.168	0.524484
0.169	0.523124
0.17	0.521768
0.171	0.520416
0.172	0.519068
0.173	0.517724
0.174	0.516384
0.175	0.515048
0.176	0.513717
0.177	0.512389
0.178	0.511066
0.179	0.509747
0.18	0.508432
0.181	0.507121
0.182	0.505814
0.183	0.504511
0.184	0.503212
0.185	0.501918
0.186	0.500627
0.187	0.499341
0.188	0.498058
0.189	0.49678
0.19	0.495506
0.191	0.494236
0.192	0.49297
0.193	0.491708
0.194	0.490451
0.195	0.489197
0.196	0.487948
0.197	0.486702
0.198	0.485461
0.199	0.484224
0.2	0.482991
0.201	0.481762
0.202	0.480537
0.203	0.479316
0.204	0.478099
0.205	0.476887
0.206	0.475678
0.207	0.474474
0.208	0.473274
0.209	0.472078
0.21	0.470886
0.211	0.469698
0.212	0.468514
0.213	0.467334
0.214	0.466159
0.215	0.464987
0.216	0.46382
0.217	0.462656
0.218	0.461497
0.219	0.460342
0.22	0.459191
0.221	0.458044
0.222	0.456901
0.223	0.455763
0.224	0.454628
0.225	0.453498
0.226	0.452371
0.227	0.451249
0.228	0.450131
0.229	0.449017
0.23	0.447907
0.231	0.446801
0.232	0.445699
0.233	0.444601
0.234	0.443508
0.235	0.442418
0.236	0.441333
0.237	0.440252
0.238	0.439175
0.239	0.438102
0.24	0.437033
0.241	0.435968
0.242	0.434907
0.243	0.433851
0.244	0.432798
0.245	0.43175
0.246	0.430705
0.247	0.429665
0.248	0.428629
0.249	0.427597
0.25	0.426569
0.251	0.425545
0.252	0.424526
0.253	0.42351
0.254	0.422499
0.255	0.421491
0.256	0.420488
0.257	0.419489
0.258	0.418494
0.259	0.417503
0.26	0.416516
0.261	0.415533
0.262	0.414554
0.263	0.41358
0.264	0.412609
0.265	0.411643
0.266	0.410681
0.267	0.409723
0.268	0.408769
0.269	0.407819
0.27	0.406873
0.271	0.405931
0.272	0.404993
0.273	0.40406
0.274	0.403131
0.275	0.402205
0.276	0.401284
0.277	0.400367
0.278	0.399454
0.279	0.398545
0.28	0.39764
0.281	0.39674
0.282	0.395843
0.283	0.39495
0.284	0.394062
0.285	0.393178
0.286	0.392298
0.287	0.391422
0.288	0.39055
0.289	0.389682
0.29	0.388818
0.291	0.387958
0.292	0.387103
0.293	0.386251
0.294	0.385404
0.295	0.384561
0.296	0.383722
0.297	0.382886
0.298	0.382056
0.299	0.381229
0.3	0.380406
0.301	0.379587
0.302	0.378773
0.303	0.377962
0.304	0.377156
0.305	0.376354
0.306	0.375556
0.307	0.374762
0.308	0.373972
0.309	0.373186
0.31	0.372404
0.311	0.371627
0.312	0.370853
0.313	0.370084
0.314	0.369319
0.315	0.368557
0.316	0.3678
0.317	0.367047
0.318	0.366299
0.319	0.365554
0.32	0.364813
0.321	0.364077
0.322	0.363344
0.323	0.362616
0.324	0.361891
0.325	0.361171
0.326	0.360455
0.327	0.359743
0.328	0.359036
0.329	0.358332
0.33	0.357632
0.331	0.356937
0.332	0.356245
0.333	0.355558
0.334	0.354875
0.335	0.354196
0.336	0.353521
0.337	0.35285
0.338	0.352183
0.339	0.35152
0.34	0.350862
0.341	0.350207
0.342	0.349557
0.343	0.34891
0.344	0.348268
0.345	0.34763
0.346	0.346996
0.347	0.346366
0.348	0.345741
0.349	0.345119
0.35	0.344501
0.351	0.343888
0.352	0.343279
0.353	0.342673
0.354	0.342072
0.355	0.341475
0.356	0.340882
0.357	0.340293
0.358	0.339709
0.359	0.339128
0.36	0.338551
0.361	0.337979
0.362	0.337411
0.363	0.336846
0.364	0.336286
0.365	0.33573
0.366	0.335178
0.367	0.334631
0.368	0.334087
0.369	0.333547
0.37	0.333012
0.371	0.33248
0.372	0.331953
0.373	0.33143
0.374	0.330911
0.375	0.330396
0.376	0.329885
0.377	0.329378
0.378	0.328876
0.379	0.328377
0.38	0.327883
0.381	0.327392
0.382	0.326906
0.383	0.326424
0.384	0.325946
0.385	0.325472
0.386	0.325002
0.387	0.324536
0.388	0.324075
0.389	0.323617
0.39	0.323164
0.391	0.322714
0.392	0.322269
0.393	0.321828
0.394	0.321391
0.395	0.320958
0.396	0.320529
0.397	0.320105
0.398	0.319684
0.399	0.319268
0.4	0.318855
0.401	0.318447
0.402	0.318043
0.403	0.317643
0.404	0.317247
0.405	0.316855
0.406	0.316467
0.407	0.316083
0.408	0.315704
0.409	0.315328
0.41	0.314957
0.411	0.31459
0.412	0.314227
0.413	0.313867
0.414	0.313513
0.415	0.313162
0.416	0.312815
0.417	0.312472
0.418	0.312134
0.419	0.311799
0.42	0.311469
0.421	0.311143
0.422	0.310821
0.423	0.310503
0.424	0.310189
0.425	0.309879
0.426	0.309573
0.427	0.309272
0.428	0.308974
0.429	0.308681
0.43	0.308391
0.431	0.308106
0.432	0.307825
0.433	0.307548
0.434	0.307275
0.435	0.307007
0.436	0.306742
0.437	0.306481
0.438	0.306225
0.439	0.305973
0.44	0.305724
0.441	0.30548
0.442	0.30524
0.443	0.305004
0.444	0.304772
0.445	0.304545
0.446	0.304321
0.447	0.304101
0.448	0.303886
0.449	0.303675
0.45	0.303467
0.451	0.303264
0.452	0.303065
0.453	0.30287
0.454	0.30268
0.455	0.302493
0.456	0.30231
0.457	0.302132
0.458	0.301957
0.459	0.301787
0.46	0.301621
0.461	0.301459
0.462	0.301301
0.463	0.301147
0.464	0.300997
0.465	0.300852
0.466	0.30071
0.467	0.300572
0.468	0.300439
0.469	0.30031
0.47	0.300185
0.471	0.300064
0.472	0.299947
0.473	0.299834
0.474	0.299725
0.475	0.299621
0.476	0.29952
0.477	0.299424
0.478	0.299331
0.479	0.299243
0.48	0.299159
0.481	0.299079
0.482	0.299003
0.483	0.298931
0.484	0.298863
0.485	0.2988
0.486	0.29874
0.487	0.298685
0.488	0.298634
0.489	0.298586
0.49	0.298543
0.491	0.298504
0.492	0.298469
0.493	0.298439
0.494	0.298412
0.495	0.298389
0.496	0.298371
0.497	0.298357
0.498	0.298346
0.499	0.29834
0.5	0.298338
0.501	0.29834
0.502	0.298346
0.503	0.298357
0.504	0.298371
0.505	0.298389
0.506	0.298412
0.507	0.298439
0.508	0.298469
0.509	0.298504
0.51	0.298543
0.511	0.298586
0.512	0.298634
0.513	0.298685
0.514	0.29874
0.515	0.2988
0.516	0.298863
0.517	0.298931
0.518	0.299003
0.519	0.299079
0.52	0.299159
0.521	0.299243
0.522	0.299331
0.523	0.299424
0.524	0.29952
0.525	0.299621
0.526	0.299725
0.527	0.299834
0.528	0.299947
0.529	0.300064
0.53	0.300185
0.531	0.30031
0.532	0.300439
0.533	0.300572
0.534	0.30071
0.535	0.300852
0.536	0.300997
0.537	0.301147
0.538	0.301301
0.539	0.301459
0.54	0.301621
0.541	0.301787
0.542	0.301957
0.543	0.302132
0.544	0.30231
0.545	0.302493
0.546	0.30268
0.547	0.30287
0.548	0.303065
0.549	0.303264
0.55	0.303467
0.551	0.303675
0.552	0.303886
0.553	0.304101
0.554	0.304321
0.555	0.304545
0.556	0.304772
0.557	0.305004
0.558	0.30524
0.559	0.30548
0.56	0.305724
0.561	0.305973
0.562	0.306225
0.563	0.306481
0.564	0.306742
0.565	0.307007
0.566	0.307275
0.567	0.307548
0.568	0.307825
0.569	0.308106
0.57	0.308391
0.571	0.308681
0.572	0.308974
0.573	0.309272
0.574	0.309573
0.575	0.309879
0.576	0.310189
0.577	0.310503
0.578	0.310821
0.579	0.311143
0.58	0.311469
0.581	0.311799
0.582	0.312134
0.583	0.312472
0.584	0.312815
0.585	0.313162
0.586	0.313513
0.587	0.313867
0.588	0.314227
0.589	0.31459
0.59	0.314957
0.591	0.315328
0.592	0.315704
0.593	0.316083
0.594	0.316467
0.595	0.316855
0.596	0.317247
0.597	0.317643
0.598	0.318043
0.599	0.318447
0.6	0.318855
0.601	0.319268
0.602	0.319684
0.603	0.320105
0.604	0.320529
0.605	0.320958
0.606	0.321391
0.607	0.321828
0.608	0.322269
0.609	0.322714
0.61	0.323164
0.611	0.323617
0.612	0.324075
0.613	0.324536
0.614	0.325002
0.615	0.325472
0.616	0.325946
0.617	0.326424
0.618	0.326906
0.619	0.327392
0.62	0.327883
0.621	0.328377
0.622	0.328876
0.623	0.329378
0.624	0.329885
0.625	0.330396
0.626	0.330911
0.627	0.33143
0.628	0.331953
0.629	0.33248
0.63	0.333012
0.631	0.333547
0.632	0.334087
0.633	0.334631
0.634	0.335178
0.635	0.33573
0.636	0.336286
0.637	0.336846
0.638	0.337411
0.639	0.337979
0.64	0.338551
0.641	0.339128
0.642	0.339709
0.643	0.340293
0.644	0.340882
0.645	0.341475
0.646	0.342072
0.647	0.342673
0.648	0.343279
0.649	0.343888
0.65	0.344501
0.651	0.345119
0.652	0.345741
0.653	0.346366
0.654	0.346996
0.655	0.34763
0.656	0.348268
0.657	0.34891
0.658	0.349557
0.659	0.350207
0.66	0.350862
0.661	0.35152
0.662	0.352183
0.663	0.35285
0.664	0.353521
0.665	0.354196
0.666	0.354875
0.667	0.355558
0.668	0.356245
0.669	0.356937
0.67	0.357632
0.671	0.358332
0.672	0.359036
0.673	0.359743
0.674	0.360455
0.675	0.361171
0.676	0.361891
0.677	0.362616
0.678	0.363344
0.679	0.364077
0.68	0.364813
0.681	0.365554
0.682	0.366299
0.683	0.367047
0.684	0.3678
0.685	0.368557
0.686	0.369319
0.687	0.370084
0.688	0.370853
0.689	0.371627
0.69	0.372404
0.691	0.373186
0.692	0.373972
0.693	0.374762
0.694	0.375556
0.695	0.376354
0.696	0.377156
0.697	0.377962
0.698	0.378773
0.699	0.379587
0.7	0.380406
0.701	0.381229
0.702	0.382056
0.703	0.382886
0.704	0.383722
0.705	0.384561
0.706	0.385404
0.707	0.386251
0.708	0.387103
0.709	0.387958
0.71	0.388818
0.711	0.389682
0.712	0.39055
0.713	0.391422
0.714	0.392298
0.715	0.393178
0.716	0.394062
0.717	0.39495
0.718	0.395843
0.719	0.39674
0.72	0.39764
0.721	0.398545
0.722	0.399454
0.723	0.400367
0.724	0.401284
0.725	0.402205
0.726	0.403131
0.727	0.40406
0.728	0.404993
0.729	0.405931
0.73	0.406873
0.731	0.407819
0.732	0.408769
0.733	0.409723
0.734	0.410681
0.735	0.411643
0.736	0.412609
0.737	0.41358
0.738	0.414554
0.739	0.415533
0.74	0.416516
0.741	0.417503
0.742	0.418494
0.743	0.419489
0.744	0.420488
0.745	0.421491
0.746	0.422499
0.747	0.42351
0.748	0.424526
0.749	0.425545
0.75	0.426569
0.751	0.427597
0.752	0.428629
0.753	0.429665
0.754	0.430705
0.755	0.43175
0.756	0.432798
0.757	0.433851
0.758	0.434907
0.759	0.435968
0.76	0.437033
0.761	0.438102
0.762	0.439175
0.763	0.440252
0.764	0.441333
0.765	0.442418
0.766	0.443508
0.767	0.444601
0.768	0.445699
0.769	0.446801
0.77	0.447907
0.771	0.449017
0.772	0.450131
0.773	0.451249
0.774	0.452371
0.775	0.453498
0.776	0.454628
0.777	0.455763
0.778	0.456901
0.779	0.458044
0.78	0.459191
0.781	0.460342
0.782	0.461497
0.783	0.462656
0.784	0.46382
0.785	0.464987
0.786	0.466159
0.787	0.467334
0.788	0.468514
0.789	0.469698
0.79	0.470886
0.791	0.472078
0.792	0.473274
0.793	0.474474
0.794	0.475678
0.795	0.476887
0.796	0.478099
0.797	0.479316
0.798	0.480537
0.799	0.481762
0.8	0.482991
0.801	0.484224
0.802	0.485461
0.803	0.486702
0.804	0.487948
0.805	0.489197
0.806	0.490451
0.807	0.491708
0.808	0.49297
0.809	0.494236
0.81	0.495506
0.811	0.49678
0.812	0.498058
0.813	0.499341
0.814	0.500627
0.815	0.501918
0.816	0.503212
0.817	0.504511
0.818	0.505814
0.819	0.507121
0.82	0.508432
0.821	0.509747
0.822	0.511066
0.823	0.512389
0.824	0.513717
0.825	0.515048
0.826	0.516384
0.827	0.517724
0.828	0.519068
0.829	0.520416
0.83	0.521768
0.831	0.523124
0.832	0.524484
0.833	0.525849
0.834	0.527217
0.835	0.52859
0.836	0.529966
0.837	0.531347
0.838	0.532732
0.839	0.534121
0.84	0.535514
0.841	0.536911
0.842	0.538313
0.843	0.539718
0.844	0.541128
0.845	0.542541
0.846	0.543959
0.847	0.545381
0.848	0.546807
0.849	0.548237
0.85	0.549671
0.851	0.551109
0.852	0.552551
0.853	0.553998
0.854	0.555448
0.855	0.556903
0.856	0.558362
0.857	0.559825
0.858	0.561292
0.859	0.562763
0.86	0.564238
0.861	0.565717
0.862	0.5672
0.863	0.568688
0.864	0.57018
0.865	0.571675
0.866	0.573175
0.867	0.574679
0.868	0.576187
0.869	0.577699
0.87	0.579215
0.871	0.580736
0.872	0.58226
0.873	0.583788
0.874	0.585321
0.875	0.586858
0.876	0.588399
0.877	0.589944
0.878	0.591493
0.879	0.593046
0.88	0.594603
0.881	0.596164
0.882	0.59773
0.883	0.599299
0.884	0.600873
0.885	0.602451
0.886	0.604033
0.887	0.605618
0.888	0.607209
0.889	0.608803
0.89	0.610401
0.891	0.612003
0.892	0.61361
0.893	0.61522
0.894	0.616835
0.895	0.618454
0.896	0.620077
0.897	0.621704
0.898	0.623335
0.899	0.62497
0.9	0.626609
0.901	0.628253
0.902	0.6299
0.903	0.631552
0.904	0.633208
0.905	0.634867
0.906	0.636531
0.907	0.638199
0.908	0.639872
0.909	0.641548
0.91	0.643228
0.911	0.644913
0.912	0.646601
0.913	0.648294
0.914	0.64999
0.915	0.651691
0.916	0.653396
0.917	0.655105
0.918	0.656819
0.919	0.658536
0.92	0.660257
0.921	0.661983
0.922	0.663712
0.923	0.665446
0.924	0.667184
0.925	0.668926
0.926	0.670672
0.927	0.672422
0.928	0.674176
0.929	0.675934
0.93	0.677697
0.931	0.679463
0.932	0.681234
0.933	0.683008
0.934	0.684787
0.935	0.68657
0.936	0.688357
0.937	0.690148
0.938	0.691944
0.939	0.693743
0.94	0.695546
0.941	0.697354
0.942	0.699165
0.943	0.700981
0.944	0.702801
0.945	0.704625
0.946	0.706453
0.947	0.708285
0.948	0.710122
0.949	0.711962
0.95	0.713806
0.951	0.715655
0.952	0.717508
0.953	0.719364
0.954	0.721225
0.955	0.72309
0.956	0.724959
0.957	0.726833
0.958	0.72871
0.959	0.730591
0.96	0.732477
0.961	0.734366
0.962	0.73626
0.963	0.738158
0.964	0.74006
0.965	0.741966
0.966	0.743876
0.967	0.74579
0.968	0.747709
0.969	0.749631
0.97	0.751558
0.971	0.753488
0.972	0.755423
0.973	0.757362
0.974	0.759305
0.975	0.761252
0.976	0.763203
0.977	0.765158
0.978	0.767118
0.979	0.769081
0.98	0.771049
0.981	0.77302
0.982	0.774996
0.983	0.776976
0.984	0.77896
0.985	0.780948
0.986	0.78294
0.987	0.784937
0.988	0.786937
0.989	0.788942
0.99	0.79095
0.991	0.792963
0.992	0.79498
0.993	0.797001
0.994	0.799026
0.995	0.801055
0.996	0.803088
0.997	0.805125
0.998	0.807167
0.999	0.809212
