# Interpolation data for function: sqrt(abs(x-0.5))
0	0.708331
0.001	0.707294
0.002	0.706302
0.003	0.705351
0.004	0.704437
0.005	0.703556
0.006	0.702705
0.007	0.701881
0.008	0.701081
0.009	0.700302
0.01	0.699542
0.011	0.698798
0.012	0.698069
0.013	0.697351
0.014	0.696645
0.015	0.695946
0.016	0.695255
0.017	0.69457
0.018	0.69389
0.019	0.693212
0.02	0.692537
0.021	0.691863
0.022	0.69119
0.023	0.690517
0.024	0.689842
0.025	0.689166
0.026	0.688488
0.027	0.687808
0.028	0.687124
0.029	0.686438
0.03	0.685748
0.031	0.685054
0.032	0.684356
0.033	0.683654
0.034	0.682948
0.035	0.682238
0.036	0.681524
0.037	0.680805
0.038	0.680082
0.039	0.679355
0.04	0.678624
0.041	0.677889
0.042	0.677151
0.043	0.676408
0.044	0.675662
0.045	0.674912
0.046	0.67416
0.047	0.673404
0.048	0.672645
0.049	0.671883
0.05	0.671119
0.051	0.670352
0.052	0.669583
0.053	0.668812
0.054	0.668039
0.055	0.667264
0.056	0.666488
0.057	0.66571
0.058	0.664931
0.059	0.664151
0.06	0.663371
0.061	0.662589
0.062	0.661807
0.063	0.661024
0.064	0.660241
0.065	0.659457
0.066	0.658674
0.067	0.65789
0.068	0.657107
0.069	0.656323
0.07	0.65554
0.071	0.654757
0.072	0.653975
0.073	0.653193
0.074	0.652411
0.075	0.65163
0.076	0.650849
0.077	0.650069
0.078	0.64929
0.079	0.648511
0.08	0.647732
0.081	0.646955
0.082	0.646178
0.083	0.645401
0.084	0.644625
0.085	0.64385
0.086	0.643075
0.087	0.642301
0.088	0.641527
0.089	0.640753
0.09	0.63998
0.091	0.639207
0.092	0.638434
0.093	0.637662
0.094	0.63689
0.095	0.636117
0.096	0.635345
0.097	0.634573
0.098	0.6338
0.099	0.633028
0.1	0.632255
0.101	0.631482
0.102	0.630708
0.103	0.629934
0.104	0.629159
0.105	0.628384
0.106	0.627607
0.107	0.626831
0.108	0.626053
0.109	0.625274
0.11	0.624494
0.111	0.623713
0.112	0.622931
0.113	0.622148
0.114	0.621364
0.115	0.620578
0.116	0.61979
0.117	0.619002
0.118	0.618211
0.119	0.617419
0.12	0.616626
0.121	0.61583
0.122	0.615033
0.123	0.614234
0.124	0.613434
0.125	0.612631
0.126	0.611827
0.127	0.61102
0.128	0.610212
0.129	0.609401
0.13	0.608589
0.131	0.607774
0.132	0.606957
0.133	0.606139
0.134	0.605318
0.135	0.604495
0.136	0.603669
0.137	0.602842
0.138	0.602012
0.139	0.601181
0.14	0.600347
0.141	0.599511
0.142	0.598673
0.143	0.597832
0.144	0.59699
0.145	0.596146
0.146	0.595299
0.147	0.59445
0.148	0.5936
0.149	0.592747
0.15	0.591892
0.151	0.591035
0.152	0.590176
0.153	0.589316
0.154	0.588453
0.155	0.587589
0.156	0.586723
0.157	0.585855
0.158	0.584985
0.159	0.584113
0.16	0.58324
0.161	0.582365
0.162	0.581489
0.163	0.580611
0.164	0.579732
0.165	0.578851
0.166	0.577968
0.167	0.577084
0.168	0.576199
0.169	0.575313
0.17	0.574425
0.171	0.573536
0.172	0.572646
0.173	0.571754
0.174	0.570862
0.175	0.569968
0.176	0.569074
0.177	0.568178
0.178	0.567281
0.179	0.566384
0.18	0.565485
0.181	0.564586
0.182	0.563686
0.183	0.562785
0.184	0.561883
0.185	0.56098
0.186	0.560077
0.187	0.559173
0.188	0.558268
0.189	0.557362
0.19	0.556456
0.191	0.555549
0.192	0.554641
0.193	0.553733
0.194	0.552824
0.195	0.551915
0.196	0.551005
0.197	0.550094
0.198	0.549183
0.199	0.548271
0.2	0.547358
0.201	0.546445
0.202	0.545531
0.203	0.544617
0.204	0.543701
0.205	0.542785
0.206	0.541869
0.207	0.540952
0.208	0.540034
0.209	0.539115
0.21	0.538195
0.211	0.537275
0.212	0.536353
0.213	0.535431
0.214	0.534508
0.215	0.533584
0.216	0.532659
0.217	0.531733
0.218	0.530806
0.219	0.529878
0.22	0.528949
0.221	0.528018
0.222	0.527087
0.223	0.526154
0.224	0.52522
0.225	0.524284
0.226	0.523347
0.227	0.522409
0.228	0.521469
0.229	0.520527
0.23	0.519584
0.231	0.518639
0.232	0.517693
0.233	0.516745
0.234	0.515795
0.235	0.514843
0.236	0.513889
0.237	0.512933
0.238	0.511976
0.239	0.511016
0.24	0.510054
0.241	0.50909
0.242	0.508123
0.243	0.507154
0.244	0.506183
0.245	0.50521
0.246	0.504234
0.247	0.503256
0.248	0.502275
0.249	0.501292
0.25	0.500306
0.251	0.499317
0.252	0.498325
0.253	0.497331
0.254	0.496334
0.255	0.495335
0.256	0.494332
0.257	0.493326
0.258	0.492318
0.259	0.491306
0.26	0.490292
0.261	0.489274
0.262	0.488254
0.263	0.48723
0.264	0.486204
0.265	0.485174
0.266	0.484141
0.267	0.483105
0.268	0.482065
0.269	0.481023
0.27	0.479977
0.271	0.478928
0.272	0.477876
0.273	0.476821
0.274	0.475762
0.275	0.4747
0.276	0.473635
0.277	0.472567
0.278	0.471495
0.279	0.47042
0.28	0.469342
0.281	0.468261
0.282	0.467176
0.283	0.466089
0.284	0.464998
0.285	0.463904
0.286	0.462807
0.287	0.461707
0.288	0.460603
0.289	0.459497
0.29	0.458388
0.291	0.457275
0.292	0.45616
0.293	0.455041
0.294	0.45392
0.295	0.452796
0.296	0.451668
0.297	0.450538
0.298	0.449406
0.299	0.44827
0.3	0.447131
0.301	0.44599
0.302	0.444846
0.303	0.4437
0.304	0.442551
0.305	0.441399
0.306	0.440244
0.307	0.439087
0.308	0.437928
0.309	0.436766
0.31	0.435602
0.311	0.434435
0.312	0.433266
0.313	0.432094
0.314	0.43092
0.315	0.429744
0.316	0.428565
0.317	0.427384
0.318	0.426201
0.319	0.425015
0.32	0.423828
0.321	0.422638
0.322	0.421446
0.323	0.420251
0.324	0.419054
0.325	0.417856
0.326	0.416655
0.327	0.415451
0.328	0.414246
0.329	0.413038
0.33	0.411828
0.331	0.410615
0.332	0.409401
0.333	0.408184
0.334	0.406964
0.335	0.405742
0.336	0.404518
0.337	0.403292
0.338	0.402062
0.339	0.400831
0.34	0.399596
0.341	0.398359
0.342	0.397119
0.343	0.395877
0.344	0.394631
0.345	0.393383
0.346	0.392131
0.347	0.390876
0.348	0.389619
0.349	0.388358
0.35	0.387093
0.351	0.385825
0.352	0.384554
0.353	0.383279
0.354	0.382
0.355	0.380717
0.356	0.37943
0.357	0.378139
0.358	0.376844
0.359	0.375544
0.36	0.37424
0.361	0.372931
0.362	0.371617
0.363	0.370298
0.364	0.368975
0.365	0.367646
0.366	0.366312
0.367	0.364972
0.368	0.363626
0.369	0.362275
0.37	0.360918
0.371	0.359555
0.372	0.358185
0.373	0.356809
0.374	0.355426
0.375	0.354037
0.376	0.35264
0.377	0.351237
0.378	0.349826
0.379	0.348408
0.38	0.346983
0.381	0.34555
0.382	0.344108
0.383	0.342659
0.384	0.341202
0.385	0.339737
0.386	0.338263
0.387	0.33678
0.388	0.335289
0.389	0.333789
0.39	0.33228
0.391	0.330762
0.392	0.329234
0.393	0.327698
0.394	0.326152
0.395	0.324596
0.396	0.323031
0.397	0.321456
0.398	0.319871
0.399	0.318276
0.4	0.316672
0.401	0.315057
0.402	0.313432
0.403	0.311797
0.404	0.310152
0.405	0.308496
0.406	0.30683
0.407	0.305154
0.408	0.303468
0.409	0.301771
0.41	0.300064
0.411	0.298346
0.412	0.296618
0.413	0.29488
0.414	0.293131
0.415	0.291372
0.416	0.289602
0.417	0.287822
0.418	0.286032
0.419	0.284232
0.42	0.282421
0.421	0.280601
0.422	0.27877
0.423	0.276929
0.424	0.275078
0.425	0.273216
0.426	0.271345
0.427	0.269464
0.428	0.267573
0.429	0.265671
0.43	0.26376
0.431	0.261838
0.432	0.259907
0.433	0.257965
0.434	0.256014
0.435	0.254052
0.436	0.252079
0.437	0.250096
0.438	0.248102
0.439	0.246098
0.44	0.244082
0.441	0.242055
0.442	0.240016
0.443	0.237966
0.444	0.235902
0.445	0.233826
0.446	0.231737
0.447	0.229633
0.448	0.227515
0.449	0.225381
0.45	0.223232
0.451	0.221065
0.452	0.21888
0.453	0.216677
0.454	0.214453
0.455	0.212208
0.456	0.20994
0.457	0.207648
0.458	0.20533
0.459	0.202984
0.46	0.200609
0.461	0.198202
0.462	0.195761
0.463	0.193285
0.464	0.190769
0.465	0.188212
0.466	0.185611
0.467	0.182962
0.468	0.180262
0.469	0.177507
0.47	0.174694
0.471	0.171818
0.472	0.168876
0.473	0.165861
0.474	0.16277
0.475	0.159597
0.476	0.156337
0.477	0.152982
0.478	0.149528
0.479	0.145968
0.48	0.142293
0.481	0.138497
0.482	0.134572
0.483	0.130509
0.484	0.1263
0.485	0.121935
0.486	0.117404
0.487	0.112697
0.488	0.107802
0.489	0.102709
0.49	0.0974041
0.491	0.0918758
0.492	0.0861101
0.493	0.080093
0.494	0.0738095
0.495	0.067244
0.496	0.0603801
0.497	0.0532006
0.498	0.0456875
0.499	0.0378218
0.5	0.0295839
0.501	0.0378218
0.502	0.0456875
0.503	0.0532006
0.504	0.0603801
0.505	0.067244
0.506	0.0738095
0.507	0.080093
0.508	0.0861101
0.509	0.0918758
0.51	0.0974041
0.511	0.102709
0.512	0.107802
0.513	0.112697
0.514	0.117404
0.515	0.121935
0.516	0.1263
0.517	0.130509
0.518	0.134572
0.519	0.138497
0.52	0.142293
0.521	0.145968
0.522	0.149528
0.523	0.152982
0.524	0.156337
0.525	0.159597
0.526	0.16277
0.527	0.165861
0.528	0.168876
0.529	0.171818
0.53	0.174694
0.531	0.177507
0.532	0.180262
0.533	0.182962
0.534	0.185611
0.535	0.188212
0.536	0.190769
0.537	0.193285
0.538	0.195761
0.539	0.198202
0.54	0.200609
0.541	0.202984
0.542	0.20533
0.543	0.207648
0.544	0.20994
0.545	0.212208
0.546	0.214453
0.547	0.216677
0.548	0.21888
0.549	0.221065
0.55	0.223232
0.551	0.225381
0.552	0.227515
0.553	0.229633
0.554	0.231737
0.555	0.233826
0.556	0.235902
0.557	0.237966
0.558	0.240016
0.559	0.242055
0.56	0.244082
0.561	0.246098
0.562	0.248102
0.563	0.250096
0.564	0.252079
0.565	0.254052
0.566	0.256014
0.567	0.257965
0.568	0.259907
0.569	0.261838
0.57	0.26376
0.571	0.265671
0.572	0.267573
0.573	0.269464
0.574	0.271345
0.575	0.273216
0.576	0.275078
0.577	0.276929
0.578	0.27877
0.579	0.280601
0.58	0.282421
0.581	0.284232
0.582	0.286032
0.583	0.287822
0.584	0.289602
0.585	0.291372
0.586	0.293131
0.587	0.29488
0.588	0.296618
0.589	0.298346
0.59	0.300064
0.591	0.301771
0.592	0.303468
0.593	0.305154
0.594	0.30683
0.595	0.308496
0.596	0.310152
0.597	0.311797
0.598	0.313432
0.599	0.315057
0.6	0.316672
0.601	0.318276
0.602	0.319871
0.603	0.321456
0.604	0.323031
0.605	0.324596
0.606	0.326152
0.607	0.327698
0.608	0.329234
0.609	0.330762
0.61	0.33228
0.611	0.333789
0.612	0.335289
0.613	0.33678
0.614	0.338263
0.615	0.339737
0.616	0.341202
0.617	0.342659
0.618	0.344108
0.619	0.34555
0.62	0.346983
0.621	0.348408
0.622	0.349826
0.623	0.351237
0.624	0.35264
0.625	0.354037
0.626	0.355426
0.627	0.356809
0.628	0.358185
0.629	0.359555
0.63	0.360918
0.631	0.362275
0.632	0.363626
0.633	0.364972
0.634	0.366312
0.635	0.367646
0.636	0.368975
0.637	0.370298
0.638	0.371617
0.639	0.372931
0.64	0.37424
0.641	0.375544
0.642	0.376844
0.643	0.378139
0.644	0.37943
0.645	0.380717
0.646	0.382
0.647	0.383279
0.648	0.384554
0.649	0.385825
0.65	0.387093
0.651	0.388358
0.652	0.389619
0.653	0.390876
0.654	0.392131
0.655	0.393383
0.656	0.394631
0.657	0.395877
0.658	0.397119
0.659	0.398359
0.66	0.399596
0.661	0.400831
0.662	0.402062
0.663	0.403292
0.664	0.404518
0.665	0.405742
0.666	0.406964
0.667	0.408184
0.668	0.409401
0.669	0.410615
0.67	0.411828
0.671	0.413038
0.672	0.414246
0.673	0.415451
0.674	0.416655
0.675	0.417856
0.676	0.419054
0.677	0.420251
0.678	0.421446
0.679	0.422638
0.68	0.423828
0.681	0.425015
0.682	0.426201
0.683	0.427384
0.684	0.428565
0.685	0.429744
0.686	0.43092
0.687	0.432094
0.688	0.433266
0.689	0.434435
0.69	0.435602
0.691	0.436766
0.692	0.437928
0.693	0.439087
0.694	0.440244
0.695	0.441399
0.696	0.442551
0.697	0.4437
0.698	0.444846
0.699	0.44599
0.7	0.447131
0.701	0.44827
0.702	0.449406
0.703	0.450538
0.704	0.451668
0.705	0.452796
0.706	0.45392
0.707	0.455041
0.708	0.45616
0.709	0.457275
0.71	0.458388
0.711	0.459497
0.712	0.460603
0.713	0.461707
0.714	0.462807
0.715	0.463904
0.716	0.464998
0.717	0.466089
0.718	0.467176
0.719	0.468261
0.72	0.469342
0.721	0.47042
0.722	0.471495
0.723	0.472567
0.724	0.473635
0.725	0.4747
0.726	0.475762
0.727	0.476821
0.728	0.477876
0.729	0.478928
0.73	0.479977
0.731	0.481023
0.732	0.482065
0.733	0.483105
0.734	0.484141
0.735	0.485174
0.736	0.486204
0.737	0.48723
0.738	0.488254
0.739	0.489274
0.74	0.490292
0.741	0.491306
0.742	0.492318
0.743	0.493326
0.744	0.494332
0.745	0.495335
0.746	0.496334
0.747	0.497331
0.748	0.498325
0.749	0.499317
0.75	0.500306
0.751	0.501292
0.752	0.502275
0.753	0.503256
0.754	0.504234
0.755	0.50521
0.756	0.506183
0.757	0.507154
0.758	0.508123
0.759	0.50909
0.76	0.510054
0.761	0.511016
0.762	0.511976
0.763	0.512933
0.764	0.513889
0.765	0.514843
0.766	0.515795
0.767	0.516745
0.768	0.517693
0.769	0.518639
0.77	0.519584
0.771	0.520527
0.772	0.521469
0.773	0.522409
0.774	0.523347
0.775	0.524284
0.776	0.52522
0.777	0.526154
0.778	0.527087
0.779	0.528018
0.78	0.528949
0.781	0.529878
0.782	0.530806
0.783	0.531733
0.784	0.532659
0.785	0.533584
0.786	0.534508
0.787	0.535431
0.788	0.536353
0.789	0.537275
0.79	0.538195
0.791	0.539115
0.792	0.540034
0.793	0.540952
0.794	0.541869
0.795	0.542785
0.796	0.543701
0.797	0.544617
0.798	0.545531
0.799	0.546445
0.8	0.547358
0.801	0.548271
0.802	0.549183
0.803	0.550094
0.804	0.551005
0.805	0.551915
0.806	0.552824
0.807	0.553733
0.808	0.554641
0.809	0.555549
0.81	0.556456
0.811	0.557362
0.812	0.558268
0.813	0.559173
0.814	0.560077
0.815	0.56098
0.816	0.561883
0.817	0.562785
0.818	0.563686
0.819	0.564586
0.82	0.565485
0.821	0.566384
0.822	0.567281
0.823	0.568178
0.824	0.569074
0.825	0.569968
0.826	0.570862
0.827	0.571754
0.828	0.572646
0.829	0.573536
0.83	0.574425
0.831	0.575313
0.832	0.576199
0.833	0.577084
0.834	0.577968
0.835	0.578851
0.836	0.579732
0.837	0.580611
0.838	0.581489
0.839	0.582365
0.84	0.58324
0.841	0.584113
0.842	0.584985
0.843	0.585855
0.844	0.586723
0.845	0.587589
0.846	0.588453
0.847	0.589316
0.848	0.590176
0.849	0.591035
0.85	0.591892
0.851	0.592747
0.852	0.5936
0.853	0.59445
0.854	0.595299
0.855	0.596146
0.856	0.59699
0.857	0.597832
0.858	0.598673
0.859	0.599511
0.86	0.600347
0.861	0.601181
0.862	0.602012
0.863	0.602842
0.864	0.603669
0.865	0.604495
0.866	0.605318
0.867	0.606139
0.868	0.606957
0.869	0.607774
0.87	0.608589
0.871	0.609401
0.872	0.610212
0.873	0.61102
0.874	0.611827
0.875	0.612631
0.876	0.613434
0.877	0.614234
0.878	0.615033
0.879	0.61583
0.88	0.616626
0.881	0.617419
0.882	0.618211
0.883	0.619002
0.884	0.61979
0.885	0.620578
0.886	0.621364
0.887	0.622148
0.888	0.622931
0.889	0.623713
0.89	0.624494
0.891	0.625274
0.892	0.626053
0.893	0.626831
0.894	0.627607
0.895	0.628384
0.896	0.629159
0.897	0.629934
0.898	0.630708
0.899	0.631482
0.9	0.632255
0.901	0.633028
0.902	0.6338
0.903	0.634573
0.904	0.635345
0.905	0.636117
0.906	0.63689
0.907	0.637662
0.908	0.638434
0.909	0.639207
0.91	0.63998
0.911	0.640753
0.912	0.641527
0.913	0.642301
0.914	0.643075
0.915	0.64385
0.916	0.644625
0.917	0.645401
0.918	0.646178
0.919	0.646955
0.92	0.647732
0.921	0.648511
0.922	0.64929
0.923	0.650069
0.924	0.650849
0.925	0.65163
0.926	0.652411
0.927	0.653193
0.928	0.653975
0.929	0.654757
0.93	0.65554
0.931	0.656323
0.932	0.657107
0.933	0.65789
0.934	0.658674
0.935	0.659457
0.936	0.660241
0.937	0.661024
0.938	0.661807
0.939	0.662589
0.94	0.663371
0.941	0.664151
0.942	0.664931
0.943	0.66571
0.944	0.666488
0.945	0.667264
0.946	0.668039
0.947	0.668812
0.948	0.669583
0.949	0.670352
0.95	0.671119
0.951	0.671883
0.952	0.672645
0.953	0.673404
0.954	0.67416
0.955	0.674912
0.956	0.675662
0.957	0.676408
0.958	0.677151
0.959	0.677889
0.96	0.678624
0.961	0.679355
0.962	0.680082
0.963	0.680805
0.964	0.681524
0.965	0.682238
0.966	0.682948
0.967	0.683654
0.968	0.684356
0.969	0.685054
0.97	0.685748
0.971	0.686438
0.972	0.687124
0.973	0.687808
0.974	0.688488
0.975	0.689166
0.976	0.689842
0.977	0.690517
0.978	0.69119
0.979	0.691863
0.98	0.692537
0.981	0.693212
0.982	0.69389
0.983	0.69457
0.984	0.695255
0.985	0.695946
0.986	0.696645
0.987	0.697351
0.988	0.698069
0.989	0.698798
0.99	0.699542
0.991	0.700302
0.992	0.701081
0.993	0.701881
0.994	0.702705
0.995	0.703556
0.996	0.704437
0.997	0.705351
0.998	0.706302
0.999	0.707294
