# Interpolation data for function: sqrt(abs(x-0.5))
0	0.469313
0.001	0.469313
0.002	0.469313
0.003	0.469313
0.004	0.469313
0.005	0.469313
0.006	0.469313
0.007	0.469313
0.008	0.469313
0.009	0.469313
0.01	0.469313
0.011	0.469313
0.012	0.469313
0.013	0.469313
0.014	0.469313
0.015	0.469313
0.016	0.469313
0.017	0.469313
0.018	0.469313
0.019	0.469313
0.02	0.469313
0.021	0.469313
0.022	0.469313
0.023	0.469313
0.024	0.469313
0.025	0.469313
0.026	0.469313
0.027	0.469313
0.028	0.469313
0.029	0.469313
0.03	0.469313
0.031	0.469313
0.032	0.469313
0.033	0.469313
0.034	0.469313
0.035	0.469313
0.036	0.469313
0.037	0.469313
0.038	0.469313
0.039	0.469313
0.04	0.469313
0.041	0.469313
0.042	0.469313
0.043	0.469313
0.044	0.469313
0.045	0.469313
0.046	0.469313
0.047	0.469313
0.048	0.469313
0.049	0.469313
0.05	0.469313
0.051	0.469313
0.052	0.469313
0.053	0.469313
0.054	0.469313
0.055	0.469313
0.056	0.469313
0.057	0.469313
0.058	0.469313
0.059	0.469313
0.06	0.469313
0.061	0.469313
0.062	0.469313
0.063	0.469313
0.064	0.469313
0.065	0.469313
0.066	0.469313
0.067	0.469313
0.068	0.469313
0.069	0.469313
0.07	0.469313
0.071	0.469313
0.072	0.469313
0.073	0.469313
0.074	0.469313
0.075	0.469313
0.076	0.469313
0.077	0.469313
0.078	0.469313
0.079	0.469313
0.08	0.469313
0.081	0.469313
0.082	0.469313
0.083	0.469313
0.084	0.469313
0.085	0.469313
0.086	0.469313
0.087	0.469313
0.088	0.469313
0.089	0.469313
0.09	0.469313
0.091	0.469313
0.092	0.469313
0.093	0.469313
0.094	0.469313
0.095	0.469313
0.096	0.469313
0.097	0.469313
0.098	0.469313
0.099	0.469313
0.1	0.469313
0.101	0.469313
0.102	0.469313
0.103	0.469313
0.104	0.469313
0.105	0.469313
0.106	0.469313
0.107	0.469313
0.108	0.469313
0.109	0.469313
0.11	0.469313
0.111	0.469313
0.112	0.469313
0.113	0.469313
0.114	0.469313
0.115	0.469313
0.116	0.469313
0.117	0.469313
0.118	0.469313
0.119	0.469313
0.12	0.469313
0.121	0.469313
0.122	0.469313
0.123	0.469313
0.124	0.469313
0.125	0.469313
0.126	0.469313
0.127	0.469313
0.128	0.469313
0.129	0.469313
0.13	0.469313
0.131	0.469313
0.132	0.469313
0.133	0.469313
0.134	0.469313
0.135	0.469313
0.136	0.469313
0.137	0.469313
0.138	0.469313
0.139	0.469313
0.14	0.469313
0.141	0.469313
0.142	0.469313
0.143	0.469313
0.144	0.469313
0.145	0.469313
0.146	0.469313
0.147	0.469313
0.148	0.469313
0.149	0.469313
0.15	0.469313
0.151	0.469313
0.152	0.469313
0.153	0.469313
0.154	0.469313
0.155	0.469313
0.156	0.469313
0.157	0.469313
0.158	0.469313
0.159	0.469313
0.16	0.469313
0.161	0.469313
0.162	0.469313
0.163	0.469313
0.164	0.469313
0.165	0.469313
0.166	0.469313
0.167	0.469313
0.168	0.469313
0.169	0.469313
0.17	0.469313
0.171	0.469313
0.172	0.469313
0.173	0.469313
0.174	0.469313
0.175	0.469313
0.176	0.469313
0.177	0.469313
0.178	0.469313
0.179	0.469313
0.18	0.469313
0.181	0.469313
0.182	0.469313
0.183	0.469313
0.184	0.469313
0.185	0.469313
0.186	0.469313
0.187	0.469313
0.188	0.469313
0.189	0.469313
0.19	0.469313
0.191	0.469313
0.192	0.469313
0.193	0.469313
0.194	0.469313
0.195	0.469313
0.196	0.469313
0.197	0.469313
0.198	0.469313
0.199	0.469313
0.2	0.469313
0.201	0.469313
0.202	0.469313
0.203	0.469313
0.204	0.469313
0.205	0.469313
0.206	0.469313
0.207	0.469313
0.208	0.469313
0.209	0.469313
0.21	0.469313
0.211	0.469313
0.212	0.469313
0.213	0.469313
0.214	0.469313
0.215	0.469313
0.216	0.469313
0.217	0.469313
0.218	0.469313
0.219	0.469313
0.22	0.469313
0.221	0.469313
0.222	0.469313
0.223	0.469313
0.224	0.469313
0.225	0.469313
0.226	0.469313
0.227	0.469313
0.228	0.469313
0.229	0.469313
0.23	0.469313
0.231	0.469313
0.232	0.469313
0.233	0.469313
0.234	0.469313
0.235	0.469313
0.236	0.469313
0.237	0.469313
0.238	0.469313
0.239	0.469313
0.24	0.469313
0.241	0.469313
0.242	0.469313
0.243	0.469313
0.244	0.469313
0.245	0.469313
0.246	0.469313
0.247	0.469313
0.248	0.469313
0.249	0.469313
0.25	0.469313
0.251	0.469313
0.252	0.469313
0.253	0.469313
0.254	0.469313
0.255	0.469313
0.256	0.469313
0.257	0.469313
0.258	0.469313
0.259	0.469313
0.26	0.469313
0.261	0.469313
0.262	0.469313
0.263	0.469313
0.264	0.469313
0.265	0.469313
0.266	0.469313
0.267	0.469313
0.268	0.469313
0.269	0.469313
0.27	0.469313
0.271	0.469313
0.272	0.469313
0.273	0.469313
0.274	0.469313
0.275	0.469313
0.276	0.469313
0.277	0.469313
0.278	0.469313
0.279	0.469313
0.28	0.469313
0.281	0.469313
0.282	0.469313
0.283	0.469313
0.284	0.469313
0.285	0.469313
0.286	0.469313
0.287	0.469313
0.288	0.469313
0.289	0.469313
0.29	0.469313
0.291	0.469313
0.292	0.469313
0.293	0.469313
0.294	0.469313
0.295	0.469313
0.296	0.469313
0.297	0.469313
0.298	0.469313
0.299	0.469313
0.3	0.469313
0.301	0.469313
0.302	0.469313
0.303	0.469313
0.304	0.469313
0.305	0.469313
0.306	0.469313
0.307	0.469313
0.308	0.469313
0.309	0.469313
0.31	0.469313
0.311	0.469313
0.312	0.469313
0.313	0.469313
0.314	0.469313
0.315	0.469313
0.316	0.469313
0.317	0.469313
0.318	0.469313
0.319	0.469313
0.32	0.469313
0.321	0.469313
0.322	0.469313
0.323	0.469313
0.324	0.469313
0.325	0.469313
0.326	0.469313
0.327	0.469313
0.328	0.469313
0.329	0.469313
0.33	0.469313
0.331	0.469313
0.332	0.469313
0.333	0.469313
0.334	0.469313
0.335	0.469313
0.336	0.469313
0.337	0.469313
0.338	0.469313
0.339	0.469313
0.34	0.469313
0.341	0.469313
0.342	0.469313
0.343	0.469313
0.344	0.469313
0.345	0.469313
0.346	0.469313
0.347	0.469313
0.348	0.469313
0.349	0.469313
0.35	0.469313
0.351	0.469313
0.352	0.469313
0.353	0.469313
0.354	0.469313
0.355	0.469313
0.356	0.469313
0.357	0.469313
0.358	0.469313
0.359	0.469313
0.36	0.469313
0.361	0.469313
0.362	0.469313
0.363	0.469313
0.364	0.469313
0.365	0.469313
0.366	0.469313
0.367	0.469313
0.368	0.469313
0.369	0.469313
0.37	0.469313
0.371	0.469313
0.372	0.469313
0.373	0.469313
0.374	0.469313
0.375	0.469313
0.376	0.469313
0.377	0.469313
0.378	0.469313
0.379	0.469313
0.38	0.469313
0.381	0.469313
0.382	0.469313
0.383	0.469313
0.384	0.469313
0.385	0.469313
0.386	0.469313
0.387	0.469313
0.388	0.469313
0.389	0.469313
0.39	0.469313
0.391	0.469313
0.392	0.469313
0.393	0.469313
0.394	0.469313
0.395	0.469313
0.396	0.469313
0.397	0.469313
0.398	0.469313
0.399	0.469313
0.4	0.469313
0.401	0.469313
0.402	0.469313
0.403	0.469313
0.404	0.469313
0.405	0.469313
0.406	0.469313
0.407	0.469313
0.408	0.469313
0.409	0.469313
0.41	0.469313
0.411	0.469313
0.412	0.469313
0.413	0.469313
0.414	0.469313
0.415	0.469313
0.416	0.469313
0.417	0.469313
0.418	0.469313
0.419	0.469313
0.42	0.469313
0.421	0.469313
0.422	0.469313
0.423	0.469313
0.424	0.469313
0.425	0.469313
0.426	0.469313
0.427	0.469313
0.428	0.469313
0.429	0.469313
0.43	0.469313
0.431	0.469313
0.432	0.469313
0.433	0.469313
0.434	0.469313
0.435	0.469313
0.436	0.469313
0.437	0.469313
0.438	0.469313
0.439	0.469313
0.44	0.469313
0.441	0.469313
0.442	0.469313
0.443	0.469313
0.444	0.469313
0.445	0.469313
0.446	0.469313
0.447	0.469313
0.448	0.469313
0.449	0.469313
0.45	0.469313
0.451	0.469313
0.452	0.469313
0.453	0.469313
0.454	0.469313
0.455	0.469313
0.456	0.469313
0.457	0.469313
0.458	0.469313
0.459	0.469313
0.46	0.469313
0.461	0.469313
0.462	0.469313
0.463	0.469313
0.464	0.469313
0.465	0.469313
0.466	0.469313
0.467	0.469313
0.468	0.469313
0.469	0.469313
0.47	0.469313
0.471	0.469313
0.472	0.469313
0.473	0.469313
0.474	0.469313
0.475	0.469313
0.476	0.469313
0.477	0.469313
0.478	0.469313
0.479	0.469313
0.48	0.469313
0.481	0.469313
0.482	0.469313
0.483	0.469313
0.484	0.469313
0.485	0.469313
0.486	0.469313
0.487	0.469313
0.488	0.469313
0.489	0.469313
0.49	0.469313
0.491	0.469313
0.492	0.469313
0.493	0.469313
0.494	0.469313
0.495	0.469313
0.496	0.469313
0.497	0.469313
0.498	0.469313
0.499	0.469313
0.5	0.469313
0.501	0.469313
0.502	0.469313
0.503	0.469313
0.504	0.469313
0.505	0.469313
0.506	0.469313
0.507	0.469313
0.508	0.469313
0.509	0.469313
0.51	0.469313
0.511	0.469313
0.512	0.469313
0.513	0.469313
0.514	0.469313
0.515	0.469313
0.516	0.469313
0.517	0.469313
0.518	0.469313
0.519	0.469313
0.52	0.469313
0.521	0.469313
0.522	0.469313
0.523	0.469313
0.524	0.469313
0.525	0.469313
0.526	0.469313
0.527	0.469313
0.528	0.469313
0.529	0.469313
0.53	0.469313
0.531	0.469313
0.532	0.469313
0.533	0.469313
0.534	0.469313
0.535	0.469313
0.536	0.469313
0.537	0.469313
0.538	0.469313
0.539	0.469313
0.54	0.469313
0.541	0.469313
0.542	0.469313
0.543	0.469313
0.544	0.469313
0.545	0.469313
0.546	0.469313
0.547	0.469313
0.548	0.469313
0.549	0.469313
0.55	0.469313
0.551	0.469313
0.552	0.469313
0.553	0.469313
0.554	0.469313
0.555	0.469313
0.556	0.469313
0.557	0.469313
0.558	0.469313
0.559	0.469313
0.56	0.469313
0.561	0.469313
0.562	0.469313
0.563	0.469313
0.564	0.469313
0.565	0.469313
0.566	0.469313
0.567	0.469313
0.568	0.469313
0.569	0.469313
0.57	0.469313
0.571	0.469313
0.572	0.469313
0.573	0.469313
0.574	0.469313
0.575	0.469313
0.576	0.469313
0.577	0.469313
0.578	0.469313
0.579	0.469313
0.58	0.469313
0.581	0.469313
0.582	0.469313
0.583	0.469313
0.584	0.469313
0.585	0.469313
0.586	0.469313
0.587	0.469313
0.588	0.469313
0.589	0.469313
0.59	0.469313
0.591	0.469313
0.592	0.469313
0.593	0.469313
0.594	0.469313
0.595	0.469313
0.596	0.469313
0.597	0.469313
0.598	0.469313
0.599	0.469313
0.6	0.469313
0.601	0.469313
0.602	0.469313
0.603	0.469313
0.604	0.469313
0.605	0.469313
0.606	0.469313
0.607	0.469313
0.608	0.469313
0.609	0.469313
0.61	0.469313
0.611	0.469313
0.612	0.469313
0.613	0.469313
0.614	0.469313
0.615	0.469313
0.616	0.469313
0.617	0.469313
0.618	0.469313
0.619	0.469313
0.62	0.469313
0.621	0.469313
0.622	0.469313
0.623	0.469313
0.624	0.469313
0.625	0.469313
0.626	0.469313
0.627	0.469313
0.628	0.469313
0.629	0.469313
0.63	0.469313
0.631	0.469313
0.632	0.469313
0.633	0.469313
0.634	0.469313
0.635	0.469313
0.636	0.469313
0.637	0.469313
0.638	0.469313
0.639	0.469313
0.64	0.469313
0.641	0.469313
0.642	0.469313
0.643	0.469313
0.644	0.469313
0.645	0.469313
0.646	0.469313
0.647	0.469313
0.648	0.469313
0.649	0.469313
0.65	0.469313
0.651	0.469313
0.652	0.469313
0.653	0.469313
0.654	0.469313
0.655	0.469313
0.656	0.469313
0.657	0.469313
0.658	0.469313
0.659	0.469313
0.66	0.469313
0.661	0.469313
0.662	0.469313
0.663	0.469313
0.664	0.469313
0.665	0.469313
0.666	0.469313
0.667	0.469313
0.668	0.469313
0.669	0.469313
0.67	0.469313
0.671	0.469313
0.672	0.469313
0.673	0.469313
0.674	0.469313
0.675	0.469313
0.676	0.469313
0.677	0.469313
0.678	0.469313
0.679	0.469313
0.68	0.469313
0.681	0.469313
0.682	0.469313
0.683	0.469313
0.684	0.469313
0.685	0.469313
0.686	0.469313
0.687	0.469313
0.688	0.469313
0.689	0.469313
0.69	0.469313
0.691	0.469313
0.692	0.469313
0.693	0.469313
0.694	0.469313
0.695	0.469313
0.696	0.469313
0.697	0.469313
0.698	0.469313
0.699	0.469313
0.7	0.469313
0.701	0.469313
0.702	0.469313
0.703	0.469313
0.704	0.469313
0.705	0.469313
0.706	0.469313
0.707	0.469313
0.708	0.469313
0.709	0.469313
0.71	0.469313
0.711	0.469313
0.712	0.469313
0.713	0.469313
0.714	0.469313
0.715	0.469313
0.716	0.469313
0.717	0.469313
0.718	0.469313
0.719	0.469313
0.72	0.469313
0.721	0.469313
0.722	0.469313
0.723	0.469313
0.724	0.469313
0.725	0.469313
0.726	0.469313
0.727	0.469313
0.728	0.469313
0.729	0.469313
0.73	0.469313
0.731	0.469313
0.732	0.469313
0.733	0.469313
0.734	0.469313
0.735	0.469313
0.736	0.469313
0.737	0.469313
0.738	0.469313
0.739	0.469313
0.74	0.469313
0.741	0.469313
0.742	0.469313
0.743	0.469313
0.744	0.469313
0.745	0.469313
0.746	0.469313
0.747	0.469313
0.748	0.469313
0.749	0.469313
0.75	0.469313
0.751	0.469313
0.752	0.469313
0.753	0.469313
0.754	0.469313
0.755	0.469313
0.756	0.469313
0.757	0.469313
0.758	0.469313
0.759	0.469313
0.76	0.469313
0.761	0.469313
0.762	0.469313
0.763	0.469313
0.764	0.469313
0.765	0.469313
0.766	0.469313
0.767	0.469313
0.768	0.469313
0.769	0.469313
0.77	0.469313
0.771	0.469313
0.772	0.469313
0.773	0.469313
0.774	0.469313
0.775	0.469313
0.776	0.469313
0.777	0.469313
0.778	0.469313
0.779	0.469313
0.78	0.469313
0.781	0.469313
0.782	0.469313
0.783	0.469313
0.784	0.469313
0.785	0.469313
0.786	0.469313
0.787	0.469313
0.788	0.469313
0.789	0.469313
0.79	0.469313
0.791	0.469313
0.792	0.469313
0.793	0.469313
0.794	0.469313
0.795	0.469313
0.796	0.469313
0.797	0.469313
0.798	0.469313
0.799	0.469313
0.8	0.469313
0.801	0.469313
0.802	0.469313
0.803	0.469313
0.804	0.469313
0.805	0.469313
0.806	0.469313
0.807	0.469313
0.808	0.469313
0.809	0.469313
0.81	0.469313
0.811	0.469313
0.812	0.469313
0.813	0.469313
0.814	0.469313
0.815	0.469313
0.816	0.469313
0.817	0.469313
0.818	0.469313
0.819	0.469313
0.82	0.469313
0.821	0.469313
0.822	0.469313
0.823	0.469313
0.824	0.469313
0.825	0.469313
0.826	0.469313
0.827	0.469313
0.828	0.469313
0.829	0.469313
0.83	0.469313
0.831	0.469313
0.832	0.469313
0.833	0.469313
0.834	0.469313
0.835	0.469313
0.836	0.469313
0.837	0.469313
0.838	0.469313
0.839	0.469313
0.84	0.469313
0.841	0.469313
0.842	0.469313
0.843	0.469313
0.844	0.469313
0.845	0.469313
0.846	0.469313
0.847	0.469313
0.848	0.469313
0.849	0.469313
0.85	0.469313
0.851	0.469313
0.852	0.469313
0.853	0.469313
0.854	0.469313
0.855	0.469313
0.856	0.469313
0.857	0.469313
0.858	0.469313
0.859	0.469313
0.86	0.469313
0.861	0.469313
0.862	0.469313
0.863	0.469313
0.864	0.469313
0.865	0.469313
0.866	0.469313
0.867	0.469313
0.868	0.469313
0.869	0.469313
0.87	0.469313
0.871	0.469313
0.872	0.469313
0.873	0.469313
0.874	0.469313
0.875	0.469313
0.876	0.469313
0.877	0.469313
0.878	0.469313
0.879	0.469313
0.88	0.469313
0.881	0.469313
0.882	0.469313
0.883	0.469313
0.884	0.469313
0.885	0.469313
0.886	0.469313
0.887	0.469313
0.888	0.469313
0.889	0.469313
0.89	0.469313
0.891	0.469313
0.892	0.469313
0.893	0.469313
0.894	0.469313
0.895	0.469313
0.896	0.469313
0.897	0.469313
0.898	0.469313
0.899	0.469313
0.9	0.469313
0.901	0.469313
0.902	0.469313
0.903	0.469313
0.904	0.469313
0.905	0.469313
0.906	0.469313
0.907	0.469313
0.908	0.469313
0.909	0.469313
0.91	0.469313
0.911	0.469313
0.912	0.469313
0.913	0.469313
0.914	0.469313
0.915	0.469313
0.916	0.469313
0.917	0.469313
0.918	0.469313
0.919	0.469313
0.92	0.469313
0.921	0.469313
0.922	0.469313
0.923	0.469313
0.924	0.469313
0.925	0.469313
0.926	0.469313
0.927	0.469313
0.928	0.469313
0.929	0.469313
0.93	0.469313
0.931	0.469313
0.932	0.469313
0.933	0.469313
0.934	0.469313
0.935	0.469313
0.936	0.469313
0.937	0.469313
0.938	0.469313
0.939	0.469313
0.94	0.469313
0.941	0.469313
0.942	0.469313
0.943	0.469313
0.944	0.469313
0.945	0.469313
0.946	0.469313
0.947	0.469313
0.948	0.469313
0.949	0.469313
0.95	0.469313
0.951	0.469313
0.952	0.469313
0.953	0.469313
0.954	0.469313
0.955	0.469313
0.956	0.469313
0.957	0.469313
0.958	0.469313
0.959	0.469313
0.96	0.469313
0.961	0.469313
0.962	0.469313
0.963	0.469313
0.964	0.469313
0.965	0.469313
0.966	0.469313
0.967	0.469313
0.968	0.469313
0.969	0.469313
0.97	0.469313
0.971	0.469313
0.972	0.469313
0.973	0.469313
0.974	0.469313
0.975	0.469313
0.976	0.469313
0.977	0.469313
0.978	0.469313
0.979	0.469313
0.98	0.469313
0.981	0.469313
0.982	0.469313
0.983	0.469313
0.984	0.469313
0.985	0.469313
0.986	0.469313
0.987	0.469313
0.988	0.469313
0.989	0.469313
0.99	0.469313
0.991	0.469313
0.992	0.469313
0.993	0.469313
0.994	0.469313
0.995	0.469313
0.996	0.469313
0.997	0.469313
0.998	0.469313
0.999	0.469313
