# Interpolation data for function: sqrt(abs(x-0.5))
0	0.699967
0.001	0.699619
0.002	0.699263
0.003	0.698898
0.004	0.698525
0.005	0.698142
0.006	0.697752
0.007	0.697353
0.008	0.696946
0.009	0.69653
0.01	0.696107
0.011	0.695675
0.012	0.695236
0.013	0.694789
0.014	0.694334
0.015	0.693871
0.016	0.693401
0.017	0.692923
0.018	0.692438
0.019	0.691946
0.02	0.691446
0.021	0.69094
0.022	0.690426
0.023	0.689905
0.024	0.689377
0.025	0.688843
0.026	0.688301
0.027	0.687754
0.028	0.687199
0.029	0.686638
0.03	0.686071
0.031	0.685497
0.032	0.684917
0.033	0.684331
0.034	0.683739
0.035	0.68314
0.036	0.682536
0.037	0.681926
0.038	0.68131
0.039	0.680688
0.04	0.680061
0.041	0.679428
0.042	0.67879
0.043	0.678146
0.044	0.677497
0.045	0.676842
0.046	0.676183
0.047	0.675518
0.048	0.674848
0.049	0.674173
0.05	0.673493
0.051	0.672809
0.052	0.672119
0.053	0.671425
0.054	0.670726
0.055	0.670023
0.056	0.669315
0.057	0.668602
0.058	0.667885
0.059	0.667164
0.06	0.666438
0.061	0.665709
0.062	0.664975
0.063	0.664237
0.064	0.663495
0.065	0.662749
0.066	0.661999
0.067	0.661246
0.068	0.660488
0.069	0.659727
0.07	0.658963
0.071	0.658194
0.072	0.657422
0.073	0.656647
0.074	0.655868
0.075	0.655086
0.076	0.654301
0.077	0.653512
0.078	0.65272
0.079	0.651925
0.08	0.651127
0.081	0.650326
0.082	0.649521
0.083	0.648714
0.084	0.647904
0.085	0.647092
0.086	0.646276
0.087	0.645458
0.088	0.644637
0.089	0.643813
0.09	0.642987
0.091	0.642159
0.092	0.641328
0.093	0.640494
0.094	0.639658
0.095	0.63882
0.096	0.637979
0.097	0.637137
0.098	0.636292
0.099	0.635445
0.1	0.634595
0.101	0.633744
0.102	0.632891
0.103	0.632036
0.104	0.631178
0.105	0.630319
0.106	0.629459
0.107	0.628596
0.108	0.627731
0.109	0.626865
0.11	0.625997
0.111	0.625128
0.112	0.624257
0.113	0.623384
0.114	0.62251
0.115	0.621634
0.116	0.620757
0.117	0.619879
0.118	0.618999
0.119	0.618117
0.12	0.617235
0.121	0.616351
0.122	0.615466
0.123	0.614579
0.124	0.613692
0.125	0.612803
0.126	0.611913
0.127	0.611023
0.128	0.610131
0.129	0.609238
0.13	0.608344
0.131	0.607449
0.132	0.606553
0.133	0.605656
0.134	0.604759
0.135	0.60386
0.136	0.602961
0.137	0.602061
0.138	0.60116
0.139	0.600259
0.14	0.599356
0.141	0.598453
0.142	0.59755
0.143	0.596645
0.144	0.59574
0.145	0.594835
0.146	0.593929
0.147	0.593022
0.148	0.592115
0.149	0.591207
0.15	0.590299
0.151	0.58939
0.152	0.588481
0.153	0.587571
0.154	0.586661
0.155	0.585751
0.156	0.58484
0.157	0.583928
0.158	0.583017
0.159	0.582105
0.16	0.581193
0.161	0.58028
0.162	0.579367
0.163	0.578454
0.164	0.577541
0.165	0.576627
0.166	0.575713
0.167	0.574799
0.168	0.573884
0.169	0.57297
0.17	0.572055
0.171	0.57114
0.172	0.570225
0.173	0.569309
0.174	0.568394
0.175	0.567478
0.176	0.566562
0.177	0.565646
0.178	0.56473
0.179	0.563814
0.18	0.562897
0.181	0.561981
0.182	0.561064
0.183	0.560147
0.184	0.55923
0.185	0.558313
0.186	0.557396
0.187	0.556479
0.188	0.555562
0.189	0.554644
0.19	0.553727
0.191	0.552809
0.192	0.551891
0.193	0.550973
0.194	0.550055
0.195	0.549137
0.196	0.548219
0.197	0.547301
0.198	0.546382
0.199	0.545463
0.2	0.544545
0.201	0.543626
0.202	0.542707
0.203	0.541788
0.204	0.540868
0.205	0.539949
0.206	0.539029
0.207	0.538109
0.208	0.537189
0.209	0.536269
0.21	0.535349
0.211	0.534428
0.212	0.533507
0.213	0.532586
0.214	0.531665
0.215	0.530743
0.216	0.529821
0.217	0.528899
0.218	0.527976
0.219	0.527054
0.22	0.526131
0.221	0.525207
0.222	0.524283
0.223	0.523359
0.224	0.522434
0.225	0.521509
0.226	0.520584
0.227	0.519658
0.228	0.518732
0.229	0.517805
0.23	0.516877
0.231	0.515949
0.232	0.515021
0.233	0.514092
0.234	0.513162
0.235	0.512232
0.236	0.511301
0.237	0.51037
0.238	0.509438
0.239	0.508505
0.24	0.507571
0.241	0.506637
0.242	0.505702
0.243	0.504766
0.244	0.503829
0.245	0.502892
0.246	0.501953
0.247	0.501014
0.248	0.500073
0.249	0.499132
0.25	0.49819
0.251	0.497246
0.252	0.496302
0.253	0.495357
0.254	0.49441
0.255	0.493462
0.256	0.492513
0.257	0.491563
0.258	0.490612
0.259	0.489659
0.26	0.488705
0.261	0.487749
0.262	0.486793
0.263	0.485834
0.264	0.484875
0.265	0.483914
0.266	0.482951
0.267	0.481987
0.268	0.481021
0.269	0.480053
0.27	0.479084
0.271	0.478113
0.272	0.47714
0.273	0.476166
0.274	0.475189
0.275	0.474211
0.276	0.473231
0.277	0.472249
0.278	0.471264
0.279	0.470278
0.28	0.46929
0.281	0.468299
0.282	0.467306
0.283	0.466311
0.284	0.465314
0.285	0.464314
0.286	0.463312
0.287	0.462308
0.288	0.461301
0.289	0.460291
0.29	0.459279
0.291	0.458265
0.292	0.457247
0.293	0.456227
0.294	0.455204
0.295	0.454178
0.296	0.45315
0.297	0.452118
0.298	0.451084
0.299	0.450046
0.3	0.449005
0.301	0.447962
0.302	0.446915
0.303	0.445864
0.304	0.444811
0.305	0.443754
0.306	0.442693
0.307	0.441629
0.308	0.440562
0.309	0.439491
0.31	0.438416
0.311	0.437337
0.312	0.436255
0.313	0.435169
0.314	0.434079
0.315	0.432985
0.316	0.431887
0.317	0.430785
0.318	0.429678
0.319	0.428568
0.32	0.427453
0.321	0.426334
0.322	0.42521
0.323	0.424082
0.324	0.42295
0.325	0.421812
0.326	0.42067
0.327	0.419524
0.328	0.418372
0.329	0.417216
0.33	0.416055
0.331	0.414888
0.332	0.413717
0.333	0.41254
0.334	0.411359
0.335	0.410172
0.336	0.408979
0.337	0.407781
0.338	0.406578
0.339	0.405369
0.34	0.404154
0.341	0.402934
0.342	0.401707
0.343	0.400475
0.344	0.399237
0.345	0.397993
0.346	0.396742
0.347	0.395486
0.348	0.394223
0.349	0.392954
0.35	0.391678
0.351	0.390396
0.352	0.389108
0.353	0.387812
0.354	0.38651
0.355	0.385201
0.356	0.383885
0.357	0.382563
0.358	0.381233
0.359	0.379896
0.36	0.378551
0.361	0.3772
0.362	0.37584
0.363	0.374474
0.364	0.3731
0.365	0.371718
0.366	0.370328
0.367	0.368931
0.368	0.367525
0.369	0.366112
0.37	0.36469
0.371	0.36326
0.372	0.361822
0.373	0.360376
0.374	0.358921
0.375	0.357458
0.376	0.355986
0.377	0.354505
0.378	0.353015
0.379	0.351516
0.38	0.350009
0.381	0.348492
0.382	0.346966
0.383	0.34543
0.384	0.343886
0.385	0.342331
0.386	0.340768
0.387	0.339194
0.388	0.337611
0.389	0.336018
0.39	0.334414
0.391	0.332801
0.392	0.331178
0.393	0.329544
0.394	0.3279
0.395	0.326245
0.396	0.32458
0.397	0.322904
0.398	0.321217
0.399	0.319519
0.4	0.317811
0.401	0.316091
0.402	0.31436
0.403	0.312618
0.404	0.310864
0.405	0.309099
0.406	0.307322
0.407	0.305534
0.408	0.303733
0.409	0.301921
0.41	0.300096
0.411	0.29826
0.412	0.296411
0.413	0.294549
0.414	0.292676
0.415	0.290789
0.416	0.28889
0.417	0.286978
0.418	0.285053
0.419	0.283115
0.42	0.281164
0.421	0.279199
0.422	0.277222
0.423	0.27523
0.424	0.273225
0.425	0.271206
0.426	0.269174
0.427	0.267127
0.428	0.265066
0.429	0.262991
0.43	0.260902
0.431	0.258798
0.432	0.25668
0.433	0.254547
0.434	0.252399
0.435	0.250237
0.436	0.248059
0.437	0.245866
0.438	0.243657
0.439	0.241434
0.44	0.239195
0.441	0.23694
0.442	0.234669
0.443	0.232382
0.444	0.23008
0.445	0.227761
0.446	0.225426
0.447	0.223074
0.448	0.220706
0.449	0.218321
0.45	0.21592
0.451	0.213501
0.452	0.211065
0.453	0.208613
0.454	0.206143
0.455	0.203655
0.456	0.20115
0.457	0.198627
0.458	0.196086
0.459	0.193528
0.46	0.190951
0.461	0.188356
0.462	0.185742
0.463	0.18311
0.464	0.18046
0.465	0.17779
0.466	0.175102
0.467	0.172395
0.468	0.169668
0.469	0.166922
0.47	0.164157
0.471	0.161372
0.472	0.158567
0.473	0.155743
0.474	0.152898
0.475	0.150033
0.476	0.147148
0.477	0.144242
0.478	0.141316
0.479	0.138369
0.48	0.135402
0.481	0.132413
0.482	0.129403
0.483	0.126372
0.484	0.123319
0.485	0.120244
0.486	0.117148
0.487	0.11403
0.488	0.11089
0.489	0.107728
0.49	0.104544
0.491	0.101337
0.492	0.0981069
0.493	0.0948545
0.494	0.0915791
0.495	0.0882807
0.496	0.084959
0.497	0.0816139
0.498	0.0782453
0.499	0.074853
0.5	0.089799
0.501	0.0924872
0.502	0.0951647
0.503	0.0978315
0.504	0.100488
0.505	0.103133
0.506	0.105768
0.507	0.108392
0.508	0.111006
0.509	0.113609
0.51	0.116202
0.511	0.118784
0.512	0.121355
0.513	0.123917
0.514	0.126468
0.515	0.129008
0.516	0.131538
0.517	0.134058
0.518	0.136568
0.519	0.139068
0.52	0.141557
0.521	0.144036
0.522	0.146505
0.523	0.148964
0.524	0.151413
0.525	0.153851
0.526	0.15628
0.527	0.158699
0.528	0.161107
0.529	0.163506
0.53	0.165895
0.531	0.168274
0.532	0.170643
0.533	0.173003
0.534	0.175352
0.535	0.177692
0.536	0.180022
0.537	0.182343
0.538	0.184654
0.539	0.186955
0.54	0.189247
0.541	0.191529
0.542	0.193801
0.543	0.196064
0.544	0.198318
0.545	0.200562
0.546	0.202796
0.547	0.205021
0.548	0.207237
0.549	0.209444
0.55	0.211641
0.551	0.213829
0.552	0.216008
0.553	0.218177
0.554	0.220338
0.555	0.222489
0.556	0.224631
0.557	0.226764
0.558	0.228888
0.559	0.231003
0.56	0.233109
0.561	0.235206
0.562	0.237294
0.563	0.239373
0.564	0.241444
0.565	0.243505
0.566	0.245558
0.567	0.247602
0.568	0.249637
0.569	0.251663
0.57	0.253681
0.571	0.25569
0.572	0.25769
0.573	0.259682
0.574	0.261665
0.575	0.26364
0.576	0.265606
0.577	0.267564
0.578	0.269513
0.579	0.271454
0.58	0.273386
0.581	0.27531
0.582	0.277226
0.583	0.279134
0.584	0.281033
0.585	0.282924
0.586	0.284806
0.587	0.286681
0.588	0.288547
0.589	0.290405
0.59	0.292256
0.591	0.294098
0.592	0.295932
0.593	0.297758
0.594	0.299576
0.595	0.301386
0.596	0.303188
0.597	0.304983
0.598	0.306769
0.599	0.308548
0.6	0.310319
0.601	0.312082
0.602	0.313838
0.603	0.315585
0.604	0.317326
0.605	0.319058
0.606	0.320783
0.607	0.3225
0.608	0.32421
0.609	0.325912
0.61	0.327607
0.611	0.329294
0.612	0.330974
0.613	0.332646
0.614	0.334311
0.615	0.335969
0.616	0.33762
0.617	0.339263
0.618	0.340899
0.619	0.342527
0.62	0.344149
0.621	0.345763
0.622	0.347371
0.623	0.348971
0.624	0.350564
0.625	0.35215
0.626	0.353729
0.627	0.355301
0.628	0.356866
0.629	0.358424
0.63	0.359976
0.631	0.36152
0.632	0.363058
0.633	0.364589
0.634	0.366113
0.635	0.36763
0.636	0.369141
0.637	0.370645
0.638	0.372142
0.639	0.373633
0.64	0.375117
0.641	0.376595
0.642	0.378066
0.643	0.37953
0.644	0.380989
0.645	0.38244
0.646	0.383886
0.647	0.385325
0.648	0.386757
0.649	0.388184
0.65	0.389604
0.651	0.391017
0.652	0.392425
0.653	0.393826
0.654	0.395221
0.655	0.396611
0.656	0.397994
0.657	0.39937
0.658	0.400741
0.659	0.402106
0.66	0.403465
0.661	0.404818
0.662	0.406165
0.663	0.407506
0.664	0.408841
0.665	0.410171
0.666	0.411495
0.667	0.412812
0.668	0.414125
0.669	0.415431
0.67	0.416732
0.671	0.418027
0.672	0.419317
0.673	0.4206
0.674	0.421879
0.675	0.423152
0.676	0.424419
0.677	0.425681
0.678	0.426937
0.679	0.428188
0.68	0.429434
0.681	0.430674
0.682	0.431909
0.683	0.433139
0.684	0.434364
0.685	0.435583
0.686	0.436797
0.687	0.438006
0.688	0.43921
0.689	0.440408
0.69	0.441602
0.691	0.44279
0.692	0.443974
0.693	0.445153
0.694	0.446326
0.695	0.447495
0.696	0.448659
0.697	0.449818
0.698	0.450972
0.699	0.452121
0.7	0.453265
0.701	0.454405
0.702	0.45554
0.703	0.456671
0.704	0.457796
0.705	0.458918
0.706	0.460034
0.707	0.461146
0.708	0.462254
0.709	0.463356
0.71	0.464455
0.711	0.465549
0.712	0.466639
0.713	0.467724
0.714	0.468805
0.715	0.469881
0.716	0.470954
0.717	0.472022
0.718	0.473085
0.719	0.474145
0.72	0.475201
0.721	0.476252
0.722	0.477299
0.723	0.478342
0.724	0.479381
0.725	0.480416
0.726	0.481447
0.727	0.482474
0.728	0.483498
0.729	0.484517
0.73	0.485532
0.731	0.486544
0.732	0.487552
0.733	0.488556
0.734	0.489556
0.735	0.490553
0.736	0.491545
0.737	0.492535
0.738	0.49352
0.739	0.494502
0.74	0.495481
0.741	0.496456
0.742	0.497427
0.743	0.498395
0.744	0.499359
0.745	0.50032
0.746	0.501278
0.747	0.502232
0.748	0.503183
0.749	0.504131
0.75	0.505076
0.751	0.506017
0.752	0.506955
0.753	0.50789
0.754	0.508821
0.755	0.50975
0.756	0.510675
0.757	0.511598
0.758	0.512517
0.759	0.513434
0.76	0.514347
0.761	0.515258
0.762	0.516165
0.763	0.51707
0.764	0.517972
0.765	0.518871
0.766	0.519768
0.767	0.520661
0.768	0.521552
0.769	0.52244
0.77	0.523326
0.771	0.524209
0.772	0.525089
0.773	0.525967
0.774	0.526842
0.775	0.527715
0.776	0.528585
0.777	0.529453
0.778	0.530318
0.779	0.531181
0.78	0.532041
0.781	0.5329
0.782	0.533756
0.783	0.534609
0.784	0.535461
0.785	0.53631
0.786	0.537157
0.787	0.538002
0.788	0.538845
0.789	0.539686
0.79	0.540524
0.791	0.541361
0.792	0.542196
0.793	0.543028
0.794	0.543859
0.795	0.544688
0.796	0.545515
0.797	0.54634
0.798	0.547163
0.799	0.547985
0.8	0.548805
0.801	0.549623
0.802	0.550439
0.803	0.551254
0.804	0.552067
0.805	0.552878
0.806	0.553688
0.807	0.554497
0.808	0.555303
0.809	0.556109
0.81	0.556913
0.811	0.557715
0.812	0.558516
0.813	0.559316
0.814	0.560114
0.815	0.560911
0.816	0.561707
0.817	0.562502
0.818	0.563295
0.819	0.564087
0.82	0.564878
0.821	0.565668
0.822	0.566457
0.823	0.567245
0.824	0.568032
0.825	0.568817
0.826	0.569602
0.827	0.570386
0.828	0.571169
0.829	0.571951
0.83	0.572732
0.831	0.573512
0.832	0.574292
0.833	0.575071
0.834	0.575849
0.835	0.576626
0.836	0.577403
0.837	0.578179
0.838	0.578955
0.839	0.579729
0.84	0.580504
0.841	0.581278
0.842	0.582051
0.843	0.582824
0.844	0.583596
0.845	0.584368
0.846	0.58514
0.847	0.585911
0.848	0.586682
0.849	0.587453
0.85	0.588224
0.851	0.588994
0.852	0.589764
0.853	0.590534
0.854	0.591304
0.855	0.592074
0.856	0.592844
0.857	0.593613
0.858	0.594383
0.859	0.595153
0.86	0.595922
0.861	0.596692
0.862	0.597462
0.863	0.598232
0.864	0.599002
0.865	0.599773
0.866	0.600543
0.867	0.601314
0.868	0.602086
0.869	0.602857
0.87	0.603629
0.871	0.604402
0.872	0.605174
0.873	0.605948
0.874	0.606721
0.875	0.607495
0.876	0.60827
0.877	0.609045
0.878	0.609821
0.879	0.610598
0.88	0.611375
0.881	0.612153
0.882	0.612932
0.883	0.613711
0.884	0.614491
0.885	0.615272
0.886	0.616054
0.887	0.616836
0.888	0.61762
0.889	0.618404
0.89	0.61919
0.891	0.619976
0.892	0.620764
0.893	0.621552
0.894	0.622342
0.895	0.623132
0.896	0.623924
0.897	0.624717
0.898	0.625511
0.899	0.626307
0.9	0.627104
0.901	0.627902
0.902	0.628701
0.903	0.629502
0.904	0.630304
0.905	0.631107
0.906	0.631912
0.907	0.632718
0.908	0.633526
0.909	0.634336
0.91	0.635147
0.911	0.635959
0.912	0.636773
0.913	0.637589
0.914	0.638407
0.915	0.639226
0.916	0.640047
0.917	0.64087
0.918	0.641695
0.919	0.642521
0.92	0.643349
0.921	0.644179
0.922	0.645012
0.923	0.645846
0.924	0.646682
0.925	0.64752
0.926	0.64836
0.927	0.649202
0.928	0.650046
0.929	0.650893
0.93	0.651741
0.931	0.652592
0.932	0.653445
0.933	0.6543
0.934	0.655158
0.935	0.656018
0.936	0.65688
0.937	0.657745
0.938	0.658612
0.939	0.659481
0.94	0.660353
0.941	0.661228
0.942	0.662105
0.943	0.662984
0.944	0.663866
0.945	0.664751
0.946	0.665638
0.947	0.666528
0.948	0.667421
0.949	0.668317
0.95	0.669215
0.951	0.670116
0.952	0.67102
0.953	0.671927
0.954	0.672836
0.955	0.673749
0.956	0.674665
0.957	0.675583
0.958	0.676505
0.959	0.677429
0.96	0.678357
0.961	0.679288
0.962	0.680222
0.963	0.681159
0.964	0.682099
0.965	0.683042
0.966	0.683989
0.967	0.684939
0.968	0.685892
0.969	0.686849
0.97	0.687809
0.971	0.688773
0.972	0.689739
0.973	0.69071
0.974	0.691684
0.975	0.692661
0.976	0.693642
0.977	0.694626
0.978	0.695614
0.979	0.696606
0.98	0.697602
0.981	0.698601
0.982	0.699604
0.983	0.70061
0.984	0.701621
0.985	0.702635
0.986	0.703653
0.987	0.704675
0.988	0.705701
0.989	0.706731
0.99	0.707765
0.991	0.708803
0.992	0.709845
0.993	0.710891
0.994	0.711941
0.995	0.712995
0.996	0.714053
0.997	0.715116
0.998	0.716182
0.999	0.717253
