# Interpolation data for function: sqrt(abs(x-0.5))
0	0.706066
0.001	0.705683
0.002	0.705247
0.003	0.704762
0.004	0.704236
0.005	0.703671
0.006	0.703073
0.007	0.702446
0.008	0.701793
0.009	0.701117
0.01	0.700423
0.011	0.699712
0.012	0.698987
0.013	0.69825
0.014	0.697504
0.015	0.69675
0.016	0.695991
0.017	0.695226
0.018	0.694459
0.019	0.693689
0.02	0.692918
0.021	0.692147
0.022	0.691377
0.023	0.690607
0.024	0.68984
0.025	0.689074
0.026	0.688311
0.027	0.687551
0.028	0.686793
0.029	0.686039
0.03	0.685287
0.031	0.684539
0.032	0.683794
0.033	0.683052
0.034	0.682314
0.035	0.681577
0.036	0.680844
0.037	0.680113
0.038	0.679385
0.039	0.678658
0.04	0.677934
0.041	0.677211
0.042	0.67649
0.043	0.67577
0.044	0.67505
0.045	0.674332
0.046	0.673614
0.047	0.672896
0.048	0.672178
0.049	0.67146
0.05	0.670742
0.051	0.670023
0.052	0.669303
0.053	0.668582
0.054	0.66786
0.055	0.667136
0.056	0.666411
0.057	0.665684
0.058	0.664955
0.059	0.664225
0.06	0.663492
0.061	0.662757
0.062	0.66202
0.063	0.66128
0.064	0.660538
0.065	0.659794
0.066	0.659047
0.067	0.658298
0.068	0.657546
0.069	0.656791
0.07	0.656034
0.071	0.655275
0.072	0.654513
0.073	0.653748
0.074	0.652981
0.075	0.652211
0.076	0.651439
0.077	0.650664
0.078	0.649888
0.079	0.649109
0.08	0.648327
0.081	0.647544
0.082	0.646759
0.083	0.645971
0.084	0.645182
0.085	0.644391
0.086	0.643599
0.087	0.642804
0.088	0.642008
0.089	0.641211
0.09	0.640412
0.091	0.639612
0.092	0.638811
0.093	0.638008
0.094	0.637205
0.095	0.636401
0.096	0.635595
0.097	0.634789
0.098	0.633982
0.099	0.633175
0.1	0.632367
0.101	0.631558
0.102	0.630749
0.103	0.62994
0.104	0.62913
0.105	0.62832
0.106	0.62751
0.107	0.626699
0.108	0.625888
0.109	0.625078
0.11	0.624267
0.111	0.623456
0.112	0.622645
0.113	0.621834
0.114	0.621023
0.115	0.620212
0.116	0.619401
0.117	0.61859
0.118	0.617779
0.119	0.616968
0.12	0.616157
0.121	0.615346
0.122	0.614535
0.123	0.613724
0.124	0.612913
0.125	0.612102
0.126	0.61129
0.127	0.610479
0.128	0.609667
0.129	0.608855
0.13	0.608043
0.131	0.607231
0.132	0.606418
0.133	0.605605
0.134	0.604791
0.135	0.603977
0.136	0.603162
0.137	0.602347
0.138	0.601531
0.139	0.600714
0.14	0.599897
0.141	0.599079
0.142	0.598259
0.143	0.597439
0.144	0.596618
0.145	0.595796
0.146	0.594973
0.147	0.594148
0.148	0.593322
0.149	0.592495
0.15	0.591667
0.151	0.590837
0.152	0.590005
0.153	0.589173
0.154	0.588338
0.155	0.587502
0.156	0.586664
0.157	0.585825
0.158	0.584984
0.159	0.584141
0.16	0.583296
0.161	0.582449
0.162	0.5816
0.163	0.58075
0.164	0.579897
0.165	0.579042
0.166	0.578185
0.167	0.577327
0.168	0.576466
0.169	0.575603
0.17	0.574737
0.171	0.57387
0.172	0.573
0.173	0.572128
0.174	0.571254
0.175	0.570378
0.176	0.5695
0.177	0.568619
0.178	0.567736
0.179	0.566851
0.18	0.565964
0.181	0.565074
0.182	0.564182
0.183	0.563289
0.184	0.562392
0.185	0.561494
0.186	0.560594
0.187	0.559691
0.188	0.558787
0.189	0.55788
0.19	0.556971
0.191	0.556061
0.192	0.555148
0.193	0.554233
0.194	0.553316
0.195	0.552398
0.196	0.551477
0.197	0.550555
0.198	0.549631
0.199	0.548705
0.2	0.547778
0.201	0.546848
0.202	0.545917
0.203	0.544985
0.204	0.54405
0.205	0.543115
0.206	0.542177
0.207	0.541239
0.208	0.540298
0.209	0.539357
0.21	0.538414
0.211	0.537469
0.212	0.536524
0.213	0.535577
0.214	0.534629
0.215	0.533679
0.216	0.532729
0.217	0.531777
0.218	0.530824
0.219	0.52987
0.22	0.528915
0.221	0.527959
0.222	0.527002
0.223	0.526043
0.224	0.525084
0.225	0.524124
0.226	0.523163
0.227	0.522201
0.228	0.521238
0.229	0.520274
0.23	0.519308
0.231	0.518343
0.232	0.517376
0.233	0.516408
0.234	0.515439
0.235	0.514469
0.236	0.513498
0.237	0.512527
0.238	0.511554
0.239	0.51058
0.24	0.509605
0.241	0.508629
0.242	0.507652
0.243	0.506674
0.244	0.505695
0.245	0.504715
0.246	0.503733
0.247	0.502751
0.248	0.501767
0.249	0.500781
0.25	0.499795
0.251	0.498807
0.252	0.497817
0.253	0.496826
0.254	0.495834
0.255	0.494839
0.256	0.493844
0.257	0.492846
0.258	0.491847
0.259	0.490846
0.26	0.489844
0.261	0.488839
0.262	0.487832
0.263	0.486824
0.264	0.485813
0.265	0.4848
0.266	0.483785
0.267	0.482768
0.268	0.481748
0.269	0.480726
0.27	0.479701
0.271	0.478674
0.272	0.477645
0.273	0.476613
0.274	0.475578
0.275	0.47454
0.276	0.4735
0.277	0.472456
0.278	0.47141
0.279	0.470361
0.28	0.469308
0.281	0.468253
0.282	0.467194
0.283	0.466133
0.284	0.465068
0.285	0.463999
0.286	0.462928
0.287	0.461852
0.288	0.460774
0.289	0.459692
0.29	0.458606
0.291	0.457517
0.292	0.456425
0.293	0.455328
0.294	0.454229
0.295	0.453125
0.296	0.452018
0.297	0.450906
0.298	0.449792
0.299	0.448673
0.3	0.447551
0.301	0.446425
0.302	0.445295
0.303	0.444161
0.304	0.443023
0.305	0.441882
0.306	0.440736
0.307	0.439587
0.308	0.438434
0.309	0.437278
0.31	0.436117
0.311	0.434953
0.312	0.433785
0.313	0.432613
0.314	0.431437
0.315	0.430258
0.316	0.429075
0.317	0.427888
0.318	0.426698
0.319	0.425504
0.32	0.424306
0.321	0.423105
0.322	0.4219
0.323	0.420692
0.324	0.419481
0.325	0.418266
0.326	0.417047
0.327	0.415825
0.328	0.4146
0.329	0.413372
0.33	0.41214
0.331	0.410905
0.332	0.409667
0.333	0.408426
0.334	0.407182
0.335	0.405934
0.336	0.404684
0.337	0.40343
0.338	0.402174
0.339	0.400914
0.34	0.399652
0.341	0.398386
0.342	0.397118
0.343	0.395847
0.344	0.394573
0.345	0.393296
0.346	0.392016
0.347	0.390733
0.348	0.389448
0.349	0.388159
0.35	0.386868
0.351	0.385574
0.352	0.384276
0.353	0.382976
0.354	0.381673
0.355	0.380367
0.356	0.379058
0.357	0.377746
0.358	0.37643
0.359	0.375112
0.36	0.37379
0.361	0.372464
0.362	0.371136
0.363	0.369804
0.364	0.368468
0.365	0.367128
0.366	0.365785
0.367	0.364438
0.368	0.363087
0.369	0.361732
0.37	0.360373
0.371	0.359009
0.372	0.357641
0.373	0.356268
0.374	0.35489
0.375	0.353507
0.376	0.35212
0.377	0.350727
0.378	0.349328
0.379	0.347924
0.38	0.346514
0.381	0.345098
0.382	0.343676
0.383	0.342248
0.384	0.340812
0.385	0.339371
0.386	0.337922
0.387	0.336466
0.388	0.335002
0.389	0.333531
0.39	0.332052
0.391	0.330565
0.392	0.32907
0.393	0.327566
0.394	0.326054
0.395	0.324532
0.396	0.323002
0.397	0.321462
0.398	0.319912
0.399	0.318353
0.4	0.316784
0.401	0.315204
0.402	0.313614
0.403	0.312013
0.404	0.310402
0.405	0.308779
0.406	0.307146
0.407	0.305501
0.408	0.303844
0.409	0.302176
0.41	0.300496
0.411	0.298804
0.412	0.2971
0.413	0.295383
0.414	0.293654
0.415	0.291913
0.416	0.290159
0.417	0.288393
0.418	0.286613
0.419	0.284821
0.42	0.283017
0.421	0.281199
0.422	0.279368
0.423	0.277524
0.424	0.275667
0.425	0.273798
0.426	0.271915
0.427	0.270019
0.428	0.26811
0.429	0.266189
0.43	0.264254
0.431	0.262307
0.432	0.260346
0.433	0.258373
0.434	0.256387
0.435	0.254388
0.436	0.252377
0.437	0.250353
0.438	0.248316
0.439	0.246266
0.44	0.244203
0.441	0.242128
0.442	0.24004
0.443	0.237939
0.444	0.235825
0.445	0.233698
0.446	0.231557
0.447	0.229403
0.448	0.227234
0.449	0.225052
0.45	0.222855
0.451	0.220642
0.452	0.218414
0.453	0.216169
0.454	0.213907
0.455	0.211627
0.456	0.209328
0.457	0.207009
0.458	0.204669
0.459	0.202305
0.46	0.199918
0.461	0.197505
0.462	0.195064
0.463	0.192593
0.464	0.19009
0.465	0.187552
0.466	0.184976
0.467	0.18236
0.468	0.1797
0.469	0.176993
0.47	0.174234
0.471	0.171419
0.472	0.168544
0.473	0.165604
0.474	0.162593
0.475	0.159505
0.476	0.156334
0.477	0.153073
0.478	0.149715
0.479	0.146251
0.48	0.142674
0.481	0.138974
0.482	0.135141
0.483	0.131165
0.484	0.127035
0.485	0.122739
0.486	0.118264
0.487	0.113595
0.488	0.10872
0.489	0.103622
0.49	0.0982849
0.491	0.0926911
0.492	0.086822
0.493	0.0806579
0.494	0.0741778
0.495	0.0673594
0.496	0.0601793
0.497	0.0526124
0.498	0.0446322
0.499	0.036211
0.5	0.027319
0.501	0.036211
0.502	0.0446322
0.503	0.0526124
0.504	0.0601793
0.505	0.0673594
0.506	0.0741778
0.507	0.0806579
0.508	0.086822
0.509	0.0926911
0.51	0.0982849
0.511	0.103622
0.512	0.10872
0.513	0.113595
0.514	0.118264
0.515	0.122739
0.516	0.127035
0.517	0.131165
0.518	0.135141
0.519	0.138974
0.52	0.142674
0.521	0.146251
0.522	0.149715
0.523	0.153073
0.524	0.156334
0.525	0.159505
0.526	0.162593
0.527	0.165604
0.528	0.168544
0.529	0.171419
0.53	0.174234
0.531	0.176993
0.532	0.1797
0.533	0.18236
0.534	0.184976
0.535	0.187552
0.536	0.19009
0.537	0.192593
0.538	0.195064
0.539	0.197505
0.54	0.199918
0.541	0.202305
0.542	0.204669
0.543	0.207009
0.544	0.209328
0.545	0.211627
0.546	0.213907
0.547	0.216169
0.548	0.218414
0.549	0.220642
0.55	0.222855
0.551	0.225052
0.552	0.227234
0.553	0.229403
0.554	0.231557
0.555	0.233698
0.556	0.235825
0.557	0.237939
0.558	0.24004
0.559	0.242128
0.56	0.244203
0.561	0.246266
0.562	0.248316
0.563	0.250353
0.564	0.252377
0.565	0.254388
0.566	0.256387
0.567	0.258373
0.568	0.260346
0.569	0.262307
0.57	0.264254
0.571	0.266189
0.572	0.26811
0.573	0.270019
0.574	0.271915
0.575	0.273798
0.576	0.275667
0.577	0.277524
0.578	0.279368
0.579	0.281199
0.58	0.283017
0.581	0.284821
0.582	0.286613
0.583	0.288393
0.584	0.290159
0.585	0.291913
0.586	0.293654
0.587	0.295383
0.588	0.2971
0.589	0.298804
0.59	0.300496
0.591	0.302176
0.592	0.303844
0.593	0.305501
0.594	0.307146
0.595	0.308779
0.596	0.310402
0.597	0.312013
0.598	0.313614
0.599	0.315204
0.6	0.316784
0.601	0.318353
0.602	0.319912
0.603	0.321462
0.604	0.323002
0.605	0.324532
0.606	0.326054
0.607	0.327566
0.608	0.32907
0.609	0.330565
0.61	0.332052
0.611	0.333531
0.612	0.335002
0.613	0.336466
0.614	0.337922
0.615	0.339371
0.616	0.340812
0.617	0.342248
0.618	0.343676
0.619	0.345098
0.62	0.346514
0.621	0.347924
0.622	0.349328
0.623	0.350727
0.624	0.35212
0.625	0.353507
0.626	0.35489
0.627	0.356268
0.628	0.357641
0.629	0.359009
0.63	0.360373
0.631	0.361732
0.632	0.363087
0.633	0.364438
0.634	0.365785
0.635	0.367128
0.636	0.368468
0.637	0.369804
0.638	0.371136
0.639	0.372464
0.64	0.37379
0.641	0.375112
0.642	0.37643
0.643	0.377746
0.644	0.379058
0.645	0.380367
0.646	0.381673
0.647	0.382976
0.648	0.384276
0.649	0.385574
0.65	0.386868
0.651	0.388159
0.652	0.389448
0.653	0.390733
0.654	0.392016
0.655	0.393296
0.656	0.394573
0.657	0.395847
0.658	0.397118
0.659	0.398386
0.66	0.399652
0.661	0.400914
0.662	0.402174
0.663	0.40343
0.664	0.404684
0.665	0.405934
0.666	0.407182
0.667	0.408426
0.668	0.409667
0.669	0.410905
0.67	0.41214
0.671	0.413372
0.672	0.4146
0.673	0.415825
0.674	0.417047
0.675	0.418266
0.676	0.419481
0.677	0.420692
0.678	0.4219
0.679	0.423105
0.68	0.424306
0.681	0.425504
0.682	0.426698
0.683	0.427888
0.684	0.429075
0.685	0.430258
0.686	0.431437
0.687	0.432613
0.688	0.433785
0.689	0.434953
0.69	0.436117
0.691	0.437278
0.692	0.438434
0.693	0.439587
0.694	0.440736
0.695	0.441882
0.696	0.443023
0.697	0.444161
0.698	0.445295
0.699	0.446425
0.7	0.447551
0.701	0.448673
0.702	0.449792
0.703	0.450906
0.704	0.452018
0.705	0.453125
0.706	0.454229
0.707	0.455328
0.708	0.456425
0.709	0.457517
0.71	0.458606
0.711	0.459692
0.712	0.460774
0.713	0.461852
0.714	0.462928
0.715	0.463999
0.716	0.465068
0.717	0.466133
0.718	0.467194
0.719	0.468253
0.72	0.469308
0.721	0.470361
0.722	0.47141
0.723	0.472456
0.724	0.4735
0.725	0.47454
0.726	0.475578
0.727	0.476613
0.728	0.477645
0.729	0.478674
0.73	0.479701
0.731	0.480726
0.732	0.481748
0.733	0.482768
0.734	0.483785
0.735	0.4848
0.736	0.485813
0.737	0.486824
0.738	0.487832
0.739	0.488839
0.74	0.489844
0.741	0.490846
0.742	0.491847
0.743	0.492846
0.744	0.493844
0.745	0.494839
0.746	0.495834
0.747	0.496826
0.748	0.497817
0.749	0.498807
0.75	0.499795
0.751	0.500781
0.752	0.501767
0.753	0.502751
0.754	0.503733
0.755	0.504715
0.756	0.505695
0.757	0.506674
0.758	0.507652
0.759	0.508629
0.76	0.509605
0.761	0.51058
0.762	0.511554
0.763	0.512527
0.764	0.513498
0.765	0.514469
0.766	0.515439
0.767	0.516408
0.768	0.517376
0.769	0.518343
0.77	0.519308
0.771	0.520274
0.772	0.521238
0.773	0.522201
0.774	0.523163
0.775	0.524124
0.776	0.525084
0.777	0.526043
0.778	0.527002
0.779	0.527959
0.78	0.528915
0.781	0.52987
0.782	0.530824
0.783	0.531777
0.784	0.532729
0.785	0.533679
0.786	0.534629
0.787	0.535577
0.788	0.536524
0.789	0.537469
0.79	0.538414
0.791	0.539357
0.792	0.540298
0.793	0.541239
0.794	0.542177
0.795	0.543115
0.796	0.54405
0.797	0.544985
0.798	0.545917
0.799	0.546848
0.8	0.547778
0.801	0.548705
0.802	0.549631
0.803	0.550555
0.804	0.551477
0.805	0.552398
0.806	0.553316
0.807	0.554233
0.808	0.555148
0.809	0.556061
0.81	0.556971
0.811	0.55788
0.812	0.558787
0.813	0.559691
0.814	0.560594
0.815	0.561494
0.816	0.562392
0.817	0.563289
0.818	0.564182
0.819	0.565074
0.82	0.565964
0.821	0.566851
0.822	0.567736
0.823	0.568619
0.824	0.5695
0.825	0.570378
0.826	0.571254
0.827	0.572128
0.828	0.573
0.829	0.57387
0.83	0.574737
0.831	0.575603
0.832	0.576466
0.833	0.577327
0.834	0.578185
0.835	0.579042
0.836	0.579897
0.837	0.58075
0.838	0.5816
0.839	0.582449
0.84	0.583296
0.841	0.584141
0.842	0.584984
0.843	0.585825
0.844	0.586664
0.845	0.587502
0.846	0.588338
0.847	0.589173
0.848	0.590005
0.849	0.590837
0.85	0.591667
0.851	0.592495
0.852	0.593322
0.853	0.594148
0.854	0.594973
0.855	0.595796
0.856	0.596618
0.857	0.597439
0.858	0.598259
0.859	0.599079
0.86	0.599897
0.861	0.600714
0.862	0.601531
0.863	0.602347
0.864	0.603162
0.865	0.603977
0.866	0.604791
0.867	0.605605
0.868	0.606418
0.869	0.607231
0.87	0.608043
0.871	0.608855
0.872	0.609667
0.873	0.610479
0.874	0.61129
0.875	0.612102
0.876	0.612913
0.877	0.613724
0.878	0.614535
0.879	0.615346
0.88	0.616157
0.881	0.616968
0.882	0.617779
0.883	0.61859
0.884	0.619401
0.885	0.620212
0.886	0.621023
0.887	0.621834
0.888	0.622645
0.889	0.623456
0.89	0.624267
0.891	0.625078
0.892	0.625888
0.893	0.626699
0.894	0.62751
0.895	0.62832
0.896	0.62913
0.897	0.62994
0.898	0.630749
0.899	0.631558
0.9	0.632367
0.901	0.633175
0.902	0.633982
0.903	0.634789
0.904	0.635595
0.905	0.636401
0.906	0.637205
0.907	0.638008
0.908	0.638811
0.909	0.639612
0.91	0.640412
0.911	0.641211
0.912	0.642008
0.913	0.642804
0.914	0.643599
0.915	0.644391
0.916	0.645182
0.917	0.645971
0.918	0.646759
0.919	0.647544
0.92	0.648327
0.921	0.649109
0.922	0.649888
0.923	0.650664
0.924	0.651439
0.925	0.652211
0.926	0.652981
0.927	0.653748
0.928	0.654513
0.929	0.655275
0.93	0.656034
0.931	0.656791
0.932	0.657546
0.933	0.658298
0.934	0.659047
0.935	0.659794
0.936	0.660538
0.937	0.66128
0.938	0.66202
0.939	0.662757
0.94	0.663492
0.941	0.664225
0.942	0.664955
0.943	0.665684
0.944	0.666411
0.945	0.667136
0.946	0.66786
0.947	0.668582
0.948	0.669303
0.949	0.670023
0.95	0.670742
0.951	0.67146
0.952	0.672178
0.953	0.672896
0.954	0.673614
0.955	0.674332
0.956	0.67505
0.957	0.67577
0.958	0.67649
0.959	0.677211
0.96	0.677934
0.961	0.678658
0.962	0.679385
0.963	0.680113
0.964	0.680844
0.965	0.681577
0.966	0.682314
0.967	0.683052
0.968	0.683794
0.969	0.684539
0.97	0.685287
0.971	0.686039
0.972	0.686793
0.973	0.687551
0.974	0.688311
0.975	0.689074
0.976	0.68984
0.977	0.690607
0.978	0.691377
0.979	0.692147
0.98	0.692918
0.981	0.693689
0.982	0.694459
0.983	0.695226
0.984	0.695991
0.985	0.69675
0.986	0.697504
0.987	0.69825
0.988	0.698987
0.989	0.699712
0.99	0.700423
0.991	0.701117
0.992	0.701793
0.993	0.702446
0.994	0.703073
0.995	0.703671
0.996	0.704236
0.997	0.704762
0.998	0.705247
0.999	0.705683
