# Interpolation data for function: sqrt(abs(x-0.5))
0	0.709876
0.001	0.708822
0.002	0.707789
0.003	0.706775
0.004	0.70578
0.005	0.704803
0.006	0.703844
0.007	0.702901
0.008	0.701974
0.009	0.701063
0.01	0.700166
0.011	0.699283
0.012	0.698413
0.013	0.697556
0.014	0.696711
0.015	0.695878
0.016	0.695055
0.017	0.694243
0.018	0.693441
0.019	0.692648
0.02	0.691864
0.021	0.691089
0.022	0.690321
0.023	0.68956
0.024	0.688807
0.025	0.68806
0.026	0.687319
0.027	0.686584
0.028	0.685854
0.029	0.685129
0.03	0.684409
0.031	0.683693
0.032	0.682981
0.033	0.682272
0.034	0.681566
0.035	0.680864
0.036	0.680164
0.037	0.679466
0.038	0.67877
0.039	0.678076
0.04	0.677384
0.041	0.676692
0.042	0.676002
0.043	0.675312
0.044	0.674623
0.045	0.673935
0.046	0.673246
0.047	0.672558
0.048	0.671869
0.049	0.67118
0.05	0.67049
0.051	0.6698
0.052	0.669108
0.053	0.668416
0.054	0.667722
0.055	0.667027
0.056	0.666331
0.057	0.665633
0.058	0.664933
0.059	0.664232
0.06	0.663529
0.061	0.662824
0.062	0.662116
0.063	0.661407
0.064	0.660696
0.065	0.659982
0.066	0.659266
0.067	0.658547
0.068	0.657826
0.069	0.657102
0.07	0.656376
0.071	0.655648
0.072	0.654916
0.073	0.654182
0.074	0.653446
0.075	0.652707
0.076	0.651964
0.077	0.65122
0.078	0.650472
0.079	0.649722
0.08	0.648969
0.081	0.648213
0.082	0.647454
0.083	0.646693
0.084	0.645928
0.085	0.645162
0.086	0.644392
0.087	0.643619
0.088	0.642844
0.089	0.642066
0.09	0.641286
0.091	0.640503
0.092	0.639717
0.093	0.638928
0.094	0.638137
0.095	0.637344
0.096	0.636548
0.097	0.635749
0.098	0.634948
0.099	0.634145
0.1	0.633339
0.101	0.632531
0.102	0.631721
0.103	0.630908
0.104	0.630093
0.105	0.629276
0.106	0.628457
0.107	0.627636
0.108	0.626812
0.109	0.625987
0.11	0.62516
0.111	0.624331
0.112	0.623499
0.113	0.622667
0.114	0.621832
0.115	0.620996
0.116	0.620157
0.117	0.619318
0.118	0.618476
0.119	0.617634
0.12	0.616789
0.121	0.615943
0.122	0.615096
0.123	0.614248
0.124	0.613398
0.125	0.612547
0.126	0.611694
0.127	0.610841
0.128	0.609986
0.129	0.60913
0.13	0.608273
0.131	0.607415
0.132	0.606556
0.133	0.605696
0.134	0.604836
0.135	0.603974
0.136	0.603112
0.137	0.602248
0.138	0.601384
0.139	0.60052
0.14	0.599654
0.141	0.598788
0.142	0.597921
0.143	0.597054
0.144	0.596186
0.145	0.595318
0.146	0.594449
0.147	0.59358
0.148	0.59271
0.149	0.59184
0.15	0.590969
0.151	0.590098
0.152	0.589227
0.153	0.588355
0.154	0.587483
0.155	0.58661
0.156	0.585738
0.157	0.584865
0.158	0.583991
0.159	0.583118
0.16	0.582244
0.161	0.58137
0.162	0.580496
0.163	0.579621
0.164	0.578747
0.165	0.577872
0.166	0.576997
0.167	0.576122
0.168	0.575246
0.169	0.574371
0.17	0.573495
0.171	0.572619
0.172	0.571742
0.173	0.570866
0.174	0.569989
0.175	0.569112
0.176	0.568235
0.177	0.567358
0.178	0.56648
0.179	0.565602
0.18	0.564724
0.181	0.563846
0.182	0.562967
0.183	0.562088
0.184	0.561209
0.185	0.560329
0.186	0.559449
0.187	0.558568
0.188	0.557687
0.189	0.556806
0.19	0.555924
0.191	0.555042
0.192	0.554159
0.193	0.553275
0.194	0.552391
0.195	0.551507
0.196	0.550622
0.197	0.549736
0.198	0.548849
0.199	0.547962
0.2	0.547074
0.201	0.546185
0.202	0.545296
0.203	0.544405
0.204	0.543514
0.205	0.542622
0.206	0.541729
0.207	0.540835
0.208	0.53994
0.209	0.539043
0.21	0.538146
0.211	0.537248
0.212	0.536348
0.213	0.535447
0.214	0.534545
0.215	0.533641
0.216	0.532737
0.217	0.53183
0.218	0.530923
0.219	0.530014
0.22	0.529103
0.221	0.528191
0.222	0.527277
0.223	0.526362
0.224	0.525445
0.225	0.524526
0.226	0.523605
0.227	0.522683
0.228	0.521759
0.229	0.520833
0.23	0.519904
0.231	0.518974
0.232	0.518042
0.233	0.517108
0.234	0.516172
0.235	0.515233
0.236	0.514292
0.237	0.513349
0.238	0.512404
0.239	0.511456
0.24	0.510506
0.241	0.509554
0.242	0.508599
0.243	0.507642
0.244	0.506682
0.245	0.505719
0.246	0.504754
0.247	0.503786
0.248	0.502816
0.249	0.501842
0.25	0.500866
0.251	0.499887
0.252	0.498906
0.253	0.497921
0.254	0.496933
0.255	0.495943
0.256	0.494949
0.257	0.493952
0.258	0.492953
0.259	0.49195
0.26	0.490944
0.261	0.489935
0.262	0.488922
0.263	0.487907
0.264	0.486888
0.265	0.485865
0.266	0.48484
0.267	0.483811
0.268	0.482779
0.269	0.481743
0.27	0.480704
0.271	0.479662
0.272	0.478616
0.273	0.477566
0.274	0.476513
0.275	0.475457
0.276	0.474397
0.277	0.473333
0.278	0.472266
0.279	0.471195
0.28	0.47012
0.281	0.469042
0.282	0.467961
0.283	0.466875
0.284	0.465786
0.285	0.464693
0.286	0.463597
0.287	0.462497
0.288	0.461393
0.289	0.460285
0.29	0.459174
0.291	0.458059
0.292	0.45694
0.293	0.455818
0.294	0.454692
0.295	0.453562
0.296	0.452428
0.297	0.451291
0.298	0.45015
0.299	0.449005
0.3	0.447856
0.301	0.446704
0.302	0.445548
0.303	0.444388
0.304	0.443225
0.305	0.442058
0.306	0.440887
0.307	0.439713
0.308	0.438535
0.309	0.437353
0.31	0.436168
0.311	0.434979
0.312	0.433787
0.313	0.432591
0.314	0.431391
0.315	0.430188
0.316	0.428981
0.317	0.427771
0.318	0.426557
0.319	0.42534
0.32	0.42412
0.321	0.422895
0.322	0.421668
0.323	0.420437
0.324	0.419203
0.325	0.417965
0.326	0.416724
0.327	0.41548
0.328	0.414232
0.329	0.412982
0.33	0.411728
0.331	0.41047
0.332	0.40921
0.333	0.407946
0.334	0.406679
0.335	0.405409
0.336	0.404136
0.337	0.40286
0.338	0.401581
0.339	0.400298
0.34	0.399013
0.341	0.397725
0.342	0.396433
0.343	0.395139
0.344	0.393841
0.345	0.392541
0.346	0.391238
0.347	0.389932
0.348	0.388622
0.349	0.38731
0.35	0.385996
0.351	0.384678
0.352	0.383357
0.353	0.382034
0.354	0.380707
0.355	0.379378
0.356	0.378046
0.357	0.376711
0.358	0.375373
0.359	0.374032
0.36	0.372689
0.361	0.371342
0.362	0.369993
0.363	0.368641
0.364	0.367285
0.365	0.365927
0.366	0.364566
0.367	0.363202
0.368	0.361835
0.369	0.360465
0.37	0.359091
0.371	0.357715
0.372	0.356335
0.373	0.354953
0.374	0.353567
0.375	0.352177
0.376	0.350785
0.377	0.349388
0.378	0.347989
0.379	0.346586
0.38	0.345179
0.381	0.343768
0.382	0.342354
0.383	0.340936
0.384	0.339514
0.385	0.338087
0.386	0.336657
0.387	0.335222
0.388	0.333783
0.389	0.332339
0.39	0.330891
0.391	0.329438
0.392	0.32798
0.393	0.326517
0.394	0.325048
0.395	0.323575
0.396	0.322095
0.397	0.32061
0.398	0.319119
0.399	0.317622
0.4	0.316119
0.401	0.314609
0.402	0.313093
0.403	0.311569
0.404	0.310039
0.405	0.308501
0.406	0.306955
0.407	0.305401
0.408	0.30384
0.409	0.30227
0.41	0.300691
0.411	0.299103
0.412	0.297505
0.413	0.295898
0.414	0.294282
0.415	0.292654
0.416	0.291016
0.417	0.289367
0.418	0.287707
0.419	0.286035
0.42	0.284351
0.421	0.282654
0.422	0.280944
0.423	0.279221
0.424	0.277483
0.425	0.275732
0.426	0.273966
0.427	0.272184
0.428	0.270386
0.429	0.268573
0.43	0.266742
0.431	0.264894
0.432	0.263028
0.433	0.261143
0.434	0.25924
0.435	0.257316
0.436	0.255373
0.437	0.253408
0.438	0.251422
0.439	0.249413
0.44	0.247381
0.441	0.245326
0.442	0.243246
0.443	0.241141
0.444	0.23901
0.445	0.236852
0.446	0.234667
0.447	0.232453
0.448	0.230211
0.449	0.227938
0.45	0.225634
0.451	0.223298
0.452	0.22093
0.453	0.218528
0.454	0.216091
0.455	0.213619
0.456	0.21111
0.457	0.208563
0.458	0.205977
0.459	0.203352
0.46	0.200685
0.461	0.197977
0.462	0.195225
0.463	0.192429
0.464	0.189587
0.465	0.186699
0.466	0.183762
0.467	0.180776
0.468	0.177739
0.469	0.174651
0.47	0.171508
0.471	0.168311
0.472	0.165058
0.473	0.161747
0.474	0.158377
0.475	0.154947
0.476	0.151454
0.477	0.147897
0.478	0.144275
0.479	0.140587
0.48	0.136829
0.481	0.133001
0.482	0.129101
0.483	0.125127
0.484	0.121078
0.485	0.116951
0.486	0.112745
0.487	0.108457
0.488	0.104087
0.489	0.0996308
0.49	0.0950879
0.491	0.0904558
0.492	0.0857324
0.493	0.0809157
0.494	0.0760035
0.495	0.0709935
0.496	0.0658836
0.497	0.0606714
0.498	0.0553547
0.499	0.0499311
0.5	0.0443982
0.501	0.0499311
0.502	0.0553547
0.503	0.0606714
0.504	0.0658836
0.505	0.0709935
0.506	0.0760035
0.507	0.0809157
0.508	0.0857324
0.509	0.0904558
0.51	0.0950879
0.511	0.0996308
0.512	0.104087
0.513	0.108457
0.514	0.112745
0.515	0.116951
0.516	0.121078
0.517	0.125127
0.518	0.129101
0.519	0.133001
0.52	0.136829
0.521	0.140587
0.522	0.144275
0.523	0.147897
0.524	0.151454
0.525	0.154947
0.526	0.158377
0.527	0.161747
0.528	0.165058
0.529	0.168311
0.53	0.171508
0.531	0.174651
0.532	0.177739
0.533	0.180776
0.534	0.183762
0.535	0.186699
0.536	0.189587
0.537	0.192429
0.538	0.195225
0.539	0.197977
0.54	0.200685
0.541	0.203352
0.542	0.205977
0.543	0.208563
0.544	0.21111
0.545	0.213619
0.546	0.216091
0.547	0.218528
0.548	0.22093
0.549	0.223298
0.55	0.225634
0.551	0.227938
0.552	0.230211
0.553	0.232453
0.554	0.234667
0.555	0.236852
0.556	0.23901
0.557	0.241141
0.558	0.243246
0.559	0.245326
0.56	0.247381
0.561	0.249413
0.562	0.251422
0.563	0.253408
0.564	0.255373
0.565	0.257316
0.566	0.25924
0.567	0.261143
0.568	0.263028
0.569	0.264894
0.57	0.266742
0.571	0.268573
0.572	0.270386
0.573	0.272184
0.574	0.273966
0.575	0.275732
0.576	0.277483
0.577	0.279221
0.578	0.280944
0.579	0.282654
0.58	0.284351
0.581	0.286035
0.582	0.287707
0.583	0.289367
0.584	0.291016
0.585	0.292654
0.586	0.294282
0.587	0.295898
0.588	0.297505
0.589	0.299103
0.59	0.300691
0.591	0.30227
0.592	0.30384
0.593	0.305401
0.594	0.306955
0.595	0.308501
0.596	0.310039
0.597	0.311569
0.598	0.313093
0.599	0.314609
0.6	0.316119
0.601	0.317622
0.602	0.319119
0.603	0.32061
0.604	0.322095
0.605	0.323575
0.606	0.325048
0.607	0.326517
0.608	0.32798
0.609	0.329438
0.61	0.330891
0.611	0.332339
0.612	0.333783
0.613	0.335222
0.614	0.336657
0.615	0.338087
0.616	0.339514
0.617	0.340936
0.618	0.342354
0.619	0.343768
0.62	0.345179
0.621	0.346586
0.622	0.347989
0.623	0.349388
0.624	0.350785
0.625	0.352177
0.626	0.353567
0.627	0.354953
0.628	0.356335
0.629	0.357715
0.63	0.359091
0.631	0.360465
0.632	0.361835
0.633	0.363202
0.634	0.364566
0.635	0.365927
0.636	0.367285
0.637	0.368641
0.638	0.369993
0.639	0.371342
0.64	0.372689
0.641	0.374032
0.642	0.375373
0.643	0.376711
0.644	0.378046
0.645	0.379378
0.646	0.380707
0.647	0.382034
0.648	0.383357
0.649	0.384678
0.65	0.385996
0.651	0.38731
0.652	0.388622
0.653	0.389932
0.654	0.391238
0.655	0.392541
0.656	0.393841
0.657	0.395139
0.658	0.396433
0.659	0.397725
0.66	0.399013
0.661	0.400298
0.662	0.401581
0.663	0.40286
0.664	0.404136
0.665	0.405409
0.666	0.406679
0.667	0.407946
0.668	0.40921
0.669	0.41047
0.67	0.411728
0.671	0.412982
0.672	0.414232
0.673	0.41548
0.674	0.416724
0.675	0.417965
0.676	0.419203
0.677	0.420437
0.678	0.421668
0.679	0.422895
0.68	0.42412
0.681	0.42534
0.682	0.426557
0.683	0.427771
0.684	0.428981
0.685	0.430188
0.686	0.431391
0.687	0.432591
0.688	0.433787
0.689	0.434979
0.69	0.436168
0.691	0.437353
0.692	0.438535
0.693	0.439713
0.694	0.440887
0.695	0.442058
0.696	0.443225
0.697	0.444388
0.698	0.445548
0.699	0.446704
0.7	0.447856
0.701	0.449005
0.702	0.45015
0.703	0.451291
0.704	0.452428
0.705	0.453562
0.706	0.454692
0.707	0.455818
0.708	0.45694
0.709	0.458059
0.71	0.459174
0.711	0.460285
0.712	0.461393
0.713	0.462497
0.714	0.463597
0.715	0.464693
0.716	0.465786
0.717	0.466875
0.718	0.467961
0.719	0.469042
0.72	0.47012
0.721	0.471195
0.722	0.472266
0.723	0.473333
0.724	0.474397
0.725	0.475457
0.726	0.476513
0.727	0.477566
0.728	0.478616
0.729	0.479662
0.73	0.480704
0.731	0.481743
0.732	0.482779
0.733	0.483811
0.734	0.48484
0.735	0.485865
0.736	0.486888
0.737	0.487907
0.738	0.488922
0.739	0.489935
0.74	0.490944
0.741	0.49195
0.742	0.492953
0.743	0.493952
0.744	0.494949
0.745	0.495943
0.746	0.496933
0.747	0.497921
0.748	0.498906
0.749	0.499887
0.75	0.500866
0.751	0.501842
0.752	0.502816
0.753	0.503786
0.754	0.504754
0.755	0.505719
0.756	0.506682
0.757	0.507642
0.758	0.508599
0.759	0.509554
0.76	0.510506
0.761	0.511456
0.762	0.512404
0.763	0.513349
0.764	0.514292
0.765	0.515233
0.766	0.516172
0.767	0.517108
0.768	0.518042
0.769	0.518974
0.77	0.519904
0.771	0.520833
0.772	0.521759
0.773	0.522683
0.774	0.523605
0.775	0.524526
0.776	0.525445
0.777	0.526362
0.778	0.527277
0.779	0.528191
0.78	0.529103
0.781	0.530014
0.782	0.530923
0.783	0.53183
0.784	0.532737
0.785	0.533641
0.786	0.534545
0.787	0.535447
0.788	0.536348
0.789	0.537248
0.79	0.538146
0.791	0.539043
0.792	0.53994
0.793	0.540835
0.794	0.541729
0.795	0.542622
0.796	0.543514
0.797	0.544405
0.798	0.545296
0.799	0.546185
0.8	0.547074
0.801	0.547962
0.802	0.548849
0.803	0.549736
0.804	0.550622
0.805	0.551507
0.806	0.552391
0.807	0.553275
0.808	0.554159
0.809	0.555042
0.81	0.555924
0.811	0.556806
0.812	0.557687
0.813	0.558568
0.814	0.559449
0.815	0.560329
0.816	0.561209
0.817	0.562088
0.818	0.562967
0.819	0.563846
0.82	0.564724
0.821	0.565602
0.822	0.56648
0.823	0.567358
0.824	0.568235
0.825	0.569112
0.826	0.569989
0.827	0.570866
0.828	0.571742
0.829	0.572619
0.83	0.573495
0.831	0.574371
0.832	0.575246
0.833	0.576122
0.834	0.576997
0.835	0.577872
0.836	0.578747
0.837	0.579621
0.838	0.580496
0.839	0.58137
0.84	0.582244
0.841	0.583118
0.842	0.583991
0.843	0.584865
0.844	0.585738
0.845	0.58661
0.846	0.587483
0.847	0.588355
0.848	0.589227
0.849	0.590098
0.85	0.590969
0.851	0.59184
0.852	0.59271
0.853	0.59358
0.854	0.594449
0.855	0.595318
0.856	0.596186
0.857	0.597054
0.858	0.597921
0.859	0.598788
0.86	0.599654
0.861	0.60052
0.862	0.601384
0.863	0.602248
0.864	0.603112
0.865	0.603974
0.866	0.604836
0.867	0.605696
0.868	0.606556
0.869	0.607415
0.87	0.608273
0.871	0.60913
0.872	0.609986
0.873	0.610841
0.874	0.611694
0.875	0.612547
0.876	0.613398
0.877	0.614248
0.878	0.615096
0.879	0.615943
0.88	0.616789
0.881	0.617634
0.882	0.618476
0.883	0.619318
0.884	0.620157
0.885	0.620996
0.886	0.621832
0.887	0.622667
0.888	0.623499
0.889	0.624331
0.89	0.62516
0.891	0.625987
0.892	0.626812
0.893	0.627636
0.894	0.628457
0.895	0.629276
0.896	0.630093
0.897	0.630908
0.898	0.631721
0.899	0.632531
0.9	0.633339
0.901	0.634145
0.902	0.634948
0.903	0.635749
0.904	0.636548
0.905	0.637344
0.906	0.638137
0.907	0.638928
0.908	0.639717
0.909	0.640503
0.91	0.641286
0.911	0.642066
0.912	0.642844
0.913	0.643619
0.914	0.644392
0.915	0.645162
0.916	0.645928
0.917	0.646693
0.918	0.647454
0.919	0.648213
0.92	0.648969
0.921	0.649722
0.922	0.650472
0.923	0.65122
0.924	0.651964
0.925	0.652707
0.926	0.653446
0.927	0.654182
0.928	0.654916
0.929	0.655648
0.93	0.656376
0.931	0.657102
0.932	0.657826
0.933	0.658547
0.934	0.659266
0.935	0.659982
0.936	0.660696
0.937	0.661407
0.938	0.662116
0.939	0.662824
0.94	0.663529
0.941	0.664232
0.942	0.664933
0.943	0.665633
0.944	0.666331
0.945	0.667027
0.946	0.667722
0.947	0.668416
0.948	0.669108
0.949	0.6698
0.95	0.67049
0.951	0.67118
0.952	0.671869
0.953	0.672558
0.954	0.673246
0.955	0.673935
0.956	0.674623
0.957	0.675312
0.958	0.676002
0.959	0.676692
0.96	0.677384
0.961	0.678076
0.962	0.67877
0.963	0.679466
0.964	0.680164
0.965	0.680864
0.966	0.681566
0.967	0.682272
0.968	0.682981
0.969	0.683693
0.97	0.684409
0.971	0.685129
0.972	0.685854
0.973	0.686584
0.974	0.687319
0.975	0.68806
0.976	0.688807
0.977	0.68956
0.978	0.690321
0.979	0.691089
0.98	0.691864
0.981	0.692648
0.982	0.693441
0.983	0.694243
0.984	0.695055
0.985	0.695878
0.986	0.696711
0.987	0.697556
0.988	0.698413
0.989	0.699283
0.99	0.700166
0.991	0.701063
0.992	0.701974
0.993	0.702901
0.994	0.703844
0.995	0.704803
0.996	0.70578
0.997	0.706775
0.998	0.707789
0.999	0.708822
