# Interpolation data for function: sqrt(abs(x-0.5))
0	0.703484
0.001	0.703127
0.002	0.702753
0.003	0.702362
0.004	0.701956
0.005	0.701534
0.006	0.701096
0.007	0.700644
0.008	0.700178
0.009	0.699697
0.01	0.699203
0.011	0.698696
0.012	0.698176
0.013	0.697644
0.014	0.697099
0.015	0.696543
0.016	0.695975
0.017	0.695397
0.018	0.694808
0.019	0.694208
0.02	0.693598
0.021	0.692979
0.022	0.69235
0.023	0.691713
0.024	0.691066
0.025	0.690411
0.026	0.689748
0.027	0.689077
0.028	0.688398
0.029	0.687712
0.03	0.687019
0.031	0.686319
0.032	0.685612
0.033	0.684899
0.034	0.68418
0.035	0.683455
0.036	0.682725
0.037	0.681989
0.038	0.681248
0.039	0.680502
0.04	0.679751
0.041	0.678995
0.042	0.678235
0.043	0.677471
0.044	0.676703
0.045	0.675932
0.046	0.675156
0.047	0.674377
0.048	0.673595
0.049	0.67281
0.05	0.672022
0.051	0.671231
0.052	0.670437
0.053	0.669641
0.054	0.668843
0.055	0.668042
0.056	0.66724
0.057	0.666435
0.058	0.665629
0.059	0.664821
0.06	0.664011
0.061	0.6632
0.062	0.662387
0.063	0.661574
0.064	0.660759
0.065	0.659943
0.066	0.659126
0.067	0.658308
0.068	0.65749
0.069	0.656671
0.07	0.655851
0.071	0.655031
0.072	0.65421
0.073	0.653389
0.074	0.652568
0.075	0.651747
0.076	0.650925
0.077	0.650103
0.078	0.649282
0.079	0.64846
0.08	0.647638
0.081	0.646817
0.082	0.645995
0.083	0.645174
0.084	0.644353
0.085	0.643533
0.086	0.642712
0.087	0.641892
0.088	0.641073
0.089	0.640254
0.09	0.639435
0.091	0.638617
0.092	0.637799
0.093	0.636982
0.094	0.636165
0.095	0.635349
0.096	0.634534
0.097	0.633719
0.098	0.632904
0.099	0.63209
0.1	0.631277
0.101	0.630465
0.102	0.629652
0.103	0.628841
0.104	0.62803
0.105	0.62722
0.106	0.62641
0.107	0.625601
0.108	0.624793
0.109	0.623985
0.11	0.623177
0.111	0.62237
0.112	0.621564
0.113	0.620758
0.114	0.619953
0.115	0.619148
0.116	0.618343
0.117	0.617539
0.118	0.616736
0.119	0.615933
0.12	0.61513
0.121	0.614327
0.122	0.613525
0.123	0.612723
0.124	0.611922
0.125	0.61112
0.126	0.610319
0.127	0.609518
0.128	0.608717
0.129	0.607916
0.13	0.607116
0.131	0.606315
0.132	0.605514
0.133	0.604714
0.134	0.603913
0.135	0.603112
0.136	0.602311
0.137	0.60151
0.138	0.600709
0.139	0.599907
0.14	0.599105
0.141	0.598303
0.142	0.597501
0.143	0.596698
0.144	0.595894
0.145	0.59509
0.146	0.594286
0.147	0.593481
0.148	0.592675
0.149	0.591869
0.15	0.591062
0.151	0.590255
0.152	0.589446
0.153	0.588637
0.154	0.587827
0.155	0.587016
0.156	0.586204
0.157	0.585391
0.158	0.584577
0.159	0.583762
0.16	0.582946
0.161	0.582129
0.162	0.581311
0.163	0.580491
0.164	0.57967
0.165	0.578848
0.166	0.578024
0.167	0.577199
0.168	0.576373
0.169	0.575545
0.17	0.574716
0.171	0.573885
0.172	0.573052
0.173	0.572218
0.174	0.571382
0.175	0.570545
0.176	0.569705
0.177	0.568864
0.178	0.568021
0.179	0.567177
0.18	0.56633
0.181	0.565482
0.182	0.564631
0.183	0.563779
0.184	0.562924
0.185	0.562068
0.186	0.561209
0.187	0.560348
0.188	0.559485
0.189	0.55862
0.19	0.557753
0.191	0.556883
0.192	0.556011
0.193	0.555137
0.194	0.55426
0.195	0.553381
0.196	0.5525
0.197	0.551616
0.198	0.55073
0.199	0.549841
0.2	0.54895
0.201	0.548057
0.202	0.54716
0.203	0.546262
0.204	0.54536
0.205	0.544456
0.206	0.54355
0.207	0.54264
0.208	0.541728
0.209	0.540814
0.21	0.539896
0.211	0.538976
0.212	0.538053
0.213	0.537128
0.214	0.536199
0.215	0.535268
0.216	0.534334
0.217	0.533398
0.218	0.532458
0.219	0.531516
0.22	0.53057
0.221	0.529622
0.222	0.528671
0.223	0.527717
0.224	0.526761
0.225	0.525801
0.226	0.524839
0.227	0.523873
0.228	0.522905
0.229	0.521934
0.23	0.52096
0.231	0.519982
0.232	0.519002
0.233	0.51802
0.234	0.517034
0.235	0.516045
0.236	0.515053
0.237	0.514059
0.238	0.513061
0.239	0.512061
0.24	0.511058
0.241	0.510052
0.242	0.509042
0.243	0.508031
0.244	0.507016
0.245	0.505998
0.246	0.504977
0.247	0.503954
0.248	0.502927
0.249	0.501898
0.25	0.500866
0.251	0.499831
0.252	0.498794
0.253	0.497753
0.254	0.49671
0.255	0.495664
0.256	0.494615
0.257	0.493564
0.258	0.492509
0.259	0.491452
0.26	0.490392
0.261	0.48933
0.262	0.488265
0.263	0.487197
0.264	0.486127
0.265	0.485054
0.266	0.483978
0.267	0.482899
0.268	0.481819
0.269	0.480735
0.27	0.479649
0.271	0.478561
0.272	0.47747
0.273	0.476376
0.274	0.47528
0.275	0.474182
0.276	0.473081
0.277	0.471977
0.278	0.470872
0.279	0.469764
0.28	0.468653
0.281	0.46754
0.282	0.466425
0.283	0.465308
0.284	0.464188
0.285	0.463066
0.286	0.461942
0.287	0.460816
0.288	0.459687
0.289	0.458557
0.29	0.457424
0.291	0.456289
0.292	0.455152
0.293	0.454012
0.294	0.452871
0.295	0.451728
0.296	0.450582
0.297	0.449435
0.298	0.448285
0.299	0.447134
0.3	0.44598
0.301	0.444825
0.302	0.443667
0.303	0.442508
0.304	0.441347
0.305	0.440183
0.306	0.439018
0.307	0.437851
0.308	0.436683
0.309	0.435512
0.31	0.434339
0.311	0.433165
0.312	0.431989
0.313	0.430811
0.314	0.429631
0.315	0.428449
0.316	0.427266
0.317	0.42608
0.318	0.424893
0.319	0.423704
0.32	0.422514
0.321	0.421321
0.322	0.420127
0.323	0.418931
0.324	0.417733
0.325	0.416533
0.326	0.415331
0.327	0.414128
0.328	0.412923
0.329	0.411716
0.33	0.410507
0.331	0.409296
0.332	0.408083
0.333	0.406869
0.334	0.405652
0.335	0.404433
0.336	0.403213
0.337	0.40199
0.338	0.400766
0.339	0.399539
0.34	0.398311
0.341	0.39708
0.342	0.395847
0.343	0.394612
0.344	0.393375
0.345	0.392135
0.346	0.390893
0.347	0.389649
0.348	0.388403
0.349	0.387154
0.35	0.385902
0.351	0.384648
0.352	0.383392
0.353	0.382132
0.354	0.38087
0.355	0.379606
0.356	0.378338
0.357	0.377067
0.358	0.375794
0.359	0.374517
0.36	0.373238
0.361	0.371955
0.362	0.370668
0.363	0.369379
0.364	0.368086
0.365	0.366789
0.366	0.365489
0.367	0.364185
0.368	0.362877
0.369	0.361565
0.37	0.360249
0.371	0.358929
0.372	0.357604
0.373	0.356275
0.374	0.354942
0.375	0.353604
0.376	0.352261
0.377	0.350913
0.378	0.34956
0.379	0.348202
0.38	0.346838
0.381	0.345469
0.382	0.344095
0.383	0.342714
0.384	0.341328
0.385	0.339935
0.386	0.338536
0.387	0.337131
0.388	0.335718
0.389	0.334299
0.39	0.332873
0.391	0.33144
0.392	0.329999
0.393	0.328551
0.394	0.327095
0.395	0.325631
0.396	0.324158
0.397	0.322677
0.398	0.321188
0.399	0.319689
0.4	0.318181
0.401	0.316664
0.402	0.315137
0.403	0.3136
0.404	0.312053
0.405	0.310495
0.406	0.308927
0.407	0.307348
0.408	0.305757
0.409	0.304155
0.41	0.302541
0.411	0.300915
0.412	0.299277
0.413	0.297625
0.414	0.295961
0.415	0.294283
0.416	0.292592
0.417	0.290886
0.418	0.289166
0.419	0.287431
0.42	0.285681
0.421	0.283916
0.422	0.282134
0.423	0.280337
0.424	0.278523
0.425	0.276692
0.426	0.274843
0.427	0.272977
0.428	0.271092
0.429	0.269189
0.43	0.267267
0.431	0.265326
0.432	0.263364
0.433	0.261382
0.434	0.259379
0.435	0.257355
0.436	0.25531
0.437	0.253242
0.438	0.251151
0.439	0.249037
0.44	0.246899
0.441	0.244737
0.442	0.242551
0.443	0.240339
0.444	0.238101
0.445	0.235837
0.446	0.233546
0.447	0.231228
0.448	0.228881
0.449	0.226506
0.45	0.224102
0.451	0.221668
0.452	0.219204
0.453	0.216708
0.454	0.214181
0.455	0.211622
0.456	0.20903
0.457	0.206404
0.458	0.203744
0.459	0.201049
0.46	0.198318
0.461	0.195551
0.462	0.192748
0.463	0.189906
0.464	0.187026
0.465	0.184107
0.466	0.181148
0.467	0.178149
0.468	0.175108
0.469	0.172025
0.47	0.168899
0.471	0.165729
0.472	0.162514
0.473	0.159255
0.474	0.155949
0.475	0.152596
0.476	0.149195
0.477	0.145745
0.478	0.142246
0.479	0.138696
0.48	0.135095
0.481	0.131441
0.482	0.127735
0.483	0.123974
0.484	0.120158
0.485	0.116286
0.486	0.112357
0.487	0.10837
0.488	0.104324
0.489	0.100218
0.49	0.0960505
0.491	0.0918213
0.492	0.087529
0.493	0.0831726
0.494	0.078751
0.495	0.0742631
0.496	0.0697077
0.497	0.0650839
0.498	0.0603904
0.499	0.0556262
0.5	0.0593548
0.501	0.0634858
0.502	0.0675729
0.503	0.0716168
0.504	0.0756177
0.505	0.0795762
0.506	0.0834928
0.507	0.0873679
0.508	0.091202
0.509	0.0949955
0.51	0.0987488
0.511	0.102463
0.512	0.106137
0.513	0.109773
0.514	0.11337
0.515	0.116929
0.516	0.120451
0.517	0.123936
0.518	0.127384
0.519	0.130796
0.52	0.134172
0.521	0.137513
0.522	0.140819
0.523	0.14409
0.524	0.147327
0.525	0.15053
0.526	0.1537
0.527	0.156837
0.528	0.159941
0.529	0.163013
0.53	0.166054
0.531	0.169063
0.532	0.17204
0.533	0.174987
0.534	0.177904
0.535	0.180791
0.536	0.183649
0.537	0.186477
0.538	0.189276
0.539	0.192047
0.54	0.19479
0.541	0.197505
0.542	0.200192
0.543	0.202853
0.544	0.205486
0.545	0.208094
0.546	0.210675
0.547	0.213231
0.548	0.215761
0.549	0.218266
0.55	0.220747
0.551	0.223203
0.552	0.225635
0.553	0.228043
0.554	0.230427
0.555	0.232789
0.556	0.235128
0.557	0.237444
0.558	0.239738
0.559	0.24201
0.56	0.244261
0.561	0.24649
0.562	0.248698
0.563	0.250885
0.564	0.253052
0.565	0.255199
0.566	0.257326
0.567	0.259433
0.568	0.261521
0.569	0.26359
0.57	0.26564
0.571	0.267672
0.572	0.269685
0.573	0.271681
0.574	0.273658
0.575	0.275619
0.576	0.277562
0.577	0.279488
0.578	0.281397
0.579	0.28329
0.58	0.285167
0.581	0.287027
0.582	0.288872
0.583	0.290702
0.584	0.292516
0.585	0.294316
0.586	0.2961
0.587	0.29787
0.588	0.299626
0.589	0.301367
0.59	0.303095
0.591	0.304809
0.592	0.306509
0.593	0.308197
0.594	0.309871
0.595	0.311532
0.596	0.313181
0.597	0.314818
0.598	0.316442
0.599	0.318054
0.6	0.319655
0.601	0.321244
0.602	0.322822
0.603	0.324388
0.604	0.325943
0.605	0.327488
0.606	0.329021
0.607	0.330545
0.608	0.332058
0.609	0.333561
0.61	0.335054
0.611	0.336537
0.612	0.338011
0.613	0.339475
0.614	0.34093
0.615	0.342376
0.616	0.343813
0.617	0.345242
0.618	0.346662
0.619	0.348073
0.62	0.349476
0.621	0.350871
0.622	0.352258
0.623	0.353637
0.624	0.355008
0.625	0.356372
0.626	0.357729
0.627	0.359078
0.628	0.36042
0.629	0.361755
0.63	0.363084
0.631	0.364405
0.632	0.36572
0.633	0.367029
0.634	0.368331
0.635	0.369628
0.636	0.370918
0.637	0.372202
0.638	0.37348
0.639	0.374753
0.64	0.37602
0.641	0.377282
0.642	0.378538
0.643	0.379789
0.644	0.381035
0.645	0.382276
0.646	0.383512
0.647	0.384743
0.648	0.385969
0.649	0.387191
0.65	0.388409
0.651	0.389622
0.652	0.39083
0.653	0.392035
0.654	0.393235
0.655	0.394431
0.656	0.395624
0.657	0.396812
0.658	0.397997
0.659	0.399178
0.66	0.400356
0.661	0.40153
0.662	0.4027
0.663	0.403867
0.664	0.405031
0.665	0.406192
0.666	0.40735
0.667	0.408504
0.668	0.409656
0.669	0.410805
0.67	0.41195
0.671	0.413094
0.672	0.414234
0.673	0.415372
0.674	0.416507
0.675	0.417639
0.676	0.41877
0.677	0.419897
0.678	0.421023
0.679	0.422146
0.68	0.423267
0.681	0.424386
0.682	0.425502
0.683	0.426617
0.684	0.427729
0.685	0.42884
0.686	0.429948
0.687	0.431055
0.688	0.43216
0.689	0.433263
0.69	0.434365
0.691	0.435464
0.692	0.436562
0.693	0.437658
0.694	0.438753
0.695	0.439846
0.696	0.440938
0.697	0.442028
0.698	0.443117
0.699	0.444204
0.7	0.44529
0.701	0.446374
0.702	0.447458
0.703	0.448539
0.704	0.44962
0.705	0.450699
0.706	0.451777
0.707	0.452854
0.708	0.45393
0.709	0.455004
0.71	0.456078
0.711	0.45715
0.712	0.458221
0.713	0.459291
0.714	0.46036
0.715	0.461428
0.716	0.462495
0.717	0.46356
0.718	0.464625
0.719	0.465689
0.72	0.466752
0.721	0.467813
0.722	0.468874
0.723	0.469934
0.724	0.470993
0.725	0.47205
0.726	0.473107
0.727	0.474163
0.728	0.475218
0.729	0.476272
0.73	0.477326
0.731	0.478378
0.732	0.479429
0.733	0.480479
0.734	0.481529
0.735	0.482577
0.736	0.483625
0.737	0.484671
0.738	0.485717
0.739	0.486762
0.74	0.487805
0.741	0.488848
0.742	0.48989
0.743	0.490931
0.744	0.491971
0.745	0.49301
0.746	0.494048
0.747	0.495085
0.748	0.496121
0.749	0.497156
0.75	0.49819
0.751	0.499223
0.752	0.500255
0.753	0.501285
0.754	0.502315
0.755	0.503344
0.756	0.504371
0.757	0.505398
0.758	0.506423
0.759	0.507448
0.76	0.508471
0.761	0.509493
0.762	0.510514
0.763	0.511533
0.764	0.512552
0.765	0.513569
0.766	0.514585
0.767	0.515599
0.768	0.516613
0.769	0.517625
0.77	0.518636
0.771	0.519645
0.772	0.520654
0.773	0.52166
0.774	0.522666
0.775	0.52367
0.776	0.524673
0.777	0.525674
0.778	0.526674
0.779	0.527672
0.78	0.528669
0.781	0.529664
0.782	0.530658
0.783	0.53165
0.784	0.532641
0.785	0.53363
0.786	0.534617
0.787	0.535603
0.788	0.536587
0.789	0.537569
0.79	0.53855
0.791	0.539529
0.792	0.540507
0.793	0.541482
0.794	0.542456
0.795	0.543428
0.796	0.544398
0.797	0.545366
0.798	0.546333
0.799	0.547298
0.8	0.54826
0.801	0.549221
0.802	0.55018
0.803	0.551137
0.804	0.552091
0.805	0.553044
0.806	0.553995
0.807	0.554944
0.808	0.555891
0.809	0.556835
0.81	0.557778
0.811	0.558718
0.812	0.559656
0.813	0.560593
0.814	0.561527
0.815	0.562458
0.816	0.563388
0.817	0.564315
0.818	0.56524
0.819	0.566163
0.82	0.567083
0.821	0.568002
0.822	0.568917
0.823	0.569831
0.824	0.570742
0.825	0.571651
0.826	0.572557
0.827	0.573462
0.828	0.574363
0.829	0.575262
0.83	0.576159
0.831	0.577054
0.832	0.577946
0.833	0.578835
0.834	0.579722
0.835	0.580606
0.836	0.581488
0.837	0.582368
0.838	0.583245
0.839	0.584119
0.84	0.584991
0.841	0.58586
0.842	0.586727
0.843	0.587591
0.844	0.588453
0.845	0.589312
0.846	0.590168
0.847	0.591022
0.848	0.591874
0.849	0.592722
0.85	0.593569
0.851	0.594412
0.852	0.595253
0.853	0.596092
0.854	0.596927
0.855	0.59776
0.856	0.598591
0.857	0.599419
0.858	0.600245
0.859	0.601067
0.86	0.601888
0.861	0.602705
0.862	0.603521
0.863	0.604333
0.864	0.605143
0.865	0.605951
0.866	0.606756
0.867	0.607558
0.868	0.608358
0.869	0.609156
0.87	0.609951
0.871	0.610743
0.872	0.611533
0.873	0.612321
0.874	0.613106
0.875	0.613889
0.876	0.614669
0.877	0.615447
0.878	0.616223
0.879	0.616996
0.88	0.617767
0.881	0.618536
0.882	0.619303
0.883	0.620067
0.884	0.620829
0.885	0.621589
0.886	0.622347
0.887	0.623103
0.888	0.623857
0.889	0.624608
0.89	0.625358
0.891	0.626105
0.892	0.626851
0.893	0.627595
0.894	0.628337
0.895	0.629077
0.896	0.629815
0.897	0.630552
0.898	0.631286
0.899	0.63202
0.9	0.632751
0.901	0.633481
0.902	0.63421
0.903	0.634937
0.904	0.635662
0.905	0.636386
0.906	0.637109
0.907	0.637831
0.908	0.638551
0.909	0.63927
0.91	0.639989
0.911	0.640706
0.912	0.641422
0.913	0.642137
0.914	0.642852
0.915	0.643565
0.916	0.644278
0.917	0.64499
0.918	0.645702
0.919	0.646413
0.92	0.647124
0.921	0.647834
0.922	0.648544
0.923	0.649254
0.924	0.649964
0.925	0.650674
0.926	0.651383
0.927	0.652093
0.928	0.652803
0.929	0.653514
0.93	0.654224
0.931	0.654935
0.932	0.655647
0.933	0.65636
0.934	0.657073
0.935	0.657787
0.936	0.658501
0.937	0.659217
0.938	0.659934
0.939	0.660653
0.94	0.661372
0.941	0.662093
0.942	0.662816
0.943	0.66354
0.944	0.664266
0.945	0.664994
0.946	0.665724
0.947	0.666456
0.948	0.667191
0.949	0.667927
0.95	0.668666
0.951	0.669408
0.952	0.670153
0.953	0.6709
0.954	0.67165
0.955	0.672404
0.956	0.67316
0.957	0.67392
0.958	0.674684
0.959	0.675451
0.96	0.676222
0.961	0.676997
0.962	0.677776
0.963	0.67856
0.964	0.679347
0.965	0.680139
0.966	0.680936
0.967	0.681738
0.968	0.682545
0.969	0.683357
0.97	0.684174
0.971	0.684997
0.972	0.685825
0.973	0.686659
0.974	0.687499
0.975	0.688346
0.976	0.689198
0.977	0.690057
0.978	0.690923
0.979	0.691796
0.98	0.692676
0.981	0.693563
0.982	0.694457
0.983	0.695359
0.984	0.696269
0.985	0.697186
0.986	0.698112
0.987	0.699047
0.988	0.699989
0.989	0.700941
0.99	0.701902
0.991	0.702871
0.992	0.703851
0.993	0.70484
0.994	0.705838
0.995	0.706847
0.996	0.707866
0.997	0.708895
0.998	0.709935
0.999	0.710986
