# Interpolation data for function: (exp(x)-1)/(exp(1)-1)
0	-0.000547027
0.001	4.58456e-05
0.002	0.000639209
0.003	0.00123306
0.004	0.00182741
0.005	0.00242226
0.006	0.0030176
0.007	0.00361343
0.008	0.00420976
0.009	0.00480659
0.01	0.00540392
0.011	0.00600175
0.012	0.00660008
0.013	0.00719891
0.014	0.00779825
0.015	0.00839808
0.016	0.00899843
0.017	0.00959928
0.018	0.0102006
0.019	0.0108025
0.02	0.0114049
0.021	0.0120078
0.022	0.0126111
0.023	0.0132151
0.024	0.0138195
0.025	0.0144244
0.026	0.0150298
0.027	0.0156358
0.028	0.0162423
0.029	0.0168493
0.03	0.0174568
0.031	0.0180648
0.032	0.0186734
0.033	0.0192825
0.034	0.0198921
0.035	0.0205022
0.036	0.0211128
0.037	0.021724
0.038	0.0223357
0.039	0.0229479
0.04	0.0235607
0.041	0.024174
0.042	0.0247878
0.043	0.0254021
0.044	0.026017
0.045	0.0266324
0.046	0.0272483
0.047	0.0278648
0.048	0.0284818
0.049	0.0290994
0.05	0.0297175
0.051	0.0303361
0.052	0.0309553
0.053	0.031575
0.054	0.0321952
0.055	0.032816
0.056	0.0334374
0.057	0.0340592
0.058	0.0346817
0.059	0.0353047
0.06	0.0359282
0.061	0.0365522
0.062	0.0371769
0.063	0.037802
0.064	0.0384278
0.065	0.039054
0.066	0.0396809
0.067	0.0403083
0.068	0.0409362
0.069	0.0415647
0.07	0.0421937
0.071	0.0428234
0.072	0.0434535
0.073	0.0440843
0.074	0.0447155
0.075	0.0453474
0.076	0.0459798
0.077	0.0466128
0.078	0.0472464
0.079	0.0478805
0.08	0.0485151
0.081	0.0491504
0.082	0.0497862
0.083	0.0504226
0.084	0.0510596
0.085	0.0516971
0.086	0.0523352
0.087	0.0529739
0.088	0.0536131
0.089	0.054253
0.09	0.0548934
0.091	0.0555344
0.092	0.0561759
0.093	0.0568181
0.094	0.0574608
0.095	0.0581041
0.096	0.058748
0.097	0.0593924
0.098	0.0600375
0.099	0.0606831
0.1	0.0613294
0.101	0.0619762
0.102	0.0626236
0.103	0.0632716
0.104	0.0639202
0.105	0.0645694
0.106	0.0652191
0.107	0.0658695
0.108	0.0665204
0.109	0.067172
0.11	0.0678241
0.111	0.0684769
0.112	0.0691302
0.113	0.0697842
0.114	0.0704387
0.115	0.0710939
0.116	0.0717496
0.117	0.072406
0.118	0.0730629
0.119	0.0737205
0.12	0.0743786
0.121	0.0750374
0.122	0.0756968
0.123	0.0763568
0.124	0.0770174
0.125	0.0776786
0.126	0.0783404
0.127	0.0790029
0.128	0.0796659
0.129	0.0803296
0.13	0.0809939
0.131	0.0816588
0.132	0.0823243
0.133	0.0829904
0.134	0.0836572
0.135	0.0843245
0.136	0.0849925
0.137	0.0856611
0.138	0.0863304
0.139	0.0870003
0.14	0.0876707
0.141	0.0883419
0.142	0.0890136
0.143	0.089686
0.144	0.090359
0.145	0.0910326
0.146	0.0917069
0.147	0.0923818
0.148	0.0930573
0.149	0.0937335
0.15	0.0944103
0.151	0.0950877
0.152	0.0957658
0.153	0.0964445
0.154	0.0971239
0.155	0.0978039
0.156	0.0984845
0.157	0.0991658
0.158	0.0998477
0.159	0.10053
0.16	0.101213
0.161	0.101897
0.162	0.102582
0.163	0.103267
0.164	0.103953
0.165	0.104639
0.166	0.105326
0.167	0.106014
0.168	0.106702
0.169	0.107391
0.17	0.108081
0.171	0.108772
0.172	0.109463
0.173	0.110154
0.174	0.110847
0.175	0.11154
0.176	0.112233
0.177	0.112928
0.178	0.113623
0.179	0.114318
0.18	0.115015
0.181	0.115712
0.182	0.116409
0.183	0.117107
0.184	0.117806
0.185	0.118506
0.186	0.119206
0.187	0.119907
0.188	0.120609
0.189	0.121311
0.19	0.122014
0.191	0.122718
0.192	0.123422
0.193	0.124128
0.194	0.124833
0.195	0.12554
0.196	0.126247
0.197	0.126954
0.198	0.127663
0.199	0.128372
0.2	0.129082
0.201	0.129792
0.202	0.130503
0.203	0.131215
0.204	0.131928
0.205	0.132641
0.206	0.133355
0.207	0.13407
0.208	0.134785
0.209	0.135501
0.21	0.136218
0.211	0.136935
0.212	0.137653
0.213	0.138372
0.214	0.139091
0.215	0.139812
0.216	0.140533
0.217	0.141254
0.218	0.141976
0.219	0.142699
0.22	0.143423
0.221	0.144147
0.222	0.144873
0.223	0.145598
0.224	0.146325
0.225	0.147052
0.226	0.14778
0.227	0.148509
0.228	0.149238
0.229	0.149968
0.23	0.150699
0.231	0.15143
0.232	0.152163
0.233	0.152895
0.234	0.153629
0.235	0.154363
0.236	0.155099
0.237	0.155834
0.238	0.156571
0.239	0.157308
0.24	0.158046
0.241	0.158785
0.242	0.159524
0.243	0.160264
0.244	0.161005
0.245	0.161747
0.246	0.162489
0.247	0.163232
0.248	0.163976
0.249	0.16472
0.25	0.165466
0.251	0.166212
0.252	0.166958
0.253	0.167706
0.254	0.168454
0.255	0.169203
0.256	0.169952
0.257	0.170703
0.258	0.171454
0.259	0.172206
0.26	0.172959
0.261	0.173712
0.262	0.174466
0.263	0.175221
0.264	0.175976
0.265	0.176733
0.266	0.17749
0.267	0.178248
0.268	0.179006
0.269	0.179766
0.27	0.180526
0.271	0.181287
0.272	0.182048
0.273	0.182811
0.274	0.183574
0.275	0.184338
0.276	0.185102
0.277	0.185868
0.278	0.186634
0.279	0.187401
0.28	0.188168
0.281	0.188937
0.282	0.189706
0.283	0.190476
0.284	0.191247
0.285	0.192018
0.286	0.19279
0.287	0.193563
0.288	0.194337
0.289	0.195112
0.29	0.195887
0.291	0.196663
0.292	0.19744
0.293	0.198218
0.294	0.198996
0.295	0.199775
0.296	0.200555
0.297	0.201336
0.298	0.202118
0.299	0.2029
0.3	0.203683
0.301	0.204467
0.302	0.205252
0.303	0.206037
0.304	0.206823
0.305	0.207611
0.306	0.208398
0.307	0.209187
0.308	0.209976
0.309	0.210767
0.31	0.211557
0.311	0.212349
0.312	0.213142
0.313	0.213935
0.314	0.214729
0.315	0.215524
0.316	0.21632
0.317	0.217117
0.318	0.217914
0.319	0.218712
0.32	0.219511
0.321	0.220311
0.322	0.221111
0.323	0.221913
0.324	0.222715
0.325	0.223518
0.326	0.224321
0.327	0.225126
0.328	0.225931
0.329	0.226738
0.33	0.227545
0.331	0.228352
0.332	0.229161
0.333	0.22997
0.334	0.230781
0.335	0.231592
0.336	0.232404
0.337	0.233216
0.338	0.23403
0.339	0.234844
0.34	0.235659
0.341	0.236475
0.342	0.237292
0.343	0.23811
0.344	0.238928
0.345	0.239748
0.346	0.240568
0.347	0.241389
0.348	0.24221
0.349	0.243033
0.35	0.243856
0.351	0.244681
0.352	0.245506
0.353	0.246332
0.354	0.247158
0.355	0.247986
0.356	0.248814
0.357	0.249643
0.358	0.250474
0.359	0.251304
0.36	0.252136
0.361	0.252969
0.362	0.253802
0.363	0.254637
0.364	0.255472
0.365	0.256308
0.366	0.257145
0.367	0.257982
0.368	0.258821
0.369	0.25966
0.37	0.2605
0.371	0.261341
0.372	0.262183
0.373	0.263026
0.374	0.26387
0.375	0.264714
0.376	0.265559
0.377	0.266406
0.378	0.267253
0.379	0.268101
0.38	0.268949
0.381	0.269799
0.382	0.270649
0.383	0.271501
0.384	0.272353
0.385	0.273206
0.386	0.27406
0.387	0.274915
0.388	0.27577
0.389	0.276627
0.39	0.277484
0.391	0.278343
0.392	0.279202
0.393	0.280062
0.394	0.280923
0.395	0.281785
0.396	0.282647
0.397	0.283511
0.398	0.284375
0.399	0.28524
0.4	0.286106
0.401	0.286973
0.402	0.287841
0.403	0.28871
0.404	0.28958
0.405	0.29045
0.406	0.291322
0.407	0.292194
0.408	0.293067
0.409	0.293941
0.41	0.294816
0.411	0.295692
0.412	0.296569
0.413	0.297447
0.414	0.298325
0.415	0.299205
0.416	0.300085
0.417	0.300966
0.418	0.301848
0.419	0.302731
0.42	0.303615
0.421	0.3045
0.422	0.305386
0.423	0.306273
0.424	0.30716
0.425	0.308048
0.426	0.308938
0.427	0.309828
0.428	0.310719
0.429	0.311611
0.43	0.312504
0.431	0.313398
0.432	0.314293
0.433	0.315188
0.434	0.316085
0.435	0.316983
0.436	0.317881
0.437	0.31878
0.438	0.319681
0.439	0.320582
0.44	0.321484
0.441	0.322387
0.442	0.323291
0.443	0.324196
0.444	0.325101
0.445	0.326008
0.446	0.326916
0.447	0.327824
0.448	0.328734
0.449	0.329644
0.45	0.330555
0.451	0.331468
0.452	0.332381
0.453	0.333295
0.454	0.33421
0.455	0.335126
0.456	0.336043
0.457	0.336961
0.458	0.337879
0.459	0.338799
0.46	0.33972
0.461	0.340641
0.462	0.341564
0.463	0.342487
0.464	0.343412
0.465	0.344337
0.466	0.345263
0.467	0.34619
0.468	0.347119
0.469	0.348048
0.47	0.348978
0.471	0.349909
0.472	0.350841
0.473	0.351774
0.474	0.352707
0.475	0.353642
0.476	0.354578
0.477	0.355515
0.478	0.356452
0.479	0.357391
0.48	0.358331
0.481	0.359271
0.482	0.360213
0.483	0.361155
0.484	0.362099
0.485	0.363043
0.486	0.363988
0.487	0.364935
0.488	0.365882
0.489	0.36683
0.49	0.367779
0.491	0.368729
0.492	0.36968
0.493	0.370633
0.494	0.371586
0.495	0.37254
0.496	0.373495
0.497	0.374451
0.498	0.375408
0.499	0.376366
0.5	0.377324
0.501	0.378284
0.502	0.379245
0.503	0.380207
0.504	0.38117
0.505	0.382134
0.506	0.383099
0.507	0.384064
0.508	0.385031
0.509	0.385999
0.51	0.386967
0.511	0.387937
0.512	0.388908
0.513	0.38988
0.514	0.390852
0.515	0.391826
0.516	0.392801
0.517	0.393776
0.518	0.394753
0.519	0.39573
0.52	0.396709
0.521	0.397689
0.522	0.398669
0.523	0.399651
0.524	0.400634
0.525	0.401617
0.526	0.402602
0.527	0.403587
0.528	0.404574
0.529	0.405562
0.53	0.40655
0.531	0.40754
0.532	0.408531
0.533	0.409522
0.534	0.410515
0.535	0.411509
0.536	0.412503
0.537	0.413499
0.538	0.414496
0.539	0.415493
0.54	0.416492
0.541	0.417492
0.542	0.418493
0.543	0.419495
0.544	0.420497
0.545	0.421501
0.546	0.422506
0.547	0.423512
0.548	0.424519
0.549	0.425527
0.55	0.426536
0.551	0.427546
0.552	0.428557
0.553	0.429569
0.554	0.430582
0.555	0.431596
0.556	0.432611
0.557	0.433627
0.558	0.434644
0.559	0.435662
0.56	0.436682
0.561	0.437702
0.562	0.438723
0.563	0.439745
0.564	0.440769
0.565	0.441793
0.566	0.442819
0.567	0.443845
0.568	0.444873
0.569	0.445901
0.57	0.446931
0.571	0.447962
0.572	0.448993
0.573	0.450026
0.574	0.45106
0.575	0.452095
0.576	0.453131
0.577	0.454168
0.578	0.455206
0.579	0.456245
0.58	0.457285
0.581	0.458326
0.582	0.459368
0.583	0.460412
0.584	0.461456
0.585	0.462501
0.586	0.463548
0.587	0.464595
0.588	0.465644
0.589	0.466694
0.59	0.467744
0.591	0.468796
0.592	0.469849
0.593	0.470903
0.594	0.471958
0.595	0.473014
0.596	0.474071
0.597	0.475129
0.598	0.476189
0.599	0.477249
0.6	0.47831
0.601	0.479373
0.602	0.480436
0.603	0.481501
0.604	0.482567
0.605	0.483633
0.606	0.484701
0.607	0.48577
0.608	0.48684
0.609	0.487911
0.61	0.488984
0.611	0.490057
0.612	0.491131
0.613	0.492207
0.614	0.493283
0.615	0.494361
0.616	0.495439
0.617	0.496519
0.618	0.4976
0.619	0.498682
0.62	0.499765
0.621	0.500849
0.622	0.501935
0.623	0.503021
0.624	0.504108
0.625	0.505197
0.626	0.506287
0.627	0.507377
0.628	0.508469
0.629	0.509562
0.63	0.510656
0.631	0.511751
0.632	0.512848
0.633	0.513945
0.634	0.515043
0.635	0.516143
0.636	0.517244
0.637	0.518345
0.638	0.519448
0.639	0.520552
0.64	0.521657
0.641	0.522764
0.642	0.523871
0.643	0.52498
0.644	0.526089
0.645	0.5272
0.646	0.528312
0.647	0.529425
0.648	0.530539
0.649	0.531654
0.65	0.53277
0.651	0.533887
0.652	0.535006
0.653	0.536126
0.654	0.537246
0.655	0.538368
0.656	0.539491
0.657	0.540616
0.658	0.541741
0.659	0.542867
0.66	0.543995
0.661	0.545124
0.662	0.546253
0.663	0.547384
0.664	0.548517
0.665	0.54965
0.666	0.550784
0.667	0.55192
0.668	0.553056
0.669	0.554194
0.67	0.555333
0.671	0.556473
0.672	0.557614
0.673	0.558757
0.674	0.5599
0.675	0.561045
0.676	0.562191
0.677	0.563338
0.678	0.564486
0.679	0.565635
0.68	0.566785
0.681	0.567937
0.682	0.56909
0.683	0.570244
0.684	0.571399
0.685	0.572555
0.686	0.573712
0.687	0.574871
0.688	0.57603
0.689	0.577191
0.69	0.578353
0.691	0.579516
0.692	0.58068
0.693	0.581846
0.694	0.583012
0.695	0.58418
0.696	0.585349
0.697	0.586519
0.698	0.587691
0.699	0.588863
0.7	0.590037
0.701	0.591211
0.702	0.592387
0.703	0.593565
0.704	0.594743
0.705	0.595922
0.706	0.597103
0.707	0.598285
0.708	0.599468
0.709	0.600652
0.71	0.601837
0.711	0.603024
0.712	0.604212
0.713	0.605401
0.714	0.606591
0.715	0.607782
0.716	0.608975
0.717	0.610168
0.718	0.611363
0.719	0.612559
0.72	0.613756
0.721	0.614955
0.722	0.616154
0.723	0.617355
0.724	0.618557
0.725	0.61976
0.726	0.620965
0.727	0.62217
0.728	0.623377
0.729	0.624585
0.73	0.625794
0.731	0.627005
0.732	0.628216
0.733	0.629429
0.734	0.630643
0.735	0.631858
0.736	0.633075
0.737	0.634292
0.738	0.635511
0.739	0.636731
0.74	0.637953
0.741	0.639175
0.742	0.640399
0.743	0.641623
0.744	0.64285
0.745	0.644077
0.746	0.645305
0.747	0.646535
0.748	0.647766
0.749	0.648998
0.75	0.650232
0.751	0.651466
0.752	0.652702
0.753	0.653939
0.754	0.655177
0.755	0.656417
0.756	0.657658
0.757	0.6589
0.758	0.660143
0.759	0.661387
0.76	0.662633
0.761	0.66388
0.762	0.665128
0.763	0.666377
0.764	0.667628
0.765	0.668879
0.766	0.670132
0.767	0.671387
0.768	0.672642
0.769	0.673899
0.77	0.675157
0.771	0.676416
0.772	0.677676
0.773	0.678938
0.774	0.680201
0.775	0.681465
0.776	0.682731
0.777	0.683997
0.778	0.685265
0.779	0.686534
0.78	0.687805
0.781	0.689076
0.782	0.690349
0.783	0.691624
0.784	0.692899
0.785	0.694176
0.786	0.695454
0.787	0.696733
0.788	0.698013
0.789	0.699295
0.79	0.700578
0.791	0.701862
0.792	0.703147
0.793	0.704434
0.794	0.705722
0.795	0.707011
0.796	0.708302
0.797	0.709594
0.798	0.710887
0.799	0.712181
0.8	0.713477
0.801	0.714773
0.802	0.716072
0.803	0.717371
0.804	0.718672
0.805	0.719974
0.806	0.721277
0.807	0.722581
0.808	0.723887
0.809	0.725194
0.81	0.726502
0.811	0.727812
0.812	0.729123
0.813	0.730435
0.814	0.731748
0.815	0.733063
0.816	0.734379
0.817	0.735696
0.818	0.737015
0.819	0.738335
0.82	0.739656
0.821	0.740978
0.822	0.742302
0.823	0.743627
0.824	0.744953
0.825	0.746281
0.826	0.74761
0.827	0.74894
0.828	0.750271
0.829	0.751604
0.83	0.752938
0.831	0.754274
0.832	0.75561
0.833	0.756948
0.834	0.758287
0.835	0.759628
0.836	0.76097
0.837	0.762313
0.838	0.763657
0.839	0.765003
0.84	0.76635
0.841	0.767699
0.842	0.769048
0.843	0.770399
0.844	0.771752
0.845	0.773105
0.846	0.77446
0.847	0.775817
0.848	0.777174
0.849	0.778533
0.85	0.779893
0.851	0.781255
0.852	0.782618
0.853	0.783982
0.854	0.785347
0.855	0.786714
0.856	0.788082
0.857	0.789452
0.858	0.790822
0.859	0.792194
0.86	0.793568
0.861	0.794943
0.862	0.796319
0.863	0.797696
0.864	0.799075
0.865	0.800455
0.866	0.801836
0.867	0.803219
0.868	0.804603
0.869	0.805988
0.87	0.807375
0.871	0.808763
0.872	0.810153
0.873	0.811543
0.874	0.812935
0.875	0.814329
0.876	0.815724
0.877	0.81712
0.878	0.818517
0.879	0.819916
0.88	0.821316
0.881	0.822718
0.882	0.82412
0.883	0.825525
0.884	0.82693
0.885	0.828337
0.886	0.829745
0.887	0.831155
0.888	0.832566
0.889	0.833978
0.89	0.835392
0.891	0.836807
0.892	0.838223
0.893	0.839641
0.894	0.84106
0.895	0.84248
0.896	0.843902
0.897	0.845325
0.898	0.84675
0.899	0.848176
0.9	0.849603
0.901	0.851032
0.902	0.852462
0.903	0.853893
0.904	0.855326
0.905	0.85676
0.906	0.858195
0.907	0.859632
0.908	0.86107
0.909	0.86251
0.91	0.863951
0.911	0.865393
0.912	0.866837
0.913	0.868282
0.914	0.869728
0.915	0.871176
0.916	0.872626
0.917	0.874076
0.918	0.875528
0.919	0.876982
0.92	0.878436
0.921	0.879892
0.922	0.88135
0.923	0.882809
0.924	0.884269
0.925	0.885731
0.926	0.887194
0.927	0.888658
0.928	0.890124
0.929	0.891592
0.93	0.89306
0.931	0.89453
0.932	0.896002
0.933	0.897475
0.934	0.898949
0.935	0.900424
0.936	0.901902
0.937	0.90338
0.938	0.90486
0.939	0.906341
0.94	0.907824
0.941	0.909308
0.942	0.910793
0.943	0.91228
0.944	0.913768
0.945	0.915258
0.946	0.916749
0.947	0.918242
0.948	0.919736
0.949	0.921231
0.95	0.922728
0.951	0.924226
0.952	0.925725
0.953	0.927226
0.954	0.928729
0.955	0.930233
0.956	0.931738
0.957	0.933245
0.958	0.934753
0.959	0.936262
0.96	0.937773
0.961	0.939285
0.962	0.940799
0.963	0.942314
0.964	0.943831
0.965	0.945349
0.966	0.946869
0.967	0.94839
0.968	0.949912
0.969	0.951436
0.97	0.952961
0.971	0.954488
0.972	0.956016
0.973	0.957545
0.974	0.959076
0.975	0.960609
0.976	0.962142
0.977	0.963678
0.978	0.965214
0.979	0.966753
0.98	0.968292
0.981	0.969833
0.982	0.971376
0.983	0.97292
0.984	0.974465
0.985	0.976012
0.986	0.97756
0.987	0.97911
0.988	0.980661
0.989	0.982214
0.99	0.983768
0.991	0.985323
0.992	0.98688
0.993	0.988439
0.994	0.989999
0.995	0.99156
0.996	0.993123
0.997	0.994687
0.998	0.996253
0.999	0.99782
