# Interpolation data for function: (exp(x)-1)/(exp(1)-1)
0	-1.40027e-06
0.001	0.000580925
0.002	0.00116383
0.003	0.00174732
0.004	0.00233139
0.005	0.00291605
0.006	0.00350128
0.007	0.00408711
0.008	0.00467352
0.009	0.00526051
0.01	0.00584809
0.011	0.00643626
0.012	0.00702501
0.013	0.00761435
0.014	0.00820428
0.015	0.0087948
0.016	0.00938591
0.017	0.00997761
0.018	0.0105699
0.019	0.0111628
0.02	0.0117563
0.021	0.0123503
0.022	0.012945
0.023	0.0135402
0.024	0.0141361
0.025	0.0147325
0.026	0.0153296
0.027	0.0159272
0.028	0.0165255
0.029	0.0171243
0.03	0.0177237
0.031	0.0183237
0.032	0.0189244
0.033	0.0195256
0.034	0.0201274
0.035	0.0207299
0.036	0.0213329
0.037	0.0219365
0.038	0.0225408
0.039	0.0231456
0.04	0.0237511
0.041	0.0243571
0.042	0.0249638
0.043	0.025571
0.044	0.0261789
0.045	0.0267874
0.046	0.0273965
0.047	0.0280062
0.048	0.0286165
0.049	0.0292274
0.05	0.0298389
0.051	0.0304511
0.052	0.0310638
0.053	0.0316772
0.054	0.0322911
0.055	0.0329057
0.056	0.0335209
0.057	0.0341367
0.058	0.0347532
0.059	0.0353702
0.06	0.0359879
0.061	0.0366062
0.062	0.0372251
0.063	0.0378446
0.064	0.0384647
0.065	0.0390855
0.066	0.0397069
0.067	0.0403289
0.068	0.0409515
0.069	0.0415747
0.07	0.0421986
0.071	0.0428231
0.072	0.0434482
0.073	0.044074
0.074	0.0447003
0.075	0.0453273
0.076	0.0459549
0.077	0.0465832
0.078	0.0472121
0.079	0.0478416
0.08	0.0484717
0.081	0.0491025
0.082	0.0497339
0.083	0.0503659
0.084	0.0509986
0.085	0.0516319
0.086	0.0522658
0.087	0.0529003
0.088	0.0535355
0.089	0.0541714
0.09	0.0548078
0.091	0.0554449
0.092	0.0560827
0.093	0.056721
0.094	0.0573601
0.095	0.0579997
0.096	0.05864
0.097	0.0592809
0.098	0.0599225
0.099	0.0605647
0.1	0.0612076
0.101	0.0618511
0.102	0.0624952
0.103	0.06314
0.104	0.0637855
0.105	0.0644315
0.106	0.0650783
0.107	0.0657256
0.108	0.0663737
0.109	0.0670223
0.11	0.0676716
0.111	0.0683216
0.112	0.0689722
0.113	0.0696235
0.114	0.0702754
0.115	0.070928
0.116	0.0715812
0.117	0.0722351
0.118	0.0728896
0.119	0.0735448
0.12	0.0742006
0.121	0.0748571
0.122	0.0755143
0.123	0.0761721
0.124	0.0768306
0.125	0.0774897
0.126	0.0781495
0.127	0.0788099
0.128	0.079471
0.129	0.0801328
0.13	0.0807953
0.131	0.0814583
0.132	0.0821221
0.133	0.0827865
0.134	0.0834516
0.135	0.0841174
0.136	0.0847838
0.137	0.0854509
0.138	0.0861186
0.139	0.086787
0.14	0.0874561
0.141	0.0881259
0.142	0.0887963
0.143	0.0894674
0.144	0.0901392
0.145	0.0908116
0.146	0.0914847
0.147	0.0921585
0.148	0.092833
0.149	0.0935081
0.15	0.0941839
0.151	0.0948604
0.152	0.0955376
0.153	0.0962154
0.154	0.096894
0.155	0.0975732
0.156	0.0982531
0.157	0.0989336
0.158	0.0996149
0.159	0.100297
0.16	0.100979
0.161	0.101663
0.162	0.102347
0.163	0.103031
0.164	0.103717
0.165	0.104403
0.166	0.105089
0.167	0.105777
0.168	0.106465
0.169	0.107154
0.17	0.107843
0.171	0.108533
0.172	0.109224
0.173	0.109916
0.174	0.110608
0.175	0.111301
0.176	0.111994
0.177	0.112689
0.178	0.113384
0.179	0.114079
0.18	0.114776
0.181	0.115473
0.182	0.116171
0.183	0.116869
0.184	0.117568
0.185	0.118268
0.186	0.118969
0.187	0.11967
0.188	0.120372
0.189	0.121075
0.19	0.121778
0.191	0.122482
0.192	0.123187
0.193	0.123893
0.194	0.124599
0.195	0.125306
0.196	0.126013
0.197	0.126722
0.198	0.127431
0.199	0.128141
0.2	0.128851
0.201	0.129562
0.202	0.130274
0.203	0.130987
0.204	0.1317
0.205	0.132414
0.206	0.133129
0.207	0.133844
0.208	0.13456
0.209	0.135277
0.21	0.135995
0.211	0.136713
0.212	0.137432
0.213	0.138152
0.214	0.138873
0.215	0.139594
0.216	0.140316
0.217	0.141038
0.218	0.141762
0.219	0.142486
0.22	0.143211
0.221	0.143936
0.222	0.144662
0.223	0.145389
0.224	0.146117
0.225	0.146846
0.226	0.147575
0.227	0.148305
0.228	0.149035
0.229	0.149767
0.23	0.150499
0.231	0.151232
0.232	0.151965
0.233	0.152699
0.234	0.153435
0.235	0.15417
0.236	0.154907
0.237	0.155644
0.238	0.156382
0.239	0.157121
0.24	0.15786
0.241	0.1586
0.242	0.159341
0.243	0.160083
0.244	0.160826
0.245	0.161569
0.246	0.162313
0.247	0.163057
0.248	0.163803
0.249	0.164549
0.25	0.165296
0.251	0.166043
0.252	0.166792
0.253	0.167541
0.254	0.168291
0.255	0.169041
0.256	0.169793
0.257	0.170545
0.258	0.171298
0.259	0.172052
0.26	0.172806
0.261	0.173561
0.262	0.174317
0.263	0.175074
0.264	0.175831
0.265	0.176589
0.266	0.177348
0.267	0.178108
0.268	0.178868
0.269	0.17963
0.27	0.180392
0.271	0.181154
0.272	0.181918
0.273	0.182682
0.274	0.183447
0.275	0.184213
0.276	0.18498
0.277	0.185747
0.278	0.186515
0.279	0.187284
0.28	0.188054
0.281	0.188824
0.282	0.189595
0.283	0.190367
0.284	0.19114
0.285	0.191913
0.286	0.192688
0.287	0.193463
0.288	0.194239
0.289	0.195015
0.29	0.195793
0.291	0.196571
0.292	0.19735
0.293	0.198129
0.294	0.19891
0.295	0.199691
0.296	0.200473
0.297	0.201256
0.298	0.20204
0.299	0.202824
0.3	0.203609
0.301	0.204395
0.302	0.205182
0.303	0.20597
0.304	0.206758
0.305	0.207547
0.306	0.208337
0.307	0.209128
0.308	0.209919
0.309	0.210711
0.31	0.211505
0.311	0.212298
0.312	0.213093
0.313	0.213889
0.314	0.214685
0.315	0.215482
0.316	0.21628
0.317	0.217078
0.318	0.217878
0.319	0.218678
0.32	0.219479
0.321	0.220281
0.322	0.221084
0.323	0.221887
0.324	0.222691
0.325	0.223497
0.326	0.224302
0.327	0.225109
0.328	0.225917
0.329	0.226725
0.33	0.227534
0.331	0.228344
0.332	0.229155
0.333	0.229966
0.334	0.230779
0.335	0.231592
0.336	0.232406
0.337	0.233221
0.338	0.234036
0.339	0.234853
0.34	0.23567
0.341	0.236488
0.342	0.237307
0.343	0.238126
0.344	0.238947
0.345	0.239768
0.346	0.24059
0.347	0.241413
0.348	0.242237
0.349	0.243062
0.35	0.243887
0.351	0.244714
0.352	0.245541
0.353	0.246369
0.354	0.247197
0.355	0.248027
0.356	0.248857
0.357	0.249689
0.358	0.250521
0.359	0.251354
0.36	0.252187
0.361	0.253022
0.362	0.253857
0.363	0.254694
0.364	0.255531
0.365	0.256369
0.366	0.257208
0.367	0.258047
0.368	0.258888
0.369	0.259729
0.37	0.260571
0.371	0.261414
0.372	0.262258
0.373	0.263102
0.374	0.263948
0.375	0.264794
0.376	0.265642
0.377	0.26649
0.378	0.267339
0.379	0.268188
0.38	0.269039
0.381	0.26989
0.382	0.270743
0.383	0.271596
0.384	0.27245
0.385	0.273305
0.386	0.27416
0.387	0.275017
0.388	0.275874
0.389	0.276733
0.39	0.277592
0.391	0.278452
0.392	0.279313
0.393	0.280174
0.394	0.281037
0.395	0.2819
0.396	0.282765
0.397	0.28363
0.398	0.284496
0.399	0.285363
0.4	0.286231
0.401	0.287099
0.402	0.287969
0.403	0.288839
0.404	0.28971
0.405	0.290583
0.406	0.291456
0.407	0.292329
0.408	0.293204
0.409	0.29408
0.41	0.294956
0.411	0.295834
0.412	0.296712
0.413	0.297591
0.414	0.298471
0.415	0.299352
0.416	0.300234
0.417	0.301116
0.418	0.302
0.419	0.302884
0.42	0.30377
0.421	0.304656
0.422	0.305543
0.423	0.306431
0.424	0.30732
0.425	0.30821
0.426	0.3091
0.427	0.309992
0.428	0.310884
0.429	0.311777
0.43	0.312672
0.431	0.313567
0.432	0.314463
0.433	0.31536
0.434	0.316257
0.435	0.317156
0.436	0.318056
0.437	0.318956
0.438	0.319858
0.439	0.32076
0.44	0.321663
0.441	0.322567
0.442	0.323472
0.443	0.324378
0.444	0.325285
0.445	0.326193
0.446	0.327101
0.447	0.328011
0.448	0.328921
0.449	0.329833
0.45	0.330745
0.451	0.331658
0.452	0.332572
0.453	0.333487
0.454	0.334403
0.455	0.33532
0.456	0.336238
0.457	0.337156
0.458	0.338076
0.459	0.338996
0.46	0.339918
0.461	0.34084
0.462	0.341763
0.463	0.342688
0.464	0.343613
0.465	0.344539
0.466	0.345466
0.467	0.346394
0.468	0.347323
0.469	0.348252
0.47	0.349183
0.471	0.350115
0.472	0.351047
0.473	0.351981
0.474	0.352915
0.475	0.353851
0.476	0.354787
0.477	0.355724
0.478	0.356662
0.479	0.357601
0.48	0.358541
0.481	0.359482
0.482	0.360424
0.483	0.361367
0.484	0.362311
0.485	0.363256
0.486	0.364201
0.487	0.365148
0.488	0.366096
0.489	0.367044
0.49	0.367994
0.491	0.368944
0.492	0.369896
0.493	0.370848
0.494	0.371801
0.495	0.372756
0.496	0.373711
0.497	0.374667
0.498	0.375624
0.499	0.376582
0.5	0.377541
0.501	0.378501
0.502	0.379462
0.503	0.380424
0.504	0.381387
0.505	0.382351
0.506	0.383316
0.507	0.384281
0.508	0.385248
0.509	0.386216
0.51	0.387184
0.511	0.388154
0.512	0.389125
0.513	0.390096
0.514	0.391069
0.515	0.392042
0.516	0.393017
0.517	0.393992
0.518	0.394969
0.519	0.395946
0.52	0.396925
0.521	0.397904
0.522	0.398884
0.523	0.399866
0.524	0.400848
0.525	0.401831
0.526	0.402816
0.527	0.403801
0.528	0.404787
0.529	0.405775
0.53	0.406763
0.531	0.407752
0.532	0.408742
0.533	0.409733
0.534	0.410726
0.535	0.411719
0.536	0.412713
0.537	0.413708
0.538	0.414704
0.539	0.415702
0.54	0.4167
0.541	0.417699
0.542	0.418699
0.543	0.4197
0.544	0.420702
0.545	0.421706
0.546	0.42271
0.547	0.423715
0.548	0.424721
0.549	0.425728
0.55	0.426737
0.551	0.427746
0.552	0.428756
0.553	0.429767
0.554	0.430779
0.555	0.431793
0.556	0.432807
0.557	0.433822
0.558	0.434839
0.559	0.435856
0.56	0.436874
0.561	0.437894
0.562	0.438914
0.563	0.439935
0.564	0.440958
0.565	0.441981
0.566	0.443006
0.567	0.444031
0.568	0.445058
0.569	0.446085
0.57	0.447114
0.571	0.448143
0.572	0.449174
0.573	0.450206
0.574	0.451238
0.575	0.452272
0.576	0.453307
0.577	0.454343
0.578	0.45538
0.579	0.456417
0.58	0.457456
0.581	0.458496
0.582	0.459537
0.583	0.460579
0.584	0.461622
0.585	0.462666
0.586	0.463712
0.587	0.464758
0.588	0.465805
0.589	0.466853
0.59	0.467903
0.591	0.468953
0.592	0.470005
0.593	0.471057
0.594	0.472111
0.595	0.473165
0.596	0.474221
0.597	0.475278
0.598	0.476335
0.599	0.477394
0.6	0.478454
0.601	0.479515
0.602	0.480577
0.603	0.48164
0.604	0.482704
0.605	0.48377
0.606	0.484836
0.607	0.485903
0.608	0.486972
0.609	0.488041
0.61	0.489112
0.611	0.490183
0.612	0.491256
0.613	0.49233
0.614	0.493404
0.615	0.49448
0.616	0.495557
0.617	0.496635
0.618	0.497715
0.619	0.498795
0.62	0.499876
0.621	0.500959
0.622	0.502042
0.623	0.503127
0.624	0.504212
0.625	0.505299
0.626	0.506387
0.627	0.507476
0.628	0.508566
0.629	0.509657
0.63	0.510749
0.631	0.511842
0.632	0.512936
0.633	0.514032
0.634	0.515128
0.635	0.516226
0.636	0.517325
0.637	0.518425
0.638	0.519526
0.639	0.520628
0.64	0.521731
0.641	0.522835
0.642	0.52394
0.643	0.525047
0.644	0.526155
0.645	0.527263
0.646	0.528373
0.647	0.529484
0.648	0.530596
0.649	0.531709
0.65	0.532823
0.651	0.533939
0.652	0.535055
0.653	0.536173
0.654	0.537291
0.655	0.538411
0.656	0.539532
0.657	0.540654
0.658	0.541777
0.659	0.542902
0.66	0.544027
0.661	0.545154
0.662	0.546281
0.663	0.54741
0.664	0.54854
0.665	0.549671
0.666	0.550803
0.667	0.551937
0.668	0.553071
0.669	0.554207
0.67	0.555344
0.671	0.556481
0.672	0.557621
0.673	0.558761
0.674	0.559902
0.675	0.561044
0.676	0.562188
0.677	0.563333
0.678	0.564479
0.679	0.565626
0.68	0.566774
0.681	0.567923
0.682	0.569074
0.683	0.570225
0.684	0.571378
0.685	0.572532
0.686	0.573687
0.687	0.574843
0.688	0.576001
0.689	0.577159
0.69	0.578319
0.691	0.57948
0.692	0.580642
0.693	0.581805
0.694	0.582969
0.695	0.584135
0.696	0.585302
0.697	0.586469
0.698	0.587638
0.699	0.588809
0.7	0.58998
0.701	0.591153
0.702	0.592326
0.703	0.593501
0.704	0.594677
0.705	0.595854
0.706	0.597033
0.707	0.598212
0.708	0.599393
0.709	0.600575
0.71	0.601758
0.711	0.602943
0.712	0.604128
0.713	0.605315
0.714	0.606503
0.715	0.607692
0.716	0.608882
0.717	0.610074
0.718	0.611266
0.719	0.61246
0.72	0.613655
0.721	0.614851
0.722	0.616049
0.723	0.617247
0.724	0.618447
0.725	0.619648
0.726	0.62085
0.727	0.622054
0.728	0.623259
0.729	0.624464
0.73	0.625671
0.731	0.62688
0.732	0.628089
0.733	0.6293
0.734	0.630512
0.735	0.631725
0.736	0.632939
0.737	0.634155
0.738	0.635371
0.739	0.636589
0.74	0.637808
0.741	0.639029
0.742	0.64025
0.743	0.641473
0.744	0.642697
0.745	0.643923
0.746	0.645149
0.747	0.646377
0.748	0.647606
0.749	0.648836
0.75	0.650068
0.751	0.6513
0.752	0.652534
0.753	0.653769
0.754	0.655006
0.755	0.656243
0.756	0.657482
0.757	0.658722
0.758	0.659963
0.759	0.661206
0.76	0.66245
0.761	0.663695
0.762	0.664941
0.763	0.666189
0.764	0.667437
0.765	0.668688
0.766	0.669939
0.767	0.671191
0.768	0.672445
0.769	0.6737
0.77	0.674957
0.771	0.676214
0.772	0.677473
0.773	0.678733
0.774	0.679994
0.775	0.681257
0.776	0.682521
0.777	0.683786
0.778	0.685052
0.779	0.68632
0.78	0.687589
0.781	0.688859
0.782	0.690131
0.783	0.691403
0.784	0.692677
0.785	0.693953
0.786	0.695229
0.787	0.696507
0.788	0.697786
0.789	0.699067
0.79	0.700348
0.791	0.701631
0.792	0.702916
0.793	0.704201
0.794	0.705488
0.795	0.706776
0.796	0.708065
0.797	0.709356
0.798	0.710648
0.799	0.711941
0.8	0.713236
0.801	0.714532
0.802	0.715829
0.803	0.717127
0.804	0.718427
0.805	0.719728
0.806	0.721031
0.807	0.722334
0.808	0.723639
0.809	0.724946
0.81	0.726253
0.811	0.727562
0.812	0.728872
0.813	0.730184
0.814	0.731497
0.815	0.732811
0.816	0.734126
0.817	0.735443
0.818	0.736761
0.819	0.73808
0.82	0.739401
0.821	0.740723
0.822	0.742047
0.823	0.743371
0.824	0.744697
0.825	0.746025
0.826	0.747353
0.827	0.748683
0.828	0.750015
0.829	0.751347
0.83	0.752681
0.831	0.754017
0.832	0.755353
0.833	0.756691
0.834	0.758031
0.835	0.759371
0.836	0.760713
0.837	0.762057
0.838	0.763402
0.839	0.764748
0.84	0.766095
0.841	0.767444
0.842	0.768794
0.843	0.770145
0.844	0.771498
0.845	0.772852
0.846	0.774208
0.847	0.775565
0.848	0.776923
0.849	0.778282
0.85	0.779643
0.851	0.781006
0.852	0.782369
0.853	0.783734
0.854	0.785101
0.855	0.786469
0.856	0.787838
0.857	0.789208
0.858	0.79058
0.859	0.791953
0.86	0.793328
0.861	0.794704
0.862	0.796081
0.863	0.79746
0.864	0.79884
0.865	0.800222
0.866	0.801605
0.867	0.802989
0.868	0.804375
0.869	0.805762
0.87	0.80715
0.871	0.80854
0.872	0.809931
0.873	0.811324
0.874	0.812718
0.875	0.814113
0.876	0.81551
0.877	0.816908
0.878	0.818308
0.879	0.819709
0.88	0.821111
0.881	0.822515
0.882	0.82392
0.883	0.825327
0.884	0.826735
0.885	0.828144
0.886	0.829555
0.887	0.830967
0.888	0.832381
0.889	0.833796
0.89	0.835213
0.891	0.83663
0.892	0.83805
0.893	0.839471
0.894	0.840893
0.895	0.842316
0.896	0.843741
0.897	0.845168
0.898	0.846596
0.899	0.848025
0.9	0.849456
0.901	0.850888
0.902	0.852321
0.903	0.853756
0.904	0.855193
0.905	0.856631
0.906	0.85807
0.907	0.859511
0.908	0.860953
0.909	0.862397
0.91	0.863842
0.911	0.865288
0.912	0.866736
0.913	0.868186
0.914	0.869637
0.915	0.871089
0.916	0.872543
0.917	0.873998
0.918	0.875455
0.919	0.876913
0.92	0.878372
0.921	0.879834
0.922	0.881296
0.923	0.88276
0.924	0.884226
0.925	0.885692
0.926	0.887161
0.927	0.888631
0.928	0.890102
0.929	0.891575
0.93	0.893049
0.931	0.894525
0.932	0.896002
0.933	0.897481
0.934	0.898961
0.935	0.900443
0.936	0.901926
0.937	0.903411
0.938	0.904897
0.939	0.906384
0.94	0.907873
0.941	0.909364
0.942	0.910856
0.943	0.91235
0.944	0.913845
0.945	0.915341
0.946	0.916839
0.947	0.918339
0.948	0.91984
0.949	0.921342
0.95	0.922846
0.951	0.924352
0.952	0.925859
0.953	0.927368
0.954	0.928878
0.955	0.930389
0.956	0.931902
0.957	0.933417
0.958	0.934933
0.959	0.936451
0.96	0.93797
0.961	0.939491
0.962	0.941013
0.963	0.942537
0.964	0.944062
0.965	0.945589
0.966	0.947117
0.967	0.948647
0.968	0.950178
0.969	0.951711
0.97	0.953245
0.971	0.954781
0.972	0.956319
0.973	0.957858
0.974	0.959398
0.975	0.960941
0.976	0.962484
0.977	0.964029
0.978	0.965576
0.979	0.967124
0.98	0.968674
0.981	0.970226
0.982	0.971779
0.983	0.973333
0.984	0.974889
0.985	0.976447
0.986	0.978006
0.987	0.979567
0.988	0.981129
0.989	0.982693
0.99	0.984258
0.991	0.985825
0.992	0.987394
0.993	0.988964
0.994	0.990535
0.995	0.992109
0.996	0.993683
0.997	0.99526
0.998	0.996838
0.999	0.998417
