# Interpolation data for function: (exp(x)-1)/(exp(1)-1)
0	0.00756064
0.001	0.00805646
0.002	0.00855326
0.003	0.00905104
0.004	0.00954979
0.005	0.0100495
0.006	0.0105502
0.007	0.0110519
0.008	0.0115546
0.009	0.0120582
0.01	0.0125628
0.011	0.0130684
0.012	0.013575
0.013	0.0140825
0.014	0.0145911
0.015	0.0151006
0.016	0.015611
0.017	0.0161225
0.018	0.0166349
0.019	0.0171483
0.02	0.0176627
0.021	0.0181781
0.022	0.0186944
0.023	0.0192117
0.024	0.01973
0.025	0.0202493
0.026	0.0207695
0.027	0.0212907
0.028	0.0218129
0.029	0.0223361
0.03	0.0228602
0.031	0.0233854
0.032	0.0239115
0.033	0.0244385
0.034	0.0249666
0.035	0.0254956
0.036	0.0260256
0.037	0.0265566
0.038	0.0270886
0.039	0.0276215
0.04	0.0281555
0.041	0.0286903
0.042	0.0292262
0.043	0.0297631
0.044	0.0303009
0.045	0.0308397
0.046	0.0313795
0.047	0.0319202
0.048	0.032462
0.049	0.0330047
0.05	0.0335484
0.051	0.034093
0.052	0.0346387
0.053	0.0351853
0.054	0.0357329
0.055	0.0362814
0.056	0.036831
0.057	0.0373815
0.058	0.037933
0.059	0.0384855
0.06	0.0390389
0.061	0.0395934
0.062	0.0401488
0.063	0.0407051
0.064	0.0412625
0.065	0.0418208
0.066	0.0423802
0.067	0.0429404
0.068	0.0435017
0.069	0.044064
0.07	0.0446272
0.071	0.0451914
0.072	0.0457565
0.073	0.0463227
0.074	0.0468898
0.075	0.0474579
0.076	0.048027
0.077	0.0485971
0.078	0.0491681
0.079	0.0497401
0.08	0.0503131
0.081	0.0508871
0.082	0.051462
0.083	0.0520379
0.084	0.0526148
0.085	0.0531927
0.086	0.0537715
0.087	0.0543514
0.088	0.0549322
0.089	0.055514
0.09	0.0560967
0.091	0.0566804
0.092	0.0572652
0.093	0.0578508
0.094	0.0584375
0.095	0.0590251
0.096	0.0596138
0.097	0.0602033
0.098	0.0607939
0.099	0.0613855
0.1	0.061978
0.101	0.0625715
0.102	0.063166
0.103	0.0637614
0.104	0.0643579
0.105	0.0649553
0.106	0.0655536
0.107	0.066153
0.108	0.0667533
0.109	0.0673547
0.11	0.0679569
0.111	0.0685602
0.112	0.0691645
0.113	0.0697697
0.114	0.0703759
0.115	0.0709831
0.116	0.0715912
0.117	0.0722003
0.118	0.0728104
0.119	0.0734215
0.12	0.0740336
0.121	0.0746466
0.122	0.0752606
0.123	0.0758756
0.124	0.0764916
0.125	0.0771085
0.126	0.0777265
0.127	0.0783453
0.128	0.0789652
0.129	0.0795861
0.13	0.0802079
0.131	0.0808307
0.132	0.0814545
0.133	0.0820792
0.134	0.082705
0.135	0.0833317
0.136	0.0839594
0.137	0.084588
0.138	0.0852177
0.139	0.0858483
0.14	0.0864799
0.141	0.0871125
0.142	0.087746
0.143	0.0883805
0.144	0.089016
0.145	0.0896525
0.146	0.09029
0.147	0.0909284
0.148	0.0915678
0.149	0.0922082
0.15	0.0928496
0.151	0.0934919
0.152	0.0941352
0.153	0.0947795
0.154	0.0954248
0.155	0.096071
0.156	0.0967182
0.157	0.0973664
0.158	0.0980156
0.159	0.0986658
0.16	0.0993169
0.161	0.099969
0.162	0.100622
0.163	0.101276
0.164	0.101931
0.165	0.102587
0.166	0.103244
0.167	0.103902
0.168	0.104561
0.169	0.105221
0.17	0.105882
0.171	0.106544
0.172	0.107207
0.173	0.10787
0.174	0.108535
0.175	0.109201
0.176	0.109868
0.177	0.110536
0.178	0.111204
0.179	0.111874
0.18	0.112545
0.181	0.113216
0.182	0.113889
0.183	0.114562
0.184	0.115237
0.185	0.115913
0.186	0.116589
0.187	0.117267
0.188	0.117945
0.189	0.118625
0.19	0.119305
0.191	0.119986
0.192	0.120669
0.193	0.121352
0.194	0.122036
0.195	0.122722
0.196	0.123408
0.197	0.124095
0.198	0.124784
0.199	0.125473
0.2	0.126163
0.201	0.126854
0.202	0.127546
0.203	0.12824
0.204	0.128934
0.205	0.129629
0.206	0.130325
0.207	0.131022
0.208	0.13172
0.209	0.132419
0.21	0.133119
0.211	0.13382
0.212	0.134522
0.213	0.135225
0.214	0.135928
0.215	0.136633
0.216	0.137339
0.217	0.138046
0.218	0.138754
0.219	0.139462
0.22	0.140172
0.221	0.140883
0.222	0.141595
0.223	0.142307
0.224	0.143021
0.225	0.143736
0.226	0.144451
0.227	0.145168
0.228	0.145885
0.229	0.146604
0.23	0.147323
0.231	0.148044
0.232	0.148765
0.233	0.149488
0.234	0.150211
0.235	0.150935
0.236	0.151661
0.237	0.152387
0.238	0.153114
0.239	0.153843
0.24	0.154572
0.241	0.155302
0.242	0.156034
0.243	0.156766
0.244	0.157499
0.245	0.158233
0.246	0.158968
0.247	0.159704
0.248	0.160441
0.249	0.161179
0.25	0.161918
0.251	0.162658
0.252	0.163399
0.253	0.164141
0.254	0.164884
0.255	0.165628
0.256	0.166373
0.257	0.167119
0.258	0.167866
0.259	0.168614
0.26	0.169363
0.261	0.170112
0.262	0.170863
0.263	0.171615
0.264	0.172368
0.265	0.173121
0.266	0.173876
0.267	0.174632
0.268	0.175388
0.269	0.176146
0.27	0.176904
0.271	0.177664
0.272	0.178424
0.273	0.179186
0.274	0.179948
0.275	0.180712
0.276	0.181476
0.277	0.182242
0.278	0.183008
0.279	0.183776
0.28	0.184544
0.281	0.185313
0.282	0.186083
0.283	0.186855
0.284	0.187627
0.285	0.1884
0.286	0.189174
0.287	0.18995
0.288	0.190726
0.289	0.191503
0.29	0.192281
0.291	0.19306
0.292	0.19384
0.293	0.194621
0.294	0.195403
0.295	0.196186
0.296	0.19697
0.297	0.197755
0.298	0.198541
0.299	0.199328
0.3	0.200116
0.301	0.200905
0.302	0.201695
0.303	0.202485
0.304	0.203277
0.305	0.20407
0.306	0.204864
0.307	0.205658
0.308	0.206454
0.309	0.207251
0.31	0.208048
0.311	0.208847
0.312	0.209647
0.313	0.210447
0.314	0.211249
0.315	0.212051
0.316	0.212855
0.317	0.213659
0.318	0.214465
0.319	0.215271
0.32	0.216079
0.321	0.216887
0.322	0.217696
0.323	0.218507
0.324	0.219318
0.325	0.22013
0.326	0.220943
0.327	0.221758
0.328	0.222573
0.329	0.223389
0.33	0.224206
0.331	0.225025
0.332	0.225844
0.333	0.226664
0.334	0.227485
0.335	0.228307
0.336	0.22913
0.337	0.229954
0.338	0.230779
0.339	0.231605
0.34	0.232432
0.341	0.23326
0.342	0.234089
0.343	0.234919
0.344	0.235749
0.345	0.236581
0.346	0.237414
0.347	0.238248
0.348	0.239083
0.349	0.239918
0.35	0.240755
0.351	0.241593
0.352	0.242431
0.353	0.243271
0.354	0.244112
0.355	0.244953
0.356	0.245796
0.357	0.246639
0.358	0.247484
0.359	0.24833
0.36	0.249176
0.361	0.250023
0.362	0.250872
0.363	0.251721
0.364	0.252572
0.365	0.253423
0.366	0.254275
0.367	0.255129
0.368	0.255983
0.369	0.256838
0.37	0.257695
0.371	0.258552
0.372	0.25941
0.373	0.260269
0.374	0.261129
0.375	0.26199
0.376	0.262853
0.377	0.263716
0.378	0.26458
0.379	0.265445
0.38	0.266311
0.381	0.267178
0.382	0.268046
0.383	0.268915
0.384	0.269785
0.385	0.270656
0.386	0.271527
0.387	0.2724
0.388	0.273274
0.389	0.274149
0.39	0.275025
0.391	0.275901
0.392	0.276779
0.393	0.277658
0.394	0.278538
0.395	0.279418
0.396	0.2803
0.397	0.281183
0.398	0.282066
0.399	0.282951
0.4	0.283836
0.401	0.284723
0.402	0.28561
0.403	0.286499
0.404	0.287388
0.405	0.288279
0.406	0.28917
0.407	0.290063
0.408	0.290956
0.409	0.29185
0.41	0.292746
0.411	0.293642
0.412	0.294539
0.413	0.295437
0.414	0.296337
0.415	0.297237
0.416	0.298138
0.417	0.29904
0.418	0.299943
0.419	0.300847
0.42	0.301753
0.421	0.302659
0.422	0.303566
0.423	0.304474
0.424	0.305383
0.425	0.306293
0.426	0.307204
0.427	0.308116
0.428	0.309028
0.429	0.309942
0.43	0.310857
0.431	0.311773
0.432	0.31269
0.433	0.313608
0.434	0.314526
0.435	0.315446
0.436	0.316367
0.437	0.317289
0.438	0.318211
0.439	0.319135
0.44	0.320059
0.441	0.320985
0.442	0.321912
0.443	0.322839
0.444	0.323768
0.445	0.324697
0.446	0.325628
0.447	0.326559
0.448	0.327492
0.449	0.328425
0.45	0.329359
0.451	0.330295
0.452	0.331231
0.453	0.332168
0.454	0.333107
0.455	0.334046
0.456	0.334986
0.457	0.335928
0.458	0.33687
0.459	0.337813
0.46	0.338757
0.461	0.339702
0.462	0.340648
0.463	0.341595
0.464	0.342544
0.465	0.343493
0.466	0.344443
0.467	0.345394
0.468	0.346346
0.469	0.347299
0.47	0.348252
0.471	0.349207
0.472	0.350163
0.473	0.35112
0.474	0.352078
0.475	0.353037
0.476	0.353997
0.477	0.354957
0.478	0.355919
0.479	0.356882
0.48	0.357845
0.481	0.35881
0.482	0.359776
0.483	0.360742
0.484	0.36171
0.485	0.362679
0.486	0.363648
0.487	0.364619
0.488	0.36559
0.489	0.366563
0.49	0.367536
0.491	0.368511
0.492	0.369486
0.493	0.370462
0.494	0.37144
0.495	0.372418
0.496	0.373397
0.497	0.374378
0.498	0.375359
0.499	0.376341
0.5	0.377324
0.501	0.378309
0.502	0.379294
0.503	0.38028
0.504	0.381267
0.505	0.382255
0.506	0.383244
0.507	0.384234
0.508	0.385226
0.509	0.386218
0.51	0.387211
0.511	0.388205
0.512	0.389199
0.513	0.390195
0.514	0.391192
0.515	0.39219
0.516	0.393189
0.517	0.394189
0.518	0.39519
0.519	0.396191
0.52	0.397194
0.521	0.398198
0.522	0.399203
0.523	0.400208
0.524	0.401215
0.525	0.402223
0.526	0.403231
0.527	0.404241
0.528	0.405252
0.529	0.406263
0.53	0.407276
0.531	0.408289
0.532	0.409304
0.533	0.410319
0.534	0.411336
0.535	0.412353
0.536	0.413371
0.537	0.414391
0.538	0.415411
0.539	0.416432
0.54	0.417455
0.541	0.418478
0.542	0.419502
0.543	0.420528
0.544	0.421554
0.545	0.422581
0.546	0.423609
0.547	0.424638
0.548	0.425668
0.549	0.426699
0.55	0.427731
0.551	0.428765
0.552	0.429799
0.553	0.430834
0.554	0.43187
0.555	0.432906
0.556	0.433944
0.557	0.434983
0.558	0.436023
0.559	0.437064
0.56	0.438106
0.561	0.439149
0.562	0.440193
0.563	0.441237
0.564	0.442283
0.565	0.44333
0.566	0.444377
0.567	0.445426
0.568	0.446476
0.569	0.447526
0.57	0.448578
0.571	0.449631
0.572	0.450684
0.573	0.451739
0.574	0.452794
0.575	0.453851
0.576	0.454908
0.577	0.455967
0.578	0.457026
0.579	0.458086
0.58	0.459148
0.581	0.46021
0.582	0.461273
0.583	0.462338
0.584	0.463403
0.585	0.464469
0.586	0.465537
0.587	0.466605
0.588	0.467674
0.589	0.468744
0.59	0.469815
0.591	0.470887
0.592	0.47196
0.593	0.473035
0.594	0.47411
0.595	0.475186
0.596	0.476263
0.597	0.477341
0.598	0.47842
0.599	0.479499
0.6	0.48058
0.601	0.481662
0.602	0.482745
0.603	0.483829
0.604	0.484914
0.605	0.486
0.606	0.487086
0.607	0.488174
0.608	0.489263
0.609	0.490353
0.61	0.491443
0.611	0.492535
0.612	0.493628
0.613	0.494721
0.614	0.495816
0.615	0.496911
0.616	0.498008
0.617	0.499105
0.618	0.500204
0.619	0.501303
0.62	0.502404
0.621	0.503505
0.622	0.504608
0.623	0.505711
0.624	0.506815
0.625	0.507921
0.626	0.509027
0.627	0.510134
0.628	0.511242
0.629	0.512352
0.63	0.513462
0.631	0.514573
0.632	0.515685
0.633	0.516798
0.634	0.517912
0.635	0.519028
0.636	0.520144
0.637	0.521261
0.638	0.522379
0.639	0.523498
0.64	0.524618
0.641	0.525739
0.642	0.526861
0.643	0.527984
0.644	0.529107
0.645	0.530232
0.646	0.531358
0.647	0.532485
0.648	0.533613
0.649	0.534741
0.65	0.535871
0.651	0.537002
0.652	0.538134
0.653	0.539266
0.654	0.5404
0.655	0.541535
0.656	0.54267
0.657	0.543807
0.658	0.544944
0.659	0.546083
0.66	0.547222
0.661	0.548363
0.662	0.549504
0.663	0.550647
0.664	0.55179
0.665	0.552935
0.666	0.55408
0.667	0.555226
0.668	0.556374
0.669	0.557522
0.67	0.558671
0.671	0.559822
0.672	0.560973
0.673	0.562125
0.674	0.563278
0.675	0.564432
0.676	0.565588
0.677	0.566744
0.678	0.567901
0.679	0.569059
0.68	0.570218
0.681	0.571378
0.682	0.572539
0.683	0.573701
0.684	0.574864
0.685	0.576028
0.686	0.577193
0.687	0.578359
0.688	0.579525
0.689	0.580693
0.69	0.581862
0.691	0.583032
0.692	0.584203
0.693	0.585374
0.694	0.586547
0.695	0.587721
0.696	0.588896
0.697	0.590071
0.698	0.591248
0.699	0.592425
0.7	0.593604
0.701	0.594784
0.702	0.595964
0.703	0.597146
0.704	0.598328
0.705	0.599512
0.706	0.600696
0.707	0.601881
0.708	0.603068
0.709	0.604255
0.71	0.605444
0.711	0.606633
0.712	0.607823
0.713	0.609015
0.714	0.610207
0.715	0.6114
0.716	0.612594
0.717	0.613789
0.718	0.614986
0.719	0.616183
0.72	0.617381
0.721	0.61858
0.722	0.61978
0.723	0.620981
0.724	0.622183
0.725	0.623386
0.726	0.62459
0.727	0.625795
0.728	0.627001
0.729	0.628208
0.73	0.629416
0.731	0.630625
0.732	0.631835
0.733	0.633045
0.734	0.634257
0.735	0.63547
0.736	0.636684
0.737	0.637898
0.738	0.639114
0.739	0.640331
0.74	0.641548
0.741	0.642767
0.742	0.643987
0.743	0.645207
0.744	0.646429
0.745	0.647651
0.746	0.648875
0.747	0.650099
0.748	0.651325
0.749	0.652551
0.75	0.653779
0.751	0.655007
0.752	0.656236
0.753	0.657467
0.754	0.658698
0.755	0.65993
0.756	0.661164
0.757	0.662398
0.758	0.663633
0.759	0.664869
0.76	0.666107
0.761	0.667345
0.762	0.668584
0.763	0.669824
0.764	0.671065
0.765	0.672307
0.766	0.67355
0.767	0.674794
0.768	0.676039
0.769	0.677285
0.77	0.678532
0.771	0.67978
0.772	0.681029
0.773	0.682279
0.774	0.68353
0.775	0.684782
0.776	0.686035
0.777	0.687288
0.778	0.688543
0.779	0.689799
0.78	0.691056
0.781	0.692313
0.782	0.693572
0.783	0.694832
0.784	0.696092
0.785	0.697354
0.786	0.698617
0.787	0.69988
0.788	0.701145
0.789	0.70241
0.79	0.703677
0.791	0.704944
0.792	0.706213
0.793	0.707482
0.794	0.708752
0.795	0.710024
0.796	0.711296
0.797	0.712569
0.798	0.713844
0.799	0.715119
0.8	0.716395
0.801	0.717673
0.802	0.718951
0.803	0.72023
0.804	0.72151
0.805	0.722791
0.806	0.724073
0.807	0.725357
0.808	0.726641
0.809	0.727926
0.81	0.729212
0.811	0.730499
0.812	0.731787
0.813	0.733076
0.814	0.734366
0.815	0.735657
0.816	0.736948
0.817	0.738241
0.818	0.739535
0.819	0.74083
0.82	0.742126
0.821	0.743423
0.822	0.74472
0.823	0.746019
0.824	0.747319
0.825	0.748619
0.826	0.749921
0.827	0.751224
0.828	0.752527
0.829	0.753832
0.83	0.755137
0.831	0.756444
0.832	0.757752
0.833	0.75906
0.834	0.760369
0.835	0.76168
0.836	0.762991
0.837	0.764304
0.838	0.765617
0.839	0.766931
0.84	0.768247
0.841	0.769563
0.842	0.77088
0.843	0.772199
0.844	0.773518
0.845	0.774838
0.846	0.776159
0.847	0.777482
0.848	0.778805
0.849	0.780129
0.85	0.781454
0.851	0.78278
0.852	0.784107
0.853	0.785435
0.854	0.786764
0.855	0.788094
0.856	0.789425
0.857	0.790757
0.858	0.79209
0.859	0.793424
0.86	0.794759
0.861	0.796094
0.862	0.797431
0.863	0.798769
0.864	0.800108
0.865	0.801448
0.866	0.802788
0.867	0.80413
0.868	0.805473
0.869	0.806816
0.87	0.808161
0.871	0.809507
0.872	0.810853
0.873	0.812201
0.874	0.813549
0.875	0.814899
0.876	0.816249
0.877	0.817601
0.878	0.818953
0.879	0.820307
0.88	0.821661
0.881	0.823017
0.882	0.824373
0.883	0.82573
0.884	0.827089
0.885	0.828448
0.886	0.829808
0.887	0.831169
0.888	0.832532
0.889	0.833895
0.89	0.835259
0.891	0.836624
0.892	0.83799
0.893	0.839357
0.894	0.840725
0.895	0.842094
0.896	0.843464
0.897	0.844835
0.898	0.846207
0.899	0.84758
0.9	0.848954
0.901	0.850329
0.902	0.851705
0.903	0.853082
0.904	0.85446
0.905	0.855839
0.906	0.857219
0.907	0.858599
0.908	0.859981
0.909	0.861364
0.91	0.862748
0.911	0.864132
0.912	0.865518
0.913	0.866904
0.914	0.868292
0.915	0.869681
0.916	0.87107
0.917	0.872461
0.918	0.873852
0.919	0.875245
0.92	0.876638
0.921	0.878033
0.922	0.879428
0.923	0.880825
0.924	0.882222
0.925	0.88362
0.926	0.88502
0.927	0.88642
0.928	0.887821
0.929	0.889224
0.93	0.890627
0.931	0.892031
0.932	0.893436
0.933	0.894842
0.934	0.89625
0.935	0.897658
0.936	0.899067
0.937	0.900477
0.938	0.901888
0.939	0.9033
0.94	0.904713
0.941	0.906127
0.942	0.907542
0.943	0.908958
0.944	0.910375
0.945	0.911793
0.946	0.913212
0.947	0.914631
0.948	0.916052
0.949	0.917474
0.95	0.918897
0.951	0.920321
0.952	0.921745
0.953	0.923171
0.954	0.924598
0.955	0.926025
0.956	0.927454
0.957	0.928884
0.958	0.930314
0.959	0.931746
0.96	0.933178
0.961	0.934612
0.962	0.936046
0.963	0.937482
0.964	0.938918
0.965	0.940356
0.966	0.941794
0.967	0.943233
0.968	0.944674
0.969	0.946115
0.97	0.947557
0.971	0.949001
0.972	0.950445
0.973	0.95189
0.974	0.953337
0.975	0.954784
0.976	0.956232
0.977	0.957681
0.978	0.959131
0.979	0.960582
0.98	0.962034
0.981	0.963487
0.982	0.964941
0.983	0.966396
0.984	0.967852
0.985	0.969309
0.986	0.970767
0.987	0.972226
0.988	0.973686
0.989	0.975147
0.99	0.976609
0.991	0.978072
0.992	0.979536
0.993	0.981
0.994	0.982466
0.995	0.983933
0.996	0.985401
0.997	0.986869
0.998	0.988339
0.999	0.98981
