#Function: sqrt(abs(x-1/2))
0	0.165099
1	0.2357
2	0.0692386
3	0.0471364
4	0.0428488
5	0.020197
6	0.0304102
7	0.0112159
8	0.0231341
9	0.00713249
10	0.0183384
11	0.00493283
12	0.0149274
13	0.00361227
14	0.0123693
15	0.00275711
16	0.0103749
17	0.00217141
18	0.00877282
19	0.00175253
20	0.00745552
21	0.00144245
22	0.00635183
23	0.00120636
24	0.00541287
25	0.00102234
26	0.00460402
27	0.000876046
28	0.00390011
29	0.000757741
30	0.00328251
31	0.000660648
32	0.00273719
33	0.000579925
34	0.00225351
35	0.000512039
36	0.0018234
37	0.000454362
38	0.00144081
39	0.000404907
40	0.00110138
