# Interpolation data for function: x^40
0	2.21828e-14
0.001	2.21828e-14
0.002	2.21828e-14
0.003	2.21828e-14
0.004	2.21828e-14
0.005	2.21828e-14
0.006	2.21828e-14
0.007	2.21828e-14
0.008	2.21828e-14
0.009	2.21828e-14
0.01	2.21828e-14
0.011	2.21828e-14
0.012	2.21828e-14
0.013	2.21828e-14
0.014	2.21828e-14
0.015	2.21828e-14
0.016	2.21828e-14
0.017	2.21828e-14
0.018	2.21828e-14
0.019	2.21828e-14
0.02	2.21828e-14
0.021	2.21828e-14
0.022	2.21828e-14
0.023	2.21828e-14
0.024	2.21828e-14
0.025	2.21828e-14
0.026	2.21828e-14
0.027	2.21828e-14
0.028	2.21828e-14
0.029	2.21828e-14
0.03	2.21828e-14
0.031	2.21828e-14
0.032	2.21828e-14
0.033	2.21828e-14
0.034	2.21828e-14
0.035	2.21828e-14
0.036	2.21828e-14
0.037	2.21828e-14
0.038	2.21828e-14
0.039	2.21828e-14
0.04	2.21828e-14
0.041	2.21828e-14
0.042	2.21828e-14
0.043	2.21828e-14
0.044	2.21828e-14
0.045	2.21828e-14
0.046	2.21828e-14
0.047	2.21828e-14
0.048	2.21828e-14
0.049	2.21828e-14
0.05	2.21828e-14
0.051	2.21828e-14
0.052	2.21828e-14
0.053	2.21828e-14
0.054	2.21828e-14
0.055	2.21828e-14
0.056	2.21828e-14
0.057	2.21828e-14
0.058	2.21828e-14
0.059	2.21828e-14
0.06	2.21828e-14
0.061	2.21828e-14
0.062	2.21828e-14
0.063	2.21828e-14
0.064	2.21828e-14
0.065	2.21828e-14
0.066	2.21828e-14
0.067	2.21828e-14
0.068	2.21828e-14
0.069	2.21828e-14
0.07	2.21828e-14
0.071	2.21828e-14
0.072	2.21828e-14
0.073	2.21828e-14
0.074	2.21828e-14
0.075	2.21828e-14
0.076	2.21828e-14
0.077	2.21828e-14
0.078	2.21828e-14
0.079	2.21828e-14
0.08	2.21828e-14
0.081	2.21828e-14
0.082	2.21828e-14
0.083	2.21828e-14
0.084	2.21828e-14
0.085	2.21828e-14
0.086	2.21828e-14
0.087	2.21828e-14
0.088	2.21828e-14
0.089	2.21828e-14
0.09	2.21828e-14
0.091	2.21828e-14
0.092	2.21828e-14
0.093	2.21828e-14
0.094	2.21828e-14
0.095	2.21828e-14
0.096	2.21828e-14
0.097	2.21828e-14
0.098	2.21828e-14
0.099	2.21828e-14
0.1	2.21828e-14
0.101	2.21828e-14
0.102	2.21828e-14
0.103	2.21828e-14
0.104	2.21828e-14
0.105	2.21828e-14
0.106	2.21828e-14
0.107	2.21828e-14
0.108	2.21828e-14
0.109	2.21828e-14
0.11	2.21828e-14
0.111	2.21828e-14
0.112	2.21828e-14
0.113	2.21828e-14
0.114	2.21828e-14
0.115	2.21828e-14
0.116	2.21828e-14
0.117	2.21828e-14
0.118	2.21828e-14
0.119	2.21828e-14
0.12	2.21828e-14
0.121	2.21828e-14
0.122	2.21828e-14
0.123	2.21828e-14
0.124	2.21828e-14
0.125	2.21828e-14
0.126	2.21828e-14
0.127	2.21828e-14
0.128	2.21828e-14
0.129	2.21828e-14
0.13	2.21828e-14
0.131	2.21828e-14
0.132	2.21828e-14
0.133	2.21828e-14
0.134	2.21828e-14
0.135	2.21828e-14
0.136	2.21828e-14
0.137	2.21828e-14
0.138	2.21828e-14
0.139	2.21828e-14
0.14	2.21828e-14
0.141	2.21828e-14
0.142	2.21828e-14
0.143	2.21828e-14
0.144	2.21828e-14
0.145	2.21828e-14
0.146	2.21828e-14
0.147	2.21828e-14
0.148	2.21828e-14
0.149	2.21828e-14
0.15	2.21828e-14
0.151	2.21828e-14
0.152	2.21828e-14
0.153	2.21828e-14
0.154	2.21828e-14
0.155	2.21828e-14
0.156	2.21828e-14
0.157	2.21828e-14
0.158	2.21828e-14
0.159	2.21828e-14
0.16	2.21828e-14
0.161	2.21828e-14
0.162	2.21828e-14
0.163	2.21828e-14
0.164	2.21828e-14
0.165	2.21828e-14
0.166	2.21828e-14
0.167	2.21828e-14
0.168	2.21828e-14
0.169	2.21828e-14
0.17	2.21828e-14
0.171	2.21828e-14
0.172	2.21828e-14
0.173	2.21828e-14
0.174	2.21828e-14
0.175	2.21828e-14
0.176	2.21828e-14
0.177	2.21828e-14
0.178	2.21828e-14
0.179	2.21828e-14
0.18	2.21828e-14
0.181	2.21828e-14
0.182	2.21828e-14
0.183	2.21828e-14
0.184	2.21828e-14
0.185	2.21828e-14
0.186	2.21828e-14
0.187	2.21828e-14
0.188	2.21828e-14
0.189	2.21828e-14
0.19	2.21828e-14
0.191	2.21828e-14
0.192	2.21828e-14
0.193	2.21828e-14
0.194	2.21828e-14
0.195	2.21828e-14
0.196	2.21828e-14
0.197	2.21828e-14
0.198	2.21828e-14
0.199	2.21828e-14
0.2	2.21828e-14
0.201	2.21828e-14
0.202	2.21828e-14
0.203	2.21828e-14
0.204	2.21828e-14
0.205	2.21828e-14
0.206	2.21828e-14
0.207	2.21828e-14
0.208	2.21828e-14
0.209	2.21828e-14
0.21	2.21828e-14
0.211	2.21828e-14
0.212	2.21828e-14
0.213	2.21828e-14
0.214	2.21828e-14
0.215	2.21828e-14
0.216	2.21828e-14
0.217	2.21828e-14
0.218	2.21828e-14
0.219	2.21828e-14
0.22	2.21828e-14
0.221	2.21828e-14
0.222	2.21828e-14
0.223	2.21828e-14
0.224	2.21828e-14
0.225	2.21828e-14
0.226	2.21828e-14
0.227	2.21828e-14
0.228	2.21828e-14
0.229	2.21828e-14
0.23	2.21828e-14
0.231	2.21828e-14
0.232	2.21828e-14
0.233	2.21828e-14
0.234	2.21828e-14
0.235	2.21828e-14
0.236	2.21828e-14
0.237	2.21828e-14
0.238	2.21828e-14
0.239	2.21828e-14
0.24	2.21828e-14
0.241	2.21828e-14
0.242	2.21828e-14
0.243	2.21828e-14
0.244	2.21828e-14
0.245	2.21828e-14
0.246	2.21828e-14
0.247	2.21828e-14
0.248	2.21828e-14
0.249	2.21828e-14
0.25	2.21828e-14
0.251	2.21828e-14
0.252	2.21828e-14
0.253	2.21828e-14
0.254	2.21828e-14
0.255	2.21828e-14
0.256	2.21828e-14
0.257	2.21828e-14
0.258	2.21828e-14
0.259	2.21828e-14
0.26	2.21828e-14
0.261	2.21828e-14
0.262	2.21828e-14
0.263	2.21828e-14
0.264	2.21828e-14
0.265	2.21828e-14
0.266	2.21828e-14
0.267	2.21828e-14
0.268	2.21828e-14
0.269	2.21828e-14
0.27	2.21828e-14
0.271	2.21828e-14
0.272	2.21828e-14
0.273	2.21828e-14
0.274	2.21828e-14
0.275	2.21828e-14
0.276	2.21828e-14
0.277	2.21828e-14
0.278	2.21828e-14
0.279	2.21828e-14
0.28	2.21828e-14
0.281	2.21828e-14
0.282	2.21828e-14
0.283	2.21828e-14
0.284	2.21828e-14
0.285	2.21828e-14
0.286	2.21828e-14
0.287	2.21828e-14
0.288	2.21828e-14
0.289	2.21828e-14
0.29	2.21828e-14
0.291	2.21828e-14
0.292	2.21828e-14
0.293	2.21828e-14
0.294	2.21828e-14
0.295	2.21828e-14
0.296	2.21828e-14
0.297	2.21828e-14
0.298	2.21828e-14
0.299	2.21828e-14
0.3	2.21828e-14
0.301	2.21828e-14
0.302	2.21828e-14
0.303	2.21828e-14
0.304	2.21828e-14
0.305	2.21828e-14
0.306	2.21828e-14
0.307	2.21828e-14
0.308	2.21828e-14
0.309	2.21828e-14
0.31	2.21828e-14
0.311	2.21828e-14
0.312	2.21828e-14
0.313	2.21828e-14
0.314	2.21828e-14
0.315	2.21828e-14
0.316	2.21828e-14
0.317	2.21828e-14
0.318	2.21828e-14
0.319	2.21828e-14
0.32	2.21828e-14
0.321	2.21828e-14
0.322	2.21828e-14
0.323	2.21828e-14
0.324	2.21828e-14
0.325	2.21828e-14
0.326	2.21828e-14
0.327	2.21828e-14
0.328	2.21828e-14
0.329	2.21828e-14
0.33	2.21828e-14
0.331	2.21828e-14
0.332	2.21828e-14
0.333	2.21828e-14
0.334	2.21828e-14
0.335	2.21828e-14
0.336	2.21828e-14
0.337	2.21828e-14
0.338	2.21828e-14
0.339	2.21828e-14
0.34	2.21828e-14
0.341	2.21828e-14
0.342	2.21828e-14
0.343	2.21828e-14
0.344	2.21828e-14
0.345	2.21828e-14
0.346	2.21828e-14
0.347	2.21828e-14
0.348	2.21828e-14
0.349	2.21828e-14
0.35	2.21828e-14
0.351	2.21828e-14
0.352	2.21828e-14
0.353	2.21828e-14
0.354	2.21828e-14
0.355	2.21828e-14
0.356	2.21828e-14
0.357	2.21828e-14
0.358	2.21828e-14
0.359	2.21828e-14
0.36	2.21828e-14
0.361	2.21828e-14
0.362	2.21828e-14
0.363	2.21828e-14
0.364	2.21828e-14
0.365	2.21828e-14
0.366	2.21828e-14
0.367	2.21828e-14
0.368	2.21828e-14
0.369	2.21828e-14
0.37	2.21828e-14
0.371	2.21828e-14
0.372	2.21828e-14
0.373	2.21828e-14
0.374	2.21828e-14
0.375	2.21828e-14
0.376	2.21828e-14
0.377	2.21828e-14
0.378	2.21828e-14
0.379	2.21828e-14
0.38	2.21828e-14
0.381	2.21828e-14
0.382	2.21828e-14
0.383	2.21828e-14
0.384	2.21828e-14
0.385	2.21828e-14
0.386	2.21828e-14
0.387	2.21828e-14
0.388	2.21828e-14
0.389	2.21828e-14
0.39	2.21828e-14
0.391	2.21828e-14
0.392	2.21828e-14
0.393	2.21828e-14
0.394	2.21828e-14
0.395	2.21828e-14
0.396	2.21828e-14
0.397	2.21828e-14
0.398	2.21828e-14
0.399	2.21828e-14
0.4	2.21828e-14
0.401	2.21828e-14
0.402	2.21828e-14
0.403	2.21828e-14
0.404	2.21828e-14
0.405	2.21828e-14
0.406	2.21828e-14
0.407	2.21828e-14
0.408	2.21828e-14
0.409	2.21828e-14
0.41	2.21828e-14
0.411	2.21828e-14
0.412	2.21828e-14
0.413	2.21828e-14
0.414	2.21828e-14
0.415	2.21828e-14
0.416	2.21828e-14
0.417	2.21828e-14
0.418	2.21828e-14
0.419	2.21828e-14
0.42	2.21828e-14
0.421	2.21828e-14
0.422	2.21828e-14
0.423	2.21828e-14
0.424	2.21828e-14
0.425	2.21828e-14
0.426	2.21828e-14
0.427	2.21828e-14
0.428	2.21828e-14
0.429	2.21828e-14
0.43	2.21828e-14
0.431	2.21828e-14
0.432	2.21828e-14
0.433	2.21828e-14
0.434	2.21828e-14
0.435	2.21828e-14
0.436	2.21828e-14
0.437	2.21828e-14
0.438	2.21828e-14
0.439	2.21828e-14
0.44	2.21828e-14
0.441	2.21828e-14
0.442	2.21828e-14
0.443	2.21828e-14
0.444	2.21828e-14
0.445	2.21828e-14
0.446	2.21828e-14
0.447	2.21828e-14
0.448	2.21828e-14
0.449	2.21828e-14
0.45	2.21828e-14
0.451	2.21828e-14
0.452	2.21828e-14
0.453	2.21828e-14
0.454	2.21828e-14
0.455	2.21828e-14
0.456	2.21828e-14
0.457	2.21828e-14
0.458	2.21828e-14
0.459	2.21828e-14
0.46	2.21828e-14
0.461	2.21828e-14
0.462	2.21828e-14
0.463	2.21828e-14
0.464	2.21828e-14
0.465	2.21828e-14
0.466	2.21828e-14
0.467	2.21828e-14
0.468	2.21828e-14
0.469	2.21828e-14
0.47	2.21828e-14
0.471	2.21828e-14
0.472	2.21828e-14
0.473	2.21828e-14
0.474	2.21828e-14
0.475	2.21828e-14
0.476	2.21828e-14
0.477	2.21828e-14
0.478	2.21828e-14
0.479	2.21828e-14
0.48	2.21828e-14
0.481	2.21828e-14
0.482	2.21828e-14
0.483	2.21828e-14
0.484	2.21828e-14
0.485	2.21828e-14
0.486	2.21828e-14
0.487	2.21828e-14
0.488	2.21828e-14
0.489	2.21828e-14
0.49	2.21828e-14
0.491	2.21828e-14
0.492	2.21828e-14
0.493	2.21828e-14
0.494	2.21828e-14
0.495	2.21828e-14
0.496	2.21828e-14
0.497	2.21828e-14
0.498	2.21828e-14
0.499	2.21828e-14
0.5	2.4638e-08
0.501	9.35951e-09
0.502	-5.77507e-10
0.503	-6.44626e-09
0.504	-9.29306e-09
0.505	-9.96915e-09
0.506	-9.15892e-09
0.507	-7.40481e-09
0.508	-5.12928e-09
0.509	-2.65408e-09
0.51	-2.17111e-10
0.511	2.0129e-09
0.512	3.92364e-09
0.513	5.44824e-09
0.514	6.55579e-09
0.515	7.24329e-09
0.516	7.52882e-09
0.517	7.44576e-09
0.518	7.038e-09
0.519	6.35598e-09
0.52	5.45346e-09
0.521	4.38492e-09
0.522	3.20353e-09
0.523	1.95959e-09
0.524	6.99391e-10
0.525	-5.35637e-10
0.526	-1.7094e-09
0.527	-2.79143e-09
0.528	-3.75698e-09
0.529	-4.58687e-09
0.53	-5.26738e-09
0.531	-5.78983e-09
0.532	-6.15025e-09
0.533	-6.34893e-09
0.534	-6.38991e-09
0.535	-6.28055e-09
0.536	-6.03096e-09
0.537	-5.65353e-09
0.538	-5.16247e-09
0.539	-4.57334e-09
0.54	-3.90257e-09
0.541	-3.16715e-09
0.542	-2.38417e-09
0.543	-1.57057e-09
0.544	-7.42769e-10
0.545	8.35073e-11
0.546	8.93507e-10
0.547	1.6736e-09
0.548	2.41145e-09
0.549	3.09607e-09
0.55	3.71798e-09
0.551	4.26918e-09
0.552	4.74322e-09
0.553	5.1352e-09
0.554	5.44169e-09
0.555	5.66076e-09
0.556	5.79186e-09
0.557	5.83578e-09
0.558	5.79451e-09
0.559	5.6712e-09
0.56	5.47003e-09
0.561	5.19607e-09
0.562	4.85521e-09
0.563	4.45398e-09
0.564	3.99948e-09
0.565	3.49926e-09
0.566	2.96115e-09
0.567	2.39322e-09
0.568	1.8036e-09
0.569	1.20043e-09
0.57	5.91747e-10
0.571	-1.46281e-11
0.572	-6.11138e-10
0.573	-1.19058e-09
0.574	-1.74619e-09
0.575	-2.27165e-09
0.576	-2.76119e-09
0.577	-3.20961e-09
0.578	-3.6123e-09
0.579	-3.96529e-09
0.58	-4.26523e-09
0.581	-4.50945e-09
0.582	-4.6959e-09
0.583	-4.82321e-09
0.584	-4.89061e-09
0.585	-4.89798e-09
0.586	-4.84577e-09
0.587	-4.73502e-09
0.588	-4.56727e-09
0.589	-4.3446e-09
0.59	-4.06952e-09
0.591	-3.74494e-09
0.592	-3.37418e-09
0.593	-2.96085e-09
0.594	-2.50884e-09
0.595	-2.02228e-09
0.596	-1.50547e-09
0.597	-9.6282e-10
0.598	-3.98837e-10
0.599	1.8195e-10
0.6	7.75026e-10
0.601	1.37594e-09
0.602	1.98034e-09
0.603	2.58404e-09
0.604	3.18301e-09
0.605	3.77345e-09
0.606	4.35184e-09
0.607	4.91492e-09
0.608	5.45973e-09
0.609	5.98369e-09
0.61	6.48454e-09
0.611	6.96042e-09
0.612	7.40985e-09
0.613	7.83175e-09
0.614	8.22548e-09
0.615	8.59079e-09
0.616	8.92786e-09
0.617	9.23731e-09
0.618	9.52015e-09
0.619	9.77784e-09
0.62	1.00122e-08
0.621	1.02255e-08
0.622	1.04204e-08
0.623	1.05999e-08
0.624	1.07674e-08
0.625	1.09266e-08
0.626	1.10815e-08
0.627	1.12364e-08
0.628	1.13962e-08
0.629	1.15656e-08
0.63	1.17498e-08
0.631	1.19543e-08
0.632	1.21847e-08
0.633	1.24467e-08
0.634	1.27464e-08
0.635	1.309e-08
0.636	1.34838e-08
0.637	1.39341e-08
0.638	1.44475e-08
0.639	1.50307e-08
0.64	1.56905e-08
0.641	1.64337e-08
0.642	1.72671e-08
0.643	1.81978e-08
0.644	1.92328e-08
0.645	2.03793e-08
0.646	2.16445e-08
0.647	2.30356e-08
0.648	2.45601e-08
0.649	2.62255e-08
0.65	2.80393e-08
0.651	3.00093e-08
0.652	3.21433e-08
0.653	3.44495e-08
0.654	3.6936e-08
0.655	3.96114e-08
0.656	4.24844e-08
0.657	4.5564e-08
0.658	4.88596e-08
0.659	5.2381e-08
0.66	5.61382e-08
0.661	6.01419e-08
0.662	6.44033e-08
0.663	6.89339e-08
0.664	7.37462e-08
0.665	7.88531e-08
0.666	8.42682e-08
0.667	9.00063e-08
0.668	9.60826e-08
0.669	1.02513e-07
0.67	1.09316e-07
0.671	1.1651e-07
0.672	1.24113e-07
0.673	1.32147e-07
0.674	1.40635e-07
0.675	1.496e-07
0.676	1.59066e-07
0.677	1.69062e-07
0.678	1.79616e-07
0.679	1.90757e-07
0.68	2.02519e-07
0.681	2.14936e-07
0.682	2.28044e-07
0.683	2.41883e-07
0.684	2.56494e-07
0.685	2.71921e-07
0.686	2.8821e-07
0.687	3.05412e-07
0.688	3.23577e-07
0.689	3.42764e-07
0.69	3.63029e-07
0.691	3.84436e-07
0.692	4.0705e-07
0.693	4.30943e-07
0.694	4.56188e-07
0.695	4.82862e-07
0.696	5.1105e-07
0.697	5.40838e-07
0.698	5.72319e-07
0.699	6.0559e-07
0.7	6.40754e-07
0.701	6.7792e-07
0.702	7.17203e-07
0.703	7.58724e-07
0.704	8.02609e-07
0.705	8.48993e-07
0.706	8.98018e-07
0.707	9.49834e-07
0.708	1.0046e-06
0.709	1.06247e-06
0.71	1.12364e-06
0.711	1.18827e-06
0.712	1.25657e-06
0.713	1.32873e-06
0.714	1.40498e-06
0.715	1.48554e-06
0.716	1.57064e-06
0.717	1.66054e-06
0.718	1.7555e-06
0.719	1.85579e-06
0.72	1.9617e-06
0.721	2.07355e-06
0.722	2.19165e-06
0.723	2.31635e-06
0.724	2.44799e-06
0.725	2.58696e-06
0.726	2.73365e-06
0.727	2.88848e-06
0.728	3.05187e-06
0.729	3.22429e-06
0.73	3.40622e-06
0.731	3.59818e-06
0.732	3.80068e-06
0.733	4.0143e-06
0.734	4.23962e-06
0.735	4.47727e-06
0.736	4.72789e-06
0.737	4.99217e-06
0.738	5.27084e-06
0.739	5.56465e-06
0.74	5.87439e-06
0.741	6.20091e-06
0.742	6.54509e-06
0.743	6.90785e-06
0.744	7.29017e-06
0.745	7.69306e-06
0.746	8.1176e-06
0.747	8.56492e-06
0.748	9.03622e-06
0.749	9.53272e-06
0.75	1.00558e-05
0.751	1.06067e-05
0.752	1.1187e-05
0.753	1.17981e-05
0.754	1.24417e-05
0.755	1.31195e-05
0.756	1.38331e-05
0.757	1.45845e-05
0.758	1.53756e-05
0.759	1.62085e-05
0.76	1.70852e-05
0.761	1.8008e-05
0.762	1.89794e-05
0.763	2.00017e-05
0.764	2.10776e-05
0.765	2.22097e-05
0.766	2.34011e-05
0.767	2.46547e-05
0.768	2.59736e-05
0.769	2.73611e-05
0.77	2.88208e-05
0.771	3.03564e-05
0.772	3.19715e-05
0.773	3.36703e-05
0.774	3.5457e-05
0.775	3.7336e-05
0.776	3.93119e-05
0.777	4.13897e-05
0.778	4.35744e-05
0.779	4.58713e-05
0.78	4.82862e-05
0.781	5.08248e-05
0.782	5.34935e-05
0.783	5.62986e-05
0.784	5.92469e-05
0.785	6.23456e-05
0.786	6.56022e-05
0.787	6.90244e-05
0.788	7.26205e-05
0.789	7.6399e-05
0.79	8.0369e-05
0.791	8.45399e-05
0.792	8.89217e-05
0.793	9.35246e-05
0.794	9.83596e-05
0.795	0.000103438
0.796	0.000108772
0.797	0.000114373
0.798	0.000120256
0.799	0.000126433
0.8	0.00013292
0.801	0.00013973
0.802	0.00014688
0.803	0.000154387
0.804	0.000162267
0.805	0.000170539
0.806	0.000179221
0.807	0.000188334
0.808	0.000197899
0.809	0.000207936
0.81	0.000218469
0.811	0.000229522
0.812	0.000241119
0.813	0.000253287
0.814	0.000266053
0.815	0.000279445
0.816	0.000293494
0.817	0.00030823
0.818	0.000323687
0.819	0.000339899
0.82	0.000356902
0.821	0.000374733
0.822	0.000393431
0.823	0.000413038
0.824	0.000433596
0.825	0.000455151
0.826	0.000477749
0.827	0.00050144
0.828	0.000526274
0.829	0.000552307
0.83	0.000579593
0.831	0.000608192
0.832	0.000638166
0.833	0.000669577
0.834	0.000702494
0.835	0.000736987
0.836	0.00077313
0.837	0.000810998
0.838	0.000850672
0.839	0.000892237
0.84	0.000935779
0.841	0.00098139
0.842	0.00102917
0.843	0.00107921
0.844	0.00113162
0.845	0.00118651
0.846	0.00124399
0.847	0.00130418
0.848	0.00136721
0.849	0.00143321
0.85	0.00150231
0.851	0.00157465
0.852	0.00165039
0.853	0.00172967
0.854	0.00181266
0.855	0.00189953
0.856	0.00199045
0.857	0.00208561
0.858	0.00218521
0.859	0.00228943
0.86	0.00239849
0.861	0.00251262
0.862	0.00263203
0.863	0.00275697
0.864	0.00288769
0.865	0.00302444
0.866	0.00316749
0.867	0.00331714
0.868	0.00347367
0.869	0.0036374
0.87	0.00380864
0.871	0.00398773
0.872	0.00417503
0.873	0.00437089
0.874	0.00457569
0.875	0.00478985
0.876	0.00501376
0.877	0.00524787
0.878	0.00549263
0.879	0.0057485
0.88	0.00601598
0.881	0.00629558
0.882	0.00658784
0.883	0.00689331
0.884	0.00721257
0.885	0.00754624
0.886	0.00789493
0.887	0.00825932
0.888	0.00864009
0.889	0.00903795
0.89	0.00945366
0.891	0.00988799
0.892	0.0103417
0.893	0.0108158
0.894	0.011311
0.895	0.0118283
0.896	0.0123686
0.897	0.012933
0.898	0.0135224
0.899	0.014138
0.9	0.0147809
0.901	0.0154522
0.902	0.0161533
0.903	0.0168853
0.904	0.0176497
0.905	0.0184477
0.906	0.0192809
0.907	0.0201508
0.908	0.0210588
0.909	0.0220067
0.91	0.0229962
0.911	0.024029
0.912	0.0251069
0.913	0.026232
0.914	0.0274061
0.915	0.0286315
0.916	0.0299102
0.917	0.0312445
0.918	0.0326368
0.919	0.0340895
0.92	0.0356052
0.921	0.0371865
0.922	0.0388362
0.923	0.0405572
0.924	0.0423525
0.925	0.0442252
0.926	0.0461785
0.927	0.0482158
0.928	0.0503407
0.929	0.0525568
0.93	0.0548679
0.931	0.0572779
0.932	0.0597911
0.933	0.0624117
0.934	0.0651441
0.935	0.067993
0.936	0.0709633
0.937	0.07406
0.938	0.0772883
0.939	0.0806536
0.94	0.0841616
0.941	0.0878183
0.942	0.0916297
0.943	0.0956022
0.944	0.0997424
0.945	0.104057
0.946	0.108554
0.947	0.11324
0.948	0.118123
0.949	0.123211
0.95	0.128512
0.951	0.134036
0.952	0.139791
0.953	0.145786
0.954	0.152032
0.955	0.158539
0.956	0.165316
0.957	0.172376
0.958	0.17973
0.959	0.187389
0.96	0.195366
0.961	0.203674
0.962	0.212326
0.963	0.221336
0.964	0.230718
0.965	0.240488
0.966	0.25066
0.967	0.261252
0.968	0.272279
0.969	0.28376
0.97	0.295712
0.971	0.308155
0.972	0.321108
0.973	0.334591
0.974	0.348625
0.975	0.363232
0.976	0.378436
0.977	0.39426
0.978	0.410728
0.979	0.427866
0.98	0.4457
0.981	0.464259
0.982	0.48357
0.983	0.503664
0.984	0.524571
0.985	0.546323
0.986	0.568953
0.987	0.592497
0.988	0.61699
0.989	0.642468
0.99	0.668972
0.991	0.69654
0.992	0.725215
0.993	0.75504
0.994	0.786059
0.995	0.81832
0.996	0.85187
0.997	0.88676
0.998	0.923042
0.999	0.96077
