# Interpolation data for function: x^40
0	-4.11966e-14
0.001	-4.09431e-14
0.002	-4.06896e-14
0.003	-4.04361e-14
0.004	-4.01826e-14
0.005	-3.9929e-14
0.006	-3.96755e-14
0.007	-3.9422e-14
0.008	-3.91685e-14
0.009	-3.8915e-14
0.01	-3.86614e-14
0.011	-3.84079e-14
0.012	-3.81544e-14
0.013	-3.79009e-14
0.014	-3.76474e-14
0.015	-3.73939e-14
0.016	-3.71403e-14
0.017	-3.68868e-14
0.018	-3.66333e-14
0.019	-3.63798e-14
0.02	-3.61263e-14
0.021	-3.58728e-14
0.022	-3.56192e-14
0.023	-3.53657e-14
0.024	-3.51122e-14
0.025	-3.48587e-14
0.026	-3.46052e-14
0.027	-3.43516e-14
0.028	-3.40981e-14
0.029	-3.38446e-14
0.03	-3.35911e-14
0.031	-3.33376e-14
0.032	-3.30841e-14
0.033	-3.28305e-14
0.034	-3.2577e-14
0.035	-3.23235e-14
0.036	-3.207e-14
0.037	-3.18165e-14
0.038	-3.1563e-14
0.039	-3.13094e-14
0.04	-3.10559e-14
0.041	-3.08024e-14
0.042	-3.05489e-14
0.043	-3.02954e-14
0.044	-3.00418e-14
0.045	-2.97883e-14
0.046	-2.95348e-14
0.047	-2.92813e-14
0.048	-2.90278e-14
0.049	-2.87743e-14
0.05	-2.85207e-14
0.051	-2.82672e-14
0.052	-2.80137e-14
0.053	-2.77602e-14
0.054	-2.75067e-14
0.055	-2.72532e-14
0.056	-2.69996e-14
0.057	-2.67461e-14
0.058	-2.64926e-14
0.059	-2.62391e-14
0.06	-2.59856e-14
0.061	-2.5732e-14
0.062	-2.54785e-14
0.063	-2.5225e-14
0.064	-2.49715e-14
0.065	-2.4718e-14
0.066	-2.44645e-14
0.067	-2.42109e-14
0.068	-2.39574e-14
0.069	-2.37039e-14
0.07	-2.34504e-14
0.071	-2.31969e-14
0.072	-2.29434e-14
0.073	-2.26898e-14
0.074	-2.24363e-14
0.075	-2.21828e-14
0.076	-2.19293e-14
0.077	-2.16758e-14
0.078	-2.14222e-14
0.079	-2.11687e-14
0.08	-2.09152e-14
0.081	-2.06617e-14
0.082	-2.04082e-14
0.083	-2.01547e-14
0.084	-1.99011e-14
0.085	-1.96476e-14
0.086	-1.93941e-14
0.087	-1.91406e-14
0.088	-1.88871e-14
0.089	-1.86335e-14
0.09	-1.838e-14
0.091	-1.81265e-14
0.092	-1.7873e-14
0.093	-1.76195e-14
0.094	-1.7366e-14
0.095	-1.71124e-14
0.096	-1.68589e-14
0.097	-1.66054e-14
0.098	-1.63519e-14
0.099	-1.60984e-14
0.1	-1.58449e-14
0.101	-1.55913e-14
0.102	-1.53378e-14
0.103	-1.50843e-14
0.104	-1.48308e-14
0.105	-1.45773e-14
0.106	-1.43237e-14
0.107	-1.40702e-14
0.108	-1.38167e-14
0.109	-1.35632e-14
0.11	-1.33097e-14
0.111	-1.30562e-14
0.112	-1.28026e-14
0.113	-1.25491e-14
0.114	-1.22956e-14
0.115	-1.20421e-14
0.116	-1.17886e-14
0.117	-1.15351e-14
0.118	-1.12815e-14
0.119	-1.1028e-14
0.12	-1.07745e-14
0.121	-1.0521e-14
0.122	-1.02675e-14
0.123	-1.00139e-14
0.124	-9.76043e-15
0.125	-9.50691e-15
0.126	-9.2534e-15
0.127	-8.99988e-15
0.128	-8.74636e-15
0.129	-8.49284e-15
0.13	-8.23932e-15
0.131	-7.98581e-15
0.132	-7.73229e-15
0.133	-7.47877e-15
0.134	-7.22525e-15
0.135	-6.97174e-15
0.136	-6.71822e-15
0.137	-6.4647e-15
0.138	-6.21118e-15
0.139	-5.95767e-15
0.14	-5.70415e-15
0.141	-5.45063e-15
0.142	-5.19711e-15
0.143	-4.94359e-15
0.144	-4.69008e-15
0.145	-4.43656e-15
0.146	-4.18304e-15
0.147	-3.92952e-15
0.148	-3.67601e-15
0.149	-3.42249e-15
0.15	-3.16897e-15
0.151	-2.91545e-15
0.152	-2.66194e-15
0.153	-2.40842e-15
0.154	-2.1549e-15
0.155	-1.90138e-15
0.156	-1.64786e-15
0.157	-1.39435e-15
0.158	-1.14083e-15
0.159	-8.87312e-16
0.16	-6.33794e-16
0.161	-3.80277e-16
0.162	-1.26759e-16
0.163	1.26759e-16
0.164	3.80277e-16
0.165	6.33794e-16
0.166	8.87312e-16
0.167	1.14083e-15
0.168	1.39435e-15
0.169	1.64786e-15
0.17	1.90138e-15
0.171	2.1549e-15
0.172	2.40842e-15
0.173	2.66194e-15
0.174	2.91545e-15
0.175	3.16897e-15
0.176	3.42249e-15
0.177	3.67601e-15
0.178	3.92952e-15
0.179	4.18304e-15
0.18	4.43656e-15
0.181	4.69008e-15
0.182	4.94359e-15
0.183	5.19711e-15
0.184	5.45063e-15
0.185	5.70415e-15
0.186	5.95767e-15
0.187	6.21118e-15
0.188	6.4647e-15
0.189	6.71822e-15
0.19	6.97174e-15
0.191	7.22525e-15
0.192	7.47877e-15
0.193	7.73229e-15
0.194	7.98581e-15
0.195	8.23932e-15
0.196	8.49284e-15
0.197	8.74636e-15
0.198	8.99988e-15
0.199	9.2534e-15
0.2	9.50691e-15
0.201	9.76043e-15
0.202	1.00139e-14
0.203	1.02675e-14
0.204	1.0521e-14
0.205	1.07745e-14
0.206	1.1028e-14
0.207	1.12815e-14
0.208	1.15351e-14
0.209	1.17886e-14
0.21	1.20421e-14
0.211	1.22956e-14
0.212	1.25491e-14
0.213	1.28026e-14
0.214	1.30562e-14
0.215	1.33097e-14
0.216	1.35632e-14
0.217	1.38167e-14
0.218	1.40702e-14
0.219	1.43237e-14
0.22	1.45773e-14
0.221	1.48308e-14
0.222	1.50843e-14
0.223	1.53378e-14
0.224	1.55913e-14
0.225	1.58449e-14
0.226	1.60984e-14
0.227	1.63519e-14
0.228	1.66054e-14
0.229	1.68589e-14
0.23	1.71124e-14
0.231	1.7366e-14
0.232	1.76195e-14
0.233	1.7873e-14
0.234	1.81265e-14
0.235	1.838e-14
0.236	1.86335e-14
0.237	1.88871e-14
0.238	1.91406e-14
0.239	1.93941e-14
0.24	1.96476e-14
0.241	1.99011e-14
0.242	2.01547e-14
0.243	2.04082e-14
0.244	2.06617e-14
0.245	2.09152e-14
0.246	2.11687e-14
0.247	2.14222e-14
0.248	2.16758e-14
0.249	2.19293e-14
0.25	2.21828e-14
0.251	2.24363e-14
0.252	2.26898e-14
0.253	2.29434e-14
0.254	2.31969e-14
0.255	2.34504e-14
0.256	2.37039e-14
0.257	2.39574e-14
0.258	2.42109e-14
0.259	2.44645e-14
0.26	2.4718e-14
0.261	2.49715e-14
0.262	2.5225e-14
0.263	2.54785e-14
0.264	2.5732e-14
0.265	2.59856e-14
0.266	2.62391e-14
0.267	2.64926e-14
0.268	2.67461e-14
0.269	2.69996e-14
0.27	2.72532e-14
0.271	2.75067e-14
0.272	2.77602e-14
0.273	2.80137e-14
0.274	2.82672e-14
0.275	2.85207e-14
0.276	2.87743e-14
0.277	2.90278e-14
0.278	2.92813e-14
0.279	2.95348e-14
0.28	2.97883e-14
0.281	3.00418e-14
0.282	3.02954e-14
0.283	3.05489e-14
0.284	3.08024e-14
0.285	3.10559e-14
0.286	3.13094e-14
0.287	3.1563e-14
0.288	3.18165e-14
0.289	3.207e-14
0.29	3.23235e-14
0.291	3.2577e-14
0.292	3.28305e-14
0.293	3.30841e-14
0.294	3.33376e-14
0.295	3.35911e-14
0.296	3.38446e-14
0.297	3.40981e-14
0.298	3.43516e-14
0.299	3.46052e-14
0.3	3.48587e-14
0.301	3.51122e-14
0.302	3.53657e-14
0.303	3.56192e-14
0.304	3.58728e-14
0.305	3.61263e-14
0.306	3.63798e-14
0.307	3.66333e-14
0.308	3.68868e-14
0.309	3.71403e-14
0.31	3.73939e-14
0.311	3.76474e-14
0.312	3.79009e-14
0.313	3.81544e-14
0.314	3.84079e-14
0.315	3.86614e-14
0.316	3.8915e-14
0.317	3.91685e-14
0.318	3.9422e-14
0.319	3.96755e-14
0.32	3.9929e-14
0.321	4.01826e-14
0.322	4.04361e-14
0.323	4.06896e-14
0.324	4.09431e-14
0.325	4.11966e-14
0.326	4.14501e-14
0.327	4.17037e-14
0.328	4.19572e-14
0.329	4.22107e-14
0.33	4.24642e-14
0.331	4.27177e-14
0.332	4.29712e-14
0.333	4.32248e-14
0.334	4.34783e-14
0.335	4.37318e-14
0.336	4.39853e-14
0.337	4.42388e-14
0.338	4.44924e-14
0.339	4.47459e-14
0.34	4.49994e-14
0.341	4.52529e-14
0.342	4.55064e-14
0.343	4.57599e-14
0.344	4.60135e-14
0.345	4.6267e-14
0.346	4.65205e-14
0.347	4.6774e-14
0.348	4.70275e-14
0.349	4.7281e-14
0.35	4.75346e-14
0.351	4.77881e-14
0.352	4.80416e-14
0.353	4.82951e-14
0.354	4.85486e-14
0.355	4.88022e-14
0.356	4.90557e-14
0.357	4.93092e-14
0.358	4.95627e-14
0.359	4.98162e-14
0.36	5.00697e-14
0.361	5.03233e-14
0.362	5.05768e-14
0.363	5.08303e-14
0.364	5.10838e-14
0.365	5.13373e-14
0.366	5.15908e-14
0.367	5.18444e-14
0.368	5.20979e-14
0.369	5.23514e-14
0.37	5.26049e-14
0.371	5.28584e-14
0.372	5.3112e-14
0.373	5.33655e-14
0.374	5.3619e-14
0.375	5.38725e-14
0.376	5.4126e-14
0.377	5.43795e-14
0.378	5.46331e-14
0.379	5.48866e-14
0.38	5.51401e-14
0.381	5.53936e-14
0.382	5.56471e-14
0.383	5.59006e-14
0.384	5.61542e-14
0.385	5.64077e-14
0.386	5.66612e-14
0.387	5.69147e-14
0.388	5.71682e-14
0.389	5.74218e-14
0.39	5.76753e-14
0.391	5.79288e-14
0.392	5.81823e-14
0.393	5.84358e-14
0.394	5.86893e-14
0.395	5.89429e-14
0.396	5.91964e-14
0.397	5.94499e-14
0.398	5.97034e-14
0.399	5.99569e-14
0.4	6.02105e-14
0.401	6.0464e-14
0.402	6.07175e-14
0.403	6.0971e-14
0.404	6.12245e-14
0.405	6.1478e-14
0.406	6.17316e-14
0.407	6.19851e-14
0.408	6.22386e-14
0.409	6.24921e-14
0.41	6.27456e-14
0.411	6.29991e-14
0.412	6.32527e-14
0.413	6.35062e-14
0.414	6.37597e-14
0.415	6.40132e-14
0.416	6.42667e-14
0.417	6.45203e-14
0.418	6.47738e-14
0.419	6.50273e-14
0.42	6.52808e-14
0.421	6.55343e-14
0.422	6.57878e-14
0.423	6.60414e-14
0.424	6.62949e-14
0.425	6.65484e-14
0.426	6.68019e-14
0.427	6.70554e-14
0.428	6.73089e-14
0.429	6.75625e-14
0.43	6.7816e-14
0.431	6.80695e-14
0.432	6.8323e-14
0.433	6.85765e-14
0.434	6.88301e-14
0.435	6.90836e-14
0.436	6.93371e-14
0.437	6.95906e-14
0.438	6.98441e-14
0.439	7.00976e-14
0.44	7.03512e-14
0.441	7.06047e-14
0.442	7.08582e-14
0.443	7.11117e-14
0.444	7.13652e-14
0.445	7.16187e-14
0.446	7.18723e-14
0.447	7.21258e-14
0.448	7.23793e-14
0.449	7.26328e-14
0.45	7.28863e-14
0.451	7.31399e-14
0.452	7.33934e-14
0.453	7.36469e-14
0.454	7.39004e-14
0.455	7.41539e-14
0.456	7.44074e-14
0.457	7.4661e-14
0.458	7.49145e-14
0.459	7.5168e-14
0.46	7.54215e-14
0.461	7.5675e-14
0.462	7.59285e-14
0.463	7.61821e-14
0.464	7.64356e-14
0.465	7.66891e-14
0.466	7.69426e-14
0.467	7.71961e-14
0.468	7.74497e-14
0.469	7.77032e-14
0.47	7.79567e-14
0.471	7.82102e-14
0.472	7.84637e-14
0.473	7.87172e-14
0.474	7.89708e-14
0.475	7.92243e-14
0.476	7.94778e-14
0.477	7.97313e-14
0.478	7.99848e-14
0.479	8.02383e-14
0.48	8.04919e-14
0.481	8.07454e-14
0.482	8.09989e-14
0.483	8.12524e-14
0.484	8.15059e-14
0.485	8.17595e-14
0.486	8.2013e-14
0.487	8.22665e-14
0.488	8.252e-14
0.489	8.27735e-14
0.49	8.3027e-14
0.491	8.32806e-14
0.492	8.35341e-14
0.493	8.37876e-14
0.494	8.40411e-14
0.495	8.42946e-14
0.496	8.45481e-14
0.497	8.48017e-14
0.498	8.50552e-14
0.499	8.53087e-14
0.5	1.04587e-12
0.501	9.94554e-13
0.502	1.02254e-12
0.503	1.10061e-12
0.504	1.20883e-12
0.505	1.33412e-12
0.506	1.46857e-12
0.507	1.608e-12
0.508	1.75082e-12
0.509	1.89732e-12
0.51	2.04874e-12
0.511	2.20718e-12
0.512	2.375e-12
0.513	2.55469e-12
0.514	2.74869e-12
0.515	2.95936e-12
0.516	3.18879e-12
0.517	3.43898e-12
0.518	3.71176e-12
0.519	4.00884e-12
0.52	4.33185e-12
0.521	4.68231e-12
0.522	5.0619e-12
0.523	5.47226e-12
0.524	5.91517e-12
0.525	6.3925e-12
0.526	6.90637e-12
0.527	7.45909e-12
0.528	8.05324e-12
0.529	8.69165e-12
0.53	9.37744e-12
0.531	1.0114e-11
0.532	1.09052e-11
0.533	1.17549e-11
0.534	1.26679e-11
0.535	1.36487e-11
0.536	1.47026e-11
0.537	1.58353e-11
0.538	1.70528e-11
0.539	1.83615e-11
0.54	1.97683e-11
0.541	2.12806e-11
0.542	2.29063e-11
0.543	2.46539e-11
0.544	2.65322e-11
0.545	2.8551e-11
0.546	3.07205e-11
0.547	3.30516e-11
0.548	3.55559e-11
0.549	3.8246e-11
0.55	4.1135e-11
0.551	4.42372e-11
0.552	4.75677e-11
0.553	5.11428e-11
0.554	5.49796e-11
0.555	5.90967e-11
0.556	6.35139e-11
0.557	6.82522e-11
0.558	7.33342e-11
0.559	7.8784e-11
0.56	8.46274e-11
0.561	9.08919e-11
0.562	9.7607e-11
0.563	1.04804e-10
0.564	1.12517e-10
0.565	1.20781e-10
0.566	1.29636e-10
0.567	1.39121e-10
0.568	1.49281e-10
0.569	1.60162e-10
0.57	1.71815e-10
0.571	1.84292e-10
0.572	1.97651e-10
0.573	2.11951e-10
0.574	2.27259e-10
0.575	2.43642e-10
0.576	2.61175e-10
0.577	2.79936e-10
0.578	3.00008e-10
0.579	3.21482e-10
0.58	3.44452e-10
0.581	3.6902e-10
0.582	3.95293e-10
0.583	4.23388e-10
0.584	4.53427e-10
0.585	4.8554e-10
0.586	5.19868e-10
0.587	5.56559e-10
0.588	5.95771e-10
0.589	6.37673e-10
0.59	6.82443e-10
0.591	7.30273e-10
0.592	7.81366e-10
0.593	8.35939e-10
0.594	8.94223e-10
0.595	9.56461e-10
0.596	1.02292e-09
0.597	1.09387e-09
0.598	1.16961e-09
0.599	1.25045e-09
0.6	1.33673e-09
0.601	1.42881e-09
0.602	1.52706e-09
0.603	1.63189e-09
0.604	1.74372e-09
0.605	1.86301e-09
0.606	1.99024e-09
0.607	2.12593e-09
0.608	2.27062e-09
0.609	2.4249e-09
0.61	2.58938e-09
0.611	2.76472e-09
0.612	2.95161e-09
0.613	3.15081e-09
0.614	3.36308e-09
0.615	3.58928e-09
0.616	3.83028e-09
0.617	4.08704e-09
0.618	4.36055e-09
0.619	4.65188e-09
0.62	4.96215e-09
0.621	5.29256e-09
0.622	5.64439e-09
0.623	6.01899e-09
0.624	6.41778e-09
0.625	6.8423e-09
0.626	7.29414e-09
0.627	7.77504e-09
0.628	8.28679e-09
0.629	8.83133e-09
0.63	9.41071e-09
0.631	1.00271e-08
0.632	1.06828e-08
0.633	1.13802e-08
0.634	1.21219e-08
0.635	1.29107e-08
0.636	1.37494e-08
0.637	1.46412e-08
0.638	1.55893e-08
0.639	1.65972e-08
0.64	1.76685e-08
0.641	1.88071e-08
0.642	2.00171e-08
0.643	2.13029e-08
0.644	2.26691e-08
0.645	2.41206e-08
0.646	2.56626e-08
0.647	2.73005e-08
0.648	2.90402e-08
0.649	3.08878e-08
0.65	3.28499e-08
0.651	3.49333e-08
0.652	3.71453e-08
0.653	3.94936e-08
0.654	4.19865e-08
0.655	4.46326e-08
0.656	4.7441e-08
0.657	5.04214e-08
0.658	5.35841e-08
0.659	5.69399e-08
0.66	6.05003e-08
0.661	6.42774e-08
0.662	6.82841e-08
0.663	7.25339e-08
0.664	7.70412e-08
0.665	8.18212e-08
0.666	8.68899e-08
0.667	9.22642e-08
0.668	9.79622e-08
0.669	1.04003e-07
0.67	1.10406e-07
0.671	1.17193e-07
0.672	1.24386e-07
0.673	1.32009e-07
0.674	1.40086e-07
0.675	1.48645e-07
0.676	1.57713e-07
0.677	1.6732e-07
0.678	1.77496e-07
0.679	1.88274e-07
0.68	1.9969e-07
0.681	2.1178e-07
0.682	2.24582e-07
0.683	2.38138e-07
0.684	2.5249e-07
0.685	2.67684e-07
0.686	2.83769e-07
0.687	3.00794e-07
0.688	3.18814e-07
0.689	3.37885e-07
0.69	3.58066e-07
0.691	3.79421e-07
0.692	4.02016e-07
0.693	4.25921e-07
0.694	4.5121e-07
0.695	4.77961e-07
0.696	5.06255e-07
0.697	5.36181e-07
0.698	5.67828e-07
0.699	6.01294e-07
0.7	6.36681e-07
0.701	6.74094e-07
0.702	7.13649e-07
0.703	7.55463e-07
0.704	7.99662e-07
0.705	8.46379e-07
0.706	8.95753e-07
0.707	9.47931e-07
0.708	1.00307e-06
0.709	1.06133e-06
0.71	1.12288e-06
0.711	1.18791e-06
0.712	1.25661e-06
0.713	1.32917e-06
0.714	1.40582e-06
0.715	1.48676e-06
0.716	1.57225e-06
0.717	1.66252e-06
0.718	1.75783e-06
0.719	1.85847e-06
0.72	1.96472e-06
0.721	2.07688e-06
0.722	2.19527e-06
0.723	2.32023e-06
0.724	2.45213e-06
0.725	2.59132e-06
0.726	2.7382e-06
0.727	2.89319e-06
0.728	3.05672e-06
0.729	3.22925e-06
0.73	3.41126e-06
0.731	3.60326e-06
0.732	3.80578e-06
0.733	4.01938e-06
0.734	4.24466e-06
0.735	4.48222e-06
0.736	4.73274e-06
0.737	4.99689e-06
0.738	5.27539e-06
0.739	5.569e-06
0.74	5.87853e-06
0.741	6.20481e-06
0.742	6.54872e-06
0.743	6.91119e-06
0.744	7.29319e-06
0.745	7.69575e-06
0.746	8.11995e-06
0.747	8.56691e-06
0.748	9.03782e-06
0.749	9.53395e-06
0.75	1.00566e-05
0.751	1.06071e-05
0.752	1.1187e-05
0.753	1.17977e-05
0.754	1.2441e-05
0.755	1.31183e-05
0.756	1.38316e-05
0.757	1.45826e-05
0.758	1.53733e-05
0.759	1.62058e-05
0.76	1.70822e-05
0.761	1.80047e-05
0.762	1.89757e-05
0.763	1.99978e-05
0.764	2.10734e-05
0.765	2.22053e-05
0.766	2.33965e-05
0.767	2.46499e-05
0.768	2.59686e-05
0.769	2.73561e-05
0.77	2.88157e-05
0.771	3.03511e-05
0.772	3.19663e-05
0.773	3.36651e-05
0.774	3.54518e-05
0.775	3.73309e-05
0.776	3.93069e-05
0.777	4.13848e-05
0.778	4.35696e-05
0.779	4.58668e-05
0.78	4.82819e-05
0.781	5.08208e-05
0.782	5.34897e-05
0.783	5.62951e-05
0.784	5.92437e-05
0.785	6.23428e-05
0.786	6.55997e-05
0.787	6.90223e-05
0.788	7.26187e-05
0.789	7.63977e-05
0.79	8.03681e-05
0.791	8.45394e-05
0.792	8.89216e-05
0.793	9.3525e-05
0.794	9.83604e-05
0.795	0.000103439
0.796	0.000108773
0.797	0.000114375
0.798	0.000120258
0.799	0.000126436
0.8	0.000132923
0.801	0.000139734
0.802	0.000146884
0.803	0.000154391
0.804	0.000162271
0.805	0.000170544
0.806	0.000179226
0.807	0.000188339
0.808	0.000197904
0.809	0.000207941
0.81	0.000218475
0.811	0.000229527
0.812	0.000241124
0.813	0.000253292
0.814	0.000266058
0.815	0.00027945
0.816	0.000293499
0.817	0.000308235
0.818	0.000323692
0.819	0.000339904
0.82	0.000356906
0.821	0.000374737
0.822	0.000393435
0.823	0.000413041
0.824	0.000433599
0.825	0.000455154
0.826	0.000477751
0.827	0.000501442
0.828	0.000526276
0.829	0.000552308
0.83	0.000579594
0.831	0.000608192
0.832	0.000638165
0.833	0.000669576
0.834	0.000702493
0.835	0.000736986
0.836	0.000773127
0.837	0.000810995
0.838	0.000850669
0.839	0.000892233
0.84	0.000935775
0.841	0.000981386
0.842	0.00102916
0.843	0.0010792
0.844	0.00113161
0.845	0.0011865
0.846	0.00124398
0.847	0.00130418
0.848	0.00136721
0.849	0.0014332
0.85	0.0015023
0.851	0.00157464
0.852	0.00165038
0.853	0.00172966
0.854	0.00181265
0.855	0.00189952
0.856	0.00199045
0.857	0.00208561
0.858	0.0021852
0.859	0.00228943
0.86	0.00239849
0.861	0.00251262
0.862	0.00263203
0.863	0.00275697
0.864	0.00288768
0.865	0.00302444
0.866	0.00316749
0.867	0.00331714
0.868	0.00347367
0.869	0.0036374
0.87	0.00380864
0.871	0.00398773
0.872	0.00417503
0.873	0.00437089
0.874	0.0045757
0.875	0.00478985
0.876	0.00501377
0.877	0.00524788
0.878	0.00549263
0.879	0.00574851
0.88	0.00601599
0.881	0.00629559
0.882	0.00658785
0.883	0.00689332
0.884	0.00721258
0.885	0.00754624
0.886	0.00789494
0.887	0.00825933
0.888	0.0086401
0.889	0.00903796
0.89	0.00945367
0.891	0.00988799
0.892	0.0103418
0.893	0.0108158
0.894	0.011311
0.895	0.0118283
0.896	0.0123686
0.897	0.012933
0.898	0.0135224
0.899	0.014138
0.9	0.0147809
0.901	0.0154522
0.902	0.0161533
0.903	0.0168853
0.904	0.0176497
0.905	0.0184477
0.906	0.0192809
0.907	0.0201508
0.908	0.0210588
0.909	0.0220067
0.91	0.0229962
0.911	0.024029
0.912	0.0251069
0.913	0.026232
0.914	0.0274061
0.915	0.0286315
0.916	0.0299102
0.917	0.0312445
0.918	0.0326368
0.919	0.0340895
0.92	0.0356052
0.921	0.0371865
0.922	0.0388362
0.923	0.0405572
0.924	0.0423525
0.925	0.0442251
0.926	0.0461785
0.927	0.0482158
0.928	0.0503407
0.929	0.0525568
0.93	0.0548678
0.931	0.0572779
0.932	0.0597911
0.933	0.0624117
0.934	0.0651441
0.935	0.067993
0.936	0.0709633
0.937	0.07406
0.938	0.0772883
0.939	0.0806536
0.94	0.0841616
0.941	0.0878183
0.942	0.0916297
0.943	0.0956022
0.944	0.0997424
0.945	0.104057
0.946	0.108554
0.947	0.11324
0.948	0.118123
0.949	0.123211
0.95	0.128512
0.951	0.134036
0.952	0.139791
0.953	0.145786
0.954	0.152032
0.955	0.158539
0.956	0.165316
0.957	0.172376
0.958	0.17973
0.959	0.187389
0.96	0.195366
0.961	0.203674
0.962	0.212326
0.963	0.221336
0.964	0.230718
0.965	0.240488
0.966	0.25066
0.967	0.261252
0.968	0.272279
0.969	0.28376
0.97	0.295712
0.971	0.308155
0.972	0.321108
0.973	0.334591
0.974	0.348625
0.975	0.363232
0.976	0.378436
0.977	0.39426
0.978	0.410728
0.979	0.427866
0.98	0.4457
0.981	0.464259
0.982	0.48357
0.983	0.503664
0.984	0.524571
0.985	0.546323
0.986	0.568953
0.987	0.592497
0.988	0.61699
0.989	0.642468
0.99	0.668972
0.991	0.69654
0.992	0.725215
0.993	0.75504
0.994	0.786059
0.995	0.81832
0.996	0.85187
0.997	0.88676
0.998	0.923042
0.999	0.96077
