# Interpolation data for function: x^40
0	0.0600438
0.001	0.0595517
0.002	0.059061
0.003	0.0585714
0.004	0.0580832
0.005	0.0575962
0.006	0.0571105
0.007	0.0566261
0.008	0.0561429
0.009	0.055661
0.01	0.0551803
0.011	0.0547009
0.012	0.0542228
0.013	0.0537459
0.014	0.0532703
0.015	0.052796
0.016	0.0523229
0.017	0.0518511
0.018	0.0513805
0.019	0.0509113
0.02	0.0504432
0.021	0.0499765
0.022	0.049511
0.023	0.0490468
0.024	0.0485838
0.025	0.0481221
0.026	0.0476617
0.027	0.0472025
0.028	0.0467446
0.029	0.046288
0.03	0.0458326
0.031	0.0453785
0.032	0.0449256
0.033	0.044474
0.034	0.0440237
0.035	0.0435747
0.036	0.0431269
0.037	0.0426804
0.038	0.0422351
0.039	0.0417911
0.04	0.0413484
0.041	0.0409069
0.042	0.0404667
0.043	0.0400277
0.044	0.03959
0.045	0.0391536
0.046	0.0387185
0.047	0.0382846
0.048	0.037852
0.049	0.0374206
0.05	0.0369905
0.051	0.0365617
0.052	0.0361341
0.053	0.0357078
0.054	0.0352828
0.055	0.034859
0.056	0.0344365
0.057	0.0340152
0.058	0.0335953
0.059	0.0331765
0.06	0.0327591
0.061	0.0323429
0.062	0.031928
0.063	0.0315143
0.064	0.0311019
0.065	0.0306908
0.066	0.0302809
0.067	0.0298723
0.068	0.029465
0.069	0.0290589
0.07	0.0286541
0.071	0.0282505
0.072	0.0278482
0.073	0.0274472
0.074	0.0270475
0.075	0.026649
0.076	0.0262517
0.077	0.0258558
0.078	0.0254611
0.079	0.0250676
0.08	0.0246755
0.081	0.0242846
0.082	0.0238949
0.083	0.0235065
0.084	0.0231194
0.085	0.0227336
0.086	0.022349
0.087	0.0219657
0.088	0.0215836
0.089	0.0212028
0.09	0.0208233
0.091	0.020445
0.092	0.020068
0.093	0.0196923
0.094	0.0193178
0.095	0.0189446
0.096	0.0185726
0.097	0.0182019
0.098	0.0178325
0.099	0.0174644
0.1	0.0170975
0.101	0.0167319
0.102	0.0163675
0.103	0.0160044
0.104	0.0156426
0.105	0.015282
0.106	0.0149227
0.107	0.0145646
0.108	0.0142079
0.109	0.0138523
0.11	0.0134981
0.111	0.0131451
0.112	0.0127934
0.113	0.0124429
0.114	0.0120937
0.115	0.0117458
0.116	0.0113991
0.117	0.0110537
0.118	0.0107096
0.119	0.0103667
0.12	0.0100251
0.121	0.00968477
0.122	0.00934569
0.123	0.00900788
0.124	0.00867132
0.125	0.00833603
0.126	0.00800201
0.127	0.00766925
0.128	0.00733775
0.129	0.00700752
0.13	0.00667855
0.131	0.00635085
0.132	0.00602441
0.133	0.00569923
0.134	0.00537532
0.135	0.00505267
0.136	0.00473129
0.137	0.00441117
0.138	0.00409231
0.139	0.00377472
0.14	0.00345839
0.141	0.00314333
0.142	0.00282953
0.143	0.00251699
0.144	0.00220572
0.145	0.00189571
0.146	0.00158697
0.147	0.00127949
0.148	0.000973276
0.149	0.000668325
0.15	0.000364638
0.151	6.22154e-05
0.152	-0.000238943
0.153	-0.000538838
0.154	-0.000837469
0.155	-0.00113484
0.156	-0.00143094
0.157	-0.00172578
0.158	-0.00201935
0.159	-0.00231166
0.16	-0.00260271
0.161	-0.00289249
0.162	-0.00318101
0.163	-0.00346826
0.164	-0.00375425
0.165	-0.00403898
0.166	-0.00432244
0.167	-0.00460463
0.168	-0.00488557
0.169	-0.00516524
0.17	-0.00544364
0.171	-0.00572078
0.172	-0.00599666
0.173	-0.00627127
0.174	-0.00654462
0.175	-0.00681671
0.176	-0.00708753
0.177	-0.00735709
0.178	-0.00762538
0.179	-0.00789241
0.18	-0.00815817
0.181	-0.00842267
0.182	-0.00868591
0.183	-0.00894788
0.184	-0.00920859
0.185	-0.00946803
0.186	-0.00972621
0.187	-0.00998313
0.188	-0.0102388
0.189	-0.0104932
0.19	-0.0107463
0.191	-0.0109982
0.192	-0.0112487
0.193	-0.0114981
0.194	-0.0117461
0.195	-0.011993
0.196	-0.0122385
0.197	-0.0124828
0.198	-0.0127258
0.199	-0.0129675
0.2	-0.013208
0.201	-0.0134472
0.202	-0.0136852
0.203	-0.0139219
0.204	-0.0141573
0.205	-0.0143915
0.206	-0.0146244
0.207	-0.014856
0.208	-0.0150864
0.209	-0.0153155
0.21	-0.0155433
0.211	-0.0157699
0.212	-0.0159952
0.213	-0.0162193
0.214	-0.016442
0.215	-0.0166636
0.216	-0.0168838
0.217	-0.0171028
0.218	-0.0173205
0.219	-0.017537
0.22	-0.0177522
0.221	-0.0179661
0.222	-0.0181788
0.223	-0.0183902
0.224	-0.0186004
0.225	-0.0188093
0.226	-0.0190169
0.227	-0.0192232
0.228	-0.0194283
0.229	-0.0196321
0.23	-0.0198347
0.231	-0.020036
0.232	-0.020236
0.233	-0.0204348
0.234	-0.0206323
0.235	-0.0208285
0.236	-0.0210235
0.237	-0.0212172
0.238	-0.0214097
0.239	-0.0216009
0.24	-0.0217908
0.241	-0.0219794
0.242	-0.0221668
0.243	-0.022353
0.244	-0.0225378
0.245	-0.0227214
0.246	-0.0229038
0.247	-0.0230848
0.248	-0.0232646
0.249	-0.0234432
0.25	-0.0236205
0.251	-0.0237965
0.252	-0.0239712
0.253	-0.0241447
0.254	-0.0243169
0.255	-0.0244879
0.256	-0.0246576
0.257	-0.024826
0.258	-0.0249932
0.259	-0.0251591
0.26	-0.0253237
0.261	-0.0254871
0.262	-0.0256492
0.263	-0.02581
0.264	-0.0259696
0.265	-0.0261279
0.266	-0.026285
0.267	-0.0264408
0.268	-0.0265953
0.269	-0.0267486
0.27	-0.0269006
0.271	-0.0270513
0.272	-0.0272008
0.273	-0.027349
0.274	-0.0274959
0.275	-0.0276416
0.276	-0.027786
0.277	-0.0279292
0.278	-0.028071
0.279	-0.0282117
0.28	-0.028351
0.281	-0.0284891
0.282	-0.0286259
0.283	-0.0287615
0.284	-0.0288958
0.285	-0.0290288
0.286	-0.0291606
0.287	-0.0292911
0.288	-0.0294204
0.289	-0.0295484
0.29	-0.0296751
0.291	-0.0298005
0.292	-0.0299247
0.293	-0.0300476
0.294	-0.0301693
0.295	-0.0302897
0.296	-0.0304088
0.297	-0.0305267
0.298	-0.0306433
0.299	-0.0307586
0.3	-0.0308727
0.301	-0.0309855
0.302	-0.0310971
0.303	-0.0312073
0.304	-0.0313164
0.305	-0.0314241
0.306	-0.0315306
0.307	-0.0316358
0.308	-0.0317398
0.309	-0.0318425
0.31	-0.0319439
0.311	-0.0320441
0.312	-0.032143
0.313	-0.0322406
0.314	-0.032337
0.315	-0.0324321
0.316	-0.032526
0.317	-0.0326186
0.318	-0.0327099
0.319	-0.0328
0.32	-0.0328887
0.321	-0.0329763
0.322	-0.0330625
0.323	-0.0331475
0.324	-0.0332313
0.325	-0.0333138
0.326	-0.033395
0.327	-0.0334749
0.328	-0.0335536
0.329	-0.033631
0.33	-0.0337072
0.331	-0.033782
0.332	-0.0338557
0.333	-0.033928
0.334	-0.0339991
0.335	-0.034069
0.336	-0.0341375
0.337	-0.0342048
0.338	-0.0342709
0.339	-0.0343356
0.34	-0.0343992
0.341	-0.0344614
0.342	-0.0345224
0.343	-0.0345821
0.344	-0.0346406
0.345	-0.0346978
0.346	-0.0347537
0.347	-0.0348083
0.348	-0.0348617
0.349	-0.0349139
0.35	-0.0349648
0.351	-0.0350144
0.352	-0.0350627
0.353	-0.0351098
0.354	-0.0351556
0.355	-0.0352001
0.356	-0.0352434
0.357	-0.0352855
0.358	-0.0353262
0.359	-0.0353657
0.36	-0.0354039
0.361	-0.0354409
0.362	-0.0354766
0.363	-0.035511
0.364	-0.0355442
0.365	-0.0355761
0.366	-0.0356068
0.367	-0.0356362
0.368	-0.0356643
0.369	-0.0356911
0.37	-0.0357167
0.371	-0.035741
0.372	-0.0357641
0.373	-0.0357859
0.374	-0.0358064
0.375	-0.0358257
0.376	-0.0358437
0.377	-0.0358604
0.378	-0.0358759
0.379	-0.0358901
0.38	-0.0359031
0.381	-0.0359148
0.382	-0.0359252
0.383	-0.0359343
0.384	-0.0359422
0.385	-0.0359489
0.386	-0.0359542
0.387	-0.0359583
0.388	-0.0359612
0.389	-0.0359627
0.39	-0.035963
0.391	-0.0359621
0.392	-0.0359599
0.393	-0.0359564
0.394	-0.0359516
0.395	-0.0359456
0.396	-0.0359384
0.397	-0.0359298
0.398	-0.03592
0.399	-0.0359089
0.4	-0.0358966
0.401	-0.035883
0.402	-0.0358681
0.403	-0.035852
0.404	-0.0358346
0.405	-0.035816
0.406	-0.0357961
0.407	-0.0357749
0.408	-0.0357524
0.409	-0.0357287
0.41	-0.0357038
0.411	-0.0356775
0.412	-0.03565
0.413	-0.0356212
0.414	-0.0355912
0.415	-0.0355599
0.416	-0.0355274
0.417	-0.0354935
0.418	-0.0354585
0.419	-0.0354221
0.42	-0.0353845
0.421	-0.0353456
0.422	-0.0353055
0.423	-0.0352641
0.424	-0.0352214
0.425	-0.0351775
0.426	-0.0351323
0.427	-0.0350858
0.428	-0.0350381
0.429	-0.0349891
0.43	-0.0349388
0.431	-0.0348873
0.432	-0.0348345
0.433	-0.0347805
0.434	-0.0347252
0.435	-0.0346686
0.436	-0.0346107
0.437	-0.0345516
0.438	-0.0344913
0.439	-0.0344296
0.44	-0.0343667
0.441	-0.0343026
0.442	-0.0342372
0.443	-0.0341705
0.444	-0.0341025
0.445	-0.0340333
0.446	-0.0339628
0.447	-0.0338911
0.448	-0.0338181
0.449	-0.0337438
0.45	-0.0336683
0.451	-0.0335915
0.452	-0.0335134
0.453	-0.0334341
0.454	-0.0333535
0.455	-0.0332716
0.456	-0.0331885
0.457	-0.0331041
0.458	-0.0330185
0.459	-0.0329315
0.46	-0.0328434
0.461	-0.0327539
0.462	-0.0326632
0.463	-0.0325713
0.464	-0.032478
0.465	-0.0323835
0.466	-0.0322878
0.467	-0.0321907
0.468	-0.0320924
0.469	-0.0319929
0.47	-0.0318921
0.471	-0.03179
0.472	-0.0316866
0.473	-0.031582
0.474	-0.0314762
0.475	-0.031369
0.476	-0.0312606
0.477	-0.0311509
0.478	-0.03104
0.479	-0.0309278
0.48	-0.0308144
0.481	-0.0306996
0.482	-0.0305836
0.483	-0.0304664
0.484	-0.0303479
0.485	-0.0302281
0.486	-0.0301071
0.487	-0.0299848
0.488	-0.0298612
0.489	-0.0297363
0.49	-0.0296102
0.491	-0.0294829
0.492	-0.0293543
0.493	-0.0292244
0.494	-0.0290932
0.495	-0.0289608
0.496	-0.0288271
0.497	-0.0286921
0.498	-0.0285559
0.499	-0.0284185
0.5	-0.0282797
0.501	-0.0281397
0.502	-0.0279984
0.503	-0.0278559
0.504	-0.0277121
0.505	-0.0275671
0.506	-0.0274207
0.507	-0.0272731
0.508	-0.0271243
0.509	-0.0269742
0.51	-0.0268228
0.511	-0.0266701
0.512	-0.0265162
0.513	-0.0263611
0.514	-0.0262046
0.515	-0.0260469
0.516	-0.025888
0.517	-0.0257277
0.518	-0.0255662
0.519	-0.0254035
0.52	-0.0252394
0.521	-0.0250742
0.522	-0.0249076
0.523	-0.0247398
0.524	-0.0245707
0.525	-0.0244004
0.526	-0.0242288
0.527	-0.0240559
0.528	-0.0238818
0.529	-0.0237064
0.53	-0.0235297
0.531	-0.0233518
0.532	-0.0231726
0.533	-0.0229921
0.534	-0.0228104
0.535	-0.0226274
0.536	-0.0224432
0.537	-0.0222577
0.538	-0.0220709
0.539	-0.0218828
0.54	-0.0216935
0.541	-0.021503
0.542	-0.0213111
0.543	-0.021118
0.544	-0.0209237
0.545	-0.0207281
0.546	-0.0205312
0.547	-0.020333
0.548	-0.0201336
0.549	-0.0199329
0.55	-0.019731
0.551	-0.0195278
0.552	-0.0193233
0.553	-0.0191176
0.554	-0.0189106
0.555	-0.0187023
0.556	-0.0184928
0.557	-0.018282
0.558	-0.0180699
0.559	-0.0178566
0.56	-0.017642
0.561	-0.0174262
0.562	-0.017209
0.563	-0.0169907
0.564	-0.016771
0.565	-0.0165501
0.566	-0.0163279
0.567	-0.0161045
0.568	-0.0158798
0.569	-0.0156539
0.57	-0.0154266
0.571	-0.0151981
0.572	-0.0149684
0.573	-0.0147374
0.574	-0.0145051
0.575	-0.0142715
0.576	-0.0140367
0.577	-0.0138006
0.578	-0.0135633
0.579	-0.0133247
0.58	-0.0130848
0.581	-0.0128437
0.582	-0.0126013
0.583	-0.0123577
0.584	-0.0121127
0.585	-0.0118665
0.586	-0.0116191
0.587	-0.0113704
0.588	-0.0111204
0.589	-0.0108692
0.59	-0.0106166
0.591	-0.0103629
0.592	-0.0101078
0.593	-0.00985154
0.594	-0.00959397
0.595	-0.00933514
0.596	-0.00907505
0.597	-0.00881369
0.598	-0.00855107
0.599	-0.00828719
0.6	-0.00802204
0.601	-0.00775563
0.602	-0.00748795
0.603	-0.00721901
0.604	-0.0069488
0.605	-0.00667734
0.606	-0.0064046
0.607	-0.00613061
0.608	-0.00585534
0.609	-0.00557882
0.61	-0.00530103
0.611	-0.00502198
0.612	-0.00474166
0.613	-0.00446008
0.614	-0.00417723
0.615	-0.00389312
0.616	-0.00360775
0.617	-0.00332111
0.618	-0.00303321
0.619	-0.00274404
0.62	-0.00245361
0.621	-0.00216192
0.622	-0.00186896
0.623	-0.00157473
0.624	-0.00127925
0.625	-0.000982497
0.626	-0.000684483
0.627	-0.000385204
0.628	-8.46609e-05
0.629	0.000217146
0.63	0.000520217
0.631	0.000824552
0.632	0.00113015
0.633	0.00143701
0.634	0.00174514
0.635	0.00205453
0.636	0.00236519
0.637	0.00267711
0.638	0.00299029
0.639	0.00330474
0.64	0.00362045
0.641	0.00393743
0.642	0.00425567
0.643	0.00457517
0.644	0.00489594
0.645	0.00521797
0.646	0.00554127
0.647	0.00586583
0.648	0.00619165
0.649	0.00651874
0.65	0.0068471
0.651	0.00717671
0.652	0.00750759
0.653	0.00783974
0.654	0.00817315
0.655	0.00850782
0.656	0.00884376
0.657	0.00918096
0.658	0.00951942
0.659	0.00985915
0.66	0.0102001
0.661	0.0105424
0.662	0.0108859
0.663	0.0112307
0.664	0.0115768
0.665	0.0119241
0.666	0.0122727
0.667	0.0126225
0.668	0.0129736
0.669	0.013326
0.67	0.0136796
0.671	0.0140345
0.672	0.0143907
0.673	0.0147481
0.674	0.0151068
0.675	0.0154667
0.676	0.015828
0.677	0.0161904
0.678	0.0165542
0.679	0.0169192
0.68	0.0172855
0.681	0.017653
0.682	0.0180218
0.683	0.0183919
0.684	0.0187632
0.685	0.0191358
0.686	0.0195097
0.687	0.0198848
0.688	0.0202612
0.689	0.0206388
0.69	0.0210177
0.691	0.0213979
0.692	0.0217794
0.693	0.0221621
0.694	0.022546
0.695	0.0229313
0.696	0.0233178
0.697	0.0237056
0.698	0.0240946
0.699	0.0244849
0.7	0.0248764
0.701	0.0252692
0.702	0.0256633
0.703	0.0260587
0.704	0.0264553
0.705	0.0268532
0.706	0.0272523
0.707	0.0276527
0.708	0.0280544
0.709	0.0284573
0.71	0.0288615
0.711	0.029267
0.712	0.0296737
0.713	0.0300817
0.714	0.0304909
0.715	0.0309015
0.716	0.0313132
0.717	0.0317263
0.718	0.0321406
0.719	0.0325562
0.72	0.032973
0.721	0.0333911
0.722	0.0338105
0.723	0.0342311
0.724	0.034653
0.725	0.0350762
0.726	0.0355006
0.727	0.0359263
0.728	0.0363532
0.729	0.0367814
0.73	0.0372109
0.731	0.0376417
0.732	0.0380737
0.733	0.0385069
0.734	0.0389415
0.735	0.0393773
0.736	0.0398143
0.737	0.0402527
0.738	0.0406923
0.739	0.0411331
0.74	0.0415752
0.741	0.0420186
0.742	0.0424633
0.743	0.0429092
0.744	0.0433564
0.745	0.0438048
0.746	0.0442545
0.747	0.0447055
0.748	0.0451577
0.749	0.0456112
0.75	0.046066
0.751	0.046522
0.752	0.0469793
0.753	0.0474378
0.754	0.0478976
0.755	0.0483587
0.756	0.0488211
0.757	0.0492847
0.758	0.0497496
0.759	0.0502157
0.76	0.0506831
0.761	0.0511518
0.762	0.0516217
0.763	0.0520929
0.764	0.0525653
0.765	0.0530391
0.766	0.053514
0.767	0.0539903
0.768	0.0544678
0.769	0.0549466
0.77	0.0554266
0.771	0.0559079
0.772	0.0563905
0.773	0.0568743
0.774	0.0573594
0.775	0.0578458
0.776	0.0583334
0.777	0.0588223
0.778	0.0593125
0.779	0.0598039
0.78	0.0602966
0.781	0.0607905
0.782	0.0612857
0.783	0.0617822
0.784	0.0622799
0.785	0.0627789
0.786	0.0632792
0.787	0.0637807
0.788	0.0642835
0.789	0.0647876
0.79	0.0652929
0.791	0.0657995
0.792	0.0663074
0.793	0.0668165
0.794	0.0673269
0.795	0.0678385
0.796	0.0683514
0.797	0.0688656
0.798	0.069381
0.799	0.0698977
0.8	0.0704157
0.801	0.0709349
0.802	0.0714554
0.803	0.0719772
0.804	0.0725002
0.805	0.0730245
0.806	0.07355
0.807	0.0740768
0.808	0.0746049
0.809	0.0751343
0.81	0.0756649
0.811	0.0761967
0.812	0.0767299
0.813	0.0772643
0.814	0.0777999
0.815	0.0783368
0.816	0.078875
0.817	0.0794145
0.818	0.0799552
0.819	0.0804972
0.82	0.0810404
0.821	0.0815849
0.822	0.0821307
0.823	0.0826778
0.824	0.0832261
0.825	0.0837756
0.826	0.0843265
0.827	0.0848786
0.828	0.0854319
0.829	0.0859865
0.83	0.0865424
0.831	0.0870996
0.832	0.087658
0.833	0.0882177
0.834	0.0887786
0.835	0.0893408
0.836	0.0899043
0.837	0.090469
0.838	0.091035
0.839	0.0916023
0.84	0.0921708
0.841	0.0927406
0.842	0.0933117
0.843	0.093884
0.844	0.0944576
0.845	0.0950324
0.846	0.0956085
0.847	0.0961859
0.848	0.0967645
0.849	0.0973444
0.85	0.0979256
0.851	0.098508
0.852	0.0990917
0.853	0.0996767
0.854	0.100263
0.855	0.10085
0.856	0.101439
0.857	0.102029
0.858	0.10262
0.859	0.103213
0.86	0.103807
0.861	0.104402
0.862	0.104998
0.863	0.105596
0.864	0.106195
0.865	0.106795
0.866	0.107396
0.867	0.107999
0.868	0.108603
0.869	0.109208
0.87	0.109814
0.871	0.110422
0.872	0.111031
0.873	0.111641
0.874	0.112253
0.875	0.112866
0.876	0.11348
0.877	0.114095
0.878	0.114712
0.879	0.115329
0.88	0.115948
0.881	0.116569
0.882	0.11719
0.883	0.117813
0.884	0.118437
0.885	0.119063
0.886	0.11969
0.887	0.120317
0.888	0.120947
0.889	0.121577
0.89	0.122209
0.891	0.122842
0.892	0.123476
0.893	0.124112
0.894	0.124748
0.895	0.125387
0.896	0.126026
0.897	0.126666
0.898	0.127308
0.899	0.127951
0.9	0.128596
0.901	0.129241
0.902	0.129888
0.903	0.130536
0.904	0.131186
0.905	0.131837
0.906	0.132489
0.907	0.133142
0.908	0.133796
0.909	0.134452
0.91	0.135109
0.911	0.135767
0.912	0.136427
0.913	0.137088
0.914	0.13775
0.915	0.138413
0.916	0.139078
0.917	0.139743
0.918	0.140411
0.919	0.141079
0.92	0.141749
0.921	0.14242
0.922	0.143092
0.923	0.143765
0.924	0.14444
0.925	0.145116
0.926	0.145793
0.927	0.146472
0.928	0.147151
0.929	0.147832
0.93	0.148515
0.931	0.149198
0.932	0.149883
0.933	0.150569
0.934	0.151257
0.935	0.151945
0.936	0.152635
0.937	0.153326
0.938	0.154019
0.939	0.154712
0.94	0.155407
0.941	0.156103
0.942	0.156801
0.943	0.1575
0.944	0.1582
0.945	0.158901
0.946	0.159603
0.947	0.160307
0.948	0.161012
0.949	0.161718
0.95	0.162426
0.951	0.163135
0.952	0.163845
0.953	0.164556
0.954	0.165269
0.955	0.165983
0.956	0.166698
0.957	0.167414
0.958	0.168132
0.959	0.168851
0.96	0.169571
0.961	0.170293
0.962	0.171016
0.963	0.17174
0.964	0.172465
0.965	0.173191
0.966	0.173919
0.967	0.174648
0.968	0.175379
0.969	0.17611
0.97	0.176843
0.971	0.177577
0.972	0.178313
0.973	0.179049
0.974	0.179787
0.975	0.180526
0.976	0.181267
0.977	0.182008
0.978	0.182751
0.979	0.183496
0.98	0.184241
0.981	0.184988
0.982	0.185736
0.983	0.186485
0.984	0.187236
0.985	0.187988
0.986	0.188741
0.987	0.189495
0.988	0.190251
0.989	0.191008
0.99	0.191766
0.991	0.192525
0.992	0.193286
0.993	0.194048
0.994	0.194811
0.995	0.195575
0.996	0.196341
0.997	0.197108
0.998	0.197876
0.999	0.198646
