# Interpolation data for function: x^40
0.5	1.04587e-12
0.501	9.94554e-13
0.502	1.02254e-12
0.503	1.10061e-12
0.504	1.20883e-12
0.505	1.33412e-12
0.506	1.46857e-12
0.507	1.608e-12
0.508	1.75082e-12
0.509	1.89732e-12
0.51	2.04874e-12
0.511	2.20718e-12
0.512	2.375e-12
0.513	2.55469e-12
0.514	2.74869e-12
0.515	2.95936e-12
0.516	3.18879e-12
0.517	3.43898e-12
0.518	3.71176e-12
0.519	4.00884e-12
0.52	4.33185e-12
0.521	4.68231e-12
0.522	5.0619e-12
0.523	5.47226e-12
0.524	5.91517e-12
0.525	6.3925e-12
0.526	6.90637e-12
0.527	7.45909e-12
0.528	8.05324e-12
0.529	8.69165e-12
0.53	9.37744e-12
0.531	1.0114e-11
0.532	1.09052e-11
0.533	1.17549e-11
0.534	1.26679e-11
0.535	1.36487e-11
0.536	1.47026e-11
0.537	1.58353e-11
0.538	1.70528e-11
0.539	1.83615e-11
0.54	1.97683e-11
0.541	2.12806e-11
0.542	2.29063e-11
0.543	2.46539e-11
0.544	2.65322e-11
0.545	2.8551e-11
0.546	3.07205e-11
0.547	3.30516e-11
0.548	3.55559e-11
0.549	3.8246e-11
0.55	4.1135e-11
0.551	4.42372e-11
0.552	4.75677e-11
0.553	5.11428e-11
0.554	5.49796e-11
0.555	5.90967e-11
0.556	6.35139e-11
0.557	6.82522e-11
0.558	7.33342e-11
0.559	7.8784e-11
0.56	8.46274e-11
0.561	9.08919e-11
0.562	9.7607e-11
0.563	1.04804e-10
0.564	1.12517e-10
0.565	1.20781e-10
0.566	1.29636e-10
0.567	1.39121e-10
0.568	1.49281e-10
0.569	1.60162e-10
0.57	1.71815e-10
0.571	1.84292e-10
0.572	1.97651e-10
0.573	2.11951e-10
0.574	2.27259e-10
0.575	2.43642e-10
0.576	2.61175e-10
0.577	2.79936e-10
0.578	3.00008e-10
0.579	3.21482e-10
0.58	3.44452e-10
0.581	3.6902e-10
0.582	3.95293e-10
0.583	4.23388e-10
0.584	4.53427e-10
0.585	4.8554e-10
0.586	5.19868e-10
0.587	5.56559e-10
0.588	5.95771e-10
0.589	6.37673e-10
0.59	6.82443e-10
0.591	7.30273e-10
0.592	7.81366e-10
0.593	8.35939e-10
0.594	8.94223e-10
0.595	9.56461e-10
0.596	1.02292e-09
0.597	1.09387e-09
0.598	1.16961e-09
0.599	1.25045e-09
0.6	1.33673e-09
0.601	1.42881e-09
0.602	1.52706e-09
0.603	1.63189e-09
0.604	1.74372e-09
0.605	1.86301e-09
0.606	1.99024e-09
0.607	2.12593e-09
0.608	2.27062e-09
0.609	2.4249e-09
0.61	2.58938e-09
0.611	2.76472e-09
0.612	2.95161e-09
0.613	3.15081e-09
0.614	3.36308e-09
0.615	3.58928e-09
0.616	3.83028e-09
0.617	4.08704e-09
0.618	4.36055e-09
0.619	4.65188e-09
0.62	4.96215e-09
0.621	5.29256e-09
0.622	5.64439e-09
0.623	6.01899e-09
0.624	6.41778e-09
0.625	6.8423e-09
0.626	7.29414e-09
0.627	7.77504e-09
0.628	8.28679e-09
0.629	8.83133e-09
0.63	9.41071e-09
0.631	1.00271e-08
0.632	1.06828e-08
0.633	1.13802e-08
0.634	1.21219e-08
0.635	1.29107e-08
0.636	1.37494e-08
0.637	1.46412e-08
0.638	1.55893e-08
0.639	1.65972e-08
0.64	1.76685e-08
0.641	1.88071e-08
0.642	2.00171e-08
0.643	2.13029e-08
0.644	2.26691e-08
0.645	2.41206e-08
0.646	2.56626e-08
0.647	2.73005e-08
0.648	2.90402e-08
0.649	3.08878e-08
0.65	3.28499e-08
0.651	3.49333e-08
0.652	3.71453e-08
0.653	3.94936e-08
0.654	4.19865e-08
0.655	4.46326e-08
0.656	4.7441e-08
0.657	5.04214e-08
0.658	5.35841e-08
0.659	5.69399e-08
0.66	6.05003e-08
0.661	6.42774e-08
0.662	6.82841e-08
0.663	7.25339e-08
0.664	7.70412e-08
0.665	8.18212e-08
0.666	8.68899e-08
0.667	9.22642e-08
0.668	9.79622e-08
0.669	1.04003e-07
0.67	1.10406e-07
0.671	1.17193e-07
0.672	1.24386e-07
0.673	1.32009e-07
0.674	1.40086e-07
0.675	1.48645e-07
0.676	1.57713e-07
0.677	1.6732e-07
0.678	1.77496e-07
0.679	1.88274e-07
0.68	1.9969e-07
0.681	2.1178e-07
0.682	2.24582e-07
0.683	2.38138e-07
0.684	2.5249e-07
0.685	2.67684e-07
0.686	2.83769e-07
0.687	3.00794e-07
0.688	3.18814e-07
0.689	3.37885e-07
0.69	3.58066e-07
0.691	3.79421e-07
0.692	4.02016e-07
0.693	4.25921e-07
0.694	4.5121e-07
0.695	4.77961e-07
0.696	5.06255e-07
0.697	5.36181e-07
0.698	5.67828e-07
0.699	6.01294e-07
0.7	6.36681e-07
0.701	6.74094e-07
0.702	7.13649e-07
0.703	7.55463e-07
0.704	7.99662e-07
0.705	8.46379e-07
0.706	8.95753e-07
0.707	9.47931e-07
0.708	1.00307e-06
0.709	1.06133e-06
0.71	1.12288e-06
0.711	1.18791e-06
0.712	1.25661e-06
0.713	1.32917e-06
0.714	1.40582e-06
0.715	1.48676e-06
0.716	1.57225e-06
0.717	1.66252e-06
0.718	1.75783e-06
0.719	1.85847e-06
0.72	1.96472e-06
0.721	2.07688e-06
0.722	2.19527e-06
0.723	2.32023e-06
0.724	2.45213e-06
0.725	2.59132e-06
0.726	2.7382e-06
0.727	2.89319e-06
0.728	3.05672e-06
0.729	3.22925e-06
0.73	3.41126e-06
0.731	3.60326e-06
0.732	3.80578e-06
0.733	4.01938e-06
0.734	4.24466e-06
0.735	4.48222e-06
0.736	4.73274e-06
0.737	4.99689e-06
0.738	5.27539e-06
0.739	5.569e-06
0.74	5.87853e-06
0.741	6.20481e-06
0.742	6.54872e-06
0.743	6.91119e-06
0.744	7.29319e-06
0.745	7.69575e-06
0.746	8.11995e-06
0.747	8.56691e-06
0.748	9.03782e-06
0.749	9.53395e-06
0.75	1.00566e-05
0.751	1.06071e-05
0.752	1.1187e-05
0.753	1.17977e-05
0.754	1.2441e-05
0.755	1.31183e-05
0.756	1.38316e-05
0.757	1.45826e-05
0.758	1.53733e-05
0.759	1.62058e-05
0.76	1.70822e-05
0.761	1.80047e-05
0.762	1.89757e-05
0.763	1.99978e-05
0.764	2.10734e-05
0.765	2.22053e-05
0.766	2.33965e-05
0.767	2.46499e-05
0.768	2.59686e-05
0.769	2.73561e-05
0.77	2.88157e-05
0.771	3.03511e-05
0.772	3.19663e-05
0.773	3.36651e-05
0.774	3.54518e-05
0.775	3.73309e-05
0.776	3.93069e-05
0.777	4.13848e-05
0.778	4.35696e-05
0.779	4.58668e-05
0.78	4.82819e-05
0.781	5.08208e-05
0.782	5.34897e-05
0.783	5.62951e-05
0.784	5.92437e-05
0.785	6.23428e-05
0.786	6.55997e-05
0.787	6.90223e-05
0.788	7.26187e-05
0.789	7.63977e-05
0.79	8.03681e-05
0.791	8.45394e-05
0.792	8.89216e-05
0.793	9.3525e-05
0.794	9.83604e-05
0.795	0.000103439
0.796	0.000108773
0.797	0.000114375
0.798	0.000120258
0.799	0.000126436
0.8	0.000132923
0.801	0.000139734
0.802	0.000146884
0.803	0.000154391
0.804	0.000162271
0.805	0.000170544
0.806	0.000179226
0.807	0.000188339
0.808	0.000197904
0.809	0.000207941
0.81	0.000218475
0.811	0.000229527
0.812	0.000241124
0.813	0.000253292
0.814	0.000266058
0.815	0.00027945
0.816	0.000293499
0.817	0.000308235
0.818	0.000323692
0.819	0.000339904
0.82	0.000356906
0.821	0.000374737
0.822	0.000393435
0.823	0.000413041
0.824	0.000433599
0.825	0.000455154
0.826	0.000477751
0.827	0.000501442
0.828	0.000526276
0.829	0.000552308
0.83	0.000579594
0.831	0.000608192
0.832	0.000638165
0.833	0.000669576
0.834	0.000702493
0.835	0.000736986
0.836	0.000773127
0.837	0.000810995
0.838	0.000850669
0.839	0.000892233
0.84	0.000935775
0.841	0.000981386
0.842	0.00102916
0.843	0.0010792
0.844	0.00113161
0.845	0.0011865
0.846	0.00124398
0.847	0.00130418
0.848	0.00136721
0.849	0.0014332
0.85	0.0015023
0.851	0.00157464
0.852	0.00165038
0.853	0.00172966
0.854	0.00181265
0.855	0.00189952
0.856	0.00199045
0.857	0.00208561
0.858	0.0021852
0.859	0.00228943
0.86	0.00239849
0.861	0.00251262
0.862	0.00263203
0.863	0.00275697
0.864	0.00288768
0.865	0.00302444
0.866	0.00316749
0.867	0.00331714
0.868	0.00347367
0.869	0.0036374
0.87	0.00380864
0.871	0.00398773
0.872	0.00417503
0.873	0.00437089
0.874	0.0045757
0.875	0.00478985
0.876	0.00501377
0.877	0.00524788
0.878	0.00549263
0.879	0.00574851
0.88	0.00601599
0.881	0.00629559
0.882	0.00658785
0.883	0.00689332
0.884	0.00721258
0.885	0.00754624
0.886	0.00789494
0.887	0.00825933
0.888	0.0086401
0.889	0.00903796
0.89	0.00945367
0.891	0.00988799
0.892	0.0103418
0.893	0.0108158
0.894	0.011311
0.895	0.0118283
0.896	0.0123686
0.897	0.012933
0.898	0.0135224
0.899	0.014138
0.9	0.0147809
0.901	0.0154522
0.902	0.0161533
0.903	0.0168853
0.904	0.0176497
0.905	0.0184477
0.906	0.0192809
0.907	0.0201508
0.908	0.0210588
0.909	0.0220067
0.91	0.0229962
0.911	0.024029
0.912	0.0251069
0.913	0.026232
0.914	0.0274061
0.915	0.0286315
0.916	0.0299102
0.917	0.0312445
0.918	0.0326368
0.919	0.0340895
0.92	0.0356052
0.921	0.0371865
0.922	0.0388362
0.923	0.0405572
0.924	0.0423525
0.925	0.0442251
0.926	0.0461785
0.927	0.0482158
0.928	0.0503407
0.929	0.0525568
0.93	0.0548678
0.931	0.0572779
0.932	0.0597911
0.933	0.0624117
0.934	0.0651441
0.935	0.067993
0.936	0.0709633
0.937	0.07406
0.938	0.0772883
0.939	0.0806536
0.94	0.0841616
0.941	0.0878183
0.942	0.0916297
0.943	0.0956022
0.944	0.0997424
0.945	0.104057
0.946	0.108554
0.947	0.11324
0.948	0.118123
0.949	0.123211
0.95	0.128512
0.951	0.134036
0.952	0.139791
0.953	0.145786
0.954	0.152032
0.955	0.158539
0.956	0.165316
0.957	0.172376
0.958	0.17973
0.959	0.187389
0.96	0.195366
0.961	0.203674
0.962	0.212326
0.963	0.221336
0.964	0.230718
0.965	0.240488
0.966	0.25066
0.967	0.261252
0.968	0.272279
0.969	0.28376
0.97	0.295712
0.971	0.308155
0.972	0.321108
0.973	0.334591
0.974	0.348625
0.975	0.363232
0.976	0.378436
0.977	0.39426
0.978	0.410728
0.979	0.427866
0.98	0.4457
0.981	0.464259
0.982	0.48357
0.983	0.503664
0.984	0.524571
0.985	0.546323
0.986	0.568953
0.987	0.592497
0.988	0.61699
0.989	0.642468
0.99	0.668972
0.991	0.69654
0.992	0.725215
0.993	0.75504
0.994	0.786059
0.995	0.81832
0.996	0.85187
0.997	0.88676
0.998	0.923042
0.999	0.96077
0	2.01751e-26
0.001	2.01751e-26
0.002	2.01751e-26
0.003	2.01751e-26
0.004	2.01751e-26
0.005	2.01751e-26
0.006	2.01751e-26
0.007	2.01751e-26
0.008	2.01751e-26
0.009	2.01751e-26
0.01	2.01751e-26
0.011	2.01751e-26
0.012	2.01751e-26
0.013	2.01751e-26
0.014	2.01751e-26
0.015	2.01751e-26
0.016	2.01751e-26
0.017	2.01751e-26
0.018	2.01751e-26
0.019	2.01751e-26
0.02	2.01751e-26
0.021	2.01751e-26
0.022	2.01751e-26
0.023	2.01751e-26
0.024	2.01751e-26
0.025	2.01751e-26
0.026	2.01751e-26
0.027	2.01751e-26
0.028	2.01751e-26
0.029	2.01751e-26
0.03	2.01751e-26
0.031	2.01751e-26
0.032	2.01751e-26
0.033	2.01751e-26
0.034	2.01751e-26
0.035	2.01751e-26
0.036	2.01751e-26
0.037	2.01751e-26
0.038	2.01751e-26
0.039	2.01751e-26
0.04	2.01751e-26
0.041	2.01751e-26
0.042	2.01751e-26
0.043	2.01751e-26
0.044	2.01751e-26
0.045	2.01751e-26
0.046	2.01751e-26
0.047	2.01751e-26
0.048	2.01751e-26
0.049	2.01751e-26
0.05	2.01751e-26
0.051	2.01751e-26
0.052	2.01751e-26
0.053	2.01751e-26
0.054	2.01751e-26
0.055	2.01751e-26
0.056	2.01751e-26
0.057	2.01751e-26
0.058	2.01751e-26
0.059	2.01751e-26
0.06	2.01751e-26
0.061	2.01751e-26
0.062	2.01751e-26
0.063	2.01751e-26
0.064	2.01751e-26
0.065	2.01751e-26
0.066	2.01751e-26
0.067	2.01751e-26
0.068	2.01751e-26
0.069	2.01751e-26
0.07	2.01751e-26
0.071	2.01751e-26
0.072	2.01751e-26
0.073	2.01751e-26
0.074	2.01751e-26
0.075	2.01751e-26
0.076	2.01751e-26
0.077	2.01751e-26
0.078	2.01751e-26
0.079	2.01751e-26
0.08	2.01751e-26
0.081	2.01751e-26
0.082	2.01751e-26
0.083	2.01751e-26
0.084	2.01751e-26
0.085	2.01751e-26
0.086	2.01751e-26
0.087	2.01751e-26
0.088	2.01751e-26
0.089	2.01751e-26
0.09	2.01751e-26
0.091	2.01751e-26
0.092	2.01751e-26
0.093	2.01751e-26
0.094	2.01751e-26
0.095	2.01751e-26
0.096	2.01751e-26
0.097	2.01751e-26
0.098	2.01751e-26
0.099	2.01751e-26
0.1	2.01751e-26
0.101	2.01751e-26
0.102	2.01751e-26
0.103	2.01751e-26
0.104	2.01751e-26
0.105	2.01751e-26
0.106	2.01751e-26
0.107	2.01751e-26
0.108	2.01751e-26
0.109	2.01751e-26
0.11	2.01751e-26
0.111	2.01751e-26
0.112	2.01751e-26
0.113	2.01751e-26
0.114	2.01751e-26
0.115	2.01751e-26
0.116	2.01751e-26
0.117	2.01751e-26
0.118	2.01751e-26
0.119	2.01751e-26
0.12	2.01751e-26
0.121	2.01751e-26
0.122	2.01751e-26
0.123	2.01751e-26
0.124	2.01751e-26
0.125	2.01751e-26
0.126	2.01751e-26
0.127	2.01751e-26
0.128	2.01751e-26
0.129	2.01751e-26
0.13	2.01751e-26
0.131	2.01751e-26
0.132	2.01751e-26
0.133	2.01751e-26
0.134	2.01751e-26
0.135	2.01751e-26
0.136	2.01751e-26
0.137	2.01751e-26
0.138	2.01751e-26
0.139	2.01751e-26
0.14	2.01751e-26
0.141	2.01751e-26
0.142	2.01751e-26
0.143	2.01751e-26
0.144	2.01751e-26
0.145	2.01751e-26
0.146	2.01751e-26
0.147	2.01751e-26
0.148	2.01751e-26
0.149	2.01751e-26
0.15	2.01751e-26
0.151	2.01751e-26
0.152	2.01751e-26
0.153	2.01751e-26
0.154	2.01751e-26
0.155	2.01751e-26
0.156	2.01751e-26
0.157	2.01751e-26
0.158	2.01751e-26
0.159	2.01751e-26
0.16	2.01751e-26
0.161	2.01751e-26
0.162	2.01751e-26
0.163	2.01751e-26
0.164	2.01751e-26
0.165	2.01751e-26
0.166	2.01751e-26
0.167	2.01751e-26
0.168	2.01751e-26
0.169	2.01751e-26
0.17	2.01751e-26
0.171	2.01751e-26
0.172	2.01751e-26
0.173	2.01751e-26
0.174	2.01751e-26
0.175	2.01751e-26
0.176	2.01751e-26
0.177	2.01751e-26
0.178	2.01751e-26
0.179	2.01751e-26
0.18	2.01751e-26
0.181	2.01751e-26
0.182	2.01751e-26
0.183	2.01751e-26
0.184	2.01751e-26
0.185	2.01751e-26
0.186	2.01751e-26
0.187	2.01751e-26
0.188	2.01751e-26
0.189	2.01751e-26
0.19	2.01751e-26
0.191	2.01751e-26
0.192	2.01751e-26
0.193	2.01751e-26
0.194	2.01751e-26
0.195	2.01751e-26
0.196	2.01751e-26
0.197	2.01751e-26
0.198	2.01751e-26
0.199	2.01751e-26
0.2	2.01751e-26
0.201	2.01751e-26
0.202	2.01751e-26
0.203	2.01751e-26
0.204	2.01751e-26
0.205	2.01751e-26
0.206	2.01751e-26
0.207	2.01751e-26
0.208	2.01751e-26
0.209	2.01751e-26
0.21	2.01751e-26
0.211	2.01751e-26
0.212	2.01751e-26
0.213	2.01751e-26
0.214	2.01751e-26
0.215	2.01751e-26
0.216	2.01751e-26
0.217	2.01751e-26
0.218	2.01751e-26
0.219	2.01751e-26
0.22	2.01751e-26
0.221	2.01751e-26
0.222	2.01751e-26
0.223	2.01751e-26
0.224	2.01751e-26
0.225	2.01751e-26
0.226	2.01751e-26
0.227	2.01751e-26
0.228	2.01751e-26
0.229	2.01751e-26
0.23	2.01751e-26
0.231	2.01751e-26
0.232	2.01751e-26
0.233	2.01751e-26
0.234	2.01751e-26
0.235	2.01751e-26
0.236	2.01751e-26
0.237	2.01751e-26
0.238	2.01751e-26
0.239	2.01751e-26
0.24	2.01751e-26
0.241	2.01751e-26
0.242	2.01751e-26
0.243	2.01751e-26
0.244	2.01751e-26
0.245	2.01751e-26
0.246	2.01751e-26
0.247	2.01751e-26
0.248	2.01751e-26
0.249	2.01751e-26
0.25	6.6925e-19
0.251	6.6925e-19
0.252	6.6925e-19
0.253	6.6925e-19
0.254	6.6925e-19
0.255	6.6925e-19
0.256	6.6925e-19
0.257	6.6925e-19
0.258	6.6925e-19
0.259	6.6925e-19
0.26	6.6925e-19
0.261	6.6925e-19
0.262	6.6925e-19
0.263	6.6925e-19
0.264	6.6925e-19
0.265	6.6925e-19
0.266	6.6925e-19
0.267	6.6925e-19
0.268	6.6925e-19
0.269	6.6925e-19
0.27	6.6925e-19
0.271	6.6925e-19
0.272	6.6925e-19
0.273	6.6925e-19
0.274	6.6925e-19
0.275	6.6925e-19
0.276	6.6925e-19
0.277	6.6925e-19
0.278	6.6925e-19
0.279	6.6925e-19
0.28	6.6925e-19
0.281	6.6925e-19
0.282	6.6925e-19
0.283	6.6925e-19
0.284	6.6925e-19
0.285	6.6925e-19
0.286	6.6925e-19
0.287	6.6925e-19
0.288	6.6925e-19
0.289	6.6925e-19
0.29	6.6925e-19
0.291	6.6925e-19
0.292	6.6925e-19
0.293	6.6925e-19
0.294	6.6925e-19
0.295	6.6925e-19
0.296	6.6925e-19
0.297	6.6925e-19
0.298	6.6925e-19
0.299	6.6925e-19
0.3	6.6925e-19
0.301	6.6925e-19
0.302	6.6925e-19
0.303	6.6925e-19
0.304	6.6925e-19
0.305	6.6925e-19
0.306	6.6925e-19
0.307	6.6925e-19
0.308	6.6925e-19
0.309	6.6925e-19
0.31	6.6925e-19
0.311	6.6925e-19
0.312	6.6925e-19
0.313	6.6925e-19
0.314	6.6925e-19
0.315	6.6925e-19
0.316	6.6925e-19
0.317	6.6925e-19
0.318	6.6925e-19
0.319	6.6925e-19
0.32	6.6925e-19
0.321	6.6925e-19
0.322	6.6925e-19
0.323	6.6925e-19
0.324	6.6925e-19
0.325	6.6925e-19
0.326	6.6925e-19
0.327	6.6925e-19
0.328	6.6925e-19
0.329	6.6925e-19
0.33	6.6925e-19
0.331	6.6925e-19
0.332	6.6925e-19
0.333	6.6925e-19
0.334	6.6925e-19
0.335	6.6925e-19
0.336	6.6925e-19
0.337	6.6925e-19
0.338	6.6925e-19
0.339	6.6925e-19
0.34	6.6925e-19
0.341	6.6925e-19
0.342	6.6925e-19
0.343	6.6925e-19
0.344	6.6925e-19
0.345	6.6925e-19
0.346	6.6925e-19
0.347	6.6925e-19
0.348	6.6925e-19
0.349	6.6925e-19
0.35	6.6925e-19
0.351	6.6925e-19
0.352	6.6925e-19
0.353	6.6925e-19
0.354	6.6925e-19
0.355	6.6925e-19
0.356	6.6925e-19
0.357	6.6925e-19
0.358	6.6925e-19
0.359	6.6925e-19
0.36	6.6925e-19
0.361	6.6925e-19
0.362	6.6925e-19
0.363	6.6925e-19
0.364	6.6925e-19
0.365	6.6925e-19
0.366	6.6925e-19
0.367	6.6925e-19
0.368	6.6925e-19
0.369	6.6925e-19
0.37	6.6925e-19
0.371	6.6925e-19
0.372	6.6925e-19
0.373	6.6925e-19
0.374	6.6925e-19
0.375	1.10538e-13
0.376	1.02686e-13
0.377	9.50171e-14
0.378	8.75302e-14
0.379	8.02256e-14
0.38	7.31032e-14
0.381	6.6163e-14
0.382	5.94051e-14
0.383	5.28295e-14
0.384	4.64361e-14
0.385	4.02249e-14
0.386	3.4196e-14
0.387	2.83494e-14
0.388	2.26849e-14
0.389	1.72028e-14
0.39	1.19028e-14
0.391	6.78516e-15
0.392	1.84972e-15
0.393	-2.90346e-15
0.394	-7.47441e-15
0.395	-1.18631e-14
0.396	-1.60696e-14
0.397	-2.00938e-14
0.398	-2.39357e-14
0.399	-2.75954e-14
0.4	-3.10729e-14
0.401	-3.43681e-14
0.402	-3.74811e-14
0.403	-4.04118e-14
0.404	-4.31603e-14
0.405	-4.57265e-14
0.406	-4.81105e-14
0.407	-5.03123e-14
0.408	-5.23318e-14
0.409	-5.4169e-14
0.41	-5.58241e-14
0.411	-5.72968e-14
0.412	-5.85873e-14
0.413	-5.96956e-14
0.414	-6.06216e-14
0.415	-6.13654e-14
0.416	-6.19269e-14
0.417	-6.23062e-14
0.418	-6.25033e-14
0.419	-6.25181e-14
0.42	-6.23506e-14
0.421	-6.20009e-14
0.422	-6.1469e-14
0.423	-6.07548e-14
0.424	-5.98583e-14
0.425	-5.87797e-14
0.426	-5.75187e-14
0.427	-5.60756e-14
0.428	-5.44501e-14
0.429	-5.26425e-14
0.43	-5.06526e-14
0.431	-4.84804e-14
0.432	-4.6126e-14
0.433	-4.35894e-14
0.434	-4.08705e-14
0.435	-3.79693e-14
0.436	-3.4886e-14
0.437	-3.16203e-14
0.438	-2.81724e-14
0.439	-2.45423e-14
0.44	-2.073e-14
0.441	-1.67353e-14
0.442	-1.25585e-14
0.443	-8.19937e-15
0.444	-3.65801e-15
0.445	1.06558e-15
0.446	5.97143e-15
0.447	1.10595e-14
0.448	1.63299e-14
0.449	2.17824e-14
0.45	2.74173e-14
0.451	3.32343e-14
0.452	3.92337e-14
0.453	4.54152e-14
0.454	5.1779e-14
0.455	5.83251e-14
0.456	6.50534e-14
0.457	7.19639e-14
0.458	7.90567e-14
0.459	8.63318e-14
0.46	9.37891e-14
0.461	1.01429e-13
0.462	1.0925e-13
0.463	1.17254e-13
0.464	1.25441e-13
0.465	1.33809e-13
0.466	1.4236e-13
0.467	1.51093e-13
0.468	1.60008e-13
0.469	1.69106e-13
0.47	1.78385e-13
0.471	1.87847e-13
0.472	1.97492e-13
0.473	2.07318e-13
0.474	2.17327e-13
0.475	2.27518e-13
0.476	2.37891e-13
0.477	2.48447e-13
0.478	2.59184e-13
0.479	2.70104e-13
0.48	2.81206e-13
0.481	2.92491e-13
0.482	3.03958e-13
0.483	3.15607e-13
0.484	3.27438e-13
0.485	3.39451e-13
0.486	3.51647e-13
0.487	3.64025e-13
0.488	3.76585e-13
0.489	3.89327e-13
0.49	4.02252e-13
0.491	4.15359e-13
0.492	4.28648e-13
0.493	4.4212e-13
0.494	4.55773e-13
0.495	4.69609e-13
0.496	4.83627e-13
0.497	4.97828e-13
0.498	5.1221e-13
0.499	5.26775e-13
