# Interpolation data for function: x^40
0	-2.68854e-16
0.001	-1.73699e-17
0.002	9.9051e-17
0.003	9.70083e-17
0.004	7.99078e-17
0.005	2.88423e-17
0.006	-2.02452e-17
0.007	-6.05004e-17
0.008	-9.44282e-17
0.009	-1.05782e-16
0.01	-1.06788e-16
0.011	-3.79267e-17
0.012	-4.95556e-17
0.013	1.42006e-17
0.014	3.24861e-17
0.015	6.76887e-17
0.016	6.79267e-17
0.017	8.87209e-17
0.018	1.17974e-16
0.019	8.41249e-17
0.02	7.07021e-17
0.021	6.92005e-17
0.022	4.78281e-17
0.023	2.87263e-17
0.024	2.46001e-17
0.025	-2.13019e-17
0.026	-2.80035e-17
0.027	-5.75764e-17
0.028	-8.88075e-17
0.029	-1.02754e-16
0.03	-7.26093e-17
0.031	-9.19346e-17
0.032	-8.13573e-17
0.033	-1.1724e-16
0.034	-6.91407e-17
0.035	-7.72608e-17
0.036	-4.66427e-17
0.037	-3.93959e-17
0.038	-2.8722e-17
0.039	2.41543e-17
0.04	2.28105e-17
0.041	3.33653e-17
0.042	4.81467e-17
0.043	8.93183e-17
0.044	1.05651e-16
0.045	1.17634e-16
0.046	9.08729e-17
0.047	1.25124e-16
0.048	1.47708e-16
0.049	1.16969e-16
0.05	1.3756e-16
0.051	1.32365e-16
0.052	1.21239e-16
0.053	9.92957e-17
0.054	9.82411e-17
0.055	7.93095e-17
0.056	5.35551e-17
0.057	2.89282e-17
0.058	1.20847e-17
0.059	1.32672e-17
0.06	-2.20483e-17
0.061	-3.0591e-17
0.062	-6.01049e-17
0.063	-5.28168e-17
0.064	-7.59222e-17
0.065	-1.06783e-16
0.066	-1.06592e-16
0.067	-1.14577e-16
0.068	-1.09805e-16
0.069	-1.47503e-16
0.07	-1.09734e-16
0.071	-1.36594e-16
0.072	-1.20807e-16
0.073	-1.23997e-16
0.074	-1.1143e-16
0.075	-9.23133e-17
0.076	-9.76838e-17
0.077	-6.88247e-17
0.078	-6.43201e-17
0.079	-3.68129e-17
0.08	-3.45989e-17
0.081	-1.41309e-17
0.082	-4.09718e-18
0.083	5.04654e-17
0.084	5.08952e-17
0.085	5.38893e-17
0.086	8.30847e-17
0.087	9.18841e-17
0.088	1.03548e-16
0.089	1.20326e-16
0.09	1.33331e-16
0.091	1.28021e-16
0.092	1.35072e-16
0.093	1.4997e-16
0.094	1.54085e-16
0.095	1.57216e-16
0.096	1.50627e-16
0.097	1.44888e-16
0.098	1.37762e-16
0.099	1.43669e-16
0.1	1.27484e-16
0.101	1.1642e-16
0.102	1.17094e-16
0.103	1.07034e-16
0.104	8.21259e-17
0.105	4.80601e-17
0.106	5.2617e-17
0.107	3.55807e-17
0.108	2.18326e-17
0.109	-2.45944e-17
0.11	-2.50376e-17
0.111	-2.849e-17
0.112	-4.83841e-17
0.113	-7.93773e-17
0.114	-9.15007e-17
0.115	-9.90529e-17
0.116	-1.2006e-16
0.117	-1.40316e-16
0.118	-1.51685e-16
0.119	-1.33013e-16
0.12	-1.52774e-16
0.121	-1.65943e-16
0.122	-1.58648e-16
0.123	-1.71208e-16
0.124	-1.66271e-16
0.125	-1.68102e-16
0.126	-1.6595e-16
0.127	-1.57571e-16
0.128	-1.52879e-16
0.129	-1.37126e-16
0.13	-1.32153e-16
0.131	-1.17646e-16
0.132	-1.06158e-16
0.133	-8.89875e-17
0.134	-7.39272e-17
0.135	-6.4817e-17
0.136	-5.1651e-17
0.137	-3.38558e-17
0.138	-5.1229e-18
0.139	7.03506e-18
0.14	2.26592e-17
0.141	3.10726e-17
0.142	5.68095e-17
0.143	6.25313e-17
0.144	8.30799e-17
0.145	7.71983e-17
0.146	1.14002e-16
0.147	1.31852e-16
0.148	1.29239e-16
0.149	1.36496e-16
0.15	1.40596e-16
0.151	1.50645e-16
0.152	1.53904e-16
0.153	1.54295e-16
0.154	1.60627e-16
0.155	1.65114e-16
0.156	1.63275e-16
0.157	1.47363e-16
0.158	1.6097e-16
0.159	1.51476e-16
0.16	1.447e-16
0.161	1.17202e-16
0.162	1.25143e-16
0.163	1.1235e-16
0.164	9.54757e-17
0.165	8.18562e-17
0.166	6.40342e-17
0.167	6.76235e-17
0.168	3.52779e-17
0.169	2.34086e-17
0.17	1.27715e-17
0.171	-4.8393e-18
0.172	-2.27438e-17
0.173	-4.10102e-17
0.174	-5.02935e-17
0.175	-7.30866e-17
0.176	-8.43142e-17
0.177	-9.49676e-17
0.178	-1.08137e-16
0.179	-1.35089e-16
0.18	-1.40597e-16
0.181	-1.37509e-16
0.182	-1.48367e-16
0.183	-1.56284e-16
0.184	-1.75489e-16
0.185	-1.70166e-16
0.186	-1.83403e-16
0.187	-1.80376e-16
0.188	-1.90413e-16
0.189	-1.83421e-16
0.19	-1.78194e-16
0.191	-1.75317e-16
0.192	-1.6896e-16
0.193	-1.69851e-16
0.194	-1.62472e-16
0.195	-1.62949e-16
0.196	-1.55286e-16
0.197	-1.33339e-16
0.198	-1.1514e-16
0.199	-1.11406e-16
0.2	-1.04879e-16
0.201	-8.66545e-17
0.202	-7.73428e-17
0.203	-4.89327e-17
0.204	-4.19593e-17
0.205	-1.05989e-17
0.206	2.22444e-18
0.207	9.57497e-18
0.208	2.59657e-17
0.209	5.2137e-17
0.21	6.17727e-17
0.211	6.91955e-17
0.212	8.77926e-17
0.213	1.0034e-16
0.214	1.19643e-16
0.215	1.39517e-16
0.216	1.43953e-16
0.217	1.62913e-16
0.218	1.59453e-16
0.219	1.55092e-16
0.22	1.87676e-16
0.221	1.74369e-16
0.222	1.90767e-16
0.223	1.92769e-16
0.224	1.96603e-16
0.225	1.99935e-16
0.226	1.99015e-16
0.227	1.94698e-16
0.228	1.85695e-16
0.229	1.83392e-16
0.23	1.69904e-16
0.231	1.68306e-16
0.232	1.64678e-16
0.233	1.47576e-16
0.234	1.48055e-16
0.235	1.28271e-16
0.236	1.04869e-16
0.237	9.79953e-17
0.238	9.06608e-17
0.239	6.72689e-17
0.24	4.9726e-17
0.241	3.77706e-17
0.242	2.26555e-17
0.243	7.4491e-18
0.244	-7.51896e-18
0.245	-3.12556e-17
0.246	-4.16648e-17
0.247	-6.58822e-17
0.248	-7.53601e-17
0.249	-9.66641e-17
0.25	-1.09261e-16
0.251	-1.33172e-16
0.252	-1.38053e-16
0.253	-1.52822e-16
0.254	-1.53774e-16
0.255	-1.74891e-16
0.256	-1.87682e-16
0.257	-1.92363e-16
0.258	-2.06851e-16
0.259	-2.29001e-16
0.26	-2.21964e-16
0.261	-2.3389e-16
0.262	-2.361e-16
0.263	-2.25859e-16
0.264	-2.29234e-16
0.265	-2.34674e-16
0.266	-2.23871e-16
0.267	-2.25566e-16
0.268	-2.18657e-16
0.269	-2.18717e-16
0.27	-2.08608e-16
0.271	-2.06841e-16
0.272	-1.7443e-16
0.273	-1.72794e-16
0.274	-1.64916e-16
0.275	-1.5471e-16
0.276	-1.4995e-16
0.277	-1.38447e-16
0.278	-1.09556e-16
0.279	-8.83298e-17
0.28	-6.56295e-17
0.281	-4.92949e-17
0.282	-3.81994e-17
0.283	-1.60827e-17
0.284	1.17481e-17
0.285	1.2557e-17
0.286	3.97135e-17
0.287	4.52543e-17
0.288	6.84355e-17
0.289	9.11741e-17
0.29	1.08881e-16
0.291	1.13578e-16
0.292	1.44311e-16
0.293	1.53273e-16
0.294	1.71884e-16
0.295	1.87667e-16
0.296	2.02706e-16
0.297	2.09922e-16
0.298	2.1474e-16
0.299	2.2605e-16
0.3	2.44162e-16
0.301	2.46587e-16
0.302	2.51977e-16
0.303	2.50214e-16
0.304	2.58763e-16
0.305	2.56194e-16
0.306	2.58638e-16
0.307	2.53808e-16
0.308	2.57683e-16
0.309	2.5219e-16
0.31	2.46302e-16
0.311	2.39035e-16
0.312	2.46526e-16
0.313	2.2692e-16
0.314	2.22999e-16
0.315	2.13641e-16
0.316	1.95228e-16
0.317	1.86263e-16
0.318	1.78297e-16
0.319	1.51e-16
0.32	1.40947e-16
0.321	1.11368e-16
0.322	1.03236e-16
0.323	8.18264e-17
0.324	7.04576e-17
0.325	4.65e-17
0.326	3.02362e-17
0.327	6.12164e-18
0.328	-2.12944e-17
0.329	-2.70079e-17
0.33	-4.93352e-17
0.331	-6.98748e-17
0.332	-8.75172e-17
0.333	-1.04504e-16
0.334	-1.17464e-16
0.335	-1.35818e-16
0.336	-1.4675e-16
0.337	-1.73706e-16
0.338	-1.87882e-16
0.339	-1.92926e-16
0.34	-2.04367e-16
0.341	-2.14498e-16
0.342	-2.29452e-16
0.343	-2.48539e-16
0.344	-2.47616e-16
0.345	-2.56206e-16
0.346	-2.57155e-16
0.347	-2.73421e-16
0.348	-2.72038e-16
0.349	-2.61294e-16
0.35	-2.61895e-16
0.351	-2.52545e-16
0.352	-2.59104e-16
0.353	-2.47552e-16
0.354	-2.3692e-16
0.355	-2.45024e-16
0.356	-2.28772e-16
0.357	-2.19986e-16
0.358	-2.08957e-16
0.359	-1.93395e-16
0.36	-1.88594e-16
0.361	-1.7964e-16
0.362	-1.60752e-16
0.363	-1.4027e-16
0.364	-1.10193e-16
0.365	-1.03405e-16
0.366	-8.39403e-17
0.367	-6.50952e-17
0.368	-4.31838e-17
0.369	-1.90216e-17
0.37	-2.01468e-18
0.371	2.28946e-17
0.372	3.95087e-17
0.373	5.82929e-17
0.374	7.52835e-17
0.375	9.26146e-17
0.376	1.1647e-16
0.377	1.30889e-16
0.378	1.65048e-16
0.379	1.75911e-16
0.38	1.92801e-16
0.381	2.03113e-16
0.382	2.32298e-16
0.383	2.47675e-16
0.384	2.67173e-16
0.385	2.8301e-16
0.386	2.83655e-16
0.387	2.96588e-16
0.388	3.093e-16
0.389	3.17891e-16
0.39	3.34884e-16
0.391	3.41507e-16
0.392	3.43295e-16
0.393	3.46117e-16
0.394	3.55216e-16
0.395	3.5748e-16
0.396	3.64211e-16
0.397	3.73113e-16
0.398	3.79056e-16
0.399	3.78392e-16
0.4	3.80621e-16
0.401	3.76274e-16
0.402	3.97248e-16
0.403	4.02439e-16
0.404	3.92508e-16
0.405	4.04456e-16
0.406	3.9533e-16
0.407	4.09219e-16
0.408	4.22561e-16
0.409	4.3325e-16
0.41	4.29519e-16
0.411	4.47982e-16
0.412	4.69996e-16
0.413	4.96982e-16
0.414	5.05943e-16
0.415	5.40247e-16
0.416	5.70436e-16
0.417	6.16434e-16
0.418	6.64024e-16
0.419	7.04721e-16
0.42	7.67848e-16
0.421	8.29723e-16
0.422	8.96881e-16
0.423	9.92911e-16
0.424	1.0707e-15
0.425	1.17759e-15
0.426	1.31109e-15
0.427	1.42729e-15
0.428	1.57988e-15
0.429	1.7549e-15
0.43	1.92815e-15
0.431	2.13175e-15
0.432	2.35418e-15
0.433	2.59737e-15
0.434	2.87047e-15
0.435	3.1702e-15
0.436	3.49597e-15
0.437	3.86011e-15
0.438	4.26492e-15
0.439	4.68463e-15
0.44	5.17813e-15
0.441	5.69365e-15
0.442	6.26779e-15
0.443	6.90073e-15
0.444	7.5809e-15
0.445	8.33588e-15
0.446	9.14515e-15
0.447	1.00377e-14
0.448	1.10238e-14
0.449	1.20835e-14
0.45	1.32306e-14
0.451	1.45062e-14
0.452	1.58835e-14
0.453	1.74009e-14
0.454	1.90294e-14
0.455	2.08122e-14
0.456	2.27444e-14
0.457	2.48539e-14
0.458	2.716e-14
0.459	2.96549e-14
0.46	3.23894e-14
0.461	3.53374e-14
0.462	3.8564e-14
0.463	4.20581e-14
0.464	4.58753e-14
0.465	5.00083e-14
0.466	5.45095e-14
0.467	5.94026e-14
0.468	6.47154e-14
0.469	7.04855e-14
0.47	7.67534e-14
0.471	8.3556e-14
0.472	9.09648e-14
0.473	9.89935e-14
0.474	1.07707e-13
0.475	1.1716e-13
0.476	1.27444e-13
0.477	1.3858e-13
0.478	1.50668e-13
0.479	1.63785e-13
0.48	1.78e-13
0.481	1.93431e-13
0.482	2.10165e-13
0.483	2.28308e-13
0.484	2.47975e-13
0.485	2.69288e-13
0.486	2.92379e-13
0.487	3.17404e-13
0.488	3.44502e-13
0.489	3.73866e-13
0.49	4.05656e-13
0.491	4.40107e-13
0.492	4.77359e-13
0.493	5.17729e-13
0.494	5.61396e-13
0.495	6.08653e-13
0.496	6.59801e-13
0.497	7.15113e-13
0.498	7.74938e-13
0.499	8.39654e-13
0.5	9.09621e-13
0.501	9.85272e-13
0.502	1.06704e-12
0.503	1.15543e-12
0.504	1.25093e-12
0.505	1.35413e-12
0.506	1.46561e-12
0.507	1.58602e-12
0.508	1.71605e-12
0.509	1.85647e-12
0.51	2.00808e-12
0.511	2.17176e-12
0.512	2.34838e-12
0.513	2.53902e-12
0.514	2.74468e-12
0.515	2.96658e-12
0.516	3.20593e-12
0.517	3.46407e-12
0.518	3.74246e-12
0.519	4.0426e-12
0.52	4.36618e-12
0.521	4.71496e-12
0.522	5.09085e-12
0.523	5.49591e-12
0.524	5.93233e-12
0.525	6.40247e-12
0.526	6.90885e-12
0.527	7.45423e-12
0.528	8.04149e-12
0.529	8.67375e-12
0.53	9.35443e-12
0.531	1.00871e-11
0.532	1.08755e-11
0.533	1.1724e-11
0.534	1.26368e-11
0.535	1.36188e-11
0.536	1.46751e-11
0.537	1.58111e-11
0.538	1.70327e-11
0.539	1.83461e-11
0.54	1.97581e-11
0.541	2.12758e-11
0.542	2.29069e-11
0.543	2.46598e-11
0.544	2.65432e-11
0.545	2.85665e-11
0.546	3.074e-11
0.547	3.30744e-11
0.548	3.55813e-11
0.549	3.82731e-11
0.55	4.1163e-11
0.551	4.42653e-11
0.552	4.75952e-11
0.553	5.11689e-11
0.554	5.50036e-11
0.555	5.91181e-11
0.556	6.3532e-11
0.557	6.82667e-11
0.558	7.33448e-11
0.559	7.87904e-11
0.56	8.46296e-11
0.561	9.08899e-11
0.562	9.76009e-11
0.563	1.04794e-10
0.564	1.12503e-10
0.565	1.20764e-10
0.566	1.29616e-10
0.567	1.39099e-10
0.568	1.49257e-10
0.569	1.60137e-10
0.57	1.71789e-10
0.571	1.84266e-10
0.572	1.97625e-10
0.573	2.11927e-10
0.574	2.27236e-10
0.575	2.43621e-10
0.576	2.61156e-10
0.577	2.7992e-10
0.578	2.99995e-10
0.579	3.21472e-10
0.58	3.44445e-10
0.581	3.69016e-10
0.582	3.95294e-10
0.583	4.23392e-10
0.584	4.53434e-10
0.585	4.85551e-10
0.586	5.19882e-10
0.587	5.56576e-10
0.588	5.9579e-10
0.589	6.37693e-10
0.59	6.82465e-10
0.591	7.30297e-10
0.592	7.81391e-10
0.593	8.35964e-10
0.594	8.94248e-10
0.595	9.56486e-10
0.596	1.02294e-09
0.597	1.09389e-09
0.598	1.16963e-09
0.599	1.25047e-09
0.6	1.33675e-09
0.601	1.42882e-09
0.602	1.52707e-09
0.603	1.6319e-09
0.604	1.74372e-09
0.605	1.86301e-09
0.606	1.99024e-09
0.607	2.12592e-09
0.608	2.27061e-09
0.609	2.42489e-09
0.61	2.58937e-09
0.611	2.7647e-09
0.612	2.9516e-09
0.613	3.15079e-09
0.614	3.36306e-09
0.615	3.58926e-09
0.616	3.83026e-09
0.617	4.08702e-09
0.618	4.36053e-09
0.619	4.65185e-09
0.62	4.96212e-09
0.621	5.29254e-09
0.622	5.64437e-09
0.623	6.01897e-09
0.624	6.41776e-09
0.625	6.84228e-09
0.626	7.29413e-09
0.627	7.77502e-09
0.628	8.28678e-09
0.629	8.83132e-09
0.63	9.4107e-09
0.631	1.00271e-08
0.632	1.06828e-08
0.633	1.13802e-08
0.634	1.21219e-08
0.635	1.29107e-08
0.636	1.37494e-08
0.637	1.46412e-08
0.638	1.55893e-08
0.639	1.65972e-08
0.64	1.76685e-08
0.641	1.88071e-08
0.642	2.00171e-08
0.643	2.13029e-08
0.644	2.26691e-08
0.645	2.41206e-08
0.646	2.56626e-08
0.647	2.73005e-08
0.648	2.90402e-08
0.649	3.08879e-08
0.65	3.28499e-08
0.651	3.49333e-08
0.652	3.71453e-08
0.653	3.94936e-08
0.654	4.19865e-08
0.655	4.46326e-08
0.656	4.7441e-08
0.657	5.04214e-08
0.658	5.35841e-08
0.659	5.69399e-08
0.66	6.05003e-08
0.661	6.42774e-08
0.662	6.82841e-08
0.663	7.25339e-08
0.664	7.70412e-08
0.665	8.18212e-08
0.666	8.68899e-08
0.667	9.22642e-08
0.668	9.79622e-08
0.669	1.04003e-07
0.67	1.10406e-07
0.671	1.17193e-07
0.672	1.24386e-07
0.673	1.32009e-07
0.674	1.40086e-07
0.675	1.48645e-07
0.676	1.57713e-07
0.677	1.6732e-07
0.678	1.77496e-07
0.679	1.88274e-07
0.68	1.9969e-07
0.681	2.1178e-07
0.682	2.24582e-07
0.683	2.38138e-07
0.684	2.5249e-07
0.685	2.67684e-07
0.686	2.83769e-07
0.687	3.00794e-07
0.688	3.18814e-07
0.689	3.37885e-07
0.69	3.58066e-07
0.691	3.79421e-07
0.692	4.02016e-07
0.693	4.25921e-07
0.694	4.5121e-07
0.695	4.77961e-07
0.696	5.06255e-07
0.697	5.36181e-07
0.698	5.67828e-07
0.699	6.01294e-07
0.7	6.36681e-07
0.701	6.74094e-07
0.702	7.13649e-07
0.703	7.55463e-07
0.704	7.99662e-07
0.705	8.46379e-07
0.706	8.95753e-07
0.707	9.47931e-07
0.708	1.00307e-06
0.709	1.06133e-06
0.71	1.12288e-06
0.711	1.18791e-06
0.712	1.25661e-06
0.713	1.32917e-06
0.714	1.40582e-06
0.715	1.48676e-06
0.716	1.57225e-06
0.717	1.66252e-06
0.718	1.75783e-06
0.719	1.85847e-06
0.72	1.96472e-06
0.721	2.07688e-06
0.722	2.19527e-06
0.723	2.32023e-06
0.724	2.45213e-06
0.725	2.59132e-06
0.726	2.7382e-06
0.727	2.89319e-06
0.728	3.05672e-06
0.729	3.22925e-06
0.73	3.41126e-06
0.731	3.60326e-06
0.732	3.80578e-06
0.733	4.01938e-06
0.734	4.24465e-06
0.735	4.48222e-06
0.736	4.73274e-06
0.737	4.99689e-06
0.738	5.27539e-06
0.739	5.569e-06
0.74	5.87853e-06
0.741	6.20481e-06
0.742	6.54872e-06
0.743	6.91119e-06
0.744	7.29319e-06
0.745	7.69575e-06
0.746	8.11995e-06
0.747	8.56691e-06
0.748	9.03782e-06
0.749	9.53395e-06
0.75	1.00566e-05
0.751	1.06071e-05
0.752	1.1187e-05
0.753	1.17977e-05
0.754	1.2441e-05
0.755	1.31183e-05
0.756	1.38316e-05
0.757	1.45826e-05
0.758	1.53733e-05
0.759	1.62058e-05
0.76	1.70822e-05
0.761	1.80047e-05
0.762	1.89757e-05
0.763	1.99978e-05
0.764	2.10734e-05
0.765	2.22053e-05
0.766	2.33965e-05
0.767	2.46499e-05
0.768	2.59686e-05
0.769	2.73561e-05
0.77	2.88157e-05
0.771	3.03511e-05
0.772	3.19663e-05
0.773	3.36651e-05
0.774	3.54518e-05
0.775	3.73309e-05
0.776	3.93069e-05
0.777	4.13848e-05
0.778	4.35696e-05
0.779	4.58668e-05
0.78	4.82819e-05
0.781	5.08208e-05
0.782	5.34897e-05
0.783	5.62951e-05
0.784	5.92437e-05
0.785	6.23428e-05
0.786	6.55997e-05
0.787	6.90223e-05
0.788	7.26187e-05
0.789	7.63977e-05
0.79	8.03681e-05
0.791	8.45394e-05
0.792	8.89216e-05
0.793	9.3525e-05
0.794	9.83604e-05
0.795	0.000103439
0.796	0.000108773
0.797	0.000114375
0.798	0.000120258
0.799	0.000126436
0.8	0.000132923
0.801	0.000139734
0.802	0.000146884
0.803	0.000154391
0.804	0.000162271
0.805	0.000170544
0.806	0.000179226
0.807	0.000188339
0.808	0.000197904
0.809	0.000207941
0.81	0.000218475
0.811	0.000229527
0.812	0.000241124
0.813	0.000253292
0.814	0.000266058
0.815	0.00027945
0.816	0.000293499
0.817	0.000308235
0.818	0.000323692
0.819	0.000339904
0.82	0.000356906
0.821	0.000374737
0.822	0.000393435
0.823	0.000413041
0.824	0.000433599
0.825	0.000455154
0.826	0.000477751
0.827	0.000501442
0.828	0.000526276
0.829	0.000552308
0.83	0.000579594
0.831	0.000608192
0.832	0.000638165
0.833	0.000669576
0.834	0.000702493
0.835	0.000736986
0.836	0.000773127
0.837	0.000810995
0.838	0.000850669
0.839	0.000892233
0.84	0.000935775
0.841	0.000981386
0.842	0.00102916
0.843	0.0010792
0.844	0.00113161
0.845	0.0011865
0.846	0.00124398
0.847	0.00130418
0.848	0.00136721
0.849	0.0014332
0.85	0.0015023
0.851	0.00157464
0.852	0.00165038
0.853	0.00172966
0.854	0.00181265
0.855	0.00189952
0.856	0.00199045
0.857	0.00208561
0.858	0.0021852
0.859	0.00228943
0.86	0.00239849
0.861	0.00251262
0.862	0.00263203
0.863	0.00275697
0.864	0.00288768
0.865	0.00302444
0.866	0.00316749
0.867	0.00331714
0.868	0.00347367
0.869	0.0036374
0.87	0.00380864
0.871	0.00398773
0.872	0.00417503
0.873	0.00437089
0.874	0.0045757
0.875	0.00478985
0.876	0.00501377
0.877	0.00524788
0.878	0.00549263
0.879	0.00574851
0.88	0.00601599
0.881	0.00629559
0.882	0.00658785
0.883	0.00689332
0.884	0.00721258
0.885	0.00754624
0.886	0.00789494
0.887	0.00825933
0.888	0.0086401
0.889	0.00903796
0.89	0.00945367
0.891	0.00988799
0.892	0.0103418
0.893	0.0108158
0.894	0.011311
0.895	0.0118283
0.896	0.0123686
0.897	0.012933
0.898	0.0135224
0.899	0.014138
0.9	0.0147809
0.901	0.0154522
0.902	0.0161533
0.903	0.0168853
0.904	0.0176497
0.905	0.0184477
0.906	0.0192809
0.907	0.0201508
0.908	0.0210588
0.909	0.0220067
0.91	0.0229962
0.911	0.024029
0.912	0.0251069
0.913	0.026232
0.914	0.0274061
0.915	0.0286315
0.916	0.0299102
0.917	0.0312445
0.918	0.0326368
0.919	0.0340895
0.92	0.0356052
0.921	0.0371865
0.922	0.0388362
0.923	0.0405572
0.924	0.0423525
0.925	0.0442251
0.926	0.0461785
0.927	0.0482158
0.928	0.0503407
0.929	0.0525568
0.93	0.0548678
0.931	0.0572779
0.932	0.0597911
0.933	0.0624117
0.934	0.0651441
0.935	0.067993
0.936	0.0709633
0.937	0.07406
0.938	0.0772883
0.939	0.0806536
0.94	0.0841616
0.941	0.0878183
0.942	0.0916297
0.943	0.0956022
0.944	0.0997424
0.945	0.104057
0.946	0.108554
0.947	0.11324
0.948	0.118123
0.949	0.123211
0.95	0.128512
0.951	0.134036
0.952	0.139791
0.953	0.145786
0.954	0.152032
0.955	0.158539
0.956	0.165316
0.957	0.172376
0.958	0.17973
0.959	0.187389
0.96	0.195366
0.961	0.203674
0.962	0.212326
0.963	0.221336
0.964	0.230718
0.965	0.240488
0.966	0.25066
0.967	0.261252
0.968	0.272279
0.969	0.28376
0.97	0.295712
0.971	0.308155
0.972	0.321108
0.973	0.334591
0.974	0.348625
0.975	0.363232
0.976	0.378436
0.977	0.39426
0.978	0.410728
0.979	0.427866
0.98	0.4457
0.981	0.464259
0.982	0.48357
0.983	0.503664
0.984	0.524571
0.985	0.546323
0.986	0.568953
0.987	0.592497
0.988	0.61699
0.989	0.642468
0.99	0.668972
0.991	0.69654
0.992	0.725215
0.993	0.75504
0.994	0.786059
0.995	0.81832
0.996	0.85187
0.997	0.88676
0.998	0.923042
0.999	0.96077
