# Interpolation data for function: (exp(100*x)-1)/(exp(100)-1)
0	3.8575e-24
0.001	3.8575e-24
0.002	3.8575e-24
0.003	3.8575e-24
0.004	3.8575e-24
0.005	3.8575e-24
0.006	3.8575e-24
0.007	3.8575e-24
0.008	3.8575e-24
0.009	3.8575e-24
0.01	3.8575e-24
0.011	3.8575e-24
0.012	3.8575e-24
0.013	3.8575e-24
0.014	3.8575e-24
0.015	3.8575e-24
0.016	3.8575e-24
0.017	3.8575e-24
0.018	3.8575e-24
0.019	3.8575e-24
0.02	3.8575e-24
0.021	3.8575e-24
0.022	3.8575e-24
0.023	3.8575e-24
0.024	3.8575e-24
0.025	3.8575e-24
0.026	3.8575e-24
0.027	3.8575e-24
0.028	3.8575e-24
0.029	3.8575e-24
0.03	3.8575e-24
0.031	3.8575e-24
0.032	3.8575e-24
0.033	3.8575e-24
0.034	3.8575e-24
0.035	3.8575e-24
0.036	3.8575e-24
0.037	3.8575e-24
0.038	3.8575e-24
0.039	3.8575e-24
0.04	3.8575e-24
0.041	3.8575e-24
0.042	3.8575e-24
0.043	3.8575e-24
0.044	3.8575e-24
0.045	3.8575e-24
0.046	3.8575e-24
0.047	3.8575e-24
0.048	3.8575e-24
0.049	3.8575e-24
0.05	3.8575e-24
0.051	3.8575e-24
0.052	3.8575e-24
0.053	3.8575e-24
0.054	3.8575e-24
0.055	3.8575e-24
0.056	3.8575e-24
0.057	3.8575e-24
0.058	3.8575e-24
0.059	3.8575e-24
0.06	3.8575e-24
0.061	3.8575e-24
0.062	3.8575e-24
0.063	3.8575e-24
0.064	3.8575e-24
0.065	3.8575e-24
0.066	3.8575e-24
0.067	3.8575e-24
0.068	3.8575e-24
0.069	3.8575e-24
0.07	3.8575e-24
0.071	3.8575e-24
0.072	3.8575e-24
0.073	3.8575e-24
0.074	3.8575e-24
0.075	3.8575e-24
0.076	3.8575e-24
0.077	3.8575e-24
0.078	3.8575e-24
0.079	3.8575e-24
0.08	3.8575e-24
0.081	3.8575e-24
0.082	3.8575e-24
0.083	3.8575e-24
0.084	3.8575e-24
0.085	3.8575e-24
0.086	3.8575e-24
0.087	3.8575e-24
0.088	3.8575e-24
0.089	3.8575e-24
0.09	3.8575e-24
0.091	3.8575e-24
0.092	3.8575e-24
0.093	3.8575e-24
0.094	3.8575e-24
0.095	3.8575e-24
0.096	3.8575e-24
0.097	3.8575e-24
0.098	3.8575e-24
0.099	3.8575e-24
0.1	3.8575e-24
0.101	3.8575e-24
0.102	3.8575e-24
0.103	3.8575e-24
0.104	3.8575e-24
0.105	3.8575e-24
0.106	3.8575e-24
0.107	3.8575e-24
0.108	3.8575e-24
0.109	3.8575e-24
0.11	3.8575e-24
0.111	3.8575e-24
0.112	3.8575e-24
0.113	3.8575e-24
0.114	3.8575e-24
0.115	3.8575e-24
0.116	3.8575e-24
0.117	3.8575e-24
0.118	3.8575e-24
0.119	3.8575e-24
0.12	3.8575e-24
0.121	3.8575e-24
0.122	3.8575e-24
0.123	3.8575e-24
0.124	3.8575e-24
0.125	3.8575e-24
0.126	3.8575e-24
0.127	3.8575e-24
0.128	3.8575e-24
0.129	3.8575e-24
0.13	3.8575e-24
0.131	3.8575e-24
0.132	3.8575e-24
0.133	3.8575e-24
0.134	3.8575e-24
0.135	3.8575e-24
0.136	3.8575e-24
0.137	3.8575e-24
0.138	3.8575e-24
0.139	3.8575e-24
0.14	3.8575e-24
0.141	3.8575e-24
0.142	3.8575e-24
0.143	3.8575e-24
0.144	3.8575e-24
0.145	3.8575e-24
0.146	3.8575e-24
0.147	3.8575e-24
0.148	3.8575e-24
0.149	3.8575e-24
0.15	3.8575e-24
0.151	3.8575e-24
0.152	3.8575e-24
0.153	3.8575e-24
0.154	3.8575e-24
0.155	3.8575e-24
0.156	3.8575e-24
0.157	3.8575e-24
0.158	3.8575e-24
0.159	3.8575e-24
0.16	3.8575e-24
0.161	3.8575e-24
0.162	3.8575e-24
0.163	3.8575e-24
0.164	3.8575e-24
0.165	3.8575e-24
0.166	3.8575e-24
0.167	3.8575e-24
0.168	3.8575e-24
0.169	3.8575e-24
0.17	3.8575e-24
0.171	3.8575e-24
0.172	3.8575e-24
0.173	3.8575e-24
0.174	3.8575e-24
0.175	3.8575e-24
0.176	3.8575e-24
0.177	3.8575e-24
0.178	3.8575e-24
0.179	3.8575e-24
0.18	3.8575e-24
0.181	3.8575e-24
0.182	3.8575e-24
0.183	3.8575e-24
0.184	3.8575e-24
0.185	3.8575e-24
0.186	3.8575e-24
0.187	3.8575e-24
0.188	3.8575e-24
0.189	3.8575e-24
0.19	3.8575e-24
0.191	3.8575e-24
0.192	3.8575e-24
0.193	3.8575e-24
0.194	3.8575e-24
0.195	3.8575e-24
0.196	3.8575e-24
0.197	3.8575e-24
0.198	3.8575e-24
0.199	3.8575e-24
0.2	3.8575e-24
0.201	3.8575e-24
0.202	3.8575e-24
0.203	3.8575e-24
0.204	3.8575e-24
0.205	3.8575e-24
0.206	3.8575e-24
0.207	3.8575e-24
0.208	3.8575e-24
0.209	3.8575e-24
0.21	3.8575e-24
0.211	3.8575e-24
0.212	3.8575e-24
0.213	3.8575e-24
0.214	3.8575e-24
0.215	3.8575e-24
0.216	3.8575e-24
0.217	3.8575e-24
0.218	3.8575e-24
0.219	3.8575e-24
0.22	3.8575e-24
0.221	3.8575e-24
0.222	3.8575e-24
0.223	3.8575e-24
0.224	3.8575e-24
0.225	3.8575e-24
0.226	3.8575e-24
0.227	3.8575e-24
0.228	3.8575e-24
0.229	3.8575e-24
0.23	3.8575e-24
0.231	3.8575e-24
0.232	3.8575e-24
0.233	3.8575e-24
0.234	3.8575e-24
0.235	3.8575e-24
0.236	3.8575e-24
0.237	3.8575e-24
0.238	3.8575e-24
0.239	3.8575e-24
0.24	3.8575e-24
0.241	3.8575e-24
0.242	3.8575e-24
0.243	3.8575e-24
0.244	3.8575e-24
0.245	3.8575e-24
0.246	3.8575e-24
0.247	3.8575e-24
0.248	3.8575e-24
0.249	3.8575e-24
0.25	3.8575e-24
0.251	3.8575e-24
0.252	3.8575e-24
0.253	3.8575e-24
0.254	3.8575e-24
0.255	3.8575e-24
0.256	3.8575e-24
0.257	3.8575e-24
0.258	3.8575e-24
0.259	3.8575e-24
0.26	3.8575e-24
0.261	3.8575e-24
0.262	3.8575e-24
0.263	3.8575e-24
0.264	3.8575e-24
0.265	3.8575e-24
0.266	3.8575e-24
0.267	3.8575e-24
0.268	3.8575e-24
0.269	3.8575e-24
0.27	3.8575e-24
0.271	3.8575e-24
0.272	3.8575e-24
0.273	3.8575e-24
0.274	3.8575e-24
0.275	3.8575e-24
0.276	3.8575e-24
0.277	3.8575e-24
0.278	3.8575e-24
0.279	3.8575e-24
0.28	3.8575e-24
0.281	3.8575e-24
0.282	3.8575e-24
0.283	3.8575e-24
0.284	3.8575e-24
0.285	3.8575e-24
0.286	3.8575e-24
0.287	3.8575e-24
0.288	3.8575e-24
0.289	3.8575e-24
0.29	3.8575e-24
0.291	3.8575e-24
0.292	3.8575e-24
0.293	3.8575e-24
0.294	3.8575e-24
0.295	3.8575e-24
0.296	3.8575e-24
0.297	3.8575e-24
0.298	3.8575e-24
0.299	3.8575e-24
0.3	3.8575e-24
0.301	3.8575e-24
0.302	3.8575e-24
0.303	3.8575e-24
0.304	3.8575e-24
0.305	3.8575e-24
0.306	3.8575e-24
0.307	3.8575e-24
0.308	3.8575e-24
0.309	3.8575e-24
0.31	3.8575e-24
0.311	3.8575e-24
0.312	3.8575e-24
0.313	3.8575e-24
0.314	3.8575e-24
0.315	3.8575e-24
0.316	3.8575e-24
0.317	3.8575e-24
0.318	3.8575e-24
0.319	3.8575e-24
0.32	3.8575e-24
0.321	3.8575e-24
0.322	3.8575e-24
0.323	3.8575e-24
0.324	3.8575e-24
0.325	3.8575e-24
0.326	3.8575e-24
0.327	3.8575e-24
0.328	3.8575e-24
0.329	3.8575e-24
0.33	3.8575e-24
0.331	3.8575e-24
0.332	3.8575e-24
0.333	3.8575e-24
0.334	3.8575e-24
0.335	3.8575e-24
0.336	3.8575e-24
0.337	3.8575e-24
0.338	3.8575e-24
0.339	3.8575e-24
0.34	3.8575e-24
0.341	3.8575e-24
0.342	3.8575e-24
0.343	3.8575e-24
0.344	3.8575e-24
0.345	3.8575e-24
0.346	3.8575e-24
0.347	3.8575e-24
0.348	3.8575e-24
0.349	3.8575e-24
0.35	3.8575e-24
0.351	3.8575e-24
0.352	3.8575e-24
0.353	3.8575e-24
0.354	3.8575e-24
0.355	3.8575e-24
0.356	3.8575e-24
0.357	3.8575e-24
0.358	3.8575e-24
0.359	3.8575e-24
0.36	3.8575e-24
0.361	3.8575e-24
0.362	3.8575e-24
0.363	3.8575e-24
0.364	3.8575e-24
0.365	3.8575e-24
0.366	3.8575e-24
0.367	3.8575e-24
0.368	3.8575e-24
0.369	3.8575e-24
0.37	3.8575e-24
0.371	3.8575e-24
0.372	3.8575e-24
0.373	3.8575e-24
0.374	3.8575e-24
0.375	3.8575e-24
0.376	3.8575e-24
0.377	3.8575e-24
0.378	3.8575e-24
0.379	3.8575e-24
0.38	3.8575e-24
0.381	3.8575e-24
0.382	3.8575e-24
0.383	3.8575e-24
0.384	3.8575e-24
0.385	3.8575e-24
0.386	3.8575e-24
0.387	3.8575e-24
0.388	3.8575e-24
0.389	3.8575e-24
0.39	3.8575e-24
0.391	3.8575e-24
0.392	3.8575e-24
0.393	3.8575e-24
0.394	3.8575e-24
0.395	3.8575e-24
0.396	3.8575e-24
0.397	3.8575e-24
0.398	3.8575e-24
0.399	3.8575e-24
0.4	3.8575e-24
0.401	3.8575e-24
0.402	3.8575e-24
0.403	3.8575e-24
0.404	3.8575e-24
0.405	3.8575e-24
0.406	3.8575e-24
0.407	3.8575e-24
0.408	3.8575e-24
0.409	3.8575e-24
0.41	3.8575e-24
0.411	3.8575e-24
0.412	3.8575e-24
0.413	3.8575e-24
0.414	3.8575e-24
0.415	3.8575e-24
0.416	3.8575e-24
0.417	3.8575e-24
0.418	3.8575e-24
0.419	3.8575e-24
0.42	3.8575e-24
0.421	3.8575e-24
0.422	3.8575e-24
0.423	3.8575e-24
0.424	3.8575e-24
0.425	3.8575e-24
0.426	3.8575e-24
0.427	3.8575e-24
0.428	3.8575e-24
0.429	3.8575e-24
0.43	3.8575e-24
0.431	3.8575e-24
0.432	3.8575e-24
0.433	3.8575e-24
0.434	3.8575e-24
0.435	3.8575e-24
0.436	3.8575e-24
0.437	3.8575e-24
0.438	3.8575e-24
0.439	3.8575e-24
0.44	3.8575e-24
0.441	3.8575e-24
0.442	3.8575e-24
0.443	3.8575e-24
0.444	3.8575e-24
0.445	3.8575e-24
0.446	3.8575e-24
0.447	3.8575e-24
0.448	3.8575e-24
0.449	3.8575e-24
0.45	3.8575e-24
0.451	3.8575e-24
0.452	3.8575e-24
0.453	3.8575e-24
0.454	3.8575e-24
0.455	3.8575e-24
0.456	3.8575e-24
0.457	3.8575e-24
0.458	3.8575e-24
0.459	3.8575e-24
0.46	3.8575e-24
0.461	3.8575e-24
0.462	3.8575e-24
0.463	3.8575e-24
0.464	3.8575e-24
0.465	3.8575e-24
0.466	3.8575e-24
0.467	3.8575e-24
0.468	3.8575e-24
0.469	3.8575e-24
0.47	3.8575e-24
0.471	3.8575e-24
0.472	3.8575e-24
0.473	3.8575e-24
0.474	3.8575e-24
0.475	3.8575e-24
0.476	3.8575e-24
0.477	3.8575e-24
0.478	3.8575e-24
0.479	3.8575e-24
0.48	3.8575e-24
0.481	3.8575e-24
0.482	3.8575e-24
0.483	3.8575e-24
0.484	3.8575e-24
0.485	3.8575e-24
0.486	3.8575e-24
0.487	3.8575e-24
0.488	3.8575e-24
0.489	3.8575e-24
0.49	3.8575e-24
0.491	3.8575e-24
0.492	3.8575e-24
0.493	3.8575e-24
0.494	3.8575e-24
0.495	3.8575e-24
0.496	3.8575e-24
0.497	3.8575e-24
0.498	3.8575e-24
0.499	3.8575e-24
0.5	5.55518e-13
0.501	5.55518e-13
0.502	5.55518e-13
0.503	5.55518e-13
0.504	5.55518e-13
0.505	5.55518e-13
0.506	5.55518e-13
0.507	5.55518e-13
0.508	5.55518e-13
0.509	5.55518e-13
0.51	5.55518e-13
0.511	5.55518e-13
0.512	5.55518e-13
0.513	5.55518e-13
0.514	5.55518e-13
0.515	5.55518e-13
0.516	5.55518e-13
0.517	5.55518e-13
0.518	5.55518e-13
0.519	5.55518e-13
0.52	5.55518e-13
0.521	5.55518e-13
0.522	5.55518e-13
0.523	5.55518e-13
0.524	5.55518e-13
0.525	5.55518e-13
0.526	5.55518e-13
0.527	5.55518e-13
0.528	5.55518e-13
0.529	5.55518e-13
0.53	5.55518e-13
0.531	5.55518e-13
0.532	5.55518e-13
0.533	5.55518e-13
0.534	5.55518e-13
0.535	5.55518e-13
0.536	5.55518e-13
0.537	5.55518e-13
0.538	5.55518e-13
0.539	5.55518e-13
0.54	5.55518e-13
0.541	5.55518e-13
0.542	5.55518e-13
0.543	5.55518e-13
0.544	5.55518e-13
0.545	5.55518e-13
0.546	5.55518e-13
0.547	5.55518e-13
0.548	5.55518e-13
0.549	5.55518e-13
0.55	5.55518e-13
0.551	5.55518e-13
0.552	5.55518e-13
0.553	5.55518e-13
0.554	5.55518e-13
0.555	5.55518e-13
0.556	5.55518e-13
0.557	5.55518e-13
0.558	5.55518e-13
0.559	5.55518e-13
0.56	5.55518e-13
0.561	5.55518e-13
0.562	5.55518e-13
0.563	5.55518e-13
0.564	5.55518e-13
0.565	5.55518e-13
0.566	5.55518e-13
0.567	5.55518e-13
0.568	5.55518e-13
0.569	5.55518e-13
0.57	5.55518e-13
0.571	5.55518e-13
0.572	5.55518e-13
0.573	5.55518e-13
0.574	5.55518e-13
0.575	5.55518e-13
0.576	5.55518e-13
0.577	5.55518e-13
0.578	5.55518e-13
0.579	5.55518e-13
0.58	5.55518e-13
0.581	5.55518e-13
0.582	5.55518e-13
0.583	5.55518e-13
0.584	5.55518e-13
0.585	5.55518e-13
0.586	5.55518e-13
0.587	5.55518e-13
0.588	5.55518e-13
0.589	5.55518e-13
0.59	5.55518e-13
0.591	5.55518e-13
0.592	5.55518e-13
0.593	5.55518e-13
0.594	5.55518e-13
0.595	5.55518e-13
0.596	5.55518e-13
0.597	5.55518e-13
0.598	5.55518e-13
0.599	5.55518e-13
0.6	5.55518e-13
0.601	5.55518e-13
0.602	5.55518e-13
0.603	5.55518e-13
0.604	5.55518e-13
0.605	5.55518e-13
0.606	5.55518e-13
0.607	5.55518e-13
0.608	5.55518e-13
0.609	5.55518e-13
0.61	5.55518e-13
0.611	5.55518e-13
0.612	5.55518e-13
0.613	5.55518e-13
0.614	5.55518e-13
0.615	5.55518e-13
0.616	5.55518e-13
0.617	5.55518e-13
0.618	5.55518e-13
0.619	5.55518e-13
0.62	5.55518e-13
0.621	5.55518e-13
0.622	5.55518e-13
0.623	5.55518e-13
0.624	5.55518e-13
0.625	5.55518e-13
0.626	5.55518e-13
0.627	5.55518e-13
0.628	5.55518e-13
0.629	5.55518e-13
0.63	5.55518e-13
0.631	5.55518e-13
0.632	5.55518e-13
0.633	5.55518e-13
0.634	5.55518e-13
0.635	5.55518e-13
0.636	5.55518e-13
0.637	5.55518e-13
0.638	5.55518e-13
0.639	5.55518e-13
0.64	5.55518e-13
0.641	5.55518e-13
0.642	5.55518e-13
0.643	5.55518e-13
0.644	5.55518e-13
0.645	5.55518e-13
0.646	5.55518e-13
0.647	5.55518e-13
0.648	5.55518e-13
0.649	5.55518e-13
0.65	5.55518e-13
0.651	5.55518e-13
0.652	5.55518e-13
0.653	5.55518e-13
0.654	5.55518e-13
0.655	5.55518e-13
0.656	5.55518e-13
0.657	5.55518e-13
0.658	5.55518e-13
0.659	5.55518e-13
0.66	5.55518e-13
0.661	5.55518e-13
0.662	5.55518e-13
0.663	5.55518e-13
0.664	5.55518e-13
0.665	5.55518e-13
0.666	5.55518e-13
0.667	5.55518e-13
0.668	5.55518e-13
0.669	5.55518e-13
0.67	5.55518e-13
0.671	5.55518e-13
0.672	5.55518e-13
0.673	5.55518e-13
0.674	5.55518e-13
0.675	5.55518e-13
0.676	5.55518e-13
0.677	5.55518e-13
0.678	5.55518e-13
0.679	5.55518e-13
0.68	5.55518e-13
0.681	5.55518e-13
0.682	5.55518e-13
0.683	5.55518e-13
0.684	5.55518e-13
0.685	5.55518e-13
0.686	5.55518e-13
0.687	5.55518e-13
0.688	5.55518e-13
0.689	5.55518e-13
0.69	5.55518e-13
0.691	5.55518e-13
0.692	5.55518e-13
0.693	5.55518e-13
0.694	5.55518e-13
0.695	5.55518e-13
0.696	5.55518e-13
0.697	5.55518e-13
0.698	5.55518e-13
0.699	5.55518e-13
0.7	5.55518e-13
0.701	5.55518e-13
0.702	5.55518e-13
0.703	5.55518e-13
0.704	5.55518e-13
0.705	5.55518e-13
0.706	5.55518e-13
0.707	5.55518e-13
0.708	5.55518e-13
0.709	5.55518e-13
0.71	5.55518e-13
0.711	5.55518e-13
0.712	5.55518e-13
0.713	5.55518e-13
0.714	5.55518e-13
0.715	5.55518e-13
0.716	5.55518e-13
0.717	5.55518e-13
0.718	5.55518e-13
0.719	5.55518e-13
0.72	5.55518e-13
0.721	5.55518e-13
0.722	5.55518e-13
0.723	5.55518e-13
0.724	5.55518e-13
0.725	5.55518e-13
0.726	5.55518e-13
0.727	5.55518e-13
0.728	5.55518e-13
0.729	5.55518e-13
0.73	5.55518e-13
0.731	5.55518e-13
0.732	5.55518e-13
0.733	5.55518e-13
0.734	5.55518e-13
0.735	5.55518e-13
0.736	5.55518e-13
0.737	5.55518e-13
0.738	5.55518e-13
0.739	5.55518e-13
0.74	5.55518e-13
0.741	5.55518e-13
0.742	5.55518e-13
0.743	5.55518e-13
0.744	5.55518e-13
0.745	5.55518e-13
0.746	5.55518e-13
0.747	5.55518e-13
0.748	5.55518e-13
0.749	5.55518e-13
0.75	4.44851e-11
0.751	3.8741e-12
0.752	1.04592e-11
0.753	2.33787e-11
0.754	2.99615e-11
0.755	2.9849e-11
0.756	2.66028e-11
0.757	2.37884e-11
0.758	2.35731e-11
0.759	2.66001e-11
0.76	3.24041e-11
0.761	3.99532e-11
0.762	4.8116e-11
0.763	5.59778e-11
0.764	6.29993e-11
0.765	6.9046e-11
0.766	7.43312e-11
0.767	7.93113e-11
0.768	8.45672e-11
0.769	9.06956e-11
0.77	9.82253e-11
0.771	1.07564e-10
0.772	1.18973e-10
0.773	1.32575e-10
0.774	1.48375e-10
0.775	1.66298e-10
0.776	1.8623e-10
0.777	2.08063e-10
0.778	2.31731e-10
0.779	2.57237e-10
0.78	2.84679e-10
0.781	3.14255e-10
0.782	3.46267e-10
0.783	3.81115e-10
0.784	4.19285e-10
0.785	4.61337e-10
0.786	5.07887e-10
0.787	5.59598e-10
0.788	6.17163e-10
0.789	6.81301e-10
0.79	7.52756e-10
0.791	8.32294e-10
0.792	9.20712e-10
0.793	1.01885e-09
0.794	1.12761e-09
0.795	1.24797e-09
0.796	1.38099e-09
0.797	1.52787e-09
0.798	1.68994e-09
0.799	1.8687e-09
0.8	2.06583e-09
0.801	2.28323e-09
0.802	2.52303e-09
0.803	2.78763e-09
0.804	3.0797e-09
0.805	3.40221e-09
0.806	3.75847e-09
0.807	4.15213e-09
0.808	4.58725e-09
0.809	5.06829e-09
0.81	5.60017e-09
0.811	6.1883e-09
0.812	6.83866e-09
0.813	7.5578e-09
0.814	8.35297e-09
0.815	9.23214e-09
0.816	1.02041e-08
0.817	1.12785e-08
0.818	1.24661e-08
0.819	1.37786e-08
0.82	1.52292e-08
0.821	1.68323e-08
0.822	1.86038e-08
0.823	2.05613e-08
0.824	2.27244e-08
0.825	2.51147e-08
0.826	2.7756e-08
0.827	3.06748e-08
0.828	3.39002e-08
0.829	3.74645e-08
0.83	4.14035e-08
0.831	4.57567e-08
0.832	5.05675e-08
0.833	5.58843e-08
0.834	6.17604e-08
0.835	6.82546e-08
0.836	7.5432e-08
0.837	8.33645e-08
0.838	9.21316e-08
0.839	1.01821e-07
0.84	1.1253e-07
0.841	1.24365e-07
0.842	1.37446e-07
0.843	1.51902e-07
0.844	1.67879e-07
0.845	1.85536e-07
0.846	2.05051e-07
0.847	2.26617e-07
0.848	2.50452e-07
0.849	2.76794e-07
0.85	3.05905e-07
0.851	3.38078e-07
0.852	3.73634e-07
0.853	4.1293e-07
0.854	4.56358e-07
0.855	5.04353e-07
0.856	5.57396e-07
0.857	6.16016e-07
0.858	6.80802e-07
0.859	7.52401e-07
0.86	8.31531e-07
0.861	9.18982e-07
0.862	1.01563e-06
0.863	1.12244e-06
0.864	1.24049e-06
0.865	1.37096e-06
0.866	1.51514e-06
0.867	1.67449e-06
0.868	1.8506e-06
0.869	2.04523e-06
0.87	2.26032e-06
0.871	2.49805e-06
0.872	2.76077e-06
0.873	3.05112e-06
0.874	3.37201e-06
0.875	3.72665e-06
0.876	4.11859e-06
0.877	4.55175e-06
0.878	5.03046e-06
0.879	5.55952e-06
0.88	6.14422e-06
0.881	6.79041e-06
0.882	7.50456e-06
0.883	8.29382e-06
0.884	9.16609e-06
0.885	1.01301e-05
0.886	1.11955e-05
0.887	1.23729e-05
0.888	1.36742e-05
0.889	1.51123e-05
0.89	1.67017e-05
0.891	1.84582e-05
0.892	2.03995e-05
0.893	2.25449e-05
0.894	2.4916e-05
0.895	2.75364e-05
0.896	3.04325e-05
0.897	3.36331e-05
0.898	3.71703e-05
0.899	4.10795e-05
0.9	4.53999e-05
0.901	5.01747e-05
0.902	5.54516e-05
0.903	6.12835e-05
0.904	6.77287e-05
0.905	7.48518e-05
0.906	8.27241e-05
0.907	9.14242e-05
0.908	0.000101039
0.909	0.000111666
0.91	0.00012341
0.911	0.000136389
0.912	0.000150733
0.913	0.000166586
0.914	0.000184106
0.915	0.000203468
0.916	0.000224867
0.917	0.000248517
0.918	0.000274654
0.919	0.000303539
0.92	0.000335463
0.921	0.000370744
0.922	0.000409735
0.923	0.000452827
0.924	0.000500451
0.925	0.000553084
0.926	0.000611253
0.927	0.000675539
0.928	0.000746586
0.929	0.000825105
0.93	0.000911882
0.931	0.00100779
0.932	0.00111378
0.933	0.00123091
0.934	0.00136037
0.935	0.00150344
0.936	0.00166156
0.937	0.0018363
0.938	0.00202943
0.939	0.00224287
0.94	0.00247875
0.941	0.00273944
0.942	0.00302755
0.943	0.00334597
0.944	0.00369786
0.945	0.00408677
0.946	0.00451658
0.947	0.00499159
0.948	0.00551656
0.949	0.00609675
0.95	0.00673795
0.951	0.00744658
0.952	0.00822975
0.953	0.00909528
0.954	0.0100518
0.955	0.011109
0.956	0.0122773
0.957	0.0135686
0.958	0.0149956
0.959	0.0165727
0.96	0.0183156
0.961	0.0202419
0.962	0.0223708
0.963	0.0247235
0.964	0.0273237
0.965	0.0301974
0.966	0.0333733
0.967	0.0368832
0.968	0.0407622
0.969	0.0450492
0.97	0.0497871
0.971	0.0550232
0.972	0.0608101
0.973	0.0672055
0.974	0.0742736
0.975	0.082085
0.976	0.090718
0.977	0.100259
0.978	0.110803
0.979	0.122456
0.98	0.135335
0.981	0.149569
0.982	0.165299
0.983	0.182684
0.984	0.201897
0.985	0.22313
0.986	0.246597
0.987	0.272532
0.988	0.301194
0.989	0.332871
0.99	0.367879
0.991	0.40657
0.992	0.449329
0.993	0.496585
0.994	0.548812
0.995	0.606531
0.996	0.67032
0.997	0.740818
0.998	0.818731
0.999	0.904837
