# Interpolation data for function: (exp(100*x)-1)/(exp(100)-1)
0	-0.0194
0.001	-0.0193412
0.002	-0.0192824
0.003	-0.0192236
0.004	-0.0191648
0.005	-0.019106
0.006	-0.0190472
0.007	-0.0189884
0.008	-0.0189296
0.009	-0.0188708
0.01	-0.018812
0.011	-0.0187532
0.012	-0.0186944
0.013	-0.0186356
0.014	-0.0185768
0.015	-0.018518
0.016	-0.0184592
0.017	-0.0184004
0.018	-0.0183416
0.019	-0.0182828
0.02	-0.018224
0.021	-0.0181652
0.022	-0.0181064
0.023	-0.0180476
0.024	-0.0179888
0.025	-0.01793
0.026	-0.0178712
0.027	-0.0178124
0.028	-0.0177536
0.029	-0.0176948
0.03	-0.017636
0.031	-0.0175772
0.032	-0.0175184
0.033	-0.0174596
0.034	-0.0174008
0.035	-0.017342
0.036	-0.0172832
0.037	-0.0172244
0.038	-0.0171656
0.039	-0.0171068
0.04	-0.017048
0.041	-0.0169892
0.042	-0.0169304
0.043	-0.0168716
0.044	-0.0168128
0.045	-0.016754
0.046	-0.0166952
0.047	-0.0166364
0.048	-0.0165776
0.049	-0.0165188
0.05	-0.01646
0.051	-0.0164012
0.052	-0.0163424
0.053	-0.0162836
0.054	-0.0162248
0.055	-0.016166
0.056	-0.0161072
0.057	-0.0160484
0.058	-0.0159896
0.059	-0.0159308
0.06	-0.015872
0.061	-0.0158132
0.062	-0.0157544
0.063	-0.0156956
0.064	-0.0156368
0.065	-0.015578
0.066	-0.0155192
0.067	-0.0154604
0.068	-0.0154016
0.069	-0.0153428
0.07	-0.015284
0.071	-0.0152252
0.072	-0.0151664
0.073	-0.0151076
0.074	-0.0150488
0.075	-0.01499
0.076	-0.0149312
0.077	-0.0148724
0.078	-0.0148136
0.079	-0.0147548
0.08	-0.014696
0.081	-0.0146372
0.082	-0.0145784
0.083	-0.0145196
0.084	-0.0144608
0.085	-0.014402
0.086	-0.0143432
0.087	-0.0142844
0.088	-0.0142256
0.089	-0.0141668
0.09	-0.014108
0.091	-0.0140492
0.092	-0.0139904
0.093	-0.0139316
0.094	-0.0138728
0.095	-0.013814
0.096	-0.0137552
0.097	-0.0136964
0.098	-0.0136376
0.099	-0.0135788
0.1	-0.01352
0.101	-0.0134612
0.102	-0.0134024
0.103	-0.0133436
0.104	-0.0132848
0.105	-0.013226
0.106	-0.0131672
0.107	-0.0131084
0.108	-0.0130496
0.109	-0.0129908
0.11	-0.012932
0.111	-0.0128732
0.112	-0.0128144
0.113	-0.0127556
0.114	-0.0126968
0.115	-0.012638
0.116	-0.0125792
0.117	-0.0125204
0.118	-0.0124616
0.119	-0.0124028
0.12	-0.012344
0.121	-0.0122852
0.122	-0.0122264
0.123	-0.0121676
0.124	-0.0121088
0.125	-0.01205
0.126	-0.0119912
0.127	-0.0119324
0.128	-0.0118736
0.129	-0.0118148
0.13	-0.011756
0.131	-0.0116972
0.132	-0.0116384
0.133	-0.0115796
0.134	-0.0115208
0.135	-0.011462
0.136	-0.0114032
0.137	-0.0113444
0.138	-0.0112856
0.139	-0.0112268
0.14	-0.011168
0.141	-0.0111092
0.142	-0.0110504
0.143	-0.0109916
0.144	-0.0109328
0.145	-0.010874
0.146	-0.0108152
0.147	-0.0107564
0.148	-0.0106976
0.149	-0.0106388
0.15	-0.01058
0.151	-0.0105212
0.152	-0.0104624
0.153	-0.0104036
0.154	-0.0103448
0.155	-0.010286
0.156	-0.0102272
0.157	-0.0101684
0.158	-0.0101096
0.159	-0.0100508
0.16	-0.009992
0.161	-0.0099332
0.162	-0.0098744
0.163	-0.0098156
0.164	-0.0097568
0.165	-0.009698
0.166	-0.0096392
0.167	-0.0095804
0.168	-0.0095216
0.169	-0.0094628
0.17	-0.009404
0.171	-0.0093452
0.172	-0.0092864
0.173	-0.0092276
0.174	-0.0091688
0.175	-0.00911
0.176	-0.0090512
0.177	-0.0089924
0.178	-0.0089336
0.179	-0.0088748
0.18	-0.008816
0.181	-0.0087572
0.182	-0.0086984
0.183	-0.0086396
0.184	-0.0085808
0.185	-0.008522
0.186	-0.0084632
0.187	-0.0084044
0.188	-0.0083456
0.189	-0.0082868
0.19	-0.008228
0.191	-0.0081692
0.192	-0.0081104
0.193	-0.0080516
0.194	-0.0079928
0.195	-0.007934
0.196	-0.0078752
0.197	-0.0078164
0.198	-0.0077576
0.199	-0.0076988
0.2	-0.00764
0.201	-0.0075812
0.202	-0.0075224
0.203	-0.0074636
0.204	-0.0074048
0.205	-0.007346
0.206	-0.0072872
0.207	-0.0072284
0.208	-0.0071696
0.209	-0.0071108
0.21	-0.007052
0.211	-0.0069932
0.212	-0.0069344
0.213	-0.0068756
0.214	-0.0068168
0.215	-0.006758
0.216	-0.0066992
0.217	-0.0066404
0.218	-0.0065816
0.219	-0.0065228
0.22	-0.006464
0.221	-0.0064052
0.222	-0.0063464
0.223	-0.0062876
0.224	-0.0062288
0.225	-0.00617
0.226	-0.0061112
0.227	-0.0060524
0.228	-0.0059936
0.229	-0.0059348
0.23	-0.005876
0.231	-0.0058172
0.232	-0.0057584
0.233	-0.0056996
0.234	-0.0056408
0.235	-0.005582
0.236	-0.0055232
0.237	-0.0054644
0.238	-0.0054056
0.239	-0.0053468
0.24	-0.005288
0.241	-0.0052292
0.242	-0.0051704
0.243	-0.0051116
0.244	-0.0050528
0.245	-0.004994
0.246	-0.0049352
0.247	-0.0048764
0.248	-0.0048176
0.249	-0.0047588
0.25	-0.0047
0.251	-0.0046412
0.252	-0.0045824
0.253	-0.0045236
0.254	-0.0044648
0.255	-0.004406
0.256	-0.0043472
0.257	-0.0042884
0.258	-0.0042296
0.259	-0.0041708
0.26	-0.004112
0.261	-0.0040532
0.262	-0.0039944
0.263	-0.0039356
0.264	-0.0038768
0.265	-0.003818
0.266	-0.0037592
0.267	-0.0037004
0.268	-0.0036416
0.269	-0.0035828
0.27	-0.003524
0.271	-0.0034652
0.272	-0.0034064
0.273	-0.0033476
0.274	-0.0032888
0.275	-0.00323
0.276	-0.0031712
0.277	-0.0031124
0.278	-0.0030536
0.279	-0.0029948
0.28	-0.002936
0.281	-0.0028772
0.282	-0.0028184
0.283	-0.0027596
0.284	-0.0027008
0.285	-0.002642
0.286	-0.0025832
0.287	-0.0025244
0.288	-0.0024656
0.289	-0.0024068
0.29	-0.002348
0.291	-0.0022892
0.292	-0.0022304
0.293	-0.0021716
0.294	-0.0021128
0.295	-0.002054
0.296	-0.0019952
0.297	-0.0019364
0.298	-0.0018776
0.299	-0.0018188
0.3	-0.00176
0.301	-0.0017012
0.302	-0.0016424
0.303	-0.0015836
0.304	-0.0015248
0.305	-0.001466
0.306	-0.0014072
0.307	-0.0013484
0.308	-0.0012896
0.309	-0.0012308
0.31	-0.001172
0.311	-0.0011132
0.312	-0.0010544
0.313	-0.0009956
0.314	-0.0009368
0.315	-0.000878
0.316	-0.0008192
0.317	-0.0007604
0.318	-0.0007016
0.319	-0.0006428
0.32	-0.000584
0.321	-0.0005252
0.322	-0.0004664
0.323	-0.0004076
0.324	-0.0003488
0.325	-0.00029
0.326	-0.0002312
0.327	-0.0001724
0.328	-0.0001136
0.329	-5.48e-05
0.33	4e-06
0.331	6.28e-05
0.332	0.0001216
0.333	0.0001804
0.334	0.0002392
0.335	0.000298
0.336	0.0003568
0.337	0.0004156
0.338	0.0004744
0.339	0.0005332
0.34	0.000592
0.341	0.0006508
0.342	0.0007096
0.343	0.0007684
0.344	0.0008272
0.345	0.000886
0.346	0.0009448
0.347	0.0010036
0.348	0.0010624
0.349	0.0011212
0.35	0.00118
0.351	0.0012388
0.352	0.0012976
0.353	0.0013564
0.354	0.0014152
0.355	0.001474
0.356	0.0015328
0.357	0.0015916
0.358	0.0016504
0.359	0.0017092
0.36	0.001768
0.361	0.0018268
0.362	0.0018856
0.363	0.0019444
0.364	0.0020032
0.365	0.002062
0.366	0.0021208
0.367	0.0021796
0.368	0.0022384
0.369	0.0022972
0.37	0.002356
0.371	0.0024148
0.372	0.0024736
0.373	0.0025324
0.374	0.0025912
0.375	0.00265
0.376	0.0027088
0.377	0.0027676
0.378	0.0028264
0.379	0.0028852
0.38	0.002944
0.381	0.0030028
0.382	0.0030616
0.383	0.0031204
0.384	0.0031792
0.385	0.003238
0.386	0.0032968
0.387	0.0033556
0.388	0.0034144
0.389	0.0034732
0.39	0.003532
0.391	0.0035908
0.392	0.0036496
0.393	0.0037084
0.394	0.0037672
0.395	0.003826
0.396	0.0038848
0.397	0.0039436
0.398	0.0040024
0.399	0.0040612
0.4	0.00412
0.401	0.0041788
0.402	0.0042376
0.403	0.0042964
0.404	0.0043552
0.405	0.004414
0.406	0.0044728
0.407	0.0045316
0.408	0.0045904
0.409	0.0046492
0.41	0.004708
0.411	0.0047668
0.412	0.0048256
0.413	0.0048844
0.414	0.0049432
0.415	0.005002
0.416	0.0050608
0.417	0.0051196
0.418	0.0051784
0.419	0.0052372
0.42	0.005296
0.421	0.0053548
0.422	0.0054136
0.423	0.0054724
0.424	0.0055312
0.425	0.00559
0.426	0.0056488
0.427	0.0057076
0.428	0.0057664
0.429	0.0058252
0.43	0.005884
0.431	0.0059428
0.432	0.0060016
0.433	0.0060604
0.434	0.0061192
0.435	0.006178
0.436	0.0062368
0.437	0.0062956
0.438	0.0063544
0.439	0.0064132
0.44	0.006472
0.441	0.0065308
0.442	0.0065896
0.443	0.0066484
0.444	0.0067072
0.445	0.006766
0.446	0.0068248
0.447	0.0068836
0.448	0.0069424
0.449	0.0070012
0.45	0.00706
0.451	0.0071188
0.452	0.0071776
0.453	0.0072364
0.454	0.0072952
0.455	0.007354
0.456	0.0074128
0.457	0.0074716
0.458	0.0075304
0.459	0.0075892
0.46	0.007648
0.461	0.0077068
0.462	0.0077656
0.463	0.0078244
0.464	0.0078832
0.465	0.007942
0.466	0.0080008
0.467	0.0080596
0.468	0.0081184
0.469	0.0081772
0.47	0.008236
0.471	0.0082948
0.472	0.0083536
0.473	0.0084124
0.474	0.0084712
0.475	0.00853
0.476	0.0085888
0.477	0.0086476
0.478	0.0087064
0.479	0.0087652
0.48	0.008824
0.481	0.0088828
0.482	0.0089416
0.483	0.0090004
0.484	0.0090592
0.485	0.009118
0.486	0.0091768
0.487	0.0092356
0.488	0.0092944
0.489	0.0093532
0.49	0.009412
0.491	0.0094708
0.492	0.0095296
0.493	0.0095884
0.494	0.0096472
0.495	0.009706
0.496	0.0097648
0.497	0.0098236
0.498	0.0098824
0.499	0.0099412
0.5	0.01
0.501	0.0100588
0.502	0.0101176
0.503	0.0101764
0.504	0.0102352
0.505	0.010294
0.506	0.0103528
0.507	0.0104116
0.508	0.0104704
0.509	0.0105292
0.51	0.010588
0.511	0.0106468
0.512	0.0107056
0.513	0.0107644
0.514	0.0108232
0.515	0.010882
0.516	0.0109408
0.517	0.0109996
0.518	0.0110584
0.519	0.0111172
0.52	0.011176
0.521	0.0112348
0.522	0.0112936
0.523	0.0113524
0.524	0.0114112
0.525	0.01147
0.526	0.0115288
0.527	0.0115876
0.528	0.0116464
0.529	0.0117052
0.53	0.011764
0.531	0.0118228
0.532	0.0118816
0.533	0.0119404
0.534	0.0119992
0.535	0.012058
0.536	0.0121168
0.537	0.0121756
0.538	0.0122344
0.539	0.0122932
0.54	0.012352
0.541	0.0124108
0.542	0.0124696
0.543	0.0125284
0.544	0.0125872
0.545	0.012646
0.546	0.0127048
0.547	0.0127636
0.548	0.0128224
0.549	0.0128812
0.55	0.01294
0.551	0.0129988
0.552	0.0130576
0.553	0.0131164
0.554	0.0131752
0.555	0.013234
0.556	0.0132928
0.557	0.0133516
0.558	0.0134104
0.559	0.0134692
0.56	0.013528
0.561	0.0135868
0.562	0.0136456
0.563	0.0137044
0.564	0.0137632
0.565	0.013822
0.566	0.0138808
0.567	0.0139396
0.568	0.0139984
0.569	0.0140572
0.57	0.014116
0.571	0.0141748
0.572	0.0142336
0.573	0.0142924
0.574	0.0143512
0.575	0.01441
0.576	0.0144688
0.577	0.0145276
0.578	0.0145864
0.579	0.0146452
0.58	0.014704
0.581	0.0147628
0.582	0.0148216
0.583	0.0148804
0.584	0.0149392
0.585	0.014998
0.586	0.0150568
0.587	0.0151156
0.588	0.0151744
0.589	0.0152332
0.59	0.015292
0.591	0.0153508
0.592	0.0154096
0.593	0.0154684
0.594	0.0155272
0.595	0.015586
0.596	0.0156448
0.597	0.0157036
0.598	0.0157624
0.599	0.0158212
0.6	0.01588
0.601	0.0159388
0.602	0.0159976
0.603	0.0160564
0.604	0.0161152
0.605	0.016174
0.606	0.0162328
0.607	0.0162916
0.608	0.0163504
0.609	0.0164092
0.61	0.016468
0.611	0.0165268
0.612	0.0165856
0.613	0.0166444
0.614	0.0167032
0.615	0.016762
0.616	0.0168208
0.617	0.0168796
0.618	0.0169384
0.619	0.0169972
0.62	0.017056
0.621	0.0171148
0.622	0.0171736
0.623	0.0172324
0.624	0.0172912
0.625	0.01735
0.626	0.0174088
0.627	0.0174676
0.628	0.0175264
0.629	0.0175852
0.63	0.017644
0.631	0.0177028
0.632	0.0177616
0.633	0.0178204
0.634	0.0178792
0.635	0.017938
0.636	0.0179968
0.637	0.0180556
0.638	0.0181144
0.639	0.0181732
0.64	0.018232
0.641	0.0182908
0.642	0.0183496
0.643	0.0184084
0.644	0.0184672
0.645	0.018526
0.646	0.0185848
0.647	0.0186436
0.648	0.0187024
0.649	0.0187612
0.65	0.01882
0.651	0.0188788
0.652	0.0189376
0.653	0.0189964
0.654	0.0190552
0.655	0.019114
0.656	0.0191728
0.657	0.0192316
0.658	0.0192904
0.659	0.0193492
0.66	0.019408
0.661	0.0194668
0.662	0.0195256
0.663	0.0195844
0.664	0.0196432
0.665	0.019702
0.666	0.0197608
0.667	0.0198196
0.668	0.0198784
0.669	0.0199372
0.67	0.019996
0.671	0.0200548
0.672	0.0201136
0.673	0.0201724
0.674	0.0202312
0.675	0.02029
0.676	0.0203488
0.677	0.0204076
0.678	0.0204664
0.679	0.0205252
0.68	0.020584
0.681	0.0206428
0.682	0.0207016
0.683	0.0207604
0.684	0.0208192
0.685	0.020878
0.686	0.0209368
0.687	0.0209956
0.688	0.0210544
0.689	0.0211132
0.69	0.021172
0.691	0.0212308
0.692	0.0212896
0.693	0.0213484
0.694	0.0214072
0.695	0.021466
0.696	0.0215248
0.697	0.0215836
0.698	0.0216424
0.699	0.0217012
0.7	0.02176
0.701	0.0218188
0.702	0.0218776
0.703	0.0219364
0.704	0.0219952
0.705	0.022054
0.706	0.0221128
0.707	0.0221716
0.708	0.0222304
0.709	0.0222892
0.71	0.022348
0.711	0.0224068
0.712	0.0224656
0.713	0.0225244
0.714	0.0225832
0.715	0.022642
0.716	0.0227008
0.717	0.0227596
0.718	0.0228184
0.719	0.0228772
0.72	0.022936
0.721	0.0229948
0.722	0.0230536
0.723	0.0231124
0.724	0.0231712
0.725	0.02323
0.726	0.0232888
0.727	0.0233476
0.728	0.0234064
0.729	0.0234652
0.73	0.023524
0.731	0.0235828
0.732	0.0236416
0.733	0.0237004
0.734	0.0237592
0.735	0.023818
0.736	0.0238768
0.737	0.0239356
0.738	0.0239944
0.739	0.0240532
0.74	0.024112
0.741	0.0241708
0.742	0.0242296
0.743	0.0242884
0.744	0.0243472
0.745	0.024406
0.746	0.0244648
0.747	0.0245236
0.748	0.0245824
0.749	0.0246412
0.75	0.0247
0.751	0.0247588
0.752	0.0248176
0.753	0.0248764
0.754	0.0249352
0.755	0.024994
0.756	0.0250528
0.757	0.0251116
0.758	0.0251704
0.759	0.0252292
0.76	0.025288
0.761	0.0253468
0.762	0.0254056
0.763	0.0254644
0.764	0.0255232
0.765	0.025582
0.766	0.0256408
0.767	0.0256996
0.768	0.0257584
0.769	0.0258172
0.77	0.025876
0.771	0.0259348
0.772	0.0259936
0.773	0.0260524
0.774	0.0261112
0.775	0.02617
0.776	0.0262288
0.777	0.0262876
0.778	0.0263464
0.779	0.0264052
0.78	0.026464
0.781	0.0265228
0.782	0.0265816
0.783	0.0266404
0.784	0.0266992
0.785	0.026758
0.786	0.0268168
0.787	0.0268756
0.788	0.0269344
0.789	0.0269932
0.79	0.027052
0.791	0.0271108
0.792	0.0271696
0.793	0.0272284
0.794	0.0272872
0.795	0.027346
0.796	0.0274048
0.797	0.0274636
0.798	0.0275224
0.799	0.0275812
0.8	0.02764
0.801	0.0276988
0.802	0.0277576
0.803	0.0278164
0.804	0.0278752
0.805	0.027934
0.806	0.0279928
0.807	0.0280516
0.808	0.0281104
0.809	0.0281692
0.81	0.028228
0.811	0.0282868
0.812	0.0283456
0.813	0.0284044
0.814	0.0284632
0.815	0.028522
0.816	0.0285808
0.817	0.0286396
0.818	0.0286984
0.819	0.0287572
0.82	0.028816
0.821	0.0288748
0.822	0.0289336
0.823	0.0289924
0.824	0.0290512
0.825	0.02911
0.826	0.0291688
0.827	0.0292276
0.828	0.0292864
0.829	0.0293452
0.83	0.029404
0.831	0.0294628
0.832	0.0295216
0.833	0.0295804
0.834	0.0296392
0.835	0.029698
0.836	0.0297568
0.837	0.0298156
0.838	0.0298744
0.839	0.0299332
0.84	0.029992
0.841	0.0300508
0.842	0.0301096
0.843	0.0301684
0.844	0.0302272
0.845	0.030286
0.846	0.0303448
0.847	0.0304036
0.848	0.0304624
0.849	0.0305212
0.85	0.03058
0.851	0.0306388
0.852	0.0306976
0.853	0.0307564
0.854	0.0308152
0.855	0.030874
0.856	0.0309328
0.857	0.0309916
0.858	0.0310504
0.859	0.0311092
0.86	0.031168
0.861	0.0312268
0.862	0.0312856
0.863	0.0313444
0.864	0.0314032
0.865	0.031462
0.866	0.0315208
0.867	0.0315796
0.868	0.0316384
0.869	0.0316972
0.87	0.031756
0.871	0.0318148
0.872	0.0318736
0.873	0.0319324
0.874	0.0319912
0.875	0.03205
0.876	0.0321088
0.877	0.0321676
0.878	0.0322264
0.879	0.0322852
0.88	0.032344
0.881	0.0324028
0.882	0.0324616
0.883	0.0325204
0.884	0.0325792
0.885	0.032638
0.886	0.0326968
0.887	0.0327556
0.888	0.0328144
0.889	0.0328732
0.89	0.032932
0.891	0.0329908
0.892	0.0330496
0.893	0.0331084
0.894	0.0331672
0.895	0.033226
0.896	0.0332848
0.897	0.0333436
0.898	0.0334024
0.899	0.0334612
0.9	0.03352
0.901	0.0335788
0.902	0.0336376
0.903	0.0336964
0.904	0.0337552
0.905	0.033814
0.906	0.0338728
0.907	0.0339316
0.908	0.0339904
0.909	0.0340492
0.91	0.034108
0.911	0.0341668
0.912	0.0342256
0.913	0.0342844
0.914	0.0343432
0.915	0.034402
0.916	0.0344608
0.917	0.0345196
0.918	0.0345784
0.919	0.0346372
0.92	0.034696
0.921	0.0347548
0.922	0.0348136
0.923	0.0348724
0.924	0.0349312
0.925	0.03499
0.926	0.0350488
0.927	0.0351076
0.928	0.0351664
0.929	0.0352252
0.93	0.035284
0.931	0.0353428
0.932	0.0354016
0.933	0.0354604
0.934	0.0355192
0.935	0.035578
0.936	0.0356368
0.937	0.0356956
0.938	0.0357544
0.939	0.0358132
0.94	0.035872
0.941	0.0359308
0.942	0.0359896
0.943	0.0360484
0.944	0.0361072
0.945	0.036166
0.946	0.0362248
0.947	0.0362836
0.948	0.0363424
0.949	0.0364012
0.95	0.03646
0.951	0.0365188
0.952	0.0365776
0.953	0.0366364
0.954	0.0366952
0.955	0.036754
0.956	0.0368128
0.957	0.0368716
0.958	0.0369304
0.959	0.0369892
0.96	0.037048
0.961	0.0371068
0.962	0.0371656
0.963	0.0372244
0.964	0.0372832
0.965	0.037342
0.966	0.0374008
0.967	0.0374596
0.968	0.0375184
0.969	0.0375772
0.97	0.037636
0.971	0.0376948
0.972	0.0377536
0.973	0.0378124
0.974	0.0378712
0.975	0.03793
0.976	0.0379888
0.977	0.0380476
0.978	0.0381064
0.979	0.0381652
0.98	0.038224
0.981	0.0382828
0.982	0.0383416
0.983	0.0384004
0.984	0.0384592
0.985	0.038518
0.986	0.0385768
0.987	0.0386356
0.988	0.0386944
0.989	0.0387532
0.99	0.038812
0.991	0.0388708
0.992	0.0389296
0.993	0.0389884
0.994	0.0390472
0.995	0.039106
0.996	0.0391648
0.997	0.0392236
0.998	0.0392824
0.999	0.0393412
