# Interpolation data for function: (exp(100*x)-1)/(exp(100)-1)
0	3.8575e-24
0.001	3.8575e-24
0.002	3.8575e-24
0.003	3.8575e-24
0.004	3.8575e-24
0.005	3.8575e-24
0.006	3.8575e-24
0.007	3.8575e-24
0.008	3.8575e-24
0.009	3.8575e-24
0.01	3.8575e-24
0.011	3.8575e-24
0.012	3.8575e-24
0.013	3.8575e-24
0.014	3.8575e-24
0.015	3.8575e-24
0.016	3.8575e-24
0.017	3.8575e-24
0.018	3.8575e-24
0.019	3.8575e-24
0.02	3.8575e-24
0.021	3.8575e-24
0.022	3.8575e-24
0.023	3.8575e-24
0.024	3.8575e-24
0.025	3.8575e-24
0.026	3.8575e-24
0.027	3.8575e-24
0.028	3.8575e-24
0.029	3.8575e-24
0.03	3.8575e-24
0.031	3.8575e-24
0.032	3.8575e-24
0.033	3.8575e-24
0.034	3.8575e-24
0.035	3.8575e-24
0.036	3.8575e-24
0.037	3.8575e-24
0.038	3.8575e-24
0.039	3.8575e-24
0.04	3.8575e-24
0.041	3.8575e-24
0.042	3.8575e-24
0.043	3.8575e-24
0.044	3.8575e-24
0.045	3.8575e-24
0.046	3.8575e-24
0.047	3.8575e-24
0.048	3.8575e-24
0.049	3.8575e-24
0.05	3.8575e-24
0.051	3.8575e-24
0.052	3.8575e-24
0.053	3.8575e-24
0.054	3.8575e-24
0.055	3.8575e-24
0.056	3.8575e-24
0.057	3.8575e-24
0.058	3.8575e-24
0.059	3.8575e-24
0.06	3.8575e-24
0.061	3.8575e-24
0.062	3.8575e-24
0.063	3.8575e-24
0.064	3.8575e-24
0.065	3.8575e-24
0.066	3.8575e-24
0.067	3.8575e-24
0.068	3.8575e-24
0.069	3.8575e-24
0.07	3.8575e-24
0.071	3.8575e-24
0.072	3.8575e-24
0.073	3.8575e-24
0.074	3.8575e-24
0.075	3.8575e-24
0.076	3.8575e-24
0.077	3.8575e-24
0.078	3.8575e-24
0.079	3.8575e-24
0.08	3.8575e-24
0.081	3.8575e-24
0.082	3.8575e-24
0.083	3.8575e-24
0.084	3.8575e-24
0.085	3.8575e-24
0.086	3.8575e-24
0.087	3.8575e-24
0.088	3.8575e-24
0.089	3.8575e-24
0.09	3.8575e-24
0.091	3.8575e-24
0.092	3.8575e-24
0.093	3.8575e-24
0.094	3.8575e-24
0.095	3.8575e-24
0.096	3.8575e-24
0.097	3.8575e-24
0.098	3.8575e-24
0.099	3.8575e-24
0.1	3.8575e-24
0.101	3.8575e-24
0.102	3.8575e-24
0.103	3.8575e-24
0.104	3.8575e-24
0.105	3.8575e-24
0.106	3.8575e-24
0.107	3.8575e-24
0.108	3.8575e-24
0.109	3.8575e-24
0.11	3.8575e-24
0.111	3.8575e-24
0.112	3.8575e-24
0.113	3.8575e-24
0.114	3.8575e-24
0.115	3.8575e-24
0.116	3.8575e-24
0.117	3.8575e-24
0.118	3.8575e-24
0.119	3.8575e-24
0.12	3.8575e-24
0.121	3.8575e-24
0.122	3.8575e-24
0.123	3.8575e-24
0.124	3.8575e-24
0.125	3.8575e-24
0.126	3.8575e-24
0.127	3.8575e-24
0.128	3.8575e-24
0.129	3.8575e-24
0.13	3.8575e-24
0.131	3.8575e-24
0.132	3.8575e-24
0.133	3.8575e-24
0.134	3.8575e-24
0.135	3.8575e-24
0.136	3.8575e-24
0.137	3.8575e-24
0.138	3.8575e-24
0.139	3.8575e-24
0.14	3.8575e-24
0.141	3.8575e-24
0.142	3.8575e-24
0.143	3.8575e-24
0.144	3.8575e-24
0.145	3.8575e-24
0.146	3.8575e-24
0.147	3.8575e-24
0.148	3.8575e-24
0.149	3.8575e-24
0.15	3.8575e-24
0.151	3.8575e-24
0.152	3.8575e-24
0.153	3.8575e-24
0.154	3.8575e-24
0.155	3.8575e-24
0.156	3.8575e-24
0.157	3.8575e-24
0.158	3.8575e-24
0.159	3.8575e-24
0.16	3.8575e-24
0.161	3.8575e-24
0.162	3.8575e-24
0.163	3.8575e-24
0.164	3.8575e-24
0.165	3.8575e-24
0.166	3.8575e-24
0.167	3.8575e-24
0.168	3.8575e-24
0.169	3.8575e-24
0.17	3.8575e-24
0.171	3.8575e-24
0.172	3.8575e-24
0.173	3.8575e-24
0.174	3.8575e-24
0.175	3.8575e-24
0.176	3.8575e-24
0.177	3.8575e-24
0.178	3.8575e-24
0.179	3.8575e-24
0.18	3.8575e-24
0.181	3.8575e-24
0.182	3.8575e-24
0.183	3.8575e-24
0.184	3.8575e-24
0.185	3.8575e-24
0.186	3.8575e-24
0.187	3.8575e-24
0.188	3.8575e-24
0.189	3.8575e-24
0.19	3.8575e-24
0.191	3.8575e-24
0.192	3.8575e-24
0.193	3.8575e-24
0.194	3.8575e-24
0.195	3.8575e-24
0.196	3.8575e-24
0.197	3.8575e-24
0.198	3.8575e-24
0.199	3.8575e-24
0.2	3.8575e-24
0.201	3.8575e-24
0.202	3.8575e-24
0.203	3.8575e-24
0.204	3.8575e-24
0.205	3.8575e-24
0.206	3.8575e-24
0.207	3.8575e-24
0.208	3.8575e-24
0.209	3.8575e-24
0.21	3.8575e-24
0.211	3.8575e-24
0.212	3.8575e-24
0.213	3.8575e-24
0.214	3.8575e-24
0.215	3.8575e-24
0.216	3.8575e-24
0.217	3.8575e-24
0.218	3.8575e-24
0.219	3.8575e-24
0.22	3.8575e-24
0.221	3.8575e-24
0.222	3.8575e-24
0.223	3.8575e-24
0.224	3.8575e-24
0.225	3.8575e-24
0.226	3.8575e-24
0.227	3.8575e-24
0.228	3.8575e-24
0.229	3.8575e-24
0.23	3.8575e-24
0.231	3.8575e-24
0.232	3.8575e-24
0.233	3.8575e-24
0.234	3.8575e-24
0.235	3.8575e-24
0.236	3.8575e-24
0.237	3.8575e-24
0.238	3.8575e-24
0.239	3.8575e-24
0.24	3.8575e-24
0.241	3.8575e-24
0.242	3.8575e-24
0.243	3.8575e-24
0.244	3.8575e-24
0.245	3.8575e-24
0.246	3.8575e-24
0.247	3.8575e-24
0.248	3.8575e-24
0.249	3.8575e-24
0.25	3.8575e-24
0.251	3.8575e-24
0.252	3.8575e-24
0.253	3.8575e-24
0.254	3.8575e-24
0.255	3.8575e-24
0.256	3.8575e-24
0.257	3.8575e-24
0.258	3.8575e-24
0.259	3.8575e-24
0.26	3.8575e-24
0.261	3.8575e-24
0.262	3.8575e-24
0.263	3.8575e-24
0.264	3.8575e-24
0.265	3.8575e-24
0.266	3.8575e-24
0.267	3.8575e-24
0.268	3.8575e-24
0.269	3.8575e-24
0.27	3.8575e-24
0.271	3.8575e-24
0.272	3.8575e-24
0.273	3.8575e-24
0.274	3.8575e-24
0.275	3.8575e-24
0.276	3.8575e-24
0.277	3.8575e-24
0.278	3.8575e-24
0.279	3.8575e-24
0.28	3.8575e-24
0.281	3.8575e-24
0.282	3.8575e-24
0.283	3.8575e-24
0.284	3.8575e-24
0.285	3.8575e-24
0.286	3.8575e-24
0.287	3.8575e-24
0.288	3.8575e-24
0.289	3.8575e-24
0.29	3.8575e-24
0.291	3.8575e-24
0.292	3.8575e-24
0.293	3.8575e-24
0.294	3.8575e-24
0.295	3.8575e-24
0.296	3.8575e-24
0.297	3.8575e-24
0.298	3.8575e-24
0.299	3.8575e-24
0.3	3.8575e-24
0.301	3.8575e-24
0.302	3.8575e-24
0.303	3.8575e-24
0.304	3.8575e-24
0.305	3.8575e-24
0.306	3.8575e-24
0.307	3.8575e-24
0.308	3.8575e-24
0.309	3.8575e-24
0.31	3.8575e-24
0.311	3.8575e-24
0.312	3.8575e-24
0.313	3.8575e-24
0.314	3.8575e-24
0.315	3.8575e-24
0.316	3.8575e-24
0.317	3.8575e-24
0.318	3.8575e-24
0.319	3.8575e-24
0.32	3.8575e-24
0.321	3.8575e-24
0.322	3.8575e-24
0.323	3.8575e-24
0.324	3.8575e-24
0.325	3.8575e-24
0.326	3.8575e-24
0.327	3.8575e-24
0.328	3.8575e-24
0.329	3.8575e-24
0.33	3.8575e-24
0.331	3.8575e-24
0.332	3.8575e-24
0.333	3.8575e-24
0.334	3.8575e-24
0.335	3.8575e-24
0.336	3.8575e-24
0.337	3.8575e-24
0.338	3.8575e-24
0.339	3.8575e-24
0.34	3.8575e-24
0.341	3.8575e-24
0.342	3.8575e-24
0.343	3.8575e-24
0.344	3.8575e-24
0.345	3.8575e-24
0.346	3.8575e-24
0.347	3.8575e-24
0.348	3.8575e-24
0.349	3.8575e-24
0.35	3.8575e-24
0.351	3.8575e-24
0.352	3.8575e-24
0.353	3.8575e-24
0.354	3.8575e-24
0.355	3.8575e-24
0.356	3.8575e-24
0.357	3.8575e-24
0.358	3.8575e-24
0.359	3.8575e-24
0.36	3.8575e-24
0.361	3.8575e-24
0.362	3.8575e-24
0.363	3.8575e-24
0.364	3.8575e-24
0.365	3.8575e-24
0.366	3.8575e-24
0.367	3.8575e-24
0.368	3.8575e-24
0.369	3.8575e-24
0.37	3.8575e-24
0.371	3.8575e-24
0.372	3.8575e-24
0.373	3.8575e-24
0.374	3.8575e-24
0.375	3.8575e-24
0.376	3.8575e-24
0.377	3.8575e-24
0.378	3.8575e-24
0.379	3.8575e-24
0.38	3.8575e-24
0.381	3.8575e-24
0.382	3.8575e-24
0.383	3.8575e-24
0.384	3.8575e-24
0.385	3.8575e-24
0.386	3.8575e-24
0.387	3.8575e-24
0.388	3.8575e-24
0.389	3.8575e-24
0.39	3.8575e-24
0.391	3.8575e-24
0.392	3.8575e-24
0.393	3.8575e-24
0.394	3.8575e-24
0.395	3.8575e-24
0.396	3.8575e-24
0.397	3.8575e-24
0.398	3.8575e-24
0.399	3.8575e-24
0.4	3.8575e-24
0.401	3.8575e-24
0.402	3.8575e-24
0.403	3.8575e-24
0.404	3.8575e-24
0.405	3.8575e-24
0.406	3.8575e-24
0.407	3.8575e-24
0.408	3.8575e-24
0.409	3.8575e-24
0.41	3.8575e-24
0.411	3.8575e-24
0.412	3.8575e-24
0.413	3.8575e-24
0.414	3.8575e-24
0.415	3.8575e-24
0.416	3.8575e-24
0.417	3.8575e-24
0.418	3.8575e-24
0.419	3.8575e-24
0.42	3.8575e-24
0.421	3.8575e-24
0.422	3.8575e-24
0.423	3.8575e-24
0.424	3.8575e-24
0.425	3.8575e-24
0.426	3.8575e-24
0.427	3.8575e-24
0.428	3.8575e-24
0.429	3.8575e-24
0.43	3.8575e-24
0.431	3.8575e-24
0.432	3.8575e-24
0.433	3.8575e-24
0.434	3.8575e-24
0.435	3.8575e-24
0.436	3.8575e-24
0.437	3.8575e-24
0.438	3.8575e-24
0.439	3.8575e-24
0.44	3.8575e-24
0.441	3.8575e-24
0.442	3.8575e-24
0.443	3.8575e-24
0.444	3.8575e-24
0.445	3.8575e-24
0.446	3.8575e-24
0.447	3.8575e-24
0.448	3.8575e-24
0.449	3.8575e-24
0.45	3.8575e-24
0.451	3.8575e-24
0.452	3.8575e-24
0.453	3.8575e-24
0.454	3.8575e-24
0.455	3.8575e-24
0.456	3.8575e-24
0.457	3.8575e-24
0.458	3.8575e-24
0.459	3.8575e-24
0.46	3.8575e-24
0.461	3.8575e-24
0.462	3.8575e-24
0.463	3.8575e-24
0.464	3.8575e-24
0.465	3.8575e-24
0.466	3.8575e-24
0.467	3.8575e-24
0.468	3.8575e-24
0.469	3.8575e-24
0.47	3.8575e-24
0.471	3.8575e-24
0.472	3.8575e-24
0.473	3.8575e-24
0.474	3.8575e-24
0.475	3.8575e-24
0.476	3.8575e-24
0.477	3.8575e-24
0.478	3.8575e-24
0.479	3.8575e-24
0.48	3.8575e-24
0.481	3.8575e-24
0.482	3.8575e-24
0.483	3.8575e-24
0.484	3.8575e-24
0.485	3.8575e-24
0.486	3.8575e-24
0.487	3.8575e-24
0.488	3.8575e-24
0.489	3.8575e-24
0.49	3.8575e-24
0.491	3.8575e-24
0.492	3.8575e-24
0.493	3.8575e-24
0.494	3.8575e-24
0.495	3.8575e-24
0.496	3.8575e-24
0.497	3.8575e-24
0.498	3.8575e-24
0.499	3.8575e-24
0.5	0.05088
0.501	0.0500508
0.502	0.0492258
0.503	0.048405
0.504	0.0475885
0.505	0.0467763
0.506	0.0459683
0.507	0.0451645
0.508	0.044365
0.509	0.0435698
0.51	0.0427788
0.511	0.041992
0.512	0.0412095
0.513	0.0404312
0.514	0.0396572
0.515	0.0388874
0.516	0.0381219
0.517	0.0373606
0.518	0.0366035
0.519	0.0358508
0.52	0.0351022
0.521	0.0343579
0.522	0.0336179
0.523	0.0328821
0.524	0.0321505
0.525	0.0314232
0.526	0.0307001
0.527	0.0299813
0.528	0.0292668
0.529	0.0285564
0.53	0.0278504
0.531	0.0271485
0.532	0.026451
0.533	0.0257576
0.534	0.0250685
0.535	0.0243837
0.536	0.0237031
0.537	0.0230268
0.538	0.0223547
0.539	0.0216868
0.54	0.0210232
0.541	0.0203639
0.542	0.0197088
0.543	0.0190579
0.544	0.0184113
0.545	0.0177689
0.546	0.0171308
0.547	0.0164969
0.548	0.0158673
0.549	0.0152419
0.55	0.0146208
0.551	0.0140039
0.552	0.0133913
0.553	0.0127829
0.554	0.0121787
0.555	0.0115788
0.556	0.0109832
0.557	0.0103918
0.558	0.00980464
0.559	0.00922173
0.56	0.00864307
0.561	0.00806866
0.562	0.00749849
0.563	0.00693257
0.564	0.0063709
0.565	0.00581347
0.566	0.00526029
0.567	0.00471136
0.568	0.00416668
0.569	0.00362624
0.57	0.00309005
0.571	0.0025581
0.572	0.00203041
0.573	0.00150696
0.574	0.000987756
0.575	0.0004728
0.576	-3.79085e-05
0.577	-0.00054437
0.578	-0.00104658
0.579	-0.00154455
0.58	-0.00203827
0.581	-0.00252775
0.582	-0.00301297
0.583	-0.00349395
0.584	-0.00397068
0.585	-0.00444317
0.586	-0.00491141
0.587	-0.0053754
0.588	-0.00583514
0.589	-0.00629064
0.59	-0.00674189
0.591	-0.00718889
0.592	-0.00763165
0.593	-0.00807016
0.594	-0.00850442
0.595	-0.00893443
0.596	-0.0093602
0.597	-0.00978172
0.598	-0.010199
0.599	-0.010612
0.6	-0.0110208
0.601	-0.0114253
0.602	-0.0118256
0.603	-0.0122217
0.604	-0.0126134
0.605	-0.013001
0.606	-0.0133843
0.607	-0.0137633
0.608	-0.0141381
0.609	-0.0145087
0.61	-0.014875
0.611	-0.0152371
0.612	-0.0155949
0.613	-0.0159485
0.614	-0.0162978
0.615	-0.0166428
0.616	-0.0169837
0.617	-0.0173203
0.618	-0.0176526
0.619	-0.0179807
0.62	-0.0183045
0.621	-0.0186241
0.622	-0.0189394
0.623	-0.0192505
0.624	-0.0195574
0.625	-0.01986
0.626	-0.0201584
0.627	-0.0204525
0.628	-0.0207423
0.629	-0.0210279
0.63	-0.0213093
0.631	-0.0215864
0.632	-0.0218593
0.633	-0.0221279
0.634	-0.0223923
0.635	-0.0226524
0.636	-0.0229083
0.637	-0.02316
0.638	-0.0234074
0.639	-0.0236505
0.64	-0.0238894
0.641	-0.0241241
0.642	-0.0243545
0.643	-0.0245806
0.644	-0.0248025
0.645	-0.0250202
0.646	-0.0252336
0.647	-0.0254428
0.648	-0.0256477
0.649	-0.0258484
0.65	-0.0260448
0.651	-0.026237
0.652	-0.0264249
0.653	-0.0266086
0.654	-0.026788
0.655	-0.0269632
0.656	-0.0271342
0.657	-0.0273009
0.658	-0.0274633
0.659	-0.0276215
0.66	-0.0277755
0.661	-0.0279252
0.662	-0.0280707
0.663	-0.0282119
0.664	-0.0283488
0.665	-0.0284816
0.666	-0.02861
0.667	-0.0287343
0.668	-0.0288543
0.669	-0.02897
0.67	-0.0290815
0.671	-0.0291887
0.672	-0.0292917
0.673	-0.0293904
0.674	-0.0294849
0.675	-0.0295752
0.676	-0.0296612
0.677	-0.029743
0.678	-0.0298205
0.679	-0.0298937
0.68	-0.0299628
0.681	-0.0300275
0.682	-0.030088
0.683	-0.0301443
0.684	-0.0301963
0.685	-0.0302441
0.686	-0.0302877
0.687	-0.0303269
0.688	-0.030362
0.689	-0.0303928
0.69	-0.0304193
0.691	-0.0304416
0.692	-0.0304597
0.693	-0.0304735
0.694	-0.030483
0.695	-0.0304884
0.696	-0.0304894
0.697	-0.0304862
0.698	-0.0304788
0.699	-0.0304671
0.7	-0.0304512
0.701	-0.030431
0.702	-0.0304066
0.703	-0.0303779
0.704	-0.030345
0.705	-0.0303079
0.706	-0.0302665
0.707	-0.0302208
0.708	-0.0301709
0.709	-0.0301168
0.71	-0.0300584
0.711	-0.0299957
0.712	-0.0299288
0.713	-0.0298577
0.714	-0.0297823
0.715	-0.0297027
0.716	-0.0296188
0.717	-0.0295307
0.718	-0.0294383
0.719	-0.0293417
0.72	-0.0292408
0.721	-0.0291357
0.722	-0.0290264
0.723	-0.0289128
0.724	-0.0287949
0.725	-0.0286728
0.726	-0.0285465
0.727	-0.0284159
0.728	-0.028281
0.729	-0.0281419
0.73	-0.0279986
0.731	-0.027851
0.732	-0.0276992
0.733	-0.0275431
0.734	-0.0273828
0.735	-0.0272182
0.736	-0.0270494
0.737	-0.0268763
0.738	-0.026699
0.739	-0.0265175
0.74	-0.0263316
0.741	-0.0261416
0.742	-0.0259473
0.743	-0.0257487
0.744	-0.025546
0.745	-0.0253389
0.746	-0.0251276
0.747	-0.0249121
0.748	-0.0246923
0.749	-0.0244683
0.75	-0.02424
0.751	-0.0240075
0.752	-0.0237707
0.753	-0.0235297
0.754	-0.0232844
0.755	-0.0230349
0.756	-0.0227812
0.757	-0.0225231
0.758	-0.0222609
0.759	-0.0219944
0.76	-0.0217236
0.761	-0.0214487
0.762	-0.0211694
0.763	-0.0208859
0.764	-0.0205982
0.765	-0.0203062
0.766	-0.02001
0.767	-0.0197095
0.768	-0.0194048
0.769	-0.0190958
0.77	-0.0187826
0.771	-0.0184651
0.772	-0.0181434
0.773	-0.0178175
0.774	-0.0174873
0.775	-0.0171528
0.776	-0.0168141
0.777	-0.0164712
0.778	-0.016124
0.779	-0.0157725
0.78	-0.0154168
0.781	-0.0150569
0.782	-0.0146927
0.783	-0.0143243
0.784	-0.0139516
0.785	-0.0135747
0.786	-0.0131935
0.787	-0.0128081
0.788	-0.0124184
0.789	-0.0120245
0.79	-0.0116264
0.791	-0.011224
0.792	-0.0108173
0.793	-0.0104064
0.794	-0.00999127
0.795	-0.00957187
0.796	-0.00914823
0.797	-0.00872034
0.798	-0.00828821
0.799	-0.00785183
0.8	-0.0074112
0.801	-0.00696632
0.802	-0.0065172
0.803	-0.00606383
0.804	-0.00560622
0.805	-0.00514435
0.806	-0.00467824
0.807	-0.00420788
0.808	-0.00373328
0.809	-0.00325443
0.81	-0.00277133
0.811	-0.00228398
0.812	-0.00179239
0.813	-0.00129655
0.814	-0.000796462
0.815	-0.000292128
0.816	0.000216453
0.817	0.000729281
0.818	0.00124636
0.819	0.00176768
0.82	0.00229325
0.821	0.00282306
0.822	0.00335713
0.823	0.00389544
0.824	0.004438
0.825	0.0049848
0.826	0.00553585
0.827	0.00609115
0.828	0.0066507
0.829	0.00721449
0.83	0.00778253
0.831	0.00835481
0.832	0.00893135
0.833	0.00951213
0.834	0.0100972
0.835	0.0106864
0.836	0.01128
0.837	0.0118777
0.838	0.0124797
0.839	0.013086
0.84	0.0136965
0.841	0.0143113
0.842	0.0149303
0.843	0.0155535
0.844	0.016181
0.845	0.0168128
0.846	0.0174488
0.847	0.018089
0.848	0.0187335
0.849	0.0193822
0.85	0.0200352
0.851	0.0206924
0.852	0.0213539
0.853	0.0220196
0.854	0.0226896
0.855	0.0233638
0.856	0.0240423
0.857	0.024725
0.858	0.0254119
0.859	0.0261031
0.86	0.0267986
0.861	0.0274983
0.862	0.0282022
0.863	0.0289104
0.864	0.0296229
0.865	0.0303396
0.866	0.0310605
0.867	0.0317857
0.868	0.0325151
0.869	0.0332488
0.87	0.0339867
0.871	0.0347289
0.872	0.0354753
0.873	0.0362259
0.874	0.0369808
0.875	0.03774
0.876	0.0385034
0.877	0.0392711
0.878	0.040043
0.879	0.0408191
0.88	0.0415995
0.881	0.0423841
0.882	0.043173
0.883	0.0439661
0.884	0.0447635
0.885	0.0455652
0.886	0.046371
0.887	0.0471811
0.888	0.0479955
0.889	0.0488141
0.89	0.049637
0.891	0.0504641
0.892	0.0512955
0.893	0.0521311
0.894	0.0529709
0.895	0.053815
0.896	0.0546634
0.897	0.0555159
0.898	0.0563728
0.899	0.0572339
0.9	0.0580992
0.901	0.0589688
0.902	0.0598426
0.903	0.0607207
0.904	0.061603
0.905	0.0624896
0.906	0.0633804
0.907	0.0642754
0.908	0.0651748
0.909	0.0660783
0.91	0.0669861
0.911	0.0678982
0.912	0.0688145
0.913	0.069735
0.914	0.0706598
0.915	0.0715888
0.916	0.0725221
0.917	0.0734596
0.918	0.0744014
0.919	0.0753475
0.92	0.0762977
0.921	0.0772522
0.922	0.078211
0.923	0.079174
0.924	0.0801413
0.925	0.0811128
0.926	0.0820886
0.927	0.0830686
0.928	0.0840528
0.929	0.0850413
0.93	0.086034
0.931	0.087031
0.932	0.0880323
0.933	0.0890378
0.934	0.0900475
0.935	0.0910615
0.936	0.0920797
0.937	0.0931022
0.938	0.0941289
0.939	0.0951599
0.94	0.0961951
0.941	0.0972345
0.942	0.0982782
0.943	0.0993262
0.944	0.100378
0.945	0.101435
0.946	0.102496
0.947	0.10356
0.948	0.10463
0.949	0.105703
0.95	0.106781
0.951	0.107863
0.952	0.108949
0.953	0.110039
0.954	0.111134
0.955	0.112233
0.956	0.113336
0.957	0.114444
0.958	0.115555
0.959	0.116671
0.96	0.117791
0.961	0.118916
0.962	0.120044
0.963	0.121177
0.964	0.122314
0.965	0.123456
0.966	0.124601
0.967	0.125751
0.968	0.126905
0.969	0.128064
0.97	0.129226
0.971	0.130393
0.972	0.131564
0.973	0.13274
0.974	0.133919
0.975	0.135103
0.976	0.136291
0.977	0.137484
0.978	0.13868
0.979	0.139881
0.98	0.141086
0.981	0.142296
0.982	0.143509
0.983	0.144727
0.984	0.145949
0.985	0.147175
0.986	0.148406
0.987	0.149641
0.988	0.15088
0.989	0.152123
0.99	0.153371
0.991	0.154623
0.992	0.155879
0.993	0.157139
0.994	0.158403
0.995	0.159672
0.996	0.160945
0.997	0.162223
0.998	0.163504
0.999	0.16479
