# Interpolation data for function: (exp(100*x)-1)/(exp(100)-1)
0	3.8575e-24
0.001	3.8575e-24
0.002	3.8575e-24
0.003	3.8575e-24
0.004	3.8575e-24
0.005	3.8575e-24
0.006	3.8575e-24
0.007	3.8575e-24
0.008	3.8575e-24
0.009	3.8575e-24
0.01	3.8575e-24
0.011	3.8575e-24
0.012	3.8575e-24
0.013	3.8575e-24
0.014	3.8575e-24
0.015	3.8575e-24
0.016	3.8575e-24
0.017	3.8575e-24
0.018	3.8575e-24
0.019	3.8575e-24
0.02	3.8575e-24
0.021	3.8575e-24
0.022	3.8575e-24
0.023	3.8575e-24
0.024	3.8575e-24
0.025	3.8575e-24
0.026	3.8575e-24
0.027	3.8575e-24
0.028	3.8575e-24
0.029	3.8575e-24
0.03	3.8575e-24
0.031	3.8575e-24
0.032	3.8575e-24
0.033	3.8575e-24
0.034	3.8575e-24
0.035	3.8575e-24
0.036	3.8575e-24
0.037	3.8575e-24
0.038	3.8575e-24
0.039	3.8575e-24
0.04	3.8575e-24
0.041	3.8575e-24
0.042	3.8575e-24
0.043	3.8575e-24
0.044	3.8575e-24
0.045	3.8575e-24
0.046	3.8575e-24
0.047	3.8575e-24
0.048	3.8575e-24
0.049	3.8575e-24
0.05	3.8575e-24
0.051	3.8575e-24
0.052	3.8575e-24
0.053	3.8575e-24
0.054	3.8575e-24
0.055	3.8575e-24
0.056	3.8575e-24
0.057	3.8575e-24
0.058	3.8575e-24
0.059	3.8575e-24
0.06	3.8575e-24
0.061	3.8575e-24
0.062	3.8575e-24
0.063	3.8575e-24
0.064	3.8575e-24
0.065	3.8575e-24
0.066	3.8575e-24
0.067	3.8575e-24
0.068	3.8575e-24
0.069	3.8575e-24
0.07	3.8575e-24
0.071	3.8575e-24
0.072	3.8575e-24
0.073	3.8575e-24
0.074	3.8575e-24
0.075	3.8575e-24
0.076	3.8575e-24
0.077	3.8575e-24
0.078	3.8575e-24
0.079	3.8575e-24
0.08	3.8575e-24
0.081	3.8575e-24
0.082	3.8575e-24
0.083	3.8575e-24
0.084	3.8575e-24
0.085	3.8575e-24
0.086	3.8575e-24
0.087	3.8575e-24
0.088	3.8575e-24
0.089	3.8575e-24
0.09	3.8575e-24
0.091	3.8575e-24
0.092	3.8575e-24
0.093	3.8575e-24
0.094	3.8575e-24
0.095	3.8575e-24
0.096	3.8575e-24
0.097	3.8575e-24
0.098	3.8575e-24
0.099	3.8575e-24
0.1	3.8575e-24
0.101	3.8575e-24
0.102	3.8575e-24
0.103	3.8575e-24
0.104	3.8575e-24
0.105	3.8575e-24
0.106	3.8575e-24
0.107	3.8575e-24
0.108	3.8575e-24
0.109	3.8575e-24
0.11	3.8575e-24
0.111	3.8575e-24
0.112	3.8575e-24
0.113	3.8575e-24
0.114	3.8575e-24
0.115	3.8575e-24
0.116	3.8575e-24
0.117	3.8575e-24
0.118	3.8575e-24
0.119	3.8575e-24
0.12	3.8575e-24
0.121	3.8575e-24
0.122	3.8575e-24
0.123	3.8575e-24
0.124	3.8575e-24
0.125	3.8575e-24
0.126	3.8575e-24
0.127	3.8575e-24
0.128	3.8575e-24
0.129	3.8575e-24
0.13	3.8575e-24
0.131	3.8575e-24
0.132	3.8575e-24
0.133	3.8575e-24
0.134	3.8575e-24
0.135	3.8575e-24
0.136	3.8575e-24
0.137	3.8575e-24
0.138	3.8575e-24
0.139	3.8575e-24
0.14	3.8575e-24
0.141	3.8575e-24
0.142	3.8575e-24
0.143	3.8575e-24
0.144	3.8575e-24
0.145	3.8575e-24
0.146	3.8575e-24
0.147	3.8575e-24
0.148	3.8575e-24
0.149	3.8575e-24
0.15	3.8575e-24
0.151	3.8575e-24
0.152	3.8575e-24
0.153	3.8575e-24
0.154	3.8575e-24
0.155	3.8575e-24
0.156	3.8575e-24
0.157	3.8575e-24
0.158	3.8575e-24
0.159	3.8575e-24
0.16	3.8575e-24
0.161	3.8575e-24
0.162	3.8575e-24
0.163	3.8575e-24
0.164	3.8575e-24
0.165	3.8575e-24
0.166	3.8575e-24
0.167	3.8575e-24
0.168	3.8575e-24
0.169	3.8575e-24
0.17	3.8575e-24
0.171	3.8575e-24
0.172	3.8575e-24
0.173	3.8575e-24
0.174	3.8575e-24
0.175	3.8575e-24
0.176	3.8575e-24
0.177	3.8575e-24
0.178	3.8575e-24
0.179	3.8575e-24
0.18	3.8575e-24
0.181	3.8575e-24
0.182	3.8575e-24
0.183	3.8575e-24
0.184	3.8575e-24
0.185	3.8575e-24
0.186	3.8575e-24
0.187	3.8575e-24
0.188	3.8575e-24
0.189	3.8575e-24
0.19	3.8575e-24
0.191	3.8575e-24
0.192	3.8575e-24
0.193	3.8575e-24
0.194	3.8575e-24
0.195	3.8575e-24
0.196	3.8575e-24
0.197	3.8575e-24
0.198	3.8575e-24
0.199	3.8575e-24
0.2	3.8575e-24
0.201	3.8575e-24
0.202	3.8575e-24
0.203	3.8575e-24
0.204	3.8575e-24
0.205	3.8575e-24
0.206	3.8575e-24
0.207	3.8575e-24
0.208	3.8575e-24
0.209	3.8575e-24
0.21	3.8575e-24
0.211	3.8575e-24
0.212	3.8575e-24
0.213	3.8575e-24
0.214	3.8575e-24
0.215	3.8575e-24
0.216	3.8575e-24
0.217	3.8575e-24
0.218	3.8575e-24
0.219	3.8575e-24
0.22	3.8575e-24
0.221	3.8575e-24
0.222	3.8575e-24
0.223	3.8575e-24
0.224	3.8575e-24
0.225	3.8575e-24
0.226	3.8575e-24
0.227	3.8575e-24
0.228	3.8575e-24
0.229	3.8575e-24
0.23	3.8575e-24
0.231	3.8575e-24
0.232	3.8575e-24
0.233	3.8575e-24
0.234	3.8575e-24
0.235	3.8575e-24
0.236	3.8575e-24
0.237	3.8575e-24
0.238	3.8575e-24
0.239	3.8575e-24
0.24	3.8575e-24
0.241	3.8575e-24
0.242	3.8575e-24
0.243	3.8575e-24
0.244	3.8575e-24
0.245	3.8575e-24
0.246	3.8575e-24
0.247	3.8575e-24
0.248	3.8575e-24
0.249	3.8575e-24
0.25	3.8575e-24
0.251	3.8575e-24
0.252	3.8575e-24
0.253	3.8575e-24
0.254	3.8575e-24
0.255	3.8575e-24
0.256	3.8575e-24
0.257	3.8575e-24
0.258	3.8575e-24
0.259	3.8575e-24
0.26	3.8575e-24
0.261	3.8575e-24
0.262	3.8575e-24
0.263	3.8575e-24
0.264	3.8575e-24
0.265	3.8575e-24
0.266	3.8575e-24
0.267	3.8575e-24
0.268	3.8575e-24
0.269	3.8575e-24
0.27	3.8575e-24
0.271	3.8575e-24
0.272	3.8575e-24
0.273	3.8575e-24
0.274	3.8575e-24
0.275	3.8575e-24
0.276	3.8575e-24
0.277	3.8575e-24
0.278	3.8575e-24
0.279	3.8575e-24
0.28	3.8575e-24
0.281	3.8575e-24
0.282	3.8575e-24
0.283	3.8575e-24
0.284	3.8575e-24
0.285	3.8575e-24
0.286	3.8575e-24
0.287	3.8575e-24
0.288	3.8575e-24
0.289	3.8575e-24
0.29	3.8575e-24
0.291	3.8575e-24
0.292	3.8575e-24
0.293	3.8575e-24
0.294	3.8575e-24
0.295	3.8575e-24
0.296	3.8575e-24
0.297	3.8575e-24
0.298	3.8575e-24
0.299	3.8575e-24
0.3	3.8575e-24
0.301	3.8575e-24
0.302	3.8575e-24
0.303	3.8575e-24
0.304	3.8575e-24
0.305	3.8575e-24
0.306	3.8575e-24
0.307	3.8575e-24
0.308	3.8575e-24
0.309	3.8575e-24
0.31	3.8575e-24
0.311	3.8575e-24
0.312	3.8575e-24
0.313	3.8575e-24
0.314	3.8575e-24
0.315	3.8575e-24
0.316	3.8575e-24
0.317	3.8575e-24
0.318	3.8575e-24
0.319	3.8575e-24
0.32	3.8575e-24
0.321	3.8575e-24
0.322	3.8575e-24
0.323	3.8575e-24
0.324	3.8575e-24
0.325	3.8575e-24
0.326	3.8575e-24
0.327	3.8575e-24
0.328	3.8575e-24
0.329	3.8575e-24
0.33	3.8575e-24
0.331	3.8575e-24
0.332	3.8575e-24
0.333	3.8575e-24
0.334	3.8575e-24
0.335	3.8575e-24
0.336	3.8575e-24
0.337	3.8575e-24
0.338	3.8575e-24
0.339	3.8575e-24
0.34	3.8575e-24
0.341	3.8575e-24
0.342	3.8575e-24
0.343	3.8575e-24
0.344	3.8575e-24
0.345	3.8575e-24
0.346	3.8575e-24
0.347	3.8575e-24
0.348	3.8575e-24
0.349	3.8575e-24
0.35	3.8575e-24
0.351	3.8575e-24
0.352	3.8575e-24
0.353	3.8575e-24
0.354	3.8575e-24
0.355	3.8575e-24
0.356	3.8575e-24
0.357	3.8575e-24
0.358	3.8575e-24
0.359	3.8575e-24
0.36	3.8575e-24
0.361	3.8575e-24
0.362	3.8575e-24
0.363	3.8575e-24
0.364	3.8575e-24
0.365	3.8575e-24
0.366	3.8575e-24
0.367	3.8575e-24
0.368	3.8575e-24
0.369	3.8575e-24
0.37	3.8575e-24
0.371	3.8575e-24
0.372	3.8575e-24
0.373	3.8575e-24
0.374	3.8575e-24
0.375	3.8575e-24
0.376	3.8575e-24
0.377	3.8575e-24
0.378	3.8575e-24
0.379	3.8575e-24
0.38	3.8575e-24
0.381	3.8575e-24
0.382	3.8575e-24
0.383	3.8575e-24
0.384	3.8575e-24
0.385	3.8575e-24
0.386	3.8575e-24
0.387	3.8575e-24
0.388	3.8575e-24
0.389	3.8575e-24
0.39	3.8575e-24
0.391	3.8575e-24
0.392	3.8575e-24
0.393	3.8575e-24
0.394	3.8575e-24
0.395	3.8575e-24
0.396	3.8575e-24
0.397	3.8575e-24
0.398	3.8575e-24
0.399	3.8575e-24
0.4	3.8575e-24
0.401	3.8575e-24
0.402	3.8575e-24
0.403	3.8575e-24
0.404	3.8575e-24
0.405	3.8575e-24
0.406	3.8575e-24
0.407	3.8575e-24
0.408	3.8575e-24
0.409	3.8575e-24
0.41	3.8575e-24
0.411	3.8575e-24
0.412	3.8575e-24
0.413	3.8575e-24
0.414	3.8575e-24
0.415	3.8575e-24
0.416	3.8575e-24
0.417	3.8575e-24
0.418	3.8575e-24
0.419	3.8575e-24
0.42	3.8575e-24
0.421	3.8575e-24
0.422	3.8575e-24
0.423	3.8575e-24
0.424	3.8575e-24
0.425	3.8575e-24
0.426	3.8575e-24
0.427	3.8575e-24
0.428	3.8575e-24
0.429	3.8575e-24
0.43	3.8575e-24
0.431	3.8575e-24
0.432	3.8575e-24
0.433	3.8575e-24
0.434	3.8575e-24
0.435	3.8575e-24
0.436	3.8575e-24
0.437	3.8575e-24
0.438	3.8575e-24
0.439	3.8575e-24
0.44	3.8575e-24
0.441	3.8575e-24
0.442	3.8575e-24
0.443	3.8575e-24
0.444	3.8575e-24
0.445	3.8575e-24
0.446	3.8575e-24
0.447	3.8575e-24
0.448	3.8575e-24
0.449	3.8575e-24
0.45	3.8575e-24
0.451	3.8575e-24
0.452	3.8575e-24
0.453	3.8575e-24
0.454	3.8575e-24
0.455	3.8575e-24
0.456	3.8575e-24
0.457	3.8575e-24
0.458	3.8575e-24
0.459	3.8575e-24
0.46	3.8575e-24
0.461	3.8575e-24
0.462	3.8575e-24
0.463	3.8575e-24
0.464	3.8575e-24
0.465	3.8575e-24
0.466	3.8575e-24
0.467	3.8575e-24
0.468	3.8575e-24
0.469	3.8575e-24
0.47	3.8575e-24
0.471	3.8575e-24
0.472	3.8575e-24
0.473	3.8575e-24
0.474	3.8575e-24
0.475	3.8575e-24
0.476	3.8575e-24
0.477	3.8575e-24
0.478	3.8575e-24
0.479	3.8575e-24
0.48	3.8575e-24
0.481	3.8575e-24
0.482	3.8575e-24
0.483	3.8575e-24
0.484	3.8575e-24
0.485	3.8575e-24
0.486	3.8575e-24
0.487	3.8575e-24
0.488	3.8575e-24
0.489	3.8575e-24
0.49	3.8575e-24
0.491	3.8575e-24
0.492	3.8575e-24
0.493	3.8575e-24
0.494	3.8575e-24
0.495	3.8575e-24
0.496	3.8575e-24
0.497	3.8575e-24
0.498	3.8575e-24
0.499	3.8575e-24
0.5	1.18659e-12
0.501	1.14712e-12
0.502	1.10806e-12
0.503	1.06942e-12
0.504	1.0312e-12
0.505	9.93394e-13
0.506	9.56002e-13
0.507	9.19026e-13
0.508	8.82465e-13
0.509	8.4632e-13
0.51	8.1059e-13
0.511	7.75276e-13
0.512	7.40378e-13
0.513	7.05895e-13
0.514	6.71827e-13
0.515	6.38175e-13
0.516	6.04939e-13
0.517	5.72118e-13
0.518	5.39713e-13
0.519	5.07723e-13
0.52	4.76149e-13
0.521	4.4499e-13
0.522	4.14247e-13
0.523	3.8392e-13
0.524	3.54008e-13
0.525	3.24511e-13
0.526	2.9543e-13
0.527	2.66765e-13
0.528	2.38515e-13
0.529	2.10681e-13
0.53	1.83262e-13
0.531	1.56259e-13
0.532	1.29671e-13
0.533	1.03499e-13
0.534	7.77428e-14
0.535	5.24018e-14
0.536	2.74763e-14
0.537	2.96641e-15
0.538	-2.11279e-14
0.539	-4.48068e-14
0.54	-6.807e-14
0.541	-9.09178e-14
0.542	-1.1335e-13
0.543	-1.35367e-13
0.544	-1.56968e-13
0.545	-1.78153e-13
0.546	-1.98923e-13
0.547	-2.19278e-13
0.548	-2.39217e-13
0.549	-2.5874e-13
0.55	-2.77848e-13
0.551	-2.9654e-13
0.552	-3.14817e-13
0.553	-3.32678e-13
0.554	-3.50124e-13
0.555	-3.67154e-13
0.556	-3.83768e-13
0.557	-3.99967e-13
0.558	-4.15751e-13
0.559	-4.31119e-13
0.56	-4.46071e-13
0.561	-4.60608e-13
0.562	-4.74729e-13
0.563	-4.88435e-13
0.564	-5.01725e-13
0.565	-5.146e-13
0.566	-5.27059e-13
0.567	-5.39102e-13
0.568	-5.5073e-13
0.569	-5.61943e-13
0.57	-5.7274e-13
0.571	-5.83121e-13
0.572	-5.93087e-13
0.573	-6.02637e-13
0.574	-6.11772e-13
0.575	-6.20491e-13
0.576	-6.28795e-13
0.577	-6.36683e-13
0.578	-6.44155e-13
0.579	-6.51212e-13
0.58	-6.57854e-13
0.581	-6.6408e-13
0.582	-6.6989e-13
0.583	-6.75285e-13
0.584	-6.80264e-13
0.585	-6.84828e-13
0.586	-6.88976e-13
0.587	-6.92709e-13
0.588	-6.96026e-13
0.589	-6.98928e-13
0.59	-7.01414e-13
0.591	-7.03484e-13
0.592	-7.05139e-13
0.593	-7.06378e-13
0.594	-7.07202e-13
0.595	-7.07611e-13
0.596	-7.07603e-13
0.597	-7.0718e-13
0.598	-7.06342e-13
0.599	-7.05088e-13
0.6	-7.03419e-13
0.601	-7.01334e-13
0.602	-6.98833e-13
0.603	-6.95917e-13
0.604	-6.92586e-13
0.605	-6.88838e-13
0.606	-6.84676e-13
0.607	-6.80098e-13
0.608	-6.75104e-13
0.609	-6.69694e-13
0.61	-6.63869e-13
0.611	-6.57629e-13
0.612	-6.50973e-13
0.613	-6.43902e-13
0.614	-6.36415e-13
0.615	-6.28512e-13
0.616	-6.20194e-13
0.617	-6.1146e-13
0.618	-6.02311e-13
0.619	-5.92746e-13
0.62	-5.82766e-13
0.621	-5.7237e-13
0.622	-5.61558e-13
0.623	-5.50331e-13
0.624	-5.38689e-13
0.625	-5.26631e-13
0.626	-5.14157e-13
0.627	-5.01268e-13
0.628	-4.87963e-13
0.629	-4.74243e-13
0.63	-4.60107e-13
0.631	-4.45556e-13
0.632	-4.30589e-13
0.633	-4.15207e-13
0.634	-3.99409e-13
0.635	-3.83195e-13
0.636	-3.66566e-13
0.637	-3.49522e-13
0.638	-3.32061e-13
0.639	-3.14186e-13
0.64	-2.95895e-13
0.641	-2.77188e-13
0.642	-2.58065e-13
0.643	-2.38528e-13
0.644	-2.18574e-13
0.645	-1.98205e-13
0.646	-1.77421e-13
0.647	-1.56221e-13
0.648	-1.34605e-13
0.649	-1.12574e-13
0.65	-9.01272e-14
0.651	-6.7265e-14
0.652	-4.39872e-14
0.653	-2.02939e-14
0.654	3.81499e-15
0.655	2.83394e-14
0.656	5.32794e-14
0.657	7.86349e-14
0.658	1.04406e-13
0.659	1.30593e-13
0.66	1.57195e-13
0.661	1.84212e-13
0.662	2.11646e-13
0.663	2.39494e-13
0.664	2.67759e-13
0.665	2.96438e-13
0.666	3.25534e-13
0.667	3.55045e-13
0.668	3.84971e-13
0.669	4.15313e-13
0.67	4.46071e-13
0.671	4.77244e-13
0.672	5.08833e-13
0.673	5.40837e-13
0.674	5.73257e-13
0.675	6.06092e-13
0.676	6.39343e-13
0.677	6.73009e-13
0.678	7.07091e-13
0.679	7.41589e-13
0.68	7.76502e-13
0.681	8.1183e-13
0.682	8.47575e-13
0.683	8.83734e-13
0.684	9.20309e-13
0.685	9.573e-13
0.686	9.94707e-13
0.687	1.03253e-12
0.688	1.07077e-12
0.689	1.10942e-12
0.69	1.14849e-12
0.691	1.18797e-12
0.692	1.22787e-12
0.693	1.26819e-12
0.694	1.30892e-12
0.695	1.35006e-12
0.696	1.39162e-12
0.697	1.4336e-12
0.698	1.47599e-12
0.699	1.5188e-12
0.7	1.56203e-12
0.701	1.60567e-12
0.702	1.64972e-12
0.703	1.69419e-12
0.704	1.73908e-12
0.705	1.78438e-12
0.706	1.8301e-12
0.707	1.87623e-12
0.708	1.92278e-12
0.709	1.96974e-12
0.71	2.01712e-12
0.711	2.06492e-12
0.712	2.11313e-12
0.713	2.16175e-12
0.714	2.21079e-12
0.715	2.26025e-12
0.716	2.31012e-12
0.717	2.36041e-12
0.718	2.41112e-12
0.719	2.46224e-12
0.72	2.51377e-12
0.721	2.56572e-12
0.722	2.61809e-12
0.723	2.67087e-12
0.724	2.72407e-12
0.725	2.77768e-12
0.726	2.83171e-12
0.727	2.88615e-12
0.728	2.94101e-12
0.729	2.99628e-12
0.73	3.05197e-12
0.731	3.10808e-12
0.732	3.1646e-12
0.733	3.22154e-12
0.734	3.27889e-12
0.735	3.33666e-12
0.736	3.39484e-12
0.737	3.45344e-12
0.738	3.51246e-12
0.739	3.57189e-12
0.74	3.63173e-12
0.741	3.69199e-12
0.742	3.75267e-12
0.743	3.81376e-12
0.744	3.87527e-12
0.745	3.93719e-12
0.746	3.99953e-12
0.747	4.06229e-12
0.748	4.12546e-12
0.749	4.18904e-12
0.75	1.53142e-11
0.751	1.47768e-11
0.752	1.68313e-11
0.753	1.91063e-11
0.754	2.1113e-11
0.755	2.30266e-11
0.756	2.51317e-11
0.757	2.76219e-11
0.758	3.05701e-11
0.759	3.39645e-11
0.76	3.77586e-11
0.761	4.19112e-11
0.762	4.64093e-11
0.763	5.1276e-11
0.764	5.65679e-11
0.765	6.23658e-11
0.766	6.87647e-11
0.767	7.58647e-11
0.768	8.37649e-11
0.769	9.25603e-11
0.77	1.02342e-10
0.771	1.132e-10
0.772	1.25227e-10
0.773	1.38524e-10
0.774	1.53202e-10
0.775	1.69392e-10
0.776	1.87242e-10
0.777	2.06924e-10
0.778	2.28636e-10
0.779	2.526e-10
0.78	2.79065e-10
0.781	3.0831e-10
0.782	3.40638e-10
0.783	3.76387e-10
0.784	4.15925e-10
0.785	4.59653e-10
0.786	5.08013e-10
0.787	5.61489e-10
0.788	6.20613e-10
0.789	6.85969e-10
0.79	7.58204e-10
0.791	8.38032e-10
0.792	9.26243e-10
0.793	1.02371e-09
0.794	1.13141e-09
0.795	1.2504e-09
0.796	1.38188e-09
0.797	1.52717e-09
0.798	1.68772e-09
0.799	1.86515e-09
0.8	2.06122e-09
0.801	2.27792e-09
0.802	2.51743e-09
0.803	2.78213e-09
0.804	3.07469e-09
0.805	3.39804e-09
0.806	3.75542e-09
0.807	4.15041e-09
0.808	4.58696e-09
0.809	5.06943e-09
0.81	5.60266e-09
0.811	6.19197e-09
0.812	6.84326e-09
0.813	7.56304e-09
0.814	8.35851e-09
0.815	9.23762e-09
0.816	1.02092e-08
0.817	1.12829e-08
0.818	1.24695e-08
0.819	1.37809e-08
0.82	1.52302e-08
0.821	1.68319e-08
0.822	1.86021e-08
0.823	2.05584e-08
0.824	2.27205e-08
0.825	2.51099e-08
0.826	2.77507e-08
0.827	3.06692e-08
0.828	3.38947e-08
0.829	3.74595e-08
0.83	4.13991e-08
0.831	4.57532e-08
0.832	5.05651e-08
0.833	5.58831e-08
0.834	6.17605e-08
0.835	6.82559e-08
0.836	7.54346e-08
0.837	8.33681e-08
0.838	9.21361e-08
0.839	1.01826e-07
0.84	1.12535e-07
0.841	1.24371e-07
0.842	1.37451e-07
0.843	1.51907e-07
0.844	1.67883e-07
0.845	1.85539e-07
0.846	2.05053e-07
0.847	2.26618e-07
0.848	2.50452e-07
0.849	2.76792e-07
0.85	3.05902e-07
0.851	3.38074e-07
0.852	3.7363e-07
0.853	4.12925e-07
0.854	4.56352e-07
0.855	5.04347e-07
0.856	5.5739e-07
0.857	6.16011e-07
0.858	6.80798e-07
0.859	7.52398e-07
0.86	8.31529e-07
0.861	9.18981e-07
0.862	1.01563e-06
0.863	1.12245e-06
0.864	1.2405e-06
0.865	1.37096e-06
0.866	1.51514e-06
0.867	1.67449e-06
0.868	1.8506e-06
0.869	2.04523e-06
0.87	2.26033e-06
0.871	2.49805e-06
0.872	2.76077e-06
0.873	3.05113e-06
0.874	3.37202e-06
0.875	3.72665e-06
0.876	4.11859e-06
0.877	4.55174e-06
0.878	5.03046e-06
0.879	5.55951e-06
0.88	6.14421e-06
0.881	6.7904e-06
0.882	7.50456e-06
0.883	8.29382e-06
0.884	9.16609e-06
0.885	1.01301e-05
0.886	1.11955e-05
0.887	1.23729e-05
0.888	1.36742e-05
0.889	1.51123e-05
0.89	1.67017e-05
0.891	1.84582e-05
0.892	2.03995e-05
0.893	2.25449e-05
0.894	2.4916e-05
0.895	2.75364e-05
0.896	3.04325e-05
0.897	3.36331e-05
0.898	3.71703e-05
0.899	4.10796e-05
0.9	4.53999e-05
0.901	5.01747e-05
0.902	5.54516e-05
0.903	6.12835e-05
0.904	6.77287e-05
0.905	7.48518e-05
0.906	8.27241e-05
0.907	9.14242e-05
0.908	0.000101039
0.909	0.000111666
0.91	0.00012341
0.911	0.000136389
0.912	0.000150733
0.913	0.000166586
0.914	0.000184106
0.915	0.000203468
0.916	0.000224867
0.917	0.000248517
0.918	0.000274654
0.919	0.000303539
0.92	0.000335463
0.921	0.000370744
0.922	0.000409735
0.923	0.000452827
0.924	0.000500451
0.925	0.000553084
0.926	0.000611253
0.927	0.000675539
0.928	0.000746586
0.929	0.000825105
0.93	0.000911882
0.931	0.00100779
0.932	0.00111378
0.933	0.00123091
0.934	0.00136037
0.935	0.00150344
0.936	0.00166156
0.937	0.0018363
0.938	0.00202943
0.939	0.00224287
0.94	0.00247875
0.941	0.00273944
0.942	0.00302755
0.943	0.00334597
0.944	0.00369786
0.945	0.00408677
0.946	0.00451658
0.947	0.00499159
0.948	0.00551656
0.949	0.00609675
0.95	0.00673795
0.951	0.00744658
0.952	0.00822975
0.953	0.00909528
0.954	0.0100518
0.955	0.011109
0.956	0.0122773
0.957	0.0135686
0.958	0.0149956
0.959	0.0165727
0.96	0.0183156
0.961	0.0202419
0.962	0.0223708
0.963	0.0247235
0.964	0.0273237
0.965	0.0301974
0.966	0.0333733
0.967	0.0368832
0.968	0.0407622
0.969	0.0450492
0.97	0.0497871
0.971	0.0550232
0.972	0.0608101
0.973	0.0672055
0.974	0.0742736
0.975	0.082085
0.976	0.090718
0.977	0.100259
0.978	0.110803
0.979	0.122456
0.98	0.135335
0.981	0.149569
0.982	0.165299
0.983	0.182684
0.984	0.201897
0.985	0.22313
0.986	0.246597
0.987	0.272532
0.988	0.301194
0.989	0.332871
0.99	0.367879
0.991	0.40657
0.992	0.449329
0.993	0.496585
0.994	0.548812
0.995	0.606531
0.996	0.67032
0.997	0.740818
0.998	0.818731
0.999	0.904837
