# Interpolation data for function: sqrt(abs(x-(1/3)))
0	0.265528
0.001	0.265979
0.002	0.266431
0.003	0.266882
0.004	0.267334
0.005	0.267785
0.006	0.268237
0.007	0.268688
0.008	0.26914
0.009	0.269591
0.01	0.270043
0.011	0.270494
0.012	0.270946
0.013	0.271397
0.014	0.271849
0.015	0.2723
0.016	0.272752
0.017	0.273203
0.018	0.273654
0.019	0.274106
0.02	0.274557
0.021	0.275009
0.022	0.27546
0.023	0.275912
0.024	0.276363
0.025	0.276815
0.026	0.277266
0.027	0.277718
0.028	0.278169
0.029	0.278621
0.03	0.279072
0.031	0.279524
0.032	0.279975
0.033	0.280427
0.034	0.280878
0.035	0.281329
0.036	0.281781
0.037	0.282232
0.038	0.282684
0.039	0.283135
0.04	0.283587
0.041	0.284038
0.042	0.28449
0.043	0.284941
0.044	0.285393
0.045	0.285844
0.046	0.286296
0.047	0.286747
0.048	0.287199
0.049	0.28765
0.05	0.288102
0.051	0.288553
0.052	0.289004
0.053	0.289456
0.054	0.289907
0.055	0.290359
0.056	0.29081
0.057	0.291262
0.058	0.291713
0.059	0.292165
0.06	0.292616
0.061	0.293068
0.062	0.293519
0.063	0.293971
0.064	0.294422
0.065	0.294874
0.066	0.295325
0.067	0.295777
0.068	0.296228
0.069	0.296679
0.07	0.297131
0.071	0.297582
0.072	0.298034
0.073	0.298485
0.074	0.298937
0.075	0.299388
0.076	0.29984
0.077	0.300291
0.078	0.300743
0.079	0.301194
0.08	0.301646
0.081	0.302097
0.082	0.302549
0.083	0.303
0.084	0.303452
0.085	0.303903
0.086	0.304354
0.087	0.304806
0.088	0.305257
0.089	0.305709
0.09	0.30616
0.091	0.306612
0.092	0.307063
0.093	0.307515
0.094	0.307966
0.095	0.308418
0.096	0.308869
0.097	0.309321
0.098	0.309772
0.099	0.310224
0.1	0.310675
0.101	0.311127
0.102	0.311578
0.103	0.312029
0.104	0.312481
0.105	0.312932
0.106	0.313384
0.107	0.313835
0.108	0.314287
0.109	0.314738
0.11	0.31519
0.111	0.315641
0.112	0.316093
0.113	0.316544
0.114	0.316996
0.115	0.317447
0.116	0.317899
0.117	0.31835
0.118	0.318802
0.119	0.319253
0.12	0.319704
0.121	0.320156
0.122	0.320607
0.123	0.321059
0.124	0.32151
0.125	0.321962
0.126	0.322413
0.127	0.322865
0.128	0.323316
0.129	0.323768
0.13	0.324219
0.131	0.324671
0.132	0.325122
0.133	0.325574
0.134	0.326025
0.135	0.326477
0.136	0.326928
0.137	0.327379
0.138	0.327831
0.139	0.328282
0.14	0.328734
0.141	0.329185
0.142	0.329637
0.143	0.330088
0.144	0.33054
0.145	0.330991
0.146	0.331443
0.147	0.331894
0.148	0.332346
0.149	0.332797
0.15	0.333249
0.151	0.3337
0.152	0.334152
0.153	0.334603
0.154	0.335054
0.155	0.335506
0.156	0.335957
0.157	0.336409
0.158	0.33686
0.159	0.337312
0.16	0.337763
0.161	0.338215
0.162	0.338666
0.163	0.339118
0.164	0.339569
0.165	0.340021
0.166	0.340472
0.167	0.340924
0.168	0.341375
0.169	0.341827
0.17	0.342278
0.171	0.342729
0.172	0.343181
0.173	0.343632
0.174	0.344084
0.175	0.344535
0.176	0.344987
0.177	0.345438
0.178	0.34589
0.179	0.346341
0.18	0.346793
0.181	0.347244
0.182	0.347696
0.183	0.348147
0.184	0.348599
0.185	0.34905
0.186	0.349502
0.187	0.349953
0.188	0.350404
0.189	0.350856
0.19	0.351307
0.191	0.351759
0.192	0.35221
0.193	0.352662
0.194	0.353113
0.195	0.353565
0.196	0.354016
0.197	0.354468
0.198	0.354919
0.199	0.355371
0.2	0.355822
0.201	0.356274
0.202	0.356725
0.203	0.357177
0.204	0.357628
0.205	0.358079
0.206	0.358531
0.207	0.358982
0.208	0.359434
0.209	0.359885
0.21	0.360337
0.211	0.360788
0.212	0.36124
0.213	0.361691
0.214	0.362143
0.215	0.362594
0.216	0.363046
0.217	0.363497
0.218	0.363949
0.219	0.3644
0.22	0.364852
0.221	0.365303
0.222	0.365754
0.223	0.366206
0.224	0.366657
0.225	0.367109
0.226	0.36756
0.227	0.368012
0.228	0.368463
0.229	0.368915
0.23	0.369366
0.231	0.369818
0.232	0.370269
0.233	0.370721
0.234	0.371172
0.235	0.371624
0.236	0.372075
0.237	0.372527
0.238	0.372978
0.239	0.373429
0.24	0.373881
0.241	0.374332
0.242	0.374784
0.243	0.375235
0.244	0.375687
0.245	0.376138
0.246	0.37659
0.247	0.377041
0.248	0.377493
0.249	0.377944
0.25	0.378396
0.251	0.378847
0.252	0.379299
0.253	0.37975
0.254	0.380202
0.255	0.380653
0.256	0.381104
0.257	0.381556
0.258	0.382007
0.259	0.382459
0.26	0.38291
0.261	0.383362
0.262	0.383813
0.263	0.384265
0.264	0.384716
0.265	0.385168
0.266	0.385619
0.267	0.386071
0.268	0.386522
0.269	0.386974
0.27	0.387425
0.271	0.387877
0.272	0.388328
0.273	0.388779
0.274	0.389231
0.275	0.389682
0.276	0.390134
0.277	0.390585
0.278	0.391037
0.279	0.391488
0.28	0.39194
0.281	0.392391
0.282	0.392843
0.283	0.393294
0.284	0.393746
0.285	0.394197
0.286	0.394649
0.287	0.3951
0.288	0.395552
0.289	0.396003
0.29	0.396454
0.291	0.396906
0.292	0.397357
0.293	0.397809
0.294	0.39826
0.295	0.398712
0.296	0.399163
0.297	0.399615
0.298	0.400066
0.299	0.400518
0.3	0.400969
0.301	0.401421
0.302	0.401872
0.303	0.402324
0.304	0.402775
0.305	0.403227
0.306	0.403678
0.307	0.404129
0.308	0.404581
0.309	0.405032
0.31	0.405484
0.311	0.405935
0.312	0.406387
0.313	0.406838
0.314	0.40729
0.315	0.407741
0.316	0.408193
0.317	0.408644
0.318	0.409096
0.319	0.409547
0.32	0.409999
0.321	0.41045
0.322	0.410902
0.323	0.411353
0.324	0.411804
0.325	0.412256
0.326	0.412707
0.327	0.413159
0.328	0.41361
0.329	0.414062
0.33	0.414513
0.331	0.414965
0.332	0.415416
0.333	0.415868
0.334	0.416319
0.335	0.416771
0.336	0.417222
0.337	0.417674
0.338	0.418125
0.339	0.418577
0.34	0.419028
0.341	0.419479
0.342	0.419931
0.343	0.420382
0.344	0.420834
0.345	0.421285
0.346	0.421737
0.347	0.422188
0.348	0.42264
0.349	0.423091
0.35	0.423543
0.351	0.423994
0.352	0.424446
0.353	0.424897
0.354	0.425349
0.355	0.4258
0.356	0.426252
0.357	0.426703
0.358	0.427154
0.359	0.427606
0.36	0.428057
0.361	0.428509
0.362	0.42896
0.363	0.429412
0.364	0.429863
0.365	0.430315
0.366	0.430766
0.367	0.431218
0.368	0.431669
0.369	0.432121
0.37	0.432572
0.371	0.433024
0.372	0.433475
0.373	0.433927
0.374	0.434378
0.375	0.434829
0.376	0.435281
0.377	0.435732
0.378	0.436184
0.379	0.436635
0.38	0.437087
0.381	0.437538
0.382	0.43799
0.383	0.438441
0.384	0.438893
0.385	0.439344
0.386	0.439796
0.387	0.440247
0.388	0.440699
0.389	0.44115
0.39	0.441602
0.391	0.442053
0.392	0.442504
0.393	0.442956
0.394	0.443407
0.395	0.443859
0.396	0.44431
0.397	0.444762
0.398	0.445213
0.399	0.445665
0.4	0.446116
0.401	0.446568
0.402	0.447019
0.403	0.447471
0.404	0.447922
0.405	0.448374
0.406	0.448825
0.407	0.449277
0.408	0.449728
0.409	0.450179
0.41	0.450631
0.411	0.451082
0.412	0.451534
0.413	0.451985
0.414	0.452437
0.415	0.452888
0.416	0.45334
0.417	0.453791
0.418	0.454243
0.419	0.454694
0.42	0.455146
0.421	0.455597
0.422	0.456049
0.423	0.4565
0.424	0.456952
0.425	0.457403
0.426	0.457854
0.427	0.458306
0.428	0.458757
0.429	0.459209
0.43	0.45966
0.431	0.460112
0.432	0.460563
0.433	0.461015
0.434	0.461466
0.435	0.461918
0.436	0.462369
0.437	0.462821
0.438	0.463272
0.439	0.463724
0.44	0.464175
0.441	0.464627
0.442	0.465078
0.443	0.465529
0.444	0.465981
0.445	0.466432
0.446	0.466884
0.447	0.467335
0.448	0.467787
0.449	0.468238
0.45	0.46869
0.451	0.469141
0.452	0.469593
0.453	0.470044
0.454	0.470496
0.455	0.470947
0.456	0.471399
0.457	0.47185
0.458	0.472302
0.459	0.472753
0.46	0.473204
0.461	0.473656
0.462	0.474107
0.463	0.474559
0.464	0.47501
0.465	0.475462
0.466	0.475913
0.467	0.476365
0.468	0.476816
0.469	0.477268
0.47	0.477719
0.471	0.478171
0.472	0.478622
0.473	0.479074
0.474	0.479525
0.475	0.479977
0.476	0.480428
0.477	0.480879
0.478	0.481331
0.479	0.481782
0.48	0.482234
0.481	0.482685
0.482	0.483137
0.483	0.483588
0.484	0.48404
0.485	0.484491
0.486	0.484943
0.487	0.485394
0.488	0.485846
0.489	0.486297
0.49	0.486749
0.491	0.4872
0.492	0.487652
0.493	0.488103
0.494	0.488554
0.495	0.489006
0.496	0.489457
0.497	0.489909
0.498	0.49036
0.499	0.490812
0.5	0.491263
0.501	0.491715
0.502	0.492166
0.503	0.492618
0.504	0.493069
0.505	0.493521
0.506	0.493972
0.507	0.494424
0.508	0.494875
0.509	0.495327
0.51	0.495778
0.511	0.496229
0.512	0.496681
0.513	0.497132
0.514	0.497584
0.515	0.498035
0.516	0.498487
0.517	0.498938
0.518	0.49939
0.519	0.499841
0.52	0.500293
0.521	0.500744
0.522	0.501196
0.523	0.501647
0.524	0.502099
0.525	0.50255
0.526	0.503002
0.527	0.503453
0.528	0.503904
0.529	0.504356
0.53	0.504807
0.531	0.505259
0.532	0.50571
0.533	0.506162
0.534	0.506613
0.535	0.507065
0.536	0.507516
0.537	0.507968
0.538	0.508419
0.539	0.508871
0.54	0.509322
0.541	0.509774
0.542	0.510225
0.543	0.510677
0.544	0.511128
0.545	0.511579
0.546	0.512031
0.547	0.512482
0.548	0.512934
0.549	0.513385
0.55	0.513837
0.551	0.514288
0.552	0.51474
0.553	0.515191
0.554	0.515643
0.555	0.516094
0.556	0.516546
0.557	0.516997
0.558	0.517449
0.559	0.5179
0.56	0.518352
0.561	0.518803
0.562	0.519254
0.563	0.519706
0.564	0.520157
0.565	0.520609
0.566	0.52106
0.567	0.521512
0.568	0.521963
0.569	0.522415
0.57	0.522866
0.571	0.523318
0.572	0.523769
0.573	0.524221
0.574	0.524672
0.575	0.525124
0.576	0.525575
0.577	0.526027
0.578	0.526478
0.579	0.526929
0.58	0.527381
0.581	0.527832
0.582	0.528284
0.583	0.528735
0.584	0.529187
0.585	0.529638
0.586	0.53009
0.587	0.530541
0.588	0.530993
0.589	0.531444
0.59	0.531896
0.591	0.532347
0.592	0.532799
0.593	0.53325
0.594	0.533702
0.595	0.534153
0.596	0.534604
0.597	0.535056
0.598	0.535507
0.599	0.535959
0.6	0.53641
0.601	0.536862
0.602	0.537313
0.603	0.537765
0.604	0.538216
0.605	0.538668
0.606	0.539119
0.607	0.539571
0.608	0.540022
0.609	0.540474
0.61	0.540925
0.611	0.541377
0.612	0.541828
0.613	0.542279
0.614	0.542731
0.615	0.543182
0.616	0.543634
0.617	0.544085
0.618	0.544537
0.619	0.544988
0.62	0.54544
0.621	0.545891
0.622	0.546343
0.623	0.546794
0.624	0.547246
0.625	0.547697
0.626	0.548149
0.627	0.5486
0.628	0.549052
0.629	0.549503
0.63	0.549954
0.631	0.550406
0.632	0.550857
0.633	0.551309
0.634	0.55176
0.635	0.552212
0.636	0.552663
0.637	0.553115
0.638	0.553566
0.639	0.554018
0.64	0.554469
0.641	0.554921
0.642	0.555372
0.643	0.555824
0.644	0.556275
0.645	0.556727
0.646	0.557178
0.647	0.557629
0.648	0.558081
0.649	0.558532
0.65	0.558984
0.651	0.559435
0.652	0.559887
0.653	0.560338
0.654	0.56079
0.655	0.561241
0.656	0.561693
0.657	0.562144
0.658	0.562596
0.659	0.563047
0.66	0.563499
0.661	0.56395
0.662	0.564402
0.663	0.564853
0.664	0.565304
0.665	0.565756
0.666	0.566207
0.667	0.566659
0.668	0.56711
0.669	0.567562
0.67	0.568013
0.671	0.568465
0.672	0.568916
0.673	0.569368
0.674	0.569819
0.675	0.570271
0.676	0.570722
0.677	0.571174
0.678	0.571625
0.679	0.572077
0.68	0.572528
0.681	0.572979
0.682	0.573431
0.683	0.573882
0.684	0.574334
0.685	0.574785
0.686	0.575237
0.687	0.575688
0.688	0.57614
0.689	0.576591
0.69	0.577043
0.691	0.577494
0.692	0.577946
0.693	0.578397
0.694	0.578849
0.695	0.5793
0.696	0.579752
0.697	0.580203
0.698	0.580654
0.699	0.581106
0.7	0.581557
0.701	0.582009
0.702	0.58246
0.703	0.582912
0.704	0.583363
0.705	0.583815
0.706	0.584266
0.707	0.584718
0.708	0.585169
0.709	0.585621
0.71	0.586072
0.711	0.586524
0.712	0.586975
0.713	0.587427
0.714	0.587878
0.715	0.588329
0.716	0.588781
0.717	0.589232
0.718	0.589684
0.719	0.590135
0.72	0.590587
0.721	0.591038
0.722	0.59149
0.723	0.591941
0.724	0.592393
0.725	0.592844
0.726	0.593296
0.727	0.593747
0.728	0.594199
0.729	0.59465
0.73	0.595101
0.731	0.595553
0.732	0.596004
0.733	0.596456
0.734	0.596907
0.735	0.597359
0.736	0.59781
0.737	0.598262
0.738	0.598713
0.739	0.599165
0.74	0.599616
0.741	0.600068
0.742	0.600519
0.743	0.600971
0.744	0.601422
0.745	0.601874
0.746	0.602325
0.747	0.602776
0.748	0.603228
0.749	0.603679
0.75	0.604131
0.751	0.604582
0.752	0.605034
0.753	0.605485
0.754	0.605937
0.755	0.606388
0.756	0.60684
0.757	0.607291
0.758	0.607743
0.759	0.608194
0.76	0.608646
0.761	0.609097
0.762	0.609549
0.763	0.61
0.764	0.610451
0.765	0.610903
0.766	0.611354
0.767	0.611806
0.768	0.612257
0.769	0.612709
0.77	0.61316
0.771	0.613612
0.772	0.614063
0.773	0.614515
0.774	0.614966
0.775	0.615418
0.776	0.615869
0.777	0.616321
0.778	0.616772
0.779	0.617224
0.78	0.617675
0.781	0.618126
0.782	0.618578
0.783	0.619029
0.784	0.619481
0.785	0.619932
0.786	0.620384
0.787	0.620835
0.788	0.621287
0.789	0.621738
0.79	0.62219
0.791	0.622641
0.792	0.623093
0.793	0.623544
0.794	0.623996
0.795	0.624447
0.796	0.624899
0.797	0.62535
0.798	0.625801
0.799	0.626253
0.8	0.626704
0.801	0.627156
0.802	0.627607
0.803	0.628059
0.804	0.62851
0.805	0.628962
0.806	0.629413
0.807	0.629865
0.808	0.630316
0.809	0.630768
0.81	0.631219
0.811	0.631671
0.812	0.632122
0.813	0.632574
0.814	0.633025
0.815	0.633476
0.816	0.633928
0.817	0.634379
0.818	0.634831
0.819	0.635282
0.82	0.635734
0.821	0.636185
0.822	0.636637
0.823	0.637088
0.824	0.63754
0.825	0.637991
0.826	0.638443
0.827	0.638894
0.828	0.639346
0.829	0.639797
0.83	0.640249
0.831	0.6407
0.832	0.641151
0.833	0.641603
0.834	0.642054
0.835	0.642506
0.836	0.642957
0.837	0.643409
0.838	0.64386
0.839	0.644312
0.84	0.644763
0.841	0.645215
0.842	0.645666
0.843	0.646118
0.844	0.646569
0.845	0.647021
0.846	0.647472
0.847	0.647924
0.848	0.648375
0.849	0.648826
0.85	0.649278
0.851	0.649729
0.852	0.650181
0.853	0.650632
0.854	0.651084
0.855	0.651535
0.856	0.651987
0.857	0.652438
0.858	0.65289
0.859	0.653341
0.86	0.653793
0.861	0.654244
0.862	0.654696
0.863	0.655147
0.864	0.655599
0.865	0.65605
0.866	0.656501
0.867	0.656953
0.868	0.657404
0.869	0.657856
0.87	0.658307
0.871	0.658759
0.872	0.65921
0.873	0.659662
0.874	0.660113
0.875	0.660565
0.876	0.661016
0.877	0.661468
0.878	0.661919
0.879	0.662371
0.88	0.662822
0.881	0.663274
0.882	0.663725
0.883	0.664176
0.884	0.664628
0.885	0.665079
0.886	0.665531
0.887	0.665982
0.888	0.666434
0.889	0.666885
0.89	0.667337
0.891	0.667788
0.892	0.66824
0.893	0.668691
0.894	0.669143
0.895	0.669594
0.896	0.670046
0.897	0.670497
0.898	0.670949
0.899	0.6714
0.9	0.671851
0.901	0.672303
0.902	0.672754
0.903	0.673206
0.904	0.673657
0.905	0.674109
0.906	0.67456
0.907	0.675012
0.908	0.675463
0.909	0.675915
0.91	0.676366
0.911	0.676818
0.912	0.677269
0.913	0.677721
0.914	0.678172
0.915	0.678624
0.916	0.679075
0.917	0.679526
0.918	0.679978
0.919	0.680429
0.92	0.680881
0.921	0.681332
0.922	0.681784
0.923	0.682235
0.924	0.682687
0.925	0.683138
0.926	0.68359
0.927	0.684041
0.928	0.684493
0.929	0.684944
0.93	0.685396
0.931	0.685847
0.932	0.686299
0.933	0.68675
0.934	0.687201
0.935	0.687653
0.936	0.688104
0.937	0.688556
0.938	0.689007
0.939	0.689459
0.94	0.68991
0.941	0.690362
0.942	0.690813
0.943	0.691265
0.944	0.691716
0.945	0.692168
0.946	0.692619
0.947	0.693071
0.948	0.693522
0.949	0.693974
0.95	0.694425
0.951	0.694876
0.952	0.695328
0.953	0.695779
0.954	0.696231
0.955	0.696682
0.956	0.697134
0.957	0.697585
0.958	0.698037
0.959	0.698488
0.96	0.69894
0.961	0.699391
0.962	0.699843
0.963	0.700294
0.964	0.700746
0.965	0.701197
0.966	0.701649
0.967	0.7021
0.968	0.702551
0.969	0.703003
0.97	0.703454
0.971	0.703906
0.972	0.704357
0.973	0.704809
0.974	0.70526
0.975	0.705712
0.976	0.706163
0.977	0.706615
0.978	0.707066
0.979	0.707518
0.98	0.707969
0.981	0.708421
0.982	0.708872
0.983	0.709324
0.984	0.709775
0.985	0.710226
0.986	0.710678
0.987	0.711129
0.988	0.711581
0.989	0.712032
0.99	0.712484
0.991	0.712935
0.992	0.713387
0.993	0.713838
0.994	0.71429
0.995	0.714741
0.996	0.715193
0.997	0.715644
0.998	0.716096
0.999	0.716547
