# Interpolation data for function: sqrt(abs(x-(1/3)))
0.5	0.408346
0.501	0.40956
0.502	0.410771
0.503	0.411978
0.504	0.413182
0.505	0.414383
0.506	0.415581
0.507	0.416776
0.508	0.417968
0.509	0.419156
0.51	0.420342
0.511	0.421525
0.512	0.422704
0.513	0.423881
0.514	0.425054
0.515	0.426225
0.516	0.427392
0.517	0.428557
0.518	0.429719
0.519	0.430878
0.52	0.432033
0.521	0.433186
0.522	0.434337
0.523	0.435484
0.524	0.436629
0.525	0.43777
0.526	0.438909
0.527	0.440045
0.528	0.441179
0.529	0.442309
0.53	0.443437
0.531	0.444562
0.532	0.445685
0.533	0.446804
0.534	0.447922
0.535	0.449036
0.536	0.450148
0.537	0.451257
0.538	0.452363
0.539	0.453467
0.54	0.454569
0.541	0.455667
0.542	0.456764
0.543	0.457857
0.544	0.458948
0.545	0.460037
0.546	0.461123
0.547	0.462207
0.548	0.463288
0.549	0.464367
0.55	0.465443
0.551	0.466517
0.552	0.467588
0.553	0.468657
0.554	0.469724
0.555	0.470788
0.556	0.47185
0.557	0.472909
0.558	0.473966
0.559	0.475021
0.56	0.476074
0.561	0.477124
0.562	0.478172
0.563	0.479218
0.564	0.480261
0.565	0.481302
0.566	0.482341
0.567	0.483378
0.568	0.484412
0.569	0.485444
0.57	0.486474
0.571	0.487502
0.572	0.488528
0.573	0.489552
0.574	0.490573
0.575	0.491592
0.576	0.49261
0.577	0.493625
0.578	0.494638
0.579	0.495649
0.58	0.496658
0.581	0.497664
0.582	0.498669
0.583	0.499672
0.584	0.500672
0.585	0.501671
0.586	0.502668
0.587	0.503663
0.588	0.504655
0.589	0.505646
0.59	0.506635
0.591	0.507622
0.592	0.508606
0.593	0.509589
0.594	0.51057
0.595	0.51155
0.596	0.512527
0.597	0.513502
0.598	0.514476
0.599	0.515447
0.6	0.516417
0.601	0.517385
0.602	0.518351
0.603	0.519316
0.604	0.520278
0.605	0.521239
0.606	0.522198
0.607	0.523155
0.608	0.52411
0.609	0.525063
0.61	0.526015
0.611	0.526965
0.612	0.527914
0.613	0.52886
0.614	0.529805
0.615	0.530748
0.616	0.53169
0.617	0.532629
0.618	0.533568
0.619	0.534504
0.62	0.535439
0.621	0.536372
0.622	0.537303
0.623	0.538233
0.624	0.539161
0.625	0.540088
0.626	0.541013
0.627	0.541936
0.628	0.542858
0.629	0.543778
0.63	0.544697
0.631	0.545614
0.632	0.546529
0.633	0.547443
0.634	0.548356
0.635	0.549266
0.636	0.550176
0.637	0.551083
0.638	0.55199
0.639	0.552895
0.64	0.553798
0.641	0.5547
0.642	0.5556
0.643	0.556499
0.644	0.557396
0.645	0.558292
0.646	0.559186
0.647	0.560079
0.648	0.560971
0.649	0.561861
0.65	0.56275
0.651	0.563637
0.652	0.564523
0.653	0.565408
0.654	0.566291
0.655	0.567172
0.656	0.568053
0.657	0.568932
0.658	0.569809
0.659	0.570686
0.66	0.571561
0.661	0.572434
0.662	0.573306
0.663	0.574177
0.664	0.575047
0.665	0.575915
0.666	0.576782
0.667	0.577647
0.668	0.578512
0.669	0.579375
0.67	0.580237
0.671	0.581097
0.672	0.581956
0.673	0.582814
0.674	0.583671
0.675	0.584526
0.676	0.58538
0.677	0.586233
0.678	0.587085
0.679	0.587935
0.68	0.588784
0.681	0.589632
0.682	0.590479
0.683	0.591325
0.684	0.592169
0.685	0.593012
0.686	0.593854
0.687	0.594695
0.688	0.595534
0.689	0.596373
0.69	0.59721
0.691	0.598046
0.692	0.598881
0.693	0.599715
0.694	0.600547
0.695	0.601379
0.696	0.602209
0.697	0.603038
0.698	0.603866
0.699	0.604693
0.7	0.605519
0.701	0.606344
0.702	0.607167
0.703	0.60799
0.704	0.608811
0.705	0.609631
0.706	0.61045
0.707	0.611268
0.708	0.612085
0.709	0.612901
0.71	0.613716
0.711	0.61453
0.712	0.615343
0.713	0.616154
0.714	0.616965
0.715	0.617774
0.716	0.618583
0.717	0.61939
0.718	0.620197
0.719	0.621002
0.72	0.621806
0.721	0.62261
0.722	0.623412
0.723	0.624213
0.724	0.625013
0.725	0.625813
0.726	0.626611
0.727	0.627408
0.728	0.628204
0.729	0.629
0.73	0.629794
0.731	0.630587
0.732	0.631379
0.733	0.632171
0.734	0.632961
0.735	0.63375
0.736	0.634539
0.737	0.635326
0.738	0.636113
0.739	0.636898
0.74	0.637683
0.741	0.638466
0.742	0.639249
0.743	0.640031
0.744	0.640812
0.745	0.641591
0.746	0.64237
0.747	0.643148
0.748	0.643925
0.749	0.644702
0.75	0.645477
0.751	0.646251
0.752	0.647024
0.753	0.647797
0.754	0.648568
0.755	0.649339
0.756	0.650109
0.757	0.650878
0.758	0.651646
0.759	0.652413
0.76	0.653179
0.761	0.653944
0.762	0.654709
0.763	0.655472
0.764	0.656235
0.765	0.656997
0.766	0.657758
0.767	0.658518
0.768	0.659277
0.769	0.660035
0.77	0.660793
0.771	0.661549
0.772	0.662305
0.773	0.66306
0.774	0.663814
0.775	0.664567
0.776	0.66532
0.777	0.666071
0.778	0.666822
0.779	0.667572
0.78	0.668321
0.781	0.669069
0.782	0.669816
0.783	0.670563
0.784	0.671308
0.785	0.672053
0.786	0.672797
0.787	0.673541
0.788	0.674283
0.789	0.675025
0.79	0.675765
0.791	0.676505
0.792	0.677245
0.793	0.677983
0.794	0.678721
0.795	0.679457
0.796	0.680193
0.797	0.680929
0.798	0.681663
0.799	0.682397
0.8	0.68313
0.801	0.683862
0.802	0.684593
0.803	0.685323
0.804	0.686053
0.805	0.686782
0.806	0.68751
0.807	0.688238
0.808	0.688964
0.809	0.68969
0.81	0.690415
0.811	0.69114
0.812	0.691863
0.813	0.692586
0.814	0.693308
0.815	0.69403
0.816	0.69475
0.817	0.69547
0.818	0.696189
0.819	0.696907
0.82	0.697625
0.821	0.698342
0.822	0.699058
0.823	0.699773
0.824	0.700488
0.825	0.701202
0.826	0.701915
0.827	0.702627
0.828	0.703339
0.829	0.70405
0.83	0.70476
0.831	0.705469
0.832	0.706178
0.833	0.706886
0.834	0.707594
0.835	0.7083
0.836	0.709006
0.837	0.709711
0.838	0.710416
0.839	0.71112
0.84	0.711823
0.841	0.712525
0.842	0.713227
0.843	0.713928
0.844	0.714628
0.845	0.715328
0.846	0.716026
0.847	0.716725
0.848	0.717422
0.849	0.718119
0.85	0.718815
0.851	0.71951
0.852	0.720205
0.853	0.720899
0.854	0.721592
0.855	0.722285
0.856	0.722977
0.857	0.723668
0.858	0.724359
0.859	0.725049
0.86	0.725738
0.861	0.726427
0.862	0.727115
0.863	0.727802
0.864	0.728489
0.865	0.729175
0.866	0.72986
0.867	0.730545
0.868	0.731229
0.869	0.731912
0.87	0.732595
0.871	0.733277
0.872	0.733958
0.873	0.734639
0.874	0.735319
0.875	0.735998
0.876	0.736677
0.877	0.737355
0.878	0.738033
0.879	0.73871
0.88	0.739386
0.881	0.740061
0.882	0.740736
0.883	0.741411
0.884	0.742084
0.885	0.742757
0.886	0.74343
0.887	0.744102
0.888	0.744773
0.889	0.745444
0.89	0.746113
0.891	0.746783
0.892	0.747452
0.893	0.74812
0.894	0.748787
0.895	0.749454
0.896	0.75012
0.897	0.750786
0.898	0.751451
0.899	0.752116
0.9	0.75278
0.901	0.753443
0.902	0.754106
0.903	0.754768
0.904	0.755429
0.905	0.75609
0.906	0.75675
0.907	0.75741
0.908	0.758069
0.909	0.758728
0.91	0.759386
0.911	0.760043
0.912	0.7607
0.913	0.761357
0.914	0.762012
0.915	0.762667
0.916	0.763322
0.917	0.763976
0.918	0.76463
0.919	0.765282
0.92	0.765935
0.921	0.766587
0.922	0.767238
0.923	0.767889
0.924	0.768539
0.925	0.769188
0.926	0.769837
0.927	0.770486
0.928	0.771134
0.929	0.771781
0.93	0.772428
0.931	0.773075
0.932	0.77372
0.933	0.774366
0.934	0.775011
0.935	0.775655
0.936	0.776299
0.937	0.776942
0.938	0.777585
0.939	0.778227
0.94	0.778869
0.941	0.77951
0.942	0.78015
0.943	0.780791
0.944	0.78143
0.945	0.78207
0.946	0.782708
0.947	0.783346
0.948	0.783984
0.949	0.784621
0.95	0.785258
0.951	0.785895
0.952	0.78653
0.953	0.787166
0.954	0.787801
0.955	0.788435
0.956	0.789069
0.957	0.789702
0.958	0.790335
0.959	0.790968
0.96	0.7916
0.961	0.792232
0.962	0.792863
0.963	0.793494
0.964	0.794124
0.965	0.794754
0.966	0.795383
0.967	0.796012
0.968	0.796641
0.969	0.797269
0.97	0.797897
0.971	0.798524
0.972	0.799151
0.973	0.799778
0.974	0.800404
0.975	0.801029
0.976	0.801655
0.977	0.80228
0.978	0.802904
0.979	0.803528
0.98	0.804152
0.981	0.804775
0.982	0.805398
0.983	0.806021
0.984	0.806643
0.985	0.807265
0.986	0.807887
0.987	0.808508
0.988	0.809128
0.989	0.809749
0.99	0.810369
0.991	0.810989
0.992	0.811608
0.993	0.812227
0.994	0.812846
0.995	0.813464
0.996	0.814082
0.997	0.8147
0.998	0.815317
0.999	0.815935
0	0.577389
0.001	0.576517
0.002	0.575643
0.003	0.574769
0.004	0.573894
0.005	0.573017
0.006	0.57214
0.007	0.571262
0.008	0.570383
0.009	0.569503
0.01	0.568621
0.011	0.567739
0.012	0.566856
0.013	0.565971
0.014	0.565085
0.015	0.564198
0.016	0.56331
0.017	0.562421
0.018	0.56153
0.019	0.560639
0.02	0.559746
0.021	0.558851
0.022	0.557956
0.023	0.557059
0.024	0.556161
0.025	0.555261
0.026	0.554361
0.027	0.553458
0.028	0.552555
0.029	0.55165
0.03	0.550743
0.031	0.549835
0.032	0.548926
0.033	0.548015
0.034	0.547103
0.035	0.546189
0.036	0.545274
0.037	0.544357
0.038	0.543439
0.039	0.542519
0.04	0.541598
0.041	0.540675
0.042	0.53975
0.043	0.538824
0.044	0.537896
0.045	0.536967
0.046	0.536036
0.047	0.535103
0.048	0.534169
0.049	0.533233
0.05	0.532296
0.051	0.531356
0.052	0.530415
0.053	0.529473
0.054	0.528528
0.055	0.527582
0.056	0.526634
0.057	0.525684
0.058	0.524733
0.059	0.52378
0.06	0.522825
0.061	0.521868
0.062	0.520909
0.063	0.519949
0.064	0.518987
0.065	0.518023
0.066	0.517057
0.067	0.516089
0.068	0.515119
0.069	0.514148
0.07	0.513174
0.071	0.512199
0.072	0.511222
0.073	0.510243
0.074	0.509262
0.075	0.508279
0.076	0.507294
0.077	0.506307
0.078	0.505318
0.079	0.504327
0.08	0.503335
0.081	0.50234
0.082	0.501343
0.083	0.500344
0.084	0.499343
0.085	0.498341
0.086	0.497336
0.087	0.496329
0.088	0.49532
0.089	0.494308
0.09	0.493295
0.091	0.49228
0.092	0.491262
0.093	0.490243
0.094	0.489221
0.095	0.488197
0.096	0.487171
0.097	0.486143
0.098	0.485113
0.099	0.48408
0.1	0.483046
0.101	0.482009
0.102	0.480969
0.103	0.479928
0.104	0.478884
0.105	0.477838
0.106	0.47679
0.107	0.47574
0.108	0.474687
0.109	0.473632
0.11	0.472574
0.111	0.471514
0.112	0.470452
0.113	0.469387
0.114	0.46832
0.115	0.467251
0.116	0.466179
0.117	0.465105
0.118	0.464028
0.119	0.462949
0.12	0.461867
0.121	0.460783
0.122	0.459696
0.123	0.458607
0.124	0.457515
0.125	0.456421
0.126	0.455324
0.127	0.454224
0.128	0.453122
0.129	0.452017
0.13	0.45091
0.131	0.4498
0.132	0.448687
0.133	0.447571
0.134	0.446453
0.135	0.445332
0.136	0.444208
0.137	0.443081
0.138	0.441951
0.139	0.440819
0.14	0.439683
0.141	0.438545
0.142	0.437404
0.143	0.43626
0.144	0.435113
0.145	0.433963
0.146	0.43281
0.147	0.431654
0.148	0.430494
0.149	0.429332
0.15	0.428166
0.151	0.426998
0.152	0.425826
0.153	0.424651
0.154	0.423473
0.155	0.422291
0.156	0.421106
0.157	0.419918
0.158	0.418727
0.159	0.417532
0.16	0.416333
0.161	0.415132
0.162	0.413926
0.163	0.412718
0.164	0.411505
0.165	0.410289
0.166	0.40907
0.167	0.407846
0.168	0.406619
0.169	0.405389
0.17	0.404154
0.171	0.402916
0.172	0.401674
0.173	0.400428
0.174	0.399178
0.175	0.397924
0.176	0.396666
0.177	0.395405
0.178	0.394139
0.179	0.392868
0.18	0.391594
0.181	0.390316
0.182	0.389033
0.183	0.387746
0.184	0.386455
0.185	0.385159
0.186	0.383859
0.187	0.382554
0.188	0.381245
0.189	0.379931
0.19	0.378612
0.191	0.377289
0.192	0.375961
0.193	0.374629
0.194	0.373291
0.195	0.371949
0.196	0.370602
0.197	0.369249
0.198	0.367892
0.199	0.36653
0.2	0.365162
0.201	0.363789
0.202	0.362411
0.203	0.361028
0.204	0.359639
0.205	0.358245
0.206	0.356845
0.207	0.35544
0.208	0.354029
0.209	0.352612
0.21	0.35119
0.211	0.349762
0.212	0.348328
0.213	0.346888
0.214	0.345442
0.215	0.343989
0.216	0.342531
0.217	0.341067
0.218	0.339596
0.219	0.338119
0.22	0.336635
0.221	0.335145
0.222	0.333648
0.223	0.332145
0.224	0.330635
0.225	0.329118
0.226	0.327594
0.227	0.326063
0.228	0.324526
0.229	0.322981
0.23	0.321429
0.231	0.319869
0.232	0.318303
0.233	0.316728
0.234	0.315147
0.235	0.313557
0.236	0.31196
0.237	0.310356
0.238	0.308743
0.239	0.307122
0.24	0.305494
0.241	0.303857
0.242	0.302212
0.243	0.300559
0.244	0.298897
0.245	0.297227
0.246	0.295548
0.247	0.29386
0.248	0.292164
0.249	0.290459
0.375	0.204302
0.376	0.206691
0.377	0.209058
0.378	0.211403
0.379	0.213727
0.38	0.21603
0.381	0.218312
0.382	0.220575
0.383	0.222817
0.384	0.22504
0.385	0.227243
0.386	0.229428
0.387	0.231594
0.388	0.233741
0.389	0.235871
0.39	0.237983
0.391	0.240077
0.392	0.242154
0.393	0.244215
0.394	0.246258
0.395	0.248286
0.396	0.250297
0.397	0.252293
0.398	0.254274
0.399	0.256239
0.4	0.258189
0.401	0.260124
0.402	0.262046
0.403	0.263953
0.404	0.265846
0.405	0.267725
0.406	0.269591
0.407	0.271444
0.408	0.273284
0.409	0.275111
0.41	0.276926
0.411	0.278729
0.412	0.280519
0.413	0.282298
0.414	0.284065
0.415	0.285821
0.416	0.287566
0.417	0.289299
0.418	0.291022
0.419	0.292735
0.42	0.294437
0.421	0.296129
0.422	0.297811
0.423	0.299483
0.424	0.301146
0.425	0.302799
0.426	0.304443
0.427	0.306078
0.428	0.307704
0.429	0.309322
0.43	0.31093
0.431	0.312531
0.432	0.314123
0.433	0.315707
0.434	0.317283
0.435	0.318851
0.436	0.320412
0.437	0.321965
0.438	0.32351
0.439	0.325049
0.44	0.32658
0.441	0.328104
0.442	0.329621
0.443	0.331132
0.444	0.332636
0.445	0.334133
0.446	0.335624
0.447	0.337109
0.448	0.338587
0.449	0.340059
0.45	0.341525
0.451	0.342985
0.452	0.344439
0.453	0.345888
0.454	0.347331
0.455	0.348768
0.456	0.350199
0.457	0.351625
0.458	0.353046
0.459	0.354461
0.46	0.355871
0.461	0.357275
0.462	0.358675
0.463	0.360069
0.464	0.361458
0.465	0.362842
0.466	0.364221
0.467	0.365595
0.468	0.366964
0.469	0.368328
0.47	0.369687
0.471	0.371041
0.472	0.372391
0.473	0.373735
0.474	0.375075
0.475	0.37641
0.476	0.377739
0.477	0.379064
0.478	0.380385
0.479	0.3817
0.48	0.38301
0.481	0.384316
0.482	0.385616
0.483	0.386912
0.484	0.388203
0.485	0.389488
0.486	0.390769
0.487	0.392045
0.488	0.393315
0.489	0.394581
0.49	0.395841
0.491	0.397096
0.492	0.398346
0.493	0.39959
0.494	0.400829
0.495	0.402063
0.496	0.403291
0.497	0.404513
0.498	0.40573
0.499	0.406941
0.25	0.288603
0.251	0.286895
0.252	0.28517
0.253	0.283429
0.254	0.281673
0.255	0.279902
0.256	0.278116
0.257	0.276316
0.258	0.274501
0.259	0.272672
0.26	0.270829
0.261	0.268972
0.262	0.267102
0.263	0.265218
0.264	0.26332
0.265	0.261408
0.266	0.259483
0.267	0.257543
0.268	0.255589
0.269	0.253621
0.27	0.251639
0.271	0.249641
0.272	0.247628
0.273	0.2456
0.274	0.243555
0.275	0.241495
0.276	0.239417
0.277	0.237322
0.278	0.235209
0.279	0.233078
0.28	0.230927
0.281	0.228756
0.282	0.226565
0.283	0.224353
0.284	0.222118
0.285	0.219861
0.286	0.21758
0.287	0.215274
0.288	0.212942
0.289	0.210584
0.29	0.208198
0.291	0.205784
0.292	0.20334
0.293	0.200864
0.294	0.198357
0.295	0.195816
0.296	0.193241
0.297	0.19063
0.298	0.187981
0.299	0.185294
0.3	0.182567
0.301	0.179799
0.302	0.176987
0.303	0.174131
0.304	0.171229
0.305	0.168279
0.306	0.16528
0.307	0.16223
0.308	0.159127
0.309	0.15597
0.31	0.152756
0.311	0.149484
0.312	0.146153
0.34375	0.102402
0.34475	0.106976
0.34575	0.111422
0.34675	0.115745
0.34775	0.119948
0.34875	0.124037
0.34975	0.128014
0.35075	0.131886
0.35175	0.135654
0.35275	0.139325
0.35375	0.142901
0.35475	0.146387
0.35575	0.149788
0.35675	0.153107
0.35775	0.156349
0.35875	0.159518
0.35975	0.162618
0.36075	0.165653
0.36175	0.168627
0.36275	0.171545
0.36375	0.174411
0.36475	0.177229
0.36575	0.180002
0.36675	0.182736
0.36775	0.185435
0.36875	0.188102
0.36975	0.190743
0.37075	0.19336
0.37175	0.195958
0.37275	0.198542
0.37375	0.201116
0.37475	0.203683
0.3125	0.144479
0.3135	0.140846
0.3145	0.137186
0.3155	0.133477
0.3165	0.129693
0.3175	0.125813
0.3185	0.121811
0.3195	0.117664
0.3205	0.113349
0.3215	0.108841
0.3225	0.104118
0.3235	0.0991558
0.3245	0.0939301
0.3255	0.0884176
0.3265	0.0825946
0.3275	0.0764376
0.335938	0.0517331
0.336938	0.0599281
0.337938	0.0675923
0.338938	0.0747256
0.339938	0.0813281
0.340938	0.0873997
0.341938	0.0929405
0.342938	0.0979504
0.328125	0.0718633
0.329125	0.0650128
0.330125	0.0566608
0.331125	0.0468074
0.333984	0.0272166
0.334984	0.0399902
0.332031	0.0368863
0.333008	0.0216633
