# Interpolation data for function: sqrt(abs(x-(1/3)))
0	0.491263
0.001	0.491263
0.002	0.491263
0.003	0.491263
0.004	0.491263
0.005	0.491263
0.006	0.491263
0.007	0.491263
0.008	0.491263
0.009	0.491263
0.01	0.491263
0.011	0.491263
0.012	0.491263
0.013	0.491263
0.014	0.491263
0.015	0.491263
0.016	0.491263
0.017	0.491263
0.018	0.491263
0.019	0.491263
0.02	0.491263
0.021	0.491263
0.022	0.491263
0.023	0.491263
0.024	0.491263
0.025	0.491263
0.026	0.491263
0.027	0.491263
0.028	0.491263
0.029	0.491263
0.03	0.491263
0.031	0.491263
0.032	0.491263
0.033	0.491263
0.034	0.491263
0.035	0.491263
0.036	0.491263
0.037	0.491263
0.038	0.491263
0.039	0.491263
0.04	0.491263
0.041	0.491263
0.042	0.491263
0.043	0.491263
0.044	0.491263
0.045	0.491263
0.046	0.491263
0.047	0.491263
0.048	0.491263
0.049	0.491263
0.05	0.491263
0.051	0.491263
0.052	0.491263
0.053	0.491263
0.054	0.491263
0.055	0.491263
0.056	0.491263
0.057	0.491263
0.058	0.491263
0.059	0.491263
0.06	0.491263
0.061	0.491263
0.062	0.491263
0.063	0.491263
0.064	0.491263
0.065	0.491263
0.066	0.491263
0.067	0.491263
0.068	0.491263
0.069	0.491263
0.07	0.491263
0.071	0.491263
0.072	0.491263
0.073	0.491263
0.074	0.491263
0.075	0.491263
0.076	0.491263
0.077	0.491263
0.078	0.491263
0.079	0.491263
0.08	0.491263
0.081	0.491263
0.082	0.491263
0.083	0.491263
0.084	0.491263
0.085	0.491263
0.086	0.491263
0.087	0.491263
0.088	0.491263
0.089	0.491263
0.09	0.491263
0.091	0.491263
0.092	0.491263
0.093	0.491263
0.094	0.491263
0.095	0.491263
0.096	0.491263
0.097	0.491263
0.098	0.491263
0.099	0.491263
0.1	0.491263
0.101	0.491263
0.102	0.491263
0.103	0.491263
0.104	0.491263
0.105	0.491263
0.106	0.491263
0.107	0.491263
0.108	0.491263
0.109	0.491263
0.11	0.491263
0.111	0.491263
0.112	0.491263
0.113	0.491263
0.114	0.491263
0.115	0.491263
0.116	0.491263
0.117	0.491263
0.118	0.491263
0.119	0.491263
0.12	0.491263
0.121	0.491263
0.122	0.491263
0.123	0.491263
0.124	0.491263
0.125	0.491263
0.126	0.491263
0.127	0.491263
0.128	0.491263
0.129	0.491263
0.13	0.491263
0.131	0.491263
0.132	0.491263
0.133	0.491263
0.134	0.491263
0.135	0.491263
0.136	0.491263
0.137	0.491263
0.138	0.491263
0.139	0.491263
0.14	0.491263
0.141	0.491263
0.142	0.491263
0.143	0.491263
0.144	0.491263
0.145	0.491263
0.146	0.491263
0.147	0.491263
0.148	0.491263
0.149	0.491263
0.15	0.491263
0.151	0.491263
0.152	0.491263
0.153	0.491263
0.154	0.491263
0.155	0.491263
0.156	0.491263
0.157	0.491263
0.158	0.491263
0.159	0.491263
0.16	0.491263
0.161	0.491263
0.162	0.491263
0.163	0.491263
0.164	0.491263
0.165	0.491263
0.166	0.491263
0.167	0.491263
0.168	0.491263
0.169	0.491263
0.17	0.491263
0.171	0.491263
0.172	0.491263
0.173	0.491263
0.174	0.491263
0.175	0.491263
0.176	0.491263
0.177	0.491263
0.178	0.491263
0.179	0.491263
0.18	0.491263
0.181	0.491263
0.182	0.491263
0.183	0.491263
0.184	0.491263
0.185	0.491263
0.186	0.491263
0.187	0.491263
0.188	0.491263
0.189	0.491263
0.19	0.491263
0.191	0.491263
0.192	0.491263
0.193	0.491263
0.194	0.491263
0.195	0.491263
0.196	0.491263
0.197	0.491263
0.198	0.491263
0.199	0.491263
0.2	0.491263
0.201	0.491263
0.202	0.491263
0.203	0.491263
0.204	0.491263
0.205	0.491263
0.206	0.491263
0.207	0.491263
0.208	0.491263
0.209	0.491263
0.21	0.491263
0.211	0.491263
0.212	0.491263
0.213	0.491263
0.214	0.491263
0.215	0.491263
0.216	0.491263
0.217	0.491263
0.218	0.491263
0.219	0.491263
0.22	0.491263
0.221	0.491263
0.222	0.491263
0.223	0.491263
0.224	0.491263
0.225	0.491263
0.226	0.491263
0.227	0.491263
0.228	0.491263
0.229	0.491263
0.23	0.491263
0.231	0.491263
0.232	0.491263
0.233	0.491263
0.234	0.491263
0.235	0.491263
0.236	0.491263
0.237	0.491263
0.238	0.491263
0.239	0.491263
0.24	0.491263
0.241	0.491263
0.242	0.491263
0.243	0.491263
0.244	0.491263
0.245	0.491263
0.246	0.491263
0.247	0.491263
0.248	0.491263
0.249	0.491263
0.25	0.491263
0.251	0.491263
0.252	0.491263
0.253	0.491263
0.254	0.491263
0.255	0.491263
0.256	0.491263
0.257	0.491263
0.258	0.491263
0.259	0.491263
0.26	0.491263
0.261	0.491263
0.262	0.491263
0.263	0.491263
0.264	0.491263
0.265	0.491263
0.266	0.491263
0.267	0.491263
0.268	0.491263
0.269	0.491263
0.27	0.491263
0.271	0.491263
0.272	0.491263
0.273	0.491263
0.274	0.491263
0.275	0.491263
0.276	0.491263
0.277	0.491263
0.278	0.491263
0.279	0.491263
0.28	0.491263
0.281	0.491263
0.282	0.491263
0.283	0.491263
0.284	0.491263
0.285	0.491263
0.286	0.491263
0.287	0.491263
0.288	0.491263
0.289	0.491263
0.29	0.491263
0.291	0.491263
0.292	0.491263
0.293	0.491263
0.294	0.491263
0.295	0.491263
0.296	0.491263
0.297	0.491263
0.298	0.491263
0.299	0.491263
0.3	0.491263
0.301	0.491263
0.302	0.491263
0.303	0.491263
0.304	0.491263
0.305	0.491263
0.306	0.491263
0.307	0.491263
0.308	0.491263
0.309	0.491263
0.31	0.491263
0.311	0.491263
0.312	0.491263
0.313	0.491263
0.314	0.491263
0.315	0.491263
0.316	0.491263
0.317	0.491263
0.318	0.491263
0.319	0.491263
0.32	0.491263
0.321	0.491263
0.322	0.491263
0.323	0.491263
0.324	0.491263
0.325	0.491263
0.326	0.491263
0.327	0.491263
0.328	0.491263
0.329	0.491263
0.33	0.491263
0.331	0.491263
0.332	0.491263
0.333	0.491263
0.334	0.491263
0.335	0.491263
0.336	0.491263
0.337	0.491263
0.338	0.491263
0.339	0.491263
0.34	0.491263
0.341	0.491263
0.342	0.491263
0.343	0.491263
0.344	0.491263
0.345	0.491263
0.346	0.491263
0.347	0.491263
0.348	0.491263
0.349	0.491263
0.35	0.491263
0.351	0.491263
0.352	0.491263
0.353	0.491263
0.354	0.491263
0.355	0.491263
0.356	0.491263
0.357	0.491263
0.358	0.491263
0.359	0.491263
0.36	0.491263
0.361	0.491263
0.362	0.491263
0.363	0.491263
0.364	0.491263
0.365	0.491263
0.366	0.491263
0.367	0.491263
0.368	0.491263
0.369	0.491263
0.37	0.491263
0.371	0.491263
0.372	0.491263
0.373	0.491263
0.374	0.491263
0.375	0.491263
0.376	0.491263
0.377	0.491263
0.378	0.491263
0.379	0.491263
0.38	0.491263
0.381	0.491263
0.382	0.491263
0.383	0.491263
0.384	0.491263
0.385	0.491263
0.386	0.491263
0.387	0.491263
0.388	0.491263
0.389	0.491263
0.39	0.491263
0.391	0.491263
0.392	0.491263
0.393	0.491263
0.394	0.491263
0.395	0.491263
0.396	0.491263
0.397	0.491263
0.398	0.491263
0.399	0.491263
0.4	0.491263
0.401	0.491263
0.402	0.491263
0.403	0.491263
0.404	0.491263
0.405	0.491263
0.406	0.491263
0.407	0.491263
0.408	0.491263
0.409	0.491263
0.41	0.491263
0.411	0.491263
0.412	0.491263
0.413	0.491263
0.414	0.491263
0.415	0.491263
0.416	0.491263
0.417	0.491263
0.418	0.491263
0.419	0.491263
0.42	0.491263
0.421	0.491263
0.422	0.491263
0.423	0.491263
0.424	0.491263
0.425	0.491263
0.426	0.491263
0.427	0.491263
0.428	0.491263
0.429	0.491263
0.43	0.491263
0.431	0.491263
0.432	0.491263
0.433	0.491263
0.434	0.491263
0.435	0.491263
0.436	0.491263
0.437	0.491263
0.438	0.491263
0.439	0.491263
0.44	0.491263
0.441	0.491263
0.442	0.491263
0.443	0.491263
0.444	0.491263
0.445	0.491263
0.446	0.491263
0.447	0.491263
0.448	0.491263
0.449	0.491263
0.45	0.491263
0.451	0.491263
0.452	0.491263
0.453	0.491263
0.454	0.491263
0.455	0.491263
0.456	0.491263
0.457	0.491263
0.458	0.491263
0.459	0.491263
0.46	0.491263
0.461	0.491263
0.462	0.491263
0.463	0.491263
0.464	0.491263
0.465	0.491263
0.466	0.491263
0.467	0.491263
0.468	0.491263
0.469	0.491263
0.47	0.491263
0.471	0.491263
0.472	0.491263
0.473	0.491263
0.474	0.491263
0.475	0.491263
0.476	0.491263
0.477	0.491263
0.478	0.491263
0.479	0.491263
0.48	0.491263
0.481	0.491263
0.482	0.491263
0.483	0.491263
0.484	0.491263
0.485	0.491263
0.486	0.491263
0.487	0.491263
0.488	0.491263
0.489	0.491263
0.49	0.491263
0.491	0.491263
0.492	0.491263
0.493	0.491263
0.494	0.491263
0.495	0.491263
0.496	0.491263
0.497	0.491263
0.498	0.491263
0.499	0.491263
0.5	0.491263
0.501	0.491263
0.502	0.491263
0.503	0.491263
0.504	0.491263
0.505	0.491263
0.506	0.491263
0.507	0.491263
0.508	0.491263
0.509	0.491263
0.51	0.491263
0.511	0.491263
0.512	0.491263
0.513	0.491263
0.514	0.491263
0.515	0.491263
0.516	0.491263
0.517	0.491263
0.518	0.491263
0.519	0.491263
0.52	0.491263
0.521	0.491263
0.522	0.491263
0.523	0.491263
0.524	0.491263
0.525	0.491263
0.526	0.491263
0.527	0.491263
0.528	0.491263
0.529	0.491263
0.53	0.491263
0.531	0.491263
0.532	0.491263
0.533	0.491263
0.534	0.491263
0.535	0.491263
0.536	0.491263
0.537	0.491263
0.538	0.491263
0.539	0.491263
0.54	0.491263
0.541	0.491263
0.542	0.491263
0.543	0.491263
0.544	0.491263
0.545	0.491263
0.546	0.491263
0.547	0.491263
0.548	0.491263
0.549	0.491263
0.55	0.491263
0.551	0.491263
0.552	0.491263
0.553	0.491263
0.554	0.491263
0.555	0.491263
0.556	0.491263
0.557	0.491263
0.558	0.491263
0.559	0.491263
0.56	0.491263
0.561	0.491263
0.562	0.491263
0.563	0.491263
0.564	0.491263
0.565	0.491263
0.566	0.491263
0.567	0.491263
0.568	0.491263
0.569	0.491263
0.57	0.491263
0.571	0.491263
0.572	0.491263
0.573	0.491263
0.574	0.491263
0.575	0.491263
0.576	0.491263
0.577	0.491263
0.578	0.491263
0.579	0.491263
0.58	0.491263
0.581	0.491263
0.582	0.491263
0.583	0.491263
0.584	0.491263
0.585	0.491263
0.586	0.491263
0.587	0.491263
0.588	0.491263
0.589	0.491263
0.59	0.491263
0.591	0.491263
0.592	0.491263
0.593	0.491263
0.594	0.491263
0.595	0.491263
0.596	0.491263
0.597	0.491263
0.598	0.491263
0.599	0.491263
0.6	0.491263
0.601	0.491263
0.602	0.491263
0.603	0.491263
0.604	0.491263
0.605	0.491263
0.606	0.491263
0.607	0.491263
0.608	0.491263
0.609	0.491263
0.61	0.491263
0.611	0.491263
0.612	0.491263
0.613	0.491263
0.614	0.491263
0.615	0.491263
0.616	0.491263
0.617	0.491263
0.618	0.491263
0.619	0.491263
0.62	0.491263
0.621	0.491263
0.622	0.491263
0.623	0.491263
0.624	0.491263
0.625	0.491263
0.626	0.491263
0.627	0.491263
0.628	0.491263
0.629	0.491263
0.63	0.491263
0.631	0.491263
0.632	0.491263
0.633	0.491263
0.634	0.491263
0.635	0.491263
0.636	0.491263
0.637	0.491263
0.638	0.491263
0.639	0.491263
0.64	0.491263
0.641	0.491263
0.642	0.491263
0.643	0.491263
0.644	0.491263
0.645	0.491263
0.646	0.491263
0.647	0.491263
0.648	0.491263
0.649	0.491263
0.65	0.491263
0.651	0.491263
0.652	0.491263
0.653	0.491263
0.654	0.491263
0.655	0.491263
0.656	0.491263
0.657	0.491263
0.658	0.491263
0.659	0.491263
0.66	0.491263
0.661	0.491263
0.662	0.491263
0.663	0.491263
0.664	0.491263
0.665	0.491263
0.666	0.491263
0.667	0.491263
0.668	0.491263
0.669	0.491263
0.67	0.491263
0.671	0.491263
0.672	0.491263
0.673	0.491263
0.674	0.491263
0.675	0.491263
0.676	0.491263
0.677	0.491263
0.678	0.491263
0.679	0.491263
0.68	0.491263
0.681	0.491263
0.682	0.491263
0.683	0.491263
0.684	0.491263
0.685	0.491263
0.686	0.491263
0.687	0.491263
0.688	0.491263
0.689	0.491263
0.69	0.491263
0.691	0.491263
0.692	0.491263
0.693	0.491263
0.694	0.491263
0.695	0.491263
0.696	0.491263
0.697	0.491263
0.698	0.491263
0.699	0.491263
0.7	0.491263
0.701	0.491263
0.702	0.491263
0.703	0.491263
0.704	0.491263
0.705	0.491263
0.706	0.491263
0.707	0.491263
0.708	0.491263
0.709	0.491263
0.71	0.491263
0.711	0.491263
0.712	0.491263
0.713	0.491263
0.714	0.491263
0.715	0.491263
0.716	0.491263
0.717	0.491263
0.718	0.491263
0.719	0.491263
0.72	0.491263
0.721	0.491263
0.722	0.491263
0.723	0.491263
0.724	0.491263
0.725	0.491263
0.726	0.491263
0.727	0.491263
0.728	0.491263
0.729	0.491263
0.73	0.491263
0.731	0.491263
0.732	0.491263
0.733	0.491263
0.734	0.491263
0.735	0.491263
0.736	0.491263
0.737	0.491263
0.738	0.491263
0.739	0.491263
0.74	0.491263
0.741	0.491263
0.742	0.491263
0.743	0.491263
0.744	0.491263
0.745	0.491263
0.746	0.491263
0.747	0.491263
0.748	0.491263
0.749	0.491263
0.75	0.491263
0.751	0.491263
0.752	0.491263
0.753	0.491263
0.754	0.491263
0.755	0.491263
0.756	0.491263
0.757	0.491263
0.758	0.491263
0.759	0.491263
0.76	0.491263
0.761	0.491263
0.762	0.491263
0.763	0.491263
0.764	0.491263
0.765	0.491263
0.766	0.491263
0.767	0.491263
0.768	0.491263
0.769	0.491263
0.77	0.491263
0.771	0.491263
0.772	0.491263
0.773	0.491263
0.774	0.491263
0.775	0.491263
0.776	0.491263
0.777	0.491263
0.778	0.491263
0.779	0.491263
0.78	0.491263
0.781	0.491263
0.782	0.491263
0.783	0.491263
0.784	0.491263
0.785	0.491263
0.786	0.491263
0.787	0.491263
0.788	0.491263
0.789	0.491263
0.79	0.491263
0.791	0.491263
0.792	0.491263
0.793	0.491263
0.794	0.491263
0.795	0.491263
0.796	0.491263
0.797	0.491263
0.798	0.491263
0.799	0.491263
0.8	0.491263
0.801	0.491263
0.802	0.491263
0.803	0.491263
0.804	0.491263
0.805	0.491263
0.806	0.491263
0.807	0.491263
0.808	0.491263
0.809	0.491263
0.81	0.491263
0.811	0.491263
0.812	0.491263
0.813	0.491263
0.814	0.491263
0.815	0.491263
0.816	0.491263
0.817	0.491263
0.818	0.491263
0.819	0.491263
0.82	0.491263
0.821	0.491263
0.822	0.491263
0.823	0.491263
0.824	0.491263
0.825	0.491263
0.826	0.491263
0.827	0.491263
0.828	0.491263
0.829	0.491263
0.83	0.491263
0.831	0.491263
0.832	0.491263
0.833	0.491263
0.834	0.491263
0.835	0.491263
0.836	0.491263
0.837	0.491263
0.838	0.491263
0.839	0.491263
0.84	0.491263
0.841	0.491263
0.842	0.491263
0.843	0.491263
0.844	0.491263
0.845	0.491263
0.846	0.491263
0.847	0.491263
0.848	0.491263
0.849	0.491263
0.85	0.491263
0.851	0.491263
0.852	0.491263
0.853	0.491263
0.854	0.491263
0.855	0.491263
0.856	0.491263
0.857	0.491263
0.858	0.491263
0.859	0.491263
0.86	0.491263
0.861	0.491263
0.862	0.491263
0.863	0.491263
0.864	0.491263
0.865	0.491263
0.866	0.491263
0.867	0.491263
0.868	0.491263
0.869	0.491263
0.87	0.491263
0.871	0.491263
0.872	0.491263
0.873	0.491263
0.874	0.491263
0.875	0.491263
0.876	0.491263
0.877	0.491263
0.878	0.491263
0.879	0.491263
0.88	0.491263
0.881	0.491263
0.882	0.491263
0.883	0.491263
0.884	0.491263
0.885	0.491263
0.886	0.491263
0.887	0.491263
0.888	0.491263
0.889	0.491263
0.89	0.491263
0.891	0.491263
0.892	0.491263
0.893	0.491263
0.894	0.491263
0.895	0.491263
0.896	0.491263
0.897	0.491263
0.898	0.491263
0.899	0.491263
0.9	0.491263
0.901	0.491263
0.902	0.491263
0.903	0.491263
0.904	0.491263
0.905	0.491263
0.906	0.491263
0.907	0.491263
0.908	0.491263
0.909	0.491263
0.91	0.491263
0.911	0.491263
0.912	0.491263
0.913	0.491263
0.914	0.491263
0.915	0.491263
0.916	0.491263
0.917	0.491263
0.918	0.491263
0.919	0.491263
0.92	0.491263
0.921	0.491263
0.922	0.491263
0.923	0.491263
0.924	0.491263
0.925	0.491263
0.926	0.491263
0.927	0.491263
0.928	0.491263
0.929	0.491263
0.93	0.491263
0.931	0.491263
0.932	0.491263
0.933	0.491263
0.934	0.491263
0.935	0.491263
0.936	0.491263
0.937	0.491263
0.938	0.491263
0.939	0.491263
0.94	0.491263
0.941	0.491263
0.942	0.491263
0.943	0.491263
0.944	0.491263
0.945	0.491263
0.946	0.491263
0.947	0.491263
0.948	0.491263
0.949	0.491263
0.95	0.491263
0.951	0.491263
0.952	0.491263
0.953	0.491263
0.954	0.491263
0.955	0.491263
0.956	0.491263
0.957	0.491263
0.958	0.491263
0.959	0.491263
0.96	0.491263
0.961	0.491263
0.962	0.491263
0.963	0.491263
0.964	0.491263
0.965	0.491263
0.966	0.491263
0.967	0.491263
0.968	0.491263
0.969	0.491263
0.97	0.491263
0.971	0.491263
0.972	0.491263
0.973	0.491263
0.974	0.491263
0.975	0.491263
0.976	0.491263
0.977	0.491263
0.978	0.491263
0.979	0.491263
0.98	0.491263
0.981	0.491263
0.982	0.491263
0.983	0.491263
0.984	0.491263
0.985	0.491263
0.986	0.491263
0.987	0.491263
0.988	0.491263
0.989	0.491263
0.99	0.491263
0.991	0.491263
0.992	0.491263
0.993	0.491263
0.994	0.491263
0.995	0.491263
0.996	0.491263
0.997	0.491263
0.998	0.491263
0.999	0.491263
