# Interpolation data for function: sqrt(abs(x-(1/3)))
0	0.678933
0.001	0.676236
0.002	0.673547
0.003	0.670865
0.004	0.668193
0.005	0.665528
0.006	0.662872
0.007	0.660223
0.008	0.657584
0.009	0.654952
0.01	0.652329
0.011	0.649714
0.012	0.647107
0.013	0.644508
0.014	0.641918
0.015	0.639336
0.016	0.636762
0.017	0.634196
0.018	0.631639
0.019	0.62909
0.02	0.626549
0.021	0.624017
0.022	0.621492
0.023	0.618976
0.024	0.616469
0.025	0.613969
0.026	0.611478
0.027	0.608995
0.028	0.60652
0.029	0.604053
0.03	0.601595
0.031	0.599145
0.032	0.596703
0.033	0.59427
0.034	0.591844
0.035	0.589427
0.036	0.587019
0.037	0.584618
0.038	0.582226
0.039	0.579842
0.04	0.577466
0.041	0.575099
0.042	0.572739
0.043	0.570388
0.044	0.568046
0.045	0.565711
0.046	0.563385
0.047	0.561067
0.048	0.558757
0.049	0.556456
0.05	0.554163
0.051	0.551878
0.052	0.549601
0.053	0.547333
0.054	0.545072
0.055	0.54282
0.056	0.540577
0.057	0.538341
0.058	0.536114
0.059	0.533895
0.06	0.531684
0.061	0.529482
0.062	0.527288
0.063	0.525102
0.064	0.522924
0.065	0.520755
0.066	0.518594
0.067	0.516441
0.068	0.514296
0.069	0.51216
0.07	0.510031
0.071	0.507912
0.072	0.5058
0.073	0.503697
0.074	0.501601
0.075	0.499515
0.076	0.497436
0.077	0.495365
0.078	0.493303
0.079	0.491249
0.08	0.489204
0.081	0.487166
0.082	0.485137
0.083	0.483116
0.084	0.481104
0.085	0.4791
0.086	0.477103
0.087	0.475116
0.088	0.473136
0.089	0.471165
0.09	0.469202
0.091	0.467247
0.092	0.4653
0.093	0.463362
0.094	0.461432
0.095	0.45951
0.096	0.457596
0.097	0.455691
0.098	0.453794
0.099	0.451905
0.1	0.450025
0.101	0.448152
0.102	0.446288
0.103	0.444432
0.104	0.442585
0.105	0.440745
0.106	0.438914
0.107	0.437092
0.108	0.435277
0.109	0.433471
0.11	0.431673
0.111	0.429883
0.112	0.428102
0.113	0.426328
0.114	0.424563
0.115	0.422806
0.116	0.421058
0.117	0.419318
0.118	0.417586
0.119	0.415862
0.12	0.414146
0.121	0.412439
0.122	0.41074
0.123	0.409049
0.124	0.407367
0.125	0.405693
0.126	0.404027
0.127	0.402369
0.128	0.40072
0.129	0.399078
0.13	0.397445
0.131	0.395821
0.132	0.394204
0.133	0.392596
0.134	0.390996
0.135	0.389404
0.136	0.387821
0.137	0.386246
0.138	0.384679
0.139	0.38312
0.14	0.38157
0.141	0.380027
0.142	0.378493
0.143	0.376968
0.144	0.37545
0.145	0.373941
0.146	0.37244
0.147	0.370948
0.148	0.369463
0.149	0.367987
0.15	0.366519
0.151	0.365059
0.152	0.363608
0.153	0.362165
0.154	0.36073
0.155	0.359303
0.156	0.357885
0.157	0.356475
0.158	0.355073
0.159	0.353679
0.16	0.352294
0.161	0.350917
0.162	0.349548
0.163	0.348187
0.164	0.346835
0.165	0.345491
0.166	0.344155
0.167	0.342827
0.168	0.341508
0.169	0.340197
0.17	0.338894
0.171	0.337599
0.172	0.336313
0.173	0.335035
0.174	0.333765
0.175	0.332504
0.176	0.33125
0.177	0.330005
0.178	0.328768
0.179	0.32754
0.18	0.326319
0.181	0.325107
0.182	0.323904
0.183	0.322708
0.184	0.321521
0.185	0.320342
0.186	0.319171
0.187	0.318008
0.188	0.316854
0.189	0.315708
0.19	0.31457
0.191	0.313441
0.192	0.312319
0.193	0.311206
0.194	0.310102
0.195	0.309005
0.196	0.307917
0.197	0.306837
0.198	0.305765
0.199	0.304701
0.2	0.303646
0.201	0.302599
0.202	0.30156
0.203	0.30053
0.204	0.299508
0.205	0.298494
0.206	0.297488
0.207	0.296491
0.208	0.295501
0.209	0.29452
0.21	0.293548
0.211	0.292583
0.212	0.291627
0.213	0.290679
0.214	0.289739
0.215	0.288808
0.216	0.287885
0.217	0.28697
0.218	0.286063
0.219	0.285164
0.22	0.284274
0.221	0.283392
0.222	0.282519
0.223	0.281653
0.224	0.280796
0.225	0.279947
0.226	0.279106
0.227	0.278274
0.228	0.27745
0.229	0.276634
0.23	0.275826
0.231	0.275027
0.232	0.274236
0.233	0.273453
0.234	0.272678
0.235	0.271912
0.236	0.271154
0.237	0.270404
0.238	0.269662
0.239	0.268929
0.24	0.268204
0.241	0.267487
0.242	0.266778
0.243	0.266078
0.244	0.265386
0.245	0.264702
0.246	0.264026
0.247	0.263359
0.248	0.2627
0.249	0.262049
0.25	0.261406
0.251	0.260772
0.252	0.260146
0.253	0.259528
0.254	0.258918
0.255	0.258317
0.256	0.257724
0.257	0.257139
0.258	0.256562
0.259	0.255994
0.26	0.255434
0.261	0.254882
0.262	0.254339
0.263	0.253803
0.264	0.253276
0.265	0.252757
0.266	0.252247
0.267	0.251745
0.268	0.251251
0.269	0.250765
0.27	0.250287
0.271	0.249818
0.272	0.249357
0.273	0.248904
0.274	0.24846
0.275	0.248023
0.276	0.247595
0.277	0.247176
0.278	0.246764
0.279	0.246361
0.28	0.245966
0.281	0.245579
0.282	0.2452
0.283	0.24483
0.284	0.244468
0.285	0.244114
0.286	0.243769
0.287	0.243432
0.288	0.243103
0.289	0.242782
0.29	0.24247
0.291	0.242165
0.292	0.241869
0.293	0.241582
0.294	0.241302
0.295	0.241031
0.296	0.240768
0.297	0.240513
0.298	0.240267
0.299	0.240029
0.3	0.239799
0.301	0.239577
0.302	0.239364
0.303	0.239158
0.304	0.238961
0.305	0.238773
0.306	0.238592
0.307	0.23842
0.308	0.238256
0.309	0.238101
0.31	0.237953
0.311	0.237814
0.312	0.237683
0.313	0.23756
0.314	0.237446
0.315	0.23734
0.316	0.237242
0.317	0.237152
0.318	0.237071
0.319	0.236998
0.32	0.236933
0.321	0.236876
0.322	0.236828
0.323	0.236788
0.324	0.236756
0.325	0.236732
0.326	0.236717
0.327	0.23671
0.328	0.236711
0.329	0.23672
0.33	0.236738
0.331	0.236764
0.332	0.236798
0.333	0.23684
0.334	0.236891
0.335	0.23695
0.336	0.237017
0.337	0.237092
0.338	0.237176
0.339	0.237268
0.34	0.237368
0.341	0.237477
0.342	0.237593
0.343	0.237718
0.344	0.237851
0.345	0.237993
0.346	0.238143
0.347	0.238301
0.348	0.238467
0.349	0.238641
0.35	0.238824
0.351	0.239015
0.352	0.239214
0.353	0.239422
0.354	0.239637
0.355	0.239861
0.356	0.240093
0.357	0.240334
0.358	0.240583
0.359	0.24084
0.36	0.241105
0.361	0.241378
0.362	0.24166
0.363	0.24195
0.364	0.242248
0.365	0.242555
0.366	0.24287
0.367	0.243193
0.368	0.243524
0.369	0.243863
0.37	0.244211
0.371	0.244567
0.372	0.244931
0.373	0.245304
0.374	0.245685
0.375	0.246074
0.376	0.246471
0.377	0.246877
0.378	0.24729
0.379	0.247712
0.38	0.248143
0.381	0.248581
0.382	0.249028
0.383	0.249483
0.384	0.249946
0.385	0.250418
0.386	0.250898
0.387	0.251386
0.388	0.251882
0.389	0.252387
0.39	0.2529
0.391	0.253421
0.392	0.25395
0.393	0.254488
0.394	0.255033
0.395	0.255588
0.396	0.25615
0.397	0.25672
0.398	0.257299
0.399	0.257886
0.4	0.258482
0.401	0.259085
0.402	0.259697
0.403	0.260317
0.404	0.260946
0.405	0.261582
0.406	0.262227
0.407	0.26288
0.408	0.263542
0.409	0.264211
0.41	0.264889
0.411	0.265575
0.412	0.26627
0.413	0.266972
0.414	0.267683
0.415	0.268403
0.416	0.26913
0.417	0.269866
0.418	0.27061
0.419	0.271362
0.42	0.272122
0.421	0.272891
0.422	0.273668
0.423	0.274453
0.424	0.275246
0.425	0.276048
0.426	0.276858
0.427	0.277676
0.428	0.278503
0.429	0.279337
0.43	0.28018
0.431	0.281031
0.432	0.281891
0.433	0.282759
0.434	0.283635
0.435	0.284519
0.436	0.285411
0.437	0.286312
0.438	0.287221
0.439	0.288138
0.44	0.289064
0.441	0.289997
0.442	0.290939
0.443	0.29189
0.444	0.292848
0.445	0.293815
0.446	0.29479
0.447	0.295773
0.448	0.296765
0.449	0.297764
0.45	0.298772
0.451	0.299789
0.452	0.300813
0.453	0.301846
0.454	0.302887
0.455	0.303936
0.456	0.304994
0.457	0.30606
0.458	0.307134
0.459	0.308216
0.46	0.309306
0.461	0.310405
0.462	0.311512
0.463	0.312628
0.464	0.313751
0.465	0.314883
0.466	0.316023
0.467	0.317171
0.468	0.318328
0.469	0.319493
0.47	0.320666
0.471	0.321847
0.472	0.323037
0.473	0.324234
0.474	0.325441
0.475	0.326655
0.476	0.327878
0.477	0.329108
0.478	0.330347
0.479	0.331595
0.48	0.33285
0.481	0.334114
0.482	0.335386
0.483	0.336667
0.484	0.337955
0.485	0.339252
0.486	0.340557
0.487	0.341871
0.488	0.343192
0.489	0.344522
0.49	0.34586
0.491	0.347207
0.492	0.348561
0.493	0.349924
0.494	0.351295
0.495	0.352675
0.496	0.354062
0.497	0.355458
0.498	0.356863
0.499	0.358275
0.5	0.435465
0.501	0.436263
0.502	0.437062
0.503	0.43786
0.504	0.438658
0.505	0.439457
0.506	0.440255
0.507	0.441053
0.508	0.441852
0.509	0.44265
0.51	0.443448
0.511	0.444247
0.512	0.445045
0.513	0.445843
0.514	0.446642
0.515	0.44744
0.516	0.448238
0.517	0.449037
0.518	0.449835
0.519	0.450634
0.52	0.451432
0.521	0.45223
0.522	0.453029
0.523	0.453827
0.524	0.454625
0.525	0.455424
0.526	0.456222
0.527	0.45702
0.528	0.457819
0.529	0.458617
0.53	0.459415
0.531	0.460214
0.532	0.461012
0.533	0.46181
0.534	0.462609
0.535	0.463407
0.536	0.464206
0.537	0.465004
0.538	0.465802
0.539	0.466601
0.54	0.467399
0.541	0.468197
0.542	0.468996
0.543	0.469794
0.544	0.470592
0.545	0.471391
0.546	0.472189
0.547	0.472987
0.548	0.473786
0.549	0.474584
0.55	0.475382
0.551	0.476181
0.552	0.476979
0.553	0.477778
0.554	0.478576
0.555	0.479374
0.556	0.480173
0.557	0.480971
0.558	0.481769
0.559	0.482568
0.56	0.483366
0.561	0.484164
0.562	0.484963
0.563	0.485761
0.564	0.486559
0.565	0.487358
0.566	0.488156
0.567	0.488954
0.568	0.489753
0.569	0.490551
0.57	0.491349
0.571	0.492148
0.572	0.492946
0.573	0.493745
0.574	0.494543
0.575	0.495341
0.576	0.49614
0.577	0.496938
0.578	0.497736
0.579	0.498535
0.58	0.499333
0.581	0.500131
0.582	0.50093
0.583	0.501728
0.584	0.502526
0.585	0.503325
0.586	0.504123
0.587	0.504921
0.588	0.50572
0.589	0.506518
0.59	0.507317
0.591	0.508115
0.592	0.508913
0.593	0.509712
0.594	0.51051
0.595	0.511308
0.596	0.512107
0.597	0.512905
0.598	0.513703
0.599	0.514502
0.6	0.5153
0.601	0.516098
0.602	0.516897
0.603	0.517695
0.604	0.518493
0.605	0.519292
0.606	0.52009
0.607	0.520889
0.608	0.521687
0.609	0.522485
0.61	0.523284
0.611	0.524082
0.612	0.52488
0.613	0.525679
0.614	0.526477
0.615	0.527275
0.616	0.528074
0.617	0.528872
0.618	0.52967
0.619	0.530469
0.62	0.531267
0.621	0.532065
0.622	0.532864
0.623	0.533662
0.624	0.534461
0.625	0.535259
0.626	0.536057
0.627	0.536856
0.628	0.537654
0.629	0.538452
0.63	0.539251
0.631	0.540049
0.632	0.540847
0.633	0.541646
0.634	0.542444
0.635	0.543242
0.636	0.544041
0.637	0.544839
0.638	0.545637
0.639	0.546436
0.64	0.547234
0.641	0.548033
0.642	0.548831
0.643	0.549629
0.644	0.550428
0.645	0.551226
0.646	0.552024
0.647	0.552823
0.648	0.553621
0.649	0.554419
0.65	0.555218
0.651	0.556016
0.652	0.556814
0.653	0.557613
0.654	0.558411
0.655	0.559209
0.656	0.560008
0.657	0.560806
0.658	0.561604
0.659	0.562403
0.66	0.563201
0.661	0.564
0.662	0.564798
0.663	0.565596
0.664	0.566395
0.665	0.567193
0.666	0.567991
0.667	0.56879
0.668	0.569588
0.669	0.570386
0.67	0.571185
0.671	0.571983
0.672	0.572781
0.673	0.57358
0.674	0.574378
0.675	0.575176
0.676	0.575975
0.677	0.576773
0.678	0.577572
0.679	0.57837
0.68	0.579168
0.681	0.579967
0.682	0.580765
0.683	0.581563
0.684	0.582362
0.685	0.58316
0.686	0.583958
0.687	0.584757
0.688	0.585555
0.689	0.586353
0.69	0.587152
0.691	0.58795
0.692	0.588748
0.693	0.589547
0.694	0.590345
0.695	0.591144
0.696	0.591942
0.697	0.59274
0.698	0.593539
0.699	0.594337
0.7	0.595135
0.701	0.595934
0.702	0.596732
0.703	0.59753
0.704	0.598329
0.705	0.599127
0.706	0.599925
0.707	0.600724
0.708	0.601522
0.709	0.60232
0.71	0.603119
0.711	0.603917
0.712	0.604716
0.713	0.605514
0.714	0.606312
0.715	0.607111
0.716	0.607909
0.717	0.608707
0.718	0.609506
0.719	0.610304
0.72	0.611102
0.721	0.611901
0.722	0.612699
0.723	0.613497
0.724	0.614296
0.725	0.615094
0.726	0.615892
0.727	0.616691
0.728	0.617489
0.729	0.618287
0.73	0.619086
0.731	0.619884
0.732	0.620683
0.733	0.621481
0.734	0.622279
0.735	0.623078
0.736	0.623876
0.737	0.624674
0.738	0.625473
0.739	0.626271
0.74	0.627069
0.741	0.627868
0.742	0.628666
0.743	0.629464
0.744	0.630263
0.745	0.631061
0.746	0.631859
0.747	0.632658
0.748	0.633456
0.749	0.634255
0.75	0.635053
0.751	0.635851
0.752	0.63665
0.753	0.637448
0.754	0.638246
0.755	0.639045
0.756	0.639843
0.757	0.640641
0.758	0.64144
0.759	0.642238
0.76	0.643036
0.761	0.643835
0.762	0.644633
0.763	0.645431
0.764	0.64623
0.765	0.647028
0.766	0.647827
0.767	0.648625
0.768	0.649423
0.769	0.650222
0.77	0.65102
0.771	0.651818
0.772	0.652617
0.773	0.653415
0.774	0.654213
0.775	0.655012
0.776	0.65581
0.777	0.656608
0.778	0.657407
0.779	0.658205
0.78	0.659003
0.781	0.659802
0.782	0.6606
0.783	0.661399
0.784	0.662197
0.785	0.662995
0.786	0.663794
0.787	0.664592
0.788	0.66539
0.789	0.666189
0.79	0.666987
0.791	0.667785
0.792	0.668584
0.793	0.669382
0.794	0.67018
0.795	0.670979
0.796	0.671777
0.797	0.672575
0.798	0.673374
0.799	0.674172
0.8	0.674971
0.801	0.675769
0.802	0.676567
0.803	0.677366
0.804	0.678164
0.805	0.678962
0.806	0.679761
0.807	0.680559
0.808	0.681357
0.809	0.682156
0.81	0.682954
0.811	0.683752
0.812	0.684551
0.813	0.685349
0.814	0.686147
0.815	0.686946
0.816	0.687744
0.817	0.688542
0.818	0.689341
0.819	0.690139
0.82	0.690938
0.821	0.691736
0.822	0.692534
0.823	0.693333
0.824	0.694131
0.825	0.694929
0.826	0.695728
0.827	0.696526
0.828	0.697324
0.829	0.698123
0.83	0.698921
0.831	0.699719
0.832	0.700518
0.833	0.701316
0.834	0.702114
0.835	0.702913
0.836	0.703711
0.837	0.70451
0.838	0.705308
0.839	0.706106
0.84	0.706905
0.841	0.707703
0.842	0.708501
0.843	0.7093
0.844	0.710098
0.845	0.710896
0.846	0.711695
0.847	0.712493
0.848	0.713291
0.849	0.71409
0.85	0.714888
0.851	0.715686
0.852	0.716485
0.853	0.717283
0.854	0.718082
0.855	0.71888
0.856	0.719678
0.857	0.720477
0.858	0.721275
0.859	0.722073
0.86	0.722872
0.861	0.72367
0.862	0.724468
0.863	0.725267
0.864	0.726065
0.865	0.726863
0.866	0.727662
0.867	0.72846
0.868	0.729258
0.869	0.730057
0.87	0.730855
0.871	0.731654
0.872	0.732452
0.873	0.73325
0.874	0.734049
0.875	0.734847
0.876	0.735645
0.877	0.736444
0.878	0.737242
0.879	0.73804
0.88	0.738839
0.881	0.739637
0.882	0.740435
0.883	0.741234
0.884	0.742032
0.885	0.74283
0.886	0.743629
0.887	0.744427
0.888	0.745226
0.889	0.746024
0.89	0.746822
0.891	0.747621
0.892	0.748419
0.893	0.749217
0.894	0.750016
0.895	0.750814
0.896	0.751612
0.897	0.752411
0.898	0.753209
0.899	0.754007
0.9	0.754806
0.901	0.755604
0.902	0.756402
0.903	0.757201
0.904	0.757999
0.905	0.758797
0.906	0.759596
0.907	0.760394
0.908	0.761193
0.909	0.761991
0.91	0.762789
0.911	0.763588
0.912	0.764386
0.913	0.765184
0.914	0.765983
0.915	0.766781
0.916	0.767579
0.917	0.768378
0.918	0.769176
0.919	0.769974
0.92	0.770773
0.921	0.771571
0.922	0.772369
0.923	0.773168
0.924	0.773966
0.925	0.774765
0.926	0.775563
0.927	0.776361
0.928	0.77716
0.929	0.777958
0.93	0.778756
0.931	0.779555
0.932	0.780353
0.933	0.781151
0.934	0.78195
0.935	0.782748
0.936	0.783546
0.937	0.784345
0.938	0.785143
0.939	0.785941
0.94	0.78674
0.941	0.787538
0.942	0.788337
0.943	0.789135
0.944	0.789933
0.945	0.790732
0.946	0.79153
0.947	0.792328
0.948	0.793127
0.949	0.793925
0.95	0.794723
0.951	0.795522
0.952	0.79632
0.953	0.797118
0.954	0.797917
0.955	0.798715
0.956	0.799513
0.957	0.800312
0.958	0.80111
0.959	0.801909
0.96	0.802707
0.961	0.803505
0.962	0.804304
0.963	0.805102
0.964	0.8059
0.965	0.806699
0.966	0.807497
0.967	0.808295
0.968	0.809094
0.969	0.809892
0.97	0.81069
0.971	0.811489
0.972	0.812287
0.973	0.813085
0.974	0.813884
0.975	0.814682
0.976	0.81548
0.977	0.816279
0.978	0.817077
0.979	0.817876
0.98	0.818674
0.981	0.819472
0.982	0.820271
0.983	0.821069
0.984	0.821867
0.985	0.822666
0.986	0.823464
0.987	0.824262
0.988	0.825061
0.989	0.825859
0.99	0.826657
0.991	0.827456
0.992	0.828254
0.993	0.829052
0.994	0.829851
0.995	0.830649
0.996	0.831448
0.997	0.832246
0.998	0.833044
0.999	0.833843
