#Function: (x>0.5)
0	0.5
1	4.71028e-16
2	4.44089e-16
3	6.93072e-16
4	9.42055e-16
5	1.43739e-15
6	1.93273e-15
7	1.41045e-15
8	8.88178e-16
9	1.01267e-15
10	1.13716e-15
11	1.26165e-15
12	1.38614e-15
13	1.51064e-15
14	1.63513e-15
15	1.75962e-15
16	1.88411e-15
17	2.11262e-15
18	2.34113e-15
19	2.56964e-15
20	2.79815e-15
21	3.02666e-15
22	3.25517e-15
23	3.48368e-15
24	3.71218e-15
25	3.47021e-15
26	3.22823e-15
27	2.98625e-15
28	2.74427e-15
29	2.50229e-15
30	2.26031e-15
31	2.01834e-15
32	1.77636e-15
33	1.8386e-15
34	1.90085e-15
35	1.96309e-15
36	2.02534e-15
37	2.08759e-15
38	2.14983e-15
39	2.21208e-15
40	2.27432e-15
