#Function: abs(sqrt(x^2+y^2)-1/3)^(2/3)
0	0.335224
1	0.216917
2	0.0985692
3	0.0920481
4	0.0855745
5	0.068463
6	0.051294
7	0.0434304
8	0.0355422
9	0.0344715
10	0.0334141
11	0.0296253
12	0.0274396
13	0.023686
14	0.0215342
15	0.0205323
16	0.0195323
17	0.0180732
18	0.0171372
19	0.0156859
20	0.0147962
21	0.0139887
22	0.0133506
23	0.0125559
24	0.011913
25	0.0113339
26	0.0107009
27	0.0101255
28	0.00975675
29	0.00927892
30	0.00874423
31	0.00837971
32	0.00788042
33	0.00751604
34	0.0072004
35	0.00687699
36	0.00650373
37	0.00620801
38	0.00576337
39	0.00539078
40	0.00502735
41	0.00461051
42	0.0043235
43	0.00378579
44	0.00333787
45	0.00342884
46	0.00331138
47	0.00366043
48	0.00378124
49	0.00391317
50	0.00370067
51	0.00380247
52	0.00366879
53	0.00348438
54	0.00324055
55	0.00326314
56	0.00315242
57	0.0030343
58	0.0029428
59	0.00286985
60	0.00275174
61	0.00261957
62	0.00252875
63	0.00242389
64	0.0023335
65	0.00224356
66	0.0021387
67	0.00205252
68	0.00195459
69	0.00187719
70	0.00178234
71	0.00168371
72	0.00171366
73	0.00171924
74	0.00177206
75	0.00185087
76	0.00190613
77	0.00186655
78	0.0018177
79	0.00177336
80	0.00162756
81	0.00155016
82	0.00147392
83	0.00156706
84	0.00163848
85	0.00165294
86	0.00166794
87	0.00161195
88	0.00156919
89	0.00153272
90	0.00149314
91	0.0014511
92	0.00135134
93	0.00133062
94	0.00128222
95	0.00126873
96	0.0013395
97	0.00130012
98	0.00128004
99	0.00123067
100	0.001193
101	0.00117915
102	0.00124245
103	0.00122755
104	0.0012384
105	0.00132415
106	0.00136876
107	0.00135312
108	0.00133107
109	0.00131524
110	0.00132936
111	0.00131145
112	0.00134957
113	0.00141105
114	0.00138989
115	0.0013724
116	0.0014594
117	0.00148039
118	0.00149214
119	0.00152853
120	0.00150738
121	0.00149118
