#Function: (exp(-100*x) - 1 ) / (exp(-100) - 1)
0	0.07
1	0.0679108
2	0.0645674
3	0.0601631
4	0.0549418
5	0.0491753
6	0.0431403
7	0.00625847
8	0.00166836
9	0.000497583
10	0.000195465
11	0.00014883
12	4.90912e-05
13	1.32228e-05
14	3.4341e-06
15	9.71884e-07
16	3.9764e-07
17	3.42702e-07
18	1.73734e-06
19	5.46368e-07
20	1.00604e-07
21	4.72566e-08
22	1.30397e-08
23	3.45574e-09
24	8.81221e-10
25	2.16916e-10
26	5.20281e-11
27	1.26059e-11
28	3.51552e-12
29	1.49154e-12
30	1.38107e-12
31	1.46444e-09
32	5.05562e-10
33	6.21345e-13
34	4.65883e-13
35	1.79866e-11
36	1.11331e-13
37	4.75965e-14
38	5.20024e-13
39	1.57377e-14
40	1.45063e-14
