#Function: sqrt(x)
0	0.2357
1	0.0471364
2	0.020197
3	0.0112159
4	0.00713249
5	0.00493283
6	0.00361227
7	0.00275711
8	0.00217141
9	0.00175253
10	0.00144245
11	0.00120636
12	0.00102234
13	0.000876046
14	0.000757741
15	0.000660648
16	0.000579925
17	0.000512039
18	0.000454362
19	0.000404907
20	0.000362151
21	0.000324908
22	0.000251799
23	0.000227072
24	0.000205694
25	0.000215005
26	0.000194536
27	0.000176102
28	0.000159431
29	0.000105817
30	0.000130513
31	0.000117915
32	0.00010637
33	9.57604e-05
34	5.58782e-05
35	6.82262e-05
36	6.19275e-05
37	5.61547e-05
38	5.085e-05
39	3.09089e-05
40	3.70829e-05
