#Function: (exp(-10*x)-1)/(exp(-10)-1)
0	0.200011
1	0.144223
2	0.0853406
3	0.0346467
4	0.0109626
5	0.00351185
6	0.00164401
7	0.000617905
8	0.00016121
9	3.82613e-05
10	8.3234e-06
11	1.6705e-06
12	3.11067e-07
13	5.40103e-08
14	8.7824e-09
15	1.3426e-09
16	1.93632e-10
17	2.64275e-11
18	3.42294e-12
19	4.21852e-13
20	5.01442e-14
21	9.50835e-15
22	7.84507e-15
23	8.87738e-15
24	9.34237e-15
25	1.03305e-14
26	1.10836e-14
27	1.15991e-14
28	1.17771e-14
29	1.28333e-14
30	1.29561e-14
31	1.31959e-14
32	1.32285e-14
33	9.22784e-15
34	9.46379e-15
35	9.75689e-15
36	9.82187e-15
37	9.85874e-15
38	9.92657e-15
39	1.11883e-14
40	1.12224e-14
