# Interpolation data for function: (exp(-10*x)-1)/(exp(-10)-1)
0	0.0539799
0.001	0.06144
0.002	0.0688589
0.003	0.0762367
0.004	0.0835735
0.005	0.0908694
0.006	0.0981246
0.007	0.105339
0.008	0.112513
0.009	0.119647
0.01	0.12674
0.011	0.133794
0.012	0.140807
0.013	0.14778
0.014	0.154713
0.015	0.161607
0.016	0.168461
0.017	0.175276
0.018	0.182051
0.019	0.188787
0.02	0.195484
0.021	0.202142
0.022	0.20876
0.023	0.215341
0.024	0.221882
0.025	0.228385
0.026	0.234849
0.027	0.241276
0.028	0.247663
0.029	0.254013
0.03	0.260325
0.031	0.266599
0.032	0.272835
0.033	0.279034
0.034	0.285195
0.035	0.291319
0.036	0.297405
0.037	0.303454
0.038	0.309466
0.039	0.315441
0.04	0.32138
0.041	0.327281
0.042	0.333146
0.043	0.338975
0.044	0.344767
0.045	0.350523
0.046	0.356242
0.047	0.361926
0.048	0.367574
0.049	0.373186
0.05	0.378762
0.051	0.384303
0.052	0.389808
0.053	0.395278
0.054	0.400713
0.055	0.406112
0.056	0.411477
0.057	0.416806
0.058	0.422101
0.059	0.427362
0.06	0.432587
0.061	0.437779
0.062	0.442936
0.063	0.448059
0.064	0.453147
0.065	0.458202
0.066	0.463223
0.067	0.46821
0.068	0.473164
0.069	0.478084
0.07	0.482971
0.071	0.487824
0.072	0.492644
0.073	0.497432
0.074	0.502186
0.075	0.506908
0.076	0.511596
0.077	0.516253
0.078	0.520876
0.079	0.525468
0.08	0.530027
0.081	0.534554
0.082	0.539049
0.083	0.543512
0.084	0.547944
0.085	0.552343
0.086	0.556712
0.087	0.561048
0.088	0.565354
0.089	0.569628
0.09	0.573871
0.091	0.578083
0.092	0.582265
0.093	0.586415
0.094	0.590535
0.095	0.594625
0.096	0.598684
0.097	0.602713
0.098	0.606711
0.099	0.61068
0.1	0.614618
0.101	0.618527
0.102	0.622406
0.103	0.626256
0.104	0.630076
0.105	0.633866
0.106	0.637628
0.107	0.64136
0.108	0.645063
0.109	0.648738
0.11	0.652383
0.111	0.656
0.112	0.659589
0.113	0.663148
0.114	0.66668
0.115	0.670183
0.116	0.673659
0.117	0.677106
0.118	0.680525
0.119	0.683917
0.12	0.687281
0.121	0.690618
0.122	0.693927
0.123	0.697209
0.124	0.700463
0.125	0.703691
0.126	0.706891
0.127	0.710065
0.128	0.713212
0.129	0.716333
0.13	0.719427
0.131	0.722495
0.132	0.725536
0.133	0.728551
0.134	0.73154
0.135	0.734504
0.136	0.737441
0.137	0.740353
0.138	0.743239
0.139	0.7461
0.14	0.748935
0.141	0.751746
0.142	0.754531
0.143	0.757291
0.144	0.760026
0.145	0.762737
0.146	0.765423
0.147	0.768084
0.148	0.770721
0.149	0.773333
0.15	0.775922
0.151	0.778486
0.152	0.781026
0.153	0.783543
0.154	0.786036
0.155	0.788505
0.156	0.790951
0.157	0.793373
0.158	0.795772
0.159	0.798148
0.16	0.800501
0.161	0.802831
0.162	0.805138
0.163	0.807422
0.164	0.809684
0.165	0.811924
0.166	0.814141
0.167	0.816336
0.168	0.818508
0.169	0.820659
0.17	0.822788
0.171	0.824895
0.172	0.82698
0.173	0.829044
0.174	0.831087
0.175	0.833108
0.176	0.835108
0.177	0.837086
0.178	0.839044
0.179	0.840981
0.18	0.842897
0.181	0.844793
0.182	0.846668
0.183	0.848523
0.184	0.850357
0.185	0.852172
0.186	0.853966
0.187	0.85574
0.188	0.857495
0.189	0.85923
0.19	0.860945
0.191	0.862641
0.192	0.864317
0.193	0.865974
0.194	0.867612
0.195	0.869231
0.196	0.870831
0.197	0.872413
0.198	0.873975
0.199	0.875519
0.2	0.877045
0.201	0.878552
0.202	0.880042
0.203	0.881513
0.204	0.882966
0.205	0.884401
0.206	0.885818
0.207	0.887218
0.208	0.8886
0.209	0.889965
0.21	0.891313
0.211	0.892643
0.212	0.893957
0.213	0.895253
0.214	0.896533
0.215	0.897796
0.216	0.899042
0.217	0.900272
0.218	0.901485
0.219	0.902682
0.22	0.903863
0.221	0.905028
0.222	0.906178
0.223	0.907311
0.224	0.908429
0.225	0.909531
0.226	0.910617
0.227	0.911689
0.228	0.912745
0.229	0.913786
0.23	0.914812
0.231	0.915823
0.232	0.916819
0.233	0.917801
0.234	0.918768
0.235	0.919721
0.236	0.920659
0.237	0.921584
0.238	0.922494
0.239	0.92339
0.24	0.924273
0.241	0.925141
0.242	0.925996
0.243	0.926838
0.244	0.927666
0.245	0.928481
0.246	0.929283
0.247	0.930072
0.248	0.930848
0.249	0.931611
0.25	0.932361
0.251	0.933099
0.252	0.933824
0.253	0.934537
0.254	0.935238
0.255	0.935927
0.256	0.936603
0.257	0.937268
0.258	0.937921
0.259	0.938562
0.26	0.939192
0.261	0.939811
0.262	0.940418
0.263	0.941014
0.264	0.941598
0.265	0.942172
0.266	0.942735
0.267	0.943287
0.268	0.943829
0.269	0.94436
0.27	0.944881
0.271	0.945391
0.272	0.945892
0.273	0.946382
0.274	0.946862
0.275	0.947333
0.276	0.947794
0.277	0.948245
0.278	0.948687
0.279	0.949119
0.28	0.949542
0.281	0.949956
0.282	0.950361
0.283	0.950757
0.284	0.951145
0.285	0.951524
0.286	0.951894
0.287	0.952255
0.288	0.952609
0.289	0.952954
0.29	0.953291
0.291	0.95362
0.292	0.953942
0.293	0.954255
0.294	0.954561
0.295	0.954859
0.296	0.95515
0.297	0.955434
0.298	0.955711
0.299	0.95598
0.3	0.956243
0.301	0.956498
0.302	0.956747
0.303	0.95699
0.304	0.957226
0.305	0.957455
0.306	0.957678
0.307	0.957896
0.308	0.958107
0.309	0.958312
0.31	0.958512
0.311	0.958705
0.312	0.958894
0.313	0.959076
0.314	0.959254
0.315	0.959426
0.316	0.959593
0.317	0.959755
0.318	0.959913
0.319	0.960065
0.32	0.960213
0.321	0.960356
0.322	0.960495
0.323	0.96063
0.324	0.96076
0.325	0.960887
0.326	0.961009
0.327	0.961128
0.328	0.961243
0.329	0.961354
0.33	0.961462
0.331	0.961566
0.332	0.961668
0.333	0.961766
0.334	0.961861
0.335	0.961953
0.336	0.962042
0.337	0.962129
0.338	0.962213
0.339	0.962294
0.34	0.962373
0.341	0.96245
0.342	0.962525
0.343	0.962598
0.344	0.962669
0.345	0.962739
0.346	0.962806
0.347	0.962872
0.348	0.962937
0.349	0.963
0.35	0.963062
0.351	0.963123
0.352	0.963184
0.353	0.963243
0.354	0.963301
0.355	0.963359
0.356	0.963417
0.357	0.963474
0.358	0.963531
0.359	0.963587
0.36	0.963644
0.361	0.9637
0.362	0.963757
0.363	0.963814
0.364	0.963872
0.365	0.96393
0.366	0.963989
0.367	0.964048
0.368	0.964109
0.369	0.96417
0.37	0.964233
0.371	0.964296
0.372	0.964361
0.373	0.964428
0.374	0.964496
0.375	0.964566
0.376	0.964637
0.377	0.964711
0.378	0.964786
0.379	0.964864
0.38	0.964944
0.381	0.965026
0.382	0.965111
0.383	0.965198
0.384	0.965288
0.385	0.965381
0.386	0.965477
0.387	0.965576
0.388	0.965678
0.389	0.965783
0.39	0.965892
0.391	0.966005
0.392	0.966121
0.393	0.96624
0.394	0.966364
0.395	0.966492
0.396	0.966623
0.397	0.966759
0.398	0.966899
0.399	0.967044
0.4	0.967193
0.401	0.967347
0.402	0.967506
0.403	0.967669
0.404	0.967838
0.405	0.968012
0.406	0.968191
0.407	0.968375
0.408	0.968565
0.409	0.96876
0.41	0.968962
0.411	0.969169
0.412	0.969381
0.413	0.9696
0.414	0.969826
0.415	0.970057
0.416	0.970295
0.417	0.970539
0.418	0.97079
0.419	0.971048
0.42	0.971312
0.421	0.971584
0.422	0.971862
0.423	0.972148
0.424	0.972441
0.425	0.972742
0.426	0.97305
0.427	0.973366
0.428	0.973689
0.429	0.974021
0.43	0.97436
0.431	0.974708
0.432	0.975064
0.433	0.975428
0.434	0.9758
0.435	0.976182
0.436	0.976572
0.437	0.97697
0.438	0.977378
0.439	0.977795
0.44	0.978221
0.441	0.978656
0.442	0.9791
0.443	0.979554
0.444	0.980018
0.445	0.980491
0.446	0.980974
0.447	0.981468
0.448	0.981971
0.449	0.982484
0.45	0.983008
0.451	0.983542
0.452	0.984087
0.453	0.984642
0.454	0.985209
0.455	0.985786
0.456	0.986374
0.457	0.986973
0.458	0.987583
0.459	0.988205
0.46	0.988838
0.461	0.989483
0.462	0.990139
0.463	0.990807
0.464	0.991487
0.465	0.99218
0.466	0.992884
0.467	0.993601
0.468	0.99433
0.469	0.995071
0.47	0.995825
0.471	0.996592
0.472	0.997371
0.473	0.998164
0.474	0.99897
0.475	0.999788
0.476	1.00062
0.477	1.00147
0.478	1.00233
0.479	1.0032
0.48	1.00408
0.481	1.00498
0.482	1.0059
0.483	1.00683
0.484	1.00777
0.485	1.00873
0.486	1.0097
0.487	1.01068
0.488	1.01169
0.489	1.0127
0.49	1.01373
0.491	1.01478
0.492	1.01584
0.493	1.01691
0.494	1.018
0.495	1.01911
0.496	1.02023
0.497	1.02137
0.498	1.02252
0.499	1.02369
0.5	0.998707
0.501	0.998707
0.502	0.998707
0.503	0.998707
0.504	0.998707
0.505	0.998707
0.506	0.998707
0.507	0.998707
0.508	0.998707
0.509	0.998707
0.51	0.998707
0.511	0.998707
0.512	0.998707
0.513	0.998707
0.514	0.998707
0.515	0.998707
0.516	0.998707
0.517	0.998707
0.518	0.998707
0.519	0.998707
0.52	0.998707
0.521	0.998707
0.522	0.998707
0.523	0.998707
0.524	0.998707
0.525	0.998707
0.526	0.998707
0.527	0.998707
0.528	0.998707
0.529	0.998707
0.53	0.998707
0.531	0.998707
0.532	0.998707
0.533	0.998707
0.534	0.998707
0.535	0.998707
0.536	0.998707
0.537	0.998707
0.538	0.998707
0.539	0.998707
0.54	0.998707
0.541	0.998707
0.542	0.998707
0.543	0.998707
0.544	0.998707
0.545	0.998707
0.546	0.998707
0.547	0.998707
0.548	0.998707
0.549	0.998707
0.55	0.998707
0.551	0.998707
0.552	0.998707
0.553	0.998707
0.554	0.998707
0.555	0.998707
0.556	0.998707
0.557	0.998707
0.558	0.998707
0.559	0.998707
0.56	0.998707
0.561	0.998707
0.562	0.998707
0.563	0.998707
0.564	0.998707
0.565	0.998707
0.566	0.998707
0.567	0.998707
0.568	0.998707
0.569	0.998707
0.57	0.998707
0.571	0.998707
0.572	0.998707
0.573	0.998707
0.574	0.998707
0.575	0.998707
0.576	0.998707
0.577	0.998707
0.578	0.998707
0.579	0.998707
0.58	0.998707
0.581	0.998707
0.582	0.998707
0.583	0.998707
0.584	0.998707
0.585	0.998707
0.586	0.998707
0.587	0.998707
0.588	0.998707
0.589	0.998707
0.59	0.998707
0.591	0.998707
0.592	0.998707
0.593	0.998707
0.594	0.998707
0.595	0.998707
0.596	0.998707
0.597	0.998707
0.598	0.998707
0.599	0.998707
0.6	0.998707
0.601	0.998707
0.602	0.998707
0.603	0.998707
0.604	0.998707
0.605	0.998707
0.606	0.998707
0.607	0.998707
0.608	0.998707
0.609	0.998707
0.61	0.998707
0.611	0.998707
0.612	0.998707
0.613	0.998707
0.614	0.998707
0.615	0.998707
0.616	0.998707
0.617	0.998707
0.618	0.998707
0.619	0.998707
0.62	0.998707
0.621	0.998707
0.622	0.998707
0.623	0.998707
0.624	0.998707
0.625	0.998707
0.626	0.998707
0.627	0.998707
0.628	0.998707
0.629	0.998707
0.63	0.998707
0.631	0.998707
0.632	0.998707
0.633	0.998707
0.634	0.998707
0.635	0.998707
0.636	0.998707
0.637	0.998707
0.638	0.998707
0.639	0.998707
0.64	0.998707
0.641	0.998707
0.642	0.998707
0.643	0.998707
0.644	0.998707
0.645	0.998707
0.646	0.998707
0.647	0.998707
0.648	0.998707
0.649	0.998707
0.65	0.998707
0.651	0.998707
0.652	0.998707
0.653	0.998707
0.654	0.998707
0.655	0.998707
0.656	0.998707
0.657	0.998707
0.658	0.998707
0.659	0.998707
0.66	0.998707
0.661	0.998707
0.662	0.998707
0.663	0.998707
0.664	0.998707
0.665	0.998707
0.666	0.998707
0.667	0.998707
0.668	0.998707
0.669	0.998707
0.67	0.998707
0.671	0.998707
0.672	0.998707
0.673	0.998707
0.674	0.998707
0.675	0.998707
0.676	0.998707
0.677	0.998707
0.678	0.998707
0.679	0.998707
0.68	0.998707
0.681	0.998707
0.682	0.998707
0.683	0.998707
0.684	0.998707
0.685	0.998707
0.686	0.998707
0.687	0.998707
0.688	0.998707
0.689	0.998707
0.69	0.998707
0.691	0.998707
0.692	0.998707
0.693	0.998707
0.694	0.998707
0.695	0.998707
0.696	0.998707
0.697	0.998707
0.698	0.998707
0.699	0.998707
0.7	0.998707
0.701	0.998707
0.702	0.998707
0.703	0.998707
0.704	0.998707
0.705	0.998707
0.706	0.998707
0.707	0.998707
0.708	0.998707
0.709	0.998707
0.71	0.998707
0.711	0.998707
0.712	0.998707
0.713	0.998707
0.714	0.998707
0.715	0.998707
0.716	0.998707
0.717	0.998707
0.718	0.998707
0.719	0.998707
0.72	0.998707
0.721	0.998707
0.722	0.998707
0.723	0.998707
0.724	0.998707
0.725	0.998707
0.726	0.998707
0.727	0.998707
0.728	0.998707
0.729	0.998707
0.73	0.998707
0.731	0.998707
0.732	0.998707
0.733	0.998707
0.734	0.998707
0.735	0.998707
0.736	0.998707
0.737	0.998707
0.738	0.998707
0.739	0.998707
0.74	0.998707
0.741	0.998707
0.742	0.998707
0.743	0.998707
0.744	0.998707
0.745	0.998707
0.746	0.998707
0.747	0.998707
0.748	0.998707
0.749	0.998707
0.75	0.998707
0.751	0.998707
0.752	0.998707
0.753	0.998707
0.754	0.998707
0.755	0.998707
0.756	0.998707
0.757	0.998707
0.758	0.998707
0.759	0.998707
0.76	0.998707
0.761	0.998707
0.762	0.998707
0.763	0.998707
0.764	0.998707
0.765	0.998707
0.766	0.998707
0.767	0.998707
0.768	0.998707
0.769	0.998707
0.77	0.998707
0.771	0.998707
0.772	0.998707
0.773	0.998707
0.774	0.998707
0.775	0.998707
0.776	0.998707
0.777	0.998707
0.778	0.998707
0.779	0.998707
0.78	0.998707
0.781	0.998707
0.782	0.998707
0.783	0.998707
0.784	0.998707
0.785	0.998707
0.786	0.998707
0.787	0.998707
0.788	0.998707
0.789	0.998707
0.79	0.998707
0.791	0.998707
0.792	0.998707
0.793	0.998707
0.794	0.998707
0.795	0.998707
0.796	0.998707
0.797	0.998707
0.798	0.998707
0.799	0.998707
0.8	0.998707
0.801	0.998707
0.802	0.998707
0.803	0.998707
0.804	0.998707
0.805	0.998707
0.806	0.998707
0.807	0.998707
0.808	0.998707
0.809	0.998707
0.81	0.998707
0.811	0.998707
0.812	0.998707
0.813	0.998707
0.814	0.998707
0.815	0.998707
0.816	0.998707
0.817	0.998707
0.818	0.998707
0.819	0.998707
0.82	0.998707
0.821	0.998707
0.822	0.998707
0.823	0.998707
0.824	0.998707
0.825	0.998707
0.826	0.998707
0.827	0.998707
0.828	0.998707
0.829	0.998707
0.83	0.998707
0.831	0.998707
0.832	0.998707
0.833	0.998707
0.834	0.998707
0.835	0.998707
0.836	0.998707
0.837	0.998707
0.838	0.998707
0.839	0.998707
0.84	0.998707
0.841	0.998707
0.842	0.998707
0.843	0.998707
0.844	0.998707
0.845	0.998707
0.846	0.998707
0.847	0.998707
0.848	0.998707
0.849	0.998707
0.85	0.998707
0.851	0.998707
0.852	0.998707
0.853	0.998707
0.854	0.998707
0.855	0.998707
0.856	0.998707
0.857	0.998707
0.858	0.998707
0.859	0.998707
0.86	0.998707
0.861	0.998707
0.862	0.998707
0.863	0.998707
0.864	0.998707
0.865	0.998707
0.866	0.998707
0.867	0.998707
0.868	0.998707
0.869	0.998707
0.87	0.998707
0.871	0.998707
0.872	0.998707
0.873	0.998707
0.874	0.998707
0.875	0.998707
0.876	0.998707
0.877	0.998707
0.878	0.998707
0.879	0.998707
0.88	0.998707
0.881	0.998707
0.882	0.998707
0.883	0.998707
0.884	0.998707
0.885	0.998707
0.886	0.998707
0.887	0.998707
0.888	0.998707
0.889	0.998707
0.89	0.998707
0.891	0.998707
0.892	0.998707
0.893	0.998707
0.894	0.998707
0.895	0.998707
0.896	0.998707
0.897	0.998707
0.898	0.998707
0.899	0.998707
0.9	0.998707
0.901	0.998707
0.902	0.998707
0.903	0.998707
0.904	0.998707
0.905	0.998707
0.906	0.998707
0.907	0.998707
0.908	0.998707
0.909	0.998707
0.91	0.998707
0.911	0.998707
0.912	0.998707
0.913	0.998707
0.914	0.998707
0.915	0.998707
0.916	0.998707
0.917	0.998707
0.918	0.998707
0.919	0.998707
0.92	0.998707
0.921	0.998707
0.922	0.998707
0.923	0.998707
0.924	0.998707
0.925	0.998707
0.926	0.998707
0.927	0.998707
0.928	0.998707
0.929	0.998707
0.93	0.998707
0.931	0.998707
0.932	0.998707
0.933	0.998707
0.934	0.998707
0.935	0.998707
0.936	0.998707
0.937	0.998707
0.938	0.998707
0.939	0.998707
0.94	0.998707
0.941	0.998707
0.942	0.998707
0.943	0.998707
0.944	0.998707
0.945	0.998707
0.946	0.998707
0.947	0.998707
0.948	0.998707
0.949	0.998707
0.95	0.998707
0.951	0.998707
0.952	0.998707
0.953	0.998707
0.954	0.998707
0.955	0.998707
0.956	0.998707
0.957	0.998707
0.958	0.998707
0.959	0.998707
0.96	0.998707
0.961	0.998707
0.962	0.998707
0.963	0.998707
0.964	0.998707
0.965	0.998707
0.966	0.998707
0.967	0.998707
0.968	0.998707
0.969	0.998707
0.97	0.998707
0.971	0.998707
0.972	0.998707
0.973	0.998707
0.974	0.998707
0.975	0.998707
0.976	0.998707
0.977	0.998707
0.978	0.998707
0.979	0.998707
0.98	0.998707
0.981	0.998707
0.982	0.998707
0.983	0.998707
0.984	0.998707
0.985	0.998707
0.986	0.998707
0.987	0.998707
0.988	0.998707
0.989	0.998707
0.99	0.998707
0.991	0.998707
0.992	0.998707
0.993	0.998707
0.994	0.998707
0.995	0.998707
0.996	0.998707
0.997	0.998707
0.998	0.998707
0.999	0.998707
