# Interpolation data for function: (exp(-10*x)-1)/(exp(-10)-1)
0	0.000220384
0.001	0.0101461
0.002	0.0199742
0.003	0.0297057
0.004	0.0393415
0.005	0.0488824
0.006	0.0583295
0.007	0.0676835
0.008	0.0769454
0.009	0.0861161
0.01	0.0951964
0.011	0.104187
0.012	0.113089
0.013	0.121904
0.014	0.130631
0.015	0.139273
0.016	0.147829
0.017	0.1563
0.018	0.164688
0.019	0.172993
0.02	0.181217
0.021	0.189358
0.022	0.19742
0.023	0.205402
0.024	0.213304
0.025	0.221129
0.026	0.228876
0.027	0.236547
0.028	0.244141
0.029	0.251661
0.03	0.259106
0.031	0.266477
0.032	0.273776
0.033	0.281002
0.034	0.288156
0.035	0.29524
0.036	0.302253
0.037	0.309197
0.038	0.316072
0.039	0.322878
0.04	0.329618
0.041	0.33629
0.042	0.342896
0.043	0.349437
0.044	0.355912
0.045	0.362324
0.046	0.368672
0.047	0.374956
0.048	0.381179
0.049	0.387339
0.05	0.393438
0.051	0.399477
0.052	0.405456
0.053	0.411375
0.054	0.417235
0.055	0.423037
0.056	0.428782
0.057	0.434469
0.058	0.4401
0.059	0.445675
0.06	0.451194
0.061	0.456658
0.062	0.462068
0.063	0.467425
0.064	0.472728
0.065	0.477978
0.066	0.483175
0.067	0.488322
0.068	0.493416
0.069	0.498461
0.07	0.503454
0.071	0.508399
0.072	0.513293
0.073	0.51814
0.074	0.522938
0.075	0.527688
0.076	0.53239
0.077	0.537046
0.078	0.541656
0.079	0.546219
0.08	0.550738
0.081	0.555211
0.082	0.559639
0.083	0.564024
0.084	0.568364
0.085	0.572662
0.086	0.576916
0.087	0.581128
0.088	0.585299
0.089	0.589427
0.09	0.593515
0.091	0.597561
0.092	0.601568
0.093	0.605534
0.094	0.609461
0.095	0.613349
0.096	0.617198
0.097	0.621008
0.098	0.624781
0.099	0.628516
0.1	0.632213
0.101	0.635874
0.102	0.639498
0.103	0.643087
0.104	0.646639
0.105	0.650156
0.106	0.653638
0.107	0.657085
0.108	0.660498
0.109	0.663876
0.11	0.667222
0.111	0.670533
0.112	0.673812
0.113	0.677058
0.114	0.680271
0.115	0.683453
0.116	0.686603
0.117	0.689721
0.118	0.692809
0.119	0.695865
0.12	0.698891
0.121	0.701887
0.122	0.704853
0.123	0.70779
0.124	0.710697
0.125	0.713575
0.126	0.716425
0.127	0.719246
0.128	0.722039
0.129	0.724804
0.13	0.727542
0.131	0.730252
0.132	0.732935
0.133	0.735592
0.134	0.738222
0.135	0.740826
0.136	0.743404
0.137	0.745956
0.138	0.748483
0.139	0.750985
0.14	0.753462
0.141	0.755914
0.142	0.758341
0.143	0.760745
0.144	0.763124
0.145	0.76548
0.146	0.767813
0.147	0.770122
0.148	0.772408
0.149	0.774671
0.15	0.776912
0.151	0.779131
0.152	0.781327
0.153	0.783502
0.154	0.785655
0.155	0.787786
0.156	0.789897
0.157	0.791986
0.158	0.794054
0.159	0.796102
0.16	0.79813
0.161	0.800137
0.162	0.802125
0.163	0.804092
0.164	0.80604
0.165	0.807969
0.166	0.809879
0.167	0.811769
0.168	0.813641
0.169	0.815494
0.17	0.817329
0.171	0.819145
0.172	0.820944
0.173	0.822724
0.174	0.824487
0.175	0.826232
0.176	0.82796
0.177	0.829671
0.178	0.831365
0.179	0.833042
0.18	0.834702
0.181	0.836346
0.182	0.837973
0.183	0.839584
0.184	0.84118
0.185	0.842759
0.186	0.844323
0.187	0.845871
0.188	0.847404
0.189	0.848922
0.19	0.850424
0.191	0.851912
0.192	0.853385
0.193	0.854843
0.194	0.856287
0.195	0.857716
0.196	0.859131
0.197	0.860532
0.198	0.86192
0.199	0.863293
0.2	0.864653
0.201	0.865999
0.202	0.867332
0.203	0.868652
0.204	0.869959
0.205	0.871252
0.206	0.872533
0.207	0.873801
0.208	0.875057
0.209	0.8763
0.21	0.877531
0.211	0.87875
0.212	0.879956
0.213	0.881151
0.214	0.882333
0.215	0.883504
0.216	0.884663
0.217	0.885811
0.218	0.886948
0.219	0.888073
0.22	0.889187
0.221	0.89029
0.222	0.891382
0.223	0.892463
0.224	0.893533
0.225	0.894593
0.226	0.895643
0.227	0.896682
0.228	0.89771
0.229	0.898729
0.23	0.899737
0.231	0.900735
0.232	0.901724
0.233	0.902702
0.234	0.903671
0.235	0.90463
0.236	0.90558
0.237	0.906521
0.238	0.907452
0.239	0.908373
0.24	0.909286
0.241	0.91019
0.242	0.911084
0.243	0.91197
0.244	0.912847
0.245	0.913715
0.246	0.914575
0.247	0.915426
0.248	0.916269
0.249	0.917103
0.25	0.917929
0.251	0.918747
0.252	0.919557
0.253	0.920358
0.254	0.921152
0.255	0.921938
0.256	0.922716
0.257	0.923486
0.258	0.924249
0.259	0.925004
0.26	0.925752
0.261	0.926492
0.262	0.927225
0.263	0.927951
0.264	0.928669
0.265	0.92938
0.266	0.930084
0.267	0.930782
0.268	0.931472
0.269	0.932155
0.27	0.932832
0.271	0.933502
0.272	0.934165
0.273	0.934822
0.274	0.935472
0.275	0.936115
0.276	0.936753
0.277	0.937384
0.278	0.938008
0.279	0.938627
0.28	0.939239
0.281	0.939845
0.282	0.940445
0.283	0.94104
0.284	0.941628
0.285	0.94221
0.286	0.942787
0.287	0.943358
0.288	0.943923
0.289	0.944483
0.29	0.945037
0.291	0.945585
0.292	0.946128
0.293	0.946666
0.294	0.947198
0.295	0.947725
0.296	0.948247
0.297	0.948764
0.298	0.949275
0.299	0.949781
0.3	0.950283
0.301	0.950779
0.302	0.95127
0.303	0.951757
0.304	0.952238
0.305	0.952715
0.306	0.953187
0.307	0.953655
0.308	0.954117
0.309	0.954575
0.31	0.955029
0.311	0.955478
0.312	0.955922
0.313	0.956362
0.314	0.956798
0.315	0.957229
0.316	0.957656
0.317	0.958079
0.318	0.958497
0.319	0.958912
0.32	0.959322
0.321	0.959728
0.322	0.96013
0.323	0.960528
0.324	0.960922
0.325	0.961312
0.326	0.961698
0.327	0.96208
0.328	0.962459
0.329	0.962834
0.33	0.963205
0.331	0.963572
0.332	0.963935
0.333	0.964295
0.334	0.964652
0.335	0.965005
0.336	0.965354
0.337	0.9657
0.338	0.966042
0.339	0.966381
0.34	0.966716
0.341	0.967048
0.342	0.967377
0.343	0.967702
0.344	0.968025
0.345	0.968344
0.346	0.968659
0.347	0.968972
0.348	0.969282
0.349	0.969588
0.35	0.969891
0.351	0.970192
0.352	0.970489
0.353	0.970783
0.354	0.971074
0.355	0.971363
0.356	0.971648
0.357	0.971931
0.358	0.972211
0.359	0.972488
0.36	0.972762
0.361	0.973034
0.362	0.973302
0.363	0.973568
0.364	0.973832
0.365	0.974093
0.366	0.974351
0.367	0.974606
0.368	0.974859
0.369	0.97511
0.37	0.975358
0.371	0.975603
0.372	0.975846
0.373	0.976087
0.374	0.976325
0.375	0.97656
0.376	0.976794
0.377	0.977025
0.378	0.977253
0.379	0.97748
0.38	0.977704
0.381	0.977926
0.382	0.978146
0.383	0.978363
0.384	0.978578
0.385	0.978791
0.386	0.979002
0.387	0.979211
0.388	0.979418
0.389	0.979623
0.39	0.979825
0.391	0.980026
0.392	0.980224
0.393	0.980421
0.394	0.980616
0.395	0.980808
0.396	0.980999
0.397	0.981188
0.398	0.981375
0.399	0.98156
0.4	0.981743
0.401	0.981924
0.402	0.982104
0.403	0.982282
0.404	0.982457
0.405	0.982632
0.406	0.982804
0.407	0.982975
0.408	0.983144
0.409	0.983311
0.41	0.983477
0.411	0.983641
0.412	0.983803
0.413	0.983964
0.414	0.984123
0.415	0.98428
0.416	0.984436
0.417	0.984591
0.418	0.984744
0.419	0.984895
0.42	0.985045
0.421	0.985193
0.422	0.98534
0.423	0.985485
0.424	0.985629
0.425	0.985772
0.426	0.985913
0.427	0.986052
0.428	0.986191
0.429	0.986327
0.43	0.986463
0.431	0.986597
0.432	0.98673
0.433	0.986862
0.434	0.986992
0.435	0.987121
0.436	0.987248
0.437	0.987375
0.438	0.9875
0.439	0.987624
0.44	0.987746
0.441	0.987868
0.442	0.987988
0.443	0.988107
0.444	0.988225
0.445	0.988341
0.446	0.988457
0.447	0.988571
0.448	0.988684
0.449	0.988796
0.45	0.988907
0.451	0.989017
0.452	0.989126
0.453	0.989234
0.454	0.989341
0.455	0.989446
0.456	0.989551
0.457	0.989654
0.458	0.989757
0.459	0.989858
0.46	0.989959
0.461	0.990058
0.462	0.990157
0.463	0.990255
0.464	0.990351
0.465	0.990447
0.466	0.990542
0.467	0.990635
0.468	0.990728
0.469	0.99082
0.47	0.990911
0.471	0.991002
0.472	0.991091
0.473	0.991179
0.474	0.991267
0.475	0.991354
0.476	0.991439
0.477	0.991524
0.478	0.991609
0.479	0.991692
0.48	0.991774
0.481	0.991856
0.482	0.991937
0.483	0.992017
0.484	0.992097
0.485	0.992175
0.486	0.992253
0.487	0.99233
0.488	0.992407
0.489	0.992482
0.49	0.992557
0.491	0.992631
0.492	0.992705
0.493	0.992777
0.494	0.992849
0.495	0.992921
0.496	0.992991
0.497	0.993061
0.498	0.99313
0.499	0.993199
0.5	0.993267
0.501	0.993334
0.502	0.993401
0.503	0.993467
0.504	0.993532
0.505	0.993597
0.506	0.993661
0.507	0.993724
0.508	0.993787
0.509	0.993849
0.51	0.993911
0.511	0.993972
0.512	0.994032
0.513	0.994092
0.514	0.994152
0.515	0.99421
0.516	0.994269
0.517	0.994326
0.518	0.994383
0.519	0.99444
0.52	0.994496
0.521	0.994551
0.522	0.994606
0.523	0.99466
0.524	0.994714
0.525	0.994767
0.526	0.99482
0.527	0.994873
0.528	0.994924
0.529	0.994976
0.53	0.995026
0.531	0.995077
0.532	0.995127
0.533	0.995176
0.534	0.995225
0.535	0.995273
0.536	0.995321
0.537	0.995369
0.538	0.995416
0.539	0.995462
0.54	0.995509
0.541	0.995554
0.542	0.995599
0.543	0.995644
0.544	0.995689
0.545	0.995733
0.546	0.995776
0.547	0.995819
0.548	0.995862
0.549	0.995904
0.55	0.995946
0.551	0.995988
0.552	0.996029
0.553	0.996069
0.554	0.99611
0.555	0.99615
0.556	0.996189
0.557	0.996228
0.558	0.996267
0.559	0.996305
0.56	0.996343
0.561	0.996381
0.562	0.996418
0.563	0.996455
0.564	0.996492
0.565	0.996528
0.566	0.996564
0.567	0.996599
0.568	0.996635
0.569	0.996669
0.57	0.996704
0.571	0.996738
0.572	0.996772
0.573	0.996805
0.574	0.996838
0.575	0.996871
0.576	0.996904
0.577	0.996936
0.578	0.996968
0.579	0.996999
0.58	0.997031
0.581	0.997062
0.582	0.997092
0.583	0.997122
0.584	0.997152
0.585	0.997182
0.586	0.997212
0.587	0.997241
0.588	0.99727
0.589	0.997298
0.59	0.997326
0.591	0.997354
0.592	0.997382
0.593	0.997409
0.594	0.997437
0.595	0.997464
0.596	0.99749
0.597	0.997516
0.598	0.997543
0.599	0.997568
0.6	0.997594
0.601	0.997619
0.602	0.997644
0.603	0.997669
0.604	0.997693
0.605	0.997718
0.606	0.997742
0.607	0.997765
0.608	0.997789
0.609	0.997812
0.61	0.997835
0.611	0.997858
0.612	0.997881
0.613	0.997903
0.614	0.997925
0.615	0.997947
0.616	0.997968
0.617	0.99799
0.618	0.998011
0.619	0.998032
0.62	0.998053
0.621	0.998073
0.622	0.998094
0.623	0.998114
0.624	0.998133
0.625	0.998153
0.626	0.998173
0.627	0.998192
0.628	0.998211
0.629	0.99823
0.63	0.998248
0.631	0.998267
0.632	0.998285
0.633	0.998303
0.634	0.998321
0.635	0.998338
0.636	0.998356
0.637	0.998373
0.638	0.99839
0.639	0.998407
0.64	0.998424
0.641	0.99844
0.642	0.998456
0.643	0.998472
0.644	0.998488
0.645	0.998504
0.646	0.99852
0.647	0.998535
0.648	0.99855
0.649	0.998565
0.65	0.99858
0.651	0.998595
0.652	0.99861
0.653	0.998624
0.654	0.998638
0.655	0.998652
0.656	0.998666
0.657	0.99868
0.658	0.998694
0.659	0.998707
0.66	0.99872
0.661	0.998733
0.662	0.998746
0.663	0.998759
0.664	0.998772
0.665	0.998784
0.666	0.998797
0.667	0.998809
0.668	0.998821
0.669	0.998833
0.67	0.998845
0.671	0.998857
0.672	0.998868
0.673	0.99888
0.674	0.998891
0.675	0.998902
0.676	0.998913
0.677	0.998924
0.678	0.998935
0.679	0.998945
0.68	0.998956
0.681	0.998966
0.682	0.998976
0.683	0.998986
0.684	0.998996
0.685	0.999006
0.686	0.999016
0.687	0.999026
0.688	0.999035
0.689	0.999045
0.69	0.999054
0.691	0.999063
0.692	0.999072
0.693	0.999081
0.694	0.99909
0.695	0.999099
0.696	0.999108
0.697	0.999116
0.698	0.999125
0.699	0.999133
0.7	0.999141
0.701	0.99915
0.702	0.999158
0.703	0.999166
0.704	0.999174
0.705	0.999181
0.706	0.999189
0.707	0.999197
0.708	0.999204
0.709	0.999212
0.71	0.999219
0.711	0.999226
0.712	0.999234
0.713	0.999241
0.714	0.999248
0.715	0.999255
0.716	0.999262
0.717	0.999269
0.718	0.999275
0.719	0.999282
0.72	0.999289
0.721	0.999295
0.722	0.999302
0.723	0.999308
0.724	0.999314
0.725	0.999321
0.726	0.999327
0.727	0.999333
0.728	0.999339
0.729	0.999345
0.73	0.999351
0.731	0.999357
0.732	0.999363
0.733	0.999369
0.734	0.999374
0.735	0.99938
0.736	0.999386
0.737	0.999391
0.738	0.999397
0.739	0.999402
0.74	0.999407
0.741	0.999413
0.742	0.999418
0.743	0.999423
0.744	0.999429
0.745	0.999434
0.746	0.999439
0.747	0.999444
0.748	0.999449
0.749	0.999454
0.75	0.999459
0.751	0.999464
0.752	0.999469
0.753	0.999474
0.754	0.999479
0.755	0.999484
0.756	0.999488
0.757	0.999493
0.758	0.999498
0.759	0.999503
0.76	0.999507
0.761	0.999512
0.762	0.999516
0.763	0.999521
0.764	0.999526
0.765	0.99953
0.766	0.999535
0.767	0.999539
0.768	0.999543
0.769	0.999548
0.77	0.999552
0.771	0.999557
0.772	0.999561
0.773	0.999565
0.774	0.99957
0.775	0.999574
0.776	0.999578
0.777	0.999583
0.778	0.999587
0.779	0.999591
0.78	0.999595
0.781	0.999599
0.782	0.999604
0.783	0.999608
0.784	0.999612
0.785	0.999616
0.786	0.99962
0.787	0.999624
0.788	0.999628
0.789	0.999633
0.79	0.999637
0.791	0.999641
0.792	0.999645
0.793	0.999649
0.794	0.999653
0.795	0.999657
0.796	0.999661
0.797	0.999665
0.798	0.999669
0.799	0.999673
0.8	0.999677
0.801	0.999681
0.802	0.999685
0.803	0.999689
0.804	0.999693
0.805	0.999697
0.806	0.999701
0.807	0.999704
0.808	0.999708
0.809	0.999712
0.81	0.999716
0.811	0.99972
0.812	0.999724
0.813	0.999728
0.814	0.999732
0.815	0.999735
0.816	0.999739
0.817	0.999743
0.818	0.999747
0.819	0.999751
0.82	0.999754
0.821	0.999758
0.822	0.999762
0.823	0.999766
0.824	0.999769
0.825	0.999773
0.826	0.999777
0.827	0.99978
0.828	0.999784
0.829	0.999788
0.83	0.999791
0.831	0.999795
0.832	0.999799
0.833	0.999802
0.834	0.999806
0.835	0.999809
0.836	0.999813
0.837	0.999816
0.838	0.99982
0.839	0.999823
0.84	0.999827
0.841	0.99983
0.842	0.999834
0.843	0.999837
0.844	0.99984
0.845	0.999844
0.846	0.999847
0.847	0.99985
0.848	0.999854
0.849	0.999857
0.85	0.99986
0.851	0.999863
0.852	0.999866
0.853	0.999869
0.854	0.999872
0.855	0.999876
0.856	0.999879
0.857	0.999881
0.858	0.999884
0.859	0.999887
0.86	0.99989
0.861	0.999893
0.862	0.999896
0.863	0.999899
0.864	0.999901
0.865	0.999904
0.866	0.999906
0.867	0.999909
0.868	0.999912
0.869	0.999914
0.87	0.999916
0.871	0.999919
0.872	0.999921
0.873	0.999923
0.874	0.999926
0.875	0.999928
0.876	0.99993
0.877	0.999932
0.878	0.999934
0.879	0.999936
0.88	0.999938
0.881	0.99994
0.882	0.999942
0.883	0.999943
0.884	0.999945
0.885	0.999947
0.886	0.999948
0.887	0.99995
0.888	0.999951
0.889	0.999953
0.89	0.999954
0.891	0.999955
0.892	0.999956
0.893	0.999957
0.894	0.999958
0.895	0.999959
0.896	0.99996
0.897	0.999961
0.898	0.999962
0.899	0.999963
0.9	0.999963
0.901	0.999964
0.902	0.999965
0.903	0.999965
0.904	0.999965
0.905	0.999966
0.906	0.999966
0.907	0.999966
0.908	0.999966
0.909	0.999967
0.91	0.999967
0.911	0.999966
0.912	0.999966
0.913	0.999966
0.914	0.999966
0.915	0.999966
0.916	0.999965
0.917	0.999965
0.918	0.999964
0.919	0.999964
0.92	0.999963
0.921	0.999963
0.922	0.999962
0.923	0.999961
0.924	0.99996
0.925	0.999959
0.926	0.999958
0.927	0.999958
0.928	0.999957
0.929	0.999956
0.93	0.999954
0.931	0.999953
0.932	0.999952
0.933	0.999951
0.934	0.99995
0.935	0.999949
0.936	0.999947
0.937	0.999946
0.938	0.999945
0.939	0.999944
0.94	0.999942
0.941	0.999941
0.942	0.99994
0.943	0.999938
0.944	0.999937
0.945	0.999936
0.946	0.999935
0.947	0.999934
0.948	0.999932
0.949	0.999931
0.95	0.99993
0.951	0.999929
0.952	0.999928
0.953	0.999927
0.954	0.999926
0.955	0.999926
0.956	0.999925
0.957	0.999924
0.958	0.999924
0.959	0.999923
0.96	0.999923
0.961	0.999923
0.962	0.999923
0.963	0.999923
0.964	0.999923
0.965	0.999924
0.966	0.999924
0.967	0.999925
0.968	0.999926
0.969	0.999927
0.97	0.999929
0.971	0.99993
0.972	0.999932
0.973	0.999934
0.974	0.999937
0.975	0.999939
0.976	0.999942
0.977	0.999945
0.978	0.999949
0.979	0.999953
0.98	0.999957
0.981	0.999961
0.982	0.999966
0.983	0.999972
0.984	0.999977
0.985	0.999983
0.986	0.99999
0.987	0.999997
0.988	1
0.989	1.00001
0.99	1.00002
0.991	1.00003
0.992	1.00004
0.993	1.00005
0.994	1.00006
0.995	1.00007
0.996	1.00008
0.997	1.0001
0.998	1.00011
0.999	1.00012
