# Interpolation data for function: (exp(-10*x)-1)/(exp(-10)-1)
0	0.900045
0.001	0.900045
0.002	0.900045
0.003	0.900045
0.004	0.900045
0.005	0.900045
0.006	0.900045
0.007	0.900045
0.008	0.900045
0.009	0.900045
0.01	0.900045
0.011	0.900045
0.012	0.900045
0.013	0.900045
0.014	0.900045
0.015	0.900045
0.016	0.900045
0.017	0.900045
0.018	0.900045
0.019	0.900045
0.02	0.900045
0.021	0.900045
0.022	0.900045
0.023	0.900045
0.024	0.900045
0.025	0.900045
0.026	0.900045
0.027	0.900045
0.028	0.900045
0.029	0.900045
0.03	0.900045
0.031	0.900045
0.032	0.900045
0.033	0.900045
0.034	0.900045
0.035	0.900045
0.036	0.900045
0.037	0.900045
0.038	0.900045
0.039	0.900045
0.04	0.900045
0.041	0.900045
0.042	0.900045
0.043	0.900045
0.044	0.900045
0.045	0.900045
0.046	0.900045
0.047	0.900045
0.048	0.900045
0.049	0.900045
0.05	0.900045
0.051	0.900045
0.052	0.900045
0.053	0.900045
0.054	0.900045
0.055	0.900045
0.056	0.900045
0.057	0.900045
0.058	0.900045
0.059	0.900045
0.06	0.900045
0.061	0.900045
0.062	0.900045
0.063	0.900045
0.064	0.900045
0.065	0.900045
0.066	0.900045
0.067	0.900045
0.068	0.900045
0.069	0.900045
0.07	0.900045
0.071	0.900045
0.072	0.900045
0.073	0.900045
0.074	0.900045
0.075	0.900045
0.076	0.900045
0.077	0.900045
0.078	0.900045
0.079	0.900045
0.08	0.900045
0.081	0.900045
0.082	0.900045
0.083	0.900045
0.084	0.900045
0.085	0.900045
0.086	0.900045
0.087	0.900045
0.088	0.900045
0.089	0.900045
0.09	0.900045
0.091	0.900045
0.092	0.900045
0.093	0.900045
0.094	0.900045
0.095	0.900045
0.096	0.900045
0.097	0.900045
0.098	0.900045
0.099	0.900045
0.1	0.900045
0.101	0.900045
0.102	0.900045
0.103	0.900045
0.104	0.900045
0.105	0.900045
0.106	0.900045
0.107	0.900045
0.108	0.900045
0.109	0.900045
0.11	0.900045
0.111	0.900045
0.112	0.900045
0.113	0.900045
0.114	0.900045
0.115	0.900045
0.116	0.900045
0.117	0.900045
0.118	0.900045
0.119	0.900045
0.12	0.900045
0.121	0.900045
0.122	0.900045
0.123	0.900045
0.124	0.900045
0.125	0.900045
0.126	0.900045
0.127	0.900045
0.128	0.900045
0.129	0.900045
0.13	0.900045
0.131	0.900045
0.132	0.900045
0.133	0.900045
0.134	0.900045
0.135	0.900045
0.136	0.900045
0.137	0.900045
0.138	0.900045
0.139	0.900045
0.14	0.900045
0.141	0.900045
0.142	0.900045
0.143	0.900045
0.144	0.900045
0.145	0.900045
0.146	0.900045
0.147	0.900045
0.148	0.900045
0.149	0.900045
0.15	0.900045
0.151	0.900045
0.152	0.900045
0.153	0.900045
0.154	0.900045
0.155	0.900045
0.156	0.900045
0.157	0.900045
0.158	0.900045
0.159	0.900045
0.16	0.900045
0.161	0.900045
0.162	0.900045
0.163	0.900045
0.164	0.900045
0.165	0.900045
0.166	0.900045
0.167	0.900045
0.168	0.900045
0.169	0.900045
0.17	0.900045
0.171	0.900045
0.172	0.900045
0.173	0.900045
0.174	0.900045
0.175	0.900045
0.176	0.900045
0.177	0.900045
0.178	0.900045
0.179	0.900045
0.18	0.900045
0.181	0.900045
0.182	0.900045
0.183	0.900045
0.184	0.900045
0.185	0.900045
0.186	0.900045
0.187	0.900045
0.188	0.900045
0.189	0.900045
0.19	0.900045
0.191	0.900045
0.192	0.900045
0.193	0.900045
0.194	0.900045
0.195	0.900045
0.196	0.900045
0.197	0.900045
0.198	0.900045
0.199	0.900045
0.2	0.900045
0.201	0.900045
0.202	0.900045
0.203	0.900045
0.204	0.900045
0.205	0.900045
0.206	0.900045
0.207	0.900045
0.208	0.900045
0.209	0.900045
0.21	0.900045
0.211	0.900045
0.212	0.900045
0.213	0.900045
0.214	0.900045
0.215	0.900045
0.216	0.900045
0.217	0.900045
0.218	0.900045
0.219	0.900045
0.22	0.900045
0.221	0.900045
0.222	0.900045
0.223	0.900045
0.224	0.900045
0.225	0.900045
0.226	0.900045
0.227	0.900045
0.228	0.900045
0.229	0.900045
0.23	0.900045
0.231	0.900045
0.232	0.900045
0.233	0.900045
0.234	0.900045
0.235	0.900045
0.236	0.900045
0.237	0.900045
0.238	0.900045
0.239	0.900045
0.24	0.900045
0.241	0.900045
0.242	0.900045
0.243	0.900045
0.244	0.900045
0.245	0.900045
0.246	0.900045
0.247	0.900045
0.248	0.900045
0.249	0.900045
0.25	0.900045
0.251	0.900045
0.252	0.900045
0.253	0.900045
0.254	0.900045
0.255	0.900045
0.256	0.900045
0.257	0.900045
0.258	0.900045
0.259	0.900045
0.26	0.900045
0.261	0.900045
0.262	0.900045
0.263	0.900045
0.264	0.900045
0.265	0.900045
0.266	0.900045
0.267	0.900045
0.268	0.900045
0.269	0.900045
0.27	0.900045
0.271	0.900045
0.272	0.900045
0.273	0.900045
0.274	0.900045
0.275	0.900045
0.276	0.900045
0.277	0.900045
0.278	0.900045
0.279	0.900045
0.28	0.900045
0.281	0.900045
0.282	0.900045
0.283	0.900045
0.284	0.900045
0.285	0.900045
0.286	0.900045
0.287	0.900045
0.288	0.900045
0.289	0.900045
0.29	0.900045
0.291	0.900045
0.292	0.900045
0.293	0.900045
0.294	0.900045
0.295	0.900045
0.296	0.900045
0.297	0.900045
0.298	0.900045
0.299	0.900045
0.3	0.900045
0.301	0.900045
0.302	0.900045
0.303	0.900045
0.304	0.900045
0.305	0.900045
0.306	0.900045
0.307	0.900045
0.308	0.900045
0.309	0.900045
0.31	0.900045
0.311	0.900045
0.312	0.900045
0.313	0.900045
0.314	0.900045
0.315	0.900045
0.316	0.900045
0.317	0.900045
0.318	0.900045
0.319	0.900045
0.32	0.900045
0.321	0.900045
0.322	0.900045
0.323	0.900045
0.324	0.900045
0.325	0.900045
0.326	0.900045
0.327	0.900045
0.328	0.900045
0.329	0.900045
0.33	0.900045
0.331	0.900045
0.332	0.900045
0.333	0.900045
0.334	0.900045
0.335	0.900045
0.336	0.900045
0.337	0.900045
0.338	0.900045
0.339	0.900045
0.34	0.900045
0.341	0.900045
0.342	0.900045
0.343	0.900045
0.344	0.900045
0.345	0.900045
0.346	0.900045
0.347	0.900045
0.348	0.900045
0.349	0.900045
0.35	0.900045
0.351	0.900045
0.352	0.900045
0.353	0.900045
0.354	0.900045
0.355	0.900045
0.356	0.900045
0.357	0.900045
0.358	0.900045
0.359	0.900045
0.36	0.900045
0.361	0.900045
0.362	0.900045
0.363	0.900045
0.364	0.900045
0.365	0.900045
0.366	0.900045
0.367	0.900045
0.368	0.900045
0.369	0.900045
0.37	0.900045
0.371	0.900045
0.372	0.900045
0.373	0.900045
0.374	0.900045
0.375	0.900045
0.376	0.900045
0.377	0.900045
0.378	0.900045
0.379	0.900045
0.38	0.900045
0.381	0.900045
0.382	0.900045
0.383	0.900045
0.384	0.900045
0.385	0.900045
0.386	0.900045
0.387	0.900045
0.388	0.900045
0.389	0.900045
0.39	0.900045
0.391	0.900045
0.392	0.900045
0.393	0.900045
0.394	0.900045
0.395	0.900045
0.396	0.900045
0.397	0.900045
0.398	0.900045
0.399	0.900045
0.4	0.900045
0.401	0.900045
0.402	0.900045
0.403	0.900045
0.404	0.900045
0.405	0.900045
0.406	0.900045
0.407	0.900045
0.408	0.900045
0.409	0.900045
0.41	0.900045
0.411	0.900045
0.412	0.900045
0.413	0.900045
0.414	0.900045
0.415	0.900045
0.416	0.900045
0.417	0.900045
0.418	0.900045
0.419	0.900045
0.42	0.900045
0.421	0.900045
0.422	0.900045
0.423	0.900045
0.424	0.900045
0.425	0.900045
0.426	0.900045
0.427	0.900045
0.428	0.900045
0.429	0.900045
0.43	0.900045
0.431	0.900045
0.432	0.900045
0.433	0.900045
0.434	0.900045
0.435	0.900045
0.436	0.900045
0.437	0.900045
0.438	0.900045
0.439	0.900045
0.44	0.900045
0.441	0.900045
0.442	0.900045
0.443	0.900045
0.444	0.900045
0.445	0.900045
0.446	0.900045
0.447	0.900045
0.448	0.900045
0.449	0.900045
0.45	0.900045
0.451	0.900045
0.452	0.900045
0.453	0.900045
0.454	0.900045
0.455	0.900045
0.456	0.900045
0.457	0.900045
0.458	0.900045
0.459	0.900045
0.46	0.900045
0.461	0.900045
0.462	0.900045
0.463	0.900045
0.464	0.900045
0.465	0.900045
0.466	0.900045
0.467	0.900045
0.468	0.900045
0.469	0.900045
0.47	0.900045
0.471	0.900045
0.472	0.900045
0.473	0.900045
0.474	0.900045
0.475	0.900045
0.476	0.900045
0.477	0.900045
0.478	0.900045
0.479	0.900045
0.48	0.900045
0.481	0.900045
0.482	0.900045
0.483	0.900045
0.484	0.900045
0.485	0.900045
0.486	0.900045
0.487	0.900045
0.488	0.900045
0.489	0.900045
0.49	0.900045
0.491	0.900045
0.492	0.900045
0.493	0.900045
0.494	0.900045
0.495	0.900045
0.496	0.900045
0.497	0.900045
0.498	0.900045
0.499	0.900045
0.5	0.900045
0.501	0.900045
0.502	0.900045
0.503	0.900045
0.504	0.900045
0.505	0.900045
0.506	0.900045
0.507	0.900045
0.508	0.900045
0.509	0.900045
0.51	0.900045
0.511	0.900045
0.512	0.900045
0.513	0.900045
0.514	0.900045
0.515	0.900045
0.516	0.900045
0.517	0.900045
0.518	0.900045
0.519	0.900045
0.52	0.900045
0.521	0.900045
0.522	0.900045
0.523	0.900045
0.524	0.900045
0.525	0.900045
0.526	0.900045
0.527	0.900045
0.528	0.900045
0.529	0.900045
0.53	0.900045
0.531	0.900045
0.532	0.900045
0.533	0.900045
0.534	0.900045
0.535	0.900045
0.536	0.900045
0.537	0.900045
0.538	0.900045
0.539	0.900045
0.54	0.900045
0.541	0.900045
0.542	0.900045
0.543	0.900045
0.544	0.900045
0.545	0.900045
0.546	0.900045
0.547	0.900045
0.548	0.900045
0.549	0.900045
0.55	0.900045
0.551	0.900045
0.552	0.900045
0.553	0.900045
0.554	0.900045
0.555	0.900045
0.556	0.900045
0.557	0.900045
0.558	0.900045
0.559	0.900045
0.56	0.900045
0.561	0.900045
0.562	0.900045
0.563	0.900045
0.564	0.900045
0.565	0.900045
0.566	0.900045
0.567	0.900045
0.568	0.900045
0.569	0.900045
0.57	0.900045
0.571	0.900045
0.572	0.900045
0.573	0.900045
0.574	0.900045
0.575	0.900045
0.576	0.900045
0.577	0.900045
0.578	0.900045
0.579	0.900045
0.58	0.900045
0.581	0.900045
0.582	0.900045
0.583	0.900045
0.584	0.900045
0.585	0.900045
0.586	0.900045
0.587	0.900045
0.588	0.900045
0.589	0.900045
0.59	0.900045
0.591	0.900045
0.592	0.900045
0.593	0.900045
0.594	0.900045
0.595	0.900045
0.596	0.900045
0.597	0.900045
0.598	0.900045
0.599	0.900045
0.6	0.900045
0.601	0.900045
0.602	0.900045
0.603	0.900045
0.604	0.900045
0.605	0.900045
0.606	0.900045
0.607	0.900045
0.608	0.900045
0.609	0.900045
0.61	0.900045
0.611	0.900045
0.612	0.900045
0.613	0.900045
0.614	0.900045
0.615	0.900045
0.616	0.900045
0.617	0.900045
0.618	0.900045
0.619	0.900045
0.62	0.900045
0.621	0.900045
0.622	0.900045
0.623	0.900045
0.624	0.900045
0.625	0.900045
0.626	0.900045
0.627	0.900045
0.628	0.900045
0.629	0.900045
0.63	0.900045
0.631	0.900045
0.632	0.900045
0.633	0.900045
0.634	0.900045
0.635	0.900045
0.636	0.900045
0.637	0.900045
0.638	0.900045
0.639	0.900045
0.64	0.900045
0.641	0.900045
0.642	0.900045
0.643	0.900045
0.644	0.900045
0.645	0.900045
0.646	0.900045
0.647	0.900045
0.648	0.900045
0.649	0.900045
0.65	0.900045
0.651	0.900045
0.652	0.900045
0.653	0.900045
0.654	0.900045
0.655	0.900045
0.656	0.900045
0.657	0.900045
0.658	0.900045
0.659	0.900045
0.66	0.900045
0.661	0.900045
0.662	0.900045
0.663	0.900045
0.664	0.900045
0.665	0.900045
0.666	0.900045
0.667	0.900045
0.668	0.900045
0.669	0.900045
0.67	0.900045
0.671	0.900045
0.672	0.900045
0.673	0.900045
0.674	0.900045
0.675	0.900045
0.676	0.900045
0.677	0.900045
0.678	0.900045
0.679	0.900045
0.68	0.900045
0.681	0.900045
0.682	0.900045
0.683	0.900045
0.684	0.900045
0.685	0.900045
0.686	0.900045
0.687	0.900045
0.688	0.900045
0.689	0.900045
0.69	0.900045
0.691	0.900045
0.692	0.900045
0.693	0.900045
0.694	0.900045
0.695	0.900045
0.696	0.900045
0.697	0.900045
0.698	0.900045
0.699	0.900045
0.7	0.900045
0.701	0.900045
0.702	0.900045
0.703	0.900045
0.704	0.900045
0.705	0.900045
0.706	0.900045
0.707	0.900045
0.708	0.900045
0.709	0.900045
0.71	0.900045
0.711	0.900045
0.712	0.900045
0.713	0.900045
0.714	0.900045
0.715	0.900045
0.716	0.900045
0.717	0.900045
0.718	0.900045
0.719	0.900045
0.72	0.900045
0.721	0.900045
0.722	0.900045
0.723	0.900045
0.724	0.900045
0.725	0.900045
0.726	0.900045
0.727	0.900045
0.728	0.900045
0.729	0.900045
0.73	0.900045
0.731	0.900045
0.732	0.900045
0.733	0.900045
0.734	0.900045
0.735	0.900045
0.736	0.900045
0.737	0.900045
0.738	0.900045
0.739	0.900045
0.74	0.900045
0.741	0.900045
0.742	0.900045
0.743	0.900045
0.744	0.900045
0.745	0.900045
0.746	0.900045
0.747	0.900045
0.748	0.900045
0.749	0.900045
0.75	0.900045
0.751	0.900045
0.752	0.900045
0.753	0.900045
0.754	0.900045
0.755	0.900045
0.756	0.900045
0.757	0.900045
0.758	0.900045
0.759	0.900045
0.76	0.900045
0.761	0.900045
0.762	0.900045
0.763	0.900045
0.764	0.900045
0.765	0.900045
0.766	0.900045
0.767	0.900045
0.768	0.900045
0.769	0.900045
0.77	0.900045
0.771	0.900045
0.772	0.900045
0.773	0.900045
0.774	0.900045
0.775	0.900045
0.776	0.900045
0.777	0.900045
0.778	0.900045
0.779	0.900045
0.78	0.900045
0.781	0.900045
0.782	0.900045
0.783	0.900045
0.784	0.900045
0.785	0.900045
0.786	0.900045
0.787	0.900045
0.788	0.900045
0.789	0.900045
0.79	0.900045
0.791	0.900045
0.792	0.900045
0.793	0.900045
0.794	0.900045
0.795	0.900045
0.796	0.900045
0.797	0.900045
0.798	0.900045
0.799	0.900045
0.8	0.900045
0.801	0.900045
0.802	0.900045
0.803	0.900045
0.804	0.900045
0.805	0.900045
0.806	0.900045
0.807	0.900045
0.808	0.900045
0.809	0.900045
0.81	0.900045
0.811	0.900045
0.812	0.900045
0.813	0.900045
0.814	0.900045
0.815	0.900045
0.816	0.900045
0.817	0.900045
0.818	0.900045
0.819	0.900045
0.82	0.900045
0.821	0.900045
0.822	0.900045
0.823	0.900045
0.824	0.900045
0.825	0.900045
0.826	0.900045
0.827	0.900045
0.828	0.900045
0.829	0.900045
0.83	0.900045
0.831	0.900045
0.832	0.900045
0.833	0.900045
0.834	0.900045
0.835	0.900045
0.836	0.900045
0.837	0.900045
0.838	0.900045
0.839	0.900045
0.84	0.900045
0.841	0.900045
0.842	0.900045
0.843	0.900045
0.844	0.900045
0.845	0.900045
0.846	0.900045
0.847	0.900045
0.848	0.900045
0.849	0.900045
0.85	0.900045
0.851	0.900045
0.852	0.900045
0.853	0.900045
0.854	0.900045
0.855	0.900045
0.856	0.900045
0.857	0.900045
0.858	0.900045
0.859	0.900045
0.86	0.900045
0.861	0.900045
0.862	0.900045
0.863	0.900045
0.864	0.900045
0.865	0.900045
0.866	0.900045
0.867	0.900045
0.868	0.900045
0.869	0.900045
0.87	0.900045
0.871	0.900045
0.872	0.900045
0.873	0.900045
0.874	0.900045
0.875	0.900045
0.876	0.900045
0.877	0.900045
0.878	0.900045
0.879	0.900045
0.88	0.900045
0.881	0.900045
0.882	0.900045
0.883	0.900045
0.884	0.900045
0.885	0.900045
0.886	0.900045
0.887	0.900045
0.888	0.900045
0.889	0.900045
0.89	0.900045
0.891	0.900045
0.892	0.900045
0.893	0.900045
0.894	0.900045
0.895	0.900045
0.896	0.900045
0.897	0.900045
0.898	0.900045
0.899	0.900045
0.9	0.900045
0.901	0.900045
0.902	0.900045
0.903	0.900045
0.904	0.900045
0.905	0.900045
0.906	0.900045
0.907	0.900045
0.908	0.900045
0.909	0.900045
0.91	0.900045
0.911	0.900045
0.912	0.900045
0.913	0.900045
0.914	0.900045
0.915	0.900045
0.916	0.900045
0.917	0.900045
0.918	0.900045
0.919	0.900045
0.92	0.900045
0.921	0.900045
0.922	0.900045
0.923	0.900045
0.924	0.900045
0.925	0.900045
0.926	0.900045
0.927	0.900045
0.928	0.900045
0.929	0.900045
0.93	0.900045
0.931	0.900045
0.932	0.900045
0.933	0.900045
0.934	0.900045
0.935	0.900045
0.936	0.900045
0.937	0.900045
0.938	0.900045
0.939	0.900045
0.94	0.900045
0.941	0.900045
0.942	0.900045
0.943	0.900045
0.944	0.900045
0.945	0.900045
0.946	0.900045
0.947	0.900045
0.948	0.900045
0.949	0.900045
0.95	0.900045
0.951	0.900045
0.952	0.900045
0.953	0.900045
0.954	0.900045
0.955	0.900045
0.956	0.900045
0.957	0.900045
0.958	0.900045
0.959	0.900045
0.96	0.900045
0.961	0.900045
0.962	0.900045
0.963	0.900045
0.964	0.900045
0.965	0.900045
0.966	0.900045
0.967	0.900045
0.968	0.900045
0.969	0.900045
0.97	0.900045
0.971	0.900045
0.972	0.900045
0.973	0.900045
0.974	0.900045
0.975	0.900045
0.976	0.900045
0.977	0.900045
0.978	0.900045
0.979	0.900045
0.98	0.900045
0.981	0.900045
0.982	0.900045
0.983	0.900045
0.984	0.900045
0.985	0.900045
0.986	0.900045
0.987	0.900045
0.988	0.900045
0.989	0.900045
0.99	0.900045
0.991	0.900045
0.992	0.900045
0.993	0.900045
0.994	0.900045
0.995	0.900045
0.996	0.900045
0.997	0.900045
0.998	0.900045
0.999	0.900045
