# Interpolation data for function: (exp(-10*x)-1)/(exp(-10)-1)
0	0.400045
0.001	0.402084
0.002	0.404119
0.003	0.406151
0.004	0.40818
0.005	0.410206
0.006	0.412229
0.007	0.414248
0.008	0.416265
0.009	0.418278
0.01	0.420288
0.011	0.422295
0.012	0.424299
0.013	0.4263
0.014	0.428298
0.015	0.430293
0.016	0.432284
0.017	0.434273
0.018	0.436258
0.019	0.43824
0.02	0.440219
0.021	0.442195
0.022	0.444168
0.023	0.446138
0.024	0.448104
0.025	0.450068
0.026	0.452028
0.027	0.453985
0.028	0.455939
0.029	0.45789
0.03	0.459838
0.031	0.461783
0.032	0.463725
0.033	0.465663
0.034	0.467599
0.035	0.469531
0.036	0.47146
0.037	0.473386
0.038	0.475309
0.039	0.477229
0.04	0.479145
0.041	0.481059
0.042	0.482969
0.043	0.484877
0.044	0.486781
0.045	0.488682
0.046	0.49058
0.047	0.492475
0.048	0.494366
0.049	0.496255
0.05	0.49814
0.051	0.500023
0.052	0.501902
0.053	0.503778
0.054	0.505651
0.055	0.507521
0.056	0.509388
0.057	0.511251
0.058	0.513112
0.059	0.514969
0.06	0.516823
0.061	0.518675
0.062	0.520523
0.063	0.522368
0.064	0.524209
0.065	0.526048
0.066	0.527884
0.067	0.529716
0.068	0.531545
0.069	0.533372
0.07	0.535195
0.071	0.537015
0.072	0.538831
0.073	0.540645
0.074	0.542456
0.075	0.544263
0.076	0.546068
0.077	0.547869
0.078	0.549667
0.079	0.551462
0.08	0.553254
0.081	0.555042
0.082	0.556828
0.083	0.558611
0.084	0.56039
0.085	0.562166
0.086	0.563939
0.087	0.56571
0.088	0.567476
0.089	0.56924
0.09	0.571001
0.091	0.572758
0.092	0.574513
0.093	0.576264
0.094	0.578012
0.095	0.579758
0.096	0.581499
0.097	0.583238
0.098	0.584974
0.099	0.586707
0.1	0.588436
0.101	0.590163
0.102	0.591886
0.103	0.593606
0.104	0.595323
0.105	0.597037
0.106	0.598748
0.107	0.600455
0.108	0.60216
0.109	0.603861
0.11	0.605559
0.111	0.607255
0.112	0.608947
0.113	0.610636
0.114	0.612321
0.115	0.614004
0.116	0.615684
0.117	0.61736
0.118	0.619033
0.119	0.620704
0.12	0.622371
0.121	0.624035
0.122	0.625696
0.123	0.627353
0.124	0.629008
0.125	0.630659
0.126	0.632308
0.127	0.633953
0.128	0.635595
0.129	0.637234
0.13	0.63887
0.131	0.640503
0.132	0.642132
0.133	0.643759
0.134	0.645382
0.135	0.647003
0.136	0.64862
0.137	0.650234
0.138	0.651845
0.139	0.653453
0.14	0.655057
0.141	0.656659
0.142	0.658257
0.143	0.659853
0.144	0.661445
0.145	0.663034
0.146	0.66462
0.147	0.666203
0.148	0.667783
0.149	0.669359
0.15	0.670933
0.151	0.672503
0.152	0.67407
0.153	0.675635
0.154	0.677196
0.155	0.678753
0.156	0.680308
0.157	0.68186
0.158	0.683408
0.159	0.684954
0.16	0.686496
0.161	0.688035
0.162	0.689571
0.163	0.691104
0.164	0.692634
0.165	0.694161
0.166	0.695684
0.167	0.697205
0.168	0.698722
0.169	0.700236
0.17	0.701748
0.171	0.703256
0.172	0.70476
0.173	0.706262
0.174	0.707761
0.175	0.709256
0.176	0.710749
0.177	0.712238
0.178	0.713724
0.179	0.715207
0.18	0.716687
0.181	0.718164
0.182	0.719638
0.183	0.721108
0.184	0.722576
0.185	0.72404
0.186	0.725501
0.187	0.726959
0.188	0.728414
0.189	0.729866
0.19	0.731315
0.191	0.73276
0.192	0.734203
0.193	0.735642
0.194	0.737078
0.195	0.738511
0.196	0.739941
0.197	0.741368
0.198	0.742792
0.199	0.744213
0.2	0.74563
0.201	0.747045
0.202	0.748456
0.203	0.749864
0.204	0.751269
0.205	0.752671
0.206	0.75407
0.207	0.755465
0.208	0.756858
0.209	0.758247
0.21	0.759634
0.211	0.761017
0.212	0.762397
0.213	0.763774
0.214	0.765148
0.215	0.766519
0.216	0.767886
0.217	0.769251
0.218	0.770612
0.219	0.77197
0.22	0.773325
0.221	0.774677
0.222	0.776026
0.223	0.777372
0.224	0.778715
0.225	0.780054
0.226	0.781391
0.227	0.782724
0.228	0.784054
0.229	0.785381
0.23	0.786705
0.231	0.788026
0.232	0.789343
0.233	0.790658
0.234	0.791969
0.235	0.793278
0.236	0.794583
0.237	0.795885
0.238	0.797184
0.239	0.79848
0.24	0.799773
0.241	0.801062
0.242	0.802349
0.243	0.803632
0.244	0.804912
0.245	0.80619
0.246	0.807464
0.247	0.808734
0.248	0.810002
0.249	0.811267
0.25	0.812528
0.251	0.813787
0.252	0.815042
0.253	0.816294
0.254	0.817543
0.255	0.818789
0.256	0.820032
0.257	0.821272
0.258	0.822508
0.259	0.823742
0.26	0.824972
0.261	0.826199
0.262	0.827423
0.263	0.828644
0.264	0.829862
0.265	0.831077
0.266	0.832289
0.267	0.833497
0.268	0.834702
0.269	0.835905
0.27	0.837104
0.271	0.8383
0.272	0.839493
0.273	0.840683
0.274	0.841869
0.275	0.843053
0.276	0.844233
0.277	0.845411
0.278	0.846585
0.279	0.847756
0.28	0.848924
0.281	0.850089
0.282	0.85125
0.283	0.852409
0.284	0.853564
0.285	0.854717
0.286	0.855866
0.287	0.857012
0.288	0.858155
0.289	0.859295
0.29	0.860432
0.291	0.861565
0.292	0.862696
0.293	0.863823
0.294	0.864947
0.295	0.866068
0.296	0.867187
0.297	0.868301
0.298	0.869413
0.299	0.870522
0.3	0.871627
0.301	0.87273
0.302	0.873829
0.303	0.874925
0.304	0.876018
0.305	0.877108
0.306	0.878195
0.307	0.879279
0.308	0.88036
0.309	0.881437
0.31	0.882511
0.311	0.883583
0.312	0.884651
0.313	0.885716
0.314	0.886778
0.315	0.887836
0.316	0.888892
0.317	0.889944
0.318	0.890994
0.319	0.89204
0.32	0.893083
0.321	0.894123
0.322	0.89516
0.323	0.896194
0.324	0.897225
0.325	0.898252
0.326	0.899277
0.327	0.900298
0.328	0.901316
0.329	0.902331
0.33	0.903343
0.331	0.904352
0.332	0.905358
0.333	0.90636
0.334	0.90736
0.335	0.908356
0.336	0.909349
0.337	0.91034
0.338	0.911327
0.339	0.91231
0.34	0.913291
0.341	0.914269
0.342	0.915243
0.343	0.916215
0.344	0.917183
0.345	0.918148
0.346	0.91911
0.347	0.920069
0.348	0.921025
0.349	0.921978
0.35	0.922927
0.351	0.923874
0.352	0.924817
0.353	0.925757
0.354	0.926694
0.355	0.927628
0.356	0.928559
0.357	0.929487
0.358	0.930412
0.359	0.931333
0.36	0.932251
0.361	0.933167
0.362	0.934079
0.363	0.934988
0.364	0.935894
0.365	0.936796
0.366	0.937696
0.367	0.938593
0.368	0.939486
0.369	0.940376
0.37	0.941263
0.371	0.942148
0.372	0.943028
0.373	0.943906
0.374	0.944781
0.375	0.945653
0.376	0.946521
0.377	0.947386
0.378	0.948249
0.379	0.949108
0.38	0.949964
0.381	0.950816
0.382	0.951666
0.383	0.952513
0.384	0.953356
0.385	0.954197
0.386	0.955034
0.387	0.955868
0.388	0.956699
0.389	0.957527
0.39	0.958352
0.391	0.959173
0.392	0.959992
0.393	0.960807
0.394	0.96162
0.395	0.962429
0.396	0.963235
0.397	0.964038
0.398	0.964838
0.399	0.965634
0.4	0.966428
0.401	0.967218
0.402	0.968006
0.403	0.96879
0.404	0.969571
0.405	0.970349
0.406	0.971124
0.407	0.971896
0.408	0.972664
0.409	0.97343
0.41	0.974192
0.411	0.974951
0.412	0.975708
0.413	0.976461
0.414	0.977211
0.415	0.977957
0.416	0.978701
0.417	0.979442
0.418	0.980179
0.419	0.980913
0.42	0.981644
0.421	0.982373
0.422	0.983097
0.423	0.983819
0.424	0.984538
0.425	0.985254
0.426	0.985966
0.427	0.986675
0.428	0.987382
0.429	0.988085
0.43	0.988785
0.431	0.989482
0.432	0.990175
0.433	0.990866
0.434	0.991554
0.435	0.992238
0.436	0.992919
0.437	0.993597
0.438	0.994272
0.439	0.994944
0.44	0.995613
0.441	0.996279
0.442	0.996941
0.443	0.997601
0.444	0.998257
0.445	0.99891
0.446	0.99956
0.447	1.00021
0.448	1.00085
0.449	1.00149
0.45	1.00213
0.451	1.00276
0.452	1.0034
0.453	1.00402
0.454	1.00465
0.455	1.00527
0.456	1.00589
0.457	1.00651
0.458	1.00712
0.459	1.00773
0.46	1.00833
0.461	1.00894
0.462	1.00954
0.463	1.01013
0.464	1.01073
0.465	1.01132
0.466	1.01191
0.467	1.01249
0.468	1.01307
0.469	1.01365
0.47	1.01423
0.471	1.0148
0.472	1.01537
0.473	1.01593
0.474	1.0165
0.475	1.01706
0.476	1.01761
0.477	1.01817
0.478	1.01872
0.479	1.01926
0.48	1.01981
0.481	1.02035
0.482	1.02089
0.483	1.02142
0.484	1.02195
0.485	1.02248
0.486	1.02301
0.487	1.02353
0.488	1.02405
0.489	1.02456
0.49	1.02508
0.491	1.02558
0.492	1.02609
0.493	1.02659
0.494	1.0271
0.495	1.02759
0.496	1.02809
0.497	1.02858
0.498	1.02907
0.499	1.02955
0.5	1.03003
0.501	1.03051
0.502	1.03099
0.503	1.03146
0.504	1.03193
0.505	1.03239
0.506	1.03286
0.507	1.03332
0.508	1.03377
0.509	1.03423
0.51	1.03468
0.511	1.03512
0.512	1.03557
0.513	1.03601
0.514	1.03645
0.515	1.03688
0.516	1.03731
0.517	1.03774
0.518	1.03817
0.519	1.03859
0.52	1.03901
0.521	1.03943
0.522	1.03984
0.523	1.04025
0.524	1.04065
0.525	1.04106
0.526	1.04146
0.527	1.04186
0.528	1.04225
0.529	1.04264
0.53	1.04303
0.531	1.04341
0.532	1.0438
0.533	1.04417
0.534	1.04455
0.535	1.04492
0.536	1.04529
0.537	1.04566
0.538	1.04602
0.539	1.04638
0.54	1.04674
0.541	1.04709
0.542	1.04744
0.543	1.04779
0.544	1.04813
0.545	1.04848
0.546	1.04881
0.547	1.04915
0.548	1.04948
0.549	1.04981
0.55	1.05013
0.551	1.05046
0.552	1.05078
0.553	1.05109
0.554	1.05141
0.555	1.05172
0.556	1.05202
0.557	1.05233
0.558	1.05263
0.559	1.05293
0.56	1.05322
0.561	1.05351
0.562	1.0538
0.563	1.05408
0.564	1.05437
0.565	1.05465
0.566	1.05492
0.567	1.05519
0.568	1.05546
0.569	1.05573
0.57	1.05599
0.571	1.05625
0.572	1.05651
0.573	1.05676
0.574	1.05701
0.575	1.05726
0.576	1.05751
0.577	1.05775
0.578	1.05799
0.579	1.05822
0.58	1.05845
0.581	1.05868
0.582	1.05891
0.583	1.05913
0.584	1.05935
0.585	1.05957
0.586	1.05978
0.587	1.05999
0.588	1.0602
0.589	1.0604
0.59	1.0606
0.591	1.0608
0.592	1.06099
0.593	1.06119
0.594	1.06137
0.595	1.06156
0.596	1.06174
0.597	1.06192
0.598	1.0621
0.599	1.06227
0.6	1.06244
0.601	1.06261
0.602	1.06277
0.603	1.06293
0.604	1.06309
0.605	1.06324
0.606	1.06339
0.607	1.06354
0.608	1.06368
0.609	1.06383
0.61	1.06396
0.611	1.0641
0.612	1.06423
0.613	1.06436
0.614	1.06449
0.615	1.06461
0.616	1.06473
0.617	1.06485
0.618	1.06496
0.619	1.06507
0.62	1.06518
0.621	1.06528
0.622	1.06538
0.623	1.06548
0.624	1.06557
0.625	1.06567
0.626	1.06575
0.627	1.06584
0.628	1.06592
0.629	1.066
0.63	1.06608
0.631	1.06615
0.632	1.06622
0.633	1.06629
0.634	1.06635
0.635	1.06641
0.636	1.06647
0.637	1.06652
0.638	1.06657
0.639	1.06662
0.64	1.06667
0.641	1.06671
0.642	1.06675
0.643	1.06678
0.644	1.06681
0.645	1.06684
0.646	1.06687
0.647	1.06689
0.648	1.06691
0.649	1.06693
0.65	1.06694
0.651	1.06695
0.652	1.06696
0.653	1.06697
0.654	1.06697
0.655	1.06697
0.656	1.06696
0.657	1.06695
0.658	1.06694
0.659	1.06693
0.66	1.06691
0.661	1.06689
0.662	1.06686
0.663	1.06684
0.664	1.06681
0.665	1.06677
0.666	1.06674
0.667	1.0667
0.668	1.06666
0.669	1.06661
0.67	1.06656
0.671	1.06651
0.672	1.06645
0.673	1.0664
0.674	1.06634
0.675	1.06627
0.676	1.0662
0.677	1.06613
0.678	1.06606
0.679	1.06598
0.68	1.0659
0.681	1.06582
0.682	1.06573
0.683	1.06564
0.684	1.06555
0.685	1.06546
0.686	1.06536
0.687	1.06526
0.688	1.06515
0.689	1.06504
0.69	1.06493
0.691	1.06482
0.692	1.0647
0.693	1.06458
0.694	1.06446
0.695	1.06433
0.696	1.0642
0.697	1.06407
0.698	1.06393
0.699	1.06379
0.7	1.06365
0.701	1.0635
0.702	1.06336
0.703	1.0632
0.704	1.06305
0.705	1.06289
0.706	1.06273
0.707	1.06257
0.708	1.0624
0.709	1.06223
0.71	1.06205
0.711	1.06188
0.712	1.0617
0.713	1.06152
0.714	1.06133
0.715	1.06114
0.716	1.06095
0.717	1.06075
0.718	1.06055
0.719	1.06035
0.72	1.06015
0.721	1.05994
0.722	1.05973
0.723	1.05951
0.724	1.0593
0.725	1.05908
0.726	1.05885
0.727	1.05863
0.728	1.0584
0.729	1.05816
0.73	1.05793
0.731	1.05769
0.732	1.05745
0.733	1.0572
0.734	1.05695
0.735	1.0567
0.736	1.05645
0.737	1.05619
0.738	1.05593
0.739	1.05567
0.74	1.0554
0.741	1.05513
0.742	1.05485
0.743	1.05458
0.744	1.0543
0.745	1.05402
0.746	1.05373
0.747	1.05344
0.748	1.05315
0.749	1.05285
0.75	1.05256
0.751	1.05225
0.752	1.05195
0.753	1.05164
0.754	1.05133
0.755	1.05102
0.756	1.0507
0.757	1.05038
0.758	1.05006
0.759	1.04973
0.76	1.0494
0.761	1.04907
0.762	1.04873
0.763	1.04839
0.764	1.04805
0.765	1.04771
0.766	1.04736
0.767	1.04701
0.768	1.04665
0.769	1.0463
0.77	1.04593
0.771	1.04557
0.772	1.0452
0.773	1.04483
0.774	1.04446
0.775	1.04408
0.776	1.0437
0.777	1.04332
0.778	1.04294
0.779	1.04255
0.78	1.04216
0.781	1.04176
0.782	1.04136
0.783	1.04096
0.784	1.04056
0.785	1.04015
0.786	1.03974
0.787	1.03933
0.788	1.03891
0.789	1.03849
0.79	1.03807
0.791	1.03764
0.792	1.03721
0.793	1.03678
0.794	1.03634
0.795	1.0359
0.796	1.03546
0.797	1.03502
0.798	1.03457
0.799	1.03412
0.8	1.03366
0.801	1.03321
0.802	1.03274
0.803	1.03228
0.804	1.03181
0.805	1.03134
0.806	1.03087
0.807	1.0304
0.808	1.02992
0.809	1.02943
0.81	1.02895
0.811	1.02846
0.812	1.02797
0.813	1.02747
0.814	1.02698
0.815	1.02647
0.816	1.02597
0.817	1.02546
0.818	1.02495
0.819	1.02444
0.82	1.02392
0.821	1.0234
0.822	1.02288
0.823	1.02235
0.824	1.02182
0.825	1.02129
0.826	1.02076
0.827	1.02022
0.828	1.01968
0.829	1.01913
0.83	1.01858
0.831	1.01803
0.832	1.01748
0.833	1.01692
0.834	1.01636
0.835	1.0158
0.836	1.01523
0.837	1.01466
0.838	1.01409
0.839	1.01351
0.84	1.01293
0.841	1.01235
0.842	1.01177
0.843	1.01118
0.844	1.01059
0.845	1.00999
0.846	1.00939
0.847	1.00879
0.848	1.00819
0.849	1.00758
0.85	1.00697
0.851	1.00636
0.852	1.00574
0.853	1.00512
0.854	1.0045
0.855	1.00387
0.856	1.00324
0.857	1.00261
0.858	1.00198
0.859	1.00134
0.86	1.0007
0.861	1.00005
0.862	0.999404
0.863	0.998753
0.864	0.9981
0.865	0.997442
0.866	0.996782
0.867	0.996119
0.868	0.995453
0.869	0.994783
0.87	0.99411
0.871	0.993435
0.872	0.992756
0.873	0.992074
0.874	0.991388
0.875	0.9907
0.876	0.990009
0.877	0.989314
0.878	0.988617
0.879	0.987916
0.88	0.987212
0.881	0.986505
0.882	0.985795
0.883	0.985082
0.884	0.984365
0.885	0.983646
0.886	0.982923
0.887	0.982198
0.888	0.981469
0.889	0.980737
0.89	0.980002
0.891	0.979264
0.892	0.978522
0.893	0.977778
0.894	0.97703
0.895	0.97628
0.896	0.975526
0.897	0.974769
0.898	0.974009
0.899	0.973246
0.9	0.97248
0.901	0.97171
0.902	0.970938
0.903	0.970162
0.904	0.969384
0.905	0.968602
0.906	0.967817
0.907	0.967029
0.908	0.966237
0.909	0.965443
0.91	0.964646
0.911	0.963845
0.912	0.963041
0.913	0.962235
0.914	0.961425
0.915	0.960612
0.916	0.959795
0.917	0.958976
0.918	0.958154
0.919	0.957328
0.92	0.956499
0.921	0.955668
0.922	0.954833
0.923	0.953995
0.924	0.953154
0.925	0.952309
0.926	0.951462
0.927	0.950612
0.928	0.949758
0.929	0.948901
0.93	0.948041
0.931	0.947178
0.932	0.946312
0.933	0.945443
0.934	0.944571
0.935	0.943695
0.936	0.942817
0.937	0.941935
0.938	0.94105
0.939	0.940162
0.94	0.939271
0.941	0.938377
0.942	0.93748
0.943	0.93658
0.944	0.935676
0.945	0.934769
0.946	0.93386
0.947	0.932947
0.948	0.932031
0.949	0.931112
0.95	0.930189
0.951	0.929264
0.952	0.928336
0.953	0.927404
0.954	0.926469
0.955	0.925531
0.956	0.92459
0.957	0.923646
0.958	0.922699
0.959	0.921749
0.96	0.920795
0.961	0.919839
0.962	0.918879
0.963	0.917916
0.964	0.91695
0.965	0.915981
0.966	0.915009
0.967	0.914034
0.968	0.913056
0.969	0.912074
0.97	0.911089
0.971	0.910102
0.972	0.909111
0.973	0.908117
0.974	0.90712
0.975	0.90612
0.976	0.905116
0.977	0.90411
0.978	0.9031
0.979	0.902087
0.98	0.901072
0.981	0.900053
0.982	0.899031
0.983	0.898005
0.984	0.896977
0.985	0.895946
0.986	0.894911
0.987	0.893873
0.988	0.892833
0.989	0.891789
0.99	0.890742
0.991	0.889692
0.992	0.888638
0.993	0.887582
0.994	0.886522
0.995	0.88546
0.996	0.884394
0.997	0.883325
0.998	0.882253
0.999	0.881178
