# Interpolation data for function: (exp(-10*x)-1)/(exp(-10)-1)
0	0.00289829
0.001	0.0125931
0.002	0.0222002
0.003	0.0317203
0.004	0.0411539
0.005	0.0505018
0.006	0.0597646
0.007	0.0689429
0.008	0.0780375
0.009	0.0870489
0.01	0.0959779
0.011	0.104825
0.012	0.113591
0.013	0.122276
0.014	0.130882
0.015	0.139408
0.016	0.147855
0.017	0.156224
0.018	0.164516
0.019	0.172731
0.02	0.18087
0.021	0.188933
0.022	0.196921
0.023	0.204834
0.024	0.212674
0.025	0.22044
0.026	0.228134
0.027	0.235756
0.028	0.243306
0.029	0.250785
0.03	0.258194
0.031	0.265533
0.032	0.272803
0.033	0.280005
0.034	0.287138
0.035	0.294204
0.036	0.301202
0.037	0.308134
0.038	0.315001
0.039	0.321802
0.04	0.328538
0.041	0.33521
0.042	0.341818
0.043	0.348364
0.044	0.354846
0.045	0.361266
0.046	0.367625
0.047	0.373923
0.048	0.38016
0.049	0.386336
0.05	0.392454
0.051	0.398512
0.052	0.404512
0.053	0.410454
0.054	0.416338
0.055	0.422165
0.056	0.427935
0.057	0.43365
0.058	0.439308
0.059	0.444912
0.06	0.450461
0.061	0.455956
0.062	0.461397
0.063	0.466785
0.064	0.47212
0.065	0.477403
0.066	0.482634
0.067	0.487813
0.068	0.492942
0.069	0.49802
0.07	0.503048
0.071	0.508026
0.072	0.512955
0.073	0.517836
0.074	0.522668
0.075	0.527453
0.076	0.53219
0.077	0.53688
0.078	0.541523
0.079	0.54612
0.08	0.550672
0.081	0.555178
0.082	0.559639
0.083	0.564056
0.084	0.568429
0.085	0.572758
0.086	0.577043
0.087	0.581286
0.088	0.585486
0.089	0.589645
0.09	0.593761
0.091	0.597836
0.092	0.60187
0.093	0.605864
0.094	0.609817
0.095	0.613731
0.096	0.617605
0.097	0.62144
0.098	0.625237
0.099	0.628995
0.1	0.632715
0.101	0.636397
0.102	0.640043
0.103	0.643651
0.104	0.647223
0.105	0.650758
0.106	0.654258
0.107	0.657722
0.108	0.661152
0.109	0.664546
0.11	0.667906
0.111	0.671231
0.112	0.674523
0.113	0.677781
0.114	0.681006
0.115	0.684199
0.116	0.687358
0.117	0.690486
0.118	0.693581
0.119	0.696646
0.12	0.699678
0.121	0.70268
0.122	0.705651
0.123	0.708592
0.124	0.711503
0.125	0.714384
0.126	0.717236
0.127	0.720058
0.128	0.722852
0.129	0.725617
0.13	0.728353
0.131	0.731062
0.132	0.733743
0.133	0.736397
0.134	0.739023
0.135	0.741623
0.136	0.744196
0.137	0.746742
0.138	0.749263
0.139	0.751758
0.14	0.754227
0.141	0.756671
0.142	0.75909
0.143	0.761484
0.144	0.763853
0.145	0.766199
0.146	0.76852
0.147	0.770818
0.148	0.773092
0.149	0.775343
0.15	0.777571
0.151	0.779776
0.152	0.781958
0.153	0.784118
0.154	0.786257
0.155	0.788373
0.156	0.790468
0.157	0.792541
0.158	0.794593
0.159	0.796625
0.16	0.798635
0.161	0.800625
0.162	0.802595
0.163	0.804545
0.164	0.806475
0.165	0.808385
0.166	0.810276
0.167	0.812148
0.168	0.814
0.169	0.815834
0.17	0.817649
0.171	0.819446
0.172	0.821225
0.173	0.822985
0.174	0.824728
0.175	0.826454
0.176	0.828161
0.177	0.829852
0.178	0.831525
0.179	0.833182
0.18	0.834822
0.181	0.836445
0.182	0.838052
0.183	0.839643
0.184	0.841218
0.185	0.842778
0.186	0.844321
0.187	0.845849
0.188	0.847362
0.189	0.84886
0.19	0.850342
0.191	0.85181
0.192	0.853264
0.193	0.854703
0.194	0.856127
0.195	0.857537
0.196	0.858934
0.197	0.860316
0.198	0.861685
0.199	0.863041
0.2	0.864382
0.201	0.865711
0.202	0.867027
0.203	0.868329
0.204	0.869619
0.205	0.870896
0.206	0.872161
0.207	0.873413
0.208	0.874653
0.209	0.87588
0.21	0.877096
0.211	0.8783
0.212	0.879492
0.213	0.880673
0.214	0.881842
0.215	0.882999
0.216	0.884146
0.217	0.885281
0.218	0.886406
0.219	0.887519
0.22	0.888622
0.221	0.889714
0.222	0.890796
0.223	0.891867
0.224	0.892928
0.225	0.893978
0.226	0.895019
0.227	0.89605
0.228	0.897071
0.229	0.898082
0.23	0.899083
0.231	0.900075
0.232	0.901057
0.233	0.902031
0.234	0.902994
0.235	0.903949
0.236	0.904895
0.237	0.905832
0.238	0.906759
0.239	0.907679
0.24	0.908589
0.241	0.909491
0.242	0.910384
0.243	0.911269
0.244	0.912146
0.245	0.913014
0.246	0.913875
0.247	0.914727
0.248	0.915571
0.249	0.916407
0.25	0.917236
0.251	0.918057
0.252	0.91887
0.253	0.919676
0.254	0.920474
0.255	0.921264
0.256	0.922048
0.257	0.922824
0.258	0.923593
0.259	0.924354
0.26	0.925109
0.261	0.925856
0.262	0.926597
0.263	0.927331
0.264	0.928058
0.265	0.928778
0.266	0.929492
0.267	0.930199
0.268	0.930899
0.269	0.931593
0.27	0.932281
0.271	0.932962
0.272	0.933637
0.273	0.934306
0.274	0.934968
0.275	0.935625
0.276	0.936275
0.277	0.936919
0.278	0.937558
0.279	0.93819
0.28	0.938817
0.281	0.939437
0.282	0.940052
0.283	0.940662
0.284	0.941265
0.285	0.941863
0.286	0.942456
0.287	0.943042
0.288	0.943624
0.289	0.9442
0.29	0.944771
0.291	0.945336
0.292	0.945896
0.293	0.946451
0.294	0.947
0.295	0.947545
0.296	0.948084
0.297	0.948618
0.298	0.949147
0.299	0.949671
0.3	0.950191
0.301	0.950705
0.302	0.951214
0.303	0.951719
0.304	0.952218
0.305	0.952713
0.306	0.953203
0.307	0.953689
0.308	0.954169
0.309	0.954646
0.31	0.955117
0.311	0.955584
0.312	0.956046
0.313	0.956504
0.314	0.956958
0.315	0.957406
0.316	0.957851
0.317	0.958291
0.318	0.958727
0.319	0.959158
0.32	0.959585
0.321	0.960008
0.322	0.960427
0.323	0.960841
0.324	0.961251
0.325	0.961657
0.326	0.962059
0.327	0.962457
0.328	0.962851
0.329	0.96324
0.33	0.963626
0.331	0.964007
0.332	0.964385
0.333	0.964759
0.334	0.965128
0.335	0.965494
0.336	0.965856
0.337	0.966214
0.338	0.966569
0.339	0.966919
0.34	0.967266
0.341	0.967609
0.342	0.967948
0.343	0.968283
0.344	0.968615
0.345	0.968943
0.346	0.969267
0.347	0.969588
0.348	0.969905
0.349	0.970219
0.35	0.970529
0.351	0.970835
0.352	0.971138
0.353	0.971438
0.354	0.971734
0.355	0.972027
0.356	0.972316
0.357	0.972602
0.358	0.972884
0.359	0.973163
0.36	0.973439
0.361	0.973711
0.362	0.97398
0.363	0.974246
0.364	0.974509
0.365	0.974768
0.366	0.975024
0.367	0.975277
0.368	0.975527
0.369	0.975774
0.37	0.976018
0.371	0.976258
0.372	0.976496
0.373	0.97673
0.374	0.976962
0.375	0.97719
0.376	0.977416
0.377	0.977638
0.378	0.977858
0.379	0.978075
0.38	0.978289
0.381	0.9785
0.382	0.978708
0.383	0.978914
0.384	0.979116
0.385	0.979316
0.386	0.979514
0.387	0.979708
0.388	0.9799
0.389	0.98009
0.39	0.980277
0.391	0.980461
0.392	0.980643
0.393	0.980822
0.394	0.980998
0.395	0.981173
0.396	0.981345
0.397	0.981514
0.398	0.981681
0.399	0.981846
0.4	0.982009
0.401	0.982169
0.402	0.982327
0.403	0.982483
0.404	0.982637
0.405	0.982788
0.406	0.982938
0.407	0.983086
0.408	0.983231
0.409	0.983375
0.41	0.983516
0.411	0.983656
0.412	0.983794
0.413	0.98393
0.414	0.984064
0.415	0.984197
0.416	0.984328
0.417	0.984457
0.418	0.984585
0.419	0.984711
0.42	0.984835
0.421	0.984958
0.422	0.98508
0.423	0.9852
0.424	0.985319
0.425	0.985437
0.426	0.985553
0.427	0.985668
0.428	0.985782
0.429	0.985895
0.43	0.986007
0.431	0.986118
0.432	0.986228
0.433	0.986337
0.434	0.986445
0.435	0.986553
0.436	0.986659
0.437	0.986765
0.438	0.986871
0.439	0.986976
0.44	0.98708
0.441	0.987184
0.442	0.987288
0.443	0.987391
0.444	0.987494
0.445	0.987597
0.446	0.9877
0.447	0.987803
0.448	0.987906
0.449	0.988009
0.45	0.988112
0.451	0.988215
0.452	0.988318
0.453	0.988422
0.454	0.988527
0.455	0.988632
0.456	0.988737
0.457	0.988843
0.458	0.98895
0.459	0.989058
0.46	0.989166
0.461	0.989276
0.462	0.989386
0.463	0.989498
0.464	0.989611
0.465	0.989725
0.466	0.989841
0.467	0.989958
0.468	0.990077
0.469	0.990197
0.47	0.990319
0.471	0.990443
0.472	0.990569
0.473	0.990697
0.474	0.990827
0.475	0.990959
0.476	0.991094
0.477	0.991231
0.478	0.99137
0.479	0.991513
0.48	0.991657
0.481	0.991805
0.482	0.991956
0.483	0.992109
0.484	0.992266
0.485	0.992426
0.486	0.992589
0.487	0.992756
0.488	0.992927
0.489	0.993101
0.49	0.993279
0.491	0.99346
0.492	0.993646
0.493	0.993836
0.494	0.994031
0.495	0.99423
0.496	0.994433
0.497	0.994641
0.498	0.994854
0.499	0.995072
0.5	0.998707
0.501	0.998707
0.502	0.998707
0.503	0.998707
0.504	0.998707
0.505	0.998707
0.506	0.998707
0.507	0.998707
0.508	0.998707
0.509	0.998707
0.51	0.998707
0.511	0.998707
0.512	0.998707
0.513	0.998707
0.514	0.998707
0.515	0.998707
0.516	0.998707
0.517	0.998707
0.518	0.998707
0.519	0.998707
0.52	0.998707
0.521	0.998707
0.522	0.998707
0.523	0.998707
0.524	0.998707
0.525	0.998707
0.526	0.998707
0.527	0.998707
0.528	0.998707
0.529	0.998707
0.53	0.998707
0.531	0.998707
0.532	0.998707
0.533	0.998707
0.534	0.998707
0.535	0.998707
0.536	0.998707
0.537	0.998707
0.538	0.998707
0.539	0.998707
0.54	0.998707
0.541	0.998707
0.542	0.998707
0.543	0.998707
0.544	0.998707
0.545	0.998707
0.546	0.998707
0.547	0.998707
0.548	0.998707
0.549	0.998707
0.55	0.998707
0.551	0.998707
0.552	0.998707
0.553	0.998707
0.554	0.998707
0.555	0.998707
0.556	0.998707
0.557	0.998707
0.558	0.998707
0.559	0.998707
0.56	0.998707
0.561	0.998707
0.562	0.998707
0.563	0.998707
0.564	0.998707
0.565	0.998707
0.566	0.998707
0.567	0.998707
0.568	0.998707
0.569	0.998707
0.57	0.998707
0.571	0.998707
0.572	0.998707
0.573	0.998707
0.574	0.998707
0.575	0.998707
0.576	0.998707
0.577	0.998707
0.578	0.998707
0.579	0.998707
0.58	0.998707
0.581	0.998707
0.582	0.998707
0.583	0.998707
0.584	0.998707
0.585	0.998707
0.586	0.998707
0.587	0.998707
0.588	0.998707
0.589	0.998707
0.59	0.998707
0.591	0.998707
0.592	0.998707
0.593	0.998707
0.594	0.998707
0.595	0.998707
0.596	0.998707
0.597	0.998707
0.598	0.998707
0.599	0.998707
0.6	0.998707
0.601	0.998707
0.602	0.998707
0.603	0.998707
0.604	0.998707
0.605	0.998707
0.606	0.998707
0.607	0.998707
0.608	0.998707
0.609	0.998707
0.61	0.998707
0.611	0.998707
0.612	0.998707
0.613	0.998707
0.614	0.998707
0.615	0.998707
0.616	0.998707
0.617	0.998707
0.618	0.998707
0.619	0.998707
0.62	0.998707
0.621	0.998707
0.622	0.998707
0.623	0.998707
0.624	0.998707
0.625	0.998707
0.626	0.998707
0.627	0.998707
0.628	0.998707
0.629	0.998707
0.63	0.998707
0.631	0.998707
0.632	0.998707
0.633	0.998707
0.634	0.998707
0.635	0.998707
0.636	0.998707
0.637	0.998707
0.638	0.998707
0.639	0.998707
0.64	0.998707
0.641	0.998707
0.642	0.998707
0.643	0.998707
0.644	0.998707
0.645	0.998707
0.646	0.998707
0.647	0.998707
0.648	0.998707
0.649	0.998707
0.65	0.998707
0.651	0.998707
0.652	0.998707
0.653	0.998707
0.654	0.998707
0.655	0.998707
0.656	0.998707
0.657	0.998707
0.658	0.998707
0.659	0.998707
0.66	0.998707
0.661	0.998707
0.662	0.998707
0.663	0.998707
0.664	0.998707
0.665	0.998707
0.666	0.998707
0.667	0.998707
0.668	0.998707
0.669	0.998707
0.67	0.998707
0.671	0.998707
0.672	0.998707
0.673	0.998707
0.674	0.998707
0.675	0.998707
0.676	0.998707
0.677	0.998707
0.678	0.998707
0.679	0.998707
0.68	0.998707
0.681	0.998707
0.682	0.998707
0.683	0.998707
0.684	0.998707
0.685	0.998707
0.686	0.998707
0.687	0.998707
0.688	0.998707
0.689	0.998707
0.69	0.998707
0.691	0.998707
0.692	0.998707
0.693	0.998707
0.694	0.998707
0.695	0.998707
0.696	0.998707
0.697	0.998707
0.698	0.998707
0.699	0.998707
0.7	0.998707
0.701	0.998707
0.702	0.998707
0.703	0.998707
0.704	0.998707
0.705	0.998707
0.706	0.998707
0.707	0.998707
0.708	0.998707
0.709	0.998707
0.71	0.998707
0.711	0.998707
0.712	0.998707
0.713	0.998707
0.714	0.998707
0.715	0.998707
0.716	0.998707
0.717	0.998707
0.718	0.998707
0.719	0.998707
0.72	0.998707
0.721	0.998707
0.722	0.998707
0.723	0.998707
0.724	0.998707
0.725	0.998707
0.726	0.998707
0.727	0.998707
0.728	0.998707
0.729	0.998707
0.73	0.998707
0.731	0.998707
0.732	0.998707
0.733	0.998707
0.734	0.998707
0.735	0.998707
0.736	0.998707
0.737	0.998707
0.738	0.998707
0.739	0.998707
0.74	0.998707
0.741	0.998707
0.742	0.998707
0.743	0.998707
0.744	0.998707
0.745	0.998707
0.746	0.998707
0.747	0.998707
0.748	0.998707
0.749	0.998707
0.75	0.998707
0.751	0.998707
0.752	0.998707
0.753	0.998707
0.754	0.998707
0.755	0.998707
0.756	0.998707
0.757	0.998707
0.758	0.998707
0.759	0.998707
0.76	0.998707
0.761	0.998707
0.762	0.998707
0.763	0.998707
0.764	0.998707
0.765	0.998707
0.766	0.998707
0.767	0.998707
0.768	0.998707
0.769	0.998707
0.77	0.998707
0.771	0.998707
0.772	0.998707
0.773	0.998707
0.774	0.998707
0.775	0.998707
0.776	0.998707
0.777	0.998707
0.778	0.998707
0.779	0.998707
0.78	0.998707
0.781	0.998707
0.782	0.998707
0.783	0.998707
0.784	0.998707
0.785	0.998707
0.786	0.998707
0.787	0.998707
0.788	0.998707
0.789	0.998707
0.79	0.998707
0.791	0.998707
0.792	0.998707
0.793	0.998707
0.794	0.998707
0.795	0.998707
0.796	0.998707
0.797	0.998707
0.798	0.998707
0.799	0.998707
0.8	0.998707
0.801	0.998707
0.802	0.998707
0.803	0.998707
0.804	0.998707
0.805	0.998707
0.806	0.998707
0.807	0.998707
0.808	0.998707
0.809	0.998707
0.81	0.998707
0.811	0.998707
0.812	0.998707
0.813	0.998707
0.814	0.998707
0.815	0.998707
0.816	0.998707
0.817	0.998707
0.818	0.998707
0.819	0.998707
0.82	0.998707
0.821	0.998707
0.822	0.998707
0.823	0.998707
0.824	0.998707
0.825	0.998707
0.826	0.998707
0.827	0.998707
0.828	0.998707
0.829	0.998707
0.83	0.998707
0.831	0.998707
0.832	0.998707
0.833	0.998707
0.834	0.998707
0.835	0.998707
0.836	0.998707
0.837	0.998707
0.838	0.998707
0.839	0.998707
0.84	0.998707
0.841	0.998707
0.842	0.998707
0.843	0.998707
0.844	0.998707
0.845	0.998707
0.846	0.998707
0.847	0.998707
0.848	0.998707
0.849	0.998707
0.85	0.998707
0.851	0.998707
0.852	0.998707
0.853	0.998707
0.854	0.998707
0.855	0.998707
0.856	0.998707
0.857	0.998707
0.858	0.998707
0.859	0.998707
0.86	0.998707
0.861	0.998707
0.862	0.998707
0.863	0.998707
0.864	0.998707
0.865	0.998707
0.866	0.998707
0.867	0.998707
0.868	0.998707
0.869	0.998707
0.87	0.998707
0.871	0.998707
0.872	0.998707
0.873	0.998707
0.874	0.998707
0.875	0.998707
0.876	0.998707
0.877	0.998707
0.878	0.998707
0.879	0.998707
0.88	0.998707
0.881	0.998707
0.882	0.998707
0.883	0.998707
0.884	0.998707
0.885	0.998707
0.886	0.998707
0.887	0.998707
0.888	0.998707
0.889	0.998707
0.89	0.998707
0.891	0.998707
0.892	0.998707
0.893	0.998707
0.894	0.998707
0.895	0.998707
0.896	0.998707
0.897	0.998707
0.898	0.998707
0.899	0.998707
0.9	0.998707
0.901	0.998707
0.902	0.998707
0.903	0.998707
0.904	0.998707
0.905	0.998707
0.906	0.998707
0.907	0.998707
0.908	0.998707
0.909	0.998707
0.91	0.998707
0.911	0.998707
0.912	0.998707
0.913	0.998707
0.914	0.998707
0.915	0.998707
0.916	0.998707
0.917	0.998707
0.918	0.998707
0.919	0.998707
0.92	0.998707
0.921	0.998707
0.922	0.998707
0.923	0.998707
0.924	0.998707
0.925	0.998707
0.926	0.998707
0.927	0.998707
0.928	0.998707
0.929	0.998707
0.93	0.998707
0.931	0.998707
0.932	0.998707
0.933	0.998707
0.934	0.998707
0.935	0.998707
0.936	0.998707
0.937	0.998707
0.938	0.998707
0.939	0.998707
0.94	0.998707
0.941	0.998707
0.942	0.998707
0.943	0.998707
0.944	0.998707
0.945	0.998707
0.946	0.998707
0.947	0.998707
0.948	0.998707
0.949	0.998707
0.95	0.998707
0.951	0.998707
0.952	0.998707
0.953	0.998707
0.954	0.998707
0.955	0.998707
0.956	0.998707
0.957	0.998707
0.958	0.998707
0.959	0.998707
0.96	0.998707
0.961	0.998707
0.962	0.998707
0.963	0.998707
0.964	0.998707
0.965	0.998707
0.966	0.998707
0.967	0.998707
0.968	0.998707
0.969	0.998707
0.97	0.998707
0.971	0.998707
0.972	0.998707
0.973	0.998707
0.974	0.998707
0.975	0.998707
0.976	0.998707
0.977	0.998707
0.978	0.998707
0.979	0.998707
0.98	0.998707
0.981	0.998707
0.982	0.998707
0.983	0.998707
0.984	0.998707
0.985	0.998707
0.986	0.998707
0.987	0.998707
0.988	0.998707
0.989	0.998707
0.99	0.998707
0.991	0.998707
0.992	0.998707
0.993	0.998707
0.994	0.998707
0.995	0.998707
0.996	0.998707
0.997	0.998707
0.998	0.998707
0.999	0.998707
