# Interpolation data for function: (exp(-10*x)-1)/(exp(-10)-1)
0	0.000903005
0.001	0.0107686
0.002	0.0205393
0.003	0.0302159
0.004	0.0397992
0.005	0.0492901
0.006	0.0586895
0.007	0.0679981
0.008	0.0772169
0.009	0.0863465
0.01	0.0953878
0.011	0.104342
0.012	0.113209
0.013	0.12199
0.014	0.130686
0.015	0.139298
0.016	0.147827
0.017	0.156272
0.018	0.164636
0.019	0.172918
0.02	0.18112
0.021	0.189241
0.022	0.197284
0.023	0.205249
0.024	0.213136
0.025	0.220946
0.026	0.22868
0.027	0.236338
0.028	0.243921
0.029	0.251431
0.03	0.258867
0.031	0.266231
0.032	0.273522
0.033	0.280742
0.034	0.287891
0.035	0.29497
0.036	0.30198
0.037	0.308922
0.038	0.315795
0.039	0.3226
0.04	0.329339
0.041	0.336011
0.042	0.342618
0.043	0.34916
0.044	0.355638
0.045	0.362052
0.046	0.368403
0.047	0.374691
0.048	0.380917
0.049	0.387082
0.05	0.393186
0.051	0.39923
0.052	0.405214
0.053	0.411139
0.054	0.417006
0.055	0.422814
0.056	0.428566
0.057	0.43426
0.058	0.439898
0.059	0.44548
0.06	0.451007
0.061	0.456479
0.062	0.461897
0.063	0.467262
0.064	0.472573
0.065	0.477831
0.066	0.483038
0.067	0.488192
0.068	0.493296
0.069	0.498348
0.07	0.503351
0.071	0.508304
0.072	0.513208
0.073	0.518063
0.074	0.522869
0.075	0.527628
0.076	0.53234
0.077	0.537004
0.078	0.541622
0.079	0.546194
0.08	0.550721
0.081	0.555203
0.082	0.559639
0.083	0.564032
0.084	0.568381
0.085	0.572686
0.086	0.576949
0.087	0.581169
0.088	0.585346
0.089	0.589483
0.09	0.593577
0.091	0.597631
0.092	0.601645
0.093	0.605618
0.094	0.609552
0.095	0.613446
0.096	0.617302
0.097	0.621118
0.098	0.624897
0.099	0.628638
0.1	0.632341
0.101	0.636008
0.102	0.639638
0.103	0.643231
0.104	0.646788
0.105	0.65031
0.106	0.653797
0.107	0.657249
0.108	0.660666
0.109	0.664048
0.11	0.667397
0.111	0.670713
0.112	0.673995
0.113	0.677244
0.114	0.680461
0.115	0.683646
0.116	0.686798
0.117	0.689919
0.118	0.693009
0.119	0.696068
0.12	0.699096
0.121	0.702094
0.122	0.705061
0.123	0.707999
0.124	0.710908
0.125	0.713787
0.126	0.716638
0.127	0.719459
0.128	0.722253
0.129	0.725019
0.13	0.727756
0.131	0.730467
0.132	0.73315
0.133	0.735806
0.134	0.738436
0.135	0.741039
0.136	0.743616
0.137	0.746168
0.138	0.748693
0.139	0.751194
0.14	0.753669
0.141	0.75612
0.142	0.758545
0.143	0.760947
0.144	0.763325
0.145	0.765678
0.146	0.768009
0.147	0.770315
0.148	0.772599
0.149	0.77486
0.15	0.777098
0.151	0.779314
0.152	0.781507
0.153	0.783679
0.154	0.785828
0.155	0.787957
0.156	0.790064
0.157	0.792149
0.158	0.794214
0.159	0.796259
0.16	0.798282
0.161	0.800286
0.162	0.802269
0.163	0.804233
0.164	0.806177
0.165	0.808102
0.166	0.810007
0.167	0.811893
0.168	0.813761
0.169	0.815609
0.17	0.81744
0.171	0.819252
0.172	0.821046
0.173	0.822821
0.174	0.82458
0.175	0.82632
0.176	0.828044
0.177	0.82975
0.178	0.831439
0.179	0.833111
0.18	0.834766
0.181	0.836405
0.182	0.838028
0.183	0.839634
0.184	0.841225
0.185	0.842799
0.186	0.844358
0.187	0.845902
0.188	0.84743
0.189	0.848942
0.19	0.85044
0.191	0.851923
0.192	0.853391
0.193	0.854844
0.194	0.856283
0.195	0.857708
0.196	0.859118
0.197	0.860515
0.198	0.861897
0.199	0.863266
0.2	0.864621
0.201	0.865963
0.202	0.867292
0.203	0.868607
0.204	0.869909
0.205	0.871198
0.206	0.872475
0.207	0.873739
0.208	0.87499
0.209	0.876229
0.21	0.877456
0.211	0.87867
0.212	0.879872
0.213	0.881063
0.214	0.882242
0.215	0.883409
0.216	0.884564
0.217	0.885708
0.218	0.886841
0.219	0.887963
0.22	0.889073
0.221	0.890172
0.222	0.891261
0.223	0.892339
0.224	0.893406
0.225	0.894463
0.226	0.895509
0.227	0.896545
0.228	0.897571
0.229	0.898586
0.23	0.899592
0.231	0.900587
0.232	0.901573
0.233	0.902549
0.234	0.903516
0.235	0.904472
0.236	0.90542
0.237	0.906358
0.238	0.907287
0.239	0.908207
0.24	0.909118
0.241	0.910019
0.242	0.910912
0.243	0.911796
0.244	0.912672
0.245	0.913538
0.246	0.914397
0.247	0.915247
0.248	0.916088
0.249	0.916921
0.25	0.917746
0.251	0.918563
0.252	0.919372
0.253	0.920173
0.254	0.920966
0.255	0.921751
0.256	0.922529
0.257	0.923299
0.258	0.924061
0.259	0.924816
0.26	0.925564
0.261	0.926304
0.262	0.927037
0.263	0.927762
0.264	0.928481
0.265	0.929193
0.266	0.929897
0.267	0.930595
0.268	0.931286
0.269	0.93197
0.27	0.932647
0.271	0.933318
0.272	0.933982
0.273	0.934639
0.274	0.935291
0.275	0.935935
0.276	0.936574
0.277	0.937206
0.278	0.937832
0.279	0.938452
0.28	0.939066
0.281	0.939674
0.282	0.940275
0.283	0.940871
0.284	0.941462
0.285	0.942046
0.286	0.942624
0.287	0.943197
0.288	0.943765
0.289	0.944326
0.29	0.944883
0.291	0.945434
0.292	0.945979
0.293	0.946519
0.294	0.947054
0.295	0.947583
0.296	0.948108
0.297	0.948627
0.298	0.949141
0.299	0.94965
0.3	0.950154
0.301	0.950653
0.302	0.951147
0.303	0.951637
0.304	0.952121
0.305	0.952601
0.306	0.953076
0.307	0.953546
0.308	0.954012
0.309	0.954473
0.31	0.95493
0.311	0.955382
0.312	0.95583
0.313	0.956273
0.314	0.956712
0.315	0.957147
0.316	0.957577
0.317	0.958004
0.318	0.958426
0.319	0.958843
0.32	0.959257
0.321	0.959667
0.322	0.960072
0.323	0.960474
0.324	0.960871
0.325	0.961265
0.326	0.961655
0.327	0.962041
0.328	0.962423
0.329	0.962801
0.33	0.963176
0.331	0.963547
0.332	0.963914
0.333	0.964278
0.334	0.964638
0.335	0.964994
0.336	0.965347
0.337	0.965696
0.338	0.966042
0.339	0.966385
0.34	0.966724
0.341	0.96706
0.342	0.967392
0.343	0.967721
0.344	0.968047
0.345	0.968369
0.346	0.968689
0.347	0.969005
0.348	0.969318
0.349	0.969628
0.35	0.969935
0.351	0.970239
0.352	0.970539
0.353	0.970837
0.354	0.971132
0.355	0.971424
0.356	0.971712
0.357	0.971998
0.358	0.972281
0.359	0.972562
0.36	0.972839
0.361	0.973114
0.362	0.973386
0.363	0.973655
0.364	0.973921
0.365	0.974185
0.366	0.974446
0.367	0.974705
0.368	0.974961
0.369	0.975214
0.37	0.975465
0.371	0.975713
0.372	0.975959
0.373	0.976202
0.374	0.976443
0.375	0.976681
0.376	0.976917
0.377	0.977151
0.378	0.977382
0.379	0.97761
0.38	0.977837
0.381	0.978061
0.382	0.978283
0.383	0.978503
0.384	0.97872
0.385	0.978935
0.386	0.979148
0.387	0.979359
0.388	0.979568
0.389	0.979774
0.39	0.979979
0.391	0.980181
0.392	0.980381
0.393	0.980579
0.394	0.980775
0.395	0.98097
0.396	0.981162
0.397	0.981352
0.398	0.98154
0.399	0.981726
0.4	0.981911
0.401	0.982093
0.402	0.982274
0.403	0.982453
0.404	0.982629
0.405	0.982804
0.406	0.982978
0.407	0.983149
0.408	0.983319
0.409	0.983487
0.41	0.983653
0.411	0.983817
0.412	0.98398
0.413	0.984141
0.414	0.9843
0.415	0.984458
0.416	0.984614
0.417	0.984769
0.418	0.984921
0.419	0.985073
0.42	0.985222
0.421	0.98537
0.422	0.985517
0.423	0.985662
0.424	0.985806
0.425	0.985948
0.426	0.986088
0.427	0.986227
0.428	0.986365
0.429	0.986501
0.43	0.986636
0.431	0.986769
0.432	0.986901
0.433	0.987031
0.434	0.987161
0.435	0.987288
0.436	0.987415
0.437	0.98754
0.438	0.987664
0.439	0.987786
0.44	0.987908
0.441	0.988027
0.442	0.988146
0.443	0.988264
0.444	0.98838
0.445	0.988495
0.446	0.988609
0.447	0.988721
0.448	0.988833
0.449	0.988943
0.45	0.989052
0.451	0.98916
0.452	0.989266
0.453	0.989372
0.454	0.989477
0.455	0.98958
0.456	0.989682
0.457	0.989784
0.458	0.989884
0.459	0.989983
0.46	0.990081
0.461	0.990178
0.462	0.990274
0.463	0.990369
0.464	0.990463
0.465	0.990556
0.466	0.990648
0.467	0.990739
0.468	0.990829
0.469	0.990919
0.47	0.991007
0.471	0.991094
0.472	0.991181
0.473	0.991266
0.474	0.991351
0.475	0.991434
0.476	0.991517
0.477	0.991599
0.478	0.99168
0.479	0.991761
0.48	0.99184
0.481	0.991919
0.482	0.991997
0.483	0.992073
0.484	0.99215
0.485	0.992225
0.486	0.9923
0.487	0.992373
0.488	0.992447
0.489	0.992519
0.49	0.99259
0.491	0.992661
0.492	0.992731
0.493	0.992801
0.494	0.992869
0.495	0.992937
0.496	0.993005
0.497	0.993071
0.498	0.993137
0.499	0.993202
0.5	0.993267
0.501	0.993331
0.502	0.993394
0.503	0.993457
0.504	0.993519
0.505	0.99358
0.506	0.993641
0.507	0.993701
0.508	0.99376
0.509	0.993819
0.51	0.993878
0.511	0.993935
0.512	0.993992
0.513	0.994049
0.514	0.994105
0.515	0.994161
0.516	0.994216
0.517	0.99427
0.518	0.994324
0.519	0.994377
0.52	0.99443
0.521	0.994482
0.522	0.994534
0.523	0.994585
0.524	0.994636
0.525	0.994687
0.526	0.994736
0.527	0.994786
0.528	0.994835
0.529	0.994883
0.53	0.994931
0.531	0.994978
0.532	0.995025
0.533	0.995072
0.534	0.995118
0.535	0.995164
0.536	0.995209
0.537	0.995254
0.538	0.995299
0.539	0.995343
0.54	0.995386
0.541	0.99543
0.542	0.995473
0.543	0.995515
0.544	0.995557
0.545	0.995599
0.546	0.99564
0.547	0.995681
0.548	0.995722
0.549	0.995762
0.55	0.995802
0.551	0.995841
0.552	0.995881
0.553	0.995919
0.554	0.995958
0.555	0.995996
0.556	0.996034
0.557	0.996072
0.558	0.996109
0.559	0.996146
0.56	0.996182
0.561	0.996218
0.562	0.996254
0.563	0.99629
0.564	0.996325
0.565	0.99636
0.566	0.996395
0.567	0.99643
0.568	0.996464
0.569	0.996498
0.57	0.996531
0.571	0.996565
0.572	0.996598
0.573	0.996631
0.574	0.996663
0.575	0.996695
0.576	0.996727
0.577	0.996759
0.578	0.996791
0.579	0.996822
0.58	0.996853
0.581	0.996884
0.582	0.996914
0.583	0.996945
0.584	0.996975
0.585	0.997005
0.586	0.997034
0.587	0.997064
0.588	0.997093
0.589	0.997122
0.59	0.99715
0.591	0.997179
0.592	0.997207
0.593	0.997235
0.594	0.997263
0.595	0.997291
0.596	0.997318
0.597	0.997345
0.598	0.997372
0.599	0.997399
0.6	0.997426
0.601	0.997452
0.602	0.997479
0.603	0.997505
0.604	0.997531
0.605	0.997556
0.606	0.997582
0.607	0.997607
0.608	0.997632
0.609	0.997657
0.61	0.997682
0.611	0.997706
0.612	0.997731
0.613	0.997755
0.614	0.997779
0.615	0.997803
0.616	0.997827
0.617	0.99785
0.618	0.997874
0.619	0.997897
0.62	0.99792
0.621	0.997943
0.622	0.997965
0.623	0.997988
0.624	0.99801
0.625	0.998032
0.626	0.998054
0.627	0.998076
0.628	0.998098
0.629	0.99812
0.63	0.998141
0.631	0.998162
0.632	0.998183
0.633	0.998204
0.634	0.998225
0.635	0.998246
0.636	0.998266
0.637	0.998286
0.638	0.998307
0.639	0.998327
0.64	0.998347
0.641	0.998366
0.642	0.998386
0.643	0.998405
0.644	0.998424
0.645	0.998444
0.646	0.998463
0.647	0.998481
0.648	0.9985
0.649	0.998519
0.65	0.998537
0.651	0.998555
0.652	0.998573
0.653	0.998591
0.654	0.998609
0.655	0.998627
0.656	0.998644
0.657	0.998661
0.658	0.998679
0.659	0.998696
0.66	0.998713
0.661	0.998729
0.662	0.998746
0.663	0.998762
0.664	0.998779
0.665	0.998795
0.666	0.998811
0.667	0.998827
0.668	0.998843
0.669	0.998858
0.67	0.998874
0.671	0.998889
0.672	0.998904
0.673	0.998919
0.674	0.998934
0.675	0.998949
0.676	0.998963
0.677	0.998978
0.678	0.998992
0.679	0.999006
0.68	0.99902
0.681	0.999034
0.682	0.999048
0.683	0.999062
0.684	0.999075
0.685	0.999088
0.686	0.999102
0.687	0.999115
0.688	0.999127
0.689	0.99914
0.69	0.999153
0.691	0.999165
0.692	0.999177
0.693	0.999189
0.694	0.999201
0.695	0.999213
0.696	0.999225
0.697	0.999237
0.698	0.999248
0.699	0.999259
0.7	0.99927
0.701	0.999281
0.702	0.999292
0.703	0.999303
0.704	0.999313
0.705	0.999324
0.706	0.999334
0.707	0.999344
0.708	0.999354
0.709	0.999364
0.71	0.999373
0.711	0.999383
0.712	0.999392
0.713	0.999401
0.714	0.99941
0.715	0.999419
0.716	0.999428
0.717	0.999437
0.718	0.999445
0.719	0.999454
0.72	0.999462
0.721	0.99947
0.722	0.999478
0.723	0.999486
0.724	0.999493
0.725	0.999501
0.726	0.999508
0.727	0.999515
0.728	0.999522
0.729	0.999529
0.73	0.999536
0.731	0.999542
0.732	0.999549
0.733	0.999555
0.734	0.999561
0.735	0.999568
0.736	0.999573
0.737	0.999579
0.738	0.999585
0.739	0.99959
0.74	0.999596
0.741	0.999601
0.742	0.999606
0.743	0.999611
0.744	0.999616
0.745	0.999621
0.746	0.999625
0.747	0.99963
0.748	0.999634
0.749	0.999638
0.75	0.999642
0.751	0.999646
0.752	0.99965
0.753	0.999653
0.754	0.999657
0.755	0.99966
0.756	0.999664
0.757	0.999667
0.758	0.99967
0.759	0.999673
0.76	0.999676
0.761	0.999678
0.762	0.999681
0.763	0.999683
0.764	0.999686
0.765	0.999688
0.766	0.99969
0.767	0.999692
0.768	0.999694
0.769	0.999696
0.77	0.999698
0.771	0.999699
0.772	0.999701
0.773	0.999702
0.774	0.999703
0.775	0.999705
0.776	0.999706
0.777	0.999707
0.778	0.999708
0.779	0.999708
0.78	0.999709
0.781	0.99971
0.782	0.99971
0.783	0.999711
0.784	0.999711
0.785	0.999712
0.786	0.999712
0.787	0.999712
0.788	0.999712
0.789	0.999712
0.79	0.999712
0.791	0.999712
0.792	0.999712
0.793	0.999712
0.794	0.999711
0.795	0.999711
0.796	0.999711
0.797	0.99971
0.798	0.99971
0.799	0.999709
0.8	0.999708
0.801	0.999708
0.802	0.999707
0.803	0.999706
0.804	0.999705
0.805	0.999705
0.806	0.999704
0.807	0.999703
0.808	0.999702
0.809	0.999701
0.81	0.9997
0.811	0.999699
0.812	0.999698
0.813	0.999697
0.814	0.999696
0.815	0.999695
0.816	0.999694
0.817	0.999693
0.818	0.999692
0.819	0.999691
0.82	0.99969
0.821	0.999689
0.822	0.999688
0.823	0.999687
0.824	0.999686
0.825	0.999685
0.826	0.999684
0.827	0.999683
0.828	0.999682
0.829	0.999681
0.83	0.999681
0.831	0.99968
0.832	0.999679
0.833	0.999678
0.834	0.999678
0.835	0.999677
0.836	0.999676
0.837	0.999676
0.838	0.999675
0.839	0.999675
0.84	0.999674
0.841	0.999674
0.842	0.999674
0.843	0.999674
0.844	0.999673
0.845	0.999673
0.846	0.999673
0.847	0.999674
0.848	0.999674
0.849	0.999674
0.85	0.999674
0.851	0.999675
0.852	0.999675
0.853	0.999676
0.854	0.999677
0.855	0.999677
0.856	0.999678
0.857	0.999679
0.858	0.99968
0.859	0.999681
0.86	0.999683
0.861	0.999684
0.862	0.999686
0.863	0.999687
0.864	0.999689
0.865	0.999691
0.866	0.999693
0.867	0.999695
0.868	0.999697
0.869	0.999699
0.87	0.999702
0.871	0.999704
0.872	0.999707
0.873	0.99971
0.874	0.999713
0.875	0.999716
0.876	0.999719
0.877	0.999723
0.878	0.999726
0.879	0.99973
0.88	0.999733
0.881	0.999737
0.882	0.999741
0.883	0.999745
0.884	0.99975
0.885	0.999754
0.886	0.999759
0.887	0.999763
0.888	0.999768
0.889	0.999773
0.89	0.999778
0.891	0.999783
0.892	0.999788
0.893	0.999794
0.894	0.999799
0.895	0.999805
0.896	0.999811
0.897	0.999817
0.898	0.999823
0.899	0.999829
0.9	0.999835
0.901	0.999842
0.902	0.999848
0.903	0.999855
0.904	0.999861
0.905	0.999868
0.906	0.999875
0.907	0.999882
0.908	0.999889
0.909	0.999896
0.91	0.999904
0.911	0.999911
0.912	0.999918
0.913	0.999926
0.914	0.999933
0.915	0.999941
0.916	0.999949
0.917	0.999956
0.918	0.999964
0.919	0.999972
0.92	0.99998
0.921	0.999988
0.922	0.999995
0.923	1
0.924	1.00001
0.925	1.00002
0.926	1.00003
0.927	1.00003
0.928	1.00004
0.929	1.00005
0.93	1.00006
0.931	1.00007
0.932	1.00007
0.933	1.00008
0.934	1.00009
0.935	1.00009
0.936	1.0001
0.937	1.00011
0.938	1.00012
0.939	1.00012
0.94	1.00013
0.941	1.00014
0.942	1.00014
0.943	1.00015
0.944	1.00015
0.945	1.00016
0.946	1.00016
0.947	1.00017
0.948	1.00017
0.949	1.00018
0.95	1.00018
0.951	1.00019
0.952	1.00019
0.953	1.00019
0.954	1.0002
0.955	1.0002
0.956	1.0002
0.957	1.0002
0.958	1.0002
0.959	1.0002
0.96	1.0002
0.961	1.0002
0.962	1.0002
0.963	1.0002
0.964	1.0002
0.965	1.00019
0.966	1.00019
0.967	1.00018
0.968	1.00018
0.969	1.00017
0.97	1.00017
0.971	1.00016
0.972	1.00015
0.973	1.00014
0.974	1.00013
0.975	1.00012
0.976	1.00011
0.977	1.0001
0.978	1.00008
0.979	1.00007
0.98	1.00005
0.981	1.00004
0.982	1.00002
0.983	1
0.984	0.99998
0.985	0.999958
0.986	0.999935
0.987	0.999911
0.988	0.999885
0.989	0.999858
0.99	0.99983
0.991	0.9998
0.992	0.999768
0.993	0.999735
0.994	0.999701
0.995	0.999664
0.996	0.999626
0.997	0.999587
0.998	0.999545
0.999	0.999502
