# Interpolation data for function: (exp(-10*x)-1)/(exp(-10)-1)
0	4.92479e-05
0.001	0.00999329
0.002	0.0198388
0.003	0.0295867
0.004	0.0392379
0.005	0.0487934
0.006	0.0582542
0.007	0.0676212
0.008	0.0768952
0.009	0.0860773
0.01	0.0951683
0.011	0.104169
0.012	0.11308
0.013	0.121903
0.014	0.130639
0.015	0.139288
0.016	0.147851
0.017	0.156328
0.018	0.164722
0.019	0.173032
0.02	0.18126
0.021	0.189406
0.022	0.197472
0.023	0.205457
0.024	0.213362
0.025	0.22119
0.026	0.228939
0.027	0.236612
0.028	0.244208
0.029	0.251728
0.03	0.259174
0.031	0.266546
0.032	0.273845
0.033	0.281071
0.034	0.288226
0.035	0.295309
0.036	0.302322
0.037	0.309265
0.038	0.316139
0.039	0.322944
0.04	0.329682
0.041	0.336353
0.042	0.342958
0.043	0.349497
0.044	0.35597
0.045	0.36238
0.046	0.368726
0.047	0.375008
0.048	0.381228
0.049	0.387386
0.05	0.393483
0.051	0.39952
0.052	0.405496
0.053	0.411413
0.054	0.41727
0.055	0.42307
0.056	0.428812
0.057	0.434496
0.058	0.440125
0.059	0.445697
0.06	0.451213
0.061	0.456675
0.062	0.462083
0.063	0.467436
0.064	0.472736
0.065	0.477984
0.066	0.483179
0.067	0.488323
0.068	0.493415
0.069	0.498457
0.07	0.503448
0.071	0.50839
0.072	0.513283
0.073	0.518126
0.074	0.522922
0.075	0.52767
0.076	0.532371
0.077	0.537025
0.078	0.541632
0.079	0.546194
0.08	0.55071
0.081	0.555181
0.082	0.559608
0.083	0.563991
0.084	0.56833
0.085	0.572626
0.086	0.576879
0.087	0.581089
0.088	0.585258
0.089	0.589385
0.09	0.593472
0.091	0.597517
0.092	0.601522
0.093	0.605488
0.094	0.609414
0.095	0.613301
0.096	0.617149
0.097	0.620958
0.098	0.62473
0.099	0.628465
0.1	0.632162
0.101	0.635822
0.102	0.639446
0.103	0.643034
0.104	0.646586
0.105	0.650103
0.106	0.653585
0.107	0.657032
0.108	0.660444
0.109	0.663823
0.11	0.667168
0.111	0.67048
0.112	0.673759
0.113	0.677005
0.114	0.680219
0.115	0.683401
0.116	0.686552
0.117	0.68967
0.118	0.692758
0.119	0.695816
0.12	0.698842
0.121	0.701839
0.122	0.704806
0.123	0.707743
0.124	0.710651
0.125	0.71353
0.126	0.71638
0.127	0.719203
0.128	0.721997
0.129	0.724763
0.13	0.727501
0.131	0.730213
0.132	0.732897
0.133	0.735555
0.134	0.738186
0.135	0.740791
0.136	0.743371
0.137	0.745924
0.138	0.748452
0.139	0.750955
0.14	0.753433
0.141	0.755887
0.142	0.758316
0.143	0.76072
0.144	0.763101
0.145	0.765458
0.146	0.767792
0.147	0.770103
0.148	0.77239
0.149	0.774655
0.15	0.776897
0.151	0.779117
0.152	0.781315
0.153	0.783491
0.154	0.785646
0.155	0.787779
0.156	0.78989
0.157	0.791981
0.158	0.794051
0.159	0.796101
0.16	0.79813
0.161	0.800138
0.162	0.802127
0.163	0.804096
0.164	0.806046
0.165	0.807976
0.166	0.809887
0.167	0.811778
0.168	0.813652
0.169	0.815506
0.17	0.817342
0.171	0.81916
0.172	0.820959
0.173	0.822741
0.174	0.824505
0.175	0.826252
0.176	0.827981
0.177	0.829693
0.178	0.831388
0.179	0.833066
0.18	0.834727
0.181	0.836372
0.182	0.838001
0.183	0.839613
0.184	0.841209
0.185	0.84279
0.186	0.844354
0.187	0.845903
0.188	0.847437
0.189	0.848956
0.19	0.850459
0.191	0.851947
0.192	0.853421
0.193	0.85488
0.194	0.856324
0.195	0.857755
0.196	0.85917
0.197	0.860572
0.198	0.86196
0.199	0.863334
0.2	0.864695
0.201	0.866042
0.202	0.867375
0.203	0.868695
0.204	0.870002
0.205	0.871296
0.206	0.872578
0.207	0.873846
0.208	0.875102
0.209	0.876345
0.21	0.877576
0.211	0.878795
0.212	0.880002
0.213	0.881197
0.214	0.882379
0.215	0.88355
0.216	0.88471
0.217	0.885858
0.218	0.886994
0.219	0.888119
0.22	0.889233
0.221	0.890336
0.222	0.891428
0.223	0.892509
0.224	0.893579
0.225	0.894639
0.226	0.895688
0.227	0.896727
0.228	0.897755
0.229	0.898773
0.23	0.899781
0.231	0.900779
0.232	0.901767
0.233	0.902745
0.234	0.903714
0.235	0.904672
0.236	0.905622
0.237	0.906561
0.238	0.907492
0.239	0.908413
0.24	0.909325
0.241	0.910228
0.242	0.911122
0.243	0.912007
0.244	0.912884
0.245	0.913751
0.246	0.91461
0.247	0.915461
0.248	0.916303
0.249	0.917136
0.25	0.917961
0.251	0.918778
0.252	0.919587
0.253	0.920388
0.254	0.921181
0.255	0.921966
0.256	0.922743
0.257	0.923513
0.258	0.924275
0.259	0.925029
0.26	0.925775
0.261	0.926515
0.262	0.927247
0.263	0.927971
0.264	0.928689
0.265	0.929399
0.266	0.930102
0.267	0.930798
0.268	0.931488
0.269	0.93217
0.27	0.932846
0.271	0.933514
0.272	0.934177
0.273	0.934832
0.274	0.935481
0.275	0.936124
0.276	0.93676
0.277	0.93739
0.278	0.938014
0.279	0.938631
0.28	0.939242
0.281	0.939848
0.282	0.940447
0.283	0.94104
0.284	0.941627
0.285	0.942209
0.286	0.942784
0.287	0.943354
0.288	0.943918
0.289	0.944477
0.29	0.94503
0.291	0.945578
0.292	0.94612
0.293	0.946656
0.294	0.947188
0.295	0.947714
0.296	0.948234
0.297	0.94875
0.298	0.94926
0.299	0.949766
0.3	0.950266
0.301	0.950762
0.302	0.951252
0.303	0.951738
0.304	0.952218
0.305	0.952694
0.306	0.953165
0.307	0.953632
0.308	0.954094
0.309	0.954551
0.31	0.955003
0.311	0.955452
0.312	0.955895
0.313	0.956335
0.314	0.956769
0.315	0.9572
0.316	0.957626
0.317	0.958048
0.318	0.958466
0.319	0.95888
0.32	0.959289
0.321	0.959695
0.322	0.960096
0.323	0.960493
0.324	0.960887
0.325	0.961276
0.326	0.961662
0.327	0.962044
0.328	0.962422
0.329	0.962796
0.33	0.963167
0.331	0.963533
0.332	0.963897
0.333	0.964256
0.334	0.964612
0.335	0.964964
0.336	0.965313
0.337	0.965659
0.338	0.966001
0.339	0.966339
0.34	0.966675
0.341	0.967006
0.342	0.967335
0.343	0.96766
0.344	0.967982
0.345	0.968301
0.346	0.968617
0.347	0.968929
0.348	0.969239
0.349	0.969545
0.35	0.969848
0.351	0.970149
0.352	0.970446
0.353	0.97074
0.354	0.971031
0.355	0.97132
0.356	0.971605
0.357	0.971888
0.358	0.972168
0.359	0.972445
0.36	0.97272
0.361	0.972991
0.362	0.97326
0.363	0.973527
0.364	0.97379
0.365	0.974051
0.366	0.97431
0.367	0.974565
0.368	0.974819
0.369	0.975069
0.37	0.975318
0.371	0.975564
0.372	0.975807
0.373	0.976048
0.374	0.976286
0.375	0.976523
0.376	0.976756
0.377	0.976988
0.378	0.977217
0.379	0.977444
0.38	0.977669
0.381	0.977891
0.382	0.978111
0.383	0.978329
0.384	0.978545
0.385	0.978759
0.386	0.97897
0.387	0.97918
0.388	0.979387
0.389	0.979592
0.39	0.979796
0.391	0.979997
0.392	0.980196
0.393	0.980394
0.394	0.980589
0.395	0.980782
0.396	0.980974
0.397	0.981163
0.398	0.981351
0.399	0.981537
0.4	0.981721
0.401	0.981903
0.402	0.982083
0.403	0.982262
0.404	0.982439
0.405	0.982614
0.406	0.982787
0.407	0.982958
0.408	0.983128
0.409	0.983296
0.41	0.983463
0.411	0.983628
0.412	0.983791
0.413	0.983953
0.414	0.984113
0.415	0.984271
0.416	0.984428
0.417	0.984583
0.418	0.984737
0.419	0.984889
0.42	0.98504
0.421	0.985189
0.422	0.985337
0.423	0.985483
0.424	0.985628
0.425	0.985771
0.426	0.985913
0.427	0.986054
0.428	0.986193
0.429	0.986331
0.43	0.986467
0.431	0.986602
0.432	0.986736
0.433	0.986868
0.434	0.986999
0.435	0.987129
0.436	0.987258
0.437	0.987385
0.438	0.987511
0.439	0.987635
0.44	0.987759
0.441	0.987881
0.442	0.988002
0.443	0.988122
0.444	0.988241
0.445	0.988358
0.446	0.988475
0.447	0.98859
0.448	0.988704
0.449	0.988817
0.45	0.988928
0.451	0.989039
0.452	0.989149
0.453	0.989257
0.454	0.989365
0.455	0.989471
0.456	0.989576
0.457	0.98968
0.458	0.989784
0.459	0.989886
0.46	0.989987
0.461	0.990087
0.462	0.990186
0.463	0.990285
0.464	0.990382
0.465	0.990478
0.466	0.990573
0.467	0.990668
0.468	0.990761
0.469	0.990854
0.47	0.990945
0.471	0.991036
0.472	0.991126
0.473	0.991215
0.474	0.991303
0.475	0.99139
0.476	0.991476
0.477	0.991562
0.478	0.991646
0.479	0.99173
0.48	0.991813
0.481	0.991895
0.482	0.991976
0.483	0.992057
0.484	0.992136
0.485	0.992215
0.486	0.992293
0.487	0.992371
0.488	0.992447
0.489	0.992523
0.49	0.992598
0.491	0.992673
0.492	0.992746
0.493	0.992819
0.494	0.992891
0.495	0.992962
0.496	0.993033
0.497	0.993103
0.498	0.993172
0.499	0.993241
0.5	0.993309
0.501	0.993376
0.502	0.993443
0.503	0.993509
0.504	0.993574
0.505	0.993639
0.506	0.993703
0.507	0.993766
0.508	0.993829
0.509	0.993891
0.51	0.993952
0.511	0.994013
0.512	0.994073
0.513	0.994133
0.514	0.994192
0.515	0.99425
0.516	0.994308
0.517	0.994366
0.518	0.994422
0.519	0.994478
0.52	0.994534
0.521	0.994589
0.522	0.994644
0.523	0.994698
0.524	0.994751
0.525	0.994804
0.526	0.994856
0.527	0.994908
0.528	0.994959
0.529	0.99501
0.53	0.995061
0.531	0.99511
0.532	0.99516
0.533	0.995208
0.534	0.995257
0.535	0.995305
0.536	0.995352
0.537	0.995399
0.538	0.995445
0.539	0.995491
0.54	0.995537
0.541	0.995582
0.542	0.995626
0.543	0.99567
0.544	0.995714
0.545	0.995757
0.546	0.9958
0.547	0.995843
0.548	0.995884
0.549	0.995926
0.55	0.995967
0.551	0.996008
0.552	0.996048
0.553	0.996088
0.554	0.996128
0.555	0.996167
0.556	0.996205
0.557	0.996244
0.558	0.996282
0.559	0.996319
0.56	0.996356
0.561	0.996393
0.562	0.996429
0.563	0.996465
0.564	0.996501
0.565	0.996537
0.566	0.996571
0.567	0.996606
0.568	0.99664
0.569	0.996674
0.57	0.996708
0.571	0.996741
0.572	0.996774
0.573	0.996807
0.574	0.996839
0.575	0.996871
0.576	0.996902
0.577	0.996934
0.578	0.996965
0.579	0.996995
0.58	0.997026
0.581	0.997056
0.582	0.997085
0.583	0.997115
0.584	0.997144
0.585	0.997173
0.586	0.997201
0.587	0.99723
0.588	0.997257
0.589	0.997285
0.59	0.997313
0.591	0.99734
0.592	0.997367
0.593	0.997393
0.594	0.997419
0.595	0.997445
0.596	0.997471
0.597	0.997497
0.598	0.997522
0.599	0.997547
0.6	0.997572
0.601	0.997596
0.602	0.99762
0.603	0.997645
0.604	0.997668
0.605	0.997692
0.606	0.997715
0.607	0.997738
0.608	0.997761
0.609	0.997784
0.61	0.997806
0.611	0.997828
0.612	0.99785
0.613	0.997872
0.614	0.997893
0.615	0.997914
0.616	0.997935
0.617	0.997956
0.618	0.997977
0.619	0.997997
0.62	0.998017
0.621	0.998037
0.622	0.998057
0.623	0.998077
0.624	0.998096
0.625	0.998115
0.626	0.998134
0.627	0.998153
0.628	0.998172
0.629	0.99819
0.63	0.998208
0.631	0.998226
0.632	0.998244
0.633	0.998262
0.634	0.99828
0.635	0.998297
0.636	0.998314
0.637	0.998331
0.638	0.998348
0.639	0.998365
0.64	0.998381
0.641	0.998397
0.642	0.998414
0.643	0.99843
0.644	0.998445
0.645	0.998461
0.646	0.998477
0.647	0.998492
0.648	0.998507
0.649	0.998522
0.65	0.998537
0.651	0.998552
0.652	0.998567
0.653	0.998581
0.654	0.998596
0.655	0.99861
0.656	0.998624
0.657	0.998638
0.658	0.998652
0.659	0.998665
0.66	0.998679
0.661	0.998692
0.662	0.998705
0.663	0.998719
0.664	0.998732
0.665	0.998744
0.666	0.998757
0.667	0.99877
0.668	0.998782
0.669	0.998795
0.67	0.998807
0.671	0.998819
0.672	0.998831
0.673	0.998843
0.674	0.998855
0.675	0.998866
0.676	0.998878
0.677	0.998889
0.678	0.998901
0.679	0.998912
0.68	0.998923
0.681	0.998934
0.682	0.998945
0.683	0.998956
0.684	0.998967
0.685	0.998977
0.686	0.998988
0.687	0.998998
0.688	0.999008
0.689	0.999019
0.69	0.999029
0.691	0.999039
0.692	0.999049
0.693	0.999059
0.694	0.999068
0.695	0.999078
0.696	0.999088
0.697	0.999097
0.698	0.999106
0.699	0.999116
0.7	0.999125
0.701	0.999134
0.702	0.999143
0.703	0.999152
0.704	0.999161
0.705	0.99917
0.706	0.999178
0.707	0.999187
0.708	0.999195
0.709	0.999204
0.71	0.999212
0.711	0.999221
0.712	0.999229
0.713	0.999237
0.714	0.999245
0.715	0.999253
0.716	0.999261
0.717	0.999269
0.718	0.999277
0.719	0.999284
0.72	0.999292
0.721	0.9993
0.722	0.999307
0.723	0.999315
0.724	0.999322
0.725	0.999329
0.726	0.999336
0.727	0.999344
0.728	0.999351
0.729	0.999358
0.73	0.999365
0.731	0.999372
0.732	0.999378
0.733	0.999385
0.734	0.999392
0.735	0.999399
0.736	0.999405
0.737	0.999412
0.738	0.999418
0.739	0.999425
0.74	0.999431
0.741	0.999437
0.742	0.999444
0.743	0.99945
0.744	0.999456
0.745	0.999462
0.746	0.999468
0.747	0.999474
0.748	0.99948
0.749	0.999486
0.75	0.999491
0.751	0.999497
0.752	0.999503
0.753	0.999508
0.754	0.999514
0.755	0.99952
0.756	0.999525
0.757	0.99953
0.758	0.999536
0.759	0.999541
0.76	0.999546
0.761	0.999552
0.762	0.999557
0.763	0.999562
0.764	0.999567
0.765	0.999572
0.766	0.999577
0.767	0.999582
0.768	0.999587
0.769	0.999592
0.77	0.999596
0.771	0.999601
0.772	0.999606
0.773	0.99961
0.774	0.999615
0.775	0.99962
0.776	0.999624
0.777	0.999628
0.778	0.999633
0.779	0.999637
0.78	0.999642
0.781	0.999646
0.782	0.99965
0.783	0.999654
0.784	0.999658
0.785	0.999662
0.786	0.999666
0.787	0.99967
0.788	0.999674
0.789	0.999678
0.79	0.999682
0.791	0.999686
0.792	0.99969
0.793	0.999694
0.794	0.999697
0.795	0.999701
0.796	0.999705
0.797	0.999708
0.798	0.999712
0.799	0.999715
0.8	0.999719
0.801	0.999722
0.802	0.999725
0.803	0.999729
0.804	0.999732
0.805	0.999735
0.806	0.999738
0.807	0.999742
0.808	0.999745
0.809	0.999748
0.81	0.999751
0.811	0.999754
0.812	0.999757
0.813	0.99976
0.814	0.999763
0.815	0.999766
0.816	0.999769
0.817	0.999771
0.818	0.999774
0.819	0.999777
0.82	0.99978
0.821	0.999782
0.822	0.999785
0.823	0.999787
0.824	0.99979
0.825	0.999793
0.826	0.999795
0.827	0.999797
0.828	0.9998
0.829	0.999802
0.83	0.999805
0.831	0.999807
0.832	0.999809
0.833	0.999812
0.834	0.999814
0.835	0.999816
0.836	0.999818
0.837	0.99982
0.838	0.999822
0.839	0.999824
0.84	0.999826
0.841	0.999828
0.842	0.99983
0.843	0.999832
0.844	0.999834
0.845	0.999836
0.846	0.999838
0.847	0.99984
0.848	0.999842
0.849	0.999844
0.85	0.999845
0.851	0.999847
0.852	0.999849
0.853	0.99985
0.854	0.999852
0.855	0.999854
0.856	0.999855
0.857	0.999857
0.858	0.999859
0.859	0.99986
0.86	0.999862
0.861	0.999863
0.862	0.999865
0.863	0.999866
0.864	0.999868
0.865	0.999869
0.866	0.999871
0.867	0.999872
0.868	0.999873
0.869	0.999875
0.87	0.999876
0.871	0.999877
0.872	0.999879
0.873	0.99988
0.874	0.999881
0.875	0.999883
0.876	0.999884
0.877	0.999885
0.878	0.999886
0.879	0.999888
0.88	0.999889
0.881	0.99989
0.882	0.999891
0.883	0.999892
0.884	0.999894
0.885	0.999895
0.886	0.999896
0.887	0.999897
0.888	0.999898
0.889	0.9999
0.89	0.999901
0.891	0.999902
0.892	0.999903
0.893	0.999904
0.894	0.999905
0.895	0.999906
0.896	0.999908
0.897	0.999909
0.898	0.99991
0.899	0.999911
0.9	0.999912
0.901	0.999913
0.902	0.999914
0.903	0.999915
0.904	0.999917
0.905	0.999918
0.906	0.999919
0.907	0.99992
0.908	0.999921
0.909	0.999922
0.91	0.999924
0.911	0.999925
0.912	0.999926
0.913	0.999927
0.914	0.999928
0.915	0.999929
0.916	0.999931
0.917	0.999932
0.918	0.999933
0.919	0.999934
0.92	0.999936
0.921	0.999937
0.922	0.999938
0.923	0.999939
0.924	0.999941
0.925	0.999942
0.926	0.999943
0.927	0.999944
0.928	0.999946
0.929	0.999947
0.93	0.999948
0.931	0.99995
0.932	0.999951
0.933	0.999952
0.934	0.999954
0.935	0.999955
0.936	0.999956
0.937	0.999958
0.938	0.999959
0.939	0.99996
0.94	0.999962
0.941	0.999963
0.942	0.999964
0.943	0.999966
0.944	0.999967
0.945	0.999968
0.946	0.99997
0.947	0.999971
0.948	0.999973
0.949	0.999974
0.95	0.999975
0.951	0.999977
0.952	0.999978
0.953	0.999979
0.954	0.99998
0.955	0.999982
0.956	0.999983
0.957	0.999984
0.958	0.999985
0.959	0.999987
0.96	0.999988
0.961	0.999989
0.962	0.99999
0.963	0.999991
0.964	0.999992
0.965	0.999993
0.966	0.999994
0.967	0.999995
0.968	0.999996
0.969	0.999997
0.97	0.999997
0.971	0.999998
0.972	0.999999
0.973	0.999999
0.974	1
0.975	1
0.976	1
0.977	1
0.978	1
0.979	1
0.98	1
0.981	1
0.982	1
0.983	1
0.984	0.999999
0.985	0.999998
0.986	0.999998
0.987	0.999997
0.988	0.999996
0.989	0.999994
0.99	0.999993
0.991	0.999991
0.992	0.99999
0.993	0.999988
0.994	0.999985
0.995	0.999983
0.996	0.99998
0.997	0.999978
0.998	0.999975
0.999	0.999971
