#Function: (exp(x)-1)/(exp(1)-1)
0	0.286316
1	0.0365314
2	0.00307047
3	0.000192797
4	9.66778e-06
5	4.03619e-07
6	1.44356e-08
7	4.516e-10
8	1.2555e-11
9	3.14109e-13
10	8.05685e-15
11	4.08669e-15
12	4.33292e-15
13	4.51248e-15
14	4.52236e-15
15	4.70046e-15
16	5.01347e-15
17	5.01336e-15
18	5.21122e-15
19	3.86868e-15
20	3.99738e-15
21	4.23455e-15
22	4.29635e-15
23	4.37505e-15
24	4.5056e-15
25	4.59054e-15
26	4.71069e-15
27	4.811e-15
28	5.05837e-15
29	5.05909e-15
30	5.25583e-15
31	5.26091e-15
32	5.32481e-15
33	5.34519e-15
34	5.36729e-15
35	5.38037e-15
36	5.43314e-15
37	5.4647e-15
38	5.47741e-15
39	5.51079e-15
40	5.51916e-15
