# Interpolation data for function: (exp(x)-1)/(exp(1)-1)
0	0.418023
0.001	0.418023
0.002	0.418023
0.003	0.418023
0.004	0.418023
0.005	0.418023
0.006	0.418023
0.007	0.418023
0.008	0.418023
0.009	0.418023
0.01	0.418023
0.011	0.418023
0.012	0.418023
0.013	0.418023
0.014	0.418023
0.015	0.418023
0.016	0.418023
0.017	0.418023
0.018	0.418023
0.019	0.418023
0.02	0.418023
0.021	0.418023
0.022	0.418023
0.023	0.418023
0.024	0.418023
0.025	0.418023
0.026	0.418023
0.027	0.418023
0.028	0.418023
0.029	0.418023
0.03	0.418023
0.031	0.418023
0.032	0.418023
0.033	0.418023
0.034	0.418023
0.035	0.418023
0.036	0.418023
0.037	0.418023
0.038	0.418023
0.039	0.418023
0.04	0.418023
0.041	0.418023
0.042	0.418023
0.043	0.418023
0.044	0.418023
0.045	0.418023
0.046	0.418023
0.047	0.418023
0.048	0.418023
0.049	0.418023
0.05	0.418023
0.051	0.418023
0.052	0.418023
0.053	0.418023
0.054	0.418023
0.055	0.418023
0.056	0.418023
0.057	0.418023
0.058	0.418023
0.059	0.418023
0.06	0.418023
0.061	0.418023
0.062	0.418023
0.063	0.418023
0.064	0.418023
0.065	0.418023
0.066	0.418023
0.067	0.418023
0.068	0.418023
0.069	0.418023
0.07	0.418023
0.071	0.418023
0.072	0.418023
0.073	0.418023
0.074	0.418023
0.075	0.418023
0.076	0.418023
0.077	0.418023
0.078	0.418023
0.079	0.418023
0.08	0.418023
0.081	0.418023
0.082	0.418023
0.083	0.418023
0.084	0.418023
0.085	0.418023
0.086	0.418023
0.087	0.418023
0.088	0.418023
0.089	0.418023
0.09	0.418023
0.091	0.418023
0.092	0.418023
0.093	0.418023
0.094	0.418023
0.095	0.418023
0.096	0.418023
0.097	0.418023
0.098	0.418023
0.099	0.418023
0.1	0.418023
0.101	0.418023
0.102	0.418023
0.103	0.418023
0.104	0.418023
0.105	0.418023
0.106	0.418023
0.107	0.418023
0.108	0.418023
0.109	0.418023
0.11	0.418023
0.111	0.418023
0.112	0.418023
0.113	0.418023
0.114	0.418023
0.115	0.418023
0.116	0.418023
0.117	0.418023
0.118	0.418023
0.119	0.418023
0.12	0.418023
0.121	0.418023
0.122	0.418023
0.123	0.418023
0.124	0.418023
0.125	0.418023
0.126	0.418023
0.127	0.418023
0.128	0.418023
0.129	0.418023
0.13	0.418023
0.131	0.418023
0.132	0.418023
0.133	0.418023
0.134	0.418023
0.135	0.418023
0.136	0.418023
0.137	0.418023
0.138	0.418023
0.139	0.418023
0.14	0.418023
0.141	0.418023
0.142	0.418023
0.143	0.418023
0.144	0.418023
0.145	0.418023
0.146	0.418023
0.147	0.418023
0.148	0.418023
0.149	0.418023
0.15	0.418023
0.151	0.418023
0.152	0.418023
0.153	0.418023
0.154	0.418023
0.155	0.418023
0.156	0.418023
0.157	0.418023
0.158	0.418023
0.159	0.418023
0.16	0.418023
0.161	0.418023
0.162	0.418023
0.163	0.418023
0.164	0.418023
0.165	0.418023
0.166	0.418023
0.167	0.418023
0.168	0.418023
0.169	0.418023
0.17	0.418023
0.171	0.418023
0.172	0.418023
0.173	0.418023
0.174	0.418023
0.175	0.418023
0.176	0.418023
0.177	0.418023
0.178	0.418023
0.179	0.418023
0.18	0.418023
0.181	0.418023
0.182	0.418023
0.183	0.418023
0.184	0.418023
0.185	0.418023
0.186	0.418023
0.187	0.418023
0.188	0.418023
0.189	0.418023
0.19	0.418023
0.191	0.418023
0.192	0.418023
0.193	0.418023
0.194	0.418023
0.195	0.418023
0.196	0.418023
0.197	0.418023
0.198	0.418023
0.199	0.418023
0.2	0.418023
0.201	0.418023
0.202	0.418023
0.203	0.418023
0.204	0.418023
0.205	0.418023
0.206	0.418023
0.207	0.418023
0.208	0.418023
0.209	0.418023
0.21	0.418023
0.211	0.418023
0.212	0.418023
0.213	0.418023
0.214	0.418023
0.215	0.418023
0.216	0.418023
0.217	0.418023
0.218	0.418023
0.219	0.418023
0.22	0.418023
0.221	0.418023
0.222	0.418023
0.223	0.418023
0.224	0.418023
0.225	0.418023
0.226	0.418023
0.227	0.418023
0.228	0.418023
0.229	0.418023
0.23	0.418023
0.231	0.418023
0.232	0.418023
0.233	0.418023
0.234	0.418023
0.235	0.418023
0.236	0.418023
0.237	0.418023
0.238	0.418023
0.239	0.418023
0.24	0.418023
0.241	0.418023
0.242	0.418023
0.243	0.418023
0.244	0.418023
0.245	0.418023
0.246	0.418023
0.247	0.418023
0.248	0.418023
0.249	0.418023
0.25	0.418023
0.251	0.418023
0.252	0.418023
0.253	0.418023
0.254	0.418023
0.255	0.418023
0.256	0.418023
0.257	0.418023
0.258	0.418023
0.259	0.418023
0.26	0.418023
0.261	0.418023
0.262	0.418023
0.263	0.418023
0.264	0.418023
0.265	0.418023
0.266	0.418023
0.267	0.418023
0.268	0.418023
0.269	0.418023
0.27	0.418023
0.271	0.418023
0.272	0.418023
0.273	0.418023
0.274	0.418023
0.275	0.418023
0.276	0.418023
0.277	0.418023
0.278	0.418023
0.279	0.418023
0.28	0.418023
0.281	0.418023
0.282	0.418023
0.283	0.418023
0.284	0.418023
0.285	0.418023
0.286	0.418023
0.287	0.418023
0.288	0.418023
0.289	0.418023
0.29	0.418023
0.291	0.418023
0.292	0.418023
0.293	0.418023
0.294	0.418023
0.295	0.418023
0.296	0.418023
0.297	0.418023
0.298	0.418023
0.299	0.418023
0.3	0.418023
0.301	0.418023
0.302	0.418023
0.303	0.418023
0.304	0.418023
0.305	0.418023
0.306	0.418023
0.307	0.418023
0.308	0.418023
0.309	0.418023
0.31	0.418023
0.311	0.418023
0.312	0.418023
0.313	0.418023
0.314	0.418023
0.315	0.418023
0.316	0.418023
0.317	0.418023
0.318	0.418023
0.319	0.418023
0.32	0.418023
0.321	0.418023
0.322	0.418023
0.323	0.418023
0.324	0.418023
0.325	0.418023
0.326	0.418023
0.327	0.418023
0.328	0.418023
0.329	0.418023
0.33	0.418023
0.331	0.418023
0.332	0.418023
0.333	0.418023
0.334	0.418023
0.335	0.418023
0.336	0.418023
0.337	0.418023
0.338	0.418023
0.339	0.418023
0.34	0.418023
0.341	0.418023
0.342	0.418023
0.343	0.418023
0.344	0.418023
0.345	0.418023
0.346	0.418023
0.347	0.418023
0.348	0.418023
0.349	0.418023
0.35	0.418023
0.351	0.418023
0.352	0.418023
0.353	0.418023
0.354	0.418023
0.355	0.418023
0.356	0.418023
0.357	0.418023
0.358	0.418023
0.359	0.418023
0.36	0.418023
0.361	0.418023
0.362	0.418023
0.363	0.418023
0.364	0.418023
0.365	0.418023
0.366	0.418023
0.367	0.418023
0.368	0.418023
0.369	0.418023
0.37	0.418023
0.371	0.418023
0.372	0.418023
0.373	0.418023
0.374	0.418023
0.375	0.418023
0.376	0.418023
0.377	0.418023
0.378	0.418023
0.379	0.418023
0.38	0.418023
0.381	0.418023
0.382	0.418023
0.383	0.418023
0.384	0.418023
0.385	0.418023
0.386	0.418023
0.387	0.418023
0.388	0.418023
0.389	0.418023
0.39	0.418023
0.391	0.418023
0.392	0.418023
0.393	0.418023
0.394	0.418023
0.395	0.418023
0.396	0.418023
0.397	0.418023
0.398	0.418023
0.399	0.418023
0.4	0.418023
0.401	0.418023
0.402	0.418023
0.403	0.418023
0.404	0.418023
0.405	0.418023
0.406	0.418023
0.407	0.418023
0.408	0.418023
0.409	0.418023
0.41	0.418023
0.411	0.418023
0.412	0.418023
0.413	0.418023
0.414	0.418023
0.415	0.418023
0.416	0.418023
0.417	0.418023
0.418	0.418023
0.419	0.418023
0.42	0.418023
0.421	0.418023
0.422	0.418023
0.423	0.418023
0.424	0.418023
0.425	0.418023
0.426	0.418023
0.427	0.418023
0.428	0.418023
0.429	0.418023
0.43	0.418023
0.431	0.418023
0.432	0.418023
0.433	0.418023
0.434	0.418023
0.435	0.418023
0.436	0.418023
0.437	0.418023
0.438	0.418023
0.439	0.418023
0.44	0.418023
0.441	0.418023
0.442	0.418023
0.443	0.418023
0.444	0.418023
0.445	0.418023
0.446	0.418023
0.447	0.418023
0.448	0.418023
0.449	0.418023
0.45	0.418023
0.451	0.418023
0.452	0.418023
0.453	0.418023
0.454	0.418023
0.455	0.418023
0.456	0.418023
0.457	0.418023
0.458	0.418023
0.459	0.418023
0.46	0.418023
0.461	0.418023
0.462	0.418023
0.463	0.418023
0.464	0.418023
0.465	0.418023
0.466	0.418023
0.467	0.418023
0.468	0.418023
0.469	0.418023
0.47	0.418023
0.471	0.418023
0.472	0.418023
0.473	0.418023
0.474	0.418023
0.475	0.418023
0.476	0.418023
0.477	0.418023
0.478	0.418023
0.479	0.418023
0.48	0.418023
0.481	0.418023
0.482	0.418023
0.483	0.418023
0.484	0.418023
0.485	0.418023
0.486	0.418023
0.487	0.418023
0.488	0.418023
0.489	0.418023
0.49	0.418023
0.491	0.418023
0.492	0.418023
0.493	0.418023
0.494	0.418023
0.495	0.418023
0.496	0.418023
0.497	0.418023
0.498	0.418023
0.499	0.418023
0.5	0.418023
0.501	0.418023
0.502	0.418023
0.503	0.418023
0.504	0.418023
0.505	0.418023
0.506	0.418023
0.507	0.418023
0.508	0.418023
0.509	0.418023
0.51	0.418023
0.511	0.418023
0.512	0.418023
0.513	0.418023
0.514	0.418023
0.515	0.418023
0.516	0.418023
0.517	0.418023
0.518	0.418023
0.519	0.418023
0.52	0.418023
0.521	0.418023
0.522	0.418023
0.523	0.418023
0.524	0.418023
0.525	0.418023
0.526	0.418023
0.527	0.418023
0.528	0.418023
0.529	0.418023
0.53	0.418023
0.531	0.418023
0.532	0.418023
0.533	0.418023
0.534	0.418023
0.535	0.418023
0.536	0.418023
0.537	0.418023
0.538	0.418023
0.539	0.418023
0.54	0.418023
0.541	0.418023
0.542	0.418023
0.543	0.418023
0.544	0.418023
0.545	0.418023
0.546	0.418023
0.547	0.418023
0.548	0.418023
0.549	0.418023
0.55	0.418023
0.551	0.418023
0.552	0.418023
0.553	0.418023
0.554	0.418023
0.555	0.418023
0.556	0.418023
0.557	0.418023
0.558	0.418023
0.559	0.418023
0.56	0.418023
0.561	0.418023
0.562	0.418023
0.563	0.418023
0.564	0.418023
0.565	0.418023
0.566	0.418023
0.567	0.418023
0.568	0.418023
0.569	0.418023
0.57	0.418023
0.571	0.418023
0.572	0.418023
0.573	0.418023
0.574	0.418023
0.575	0.418023
0.576	0.418023
0.577	0.418023
0.578	0.418023
0.579	0.418023
0.58	0.418023
0.581	0.418023
0.582	0.418023
0.583	0.418023
0.584	0.418023
0.585	0.418023
0.586	0.418023
0.587	0.418023
0.588	0.418023
0.589	0.418023
0.59	0.418023
0.591	0.418023
0.592	0.418023
0.593	0.418023
0.594	0.418023
0.595	0.418023
0.596	0.418023
0.597	0.418023
0.598	0.418023
0.599	0.418023
0.6	0.418023
0.601	0.418023
0.602	0.418023
0.603	0.418023
0.604	0.418023
0.605	0.418023
0.606	0.418023
0.607	0.418023
0.608	0.418023
0.609	0.418023
0.61	0.418023
0.611	0.418023
0.612	0.418023
0.613	0.418023
0.614	0.418023
0.615	0.418023
0.616	0.418023
0.617	0.418023
0.618	0.418023
0.619	0.418023
0.62	0.418023
0.621	0.418023
0.622	0.418023
0.623	0.418023
0.624	0.418023
0.625	0.418023
0.626	0.418023
0.627	0.418023
0.628	0.418023
0.629	0.418023
0.63	0.418023
0.631	0.418023
0.632	0.418023
0.633	0.418023
0.634	0.418023
0.635	0.418023
0.636	0.418023
0.637	0.418023
0.638	0.418023
0.639	0.418023
0.64	0.418023
0.641	0.418023
0.642	0.418023
0.643	0.418023
0.644	0.418023
0.645	0.418023
0.646	0.418023
0.647	0.418023
0.648	0.418023
0.649	0.418023
0.65	0.418023
0.651	0.418023
0.652	0.418023
0.653	0.418023
0.654	0.418023
0.655	0.418023
0.656	0.418023
0.657	0.418023
0.658	0.418023
0.659	0.418023
0.66	0.418023
0.661	0.418023
0.662	0.418023
0.663	0.418023
0.664	0.418023
0.665	0.418023
0.666	0.418023
0.667	0.418023
0.668	0.418023
0.669	0.418023
0.67	0.418023
0.671	0.418023
0.672	0.418023
0.673	0.418023
0.674	0.418023
0.675	0.418023
0.676	0.418023
0.677	0.418023
0.678	0.418023
0.679	0.418023
0.68	0.418023
0.681	0.418023
0.682	0.418023
0.683	0.418023
0.684	0.418023
0.685	0.418023
0.686	0.418023
0.687	0.418023
0.688	0.418023
0.689	0.418023
0.69	0.418023
0.691	0.418023
0.692	0.418023
0.693	0.418023
0.694	0.418023
0.695	0.418023
0.696	0.418023
0.697	0.418023
0.698	0.418023
0.699	0.418023
0.7	0.418023
0.701	0.418023
0.702	0.418023
0.703	0.418023
0.704	0.418023
0.705	0.418023
0.706	0.418023
0.707	0.418023
0.708	0.418023
0.709	0.418023
0.71	0.418023
0.711	0.418023
0.712	0.418023
0.713	0.418023
0.714	0.418023
0.715	0.418023
0.716	0.418023
0.717	0.418023
0.718	0.418023
0.719	0.418023
0.72	0.418023
0.721	0.418023
0.722	0.418023
0.723	0.418023
0.724	0.418023
0.725	0.418023
0.726	0.418023
0.727	0.418023
0.728	0.418023
0.729	0.418023
0.73	0.418023
0.731	0.418023
0.732	0.418023
0.733	0.418023
0.734	0.418023
0.735	0.418023
0.736	0.418023
0.737	0.418023
0.738	0.418023
0.739	0.418023
0.74	0.418023
0.741	0.418023
0.742	0.418023
0.743	0.418023
0.744	0.418023
0.745	0.418023
0.746	0.418023
0.747	0.418023
0.748	0.418023
0.749	0.418023
0.75	0.418023
0.751	0.418023
0.752	0.418023
0.753	0.418023
0.754	0.418023
0.755	0.418023
0.756	0.418023
0.757	0.418023
0.758	0.418023
0.759	0.418023
0.76	0.418023
0.761	0.418023
0.762	0.418023
0.763	0.418023
0.764	0.418023
0.765	0.418023
0.766	0.418023
0.767	0.418023
0.768	0.418023
0.769	0.418023
0.77	0.418023
0.771	0.418023
0.772	0.418023
0.773	0.418023
0.774	0.418023
0.775	0.418023
0.776	0.418023
0.777	0.418023
0.778	0.418023
0.779	0.418023
0.78	0.418023
0.781	0.418023
0.782	0.418023
0.783	0.418023
0.784	0.418023
0.785	0.418023
0.786	0.418023
0.787	0.418023
0.788	0.418023
0.789	0.418023
0.79	0.418023
0.791	0.418023
0.792	0.418023
0.793	0.418023
0.794	0.418023
0.795	0.418023
0.796	0.418023
0.797	0.418023
0.798	0.418023
0.799	0.418023
0.8	0.418023
0.801	0.418023
0.802	0.418023
0.803	0.418023
0.804	0.418023
0.805	0.418023
0.806	0.418023
0.807	0.418023
0.808	0.418023
0.809	0.418023
0.81	0.418023
0.811	0.418023
0.812	0.418023
0.813	0.418023
0.814	0.418023
0.815	0.418023
0.816	0.418023
0.817	0.418023
0.818	0.418023
0.819	0.418023
0.82	0.418023
0.821	0.418023
0.822	0.418023
0.823	0.418023
0.824	0.418023
0.825	0.418023
0.826	0.418023
0.827	0.418023
0.828	0.418023
0.829	0.418023
0.83	0.418023
0.831	0.418023
0.832	0.418023
0.833	0.418023
0.834	0.418023
0.835	0.418023
0.836	0.418023
0.837	0.418023
0.838	0.418023
0.839	0.418023
0.84	0.418023
0.841	0.418023
0.842	0.418023
0.843	0.418023
0.844	0.418023
0.845	0.418023
0.846	0.418023
0.847	0.418023
0.848	0.418023
0.849	0.418023
0.85	0.418023
0.851	0.418023
0.852	0.418023
0.853	0.418023
0.854	0.418023
0.855	0.418023
0.856	0.418023
0.857	0.418023
0.858	0.418023
0.859	0.418023
0.86	0.418023
0.861	0.418023
0.862	0.418023
0.863	0.418023
0.864	0.418023
0.865	0.418023
0.866	0.418023
0.867	0.418023
0.868	0.418023
0.869	0.418023
0.87	0.418023
0.871	0.418023
0.872	0.418023
0.873	0.418023
0.874	0.418023
0.875	0.418023
0.876	0.418023
0.877	0.418023
0.878	0.418023
0.879	0.418023
0.88	0.418023
0.881	0.418023
0.882	0.418023
0.883	0.418023
0.884	0.418023
0.885	0.418023
0.886	0.418023
0.887	0.418023
0.888	0.418023
0.889	0.418023
0.89	0.418023
0.891	0.418023
0.892	0.418023
0.893	0.418023
0.894	0.418023
0.895	0.418023
0.896	0.418023
0.897	0.418023
0.898	0.418023
0.899	0.418023
0.9	0.418023
0.901	0.418023
0.902	0.418023
0.903	0.418023
0.904	0.418023
0.905	0.418023
0.906	0.418023
0.907	0.418023
0.908	0.418023
0.909	0.418023
0.91	0.418023
0.911	0.418023
0.912	0.418023
0.913	0.418023
0.914	0.418023
0.915	0.418023
0.916	0.418023
0.917	0.418023
0.918	0.418023
0.919	0.418023
0.92	0.418023
0.921	0.418023
0.922	0.418023
0.923	0.418023
0.924	0.418023
0.925	0.418023
0.926	0.418023
0.927	0.418023
0.928	0.418023
0.929	0.418023
0.93	0.418023
0.931	0.418023
0.932	0.418023
0.933	0.418023
0.934	0.418023
0.935	0.418023
0.936	0.418023
0.937	0.418023
0.938	0.418023
0.939	0.418023
0.94	0.418023
0.941	0.418023
0.942	0.418023
0.943	0.418023
0.944	0.418023
0.945	0.418023
0.946	0.418023
0.947	0.418023
0.948	0.418023
0.949	0.418023
0.95	0.418023
0.951	0.418023
0.952	0.418023
0.953	0.418023
0.954	0.418023
0.955	0.418023
0.956	0.418023
0.957	0.418023
0.958	0.418023
0.959	0.418023
0.96	0.418023
0.961	0.418023
0.962	0.418023
0.963	0.418023
0.964	0.418023
0.965	0.418023
0.966	0.418023
0.967	0.418023
0.968	0.418023
0.969	0.418023
0.97	0.418023
0.971	0.418023
0.972	0.418023
0.973	0.418023
0.974	0.418023
0.975	0.418023
0.976	0.418023
0.977	0.418023
0.978	0.418023
0.979	0.418023
0.98	0.418023
0.981	0.418023
0.982	0.418023
0.983	0.418023
0.984	0.418023
0.985	0.418023
0.986	0.418023
0.987	0.418023
0.988	0.418023
0.989	0.418023
0.99	0.418023
0.991	0.418023
0.992	0.418023
0.993	0.418023
0.994	0.418023
0.995	0.418023
0.996	0.418023
0.997	0.418023
0.998	0.418023
0.999	0.418023
