# Interpolation data for function: (exp(x)-1)/(exp(1)-1)
0	3.06362e-05
0.001	0.000612007
0.002	0.00119397
0.003	0.00177653
0.004	0.00235969
0.005	0.00294344
0.006	0.00352779
0.007	0.00411274
0.008	0.00469828
0.009	0.00528443
0.01	0.00587117
0.011	0.00645851
0.012	0.00704645
0.013	0.00763499
0.014	0.00822413
0.015	0.00881388
0.016	0.00940422
0.017	0.00999517
0.018	0.0105867
0.019	0.0111789
0.02	0.0117716
0.021	0.012365
0.022	0.012959
0.023	0.0135535
0.024	0.0141487
0.025	0.0147445
0.026	0.0153409
0.027	0.0159379
0.028	0.0165355
0.029	0.0171337
0.03	0.0177325
0.031	0.0183319
0.032	0.018932
0.033	0.0195326
0.034	0.0201339
0.035	0.0207358
0.036	0.0213382
0.037	0.0219413
0.038	0.0225451
0.039	0.0231494
0.04	0.0237543
0.041	0.0243599
0.042	0.024966
0.043	0.0255728
0.044	0.0261802
0.045	0.0267882
0.046	0.0273969
0.047	0.0280061
0.048	0.028616
0.049	0.0292265
0.05	0.0298376
0.051	0.0304493
0.052	0.0310617
0.053	0.0316746
0.054	0.0322882
0.055	0.0329024
0.056	0.0335173
0.057	0.0341327
0.058	0.0347488
0.059	0.0353655
0.06	0.0359829
0.061	0.0366008
0.062	0.0372194
0.063	0.0378386
0.064	0.0384584
0.065	0.0390789
0.066	0.0397
0.067	0.0403217
0.068	0.0409441
0.069	0.041567
0.07	0.0421907
0.071	0.0428149
0.072	0.0434398
0.073	0.0440653
0.074	0.0446914
0.075	0.0453182
0.076	0.0459456
0.077	0.0465736
0.078	0.0472023
0.079	0.0478316
0.08	0.0484615
0.081	0.0490921
0.082	0.0497233
0.083	0.0503552
0.084	0.0509877
0.085	0.0516208
0.086	0.0522546
0.087	0.052889
0.088	0.053524
0.089	0.0541597
0.09	0.0547961
0.091	0.055433
0.092	0.0560706
0.093	0.0567089
0.094	0.0573478
0.095	0.0579874
0.096	0.0586275
0.097	0.0592684
0.098	0.0599099
0.099	0.060552
0.1	0.0611948
0.101	0.0618382
0.102	0.0624823
0.103	0.063127
0.104	0.0637724
0.105	0.0644184
0.106	0.0650651
0.107	0.0657124
0.108	0.0663604
0.109	0.067009
0.11	0.0676583
0.111	0.0683082
0.112	0.0689588
0.113	0.0696101
0.114	0.070262
0.115	0.0709145
0.116	0.0715678
0.117	0.0722216
0.118	0.0728762
0.119	0.0735314
0.12	0.0741872
0.121	0.0748437
0.122	0.0755009
0.123	0.0761587
0.124	0.0768172
0.125	0.0774764
0.126	0.0781362
0.127	0.0787967
0.128	0.0794578
0.129	0.0801196
0.13	0.0807821
0.131	0.0814452
0.132	0.082109
0.133	0.0827735
0.134	0.0834387
0.135	0.0841045
0.136	0.0847709
0.137	0.0854381
0.138	0.0861059
0.139	0.0867744
0.14	0.0874436
0.141	0.0881134
0.142	0.0887839
0.143	0.0894551
0.144	0.0901269
0.145	0.0907995
0.146	0.0914727
0.147	0.0921466
0.148	0.0928211
0.149	0.0934963
0.15	0.0941723
0.151	0.0948488
0.152	0.0955261
0.153	0.0962041
0.154	0.0968827
0.155	0.097562
0.156	0.098242
0.157	0.0989227
0.158	0.099604
0.159	0.100286
0.16	0.100969
0.161	0.101652
0.162	0.102336
0.163	0.103021
0.164	0.103707
0.165	0.104393
0.166	0.10508
0.167	0.105767
0.168	0.106455
0.169	0.107144
0.17	0.107834
0.171	0.108524
0.172	0.109215
0.173	0.109907
0.174	0.110599
0.175	0.111292
0.176	0.111986
0.177	0.11268
0.178	0.113375
0.179	0.114071
0.18	0.114768
0.181	0.115465
0.182	0.116163
0.183	0.116862
0.184	0.117561
0.185	0.118261
0.186	0.118962
0.187	0.119663
0.188	0.120365
0.189	0.121068
0.19	0.121772
0.191	0.122476
0.192	0.123181
0.193	0.123887
0.194	0.124593
0.195	0.1253
0.196	0.126008
0.197	0.126716
0.198	0.127426
0.199	0.128136
0.2	0.128846
0.201	0.129557
0.202	0.13027
0.203	0.130982
0.204	0.131696
0.205	0.13241
0.206	0.133125
0.207	0.13384
0.208	0.134557
0.209	0.135274
0.21	0.135992
0.211	0.13671
0.212	0.137429
0.213	0.138149
0.214	0.13887
0.215	0.139591
0.216	0.140313
0.217	0.141036
0.218	0.14176
0.219	0.142484
0.22	0.143209
0.221	0.143935
0.222	0.144661
0.223	0.145388
0.224	0.146116
0.225	0.146845
0.226	0.147574
0.227	0.148304
0.228	0.149035
0.229	0.149766
0.23	0.150499
0.231	0.151232
0.232	0.151965
0.233	0.1527
0.234	0.153435
0.235	0.154171
0.236	0.154908
0.237	0.155645
0.238	0.156383
0.239	0.157122
0.24	0.157862
0.241	0.158602
0.242	0.159343
0.243	0.160085
0.244	0.160828
0.245	0.161571
0.246	0.162315
0.247	0.16306
0.248	0.163805
0.249	0.164552
0.25	0.165299
0.251	0.166046
0.252	0.166795
0.253	0.167544
0.254	0.168294
0.255	0.169045
0.256	0.169797
0.257	0.170549
0.258	0.171302
0.259	0.172056
0.26	0.17281
0.261	0.173565
0.262	0.174322
0.263	0.175078
0.264	0.175836
0.265	0.176594
0.266	0.177353
0.267	0.178113
0.268	0.178874
0.269	0.179635
0.27	0.180397
0.271	0.18116
0.272	0.181924
0.273	0.182688
0.274	0.183453
0.275	0.184219
0.276	0.184986
0.277	0.185753
0.278	0.186522
0.279	0.187291
0.28	0.18806
0.281	0.188831
0.282	0.189602
0.283	0.190374
0.284	0.191147
0.285	0.191921
0.286	0.192695
0.287	0.19347
0.288	0.194246
0.289	0.195023
0.29	0.1958
0.291	0.196579
0.292	0.197358
0.293	0.198137
0.294	0.198918
0.295	0.199699
0.296	0.200481
0.297	0.201264
0.298	0.202048
0.299	0.202833
0.3	0.203618
0.301	0.204404
0.302	0.205191
0.303	0.205978
0.304	0.206767
0.305	0.207556
0.306	0.208346
0.307	0.209137
0.308	0.209928
0.309	0.210721
0.31	0.211514
0.311	0.212308
0.312	0.213103
0.313	0.213898
0.314	0.214695
0.315	0.215492
0.316	0.21629
0.317	0.217088
0.318	0.217888
0.319	0.218688
0.32	0.219489
0.321	0.220291
0.322	0.221094
0.323	0.221897
0.324	0.222702
0.325	0.223507
0.326	0.224313
0.327	0.22512
0.328	0.225927
0.329	0.226735
0.33	0.227545
0.331	0.228355
0.332	0.229165
0.333	0.229977
0.334	0.230789
0.335	0.231602
0.336	0.232417
0.337	0.233231
0.338	0.234047
0.339	0.234863
0.34	0.235681
0.341	0.236499
0.342	0.237318
0.343	0.238137
0.344	0.238958
0.345	0.239779
0.346	0.240601
0.347	0.241424
0.348	0.242248
0.349	0.243073
0.35	0.243898
0.351	0.244725
0.352	0.245552
0.353	0.24638
0.354	0.247209
0.355	0.248038
0.356	0.248869
0.357	0.2497
0.358	0.250532
0.359	0.251365
0.36	0.252199
0.361	0.253033
0.362	0.253869
0.363	0.254705
0.364	0.255542
0.365	0.25638
0.366	0.257219
0.367	0.258058
0.368	0.258899
0.369	0.25974
0.37	0.260582
0.371	0.261425
0.372	0.262269
0.373	0.263113
0.374	0.263959
0.375	0.264805
0.376	0.265652
0.377	0.2665
0.378	0.267349
0.379	0.268199
0.38	0.26905
0.381	0.269901
0.382	0.270753
0.383	0.271606
0.384	0.27246
0.385	0.273315
0.386	0.274171
0.387	0.275027
0.388	0.275885
0.389	0.276743
0.39	0.277602
0.391	0.278462
0.392	0.279323
0.393	0.280185
0.394	0.281047
0.395	0.281911
0.396	0.282775
0.397	0.28364
0.398	0.284506
0.399	0.285373
0.4	0.28624
0.401	0.287109
0.402	0.287979
0.403	0.288849
0.404	0.28972
0.405	0.290592
0.406	0.291465
0.407	0.292339
0.408	0.293214
0.409	0.294089
0.41	0.294966
0.411	0.295843
0.412	0.296721
0.413	0.2976
0.414	0.29848
0.415	0.299361
0.416	0.300243
0.417	0.301125
0.418	0.302009
0.419	0.302893
0.42	0.303778
0.421	0.304664
0.422	0.305551
0.423	0.306439
0.424	0.307328
0.425	0.308218
0.426	0.309108
0.427	0.31
0.428	0.310892
0.429	0.311785
0.43	0.312679
0.431	0.313574
0.432	0.31447
0.433	0.315367
0.434	0.316265
0.435	0.317163
0.436	0.318063
0.437	0.318963
0.438	0.319864
0.439	0.320767
0.44	0.32167
0.441	0.322574
0.442	0.323479
0.443	0.324384
0.444	0.325291
0.445	0.326199
0.446	0.327107
0.447	0.328017
0.448	0.328927
0.449	0.329838
0.45	0.330751
0.451	0.331664
0.452	0.332578
0.453	0.333493
0.454	0.334408
0.455	0.335325
0.456	0.336243
0.457	0.337161
0.458	0.338081
0.459	0.339001
0.46	0.339923
0.461	0.340845
0.462	0.341768
0.463	0.342692
0.464	0.343617
0.465	0.344543
0.466	0.34547
0.467	0.346398
0.468	0.347326
0.469	0.348256
0.47	0.349187
0.471	0.350118
0.472	0.351051
0.473	0.351984
0.474	0.352918
0.475	0.353853
0.476	0.35479
0.477	0.355727
0.478	0.356665
0.479	0.357604
0.48	0.358544
0.481	0.359485
0.482	0.360426
0.483	0.361369
0.484	0.362313
0.485	0.363258
0.486	0.364203
0.487	0.36515
0.488	0.366097
0.489	0.367046
0.49	0.367995
0.491	0.368945
0.492	0.369897
0.493	0.370849
0.494	0.371802
0.495	0.372756
0.496	0.373711
0.497	0.374667
0.498	0.375624
0.499	0.376582
0.5	0.377541
0.501	0.378501
0.502	0.379462
0.503	0.380424
0.504	0.381386
0.505	0.38235
0.506	0.383315
0.507	0.38428
0.508	0.385247
0.509	0.386215
0.51	0.387183
0.511	0.388153
0.512	0.389123
0.513	0.390095
0.514	0.391067
0.515	0.392041
0.516	0.393015
0.517	0.39399
0.518	0.394967
0.519	0.395944
0.52	0.396922
0.521	0.397902
0.522	0.398882
0.523	0.399863
0.524	0.400845
0.525	0.401828
0.526	0.402813
0.527	0.403798
0.528	0.404784
0.529	0.405771
0.53	0.406759
0.531	0.407748
0.532	0.408738
0.533	0.40973
0.534	0.410722
0.535	0.411715
0.536	0.412709
0.537	0.413704
0.538	0.4147
0.539	0.415697
0.54	0.416695
0.541	0.417694
0.542	0.418694
0.543	0.419695
0.544	0.420697
0.545	0.4217
0.546	0.422704
0.547	0.42371
0.548	0.424716
0.549	0.425723
0.55	0.426731
0.551	0.42774
0.552	0.42875
0.553	0.429761
0.554	0.430773
0.555	0.431786
0.556	0.432801
0.557	0.433816
0.558	0.434832
0.559	0.435849
0.56	0.436868
0.561	0.437887
0.562	0.438907
0.563	0.439928
0.564	0.440951
0.565	0.441974
0.566	0.442998
0.567	0.444024
0.568	0.44505
0.569	0.446078
0.57	0.447106
0.571	0.448136
0.572	0.449166
0.573	0.450198
0.574	0.45123
0.575	0.452264
0.576	0.453299
0.577	0.454334
0.578	0.455371
0.579	0.456409
0.58	0.457448
0.581	0.458488
0.582	0.459529
0.583	0.460571
0.584	0.461614
0.585	0.462658
0.586	0.463703
0.587	0.464749
0.588	0.465796
0.589	0.466844
0.59	0.467893
0.591	0.468944
0.592	0.469995
0.593	0.471048
0.594	0.472101
0.595	0.473156
0.596	0.474211
0.597	0.475268
0.598	0.476326
0.599	0.477384
0.6	0.478444
0.601	0.479505
0.602	0.480567
0.603	0.48163
0.604	0.482694
0.605	0.483759
0.606	0.484826
0.607	0.485893
0.608	0.486961
0.609	0.488031
0.61	0.489101
0.611	0.490173
0.612	0.491245
0.613	0.492319
0.614	0.493394
0.615	0.49447
0.616	0.495547
0.617	0.496625
0.618	0.497704
0.619	0.498784
0.62	0.499865
0.621	0.500948
0.622	0.502031
0.623	0.503116
0.624	0.504201
0.625	0.505288
0.626	0.506376
0.627	0.507465
0.628	0.508555
0.629	0.509646
0.63	0.510738
0.631	0.511831
0.632	0.512925
0.633	0.514021
0.634	0.515117
0.635	0.516215
0.636	0.517314
0.637	0.518414
0.638	0.519515
0.639	0.520617
0.64	0.52172
0.641	0.522824
0.642	0.523929
0.643	0.525036
0.644	0.526143
0.645	0.527252
0.646	0.528362
0.647	0.529473
0.648	0.530585
0.649	0.531698
0.65	0.532812
0.651	0.533928
0.652	0.535044
0.653	0.536162
0.654	0.53728
0.655	0.5384
0.656	0.539521
0.657	0.540643
0.658	0.541766
0.659	0.542891
0.66	0.544016
0.661	0.545143
0.662	0.546271
0.663	0.547399
0.664	0.548529
0.665	0.54966
0.666	0.550793
0.667	0.551926
0.668	0.553061
0.669	0.554196
0.67	0.555333
0.671	0.556471
0.672	0.55761
0.673	0.55875
0.674	0.559892
0.675	0.561034
0.676	0.562178
0.677	0.563323
0.678	0.564468
0.679	0.565616
0.68	0.566764
0.681	0.567913
0.682	0.569064
0.683	0.570215
0.684	0.571368
0.685	0.572522
0.686	0.573677
0.687	0.574834
0.688	0.575991
0.689	0.57715
0.69	0.578309
0.691	0.57947
0.692	0.580633
0.693	0.581796
0.694	0.58296
0.695	0.584126
0.696	0.585293
0.697	0.586461
0.698	0.58763
0.699	0.5888
0.7	0.589971
0.701	0.591144
0.702	0.592318
0.703	0.593493
0.704	0.594669
0.705	0.595846
0.706	0.597025
0.707	0.598204
0.708	0.599385
0.709	0.600567
0.71	0.601751
0.711	0.602935
0.712	0.604121
0.713	0.605307
0.714	0.606495
0.715	0.607685
0.716	0.608875
0.717	0.610067
0.718	0.611259
0.719	0.612453
0.72	0.613648
0.721	0.614845
0.722	0.616042
0.723	0.617241
0.724	0.618441
0.725	0.619642
0.726	0.620844
0.727	0.622048
0.728	0.623253
0.729	0.624459
0.73	0.625666
0.731	0.626874
0.732	0.628084
0.733	0.629295
0.734	0.630507
0.735	0.63172
0.736	0.632934
0.737	0.63415
0.738	0.635367
0.739	0.636585
0.74	0.637804
0.741	0.639025
0.742	0.640246
0.743	0.641469
0.744	0.642694
0.745	0.643919
0.746	0.645146
0.747	0.646374
0.748	0.647603
0.749	0.648833
0.75	0.650065
0.751	0.651297
0.752	0.652531
0.753	0.653767
0.754	0.655003
0.755	0.656241
0.756	0.65748
0.757	0.65872
0.758	0.659962
0.759	0.661204
0.76	0.662448
0.761	0.663694
0.762	0.66494
0.763	0.666188
0.764	0.667437
0.765	0.668687
0.766	0.669938
0.767	0.671191
0.768	0.672445
0.769	0.6737
0.77	0.674957
0.771	0.676214
0.772	0.677473
0.773	0.678734
0.774	0.679995
0.775	0.681258
0.776	0.682522
0.777	0.683787
0.778	0.685054
0.779	0.686322
0.78	0.687591
0.781	0.688861
0.782	0.690133
0.783	0.691406
0.784	0.69268
0.785	0.693955
0.786	0.695232
0.787	0.69651
0.788	0.697789
0.789	0.69907
0.79	0.700352
0.791	0.701635
0.792	0.702919
0.793	0.704205
0.794	0.705492
0.795	0.70678
0.796	0.70807
0.797	0.709361
0.798	0.710653
0.799	0.711946
0.8	0.713241
0.801	0.714537
0.802	0.715834
0.803	0.717133
0.804	0.718433
0.805	0.719734
0.806	0.721037
0.807	0.72234
0.808	0.723645
0.809	0.724952
0.81	0.72626
0.811	0.727569
0.812	0.728879
0.813	0.730191
0.814	0.731504
0.815	0.732818
0.816	0.734134
0.817	0.73545
0.818	0.736769
0.819	0.738088
0.82	0.739409
0.821	0.740731
0.822	0.742055
0.823	0.74338
0.824	0.744706
0.825	0.746033
0.826	0.747362
0.827	0.748692
0.828	0.750024
0.829	0.751357
0.83	0.752691
0.831	0.754026
0.832	0.755363
0.833	0.756701
0.834	0.758041
0.835	0.759381
0.836	0.760724
0.837	0.762067
0.838	0.763412
0.839	0.764758
0.84	0.766106
0.841	0.767454
0.842	0.768805
0.843	0.770156
0.844	0.771509
0.845	0.772863
0.846	0.774219
0.847	0.775576
0.848	0.776934
0.849	0.778294
0.85	0.779655
0.851	0.781018
0.852	0.782381
0.853	0.783746
0.854	0.785113
0.855	0.786481
0.856	0.78785
0.857	0.789221
0.858	0.790593
0.859	0.791966
0.86	0.793341
0.861	0.794717
0.862	0.796094
0.863	0.797473
0.864	0.798853
0.865	0.800235
0.866	0.801618
0.867	0.803002
0.868	0.804388
0.869	0.805775
0.87	0.807163
0.871	0.808553
0.872	0.809944
0.873	0.811337
0.874	0.812731
0.875	0.814127
0.876	0.815523
0.877	0.816922
0.878	0.818321
0.879	0.819722
0.88	0.821125
0.881	0.822528
0.882	0.823934
0.883	0.82534
0.884	0.826748
0.885	0.828158
0.886	0.829569
0.887	0.830981
0.888	0.832394
0.889	0.833809
0.89	0.835226
0.891	0.836644
0.892	0.838063
0.893	0.839484
0.894	0.840906
0.895	0.842329
0.896	0.843754
0.897	0.845181
0.898	0.846609
0.899	0.848038
0.9	0.849468
0.901	0.8509
0.902	0.852334
0.903	0.853769
0.904	0.855205
0.905	0.856643
0.906	0.858082
0.907	0.859523
0.908	0.860965
0.909	0.862409
0.91	0.863854
0.911	0.8653
0.912	0.866748
0.913	0.868197
0.914	0.869648
0.915	0.8711
0.916	0.872554
0.917	0.874009
0.918	0.875465
0.919	0.876923
0.92	0.878383
0.921	0.879844
0.922	0.881306
0.923	0.88277
0.924	0.884235
0.925	0.885702
0.926	0.88717
0.927	0.888639
0.928	0.890111
0.929	0.891583
0.93	0.893057
0.931	0.894533
0.932	0.89601
0.933	0.897488
0.934	0.898968
0.935	0.900449
0.936	0.901932
0.937	0.903417
0.938	0.904902
0.939	0.90639
0.94	0.907878
0.941	0.909369
0.942	0.91086
0.943	0.912354
0.944	0.913848
0.945	0.915344
0.946	0.916842
0.947	0.918341
0.948	0.919842
0.949	0.921344
0.95	0.922848
0.951	0.924353
0.952	0.92586
0.953	0.927368
0.954	0.928877
0.955	0.930388
0.956	0.931901
0.957	0.933415
0.958	0.934931
0.959	0.936448
0.96	0.937967
0.961	0.939487
0.962	0.941009
0.963	0.942532
0.964	0.944056
0.965	0.945583
0.966	0.94711
0.967	0.94864
0.968	0.950171
0.969	0.951703
0.97	0.953237
0.971	0.954772
0.972	0.956309
0.973	0.957847
0.974	0.959387
0.975	0.960929
0.976	0.962472
0.977	0.964016
0.978	0.965562
0.979	0.96711
0.98	0.968659
0.981	0.97021
0.982	0.971762
0.983	0.973316
0.984	0.974871
0.985	0.976428
0.986	0.977986
0.987	0.979546
0.988	0.981107
0.989	0.98267
0.99	0.984235
0.991	0.985801
0.992	0.987369
0.993	0.988938
0.994	0.990509
0.995	0.992081
0.996	0.993655
0.997	0.995231
0.998	0.996808
0.999	0.998386
