# Interpolation data for function: (exp(x)-1)/(exp(1)-1)
0	-1.80797e-09
0.001	0.000582266
0.002	0.00116512
0.003	0.00174855
0.004	0.00233257
0.005	0.00291717
0.006	0.00350236
0.007	0.00408813
0.008	0.00467449
0.009	0.00526143
0.01	0.00584896
0.011	0.00643708
0.012	0.00702579
0.013	0.00761509
0.014	0.00820497
0.015	0.00879545
0.016	0.00938652
0.017	0.00997818
0.018	0.0105704
0.019	0.0111633
0.02	0.0117567
0.021	0.0123507
0.022	0.0129454
0.023	0.0135406
0.024	0.0141364
0.025	0.0147328
0.026	0.0153298
0.027	0.0159274
0.028	0.0165256
0.029	0.0171244
0.03	0.0177238
0.031	0.0183238
0.032	0.0189244
0.033	0.0195256
0.034	0.0201274
0.035	0.0207298
0.036	0.0213328
0.037	0.0219365
0.038	0.0225407
0.039	0.0231455
0.04	0.0237509
0.041	0.024357
0.042	0.0249636
0.043	0.0255708
0.044	0.0261787
0.045	0.0267871
0.046	0.0273962
0.047	0.0280059
0.048	0.0286162
0.049	0.0292271
0.05	0.0298386
0.051	0.0304507
0.052	0.0310634
0.053	0.0316768
0.054	0.0322907
0.055	0.0329053
0.056	0.0335205
0.057	0.0341363
0.058	0.0347527
0.059	0.0353698
0.06	0.0359874
0.061	0.0366057
0.062	0.0372246
0.063	0.0378441
0.064	0.0384642
0.065	0.039085
0.066	0.0397064
0.067	0.0403284
0.068	0.040951
0.069	0.0415742
0.07	0.0421981
0.071	0.0428226
0.072	0.0434477
0.073	0.0440734
0.074	0.0446998
0.075	0.0453268
0.076	0.0459544
0.077	0.0465826
0.078	0.0472115
0.079	0.047841
0.08	0.0484711
0.081	0.0491019
0.082	0.0497333
0.083	0.0503653
0.084	0.050998
0.085	0.0516313
0.086	0.0522652
0.087	0.0528998
0.088	0.0535349
0.089	0.0541708
0.09	0.0548072
0.091	0.0554443
0.092	0.0560821
0.093	0.0567205
0.094	0.0573595
0.095	0.0579991
0.096	0.0586394
0.097	0.0592804
0.098	0.0599219
0.099	0.0605642
0.1	0.061207
0.101	0.0618505
0.102	0.0624947
0.103	0.0631395
0.104	0.0637849
0.105	0.064431
0.106	0.0650777
0.107	0.0657251
0.108	0.0663731
0.109	0.0670218
0.11	0.0676711
0.111	0.0683211
0.112	0.0689717
0.113	0.069623
0.114	0.0702749
0.115	0.0709275
0.116	0.0715807
0.117	0.0722346
0.118	0.0728892
0.119	0.0735443
0.12	0.0742002
0.121	0.0748567
0.122	0.0755139
0.123	0.0761717
0.124	0.0768302
0.125	0.0774893
0.126	0.0781491
0.127	0.0788095
0.128	0.0794707
0.129	0.0801324
0.13	0.0807949
0.131	0.081458
0.132	0.0821218
0.133	0.0827862
0.134	0.0834513
0.135	0.084117
0.136	0.0847835
0.137	0.0854506
0.138	0.0861183
0.139	0.0867868
0.14	0.0874559
0.141	0.0881256
0.142	0.0887961
0.143	0.0894672
0.144	0.0901389
0.145	0.0908114
0.146	0.0914845
0.147	0.0921583
0.148	0.0928328
0.149	0.0935079
0.15	0.0941838
0.151	0.0948603
0.152	0.0955374
0.153	0.0962153
0.154	0.0968938
0.155	0.097573
0.156	0.0982529
0.157	0.0989335
0.158	0.0996147
0.159	0.100297
0.16	0.100979
0.161	0.101663
0.162	0.102347
0.163	0.103031
0.164	0.103717
0.165	0.104403
0.166	0.105089
0.167	0.105777
0.168	0.106465
0.169	0.107154
0.17	0.107843
0.171	0.108533
0.172	0.109224
0.173	0.109916
0.174	0.110608
0.175	0.111301
0.176	0.111994
0.177	0.112689
0.178	0.113384
0.179	0.11408
0.18	0.114776
0.181	0.115473
0.182	0.116171
0.183	0.116869
0.184	0.117569
0.185	0.118268
0.186	0.118969
0.187	0.11967
0.188	0.120372
0.189	0.121075
0.19	0.121778
0.191	0.122482
0.192	0.123187
0.193	0.123893
0.194	0.124599
0.195	0.125306
0.196	0.126014
0.197	0.126722
0.198	0.127431
0.199	0.128141
0.2	0.128851
0.201	0.129562
0.202	0.130274
0.203	0.130987
0.204	0.1317
0.205	0.132414
0.206	0.133129
0.207	0.133844
0.208	0.134561
0.209	0.135278
0.21	0.135995
0.211	0.136714
0.212	0.137433
0.213	0.138152
0.214	0.138873
0.215	0.139594
0.216	0.140316
0.217	0.141039
0.218	0.141762
0.219	0.142486
0.22	0.143211
0.221	0.143936
0.222	0.144663
0.223	0.14539
0.224	0.146117
0.225	0.146846
0.226	0.147575
0.227	0.148305
0.228	0.149036
0.229	0.149767
0.23	0.150499
0.231	0.151232
0.232	0.151966
0.233	0.1527
0.234	0.153435
0.235	0.154171
0.236	0.154907
0.237	0.155645
0.238	0.156382
0.239	0.157121
0.24	0.157861
0.241	0.158601
0.242	0.159342
0.243	0.160084
0.244	0.160826
0.245	0.161569
0.246	0.162313
0.247	0.163058
0.248	0.163803
0.249	0.164549
0.25	0.165296
0.251	0.166044
0.252	0.166792
0.253	0.167541
0.254	0.168291
0.255	0.169042
0.256	0.169793
0.257	0.170545
0.258	0.171298
0.259	0.172052
0.26	0.172806
0.261	0.173562
0.262	0.174317
0.263	0.175074
0.264	0.175832
0.265	0.17659
0.266	0.177349
0.267	0.178108
0.268	0.178869
0.269	0.17963
0.27	0.180392
0.271	0.181155
0.272	0.181918
0.273	0.182683
0.274	0.183448
0.275	0.184213
0.276	0.18498
0.277	0.185747
0.278	0.186516
0.279	0.187284
0.28	0.188054
0.281	0.188824
0.282	0.189596
0.283	0.190368
0.284	0.19114
0.285	0.191914
0.286	0.192688
0.287	0.193463
0.288	0.194239
0.289	0.195016
0.29	0.195793
0.291	0.196571
0.292	0.19735
0.293	0.19813
0.294	0.19891
0.295	0.199692
0.296	0.200474
0.297	0.201256
0.298	0.20204
0.299	0.202824
0.3	0.20361
0.301	0.204396
0.302	0.205182
0.303	0.20597
0.304	0.206758
0.305	0.207547
0.306	0.208337
0.307	0.209128
0.308	0.20992
0.309	0.210712
0.31	0.211505
0.311	0.212299
0.312	0.213094
0.313	0.213889
0.314	0.214685
0.315	0.215482
0.316	0.21628
0.317	0.217079
0.318	0.217878
0.319	0.218679
0.32	0.21948
0.321	0.220281
0.322	0.221084
0.323	0.221888
0.324	0.222692
0.325	0.223497
0.326	0.224303
0.327	0.225109
0.328	0.225917
0.329	0.226725
0.33	0.227534
0.331	0.228344
0.332	0.229155
0.333	0.229967
0.334	0.230779
0.335	0.231592
0.336	0.232406
0.337	0.233221
0.338	0.234036
0.339	0.234853
0.34	0.23567
0.341	0.236488
0.342	0.237307
0.343	0.238127
0.344	0.238947
0.345	0.239769
0.346	0.240591
0.347	0.241414
0.348	0.242237
0.349	0.243062
0.35	0.243888
0.351	0.244714
0.352	0.245541
0.353	0.246369
0.354	0.247198
0.355	0.248027
0.356	0.248858
0.357	0.249689
0.358	0.250521
0.359	0.251354
0.36	0.252188
0.361	0.253022
0.362	0.253858
0.363	0.254694
0.364	0.255531
0.365	0.256369
0.366	0.257208
0.367	0.258047
0.368	0.258888
0.369	0.259729
0.37	0.260571
0.371	0.261414
0.372	0.262258
0.373	0.263103
0.374	0.263948
0.375	0.264794
0.376	0.265642
0.377	0.26649
0.378	0.267339
0.379	0.268188
0.38	0.269039
0.381	0.26989
0.382	0.270743
0.383	0.271596
0.384	0.27245
0.385	0.273305
0.386	0.27416
0.387	0.275017
0.388	0.275874
0.389	0.276733
0.39	0.277592
0.391	0.278452
0.392	0.279313
0.393	0.280174
0.394	0.281037
0.395	0.2819
0.396	0.282765
0.397	0.28363
0.398	0.284496
0.399	0.285363
0.4	0.286231
0.401	0.287099
0.402	0.287969
0.403	0.288839
0.404	0.28971
0.405	0.290582
0.406	0.291455
0.407	0.292329
0.408	0.293204
0.409	0.29408
0.41	0.294956
0.411	0.295834
0.412	0.296712
0.413	0.297591
0.414	0.298471
0.415	0.299352
0.416	0.300234
0.417	0.301116
0.418	0.302
0.419	0.302884
0.42	0.303769
0.421	0.304656
0.422	0.305543
0.423	0.306431
0.424	0.30732
0.425	0.308209
0.426	0.3091
0.427	0.309991
0.428	0.310884
0.429	0.311777
0.43	0.312671
0.431	0.313566
0.432	0.314462
0.433	0.315359
0.434	0.316257
0.435	0.317156
0.436	0.318055
0.437	0.318956
0.438	0.319857
0.439	0.32076
0.44	0.321663
0.441	0.322567
0.442	0.323472
0.443	0.324378
0.444	0.325285
0.445	0.326192
0.446	0.327101
0.447	0.32801
0.448	0.328921
0.449	0.329832
0.45	0.330744
0.451	0.331658
0.452	0.332572
0.453	0.333487
0.454	0.334403
0.455	0.335319
0.456	0.336237
0.457	0.337156
0.458	0.338076
0.459	0.338996
0.46	0.339917
0.461	0.34084
0.462	0.341763
0.463	0.342687
0.464	0.343612
0.465	0.344538
0.466	0.345465
0.467	0.346393
0.468	0.347322
0.469	0.348252
0.47	0.349183
0.471	0.350114
0.472	0.351047
0.473	0.35198
0.474	0.352915
0.475	0.35385
0.476	0.354786
0.477	0.355724
0.478	0.356662
0.479	0.357601
0.48	0.358541
0.481	0.359482
0.482	0.360424
0.483	0.361367
0.484	0.362311
0.485	0.363255
0.486	0.364201
0.487	0.365148
0.488	0.366095
0.489	0.367044
0.49	0.367993
0.491	0.368944
0.492	0.369895
0.493	0.370848
0.494	0.371801
0.495	0.372755
0.496	0.37371
0.497	0.374666
0.498	0.375624
0.499	0.376582
0.5	0.377541
0.501	0.378501
0.502	0.379462
0.503	0.380424
0.504	0.381386
0.505	0.38235
0.506	0.383315
0.507	0.384281
0.508	0.385248
0.509	0.386215
0.51	0.387184
0.511	0.388154
0.512	0.389124
0.513	0.390096
0.514	0.391068
0.515	0.392042
0.516	0.393016
0.517	0.393992
0.518	0.394968
0.519	0.395946
0.52	0.396924
0.521	0.397904
0.522	0.398884
0.523	0.399865
0.524	0.400848
0.525	0.401831
0.526	0.402815
0.527	0.403801
0.528	0.404787
0.529	0.405774
0.53	0.406762
0.531	0.407752
0.532	0.408742
0.533	0.409733
0.534	0.410725
0.535	0.411718
0.536	0.412713
0.537	0.413708
0.538	0.414704
0.539	0.415701
0.54	0.416699
0.541	0.417698
0.542	0.418699
0.543	0.4197
0.544	0.420702
0.545	0.421705
0.546	0.422709
0.547	0.423715
0.548	0.424721
0.549	0.425728
0.55	0.426736
0.551	0.427745
0.552	0.428756
0.553	0.429767
0.554	0.430779
0.555	0.431792
0.556	0.432807
0.557	0.433822
0.558	0.434838
0.559	0.435856
0.56	0.436874
0.561	0.437893
0.562	0.438914
0.563	0.439935
0.564	0.440957
0.565	0.441981
0.566	0.443005
0.567	0.444031
0.568	0.445057
0.569	0.446085
0.57	0.447114
0.571	0.448143
0.572	0.449174
0.573	0.450205
0.574	0.451238
0.575	0.452272
0.576	0.453307
0.577	0.454342
0.578	0.455379
0.579	0.456417
0.58	0.457456
0.581	0.458496
0.582	0.459537
0.583	0.460579
0.584	0.461622
0.585	0.462666
0.586	0.463711
0.587	0.464758
0.588	0.465805
0.589	0.466853
0.59	0.467903
0.591	0.468953
0.592	0.470004
0.593	0.471057
0.594	0.47211
0.595	0.473165
0.596	0.474221
0.597	0.475277
0.598	0.476335
0.599	0.477394
0.6	0.478454
0.601	0.479515
0.602	0.480577
0.603	0.48164
0.604	0.482704
0.605	0.483769
0.606	0.484836
0.607	0.485903
0.608	0.486971
0.609	0.488041
0.61	0.489111
0.611	0.490183
0.612	0.491256
0.613	0.49233
0.614	0.493404
0.615	0.49448
0.616	0.495557
0.617	0.496635
0.618	0.497715
0.619	0.498795
0.62	0.499876
0.621	0.500959
0.622	0.502042
0.623	0.503127
0.624	0.504212
0.625	0.505299
0.626	0.506387
0.627	0.507476
0.628	0.508566
0.629	0.509657
0.63	0.510749
0.631	0.511842
0.632	0.512937
0.633	0.514032
0.634	0.515129
0.635	0.516226
0.636	0.517325
0.637	0.518425
0.638	0.519526
0.639	0.520628
0.64	0.521731
0.641	0.522835
0.642	0.523941
0.643	0.525047
0.644	0.526155
0.645	0.527263
0.646	0.528373
0.647	0.529484
0.648	0.530596
0.649	0.531709
0.65	0.532823
0.651	0.533939
0.652	0.535055
0.653	0.536173
0.654	0.537292
0.655	0.538411
0.656	0.539532
0.657	0.540654
0.658	0.541778
0.659	0.542902
0.66	0.544027
0.661	0.545154
0.662	0.546282
0.663	0.54741
0.664	0.54854
0.665	0.549671
0.666	0.550804
0.667	0.551937
0.668	0.553072
0.669	0.554207
0.67	0.555344
0.671	0.556482
0.672	0.557621
0.673	0.558761
0.674	0.559902
0.675	0.561045
0.676	0.562188
0.677	0.563333
0.678	0.564479
0.679	0.565626
0.68	0.566774
0.681	0.567923
0.682	0.569074
0.683	0.570226
0.684	0.571378
0.685	0.572532
0.686	0.573687
0.687	0.574844
0.688	0.576001
0.689	0.57716
0.69	0.578319
0.691	0.57948
0.692	0.580642
0.693	0.581805
0.694	0.58297
0.695	0.584135
0.696	0.585302
0.697	0.58647
0.698	0.587639
0.699	0.588809
0.7	0.58998
0.701	0.591153
0.702	0.592327
0.703	0.593502
0.704	0.594678
0.705	0.595855
0.706	0.597033
0.707	0.598213
0.708	0.599394
0.709	0.600576
0.71	0.601759
0.711	0.602943
0.712	0.604129
0.713	0.605315
0.714	0.606503
0.715	0.607692
0.716	0.608883
0.717	0.610074
0.718	0.611267
0.719	0.612461
0.72	0.613656
0.721	0.614852
0.722	0.616049
0.723	0.617248
0.724	0.618448
0.725	0.619649
0.726	0.620851
0.727	0.622054
0.728	0.623259
0.729	0.624465
0.73	0.625672
0.731	0.62688
0.732	0.62809
0.733	0.6293
0.734	0.630512
0.735	0.631725
0.736	0.63294
0.737	0.634155
0.738	0.635372
0.739	0.63659
0.74	0.637809
0.741	0.639029
0.742	0.640251
0.743	0.641474
0.744	0.642698
0.745	0.643923
0.746	0.64515
0.747	0.646377
0.748	0.647606
0.749	0.648837
0.75	0.650068
0.751	0.651301
0.752	0.652535
0.753	0.65377
0.754	0.655006
0.755	0.656244
0.756	0.657482
0.757	0.658723
0.758	0.659964
0.759	0.661206
0.76	0.66245
0.761	0.663695
0.762	0.664942
0.763	0.666189
0.764	0.667438
0.765	0.668688
0.766	0.669939
0.767	0.671192
0.768	0.672446
0.769	0.673701
0.77	0.674957
0.771	0.676215
0.772	0.677473
0.773	0.678733
0.774	0.679995
0.775	0.681257
0.776	0.682521
0.777	0.683786
0.778	0.685053
0.779	0.68632
0.78	0.687589
0.781	0.68886
0.782	0.690131
0.783	0.691404
0.784	0.692678
0.785	0.693953
0.786	0.69523
0.787	0.696507
0.788	0.697787
0.789	0.699067
0.79	0.700349
0.791	0.701632
0.792	0.702916
0.793	0.704201
0.794	0.705488
0.795	0.706776
0.796	0.708066
0.797	0.709356
0.798	0.710648
0.799	0.711942
0.8	0.713236
0.801	0.714532
0.802	0.715829
0.803	0.717128
0.804	0.718428
0.805	0.719729
0.806	0.721031
0.807	0.722335
0.808	0.72364
0.809	0.724946
0.81	0.726253
0.811	0.727562
0.812	0.728872
0.813	0.730184
0.814	0.731497
0.815	0.732811
0.816	0.734126
0.817	0.735443
0.818	0.736761
0.819	0.738081
0.82	0.739401
0.821	0.740723
0.822	0.742047
0.823	0.743371
0.824	0.744697
0.825	0.746025
0.826	0.747353
0.827	0.748683
0.828	0.750015
0.829	0.751347
0.83	0.752681
0.831	0.754017
0.832	0.755353
0.833	0.756691
0.834	0.758031
0.835	0.759371
0.836	0.760713
0.837	0.762057
0.838	0.763401
0.839	0.764748
0.84	0.766095
0.841	0.767444
0.842	0.768794
0.843	0.770145
0.844	0.771498
0.845	0.772852
0.846	0.774208
0.847	0.775565
0.848	0.776923
0.849	0.778282
0.85	0.779643
0.851	0.781006
0.852	0.782369
0.853	0.783734
0.854	0.785101
0.855	0.786468
0.856	0.787838
0.857	0.789208
0.858	0.79058
0.859	0.791953
0.86	0.793328
0.861	0.794704
0.862	0.796081
0.863	0.79746
0.864	0.79884
0.865	0.800222
0.866	0.801604
0.867	0.802989
0.868	0.804374
0.869	0.805761
0.87	0.80715
0.871	0.80854
0.872	0.809931
0.873	0.811323
0.874	0.812717
0.875	0.814113
0.876	0.81551
0.877	0.816908
0.878	0.818307
0.879	0.819708
0.88	0.821111
0.881	0.822515
0.882	0.82392
0.883	0.825326
0.884	0.826734
0.885	0.828144
0.886	0.829555
0.887	0.830967
0.888	0.83238
0.889	0.833796
0.89	0.835212
0.891	0.83663
0.892	0.838049
0.893	0.83947
0.894	0.840892
0.895	0.842316
0.896	0.843741
0.897	0.845167
0.898	0.846595
0.899	0.848024
0.9	0.849455
0.901	0.850887
0.902	0.852321
0.903	0.853756
0.904	0.855192
0.905	0.85663
0.906	0.858069
0.907	0.85951
0.908	0.860952
0.909	0.862396
0.91	0.863841
0.911	0.865288
0.912	0.866736
0.913	0.868185
0.914	0.869636
0.915	0.871088
0.916	0.872542
0.917	0.873997
0.918	0.875454
0.919	0.876912
0.92	0.878372
0.921	0.879833
0.922	0.881295
0.923	0.882759
0.924	0.884225
0.925	0.885692
0.926	0.88716
0.927	0.88863
0.928	0.890101
0.929	0.891574
0.93	0.893049
0.931	0.894524
0.932	0.896002
0.933	0.89748
0.934	0.898961
0.935	0.900442
0.936	0.901925
0.937	0.90341
0.938	0.904896
0.939	0.906384
0.94	0.907873
0.941	0.909363
0.942	0.910856
0.943	0.912349
0.944	0.913844
0.945	0.915341
0.946	0.916839
0.947	0.918338
0.948	0.919839
0.949	0.921342
0.95	0.922846
0.951	0.924352
0.952	0.925859
0.953	0.927367
0.954	0.928877
0.955	0.930389
0.956	0.931902
0.957	0.933417
0.958	0.934933
0.959	0.936451
0.96	0.93797
0.961	0.939491
0.962	0.941013
0.963	0.942536
0.964	0.944062
0.965	0.945589
0.966	0.947117
0.967	0.948647
0.968	0.950178
0.969	0.951711
0.97	0.953246
0.971	0.954782
0.972	0.956319
0.973	0.957858
0.974	0.959399
0.975	0.960941
0.976	0.962485
0.977	0.96403
0.978	0.965577
0.979	0.967125
0.98	0.968675
0.981	0.970226
0.982	0.971779
0.983	0.973334
0.984	0.97489
0.985	0.976447
0.986	0.978007
0.987	0.979567
0.988	0.98113
0.989	0.982694
0.99	0.984259
0.991	0.985826
0.992	0.987395
0.993	0.988965
0.994	0.990537
0.995	0.99211
0.996	0.993685
0.997	0.995261
0.998	0.996839
0.999	0.998419
