# Interpolation data for function: (exp(x)-1)/(exp(1)-1)
0	-0.0738369
0.001	-0.0728532
0.002	-0.0718695
0.003	-0.0708858
0.004	-0.0699021
0.005	-0.0689183
0.006	-0.0679346
0.007	-0.0669509
0.008	-0.0659672
0.009	-0.0649835
0.01	-0.0639997
0.011	-0.063016
0.012	-0.0620323
0.013	-0.0610486
0.014	-0.0600649
0.015	-0.0590811
0.016	-0.0580974
0.017	-0.0571137
0.018	-0.05613
0.019	-0.0551463
0.02	-0.0541625
0.021	-0.0531788
0.022	-0.0521951
0.023	-0.0512114
0.024	-0.0502277
0.025	-0.0492439
0.026	-0.0482602
0.027	-0.0472765
0.028	-0.0462928
0.029	-0.0453091
0.03	-0.0443253
0.031	-0.0433416
0.032	-0.0423579
0.033	-0.0413742
0.034	-0.0403905
0.035	-0.0394067
0.036	-0.038423
0.037	-0.0374393
0.038	-0.0364556
0.039	-0.0354718
0.04	-0.0344881
0.041	-0.0335044
0.042	-0.0325207
0.043	-0.031537
0.044	-0.0305532
0.045	-0.0295695
0.046	-0.0285858
0.047	-0.0276021
0.048	-0.0266184
0.049	-0.0256346
0.05	-0.0246509
0.051	-0.0236672
0.052	-0.0226835
0.053	-0.0216998
0.054	-0.020716
0.055	-0.0197323
0.056	-0.0187486
0.057	-0.0177649
0.058	-0.0167812
0.059	-0.0157974
0.06	-0.0148137
0.061	-0.01383
0.062	-0.0128463
0.063	-0.0118626
0.064	-0.0108788
0.065	-0.00989512
0.066	-0.0089114
0.067	-0.00792768
0.068	-0.00694396
0.069	-0.00596023
0.07	-0.00497651
0.071	-0.00399279
0.072	-0.00300907
0.073	-0.00202535
0.074	-0.00104163
0.075	-5.79119e-05
0.076	0.000925809
0.077	0.00190953
0.078	0.00289325
0.079	0.00387697
0.08	0.00486069
0.081	0.00584441
0.082	0.00682813
0.083	0.00781185
0.084	0.00879557
0.085	0.00977929
0.086	0.010763
0.087	0.0117467
0.088	0.0127305
0.089	0.0137142
0.09	0.0146979
0.091	0.0156816
0.092	0.0166653
0.093	0.0176491
0.094	0.0186328
0.095	0.0196165
0.096	0.0206002
0.097	0.0215839
0.098	0.0225677
0.099	0.0235514
0.1	0.0245351
0.101	0.0255188
0.102	0.0265025
0.103	0.0274863
0.104	0.02847
0.105	0.0294537
0.106	0.0304374
0.107	0.0314211
0.108	0.0324049
0.109	0.0333886
0.11	0.0343723
0.111	0.035356
0.112	0.0363397
0.113	0.0373235
0.114	0.0383072
0.115	0.0392909
0.116	0.0402746
0.117	0.0412583
0.118	0.0422421
0.119	0.0432258
0.12	0.0442095
0.121	0.0451932
0.122	0.046177
0.123	0.0471607
0.124	0.0481444
0.125	0.0491281
0.126	0.0501118
0.127	0.0510956
0.128	0.0520793
0.129	0.053063
0.13	0.0540467
0.131	0.0550304
0.132	0.0560142
0.133	0.0569979
0.134	0.0579816
0.135	0.0589653
0.136	0.059949
0.137	0.0609328
0.138	0.0619165
0.139	0.0629002
0.14	0.0638839
0.141	0.0648676
0.142	0.0658514
0.143	0.0668351
0.144	0.0678188
0.145	0.0688025
0.146	0.0697862
0.147	0.07077
0.148	0.0717537
0.149	0.0727374
0.15	0.0737211
0.151	0.0747048
0.152	0.0756886
0.153	0.0766723
0.154	0.077656
0.155	0.0786397
0.156	0.0796234
0.157	0.0806072
0.158	0.0815909
0.159	0.0825746
0.16	0.0835583
0.161	0.084542
0.162	0.0855258
0.163	0.0865095
0.164	0.0874932
0.165	0.0884769
0.166	0.0894607
0.167	0.0904444
0.168	0.0914281
0.169	0.0924118
0.17	0.0933955
0.171	0.0943793
0.172	0.095363
0.173	0.0963467
0.174	0.0973304
0.175	0.0983141
0.176	0.0992979
0.177	0.100282
0.178	0.101265
0.179	0.102249
0.18	0.103233
0.181	0.104216
0.182	0.1052
0.183	0.106184
0.184	0.107168
0.185	0.108151
0.186	0.109135
0.187	0.110119
0.188	0.111103
0.189	0.112086
0.19	0.11307
0.191	0.114054
0.192	0.115037
0.193	0.116021
0.194	0.117005
0.195	0.117989
0.196	0.118972
0.197	0.119956
0.198	0.12094
0.199	0.121923
0.2	0.122907
0.201	0.123891
0.202	0.124875
0.203	0.125858
0.204	0.126842
0.205	0.127826
0.206	0.128809
0.207	0.129793
0.208	0.130777
0.209	0.131761
0.21	0.132744
0.211	0.133728
0.212	0.134712
0.213	0.135696
0.214	0.136679
0.215	0.137663
0.216	0.138647
0.217	0.13963
0.218	0.140614
0.219	0.141598
0.22	0.142582
0.221	0.143565
0.222	0.144549
0.223	0.145533
0.224	0.146516
0.225	0.1475
0.226	0.148484
0.227	0.149468
0.228	0.150451
0.229	0.151435
0.23	0.152419
0.231	0.153402
0.232	0.154386
0.233	0.15537
0.234	0.156354
0.235	0.157337
0.236	0.158321
0.237	0.159305
0.238	0.160289
0.239	0.161272
0.24	0.162256
0.241	0.16324
0.242	0.164223
0.243	0.165207
0.244	0.166191
0.245	0.167175
0.246	0.168158
0.247	0.169142
0.248	0.170126
0.249	0.171109
0.25	0.172093
0.251	0.173077
0.252	0.174061
0.253	0.175044
0.254	0.176028
0.255	0.177012
0.256	0.177995
0.257	0.178979
0.258	0.179963
0.259	0.180947
0.26	0.18193
0.261	0.182914
0.262	0.183898
0.263	0.184882
0.264	0.185865
0.265	0.186849
0.266	0.187833
0.267	0.188816
0.268	0.1898
0.269	0.190784
0.27	0.191768
0.271	0.192751
0.272	0.193735
0.273	0.194719
0.274	0.195702
0.275	0.196686
0.276	0.19767
0.277	0.198654
0.278	0.199637
0.279	0.200621
0.28	0.201605
0.281	0.202589
0.282	0.203572
0.283	0.204556
0.284	0.20554
0.285	0.206523
0.286	0.207507
0.287	0.208491
0.288	0.209475
0.289	0.210458
0.29	0.211442
0.291	0.212426
0.292	0.213409
0.293	0.214393
0.294	0.215377
0.295	0.216361
0.296	0.217344
0.297	0.218328
0.298	0.219312
0.299	0.220295
0.3	0.221279
0.301	0.222263
0.302	0.223247
0.303	0.22423
0.304	0.225214
0.305	0.226198
0.306	0.227182
0.307	0.228165
0.308	0.229149
0.309	0.230133
0.31	0.231116
0.311	0.2321
0.312	0.233084
0.313	0.234068
0.314	0.235051
0.315	0.236035
0.316	0.237019
0.317	0.238002
0.318	0.238986
0.319	0.23997
0.32	0.240954
0.321	0.241937
0.322	0.242921
0.323	0.243905
0.324	0.244888
0.325	0.245872
0.326	0.246856
0.327	0.24784
0.328	0.248823
0.329	0.249807
0.33	0.250791
0.331	0.251775
0.332	0.252758
0.333	0.253742
0.334	0.254726
0.335	0.255709
0.336	0.256693
0.337	0.257677
0.338	0.258661
0.339	0.259644
0.34	0.260628
0.341	0.261612
0.342	0.262595
0.343	0.263579
0.344	0.264563
0.345	0.265547
0.346	0.26653
0.347	0.267514
0.348	0.268498
0.349	0.269482
0.35	0.270465
0.351	0.271449
0.352	0.272433
0.353	0.273416
0.354	0.2744
0.355	0.275384
0.356	0.276368
0.357	0.277351
0.358	0.278335
0.359	0.279319
0.36	0.280302
0.361	0.281286
0.362	0.28227
0.363	0.283254
0.364	0.284237
0.365	0.285221
0.366	0.286205
0.367	0.287188
0.368	0.288172
0.369	0.289156
0.37	0.29014
0.371	0.291123
0.372	0.292107
0.373	0.293091
0.374	0.294075
0.375	0.295058
0.376	0.296042
0.377	0.297026
0.378	0.298009
0.379	0.298993
0.38	0.299977
0.381	0.300961
0.382	0.301944
0.383	0.302928
0.384	0.303912
0.385	0.304895
0.386	0.305879
0.387	0.306863
0.388	0.307847
0.389	0.30883
0.39	0.309814
0.391	0.310798
0.392	0.311781
0.393	0.312765
0.394	0.313749
0.395	0.314733
0.396	0.315716
0.397	0.3167
0.398	0.317684
0.399	0.318668
0.4	0.319651
0.401	0.320635
0.402	0.321619
0.403	0.322602
0.404	0.323586
0.405	0.32457
0.406	0.325554
0.407	0.326537
0.408	0.327521
0.409	0.328505
0.41	0.329488
0.411	0.330472
0.412	0.331456
0.413	0.33244
0.414	0.333423
0.415	0.334407
0.416	0.335391
0.417	0.336374
0.418	0.337358
0.419	0.338342
0.42	0.339326
0.421	0.340309
0.422	0.341293
0.423	0.342277
0.424	0.343261
0.425	0.344244
0.426	0.345228
0.427	0.346212
0.428	0.347195
0.429	0.348179
0.43	0.349163
0.431	0.350147
0.432	0.35113
0.433	0.352114
0.434	0.353098
0.435	0.354081
0.436	0.355065
0.437	0.356049
0.438	0.357033
0.439	0.358016
0.44	0.359
0.441	0.359984
0.442	0.360968
0.443	0.361951
0.444	0.362935
0.445	0.363919
0.446	0.364902
0.447	0.365886
0.448	0.36687
0.449	0.367854
0.45	0.368837
0.451	0.369821
0.452	0.370805
0.453	0.371788
0.454	0.372772
0.455	0.373756
0.456	0.37474
0.457	0.375723
0.458	0.376707
0.459	0.377691
0.46	0.378674
0.461	0.379658
0.462	0.380642
0.463	0.381626
0.464	0.382609
0.465	0.383593
0.466	0.384577
0.467	0.385561
0.468	0.386544
0.469	0.387528
0.47	0.388512
0.471	0.389495
0.472	0.390479
0.473	0.391463
0.474	0.392447
0.475	0.39343
0.476	0.394414
0.477	0.395398
0.478	0.396381
0.479	0.397365
0.48	0.398349
0.481	0.399333
0.482	0.400316
0.483	0.4013
0.484	0.402284
0.485	0.403267
0.486	0.404251
0.487	0.405235
0.488	0.406219
0.489	0.407202
0.49	0.408186
0.491	0.40917
0.492	0.410154
0.493	0.411137
0.494	0.412121
0.495	0.413105
0.496	0.414088
0.497	0.415072
0.498	0.416056
0.499	0.41704
0.5	0.418023
0.501	0.419007
0.502	0.419991
0.503	0.420974
0.504	0.421958
0.505	0.422942
0.506	0.423926
0.507	0.424909
0.508	0.425893
0.509	0.426877
0.51	0.42786
0.511	0.428844
0.512	0.429828
0.513	0.430812
0.514	0.431795
0.515	0.432779
0.516	0.433763
0.517	0.434747
0.518	0.43573
0.519	0.436714
0.52	0.437698
0.521	0.438681
0.522	0.439665
0.523	0.440649
0.524	0.441633
0.525	0.442616
0.526	0.4436
0.527	0.444584
0.528	0.445567
0.529	0.446551
0.53	0.447535
0.531	0.448519
0.532	0.449502
0.533	0.450486
0.534	0.45147
0.535	0.452454
0.536	0.453437
0.537	0.454421
0.538	0.455405
0.539	0.456388
0.54	0.457372
0.541	0.458356
0.542	0.45934
0.543	0.460323
0.544	0.461307
0.545	0.462291
0.546	0.463274
0.547	0.464258
0.548	0.465242
0.549	0.466226
0.55	0.467209
0.551	0.468193
0.552	0.469177
0.553	0.47016
0.554	0.471144
0.555	0.472128
0.556	0.473112
0.557	0.474095
0.558	0.475079
0.559	0.476063
0.56	0.477047
0.561	0.47803
0.562	0.479014
0.563	0.479998
0.564	0.480981
0.565	0.481965
0.566	0.482949
0.567	0.483933
0.568	0.484916
0.569	0.4859
0.57	0.486884
0.571	0.487867
0.572	0.488851
0.573	0.489835
0.574	0.490819
0.575	0.491802
0.576	0.492786
0.577	0.49377
0.578	0.494753
0.579	0.495737
0.58	0.496721
0.581	0.497705
0.582	0.498688
0.583	0.499672
0.584	0.500656
0.585	0.50164
0.586	0.502623
0.587	0.503607
0.588	0.504591
0.589	0.505574
0.59	0.506558
0.591	0.507542
0.592	0.508526
0.593	0.509509
0.594	0.510493
0.595	0.511477
0.596	0.51246
0.597	0.513444
0.598	0.514428
0.599	0.515412
0.6	0.516395
0.601	0.517379
0.602	0.518363
0.603	0.519347
0.604	0.52033
0.605	0.521314
0.606	0.522298
0.607	0.523281
0.608	0.524265
0.609	0.525249
0.61	0.526233
0.611	0.527216
0.612	0.5282
0.613	0.529184
0.614	0.530167
0.615	0.531151
0.616	0.532135
0.617	0.533119
0.618	0.534102
0.619	0.535086
0.62	0.53607
0.621	0.537053
0.622	0.538037
0.623	0.539021
0.624	0.540005
0.625	0.540988
0.626	0.541972
0.627	0.542956
0.628	0.54394
0.629	0.544923
0.63	0.545907
0.631	0.546891
0.632	0.547874
0.633	0.548858
0.634	0.549842
0.635	0.550826
0.636	0.551809
0.637	0.552793
0.638	0.553777
0.639	0.55476
0.64	0.555744
0.641	0.556728
0.642	0.557712
0.643	0.558695
0.644	0.559679
0.645	0.560663
0.646	0.561646
0.647	0.56263
0.648	0.563614
0.649	0.564598
0.65	0.565581
0.651	0.566565
0.652	0.567549
0.653	0.568533
0.654	0.569516
0.655	0.5705
0.656	0.571484
0.657	0.572467
0.658	0.573451
0.659	0.574435
0.66	0.575419
0.661	0.576402
0.662	0.577386
0.663	0.57837
0.664	0.579353
0.665	0.580337
0.666	0.581321
0.667	0.582305
0.668	0.583288
0.669	0.584272
0.67	0.585256
0.671	0.586239
0.672	0.587223
0.673	0.588207
0.674	0.589191
0.675	0.590174
0.676	0.591158
0.677	0.592142
0.678	0.593126
0.679	0.594109
0.68	0.595093
0.681	0.596077
0.682	0.59706
0.683	0.598044
0.684	0.599028
0.685	0.600012
0.686	0.600995
0.687	0.601979
0.688	0.602963
0.689	0.603946
0.69	0.60493
0.691	0.605914
0.692	0.606898
0.693	0.607881
0.694	0.608865
0.695	0.609849
0.696	0.610833
0.697	0.611816
0.698	0.6128
0.699	0.613784
0.7	0.614767
0.701	0.615751
0.702	0.616735
0.703	0.617719
0.704	0.618702
0.705	0.619686
0.706	0.62067
0.707	0.621653
0.708	0.622637
0.709	0.623621
0.71	0.624605
0.711	0.625588
0.712	0.626572
0.713	0.627556
0.714	0.628539
0.715	0.629523
0.716	0.630507
0.717	0.631491
0.718	0.632474
0.719	0.633458
0.72	0.634442
0.721	0.635426
0.722	0.636409
0.723	0.637393
0.724	0.638377
0.725	0.63936
0.726	0.640344
0.727	0.641328
0.728	0.642312
0.729	0.643295
0.73	0.644279
0.731	0.645263
0.732	0.646246
0.733	0.64723
0.734	0.648214
0.735	0.649198
0.736	0.650181
0.737	0.651165
0.738	0.652149
0.739	0.653132
0.74	0.654116
0.741	0.6551
0.742	0.656084
0.743	0.657067
0.744	0.658051
0.745	0.659035
0.746	0.660019
0.747	0.661002
0.748	0.661986
0.749	0.66297
0.75	0.663953
0.751	0.664937
0.752	0.665921
0.753	0.666905
0.754	0.667888
0.755	0.668872
0.756	0.669856
0.757	0.670839
0.758	0.671823
0.759	0.672807
0.76	0.673791
0.761	0.674774
0.762	0.675758
0.763	0.676742
0.764	0.677726
0.765	0.678709
0.766	0.679693
0.767	0.680677
0.768	0.68166
0.769	0.682644
0.77	0.683628
0.771	0.684612
0.772	0.685595
0.773	0.686579
0.774	0.687563
0.775	0.688546
0.776	0.68953
0.777	0.690514
0.778	0.691498
0.779	0.692481
0.78	0.693465
0.781	0.694449
0.782	0.695432
0.783	0.696416
0.784	0.6974
0.785	0.698384
0.786	0.699367
0.787	0.700351
0.788	0.701335
0.789	0.702319
0.79	0.703302
0.791	0.704286
0.792	0.70527
0.793	0.706253
0.794	0.707237
0.795	0.708221
0.796	0.709205
0.797	0.710188
0.798	0.711172
0.799	0.712156
0.8	0.713139
0.801	0.714123
0.802	0.715107
0.803	0.716091
0.804	0.717074
0.805	0.718058
0.806	0.719042
0.807	0.720025
0.808	0.721009
0.809	0.721993
0.81	0.722977
0.811	0.72396
0.812	0.724944
0.813	0.725928
0.814	0.726912
0.815	0.727895
0.816	0.728879
0.817	0.729863
0.818	0.730846
0.819	0.73183
0.82	0.732814
0.821	0.733798
0.822	0.734781
0.823	0.735765
0.824	0.736749
0.825	0.737732
0.826	0.738716
0.827	0.7397
0.828	0.740684
0.829	0.741667
0.83	0.742651
0.831	0.743635
0.832	0.744618
0.833	0.745602
0.834	0.746586
0.835	0.74757
0.836	0.748553
0.837	0.749537
0.838	0.750521
0.839	0.751505
0.84	0.752488
0.841	0.753472
0.842	0.754456
0.843	0.755439
0.844	0.756423
0.845	0.757407
0.846	0.758391
0.847	0.759374
0.848	0.760358
0.849	0.761342
0.85	0.762325
0.851	0.763309
0.852	0.764293
0.853	0.765277
0.854	0.76626
0.855	0.767244
0.856	0.768228
0.857	0.769212
0.858	0.770195
0.859	0.771179
0.86	0.772163
0.861	0.773146
0.862	0.77413
0.863	0.775114
0.864	0.776098
0.865	0.777081
0.866	0.778065
0.867	0.779049
0.868	0.780032
0.869	0.781016
0.87	0.782
0.871	0.782984
0.872	0.783967
0.873	0.784951
0.874	0.785935
0.875	0.786918
0.876	0.787902
0.877	0.788886
0.878	0.78987
0.879	0.790853
0.88	0.791837
0.881	0.792821
0.882	0.793805
0.883	0.794788
0.884	0.795772
0.885	0.796756
0.886	0.797739
0.887	0.798723
0.888	0.799707
0.889	0.800691
0.89	0.801674
0.891	0.802658
0.892	0.803642
0.893	0.804625
0.894	0.805609
0.895	0.806593
0.896	0.807577
0.897	0.80856
0.898	0.809544
0.899	0.810528
0.9	0.811511
0.901	0.812495
0.902	0.813479
0.903	0.814463
0.904	0.815446
0.905	0.81643
0.906	0.817414
0.907	0.818398
0.908	0.819381
0.909	0.820365
0.91	0.821349
0.911	0.822332
0.912	0.823316
0.913	0.8243
0.914	0.825284
0.915	0.826267
0.916	0.827251
0.917	0.828235
0.918	0.829218
0.919	0.830202
0.92	0.831186
0.921	0.83217
0.922	0.833153
0.923	0.834137
0.924	0.835121
0.925	0.836104
0.926	0.837088
0.927	0.838072
0.928	0.839056
0.929	0.840039
0.93	0.841023
0.931	0.842007
0.932	0.842991
0.933	0.843974
0.934	0.844958
0.935	0.845942
0.936	0.846925
0.937	0.847909
0.938	0.848893
0.939	0.849877
0.94	0.85086
0.941	0.851844
0.942	0.852828
0.943	0.853811
0.944	0.854795
0.945	0.855779
0.946	0.856763
0.947	0.857746
0.948	0.85873
0.949	0.859714
0.95	0.860698
0.951	0.861681
0.952	0.862665
0.953	0.863649
0.954	0.864632
0.955	0.865616
0.956	0.8666
0.957	0.867584
0.958	0.868567
0.959	0.869551
0.96	0.870535
0.961	0.871518
0.962	0.872502
0.963	0.873486
0.964	0.87447
0.965	0.875453
0.966	0.876437
0.967	0.877421
0.968	0.878404
0.969	0.879388
0.97	0.880372
0.971	0.881356
0.972	0.882339
0.973	0.883323
0.974	0.884307
0.975	0.885291
0.976	0.886274
0.977	0.887258
0.978	0.888242
0.979	0.889225
0.98	0.890209
0.981	0.891193
0.982	0.892177
0.983	0.89316
0.984	0.894144
0.985	0.895128
0.986	0.896111
0.987	0.897095
0.988	0.898079
0.989	0.899063
0.99	0.900046
0.991	0.90103
0.992	0.902014
0.993	0.902997
0.994	0.903981
0.995	0.904965
0.996	0.905949
0.997	0.906932
0.998	0.907916
0.999	0.9089
