# Interpolation data for function: (exp(10*(abs(2*x-1)))-1)/(exp(10)-1)
0	0.939582
0.001	0.924594
0.002	0.909795
0.003	0.895184
0.004	0.88076
0.005	0.866521
0.006	0.852464
0.007	0.838589
0.008	0.824893
0.009	0.811375
0.01	0.798032
0.011	0.784864
0.012	0.771868
0.013	0.759043
0.014	0.746388
0.015	0.733899
0.016	0.721577
0.017	0.709418
0.018	0.697423
0.019	0.685588
0.02	0.673912
0.021	0.662394
0.022	0.651032
0.023	0.639825
0.024	0.628771
0.025	0.617868
0.026	0.607115
0.027	0.59651
0.028	0.586053
0.029	0.57574
0.03	0.565572
0.031	0.555545
0.032	0.54566
0.033	0.535914
0.034	0.526305
0.035	0.516834
0.036	0.507497
0.037	0.498294
0.038	0.489223
0.039	0.480283
0.04	0.471472
0.041	0.46279
0.042	0.454234
0.043	0.445803
0.044	0.437496
0.045	0.429312
0.046	0.421249
0.047	0.413306
0.048	0.405481
0.049	0.397774
0.05	0.390183
0.051	0.382707
0.052	0.375344
0.053	0.368093
0.054	0.360954
0.055	0.353924
0.056	0.347002
0.057	0.340188
0.058	0.333479
0.059	0.326876
0.06	0.320376
0.061	0.313979
0.062	0.307683
0.063	0.301486
0.064	0.295389
0.065	0.28939
0.066	0.283487
0.067	0.27768
0.068	0.271967
0.069	0.266348
0.07	0.26082
0.071	0.255384
0.072	0.250038
0.073	0.24478
0.074	0.239611
0.075	0.234528
0.076	0.229531
0.077	0.224618
0.078	0.219789
0.079	0.215043
0.08	0.210378
0.081	0.205794
0.082	0.20129
0.083	0.196864
0.084	0.192516
0.085	0.188244
0.086	0.184048
0.087	0.179927
0.088	0.17588
0.089	0.171905
0.09	0.168002
0.091	0.16417
0.092	0.160409
0.093	0.156716
0.094	0.153091
0.095	0.149534
0.096	0.146044
0.097	0.142618
0.098	0.139258
0.099	0.135961
0.1	0.132728
0.101	0.129556
0.102	0.126446
0.103	0.123396
0.104	0.120406
0.105	0.117474
0.106	0.114601
0.107	0.111784
0.108	0.109025
0.109	0.10632
0.11	0.103671
0.111	0.101075
0.112	0.0985332
0.113	0.0960435
0.114	0.0936056
0.115	0.0912188
0.116	0.0888822
0.117	0.0865951
0.118	0.0843569
0.119	0.0821667
0.12	0.080024
0.121	0.0779279
0.122	0.0758778
0.123	0.073873
0.124	0.0719128
0.125	0.0699966
0.126	0.0681236
0.127	0.0662933
0.128	0.0645048
0.129	0.0627577
0.13	0.0610512
0.131	0.0593847
0.132	0.0577576
0.133	0.0561693
0.134	0.054619
0.135	0.0531063
0.136	0.0516306
0.137	0.0501911
0.138	0.0487873
0.139	0.0474187
0.14	0.0460847
0.141	0.0447846
0.142	0.0435179
0.143	0.042284
0.144	0.0410825
0.145	0.0399126
0.146	0.038774
0.147	0.037666
0.148	0.0365881
0.149	0.0355398
0.15	0.0345206
0.151	0.0335299
0.152	0.0325672
0.153	0.0316321
0.154	0.030724
0.155	0.0298424
0.156	0.0289869
0.157	0.0281569
0.158	0.027352
0.159	0.0265717
0.16	0.0258156
0.161	0.0250831
0.162	0.0243739
0.163	0.0236874
0.164	0.0230233
0.165	0.022381
0.166	0.0217602
0.167	0.0211604
0.168	0.0205813
0.169	0.0200222
0.17	0.019483
0.171	0.0189631
0.172	0.0184621
0.173	0.0179797
0.174	0.0175154
0.175	0.0170689
0.176	0.0166397
0.177	0.0162276
0.178	0.015832
0.179	0.0154527
0.18	0.0150893
0.181	0.0147414
0.182	0.0144086
0.183	0.0140906
0.184	0.0137871
0.185	0.0134977
0.186	0.0132221
0.187	0.0129599
0.188	0.0127109
0.189	0.0124746
0.19	0.0122507
0.191	0.012039
0.192	0.0118391
0.193	0.0116508
0.194	0.0114737
0.195	0.0113074
0.196	0.0111518
0.197	0.0110066
0.198	0.0108713
0.199	0.0107459
0.2	0.0106299
0.201	0.0105231
0.202	0.0104252
0.203	0.010336
0.204	0.0102552
0.205	0.0101825
0.206	0.0101177
0.207	0.0100606
0.208	0.0100108
0.209	0.0099682
0.21	0.00993247
0.211	0.0099034
0.212	0.00988076
0.213	0.00986432
0.214	0.00985385
0.215	0.00984913
0.216	0.00984995
0.217	0.00985608
0.218	0.00986731
0.219	0.00988344
0.22	0.00990427
0.221	0.00992958
0.222	0.00995919
0.223	0.0099929
0.224	0.0100305
0.225	0.0100718
0.226	0.0101167
0.227	0.0101649
0.228	0.0102163
0.229	0.0102707
0.23	0.010328
0.231	0.0103878
0.232	0.0104502
0.233	0.0105149
0.234	0.0105818
0.235	0.0106507
0.236	0.0107215
0.237	0.010794
0.238	0.010868
0.239	0.0109435
0.24	0.0110203
0.241	0.0110982
0.242	0.0111771
0.243	0.0112568
0.244	0.0113374
0.245	0.0114185
0.246	0.0115001
0.247	0.0115821
0.248	0.0116644
0.249	0.0117467
0.25	0.0118291
0.251	0.0119114
0.252	0.0119935
0.253	0.0120753
0.254	0.0121567
0.255	0.0122376
0.256	0.0123179
0.257	0.0123974
0.258	0.0124762
0.259	0.0125541
0.26	0.012631
0.261	0.0127068
0.262	0.0127814
0.263	0.0128549
0.264	0.012927
0.265	0.0129977
0.266	0.013067
0.267	0.0131347
0.268	0.0132009
0.269	0.0132653
0.27	0.013328
0.271	0.0133889
0.272	0.0134479
0.273	0.013505
0.274	0.0135601
0.275	0.0136131
0.276	0.0136641
0.277	0.0137129
0.278	0.0137595
0.279	0.0138038
0.28	0.0138459
0.281	0.0138856
0.282	0.0139229
0.283	0.0139578
0.284	0.0139902
0.285	0.0140201
0.286	0.0140475
0.287	0.0140723
0.288	0.0140945
0.289	0.0141141
0.29	0.014131
0.291	0.0141453
0.292	0.0141568
0.293	0.0141655
0.294	0.0141716
0.295	0.0141748
0.296	0.0141752
0.297	0.0141728
0.298	0.0141676
0.299	0.0141596
0.3	0.0141486
0.301	0.0141348
0.302	0.0141182
0.303	0.0140986
0.304	0.0140761
0.305	0.0140507
0.306	0.0140224
0.307	0.0139912
0.308	0.0139571
0.309	0.0139201
0.31	0.0138802
0.311	0.0138373
0.312	0.0137915
0.313	0.0137429
0.314	0.0136913
0.315	0.0136368
0.316	0.0135795
0.317	0.0135192
0.318	0.0134561
0.319	0.0133902
0.32	0.0133214
0.321	0.0132497
0.322	0.0131753
0.323	0.013098
0.324	0.013018
0.325	0.0129352
0.326	0.0128496
0.327	0.0127614
0.328	0.0126704
0.329	0.0125767
0.33	0.0124803
0.331	0.0123813
0.332	0.0122797
0.333	0.0121755
0.334	0.0120687
0.335	0.0119593
0.336	0.0118475
0.337	0.0117331
0.338	0.0116163
0.339	0.011497
0.34	0.0113754
0.341	0.0112514
0.342	0.011125
0.343	0.0109963
0.344	0.0108653
0.345	0.0107321
0.346	0.0105967
0.347	0.0104591
0.348	0.0103194
0.349	0.0101775
0.35	0.0100336
0.351	0.00988764
0.352	0.00973968
0.353	0.00958977
0.354	0.00943793
0.355	0.00928422
0.356	0.00912865
0.357	0.00897129
0.358	0.00881215
0.359	0.0086513
0.36	0.00848876
0.361	0.00832458
0.362	0.0081588
0.363	0.00799145
0.364	0.0078226
0.365	0.00765227
0.366	0.0074805
0.367	0.00730735
0.368	0.00713286
0.369	0.00695707
0.37	0.00678001
0.371	0.00660175
0.372	0.00642232
0.373	0.00624177
0.374	0.00606014
0.375	0.00587748
0.376	0.00569383
0.377	0.00550923
0.378	0.00532375
0.379	0.00513741
0.38	0.00495027
0.381	0.00476237
0.382	0.00457376
0.383	0.00438448
0.384	0.00419458
0.385	0.00400411
0.386	0.00381312
0.387	0.00362165
0.388	0.00342974
0.389	0.00323745
0.39	0.00304482
0.391	0.00285189
0.392	0.00265872
0.393	0.00246535
0.394	0.00227182
0.395	0.00207819
0.396	0.0018845
0.397	0.0016908
0.398	0.00149713
0.399	0.00130354
0.4	0.00111007
0.401	0.000916777
0.402	0.0007237
0.403	0.000530886
0.404	0.00033838
0.405	0.000146229
0.406	-4.55222e-05
0.407	-0.000236828
0.408	-0.000427645
0.409	-0.000617926
0.41	-0.000807628
0.411	-0.000996705
0.412	-0.00118511
0.413	-0.00137281
0.414	-0.00155975
0.415	-0.00174589
0.416	-0.00193119
0.417	-0.00211561
0.418	-0.00229909
0.419	-0.0024816
0.42	-0.0026631
0.421	-0.00284355
0.422	-0.0030229
0.423	-0.00320111
0.424	-0.00337814
0.425	-0.00355395
0.426	-0.0037285
0.427	-0.00390175
0.428	-0.00407366
0.429	-0.00424419
0.43	-0.00441331
0.431	-0.00458097
0.432	-0.00474713
0.433	-0.00491176
0.434	-0.00507482
0.435	-0.00523628
0.436	-0.00539609
0.437	-0.00555423
0.438	-0.00571065
0.439	-0.00586531
0.44	-0.0060182
0.441	-0.00616926
0.442	-0.00631847
0.443	-0.0064658
0.444	-0.0066112
0.445	-0.00675465
0.446	-0.00689612
0.447	-0.00703557
0.448	-0.00717297
0.449	-0.00730829
0.45	-0.00744151
0.451	-0.00757259
0.452	-0.0077015
0.453	-0.00782821
0.454	-0.0079527
0.455	-0.00807494
0.456	-0.0081949
0.457	-0.00831256
0.458	-0.00842788
0.459	-0.00854085
0.46	-0.00865143
0.461	-0.00875961
0.462	-0.00886536
0.463	-0.00896865
0.464	-0.00906947
0.465	-0.00916778
0.466	-0.00926358
0.467	-0.00935684
0.468	-0.00944753
0.469	-0.00953565
0.47	-0.00962116
0.471	-0.00970405
0.472	-0.0097843
0.473	-0.0098619
0.474	-0.00993682
0.475	-0.0100091
0.476	-0.0100786
0.477	-0.0101454
0.478	-0.0102095
0.479	-0.0102708
0.48	-0.0103294
0.481	-0.0103851
0.482	-0.0104381
0.483	-0.0104883
0.484	-0.0105357
0.485	-0.0105803
0.486	-0.0106221
0.487	-0.010661
0.488	-0.010697
0.489	-0.0107302
0.49	-0.0107605
0.491	-0.010788
0.492	-0.0108126
0.493	-0.0108343
0.494	-0.0108531
0.495	-0.0108691
0.496	-0.0108821
0.497	-0.0108923
0.498	-0.0108995
0.499	-0.0109039
0.5	-0.0109053
0.501	-0.0109039
0.502	-0.0108995
0.503	-0.0108923
0.504	-0.0108821
0.505	-0.0108691
0.506	-0.0108531
0.507	-0.0108343
0.508	-0.0108126
0.509	-0.010788
0.51	-0.0107605
0.511	-0.0107302
0.512	-0.010697
0.513	-0.010661
0.514	-0.0106221
0.515	-0.0105803
0.516	-0.0105357
0.517	-0.0104883
0.518	-0.0104381
0.519	-0.0103851
0.52	-0.0103294
0.521	-0.0102708
0.522	-0.0102095
0.523	-0.0101454
0.524	-0.0100786
0.525	-0.0100091
0.526	-0.00993682
0.527	-0.0098619
0.528	-0.0097843
0.529	-0.00970405
0.53	-0.00962116
0.531	-0.00953565
0.532	-0.00944753
0.533	-0.00935684
0.534	-0.00926358
0.535	-0.00916778
0.536	-0.00906947
0.537	-0.00896865
0.538	-0.00886536
0.539	-0.00875961
0.54	-0.00865143
0.541	-0.00854085
0.542	-0.00842788
0.543	-0.00831256
0.544	-0.0081949
0.545	-0.00807494
0.546	-0.0079527
0.547	-0.00782821
0.548	-0.0077015
0.549	-0.00757259
0.55	-0.00744151
0.551	-0.00730829
0.552	-0.00717297
0.553	-0.00703557
0.554	-0.00689612
0.555	-0.00675465
0.556	-0.0066112
0.557	-0.0064658
0.558	-0.00631847
0.559	-0.00616926
0.56	-0.0060182
0.561	-0.00586531
0.562	-0.00571065
0.563	-0.00555423
0.564	-0.00539609
0.565	-0.00523628
0.566	-0.00507482
0.567	-0.00491176
0.568	-0.00474713
0.569	-0.00458097
0.57	-0.00441331
0.571	-0.00424419
0.572	-0.00407366
0.573	-0.00390175
0.574	-0.0037285
0.575	-0.00355395
0.576	-0.00337814
0.577	-0.00320111
0.578	-0.0030229
0.579	-0.00284355
0.58	-0.0026631
0.581	-0.0024816
0.582	-0.00229909
0.583	-0.00211561
0.584	-0.00193119
0.585	-0.00174589
0.586	-0.00155975
0.587	-0.00137281
0.588	-0.00118511
0.589	-0.000996705
0.59	-0.000807628
0.591	-0.000617926
0.592	-0.000427645
0.593	-0.000236828
0.594	-4.55222e-05
0.595	0.000146229
0.596	0.00033838
0.597	0.000530886
0.598	0.0007237
0.599	0.000916777
0.6	0.00111007
0.601	0.00130354
0.602	0.00149713
0.603	0.0016908
0.604	0.0018845
0.605	0.00207819
0.606	0.00227182
0.607	0.00246535
0.608	0.00265872
0.609	0.00285189
0.61	0.00304482
0.611	0.00323745
0.612	0.00342974
0.613	0.00362165
0.614	0.00381312
0.615	0.00400411
0.616	0.00419458
0.617	0.00438448
0.618	0.00457376
0.619	0.00476237
0.62	0.00495027
0.621	0.00513741
0.622	0.00532375
0.623	0.00550923
0.624	0.00569383
0.625	0.00587748
0.626	0.00606014
0.627	0.00624177
0.628	0.00642232
0.629	0.00660175
0.63	0.00678001
0.631	0.00695707
0.632	0.00713286
0.633	0.00730735
0.634	0.0074805
0.635	0.00765227
0.636	0.0078226
0.637	0.00799145
0.638	0.0081588
0.639	0.00832458
0.64	0.00848876
0.641	0.0086513
0.642	0.00881215
0.643	0.00897129
0.644	0.00912865
0.645	0.00928422
0.646	0.00943793
0.647	0.00958977
0.648	0.00973968
0.649	0.00988764
0.65	0.0100336
0.651	0.0101775
0.652	0.0103194
0.653	0.0104591
0.654	0.0105967
0.655	0.0107321
0.656	0.0108653
0.657	0.0109963
0.658	0.011125
0.659	0.0112514
0.66	0.0113754
0.661	0.011497
0.662	0.0116163
0.663	0.0117331
0.664	0.0118475
0.665	0.0119593
0.666	0.0120687
0.667	0.0121755
0.668	0.0122797
0.669	0.0123813
0.67	0.0124803
0.671	0.0125767
0.672	0.0126704
0.673	0.0127614
0.674	0.0128496
0.675	0.0129352
0.676	0.013018
0.677	0.013098
0.678	0.0131753
0.679	0.0132497
0.68	0.0133214
0.681	0.0133902
0.682	0.0134561
0.683	0.0135192
0.684	0.0135795
0.685	0.0136368
0.686	0.0136913
0.687	0.0137429
0.688	0.0137915
0.689	0.0138373
0.69	0.0138802
0.691	0.0139201
0.692	0.0139571
0.693	0.0139912
0.694	0.0140224
0.695	0.0140507
0.696	0.0140761
0.697	0.0140986
0.698	0.0141182
0.699	0.0141348
0.7	0.0141486
0.701	0.0141596
0.702	0.0141676
0.703	0.0141728
0.704	0.0141752
0.705	0.0141748
0.706	0.0141716
0.707	0.0141655
0.708	0.0141568
0.709	0.0141453
0.71	0.014131
0.711	0.0141141
0.712	0.0140945
0.713	0.0140723
0.714	0.0140475
0.715	0.0140201
0.716	0.0139902
0.717	0.0139578
0.718	0.0139229
0.719	0.0138856
0.72	0.0138459
0.721	0.0138038
0.722	0.0137595
0.723	0.0137129
0.724	0.0136641
0.725	0.0136131
0.726	0.0135601
0.727	0.013505
0.728	0.0134479
0.729	0.0133889
0.73	0.013328
0.731	0.0132653
0.732	0.0132009
0.733	0.0131347
0.734	0.013067
0.735	0.0129977
0.736	0.012927
0.737	0.0128549
0.738	0.0127814
0.739	0.0127068
0.74	0.012631
0.741	0.0125541
0.742	0.0124762
0.743	0.0123974
0.744	0.0123179
0.745	0.0122376
0.746	0.0121567
0.747	0.0120753
0.748	0.0119935
0.749	0.0119114
0.75	0.0118291
0.751	0.0117467
0.752	0.0116644
0.753	0.0115821
0.754	0.0115001
0.755	0.0114185
0.756	0.0113374
0.757	0.0112568
0.758	0.0111771
0.759	0.0110982
0.76	0.0110203
0.761	0.0109435
0.762	0.010868
0.763	0.010794
0.764	0.0107215
0.765	0.0106507
0.766	0.0105818
0.767	0.0105149
0.768	0.0104502
0.769	0.0103878
0.77	0.010328
0.771	0.0102707
0.772	0.0102163
0.773	0.0101649
0.774	0.0101167
0.775	0.0100718
0.776	0.0100305
0.777	0.0099929
0.778	0.00995919
0.779	0.00992958
0.78	0.00990427
0.781	0.00988344
0.782	0.00986731
0.783	0.00985608
0.784	0.00984995
0.785	0.00984913
0.786	0.00985385
0.787	0.00986432
0.788	0.00988076
0.789	0.0099034
0.79	0.00993247
0.791	0.0099682
0.792	0.0100108
0.793	0.0100606
0.794	0.0101177
0.795	0.0101825
0.796	0.0102552
0.797	0.010336
0.798	0.0104252
0.799	0.0105231
0.8	0.0106299
0.801	0.0107459
0.802	0.0108713
0.803	0.0110066
0.804	0.0111518
0.805	0.0113074
0.806	0.0114737
0.807	0.0116508
0.808	0.0118391
0.809	0.012039
0.81	0.0122507
0.811	0.0124746
0.812	0.0127109
0.813	0.0129599
0.814	0.0132221
0.815	0.0134977
0.816	0.0137871
0.817	0.0140906
0.818	0.0144086
0.819	0.0147414
0.82	0.0150893
0.821	0.0154527
0.822	0.015832
0.823	0.0162276
0.824	0.0166397
0.825	0.0170689
0.826	0.0175154
0.827	0.0179797
0.828	0.0184621
0.829	0.0189631
0.83	0.019483
0.831	0.0200222
0.832	0.0205813
0.833	0.0211604
0.834	0.0217602
0.835	0.022381
0.836	0.0230233
0.837	0.0236874
0.838	0.0243739
0.839	0.0250831
0.84	0.0258156
0.841	0.0265717
0.842	0.027352
0.843	0.0281569
0.844	0.0289869
0.845	0.0298424
0.846	0.030724
0.847	0.0316321
0.848	0.0325672
0.849	0.0335299
0.85	0.0345206
0.851	0.0355398
0.852	0.0365881
0.853	0.037666
0.854	0.038774
0.855	0.0399126
0.856	0.0410825
0.857	0.042284
0.858	0.0435179
0.859	0.0447846
0.86	0.0460847
0.861	0.0474187
0.862	0.0487873
0.863	0.0501911
0.864	0.0516306
0.865	0.0531063
0.866	0.054619
0.867	0.0561693
0.868	0.0577576
0.869	0.0593847
0.87	0.0610512
0.871	0.0627577
0.872	0.0645048
0.873	0.0662933
0.874	0.0681236
0.875	0.0699966
0.876	0.0719128
0.877	0.073873
0.878	0.0758778
0.879	0.0779279
0.88	0.080024
0.881	0.0821667
0.882	0.0843569
0.883	0.0865951
0.884	0.0888822
0.885	0.0912188
0.886	0.0936056
0.887	0.0960435
0.888	0.0985332
0.889	0.101075
0.89	0.103671
0.891	0.10632
0.892	0.109025
0.893	0.111784
0.894	0.114601
0.895	0.117474
0.896	0.120406
0.897	0.123396
0.898	0.126446
0.899	0.129556
0.9	0.132728
0.901	0.135961
0.902	0.139258
0.903	0.142618
0.904	0.146044
0.905	0.149534
0.906	0.153091
0.907	0.156716
0.908	0.160409
0.909	0.16417
0.91	0.168002
0.911	0.171905
0.912	0.17588
0.913	0.179927
0.914	0.184048
0.915	0.188244
0.916	0.192516
0.917	0.196864
0.918	0.20129
0.919	0.205794
0.92	0.210378
0.921	0.215043
0.922	0.219789
0.923	0.224618
0.924	0.229531
0.925	0.234528
0.926	0.239611
0.927	0.24478
0.928	0.250038
0.929	0.255384
0.93	0.26082
0.931	0.266348
0.932	0.271967
0.933	0.27768
0.934	0.283487
0.935	0.28939
0.936	0.295389
0.937	0.301486
0.938	0.307683
0.939	0.313979
0.94	0.320376
0.941	0.326876
0.942	0.333479
0.943	0.340188
0.944	0.347002
0.945	0.353924
0.946	0.360954
0.947	0.368093
0.948	0.375344
0.949	0.382707
0.95	0.390183
0.951	0.397774
0.952	0.405481
0.953	0.413306
0.954	0.421249
0.955	0.429312
0.956	0.437496
0.957	0.445803
0.958	0.454234
0.959	0.46279
0.96	0.471472
0.961	0.480283
0.962	0.489223
0.963	0.498294
0.964	0.507497
0.965	0.516834
0.966	0.526305
0.967	0.535914
0.968	0.54566
0.969	0.555545
0.97	0.565572
0.971	0.57574
0.972	0.586053
0.973	0.59651
0.974	0.607115
0.975	0.617868
0.976	0.628771
0.977	0.639825
0.978	0.651032
0.979	0.662394
0.98	0.673912
0.981	0.685588
0.982	0.697423
0.983	0.709418
0.984	0.721577
0.985	0.733899
0.986	0.746388
0.987	0.759043
0.988	0.771868
0.989	0.784864
0.99	0.798032
0.991	0.811375
0.992	0.824893
0.993	0.838589
0.994	0.852464
0.995	0.866521
0.996	0.88076
0.997	0.895184
0.998	0.909795
0.999	0.924594
