# Interpolation data for function: (exp(10*(abs(2*x-1)))-1)/(exp(10)-1)
0	0.998135
0.001	0.978625
0.002	0.959483
0.003	0.940704
0.004	0.92228
0.005	0.904205
0.006	0.886474
0.007	0.869079
0.008	0.852016
0.009	0.835278
0.01	0.818859
0.011	0.802754
0.012	0.786957
0.013	0.771463
0.014	0.756266
0.015	0.74136
0.016	0.726741
0.017	0.712404
0.018	0.698342
0.019	0.684552
0.02	0.671028
0.021	0.657765
0.022	0.64476
0.023	0.632006
0.024	0.619499
0.025	0.607235
0.026	0.59521
0.027	0.583419
0.028	0.571857
0.029	0.560521
0.03	0.549405
0.031	0.538508
0.032	0.527823
0.033	0.517347
0.034	0.507076
0.035	0.497007
0.036	0.487136
0.037	0.477458
0.038	0.467971
0.039	0.458671
0.04	0.449553
0.041	0.440616
0.042	0.431854
0.043	0.423266
0.044	0.414848
0.045	0.406596
0.046	0.398507
0.047	0.390578
0.048	0.382807
0.049	0.37519
0.05	0.367724
0.051	0.360406
0.052	0.353234
0.053	0.346204
0.054	0.339314
0.055	0.332562
0.056	0.325943
0.057	0.319457
0.058	0.313101
0.059	0.306871
0.06	0.300765
0.061	0.294782
0.062	0.288918
0.063	0.283171
0.064	0.277539
0.065	0.27202
0.066	0.266611
0.067	0.261311
0.068	0.256117
0.069	0.251027
0.07	0.246039
0.071	0.241151
0.072	0.236361
0.073	0.231667
0.074	0.227067
0.075	0.22256
0.076	0.218143
0.077	0.213814
0.078	0.209573
0.079	0.205417
0.08	0.201344
0.081	0.197353
0.082	0.193442
0.083	0.18961
0.084	0.185855
0.085	0.182175
0.086	0.178569
0.087	0.175036
0.088	0.171573
0.089	0.16818
0.09	0.164855
0.091	0.161597
0.092	0.158404
0.093	0.155275
0.094	0.152209
0.095	0.149204
0.096	0.14626
0.097	0.143375
0.098	0.140547
0.099	0.137777
0.1	0.135061
0.101	0.1324
0.102	0.129793
0.103	0.127237
0.104	0.124733
0.105	0.122278
0.106	0.119873
0.107	0.117515
0.108	0.115205
0.109	0.112941
0.11	0.110721
0.111	0.108547
0.112	0.106415
0.113	0.104326
0.114	0.102278
0.115	0.100271
0.116	0.0983038
0.117	0.0963757
0.118	0.0944859
0.119	0.0926335
0.12	0.0908178
0.121	0.089038
0.122	0.0872934
0.123	0.0855833
0.124	0.083907
0.125	0.0822637
0.126	0.0806529
0.127	0.0790737
0.128	0.0775257
0.129	0.0760081
0.13	0.0745203
0.131	0.0730617
0.132	0.0716318
0.133	0.0702299
0.134	0.0688554
0.135	0.0675078
0.136	0.0661866
0.137	0.0648912
0.138	0.0636211
0.139	0.0623757
0.14	0.0611546
0.141	0.0599573
0.142	0.0587832
0.143	0.057632
0.144	0.0565031
0.145	0.0553962
0.146	0.0543106
0.147	0.0532462
0.148	0.0522023
0.149	0.0511786
0.15	0.0501746
0.151	0.0491901
0.152	0.0482245
0.153	0.0472775
0.154	0.0463488
0.155	0.045438
0.156	0.0445446
0.157	0.0436685
0.158	0.0428091
0.159	0.0419663
0.16	0.0411396
0.161	0.0403287
0.162	0.0395334
0.163	0.0387533
0.164	0.0379881
0.165	0.0372375
0.166	0.0365013
0.167	0.0357791
0.168	0.0350707
0.169	0.0343759
0.17	0.0336943
0.171	0.0330256
0.172	0.0323698
0.173	0.0317264
0.174	0.0310952
0.175	0.0304761
0.176	0.0298688
0.177	0.029273
0.178	0.0286886
0.179	0.0281153
0.18	0.0275529
0.181	0.0270012
0.182	0.02646
0.183	0.0259291
0.184	0.0254083
0.185	0.0248974
0.186	0.0243963
0.187	0.0239047
0.188	0.0234224
0.189	0.0229494
0.19	0.0224854
0.191	0.0220302
0.192	0.0215837
0.193	0.0211457
0.194	0.0207161
0.195	0.0202948
0.196	0.0198814
0.197	0.0194761
0.198	0.0190784
0.199	0.0186884
0.2	0.0183059
0.201	0.0179308
0.202	0.0175628
0.203	0.017202
0.204	0.0168481
0.205	0.0165011
0.206	0.0161607
0.207	0.015827
0.208	0.0154997
0.209	0.0151788
0.21	0.0148642
0.211	0.0145556
0.212	0.0142531
0.213	0.0139565
0.214	0.0136657
0.215	0.0133807
0.216	0.0131012
0.217	0.0128272
0.218	0.0125587
0.219	0.0122955
0.22	0.0120374
0.221	0.0117846
0.222	0.0115367
0.223	0.0112938
0.224	0.0110558
0.225	0.0108225
0.226	0.0105939
0.227	0.01037
0.228	0.0101506
0.229	0.00993559
0.23	0.00972499
0.231	0.00951868
0.232	0.0093166
0.233	0.00911866
0.234	0.00892479
0.235	0.00873493
0.236	0.00854899
0.237	0.00836692
0.238	0.00818864
0.239	0.00801409
0.24	0.0078432
0.241	0.00767591
0.242	0.00751215
0.243	0.00735186
0.244	0.00719498
0.245	0.00704144
0.246	0.0068912
0.247	0.00674418
0.248	0.00660034
0.249	0.00645961
0.25	0.00632194
0.251	0.00618728
0.252	0.00605556
0.253	0.00592674
0.254	0.00580076
0.255	0.00567757
0.256	0.00555712
0.257	0.00543937
0.258	0.00532425
0.259	0.00521172
0.26	0.00510174
0.261	0.00499425
0.262	0.00488921
0.263	0.00478658
0.264	0.0046863
0.265	0.00458833
0.266	0.00449263
0.267	0.00439916
0.268	0.00430787
0.269	0.00421872
0.27	0.00413166
0.271	0.00404667
0.272	0.00396368
0.273	0.00388268
0.274	0.00380361
0.275	0.00372644
0.276	0.00365113
0.277	0.00357764
0.278	0.00350594
0.279	0.00343598
0.28	0.00336773
0.281	0.00330116
0.282	0.00323623
0.283	0.00317291
0.284	0.00311116
0.285	0.00305094
0.286	0.00299223
0.287	0.00293499
0.288	0.00287919
0.289	0.0028248
0.29	0.00277178
0.291	0.0027201
0.292	0.00266974
0.293	0.00262066
0.294	0.00257284
0.295	0.00252624
0.296	0.00248083
0.297	0.0024366
0.298	0.0023935
0.299	0.00235151
0.3	0.0023106
0.301	0.00227075
0.302	0.00223194
0.303	0.00219412
0.304	0.00215729
0.305	0.0021214
0.306	0.00208645
0.307	0.0020524
0.308	0.00201922
0.309	0.00198691
0.31	0.00195542
0.311	0.00192474
0.312	0.00189485
0.313	0.00186573
0.314	0.00183734
0.315	0.00180968
0.316	0.00178271
0.317	0.00175642
0.318	0.00173079
0.319	0.0017058
0.32	0.00168143
0.321	0.00165765
0.322	0.00163445
0.323	0.00161181
0.324	0.00158971
0.325	0.00156814
0.326	0.00154707
0.327	0.00152649
0.328	0.00150638
0.329	0.00148672
0.33	0.00146751
0.331	0.00144871
0.332	0.00143032
0.333	0.00141232
0.334	0.00139469
0.335	0.00137743
0.336	0.00136051
0.337	0.00134392
0.338	0.00132765
0.339	0.00131168
0.34	0.001296
0.341	0.0012806
0.342	0.00126547
0.343	0.00125059
0.344	0.00123594
0.345	0.00122153
0.346	0.00120734
0.347	0.00119335
0.348	0.00117955
0.349	0.00116594
0.35	0.00115251
0.351	0.00113924
0.352	0.00112612
0.353	0.00111315
0.354	0.00110031
0.355	0.00108761
0.356	0.00107502
0.357	0.00106254
0.358	0.00105016
0.359	0.00103788
0.36	0.00102568
0.361	0.00101356
0.362	0.00100152
0.363	0.00098954
0.364	0.00097762
0.365	0.000965754
0.366	0.000953935
0.367	0.000942156
0.368	0.000930414
0.369	0.000918703
0.37	0.000907017
0.371	0.000895352
0.372	0.000883703
0.373	0.000872067
0.374	0.000860438
0.375	0.000848814
0.376	0.00083719
0.377	0.000825563
0.378	0.00081393
0.379	0.000802289
0.38	0.000790636
0.381	0.000778968
0.382	0.000767285
0.383	0.000755582
0.384	0.000743859
0.385	0.000732114
0.386	0.000720345
0.387	0.000708551
0.388	0.00069673
0.389	0.000684882
0.39	0.000673007
0.391	0.000661103
0.392	0.000649169
0.393	0.000637207
0.394	0.000625215
0.395	0.000613194
0.396	0.000601143
0.397	0.000589065
0.398	0.000576958
0.399	0.000564823
0.4	0.000552662
0.401	0.000540476
0.402	0.000528265
0.403	0.00051603
0.404	0.000503775
0.405	0.000491498
0.406	0.000479204
0.407	0.000466892
0.408	0.000454566
0.409	0.000442227
0.41	0.000429877
0.411	0.000417519
0.412	0.000405154
0.413	0.000392786
0.414	0.000380417
0.415	0.000368049
0.416	0.000355686
0.417	0.00034333
0.418	0.000330983
0.419	0.00031865
0.42	0.000306333
0.421	0.000294034
0.422	0.000281759
0.423	0.000269509
0.424	0.000257288
0.425	0.000245099
0.426	0.000232946
0.427	0.000220833
0.428	0.000208763
0.429	0.000196739
0.43	0.000184765
0.431	0.000172845
0.432	0.000160983
0.433	0.000149182
0.434	0.000137447
0.435	0.00012578
0.436	0.000114186
0.437	0.000102669
0.438	9.12316e-05
0.439	7.98791e-05
0.44	6.86148e-05
0.441	5.74427e-05
0.442	4.63666e-05
0.443	3.53904e-05
0.444	2.45181e-05
0.445	1.37535e-05
0.446	3.1005e-06
0.447	-7.43704e-06
0.448	-1.78553e-05
0.449	-2.81503e-05
0.45	-3.83184e-05
0.451	-4.83558e-05
0.452	-5.82586e-05
0.453	-6.80232e-05
0.454	-7.76459e-05
0.455	-8.71229e-05
0.456	-9.64507e-05
0.457	-0.000105626
0.458	-0.000114644
0.459	-0.000123503
0.46	-0.000132198
0.461	-0.000140727
0.462	-0.000149085
0.463	-0.000157271
0.464	-0.000165279
0.465	-0.000173108
0.466	-0.000180753
0.467	-0.000188213
0.468	-0.000195484
0.469	-0.000202563
0.47	-0.000209447
0.471	-0.000216133
0.472	-0.000222619
0.473	-0.000228903
0.474	-0.00023498
0.475	-0.00024085
0.476	-0.00024651
0.477	-0.000251957
0.478	-0.000257188
0.479	-0.000262203
0.48	-0.000266999
0.481	-0.000271574
0.482	-0.000275925
0.483	-0.000280052
0.484	-0.000283952
0.485	-0.000287624
0.486	-0.000291066
0.487	-0.000294278
0.488	-0.000297256
0.489	-0.000300002
0.49	-0.000302512
0.491	-0.000304786
0.492	-0.000306824
0.493	-0.000308623
0.494	-0.000310185
0.495	-0.000311507
0.496	-0.00031259
0.497	-0.000313432
0.498	-0.000314034
0.499	-0.000314396
0.5	-0.000314516
0.501	-0.000314396
0.502	-0.000314034
0.503	-0.000313432
0.504	-0.00031259
0.505	-0.000311507
0.506	-0.000310185
0.507	-0.000308623
0.508	-0.000306824
0.509	-0.000304786
0.51	-0.000302512
0.511	-0.000300002
0.512	-0.000297256
0.513	-0.000294278
0.514	-0.000291066
0.515	-0.000287624
0.516	-0.000283952
0.517	-0.000280052
0.518	-0.000275925
0.519	-0.000271574
0.52	-0.000266999
0.521	-0.000262203
0.522	-0.000257188
0.523	-0.000251957
0.524	-0.00024651
0.525	-0.00024085
0.526	-0.00023498
0.527	-0.000228903
0.528	-0.000222619
0.529	-0.000216133
0.53	-0.000209447
0.531	-0.000202563
0.532	-0.000195484
0.533	-0.000188213
0.534	-0.000180753
0.535	-0.000173108
0.536	-0.000165279
0.537	-0.000157271
0.538	-0.000149085
0.539	-0.000140727
0.54	-0.000132198
0.541	-0.000123503
0.542	-0.000114644
0.543	-0.000105626
0.544	-9.64507e-05
0.545	-8.71229e-05
0.546	-7.76459e-05
0.547	-6.80232e-05
0.548	-5.82586e-05
0.549	-4.83558e-05
0.55	-3.83184e-05
0.551	-2.81503e-05
0.552	-1.78553e-05
0.553	-7.43704e-06
0.554	3.1005e-06
0.555	1.37535e-05
0.556	2.45181e-05
0.557	3.53904e-05
0.558	4.63666e-05
0.559	5.74427e-05
0.56	6.86148e-05
0.561	7.98791e-05
0.562	9.12316e-05
0.563	0.000102669
0.564	0.000114186
0.565	0.00012578
0.566	0.000137447
0.567	0.000149182
0.568	0.000160983
0.569	0.000172845
0.57	0.000184765
0.571	0.000196739
0.572	0.000208763
0.573	0.000220833
0.574	0.000232946
0.575	0.000245099
0.576	0.000257288
0.577	0.000269509
0.578	0.000281759
0.579	0.000294034
0.58	0.000306333
0.581	0.00031865
0.582	0.000330983
0.583	0.00034333
0.584	0.000355686
0.585	0.000368049
0.586	0.000380417
0.587	0.000392786
0.588	0.000405154
0.589	0.000417519
0.59	0.000429877
0.591	0.000442227
0.592	0.000454566
0.593	0.000466892
0.594	0.000479204
0.595	0.000491498
0.596	0.000503775
0.597	0.00051603
0.598	0.000528265
0.599	0.000540476
0.6	0.000552662
0.601	0.000564823
0.602	0.000576958
0.603	0.000589065
0.604	0.000601143
0.605	0.000613194
0.606	0.000625215
0.607	0.000637207
0.608	0.000649169
0.609	0.000661103
0.61	0.000673007
0.611	0.000684882
0.612	0.00069673
0.613	0.000708551
0.614	0.000720345
0.615	0.000732114
0.616	0.000743859
0.617	0.000755582
0.618	0.000767285
0.619	0.000778968
0.62	0.000790636
0.621	0.000802289
0.622	0.00081393
0.623	0.000825563
0.624	0.00083719
0.625	0.000848814
0.626	0.000860438
0.627	0.000872067
0.628	0.000883703
0.629	0.000895352
0.63	0.000907017
0.631	0.000918703
0.632	0.000930414
0.633	0.000942156
0.634	0.000953935
0.635	0.000965754
0.636	0.00097762
0.637	0.00098954
0.638	0.00100152
0.639	0.00101356
0.64	0.00102568
0.641	0.00103788
0.642	0.00105016
0.643	0.00106254
0.644	0.00107502
0.645	0.00108761
0.646	0.00110031
0.647	0.00111315
0.648	0.00112612
0.649	0.00113924
0.65	0.00115251
0.651	0.00116594
0.652	0.00117955
0.653	0.00119335
0.654	0.00120734
0.655	0.00122153
0.656	0.00123594
0.657	0.00125059
0.658	0.00126547
0.659	0.0012806
0.66	0.001296
0.661	0.00131168
0.662	0.00132765
0.663	0.00134392
0.664	0.00136051
0.665	0.00137743
0.666	0.00139469
0.667	0.00141232
0.668	0.00143032
0.669	0.00144871
0.67	0.00146751
0.671	0.00148672
0.672	0.00150638
0.673	0.00152649
0.674	0.00154707
0.675	0.00156814
0.676	0.00158971
0.677	0.00161181
0.678	0.00163445
0.679	0.00165765
0.68	0.00168143
0.681	0.0017058
0.682	0.00173079
0.683	0.00175642
0.684	0.00178271
0.685	0.00180968
0.686	0.00183734
0.687	0.00186573
0.688	0.00189485
0.689	0.00192474
0.69	0.00195542
0.691	0.00198691
0.692	0.00201922
0.693	0.0020524
0.694	0.00208645
0.695	0.0021214
0.696	0.00215729
0.697	0.00219412
0.698	0.00223194
0.699	0.00227075
0.7	0.0023106
0.701	0.00235151
0.702	0.0023935
0.703	0.0024366
0.704	0.00248083
0.705	0.00252624
0.706	0.00257284
0.707	0.00262066
0.708	0.00266974
0.709	0.0027201
0.71	0.00277178
0.711	0.0028248
0.712	0.00287919
0.713	0.00293499
0.714	0.00299223
0.715	0.00305094
0.716	0.00311116
0.717	0.00317291
0.718	0.00323623
0.719	0.00330116
0.72	0.00336773
0.721	0.00343598
0.722	0.00350594
0.723	0.00357764
0.724	0.00365113
0.725	0.00372644
0.726	0.00380361
0.727	0.00388268
0.728	0.00396368
0.729	0.00404667
0.73	0.00413166
0.731	0.00421872
0.732	0.00430787
0.733	0.00439916
0.734	0.00449263
0.735	0.00458833
0.736	0.0046863
0.737	0.00478658
0.738	0.00488921
0.739	0.00499425
0.74	0.00510174
0.741	0.00521172
0.742	0.00532425
0.743	0.00543937
0.744	0.00555712
0.745	0.00567757
0.746	0.00580076
0.747	0.00592674
0.748	0.00605556
0.749	0.00618728
0.75	0.00632194
0.751	0.00645961
0.752	0.00660034
0.753	0.00674418
0.754	0.0068912
0.755	0.00704144
0.756	0.00719498
0.757	0.00735186
0.758	0.00751215
0.759	0.00767591
0.76	0.0078432
0.761	0.00801409
0.762	0.00818864
0.763	0.00836692
0.764	0.00854899
0.765	0.00873493
0.766	0.00892479
0.767	0.00911866
0.768	0.0093166
0.769	0.00951868
0.77	0.00972499
0.771	0.00993559
0.772	0.0101506
0.773	0.01037
0.774	0.0105939
0.775	0.0108225
0.776	0.0110558
0.777	0.0112938
0.778	0.0115367
0.779	0.0117846
0.78	0.0120374
0.781	0.0122955
0.782	0.0125587
0.783	0.0128272
0.784	0.0131012
0.785	0.0133807
0.786	0.0136657
0.787	0.0139565
0.788	0.0142531
0.789	0.0145556
0.79	0.0148642
0.791	0.0151788
0.792	0.0154997
0.793	0.015827
0.794	0.0161607
0.795	0.0165011
0.796	0.0168481
0.797	0.017202
0.798	0.0175628
0.799	0.0179308
0.8	0.0183059
0.801	0.0186884
0.802	0.0190784
0.803	0.0194761
0.804	0.0198814
0.805	0.0202948
0.806	0.0207161
0.807	0.0211457
0.808	0.0215837
0.809	0.0220302
0.81	0.0224854
0.811	0.0229494
0.812	0.0234224
0.813	0.0239047
0.814	0.0243963
0.815	0.0248974
0.816	0.0254083
0.817	0.0259291
0.818	0.02646
0.819	0.0270012
0.82	0.0275529
0.821	0.0281153
0.822	0.0286886
0.823	0.029273
0.824	0.0298688
0.825	0.0304761
0.826	0.0310952
0.827	0.0317264
0.828	0.0323698
0.829	0.0330256
0.83	0.0336943
0.831	0.0343759
0.832	0.0350707
0.833	0.0357791
0.834	0.0365013
0.835	0.0372375
0.836	0.0379881
0.837	0.0387533
0.838	0.0395334
0.839	0.0403287
0.84	0.0411396
0.841	0.0419663
0.842	0.0428091
0.843	0.0436685
0.844	0.0445446
0.845	0.045438
0.846	0.0463488
0.847	0.0472775
0.848	0.0482245
0.849	0.0491901
0.85	0.0501746
0.851	0.0511786
0.852	0.0522023
0.853	0.0532462
0.854	0.0543106
0.855	0.0553962
0.856	0.0565031
0.857	0.057632
0.858	0.0587832
0.859	0.0599573
0.86	0.0611546
0.861	0.0623757
0.862	0.0636211
0.863	0.0648912
0.864	0.0661866
0.865	0.0675078
0.866	0.0688554
0.867	0.0702299
0.868	0.0716318
0.869	0.0730617
0.87	0.0745203
0.871	0.0760081
0.872	0.0775257
0.873	0.0790737
0.874	0.0806529
0.875	0.0822637
0.876	0.083907
0.877	0.0855833
0.878	0.0872934
0.879	0.089038
0.88	0.0908178
0.881	0.0926335
0.882	0.0944859
0.883	0.0963757
0.884	0.0983038
0.885	0.100271
0.886	0.102278
0.887	0.104326
0.888	0.106415
0.889	0.108547
0.89	0.110721
0.891	0.112941
0.892	0.115205
0.893	0.117515
0.894	0.119873
0.895	0.122278
0.896	0.124733
0.897	0.127237
0.898	0.129793
0.899	0.1324
0.9	0.135061
0.901	0.137777
0.902	0.140547
0.903	0.143375
0.904	0.14626
0.905	0.149204
0.906	0.152209
0.907	0.155275
0.908	0.158404
0.909	0.161597
0.91	0.164855
0.911	0.16818
0.912	0.171573
0.913	0.175036
0.914	0.178569
0.915	0.182175
0.916	0.185855
0.917	0.18961
0.918	0.193442
0.919	0.197353
0.92	0.201344
0.921	0.205417
0.922	0.209573
0.923	0.213814
0.924	0.218143
0.925	0.22256
0.926	0.227067
0.927	0.231667
0.928	0.236361
0.929	0.241151
0.93	0.246039
0.931	0.251027
0.932	0.256117
0.933	0.261311
0.934	0.266611
0.935	0.27202
0.936	0.277539
0.937	0.283171
0.938	0.288918
0.939	0.294782
0.94	0.300765
0.941	0.306871
0.942	0.313101
0.943	0.319457
0.944	0.325943
0.945	0.332562
0.946	0.339314
0.947	0.346204
0.948	0.353234
0.949	0.360406
0.95	0.367724
0.951	0.37519
0.952	0.382807
0.953	0.390578
0.954	0.398507
0.955	0.406596
0.956	0.414848
0.957	0.423266
0.958	0.431854
0.959	0.440616
0.96	0.449553
0.961	0.458671
0.962	0.467971
0.963	0.477458
0.964	0.487136
0.965	0.497007
0.966	0.507076
0.967	0.517347
0.968	0.527823
0.969	0.538508
0.97	0.549405
0.971	0.560521
0.972	0.571857
0.973	0.583419
0.974	0.59521
0.975	0.607235
0.976	0.619499
0.977	0.632006
0.978	0.64476
0.979	0.657765
0.98	0.671028
0.981	0.684552
0.982	0.698342
0.983	0.712404
0.984	0.726741
0.985	0.74136
0.986	0.756266
0.987	0.771463
0.988	0.786957
0.989	0.802754
0.99	0.818859
0.991	0.835278
0.992	0.852016
0.993	0.869079
0.994	0.886474
0.995	0.904205
0.996	0.92228
0.997	0.940704
0.998	0.959483
0.999	0.978625
