# Interpolation data for function: (exp(10*(abs(2*x-1)))-1)/(exp(10)-1)
0	1
0.001	0.9802
0.002	0.960789
0.003	0.941762
0.004	0.923113
0.005	0.904832
0.006	0.886914
0.007	0.869351
0.008	0.852136
0.009	0.835261
0.01	0.818721
0.011	0.802508
0.012	0.786617
0.013	0.77104
0.014	0.755772
0.015	0.740806
0.016	0.726136
0.017	0.711757
0.018	0.697662
0.019	0.683847
0.02	0.670305
0.021	0.657031
0.022	0.644021
0.023	0.631267
0.024	0.618767
0.025	0.606514
0.026	0.594503
0.027	0.58273
0.028	0.571191
0.029	0.55988
0.03	0.548792
0.031	0.537925
0.032	0.527272
0.033	0.516831
0.034	0.506596
0.035	0.496564
0.036	0.48673
0.037	0.477091
0.038	0.467643
0.039	0.458382
0.04	0.449305
0.041	0.440407
0.042	0.431685
0.043	0.423136
0.044	0.414757
0.045	0.406543
0.046	0.398492
0.047	0.3906
0.048	0.382865
0.049	0.375283
0.05	0.367851
0.051	0.360566
0.052	0.353425
0.053	0.346426
0.054	0.339565
0.055	0.33284
0.056	0.326248
0.057	0.319787
0.058	0.313454
0.059	0.307246
0.06	0.301162
0.061	0.295197
0.062	0.289351
0.063	0.28362
0.064	0.278003
0.065	0.272498
0.066	0.267101
0.067	0.261811
0.068	0.256626
0.069	0.251543
0.07	0.246562
0.071	0.241679
0.072	0.236892
0.073	0.2322
0.074	0.227602
0.075	0.223094
0.076	0.218676
0.077	0.214345
0.078	0.210099
0.079	0.205938
0.08	0.20186
0.081	0.197862
0.082	0.193943
0.083	0.190102
0.084	0.186337
0.085	0.182646
0.086	0.179029
0.087	0.175483
0.088	0.172007
0.089	0.1686
0.09	0.165261
0.091	0.161988
0.092	0.15878
0.093	0.155635
0.094	0.152552
0.095	0.14953
0.096	0.146569
0.097	0.143666
0.098	0.14082
0.099	0.138031
0.1	0.135297
0.101	0.132617
0.102	0.12999
0.103	0.127415
0.104	0.124891
0.105	0.122418
0.106	0.119993
0.107	0.117616
0.108	0.115286
0.109	0.113002
0.11	0.110764
0.111	0.10857
0.112	0.106419
0.113	0.104311
0.114	0.102245
0.115	0.100219
0.116	0.0982337
0.117	0.0962877
0.118	0.0943801
0.119	0.0925104
0.12	0.0906776
0.121	0.0888812
0.122	0.0871203
0.123	0.0853943
0.124	0.0837025
0.125	0.0820441
0.126	0.0804186
0.127	0.0788253
0.128	0.0772635
0.129	0.0757326
0.13	0.0742321
0.131	0.0727612
0.132	0.0713195
0.133	0.0699063
0.134	0.0685212
0.135	0.0671634
0.136	0.0658325
0.137	0.064528
0.138	0.0632493
0.139	0.0619959
0.14	0.0607673
0.141	0.0595631
0.142	0.0583827
0.143	0.0572257
0.144	0.0560916
0.145	0.0549799
0.146	0.0538903
0.147	0.0528222
0.148	0.0517753
0.149	0.0507491
0.15	0.0497432
0.151	0.0487573
0.152	0.0477909
0.153	0.0468436
0.154	0.0459151
0.155	0.0450049
0.156	0.0441128
0.157	0.0432384
0.158	0.0423812
0.159	0.0415411
0.16	0.0407176
0.161	0.0399104
0.162	0.0391192
0.163	0.0383436
0.164	0.0375834
0.165	0.0368383
0.166	0.0361079
0.167	0.035392
0.168	0.0346903
0.169	0.0340024
0.17	0.0333282
0.171	0.0326674
0.172	0.0320196
0.173	0.0313847
0.174	0.0307623
0.175	0.0301523
0.176	0.0295543
0.177	0.0289682
0.178	0.0283937
0.179	0.0278306
0.18	0.0272786
0.181	0.0267376
0.182	0.0262073
0.183	0.0256874
0.184	0.0251779
0.185	0.0246785
0.186	0.024189
0.187	0.0237091
0.188	0.0232388
0.189	0.0227778
0.19	0.0223259
0.191	0.021883
0.192	0.0214488
0.193	0.0210232
0.194	0.0206061
0.195	0.0201972
0.196	0.0197965
0.197	0.0194036
0.198	0.0190186
0.199	0.0186411
0.2	0.0182712
0.201	0.0179086
0.202	0.0175531
0.203	0.0172047
0.204	0.0168632
0.205	0.0165284
0.206	0.0162003
0.207	0.0158787
0.208	0.0155635
0.209	0.0152545
0.21	0.0149516
0.211	0.0146547
0.212	0.0143637
0.213	0.0140784
0.214	0.0137988
0.215	0.0135247
0.216	0.0132561
0.217	0.0129928
0.218	0.0127346
0.219	0.0124816
0.22	0.0122337
0.221	0.0119906
0.222	0.0117523
0.223	0.0115187
0.224	0.0112898
0.225	0.0110654
0.226	0.0108454
0.227	0.0106298
0.228	0.0104185
0.229	0.0102113
0.23	0.0100083
0.231	0.00980921
0.232	0.0096141
0.233	0.00942286
0.234	0.00923539
0.235	0.00905164
0.236	0.00887153
0.237	0.00869497
0.238	0.00852191
0.239	0.00835227
0.24	0.00818599
0.241	0.008023
0.242	0.00786323
0.243	0.00770663
0.244	0.00755312
0.245	0.00740264
0.246	0.00725515
0.247	0.00711057
0.248	0.00696885
0.249	0.00682993
0.25	0.00669376
0.251	0.00656029
0.252	0.00642945
0.253	0.0063012
0.254	0.00617549
0.255	0.00605227
0.256	0.00593148
0.257	0.00581308
0.258	0.00569702
0.259	0.00558326
0.26	0.00547175
0.261	0.00536244
0.262	0.0052553
0.263	0.00515028
0.264	0.00504733
0.265	0.00494642
0.266	0.00484751
0.267	0.00475055
0.268	0.00465551
0.269	0.00456236
0.27	0.00447104
0.271	0.00438154
0.272	0.0042938
0.273	0.0042078
0.274	0.00412351
0.275	0.00404088
0.276	0.00395988
0.277	0.0038805
0.278	0.00380268
0.279	0.0037264
0.28	0.00365164
0.281	0.00357835
0.282	0.00350652
0.283	0.00343611
0.284	0.00336709
0.285	0.00329945
0.286	0.00323314
0.287	0.00316815
0.288	0.00310444
0.289	0.003042
0.29	0.0029808
0.291	0.00292081
0.292	0.00286201
0.293	0.00280437
0.294	0.00274788
0.295	0.00269251
0.296	0.00263824
0.297	0.00258505
0.298	0.00253291
0.299	0.00248181
0.3	0.00243172
0.301	0.00238263
0.302	0.00233451
0.303	0.00228735
0.304	0.00224112
0.305	0.00219582
0.306	0.00215141
0.307	0.00210789
0.308	0.00206523
0.309	0.00202342
0.31	0.00198245
0.311	0.00194228
0.312	0.00190292
0.313	0.00186434
0.314	0.00182653
0.315	0.00178947
0.316	0.00175315
0.317	0.00171755
0.318	0.00168266
0.319	0.00164846
0.32	0.00161495
0.321	0.0015821
0.322	0.00154991
0.323	0.00151836
0.324	0.00148744
0.325	0.00145713
0.326	0.00142743
0.327	0.00139832
0.328	0.00136978
0.329	0.00134182
0.33	0.00131442
0.331	0.00128756
0.332	0.00126123
0.333	0.00123543
0.334	0.00121015
0.335	0.00118537
0.336	0.00116108
0.337	0.00113727
0.338	0.00111394
0.339	0.00109108
0.34	0.00106867
0.341	0.0010467
0.342	0.00102517
0.343	0.00100407
0.344	0.000983394
0.345	0.000963126
0.346	0.00094326
0.347	0.000923789
0.348	0.000904705
0.349	0.000885999
0.35	0.000867665
0.351	0.000849695
0.352	0.000832081
0.353	0.000814816
0.354	0.000797893
0.355	0.000781305
0.356	0.000765046
0.357	0.000749108
0.358	0.000733484
0.359	0.00071817
0.36	0.000703158
0.361	0.000688441
0.362	0.000674015
0.363	0.000659873
0.364	0.000646009
0.365	0.000632417
0.366	0.000619093
0.367	0.00060603
0.368	0.000593223
0.369	0.000580667
0.37	0.000568356
0.371	0.000556286
0.372	0.000544452
0.373	0.000532849
0.374	0.000521472
0.375	0.000510316
0.376	0.000499377
0.377	0.00048865
0.378	0.000478131
0.379	0.000467817
0.38	0.000457701
0.381	0.000447781
0.382	0.000438053
0.383	0.000428512
0.384	0.000419155
0.385	0.000409977
0.386	0.000400976
0.387	0.000392148
0.388	0.000383488
0.389	0.000374994
0.39	0.000366663
0.391	0.00035849
0.392	0.000350473
0.393	0.000342609
0.394	0.000334894
0.395	0.000327325
0.396	0.0003199
0.397	0.000312616
0.398	0.000305469
0.399	0.000298458
0.4	0.000291579
0.401	0.00028483
0.402	0.000278208
0.403	0.000271711
0.404	0.000265336
0.405	0.00025908
0.406	0.000252943
0.407	0.000246921
0.408	0.000241012
0.409	0.000235213
0.41	0.000229524
0.411	0.000223942
0.412	0.000218464
0.413	0.000213089
0.414	0.000207815
0.415	0.00020264
0.416	0.000197563
0.417	0.000192581
0.418	0.000187693
0.419	0.000182897
0.42	0.000178191
0.421	0.000173575
0.422	0.000169046
0.423	0.000164603
0.424	0.000160245
0.425	0.00015597
0.426	0.000151777
0.427	0.000147664
0.428	0.00014363
0.429	0.000139674
0.43	0.000135795
0.431	0.000131992
0.432	0.000128263
0.433	0.000124607
0.434	0.000121023
0.435	0.000117511
0.436	0.000114069
0.437	0.000110696
0.438	0.000107391
0.439	0.000104154
0.44	0.000100983
0.441	9.7878e-05
0.442	9.48376e-05
0.443	9.18611e-05
0.444	8.89479e-05
0.445	8.60972e-05
0.446	8.33082e-05
0.447	8.05803e-05
0.448	7.79127e-05
0.449	7.53049e-05
0.45	7.27562e-05
0.451	7.0266e-05
0.452	6.78337e-05
0.453	6.54588e-05
0.454	6.31408e-05
0.455	6.0879e-05
0.456	5.86731e-05
0.457	5.65225e-05
0.458	5.44268e-05
0.459	5.23855e-05
0.46	5.03983e-05
0.461	4.84646e-05
0.462	4.65842e-05
0.463	4.47566e-05
0.464	4.29815e-05
0.465	4.12585e-05
0.466	3.95873e-05
0.467	3.79676e-05
0.468	3.63992e-05
0.469	3.48816e-05
0.47	3.34147e-05
0.471	3.19981e-05
0.472	3.06317e-05
0.473	2.93151e-05
0.474	2.80482e-05
0.475	2.68308e-05
0.476	2.56626e-05
0.477	2.45434e-05
0.478	2.34732e-05
0.479	2.24516e-05
0.48	2.14786e-05
0.481	2.05539e-05
0.482	1.96775e-05
0.483	1.88492e-05
0.484	1.80689e-05
0.485	1.73364e-05
0.486	1.66517e-05
0.487	1.60147e-05
0.488	1.54252e-05
0.489	1.48831e-05
0.49	1.43885e-05
0.491	1.39412e-05
0.492	1.35411e-05
0.493	1.31882e-05
0.494	1.28825e-05
0.495	1.26239e-05
0.496	1.24124e-05
0.497	1.22479e-05
0.498	1.21304e-05
0.499	1.20599e-05
0.5	1.20364e-05
0.501	1.20599e-05
0.502	1.21304e-05
0.503	1.22479e-05
0.504	1.24124e-05
0.505	1.26239e-05
0.506	1.28825e-05
0.507	1.31882e-05
0.508	1.35411e-05
0.509	1.39412e-05
0.51	1.43885e-05
0.511	1.48831e-05
0.512	1.54252e-05
0.513	1.60147e-05
0.514	1.66517e-05
0.515	1.73364e-05
0.516	1.80689e-05
0.517	1.88492e-05
0.518	1.96775e-05
0.519	2.05539e-05
0.52	2.14786e-05
0.521	2.24516e-05
0.522	2.34732e-05
0.523	2.45434e-05
0.524	2.56626e-05
0.525	2.68308e-05
0.526	2.80482e-05
0.527	2.93151e-05
0.528	3.06317e-05
0.529	3.19981e-05
0.53	3.34147e-05
0.531	3.48816e-05
0.532	3.63992e-05
0.533	3.79676e-05
0.534	3.95873e-05
0.535	4.12585e-05
0.536	4.29815e-05
0.537	4.47566e-05
0.538	4.65842e-05
0.539	4.84646e-05
0.54	5.03983e-05
0.541	5.23855e-05
0.542	5.44268e-05
0.543	5.65225e-05
0.544	5.86731e-05
0.545	6.0879e-05
0.546	6.31408e-05
0.547	6.54588e-05
0.548	6.78337e-05
0.549	7.0266e-05
0.55	7.27562e-05
0.551	7.53049e-05
0.552	7.79127e-05
0.553	8.05803e-05
0.554	8.33082e-05
0.555	8.60972e-05
0.556	8.89479e-05
0.557	9.18611e-05
0.558	9.48376e-05
0.559	9.7878e-05
0.56	0.000100983
0.561	0.000104154
0.562	0.000107391
0.563	0.000110696
0.564	0.000114069
0.565	0.000117511
0.566	0.000121023
0.567	0.000124607
0.568	0.000128263
0.569	0.000131992
0.57	0.000135795
0.571	0.000139674
0.572	0.00014363
0.573	0.000147664
0.574	0.000151777
0.575	0.00015597
0.576	0.000160245
0.577	0.000164603
0.578	0.000169046
0.579	0.000173575
0.58	0.000178191
0.581	0.000182897
0.582	0.000187693
0.583	0.000192581
0.584	0.000197563
0.585	0.00020264
0.586	0.000207815
0.587	0.000213089
0.588	0.000218464
0.589	0.000223942
0.59	0.000229524
0.591	0.000235213
0.592	0.000241012
0.593	0.000246921
0.594	0.000252943
0.595	0.00025908
0.596	0.000265336
0.597	0.000271711
0.598	0.000278208
0.599	0.00028483
0.6	0.000291579
0.601	0.000298458
0.602	0.000305469
0.603	0.000312616
0.604	0.0003199
0.605	0.000327325
0.606	0.000334894
0.607	0.000342609
0.608	0.000350473
0.609	0.00035849
0.61	0.000366663
0.611	0.000374994
0.612	0.000383488
0.613	0.000392148
0.614	0.000400976
0.615	0.000409977
0.616	0.000419155
0.617	0.000428512
0.618	0.000438053
0.619	0.000447781
0.62	0.000457701
0.621	0.000467817
0.622	0.000478131
0.623	0.00048865
0.624	0.000499377
0.625	0.000510316
0.626	0.000521472
0.627	0.000532849
0.628	0.000544452
0.629	0.000556286
0.63	0.000568356
0.631	0.000580667
0.632	0.000593223
0.633	0.00060603
0.634	0.000619093
0.635	0.000632417
0.636	0.000646009
0.637	0.000659873
0.638	0.000674015
0.639	0.000688441
0.64	0.000703158
0.641	0.00071817
0.642	0.000733484
0.643	0.000749108
0.644	0.000765046
0.645	0.000781305
0.646	0.000797893
0.647	0.000814816
0.648	0.000832081
0.649	0.000849695
0.65	0.000867665
0.651	0.000885999
0.652	0.000904705
0.653	0.000923789
0.654	0.00094326
0.655	0.000963126
0.656	0.000983394
0.657	0.00100407
0.658	0.00102517
0.659	0.0010467
0.66	0.00106867
0.661	0.00109108
0.662	0.00111394
0.663	0.00113727
0.664	0.00116108
0.665	0.00118537
0.666	0.00121015
0.667	0.00123543
0.668	0.00126123
0.669	0.00128756
0.67	0.00131442
0.671	0.00134182
0.672	0.00136978
0.673	0.00139832
0.674	0.00142743
0.675	0.00145713
0.676	0.00148744
0.677	0.00151836
0.678	0.00154991
0.679	0.0015821
0.68	0.00161495
0.681	0.00164846
0.682	0.00168266
0.683	0.00171755
0.684	0.00175315
0.685	0.00178947
0.686	0.00182653
0.687	0.00186434
0.688	0.00190292
0.689	0.00194228
0.69	0.00198245
0.691	0.00202342
0.692	0.00206523
0.693	0.00210789
0.694	0.00215141
0.695	0.00219582
0.696	0.00224112
0.697	0.00228735
0.698	0.00233451
0.699	0.00238263
0.7	0.00243172
0.701	0.00248181
0.702	0.00253291
0.703	0.00258505
0.704	0.00263824
0.705	0.00269251
0.706	0.00274788
0.707	0.00280437
0.708	0.00286201
0.709	0.00292081
0.71	0.0029808
0.711	0.003042
0.712	0.00310444
0.713	0.00316815
0.714	0.00323314
0.715	0.00329945
0.716	0.00336709
0.717	0.00343611
0.718	0.00350652
0.719	0.00357835
0.72	0.00365164
0.721	0.0037264
0.722	0.00380268
0.723	0.0038805
0.724	0.00395988
0.725	0.00404088
0.726	0.00412351
0.727	0.0042078
0.728	0.0042938
0.729	0.00438154
0.73	0.00447104
0.731	0.00456236
0.732	0.00465551
0.733	0.00475055
0.734	0.00484751
0.735	0.00494642
0.736	0.00504733
0.737	0.00515028
0.738	0.0052553
0.739	0.00536244
0.74	0.00547175
0.741	0.00558326
0.742	0.00569702
0.743	0.00581308
0.744	0.00593148
0.745	0.00605227
0.746	0.00617549
0.747	0.0063012
0.748	0.00642945
0.749	0.00656029
0.75	0.00669376
0.751	0.00682993
0.752	0.00696885
0.753	0.00711057
0.754	0.00725515
0.755	0.00740264
0.756	0.00755312
0.757	0.00770663
0.758	0.00786323
0.759	0.008023
0.76	0.00818599
0.761	0.00835227
0.762	0.00852191
0.763	0.00869497
0.764	0.00887153
0.765	0.00905164
0.766	0.00923539
0.767	0.00942286
0.768	0.0096141
0.769	0.00980921
0.77	0.0100083
0.771	0.0102113
0.772	0.0104185
0.773	0.0106298
0.774	0.0108454
0.775	0.0110654
0.776	0.0112898
0.777	0.0115187
0.778	0.0117523
0.779	0.0119906
0.78	0.0122337
0.781	0.0124816
0.782	0.0127346
0.783	0.0129928
0.784	0.0132561
0.785	0.0135247
0.786	0.0137988
0.787	0.0140784
0.788	0.0143637
0.789	0.0146547
0.79	0.0149516
0.791	0.0152545
0.792	0.0155635
0.793	0.0158787
0.794	0.0162003
0.795	0.0165284
0.796	0.0168632
0.797	0.0172047
0.798	0.0175531
0.799	0.0179086
0.8	0.0182712
0.801	0.0186411
0.802	0.0190186
0.803	0.0194036
0.804	0.0197965
0.805	0.0201972
0.806	0.0206061
0.807	0.0210232
0.808	0.0214488
0.809	0.021883
0.81	0.0223259
0.811	0.0227778
0.812	0.0232388
0.813	0.0237091
0.814	0.024189
0.815	0.0246785
0.816	0.0251779
0.817	0.0256874
0.818	0.0262073
0.819	0.0267376
0.82	0.0272786
0.821	0.0278306
0.822	0.0283937
0.823	0.0289682
0.824	0.0295543
0.825	0.0301523
0.826	0.0307623
0.827	0.0313847
0.828	0.0320196
0.829	0.0326674
0.83	0.0333282
0.831	0.0340024
0.832	0.0346903
0.833	0.035392
0.834	0.0361079
0.835	0.0368383
0.836	0.0375834
0.837	0.0383436
0.838	0.0391192
0.839	0.0399104
0.84	0.0407176
0.841	0.0415411
0.842	0.0423812
0.843	0.0432384
0.844	0.0441128
0.845	0.0450049
0.846	0.0459151
0.847	0.0468436
0.848	0.0477909
0.849	0.0487573
0.85	0.0497432
0.851	0.0507491
0.852	0.0517753
0.853	0.0528222
0.854	0.0538903
0.855	0.0549799
0.856	0.0560916
0.857	0.0572257
0.858	0.0583827
0.859	0.0595631
0.86	0.0607673
0.861	0.0619959
0.862	0.0632493
0.863	0.064528
0.864	0.0658325
0.865	0.0671634
0.866	0.0685212
0.867	0.0699063
0.868	0.0713195
0.869	0.0727612
0.87	0.0742321
0.871	0.0757326
0.872	0.0772635
0.873	0.0788253
0.874	0.0804186
0.875	0.0820441
0.876	0.0837025
0.877	0.0853943
0.878	0.0871203
0.879	0.0888812
0.88	0.0906776
0.881	0.0925104
0.882	0.0943801
0.883	0.0962877
0.884	0.0982337
0.885	0.100219
0.886	0.102245
0.887	0.104311
0.888	0.106419
0.889	0.10857
0.89	0.110764
0.891	0.113002
0.892	0.115286
0.893	0.117616
0.894	0.119993
0.895	0.122418
0.896	0.124891
0.897	0.127415
0.898	0.12999
0.899	0.132617
0.9	0.135297
0.901	0.138031
0.902	0.14082
0.903	0.143666
0.904	0.146569
0.905	0.14953
0.906	0.152552
0.907	0.155635
0.908	0.15878
0.909	0.161988
0.91	0.165261
0.911	0.1686
0.912	0.172007
0.913	0.175483
0.914	0.179029
0.915	0.182646
0.916	0.186337
0.917	0.190102
0.918	0.193943
0.919	0.197862
0.92	0.20186
0.921	0.205938
0.922	0.210099
0.923	0.214345
0.924	0.218676
0.925	0.223094
0.926	0.227602
0.927	0.2322
0.928	0.236892
0.929	0.241679
0.93	0.246562
0.931	0.251543
0.932	0.256626
0.933	0.261811
0.934	0.267101
0.935	0.272498
0.936	0.278003
0.937	0.28362
0.938	0.289351
0.939	0.295197
0.94	0.301162
0.941	0.307246
0.942	0.313454
0.943	0.319787
0.944	0.326248
0.945	0.33284
0.946	0.339565
0.947	0.346426
0.948	0.353425
0.949	0.360566
0.95	0.367851
0.951	0.375283
0.952	0.382865
0.953	0.3906
0.954	0.398492
0.955	0.406543
0.956	0.414757
0.957	0.423136
0.958	0.431685
0.959	0.440407
0.96	0.449305
0.961	0.458382
0.962	0.467643
0.963	0.477091
0.964	0.48673
0.965	0.496564
0.966	0.506596
0.967	0.516831
0.968	0.527272
0.969	0.537925
0.97	0.548792
0.971	0.55988
0.972	0.571191
0.973	0.58273
0.974	0.594503
0.975	0.606514
0.976	0.618767
0.977	0.631267
0.978	0.644021
0.979	0.657031
0.98	0.670305
0.981	0.683847
0.982	0.697662
0.983	0.711757
0.984	0.726136
0.985	0.740806
0.986	0.755772
0.987	0.77104
0.988	0.786617
0.989	0.802508
0.99	0.818721
0.991	0.835261
0.992	0.852136
0.993	0.869351
0.994	0.886914
0.995	0.904832
0.996	0.923113
0.997	0.941762
0.998	0.960789
0.999	0.9802
