# Interpolation data for function: (exp(10*(abs(2*x-1)))-1)/(exp(10)-1)
0	0.999776
0.001	0.980019
0.002	0.96065
0.003	0.941661
0.004	0.923044
0.005	0.904793
0.006	0.8869
0.007	0.869358
0.008	0.852161
0.009	0.835303
0.01	0.818776
0.011	0.802574
0.012	0.786691
0.013	0.77112
0.014	0.755857
0.015	0.740894
0.016	0.726226
0.017	0.711847
0.018	0.697752
0.019	0.683935
0.02	0.67039
0.021	0.657113
0.022	0.644098
0.023	0.63134
0.024	0.618834
0.025	0.606575
0.026	0.594559
0.027	0.58278
0.028	0.571234
0.029	0.559917
0.03	0.548823
0.031	0.537949
0.032	0.52729
0.033	0.516842
0.034	0.506601
0.035	0.496563
0.036	0.486724
0.037	0.477079
0.038	0.467626
0.039	0.45836
0.04	0.449277
0.041	0.440375
0.042	0.431649
0.043	0.423096
0.044	0.414713
0.045	0.406495
0.046	0.398441
0.047	0.390547
0.048	0.382809
0.049	0.375224
0.05	0.36779
0.051	0.360504
0.052	0.353362
0.053	0.346362
0.054	0.3395
0.055	0.332775
0.056	0.326183
0.057	0.319722
0.058	0.31339
0.059	0.307182
0.06	0.301098
0.061	0.295135
0.062	0.28929
0.063	0.283561
0.064	0.277946
0.065	0.272442
0.066	0.267047
0.067	0.261759
0.068	0.256576
0.069	0.251496
0.07	0.246517
0.071	0.241637
0.072	0.236853
0.073	0.232164
0.074	0.227568
0.075	0.223063
0.076	0.218648
0.077	0.21432
0.078	0.210078
0.079	0.20592
0.08	0.201844
0.081	0.197849
0.082	0.193934
0.083	0.190096
0.084	0.186334
0.085	0.182646
0.086	0.179032
0.087	0.175489
0.088	0.172016
0.089	0.168612
0.09	0.165275
0.091	0.162005
0.092	0.158799
0.093	0.155657
0.094	0.152577
0.095	0.149558
0.096	0.146598
0.097	0.143697
0.098	0.140854
0.099	0.138066
0.1	0.135334
0.101	0.132656
0.102	0.130031
0.103	0.127458
0.104	0.124935
0.105	0.122463
0.106	0.120039
0.107	0.117664
0.108	0.115335
0.109	0.113052
0.11	0.110814
0.111	0.108621
0.112	0.106471
0.113	0.104363
0.114	0.102297
0.115	0.100272
0.116	0.0982866
0.117	0.0963406
0.118	0.094433
0.119	0.092563
0.12	0.09073
0.121	0.0889331
0.122	0.0871718
0.123	0.0854452
0.124	0.0837527
0.125	0.0820935
0.126	0.0804672
0.127	0.0788729
0.128	0.0773101
0.129	0.0757782
0.13	0.0742764
0.131	0.0728044
0.132	0.0713613
0.133	0.0699468
0.134	0.0685602
0.135	0.0672009
0.136	0.0658685
0.137	0.0645623
0.138	0.063282
0.139	0.0620269
0.14	0.0607966
0.141	0.0595906
0.142	0.0584084
0.143	0.0572495
0.144	0.0561136
0.145	0.055
0.146	0.0539085
0.147	0.0528385
0.148	0.0517896
0.149	0.0507615
0.15	0.0497536
0.151	0.0487657
0.152	0.0477973
0.153	0.0468481
0.154	0.0459176
0.155	0.0450055
0.156	0.0441114
0.157	0.0432351
0.158	0.042376
0.159	0.041534
0.16	0.0407086
0.161	0.0398995
0.162	0.0391065
0.163	0.0383291
0.164	0.0375672
0.165	0.0368203
0.166	0.0360882
0.167	0.0353706
0.168	0.0346673
0.169	0.0339779
0.17	0.0333021
0.171	0.0326398
0.172	0.0319906
0.173	0.0313542
0.174	0.0307305
0.175	0.0301192
0.176	0.02952
0.177	0.0289327
0.178	0.0283571
0.179	0.0277929
0.18	0.0272399
0.181	0.0266979
0.182	0.0261667
0.183	0.025646
0.184	0.0251357
0.185	0.0246356
0.186	0.0241454
0.187	0.023665
0.188	0.0231941
0.189	0.0227326
0.19	0.0222803
0.191	0.021837
0.192	0.0214026
0.193	0.0209768
0.194	0.0205595
0.195	0.0201505
0.196	0.0197497
0.197	0.0193569
0.198	0.0189719
0.199	0.0185946
0.2	0.0182249
0.201	0.0178625
0.202	0.0175074
0.203	0.0171593
0.204	0.0168182
0.205	0.016484
0.206	0.0161564
0.207	0.0158354
0.208	0.0155208
0.209	0.0152124
0.21	0.0149103
0.211	0.0146142
0.212	0.014324
0.213	0.0140396
0.214	0.013761
0.215	0.0134879
0.216	0.0132202
0.217	0.012958
0.218	0.0127009
0.219	0.0124491
0.22	0.0122022
0.221	0.0119603
0.222	0.0117233
0.223	0.011491
0.224	0.0112633
0.225	0.0110403
0.226	0.0108216
0.227	0.0106074
0.228	0.0103974
0.229	0.0101917
0.23	0.00999004
0.231	0.00979244
0.232	0.00959879
0.233	0.00940902
0.234	0.00922304
0.235	0.00904078
0.236	0.00886217
0.237	0.00868712
0.238	0.00851558
0.239	0.00834746
0.24	0.00818269
0.241	0.00802122
0.242	0.00786297
0.243	0.00770788
0.244	0.00755588
0.245	0.0074069
0.246	0.0072609
0.247	0.0071178
0.248	0.00697756
0.249	0.0068401
0.25	0.00670537
0.251	0.00657333
0.252	0.0064439
0.253	0.00631705
0.254	0.00619271
0.255	0.00607083
0.256	0.00595137
0.257	0.00583427
0.258	0.00571949
0.259	0.00560698
0.26	0.00549669
0.261	0.00538858
0.262	0.0052826
0.263	0.0051787
0.264	0.00507686
0.265	0.00497701
0.266	0.00487913
0.267	0.00478317
0.268	0.00468909
0.269	0.00459685
0.27	0.00450642
0.271	0.00441776
0.272	0.00433083
0.273	0.0042456
0.274	0.00416202
0.275	0.00408008
0.276	0.00399973
0.277	0.00392094
0.278	0.00384368
0.279	0.00376791
0.28	0.00369362
0.281	0.00362076
0.282	0.00354931
0.283	0.00347923
0.284	0.00341051
0.285	0.00334311
0.286	0.00327701
0.287	0.00321217
0.288	0.00314858
0.289	0.00308621
0.29	0.00302503
0.291	0.00296502
0.292	0.00290616
0.293	0.00284842
0.294	0.00279177
0.295	0.00273621
0.296	0.0026817
0.297	0.00262822
0.298	0.00257576
0.299	0.00252429
0.3	0.0024738
0.301	0.00242425
0.302	0.00237565
0.303	0.00232796
0.304	0.00228116
0.305	0.00223525
0.306	0.0021902
0.307	0.002146
0.308	0.00210262
0.309	0.00206006
0.31	0.00201829
0.311	0.00197731
0.312	0.00193709
0.313	0.00189762
0.314	0.00185889
0.315	0.00182088
0.316	0.00178358
0.317	0.00174698
0.318	0.00171105
0.319	0.0016758
0.32	0.0016412
0.321	0.00160725
0.322	0.00157392
0.323	0.00154122
0.324	0.00150912
0.325	0.00147762
0.326	0.00144671
0.327	0.00141637
0.328	0.0013866
0.329	0.00135738
0.33	0.0013287
0.331	0.00130056
0.332	0.00127294
0.333	0.00124584
0.334	0.00121924
0.335	0.00119314
0.336	0.00116752
0.337	0.00114239
0.338	0.00111772
0.339	0.00109352
0.34	0.00106977
0.341	0.00104647
0.342	0.0010236
0.343	0.00100117
0.344	0.000979162
0.345	0.000957569
0.346	0.000936385
0.347	0.000915603
0.348	0.000895217
0.349	0.00087522
0.35	0.000855605
0.351	0.000836365
0.352	0.000817496
0.353	0.00079899
0.354	0.000780841
0.355	0.000763044
0.356	0.000745593
0.357	0.000728482
0.358	0.000711706
0.359	0.000695259
0.36	0.000679136
0.361	0.000663332
0.362	0.000647841
0.363	0.00063266
0.364	0.000617781
0.365	0.000603202
0.366	0.000588917
0.367	0.000574921
0.368	0.00056121
0.369	0.000547779
0.37	0.000534624
0.371	0.000521741
0.372	0.000509125
0.373	0.000496772
0.374	0.000484679
0.375	0.00047284
0.376	0.000461252
0.377	0.000449911
0.378	0.000438813
0.379	0.000427954
0.38	0.000417331
0.381	0.00040694
0.382	0.000396777
0.383	0.000386838
0.384	0.00037712
0.385	0.00036762
0.386	0.000358334
0.387	0.000349259
0.388	0.000340391
0.389	0.000331727
0.39	0.000323264
0.391	0.000314998
0.392	0.000306926
0.393	0.000299046
0.394	0.000291353
0.395	0.000283845
0.396	0.00027652
0.397	0.000269373
0.398	0.000262402
0.399	0.000255604
0.4	0.000248976
0.401	0.000242515
0.402	0.000236218
0.403	0.000230083
0.404	0.000224107
0.405	0.000218286
0.406	0.000212618
0.407	0.000207101
0.408	0.000201732
0.409	0.000196508
0.41	0.000191426
0.411	0.000186484
0.412	0.000181679
0.413	0.00017701
0.414	0.000172472
0.415	0.000168063
0.416	0.000163782
0.417	0.000159626
0.418	0.000155592
0.419	0.000151678
0.42	0.000147881
0.421	0.000144199
0.422	0.00014063
0.423	0.000137171
0.424	0.00013382
0.425	0.000130575
0.426	0.000127433
0.427	0.000124393
0.428	0.000121451
0.429	0.000118607
0.43	0.000115857
0.431	0.000113199
0.432	0.000110632
0.433	0.000108153
0.434	0.00010576
0.435	0.000103451
0.436	0.000101224
0.437	9.90772e-05
0.438	9.70082e-05
0.439	9.50153e-05
0.44	9.30963e-05
0.441	9.12494e-05
0.442	8.94728e-05
0.443	8.77644e-05
0.444	8.61225e-05
0.445	8.45452e-05
0.446	8.30307e-05
0.447	8.15772e-05
0.448	8.0183e-05
0.449	7.88464e-05
0.45	7.75655e-05
0.451	7.63388e-05
0.452	7.51645e-05
0.453	7.40412e-05
0.454	7.2967e-05
0.455	7.19406e-05
0.456	7.09603e-05
0.457	7.00246e-05
0.458	6.9132e-05
0.459	6.82811e-05
0.46	6.74704e-05
0.461	6.66986e-05
0.462	6.59643e-05
0.463	6.5266e-05
0.464	6.46026e-05
0.465	6.39727e-05
0.466	6.33751e-05
0.467	6.28085e-05
0.468	6.22718e-05
0.469	6.17638e-05
0.47	6.12834e-05
0.471	6.08296e-05
0.472	6.04011e-05
0.473	5.99971e-05
0.474	5.96165e-05
0.475	5.92584e-05
0.476	5.89218e-05
0.477	5.86059e-05
0.478	5.83098e-05
0.479	5.80326e-05
0.48	5.77737e-05
0.481	5.75322e-05
0.482	5.73074e-05
0.483	5.70987e-05
0.484	5.69053e-05
0.485	5.67268e-05
0.486	5.65624e-05
0.487	5.64118e-05
0.488	5.62743e-05
0.489	5.61495e-05
0.49	5.6037e-05
0.491	5.59364e-05
0.492	5.58474e-05
0.493	5.57695e-05
0.494	5.57027e-05
0.495	5.56465e-05
0.496	5.56008e-05
0.497	5.55654e-05
0.498	5.55403e-05
0.499	5.55252e-05
0.5	5.55202e-05
0.501	5.55252e-05
0.502	5.55403e-05
0.503	5.55654e-05
0.504	5.56008e-05
0.505	5.56465e-05
0.506	5.57027e-05
0.507	5.57695e-05
0.508	5.58474e-05
0.509	5.59364e-05
0.51	5.6037e-05
0.511	5.61495e-05
0.512	5.62743e-05
0.513	5.64118e-05
0.514	5.65624e-05
0.515	5.67268e-05
0.516	5.69053e-05
0.517	5.70987e-05
0.518	5.73074e-05
0.519	5.75322e-05
0.52	5.77737e-05
0.521	5.80326e-05
0.522	5.83098e-05
0.523	5.86059e-05
0.524	5.89218e-05
0.525	5.92584e-05
0.526	5.96165e-05
0.527	5.99971e-05
0.528	6.04011e-05
0.529	6.08296e-05
0.53	6.12834e-05
0.531	6.17638e-05
0.532	6.22718e-05
0.533	6.28085e-05
0.534	6.33751e-05
0.535	6.39727e-05
0.536	6.46026e-05
0.537	6.5266e-05
0.538	6.59643e-05
0.539	6.66986e-05
0.54	6.74704e-05
0.541	6.82811e-05
0.542	6.9132e-05
0.543	7.00246e-05
0.544	7.09603e-05
0.545	7.19406e-05
0.546	7.2967e-05
0.547	7.40412e-05
0.548	7.51645e-05
0.549	7.63388e-05
0.55	7.75655e-05
0.551	7.88464e-05
0.552	8.0183e-05
0.553	8.15772e-05
0.554	8.30307e-05
0.555	8.45452e-05
0.556	8.61225e-05
0.557	8.77644e-05
0.558	8.94728e-05
0.559	9.12494e-05
0.56	9.30963e-05
0.561	9.50153e-05
0.562	9.70082e-05
0.563	9.90772e-05
0.564	0.000101224
0.565	0.000103451
0.566	0.00010576
0.567	0.000108153
0.568	0.000110632
0.569	0.000113199
0.57	0.000115857
0.571	0.000118607
0.572	0.000121451
0.573	0.000124393
0.574	0.000127433
0.575	0.000130575
0.576	0.00013382
0.577	0.000137171
0.578	0.00014063
0.579	0.000144199
0.58	0.000147881
0.581	0.000151678
0.582	0.000155592
0.583	0.000159626
0.584	0.000163782
0.585	0.000168063
0.586	0.000172472
0.587	0.00017701
0.588	0.000181679
0.589	0.000186484
0.59	0.000191426
0.591	0.000196508
0.592	0.000201732
0.593	0.000207101
0.594	0.000212618
0.595	0.000218286
0.596	0.000224107
0.597	0.000230083
0.598	0.000236218
0.599	0.000242515
0.6	0.000248976
0.601	0.000255604
0.602	0.000262402
0.603	0.000269373
0.604	0.00027652
0.605	0.000283845
0.606	0.000291353
0.607	0.000299046
0.608	0.000306926
0.609	0.000314998
0.61	0.000323264
0.611	0.000331727
0.612	0.000340391
0.613	0.000349259
0.614	0.000358334
0.615	0.00036762
0.616	0.00037712
0.617	0.000386838
0.618	0.000396777
0.619	0.00040694
0.62	0.000417331
0.621	0.000427954
0.622	0.000438813
0.623	0.000449911
0.624	0.000461252
0.625	0.00047284
0.626	0.000484679
0.627	0.000496772
0.628	0.000509125
0.629	0.000521741
0.63	0.000534624
0.631	0.000547779
0.632	0.00056121
0.633	0.000574921
0.634	0.000588917
0.635	0.000603202
0.636	0.000617781
0.637	0.00063266
0.638	0.000647841
0.639	0.000663332
0.64	0.000679136
0.641	0.000695259
0.642	0.000711706
0.643	0.000728482
0.644	0.000745593
0.645	0.000763044
0.646	0.000780841
0.647	0.00079899
0.648	0.000817496
0.649	0.000836365
0.65	0.000855605
0.651	0.00087522
0.652	0.000895217
0.653	0.000915603
0.654	0.000936385
0.655	0.000957569
0.656	0.000979162
0.657	0.00100117
0.658	0.0010236
0.659	0.00104647
0.66	0.00106977
0.661	0.00109352
0.662	0.00111772
0.663	0.00114239
0.664	0.00116752
0.665	0.00119314
0.666	0.00121924
0.667	0.00124584
0.668	0.00127294
0.669	0.00130056
0.67	0.0013287
0.671	0.00135738
0.672	0.0013866
0.673	0.00141637
0.674	0.00144671
0.675	0.00147762
0.676	0.00150912
0.677	0.00154122
0.678	0.00157392
0.679	0.00160725
0.68	0.0016412
0.681	0.0016758
0.682	0.00171105
0.683	0.00174698
0.684	0.00178358
0.685	0.00182088
0.686	0.00185889
0.687	0.00189762
0.688	0.00193709
0.689	0.00197731
0.69	0.00201829
0.691	0.00206006
0.692	0.00210262
0.693	0.002146
0.694	0.0021902
0.695	0.00223525
0.696	0.00228116
0.697	0.00232796
0.698	0.00237565
0.699	0.00242425
0.7	0.0024738
0.701	0.00252429
0.702	0.00257576
0.703	0.00262822
0.704	0.0026817
0.705	0.00273621
0.706	0.00279177
0.707	0.00284842
0.708	0.00290616
0.709	0.00296502
0.71	0.00302503
0.711	0.00308621
0.712	0.00314858
0.713	0.00321217
0.714	0.00327701
0.715	0.00334311
0.716	0.00341051
0.717	0.00347923
0.718	0.00354931
0.719	0.00362076
0.72	0.00369362
0.721	0.00376791
0.722	0.00384368
0.723	0.00392094
0.724	0.00399973
0.725	0.00408008
0.726	0.00416202
0.727	0.0042456
0.728	0.00433083
0.729	0.00441776
0.73	0.00450642
0.731	0.00459685
0.732	0.00468909
0.733	0.00478317
0.734	0.00487913
0.735	0.00497701
0.736	0.00507686
0.737	0.0051787
0.738	0.0052826
0.739	0.00538858
0.74	0.00549669
0.741	0.00560698
0.742	0.00571949
0.743	0.00583427
0.744	0.00595137
0.745	0.00607083
0.746	0.00619271
0.747	0.00631705
0.748	0.0064439
0.749	0.00657333
0.75	0.00670537
0.751	0.0068401
0.752	0.00697756
0.753	0.0071178
0.754	0.0072609
0.755	0.0074069
0.756	0.00755588
0.757	0.00770788
0.758	0.00786297
0.759	0.00802122
0.76	0.00818269
0.761	0.00834746
0.762	0.00851558
0.763	0.00868712
0.764	0.00886217
0.765	0.00904078
0.766	0.00922304
0.767	0.00940902
0.768	0.00959879
0.769	0.00979244
0.77	0.00999004
0.771	0.0101917
0.772	0.0103974
0.773	0.0106074
0.774	0.0108216
0.775	0.0110403
0.776	0.0112633
0.777	0.011491
0.778	0.0117233
0.779	0.0119603
0.78	0.0122022
0.781	0.0124491
0.782	0.0127009
0.783	0.012958
0.784	0.0132202
0.785	0.0134879
0.786	0.013761
0.787	0.0140396
0.788	0.014324
0.789	0.0146142
0.79	0.0149103
0.791	0.0152124
0.792	0.0155208
0.793	0.0158354
0.794	0.0161564
0.795	0.016484
0.796	0.0168182
0.797	0.0171593
0.798	0.0175074
0.799	0.0178625
0.8	0.0182249
0.801	0.0185946
0.802	0.0189719
0.803	0.0193569
0.804	0.0197497
0.805	0.0201505
0.806	0.0205595
0.807	0.0209768
0.808	0.0214026
0.809	0.021837
0.81	0.0222803
0.811	0.0227326
0.812	0.0231941
0.813	0.023665
0.814	0.0241454
0.815	0.0246356
0.816	0.0251357
0.817	0.025646
0.818	0.0261667
0.819	0.0266979
0.82	0.0272399
0.821	0.0277929
0.822	0.0283571
0.823	0.0289327
0.824	0.02952
0.825	0.0301192
0.826	0.0307305
0.827	0.0313542
0.828	0.0319906
0.829	0.0326398
0.83	0.0333021
0.831	0.0339779
0.832	0.0346673
0.833	0.0353706
0.834	0.0360882
0.835	0.0368203
0.836	0.0375672
0.837	0.0383291
0.838	0.0391065
0.839	0.0398995
0.84	0.0407086
0.841	0.041534
0.842	0.042376
0.843	0.0432351
0.844	0.0441114
0.845	0.0450055
0.846	0.0459176
0.847	0.0468481
0.848	0.0477973
0.849	0.0487657
0.85	0.0497536
0.851	0.0507615
0.852	0.0517896
0.853	0.0528385
0.854	0.0539085
0.855	0.055
0.856	0.0561136
0.857	0.0572495
0.858	0.0584084
0.859	0.0595906
0.86	0.0607966
0.861	0.0620269
0.862	0.063282
0.863	0.0645623
0.864	0.0658685
0.865	0.0672009
0.866	0.0685602
0.867	0.0699468
0.868	0.0713613
0.869	0.0728044
0.87	0.0742764
0.871	0.0757782
0.872	0.0773101
0.873	0.0788729
0.874	0.0804672
0.875	0.0820935
0.876	0.0837527
0.877	0.0854452
0.878	0.0871718
0.879	0.0889331
0.88	0.09073
0.881	0.092563
0.882	0.094433
0.883	0.0963406
0.884	0.0982866
0.885	0.100272
0.886	0.102297
0.887	0.104363
0.888	0.106471
0.889	0.108621
0.89	0.110814
0.891	0.113052
0.892	0.115335
0.893	0.117664
0.894	0.120039
0.895	0.122463
0.896	0.124935
0.897	0.127458
0.898	0.130031
0.899	0.132656
0.9	0.135334
0.901	0.138066
0.902	0.140854
0.903	0.143697
0.904	0.146598
0.905	0.149558
0.906	0.152577
0.907	0.155657
0.908	0.158799
0.909	0.162005
0.91	0.165275
0.911	0.168612
0.912	0.172016
0.913	0.175489
0.914	0.179032
0.915	0.182646
0.916	0.186334
0.917	0.190096
0.918	0.193934
0.919	0.197849
0.92	0.201844
0.921	0.20592
0.922	0.210078
0.923	0.21432
0.924	0.218648
0.925	0.223063
0.926	0.227568
0.927	0.232164
0.928	0.236853
0.929	0.241637
0.93	0.246517
0.931	0.251496
0.932	0.256576
0.933	0.261759
0.934	0.267047
0.935	0.272442
0.936	0.277946
0.937	0.283561
0.938	0.28929
0.939	0.295135
0.94	0.301098
0.941	0.307182
0.942	0.31339
0.943	0.319722
0.944	0.326183
0.945	0.332775
0.946	0.3395
0.947	0.346362
0.948	0.353362
0.949	0.360504
0.95	0.36779
0.951	0.375224
0.952	0.382809
0.953	0.390547
0.954	0.398441
0.955	0.406495
0.956	0.414713
0.957	0.423096
0.958	0.431649
0.959	0.440375
0.96	0.449277
0.961	0.45836
0.962	0.467626
0.963	0.477079
0.964	0.486724
0.965	0.496563
0.966	0.506601
0.967	0.516842
0.968	0.52729
0.969	0.537949
0.97	0.548823
0.971	0.559917
0.972	0.571234
0.973	0.58278
0.974	0.594559
0.975	0.606575
0.976	0.618834
0.977	0.63134
0.978	0.644098
0.979	0.657113
0.98	0.67039
0.981	0.683935
0.982	0.697752
0.983	0.711847
0.984	0.726226
0.985	0.740894
0.986	0.755857
0.987	0.77112
0.988	0.786691
0.989	0.802574
0.99	0.818776
0.991	0.835303
0.992	0.852161
0.993	0.869358
0.994	0.8869
0.995	0.904793
0.996	0.923044
0.997	0.941661
0.998	0.96065
0.999	0.980019
