# Interpolation data for function: (exp(10*(abs(2*x-1)))-1)/(exp(10)-1)
0	1
0.001	0.980198
0.002	0.960788
0.003	0.941762
0.004	0.923113
0.005	0.904833
0.006	0.886915
0.007	0.869352
0.008	0.852137
0.009	0.835263
0.01	0.818723
0.011	0.80251
0.012	0.786618
0.013	0.771041
0.014	0.755773
0.015	0.740806
0.016	0.726137
0.017	0.711757
0.018	0.697663
0.019	0.683847
0.02	0.670305
0.021	0.657031
0.022	0.64402
0.023	0.631267
0.024	0.618766
0.025	0.606513
0.026	0.594502
0.027	0.582729
0.028	0.57119
0.029	0.559878
0.03	0.548791
0.031	0.537923
0.032	0.527271
0.033	0.516829
0.034	0.506595
0.035	0.496562
0.036	0.486729
0.037	0.47709
0.038	0.467642
0.039	0.458381
0.04	0.449304
0.041	0.440406
0.042	0.431685
0.043	0.423136
0.044	0.414756
0.045	0.406543
0.046	0.398492
0.047	0.3906
0.048	0.382865
0.049	0.375283
0.05	0.367851
0.051	0.360566
0.052	0.353425
0.053	0.346426
0.054	0.339566
0.055	0.332841
0.056	0.326249
0.057	0.319788
0.058	0.313455
0.059	0.307247
0.06	0.301162
0.061	0.295198
0.062	0.289352
0.063	0.283622
0.064	0.278005
0.065	0.272499
0.066	0.267102
0.067	0.261812
0.068	0.256627
0.069	0.251545
0.07	0.246563
0.071	0.24168
0.072	0.236893
0.073	0.232201
0.074	0.227603
0.075	0.223095
0.076	0.218676
0.077	0.214345
0.078	0.2101
0.079	0.205939
0.08	0.20186
0.081	0.197862
0.082	0.193943
0.083	0.190102
0.084	0.186337
0.085	0.182646
0.086	0.179029
0.087	0.175483
0.088	0.172007
0.089	0.1686
0.09	0.165261
0.091	0.161988
0.092	0.158779
0.093	0.155634
0.094	0.152552
0.095	0.14953
0.096	0.146568
0.097	0.143665
0.098	0.140819
0.099	0.13803
0.1	0.135296
0.101	0.132616
0.102	0.129989
0.103	0.127414
0.104	0.12489
0.105	0.122417
0.106	0.119992
0.107	0.117615
0.108	0.115285
0.109	0.113001
0.11	0.110763
0.111	0.108569
0.112	0.106418
0.113	0.10431
0.114	0.102243
0.115	0.100218
0.116	0.0982327
0.117	0.0962866
0.118	0.0943791
0.119	0.0925094
0.12	0.0906767
0.121	0.0888803
0.122	0.0871194
0.123	0.0853934
0.124	0.0837016
0.125	0.0820433
0.126	0.0804179
0.127	0.0788246
0.128	0.0772629
0.129	0.0757321
0.13	0.0742316
0.131	0.0727608
0.132	0.0713191
0.133	0.069906
0.134	0.0685209
0.135	0.0671632
0.136	0.0658324
0.137	0.0645279
0.138	0.0632492
0.139	0.0619959
0.14	0.0607674
0.141	0.0595633
0.142	0.0583829
0.143	0.057226
0.144	0.0560919
0.145	0.0549803
0.146	0.0538907
0.147	0.0528227
0.148	0.0517759
0.149	0.0507497
0.15	0.0497439
0.151	0.048758
0.152	0.0477917
0.153	0.0468444
0.154	0.0459159
0.155	0.0450058
0.156	0.0441138
0.157	0.0432394
0.158	0.0423823
0.159	0.0415421
0.16	0.0407186
0.161	0.0399115
0.162	0.0391203
0.163	0.0383447
0.164	0.0375846
0.165	0.0368394
0.166	0.0361091
0.167	0.0353932
0.168	0.0346914
0.169	0.0340036
0.17	0.0333294
0.171	0.0326685
0.172	0.0320207
0.173	0.0313858
0.174	0.0307634
0.175	0.0301533
0.176	0.0295554
0.177	0.0289692
0.178	0.0283947
0.179	0.0278316
0.18	0.0272796
0.181	0.0267385
0.182	0.0262081
0.183	0.0256883
0.184	0.0251787
0.185	0.0246792
0.186	0.0241897
0.187	0.0237098
0.188	0.0232394
0.189	0.0227783
0.19	0.0223264
0.191	0.0218834
0.192	0.0214492
0.193	0.0210236
0.194	0.0206064
0.195	0.0201974
0.196	0.0197966
0.197	0.0194037
0.198	0.0190186
0.199	0.0186411
0.2	0.0182711
0.201	0.0179084
0.202	0.0175529
0.203	0.0172044
0.204	0.0168628
0.205	0.016528
0.206	0.0161999
0.207	0.0158782
0.208	0.0155629
0.209	0.0152538
0.21	0.0149509
0.211	0.0146539
0.212	0.0143629
0.213	0.0140775
0.214	0.0137979
0.215	0.0135238
0.216	0.0132551
0.217	0.0129917
0.218	0.0127336
0.219	0.0124805
0.22	0.0122325
0.221	0.0119894
0.222	0.0117511
0.223	0.0115175
0.224	0.0112885
0.225	0.0110641
0.226	0.0108441
0.227	0.0106285
0.228	0.0104171
0.229	0.01021
0.23	0.0100069
0.231	0.00980785
0.232	0.00961274
0.233	0.0094215
0.234	0.00923404
0.235	0.00905029
0.236	0.00887019
0.237	0.00869365
0.238	0.0085206
0.239	0.00835098
0.24	0.00818472
0.241	0.00802176
0.242	0.00786201
0.243	0.00770544
0.244	0.00755196
0.245	0.00740152
0.246	0.00725406
0.247	0.00710952
0.248	0.00696784
0.249	0.00682897
0.25	0.00669285
0.251	0.00655942
0.252	0.00642864
0.253	0.00630044
0.254	0.00617479
0.255	0.00605162
0.256	0.00593089
0.257	0.00581255
0.258	0.00569655
0.259	0.00558285
0.26	0.00547141
0.261	0.00536217
0.262	0.00525509
0.263	0.00515013
0.264	0.00504725
0.265	0.00494641
0.266	0.00484757
0.267	0.00475068
0.268	0.00465571
0.269	0.00456262
0.27	0.00447137
0.271	0.00438194
0.272	0.00429427
0.273	0.00420834
0.274	0.00412411
0.275	0.00404155
0.276	0.00396062
0.277	0.00388129
0.278	0.00380354
0.279	0.00372733
0.28	0.00365262
0.281	0.0035794
0.282	0.00350762
0.283	0.00343727
0.284	0.0033683
0.285	0.00330071
0.286	0.00323445
0.287	0.00316951
0.288	0.00310585
0.289	0.00304345
0.29	0.00298229
0.291	0.00292233
0.292	0.00286357
0.293	0.00280597
0.294	0.00274951
0.295	0.00269417
0.296	0.00263992
0.297	0.00258675
0.298	0.00253463
0.299	0.00248354
0.3	0.00243346
0.301	0.00238438
0.302	0.00233627
0.303	0.00228911
0.304	0.00224288
0.305	0.00219757
0.306	0.00215316
0.307	0.00210962
0.308	0.00206695
0.309	0.00202513
0.31	0.00198413
0.311	0.00194394
0.312	0.00190455
0.313	0.00186594
0.314	0.00182809
0.315	0.00179099
0.316	0.00175463
0.317	0.00171899
0.318	0.00168405
0.319	0.00164981
0.32	0.00161624
0.321	0.00158334
0.322	0.00155109
0.323	0.00151947
0.324	0.00148849
0.325	0.00145811
0.326	0.00142834
0.327	0.00139916
0.328	0.00137056
0.329	0.00134252
0.33	0.00131504
0.331	0.0012881
0.332	0.00126169
0.333	0.00123581
0.334	0.00121044
0.335	0.00118557
0.336	0.0011612
0.337	0.0011373
0.338	0.00111388
0.339	0.00109093
0.34	0.00106843
0.341	0.00104637
0.342	0.00102475
0.343	0.00100356
0.344	0.00098279
0.345	0.00096243
0.346	0.000942473
0.347	0.000922911
0.348	0.000903737
0.349	0.000884942
0.35	0.000866519
0.351	0.000848461
0.352	0.000830761
0.353	0.000813411
0.354	0.000796405
0.355	0.000779735
0.356	0.000763396
0.357	0.00074738
0.358	0.000731681
0.359	0.000716293
0.36	0.00070121
0.361	0.000686426
0.362	0.000671934
0.363	0.000657729
0.364	0.000643806
0.365	0.000630158
0.366	0.000616781
0.367	0.000603668
0.368	0.000590816
0.369	0.000578218
0.37	0.000565869
0.371	0.000553765
0.372	0.0005419
0.373	0.000530271
0.374	0.000518872
0.375	0.000507699
0.376	0.000496746
0.377	0.000486011
0.378	0.000475489
0.379	0.000465175
0.38	0.000455065
0.381	0.000445155
0.382	0.000435442
0.383	0.000425921
0.384	0.000416589
0.385	0.000407441
0.386	0.000398475
0.387	0.000389686
0.388	0.000381072
0.389	0.000372628
0.39	0.000364351
0.391	0.000356238
0.392	0.000348286
0.393	0.000340491
0.394	0.00033285
0.395	0.000325361
0.396	0.00031802
0.397	0.000310825
0.398	0.000303772
0.399	0.000296859
0.4	0.000290082
0.401	0.00028344
0.402	0.000276929
0.403	0.000270547
0.404	0.000264291
0.405	0.00025816
0.406	0.000252149
0.407	0.000246258
0.408	0.000240483
0.409	0.000234823
0.41	0.000229274
0.411	0.000223835
0.412	0.000218504
0.413	0.000213279
0.414	0.000208157
0.415	0.000203136
0.416	0.000198214
0.417	0.00019339
0.418	0.000188662
0.419	0.000184027
0.42	0.000179483
0.421	0.00017503
0.422	0.000170665
0.423	0.000166386
0.424	0.000162191
0.425	0.00015808
0.426	0.00015405
0.427	0.0001501
0.428	0.000146228
0.429	0.000142432
0.43	0.000138712
0.431	0.000135066
0.432	0.000131491
0.433	0.000127987
0.434	0.000124553
0.435	0.000121187
0.436	0.000117887
0.437	0.000114653
0.438	0.000111483
0.439	0.000108375
0.44	0.000105329
0.441	0.000102344
0.442	9.94176e-05
0.443	9.65493e-05
0.444	9.37379e-05
0.445	9.09823e-05
0.446	8.82813e-05
0.447	8.56339e-05
0.448	8.30391e-05
0.449	8.04957e-05
0.45	7.80028e-05
0.451	7.55594e-05
0.452	7.31645e-05
0.453	7.08172e-05
0.454	6.85164e-05
0.455	6.62614e-05
0.456	6.40511e-05
0.457	6.18847e-05
0.458	5.97613e-05
0.459	5.768e-05
0.46	5.56401e-05
0.461	5.36406e-05
0.462	5.16808e-05
0.463	4.97598e-05
0.464	4.78769e-05
0.465	4.60313e-05
0.466	4.42223e-05
0.467	4.2449e-05
0.468	4.07108e-05
0.469	3.90069e-05
0.47	3.73366e-05
0.471	3.56993e-05
0.472	3.40943e-05
0.473	3.25208e-05
0.474	3.09783e-05
0.475	2.94661e-05
0.476	2.79835e-05
0.477	2.65301e-05
0.478	2.51051e-05
0.479	2.3708e-05
0.48	2.23383e-05
0.481	2.09954e-05
0.482	1.96788e-05
0.483	1.8388e-05
0.484	1.71225e-05
0.485	1.58818e-05
0.486	1.46656e-05
0.487	1.34734e-05
0.488	1.23049e-05
0.489	1.11596e-05
0.49	1.00374e-05
0.491	8.93786e-06
0.492	7.86083e-06
0.493	6.8061e-06
0.494	5.77352e-06
0.495	4.76299e-06
0.496	3.77447e-06
0.497	2.80797e-06
0.498	1.86357e-06
0.499	9.414e-07
0.5	-6.63776e-09
0.501	9.13651e-07
0.502	1.85168e-06
0.503	2.80795e-06
0.504	3.78298e-06
0.505	4.77724e-06
0.506	5.79123e-06
0.507	6.82542e-06
0.508	7.8803e-06
0.509	8.95635e-06
0.51	1.0054e-05
0.511	1.11738e-05
0.512	1.23162e-05
0.513	1.34817e-05
0.514	1.46708e-05
0.515	1.58839e-05
0.516	1.71215e-05
0.517	1.83843e-05
0.518	1.96726e-05
0.519	2.0987e-05
0.52	2.2328e-05
0.521	2.36961e-05
0.522	2.5092e-05
0.523	2.65161e-05
0.524	2.7969e-05
0.525	2.94513e-05
0.526	3.09636e-05
0.527	3.25065e-05
0.528	3.40806e-05
0.529	3.56865e-05
0.53	3.73248e-05
0.531	3.89963e-05
0.532	4.07015e-05
0.533	4.24412e-05
0.534	4.4216e-05
0.535	4.60266e-05
0.536	4.78738e-05
0.537	4.97583e-05
0.538	5.16809e-05
0.539	5.36422e-05
0.54	5.56432e-05
0.541	5.76846e-05
0.542	5.97672e-05
0.543	6.18918e-05
0.544	6.40593e-05
0.545	6.62706e-05
0.546	6.85265e-05
0.547	7.0828e-05
0.548	7.3176e-05
0.549	7.55713e-05
0.55	7.80151e-05
0.551	8.05081e-05
0.552	8.30516e-05
0.553	8.56464e-05
0.554	8.82936e-05
0.555	9.09942e-05
0.556	9.37495e-05
0.557	9.65603e-05
0.558	9.9428e-05
0.559	0.000102354
0.56	0.000105338
0.561	0.000108383
0.562	0.00011149
0.563	0.000114659
0.564	0.000117892
0.565	0.000121191
0.566	0.000124556
0.567	0.000127989
0.568	0.000131492
0.569	0.000135065
0.57	0.000138711
0.571	0.00014243
0.572	0.000146225
0.573	0.000150096
0.574	0.000154045
0.575	0.000158074
0.576	0.000162185
0.577	0.000166378
0.578	0.000170656
0.579	0.000175021
0.58	0.000179474
0.581	0.000184017
0.582	0.000188651
0.583	0.00019338
0.584	0.000198204
0.585	0.000203125
0.586	0.000208145
0.587	0.000213268
0.588	0.000218493
0.589	0.000223824
0.59	0.000229263
0.591	0.000234812
0.592	0.000240473
0.593	0.000246248
0.594	0.00025214
0.595	0.000258151
0.596	0.000264283
0.597	0.000270539
0.598	0.000276922
0.599	0.000283433
0.6	0.000290076
0.601	0.000296853
0.602	0.000303768
0.603	0.000310821
0.604	0.000318018
0.605	0.000325359
0.606	0.000332849
0.607	0.000340491
0.608	0.000348286
0.609	0.000356239
0.61	0.000364353
0.611	0.000372631
0.612	0.000381075
0.613	0.000389691
0.614	0.00039848
0.615	0.000407447
0.616	0.000416595
0.617	0.000425928
0.618	0.00043545
0.619	0.000445164
0.62	0.000455074
0.621	0.000465184
0.622	0.000475498
0.623	0.000486021
0.624	0.000496756
0.625	0.000507709
0.626	0.000518882
0.627	0.000530281
0.628	0.000541911
0.629	0.000553775
0.63	0.000565879
0.631	0.000578228
0.632	0.000590826
0.633	0.000603678
0.634	0.000616791
0.635	0.000630168
0.636	0.000643815
0.637	0.000657738
0.638	0.000671942
0.639	0.000686433
0.64	0.000701217
0.641	0.0007163
0.642	0.000731687
0.643	0.000747385
0.644	0.000763401
0.645	0.00077974
0.646	0.000796408
0.647	0.000813414
0.648	0.000830763
0.649	0.000848463
0.65	0.00086652
0.651	0.000884942
0.652	0.000903736
0.653	0.00092291
0.654	0.000942471
0.655	0.000962428
0.656	0.000982787
0.657	0.00100356
0.658	0.00102475
0.659	0.00104637
0.66	0.00106842
0.661	0.00109092
0.662	0.00111388
0.663	0.0011373
0.664	0.00116119
0.665	0.00118556
0.666	0.00121043
0.667	0.0012358
0.668	0.00126168
0.669	0.00128809
0.67	0.00131503
0.671	0.00134251
0.672	0.00137055
0.673	0.00139915
0.674	0.00142833
0.675	0.0014581
0.676	0.00148848
0.677	0.00151946
0.678	0.00155108
0.679	0.00158333
0.68	0.00161623
0.681	0.0016498
0.682	0.00168404
0.683	0.00171898
0.684	0.00175462
0.685	0.00179099
0.686	0.00182808
0.687	0.00186593
0.688	0.00190454
0.689	0.00194393
0.69	0.00198412
0.691	0.00202512
0.692	0.00206695
0.693	0.00210962
0.694	0.00215315
0.695	0.00219757
0.696	0.00224288
0.697	0.00228911
0.698	0.00233627
0.699	0.00238438
0.7	0.00243346
0.701	0.00248354
0.702	0.00253463
0.703	0.00258675
0.704	0.00263992
0.705	0.00269417
0.706	0.00274951
0.707	0.00280597
0.708	0.00286357
0.709	0.00292234
0.71	0.00298229
0.711	0.00304345
0.712	0.00310585
0.713	0.00316951
0.714	0.00323446
0.715	0.00330072
0.716	0.00336831
0.717	0.00343727
0.718	0.00350763
0.719	0.0035794
0.72	0.00365263
0.721	0.00372734
0.722	0.00380355
0.723	0.0038813
0.724	0.00396063
0.725	0.00404156
0.726	0.00412412
0.727	0.00420835
0.728	0.00429428
0.729	0.00438195
0.73	0.00447138
0.731	0.00456263
0.732	0.00465572
0.733	0.00475069
0.734	0.00484757
0.735	0.00494642
0.736	0.00504726
0.737	0.00515014
0.738	0.00525509
0.739	0.00536217
0.74	0.00547141
0.741	0.00558286
0.742	0.00569656
0.743	0.00581255
0.744	0.00593089
0.745	0.00605162
0.746	0.00617479
0.747	0.00630044
0.748	0.00642864
0.749	0.00655942
0.75	0.00669285
0.751	0.00682897
0.752	0.00696784
0.753	0.00710952
0.754	0.00725406
0.755	0.00740152
0.756	0.00755196
0.757	0.00770543
0.758	0.00786201
0.759	0.00802175
0.76	0.00818472
0.761	0.00835098
0.762	0.0085206
0.763	0.00869364
0.764	0.00887018
0.765	0.00905029
0.766	0.00923403
0.767	0.00942149
0.768	0.00961273
0.769	0.00980784
0.77	0.0100069
0.771	0.01021
0.772	0.0104171
0.773	0.0106285
0.774	0.0108441
0.775	0.0110641
0.776	0.0112885
0.777	0.0115175
0.778	0.0117511
0.779	0.0119894
0.78	0.0122325
0.781	0.0124805
0.782	0.0127336
0.783	0.0129917
0.784	0.0132551
0.785	0.0135238
0.786	0.0137979
0.787	0.0140775
0.788	0.0143628
0.789	0.0146539
0.79	0.0149509
0.791	0.0152538
0.792	0.0155629
0.793	0.0158782
0.794	0.0161999
0.795	0.016528
0.796	0.0168628
0.797	0.0172044
0.798	0.0175529
0.799	0.0179084
0.8	0.0182711
0.801	0.0186411
0.802	0.0190186
0.803	0.0194037
0.804	0.0197966
0.805	0.0201974
0.806	0.0206064
0.807	0.0210236
0.808	0.0214492
0.809	0.0218834
0.81	0.0223264
0.811	0.0227783
0.812	0.0232394
0.813	0.0237098
0.814	0.0241897
0.815	0.0246792
0.816	0.0251787
0.817	0.0256883
0.818	0.0262081
0.819	0.0267385
0.82	0.0272796
0.821	0.0278316
0.822	0.0283947
0.823	0.0289692
0.824	0.0295554
0.825	0.0301534
0.826	0.0307634
0.827	0.0313858
0.828	0.0320207
0.829	0.0326685
0.83	0.0333294
0.831	0.0340036
0.832	0.0346914
0.833	0.0353932
0.834	0.0361091
0.835	0.0368394
0.836	0.0375846
0.837	0.0383447
0.838	0.0391203
0.839	0.0399115
0.84	0.0407187
0.841	0.0415421
0.842	0.0423823
0.843	0.0432394
0.844	0.0441138
0.845	0.0450058
0.846	0.0459159
0.847	0.0468444
0.848	0.0477917
0.849	0.048758
0.85	0.0497439
0.851	0.0507497
0.852	0.0517759
0.853	0.0528227
0.854	0.0538907
0.855	0.0549803
0.856	0.0560919
0.857	0.057226
0.858	0.0583829
0.859	0.0595632
0.86	0.0607674
0.861	0.0619959
0.862	0.0632492
0.863	0.0645279
0.864	0.0658323
0.865	0.0671632
0.866	0.0685209
0.867	0.069906
0.868	0.0713191
0.869	0.0727608
0.87	0.0742315
0.871	0.075732
0.872	0.0772628
0.873	0.0788246
0.874	0.0804179
0.875	0.0820433
0.876	0.0837016
0.877	0.0853934
0.878	0.0871194
0.879	0.0888803
0.88	0.0906767
0.881	0.0925094
0.882	0.0943791
0.883	0.0962866
0.884	0.0982326
0.885	0.100218
0.886	0.102243
0.887	0.10431
0.888	0.106418
0.889	0.108569
0.89	0.110763
0.891	0.113001
0.892	0.115285
0.893	0.117615
0.894	0.119992
0.895	0.122417
0.896	0.12489
0.897	0.127414
0.898	0.129989
0.899	0.132616
0.9	0.135296
0.901	0.13803
0.902	0.140819
0.903	0.143665
0.904	0.146568
0.905	0.14953
0.906	0.152552
0.907	0.155634
0.908	0.158779
0.909	0.161988
0.91	0.165261
0.911	0.1686
0.912	0.172007
0.913	0.175483
0.914	0.179029
0.915	0.182646
0.916	0.186337
0.917	0.190102
0.918	0.193943
0.919	0.197862
0.92	0.20186
0.921	0.205939
0.922	0.2101
0.923	0.214345
0.924	0.218676
0.925	0.223095
0.926	0.227603
0.927	0.232201
0.928	0.236893
0.929	0.24168
0.93	0.246563
0.931	0.251545
0.932	0.256627
0.933	0.261812
0.934	0.267102
0.935	0.272499
0.936	0.278005
0.937	0.283622
0.938	0.289352
0.939	0.295198
0.94	0.301162
0.941	0.307247
0.942	0.313455
0.943	0.319788
0.944	0.326249
0.945	0.332841
0.946	0.339566
0.947	0.346426
0.948	0.353425
0.949	0.360566
0.95	0.367851
0.951	0.375283
0.952	0.382865
0.953	0.3906
0.954	0.398492
0.955	0.406543
0.956	0.414756
0.957	0.423136
0.958	0.431685
0.959	0.440406
0.96	0.449304
0.961	0.458381
0.962	0.467642
0.963	0.47709
0.964	0.486729
0.965	0.496562
0.966	0.506595
0.967	0.516829
0.968	0.527271
0.969	0.537923
0.97	0.548791
0.971	0.559878
0.972	0.57119
0.973	0.582729
0.974	0.594502
0.975	0.606513
0.976	0.618766
0.977	0.631267
0.978	0.64402
0.979	0.657031
0.98	0.670305
0.981	0.683847
0.982	0.697663
0.983	0.711757
0.984	0.726137
0.985	0.740806
0.986	0.755773
0.987	0.771041
0.988	0.786618
0.989	0.80251
0.99	0.818723
0.991	0.835263
0.992	0.852137
0.993	0.869352
0.994	0.886915
0.995	0.904833
0.996	0.923113
0.997	0.941762
0.998	0.960788
0.999	0.980198
