# Interpolation data for function: (exp(10*(abs(2*x-1)))-1)/(exp(10)-1)
0	0.464982
0.001	0.462794
0.002	0.46061
0.003	0.458431
0.004	0.456256
0.005	0.454086
0.006	0.45192
0.007	0.449758
0.008	0.447601
0.009	0.445448
0.01	0.443299
0.011	0.441155
0.012	0.439015
0.013	0.43688
0.014	0.434749
0.015	0.432622
0.016	0.4305
0.017	0.428382
0.018	0.426269
0.019	0.42416
0.02	0.422055
0.021	0.419954
0.022	0.417858
0.023	0.415767
0.024	0.41368
0.025	0.411597
0.026	0.409518
0.027	0.407444
0.028	0.405374
0.029	0.403309
0.03	0.401248
0.031	0.399192
0.032	0.397139
0.033	0.395092
0.034	0.393048
0.035	0.391009
0.036	0.388975
0.037	0.386944
0.038	0.384918
0.039	0.382897
0.04	0.38088
0.041	0.378867
0.042	0.376859
0.043	0.374855
0.044	0.372855
0.045	0.37086
0.046	0.368869
0.047	0.366882
0.048	0.3649
0.049	0.362923
0.05	0.360949
0.051	0.35898
0.052	0.357016
0.053	0.355055
0.054	0.3531
0.055	0.351148
0.056	0.349201
0.057	0.347258
0.058	0.34532
0.059	0.343386
0.06	0.341457
0.061	0.339532
0.062	0.337611
0.063	0.335694
0.064	0.333782
0.065	0.331875
0.066	0.329971
0.067	0.328073
0.068	0.326178
0.069	0.324288
0.07	0.322402
0.071	0.320521
0.072	0.318644
0.073	0.316771
0.074	0.314903
0.075	0.313039
0.076	0.31118
0.077	0.309325
0.078	0.307474
0.079	0.305628
0.08	0.303786
0.081	0.301948
0.082	0.300115
0.083	0.298286
0.084	0.296462
0.085	0.294642
0.086	0.292826
0.087	0.291015
0.088	0.289208
0.089	0.287406
0.09	0.285607
0.091	0.283814
0.092	0.282024
0.093	0.280239
0.094	0.278459
0.095	0.276683
0.096	0.274911
0.097	0.273143
0.098	0.27138
0.099	0.269621
0.1	0.267867
0.101	0.266117
0.102	0.264372
0.103	0.26263
0.104	0.260894
0.105	0.259161
0.106	0.257433
0.107	0.25571
0.108	0.25399
0.109	0.252275
0.11	0.250565
0.111	0.248859
0.112	0.247157
0.113	0.24546
0.114	0.243767
0.115	0.242078
0.116	0.240394
0.117	0.238714
0.118	0.237038
0.119	0.235367
0.12	0.233701
0.121	0.232038
0.122	0.23038
0.123	0.228727
0.124	0.227078
0.125	0.225433
0.126	0.223792
0.127	0.222156
0.128	0.220525
0.129	0.218897
0.13	0.217274
0.131	0.215656
0.132	0.214042
0.133	0.212432
0.134	0.210826
0.135	0.209225
0.136	0.207629
0.137	0.206037
0.138	0.204449
0.139	0.202865
0.14	0.201286
0.141	0.199711
0.142	0.198141
0.143	0.196575
0.144	0.195013
0.145	0.193456
0.146	0.191903
0.147	0.190355
0.148	0.188811
0.149	0.187271
0.15	0.185736
0.151	0.184205
0.152	0.182678
0.153	0.181156
0.154	0.179639
0.155	0.178125
0.156	0.176616
0.157	0.175111
0.158	0.173611
0.159	0.172115
0.16	0.170624
0.161	0.169137
0.162	0.167654
0.163	0.166176
0.164	0.164702
0.165	0.163232
0.166	0.161767
0.167	0.160306
0.168	0.158849
0.169	0.157397
0.17	0.15595
0.171	0.154506
0.172	0.153067
0.173	0.151633
0.174	0.150203
0.175	0.148777
0.176	0.147355
0.177	0.145938
0.178	0.144526
0.179	0.143118
0.18	0.141714
0.181	0.140314
0.182	0.138919
0.183	0.137528
0.184	0.136142
0.185	0.13476
0.186	0.133382
0.187	0.132009
0.188	0.13064
0.189	0.129276
0.19	0.127916
0.191	0.12656
0.192	0.125209
0.193	0.123862
0.194	0.122519
0.195	0.121181
0.196	0.119847
0.197	0.118518
0.198	0.117193
0.199	0.115872
0.2	0.114556
0.201	0.113244
0.202	0.111936
0.203	0.110633
0.204	0.109334
0.205	0.10804
0.206	0.10675
0.207	0.105464
0.208	0.104183
0.209	0.102906
0.21	0.101634
0.211	0.100365
0.212	0.0991018
0.213	0.0978424
0.214	0.0965875
0.215	0.0953369
0.216	0.0940907
0.217	0.0928488
0.218	0.0916114
0.219	0.0903783
0.22	0.0891497
0.221	0.0879253
0.222	0.0867054
0.223	0.0854899
0.224	0.0842787
0.225	0.0830719
0.226	0.0818695
0.227	0.0806715
0.228	0.0794779
0.229	0.0782886
0.23	0.0771037
0.231	0.0759232
0.232	0.0747471
0.233	0.0735754
0.234	0.072408
0.235	0.0712451
0.236	0.0700865
0.237	0.0689322
0.238	0.0677824
0.239	0.0666369
0.24	0.0654959
0.241	0.0643592
0.242	0.0632269
0.243	0.0620989
0.244	0.0609754
0.245	0.0598562
0.246	0.0587414
0.247	0.057631
0.248	0.0565249
0.249	0.0554233
0.25	0.054326
0.251	0.0532331
0.252	0.0521446
0.253	0.0510605
0.254	0.0499807
0.255	0.0489054
0.256	0.0478344
0.257	0.0467678
0.258	0.0457055
0.259	0.0446477
0.26	0.0435942
0.261	0.0425451
0.262	0.0415004
0.263	0.0404601
0.264	0.0394241
0.265	0.0383926
0.266	0.0373654
0.267	0.0363426
0.268	0.0353241
0.269	0.0343101
0.27	0.0333004
0.271	0.0322951
0.272	0.0312942
0.273	0.0302977
0.274	0.0293056
0.275	0.0283178
0.276	0.0273344
0.277	0.0263554
0.278	0.0253808
0.279	0.0244106
0.28	0.0234447
0.281	0.0224832
0.282	0.0215261
0.283	0.0205734
0.284	0.019625
0.285	0.0186811
0.286	0.0177415
0.287	0.0168063
0.288	0.0158755
0.289	0.014949
0.29	0.014027
0.291	0.0131093
0.292	0.012196
0.293	0.0112871
0.294	0.0103825
0.295	0.00948239
0.296	0.00858661
0.297	0.00769521
0.298	0.00680819
0.299	0.00592556
0.3	0.0050473
0.301	0.00417343
0.302	0.00330393
0.303	0.00243881
0.304	0.00157808
0.305	0.000721724
0.306	-0.00013025
0.307	-0.000977844
0.308	-0.00182106
0.309	-0.00265989
0.31	-0.00349434
0.311	-0.00432442
0.312	-0.00515011
0.313	-0.00597142
0.314	-0.00678835
0.315	-0.0076009
0.316	-0.00840908
0.317	-0.00921287
0.318	-0.0100123
0.319	-0.0108073
0.32	-0.011598
0.321	-0.0123842
0.322	-0.0131661
0.323	-0.0139436
0.324	-0.0147168
0.325	-0.0154855
0.326	-0.0162499
0.327	-0.0170099
0.328	-0.0177655
0.329	-0.0185167
0.33	-0.0192635
0.331	-0.020006
0.332	-0.0207441
0.333	-0.0214778
0.334	-0.0222071
0.335	-0.0229321
0.336	-0.0236526
0.337	-0.0243688
0.338	-0.0250806
0.339	-0.025788
0.34	-0.0264911
0.341	-0.0271897
0.342	-0.027884
0.343	-0.0285739
0.344	-0.0292594
0.345	-0.0299406
0.346	-0.0306174
0.347	-0.0312897
0.348	-0.0319577
0.349	-0.0326214
0.35	-0.0332806
0.351	-0.0339355
0.352	-0.0345859
0.353	-0.035232
0.354	-0.0358737
0.355	-0.0365111
0.356	-0.037144
0.357	-0.0377726
0.358	-0.0383968
0.359	-0.0390166
0.36	-0.0396321
0.361	-0.0402431
0.362	-0.0408498
0.363	-0.0414521
0.364	-0.04205
0.365	-0.0426436
0.366	-0.0432327
0.367	-0.0438175
0.368	-0.0443979
0.369	-0.0449739
0.37	-0.0455455
0.371	-0.0461128
0.372	-0.0466756
0.373	-0.0472341
0.374	-0.0477882
0.375	-0.048338
0.376	-0.0488833
0.377	-0.0494243
0.378	-0.0499609
0.379	-0.0504931
0.38	-0.0510209
0.381	-0.0515444
0.382	-0.0520635
0.383	-0.0525781
0.384	-0.0530884
0.385	-0.0535944
0.386	-0.0540959
0.387	-0.0545931
0.388	-0.0550859
0.389	-0.0555743
0.39	-0.0560583
0.391	-0.056538
0.392	-0.0570132
0.393	-0.0574841
0.394	-0.0579506
0.395	-0.0584127
0.396	-0.0588705
0.397	-0.0593238
0.398	-0.0597728
0.399	-0.0602174
0.4	-0.0606577
0.401	-0.0610935
0.402	-0.061525
0.403	-0.061952
0.404	-0.0623748
0.405	-0.0627931
0.406	-0.063207
0.407	-0.0636166
0.408	-0.0640218
0.409	-0.0644226
0.41	-0.064819
0.411	-0.065211
0.412	-0.0655987
0.413	-0.065982
0.414	-0.0663609
0.415	-0.0667354
0.416	-0.0671055
0.417	-0.0674713
0.418	-0.0678326
0.419	-0.0681896
0.42	-0.0685423
0.421	-0.0688905
0.422	-0.0692343
0.423	-0.0695738
0.424	-0.0699089
0.425	-0.0702396
0.426	-0.070566
0.427	-0.0708879
0.428	-0.0712055
0.429	-0.0715187
0.43	-0.0718275
0.431	-0.0721319
0.432	-0.072432
0.433	-0.0727277
0.434	-0.073019
0.435	-0.0733059
0.436	-0.0735884
0.437	-0.0738665
0.438	-0.0741403
0.439	-0.0744097
0.44	-0.0746747
0.441	-0.0749353
0.442	-0.0751916
0.443	-0.0754435
0.444	-0.075691
0.445	-0.0759341
0.446	-0.0761728
0.447	-0.0764071
0.448	-0.0766371
0.449	-0.0768627
0.45	-0.0770839
0.451	-0.0773007
0.452	-0.0775132
0.453	-0.0777212
0.454	-0.0779249
0.455	-0.0781242
0.456	-0.0783192
0.457	-0.0785097
0.458	-0.0786959
0.459	-0.0788776
0.46	-0.0790551
0.461	-0.0792281
0.462	-0.0793967
0.463	-0.079561
0.464	-0.0797209
0.465	-0.0798764
0.466	-0.0800275
0.467	-0.0801742
0.468	-0.0803166
0.469	-0.0804546
0.47	-0.0805882
0.471	-0.0807174
0.472	-0.0808422
0.473	-0.0809627
0.474	-0.0810788
0.475	-0.0811905
0.476	-0.0812978
0.477	-0.0814007
0.478	-0.0814993
0.479	-0.0815935
0.48	-0.0816832
0.481	-0.0817687
0.482	-0.0818497
0.483	-0.0819264
0.484	-0.0819986
0.485	-0.0820665
0.486	-0.08213
0.487	-0.0821892
0.488	-0.0822439
0.489	-0.0822943
0.49	-0.0823403
0.491	-0.0823819
0.492	-0.0824191
0.493	-0.082452
0.494	-0.0824805
0.495	-0.0825046
0.496	-0.0825243
0.497	-0.0825396
0.498	-0.0825506
0.499	-0.0825571
0.5	-0.0825593
0.501	-0.0825571
0.502	-0.0825506
0.503	-0.0825396
0.504	-0.0825243
0.505	-0.0825046
0.506	-0.0824805
0.507	-0.082452
0.508	-0.0824191
0.509	-0.0823819
0.51	-0.0823403
0.511	-0.0822943
0.512	-0.0822439
0.513	-0.0821892
0.514	-0.08213
0.515	-0.0820665
0.516	-0.0819986
0.517	-0.0819264
0.518	-0.0818497
0.519	-0.0817687
0.52	-0.0816832
0.521	-0.0815935
0.522	-0.0814993
0.523	-0.0814007
0.524	-0.0812978
0.525	-0.0811905
0.526	-0.0810788
0.527	-0.0809627
0.528	-0.0808422
0.529	-0.0807174
0.53	-0.0805882
0.531	-0.0804546
0.532	-0.0803166
0.533	-0.0801742
0.534	-0.0800275
0.535	-0.0798764
0.536	-0.0797209
0.537	-0.079561
0.538	-0.0793967
0.539	-0.0792281
0.54	-0.0790551
0.541	-0.0788776
0.542	-0.0786959
0.543	-0.0785097
0.544	-0.0783192
0.545	-0.0781242
0.546	-0.0779249
0.547	-0.0777212
0.548	-0.0775132
0.549	-0.0773007
0.55	-0.0770839
0.551	-0.0768627
0.552	-0.0766371
0.553	-0.0764071
0.554	-0.0761728
0.555	-0.0759341
0.556	-0.075691
0.557	-0.0754435
0.558	-0.0751916
0.559	-0.0749353
0.56	-0.0746747
0.561	-0.0744097
0.562	-0.0741403
0.563	-0.0738665
0.564	-0.0735884
0.565	-0.0733059
0.566	-0.073019
0.567	-0.0727277
0.568	-0.072432
0.569	-0.0721319
0.57	-0.0718275
0.571	-0.0715187
0.572	-0.0712055
0.573	-0.0708879
0.574	-0.070566
0.575	-0.0702396
0.576	-0.0699089
0.577	-0.0695738
0.578	-0.0692343
0.579	-0.0688905
0.58	-0.0685423
0.581	-0.0681896
0.582	-0.0678326
0.583	-0.0674713
0.584	-0.0671055
0.585	-0.0667354
0.586	-0.0663609
0.587	-0.065982
0.588	-0.0655987
0.589	-0.065211
0.59	-0.064819
0.591	-0.0644226
0.592	-0.0640218
0.593	-0.0636166
0.594	-0.063207
0.595	-0.0627931
0.596	-0.0623748
0.597	-0.061952
0.598	-0.061525
0.599	-0.0610935
0.6	-0.0606577
0.601	-0.0602174
0.602	-0.0597728
0.603	-0.0593238
0.604	-0.0588705
0.605	-0.0584127
0.606	-0.0579506
0.607	-0.0574841
0.608	-0.0570132
0.609	-0.056538
0.61	-0.0560583
0.611	-0.0555743
0.612	-0.0550859
0.613	-0.0545931
0.614	-0.0540959
0.615	-0.0535944
0.616	-0.0530884
0.617	-0.0525781
0.618	-0.0520635
0.619	-0.0515444
0.62	-0.0510209
0.621	-0.0504931
0.622	-0.0499609
0.623	-0.0494243
0.624	-0.0488833
0.625	-0.048338
0.626	-0.0477882
0.627	-0.0472341
0.628	-0.0466756
0.629	-0.0461128
0.63	-0.0455455
0.631	-0.0449739
0.632	-0.0443979
0.633	-0.0438175
0.634	-0.0432327
0.635	-0.0426436
0.636	-0.04205
0.637	-0.0414521
0.638	-0.0408498
0.639	-0.0402431
0.64	-0.0396321
0.641	-0.0390166
0.642	-0.0383968
0.643	-0.0377726
0.644	-0.037144
0.645	-0.0365111
0.646	-0.0358737
0.647	-0.035232
0.648	-0.0345859
0.649	-0.0339355
0.65	-0.0332806
0.651	-0.0326214
0.652	-0.0319577
0.653	-0.0312897
0.654	-0.0306174
0.655	-0.0299406
0.656	-0.0292594
0.657	-0.0285739
0.658	-0.027884
0.659	-0.0271897
0.66	-0.0264911
0.661	-0.025788
0.662	-0.0250806
0.663	-0.0243688
0.664	-0.0236526
0.665	-0.0229321
0.666	-0.0222071
0.667	-0.0214778
0.668	-0.0207441
0.669	-0.020006
0.67	-0.0192635
0.671	-0.0185167
0.672	-0.0177655
0.673	-0.0170099
0.674	-0.0162499
0.675	-0.0154855
0.676	-0.0147168
0.677	-0.0139436
0.678	-0.0131661
0.679	-0.0123842
0.68	-0.011598
0.681	-0.0108073
0.682	-0.0100123
0.683	-0.00921287
0.684	-0.00840908
0.685	-0.0076009
0.686	-0.00678835
0.687	-0.00597142
0.688	-0.00515011
0.689	-0.00432442
0.69	-0.00349434
0.691	-0.00265989
0.692	-0.00182106
0.693	-0.000977844
0.694	-0.00013025
0.695	0.000721724
0.696	0.00157808
0.697	0.00243881
0.698	0.00330393
0.699	0.00417343
0.7	0.0050473
0.701	0.00592556
0.702	0.00680819
0.703	0.00769521
0.704	0.00858661
0.705	0.00948239
0.706	0.0103825
0.707	0.0112871
0.708	0.012196
0.709	0.0131093
0.71	0.014027
0.711	0.014949
0.712	0.0158755
0.713	0.0168063
0.714	0.0177415
0.715	0.0186811
0.716	0.019625
0.717	0.0205734
0.718	0.0215261
0.719	0.0224832
0.72	0.0234447
0.721	0.0244106
0.722	0.0253808
0.723	0.0263554
0.724	0.0273344
0.725	0.0283178
0.726	0.0293056
0.727	0.0302977
0.728	0.0312942
0.729	0.0322951
0.73	0.0333004
0.731	0.0343101
0.732	0.0353241
0.733	0.0363426
0.734	0.0373654
0.735	0.0383926
0.736	0.0394241
0.737	0.0404601
0.738	0.0415004
0.739	0.0425451
0.74	0.0435942
0.741	0.0446477
0.742	0.0457055
0.743	0.0467678
0.744	0.0478344
0.745	0.0489054
0.746	0.0499807
0.747	0.0510605
0.748	0.0521446
0.749	0.0532331
0.75	0.054326
0.751	0.0554233
0.752	0.0565249
0.753	0.057631
0.754	0.0587414
0.755	0.0598562
0.756	0.0609754
0.757	0.0620989
0.758	0.0632269
0.759	0.0643592
0.76	0.0654959
0.761	0.0666369
0.762	0.0677824
0.763	0.0689322
0.764	0.0700865
0.765	0.0712451
0.766	0.072408
0.767	0.0735754
0.768	0.0747471
0.769	0.0759232
0.77	0.0771037
0.771	0.0782886
0.772	0.0794779
0.773	0.0806715
0.774	0.0818695
0.775	0.0830719
0.776	0.0842787
0.777	0.0854899
0.778	0.0867054
0.779	0.0879253
0.78	0.0891497
0.781	0.0903783
0.782	0.0916114
0.783	0.0928488
0.784	0.0940907
0.785	0.0953369
0.786	0.0965875
0.787	0.0978424
0.788	0.0991018
0.789	0.100365
0.79	0.101634
0.791	0.102906
0.792	0.104183
0.793	0.105464
0.794	0.10675
0.795	0.10804
0.796	0.109334
0.797	0.110633
0.798	0.111936
0.799	0.113244
0.8	0.114556
0.801	0.115872
0.802	0.117193
0.803	0.118518
0.804	0.119847
0.805	0.121181
0.806	0.122519
0.807	0.123862
0.808	0.125209
0.809	0.12656
0.81	0.127916
0.811	0.129276
0.812	0.13064
0.813	0.132009
0.814	0.133382
0.815	0.13476
0.816	0.136142
0.817	0.137528
0.818	0.138919
0.819	0.140314
0.82	0.141714
0.821	0.143118
0.822	0.144526
0.823	0.145938
0.824	0.147355
0.825	0.148777
0.826	0.150203
0.827	0.151633
0.828	0.153067
0.829	0.154506
0.83	0.15595
0.831	0.157397
0.832	0.158849
0.833	0.160306
0.834	0.161767
0.835	0.163232
0.836	0.164702
0.837	0.166176
0.838	0.167654
0.839	0.169137
0.84	0.170624
0.841	0.172115
0.842	0.173611
0.843	0.175111
0.844	0.176616
0.845	0.178125
0.846	0.179639
0.847	0.181156
0.848	0.182678
0.849	0.184205
0.85	0.185736
0.851	0.187271
0.852	0.188811
0.853	0.190355
0.854	0.191903
0.855	0.193456
0.856	0.195013
0.857	0.196575
0.858	0.198141
0.859	0.199711
0.86	0.201286
0.861	0.202865
0.862	0.204449
0.863	0.206037
0.864	0.207629
0.865	0.209225
0.866	0.210826
0.867	0.212432
0.868	0.214042
0.869	0.215656
0.87	0.217274
0.871	0.218897
0.872	0.220525
0.873	0.222156
0.874	0.223792
0.875	0.225433
0.876	0.227078
0.877	0.228727
0.878	0.23038
0.879	0.232038
0.88	0.233701
0.881	0.235367
0.882	0.237038
0.883	0.238714
0.884	0.240394
0.885	0.242078
0.886	0.243767
0.887	0.24546
0.888	0.247157
0.889	0.248859
0.89	0.250565
0.891	0.252275
0.892	0.25399
0.893	0.25571
0.894	0.257433
0.895	0.259161
0.896	0.260894
0.897	0.26263
0.898	0.264372
0.899	0.266117
0.9	0.267867
0.901	0.269621
0.902	0.27138
0.903	0.273143
0.904	0.274911
0.905	0.276683
0.906	0.278459
0.907	0.280239
0.908	0.282024
0.909	0.283814
0.91	0.285607
0.911	0.287406
0.912	0.289208
0.913	0.291015
0.914	0.292826
0.915	0.294642
0.916	0.296462
0.917	0.298286
0.918	0.300115
0.919	0.301948
0.92	0.303786
0.921	0.305628
0.922	0.307474
0.923	0.309325
0.924	0.31118
0.925	0.313039
0.926	0.314903
0.927	0.316771
0.928	0.318644
0.929	0.320521
0.93	0.322402
0.931	0.324288
0.932	0.326178
0.933	0.328073
0.934	0.329971
0.935	0.331875
0.936	0.333782
0.937	0.335694
0.938	0.337611
0.939	0.339532
0.94	0.341457
0.941	0.343386
0.942	0.34532
0.943	0.347258
0.944	0.349201
0.945	0.351148
0.946	0.3531
0.947	0.355055
0.948	0.357016
0.949	0.35898
0.95	0.360949
0.951	0.362923
0.952	0.3649
0.953	0.366882
0.954	0.368869
0.955	0.37086
0.956	0.372855
0.957	0.374855
0.958	0.376859
0.959	0.378867
0.96	0.38088
0.961	0.382897
0.962	0.384918
0.963	0.386944
0.964	0.388975
0.965	0.391009
0.966	0.393048
0.967	0.395092
0.968	0.397139
0.969	0.399192
0.97	0.401248
0.971	0.403309
0.972	0.405374
0.973	0.407444
0.974	0.409518
0.975	0.411597
0.976	0.41368
0.977	0.415767
0.978	0.417858
0.979	0.419954
0.98	0.422055
0.981	0.42416
0.982	0.426269
0.983	0.428382
0.984	0.4305
0.985	0.432622
0.986	0.434749
0.987	0.43688
0.988	0.439015
0.989	0.441155
0.99	0.443299
0.991	0.445448
0.992	0.447601
0.993	0.449758
0.994	0.45192
0.995	0.454086
0.996	0.456256
0.997	0.458431
0.998	0.46061
0.999	0.462794
