# Interpolation data for function: (exp(10*(abs(2*x-1)))-1)/(exp(10)-1)
0	0.999994
0.001	0.980194
0.002	0.960785
0.003	0.94176
0.004	0.923112
0.005	0.904833
0.006	0.886916
0.007	0.869354
0.008	0.852139
0.009	0.835265
0.01	0.818725
0.011	0.802512
0.012	0.78662
0.013	0.771043
0.014	0.755775
0.015	0.740808
0.016	0.726138
0.017	0.711759
0.018	0.697664
0.019	0.683848
0.02	0.670306
0.021	0.657032
0.022	0.644021
0.023	0.631267
0.024	0.618766
0.025	0.606513
0.026	0.594502
0.027	0.582729
0.028	0.571189
0.029	0.559877
0.03	0.54879
0.031	0.537922
0.032	0.52727
0.033	0.516828
0.034	0.506593
0.035	0.496561
0.036	0.486727
0.037	0.477088
0.038	0.46764
0.039	0.45838
0.04	0.449302
0.041	0.440404
0.042	0.431683
0.043	0.423134
0.044	0.414755
0.045	0.406541
0.046	0.39849
0.047	0.390599
0.048	0.382864
0.049	0.375282
0.05	0.36785
0.051	0.360565
0.052	0.353425
0.053	0.346426
0.054	0.339565
0.055	0.33284
0.056	0.326249
0.057	0.319788
0.058	0.313455
0.059	0.307247
0.06	0.301163
0.061	0.295199
0.062	0.289352
0.063	0.283622
0.064	0.278005
0.065	0.2725
0.066	0.267103
0.067	0.261813
0.068	0.256628
0.069	0.251546
0.07	0.246564
0.071	0.241681
0.072	0.236894
0.073	0.232203
0.074	0.227604
0.075	0.223096
0.076	0.218678
0.077	0.214347
0.078	0.210102
0.079	0.205941
0.08	0.201862
0.081	0.197864
0.082	0.193945
0.083	0.190104
0.084	0.186339
0.085	0.182648
0.086	0.17903
0.087	0.175484
0.088	0.172009
0.089	0.168602
0.09	0.165262
0.091	0.161989
0.092	0.15878
0.093	0.155635
0.094	0.152553
0.095	0.149531
0.096	0.146569
0.097	0.143666
0.098	0.14082
0.099	0.138031
0.1	0.135297
0.101	0.132617
0.102	0.12999
0.103	0.127415
0.104	0.124891
0.105	0.122417
0.106	0.119992
0.107	0.117615
0.108	0.115285
0.109	0.113001
0.11	0.110762
0.111	0.108568
0.112	0.106417
0.113	0.104309
0.114	0.102243
0.115	0.100217
0.116	0.0982318
0.117	0.0962857
0.118	0.0943781
0.119	0.0925083
0.12	0.0906756
0.121	0.0888791
0.122	0.0871182
0.123	0.0853922
0.124	0.0837003
0.125	0.082042
0.126	0.0804165
0.127	0.0788231
0.128	0.0772614
0.129	0.0757306
0.13	0.07423
0.131	0.0727592
0.132	0.0713176
0.133	0.0699044
0.134	0.0685193
0.135	0.0671616
0.136	0.0658308
0.137	0.0645263
0.138	0.0632477
0.139	0.0619944
0.14	0.0607659
0.141	0.0595618
0.142	0.0583815
0.143	0.0572245
0.144	0.0560905
0.145	0.054979
0.146	0.0538894
0.147	0.0528215
0.148	0.0517746
0.149	0.0507486
0.15	0.0497428
0.151	0.048757
0.152	0.0477906
0.153	0.0468435
0.154	0.0459151
0.155	0.045005
0.156	0.044113
0.157	0.0432387
0.158	0.0423816
0.159	0.0415416
0.16	0.0407182
0.161	0.0399111
0.162	0.0391199
0.163	0.0383445
0.164	0.0375844
0.165	0.0368393
0.166	0.036109
0.167	0.0353932
0.168	0.0346916
0.169	0.0340038
0.17	0.0333297
0.171	0.0326689
0.172	0.0320212
0.173	0.0313863
0.174	0.030764
0.175	0.030154
0.176	0.0295561
0.177	0.02897
0.178	0.0283955
0.179	0.0278325
0.18	0.0272805
0.181	0.0267395
0.182	0.0262092
0.183	0.0256894
0.184	0.0251799
0.185	0.0246805
0.186	0.024191
0.187	0.0237111
0.188	0.0232408
0.189	0.0227797
0.19	0.0223278
0.191	0.0218849
0.192	0.0214507
0.193	0.0210251
0.194	0.0206079
0.195	0.020199
0.196	0.0197982
0.197	0.0194053
0.198	0.0190202
0.199	0.0186427
0.2	0.0182727
0.201	0.01791
0.202	0.0175545
0.203	0.0172061
0.204	0.0168645
0.205	0.0165297
0.206	0.0162015
0.207	0.0158798
0.208	0.0155645
0.209	0.0152554
0.21	0.0149524
0.211	0.0146554
0.212	0.0143643
0.213	0.014079
0.214	0.0137993
0.215	0.0135252
0.216	0.0132564
0.217	0.012993
0.218	0.0127348
0.219	0.0124817
0.22	0.0122337
0.221	0.0119905
0.222	0.0117521
0.223	0.0115185
0.224	0.0112895
0.225	0.011065
0.226	0.0108449
0.227	0.0106292
0.228	0.0104178
0.229	0.0102106
0.23	0.0100074
0.231	0.00980832
0.232	0.00961315
0.233	0.00942183
0.234	0.0092343
0.235	0.00905048
0.236	0.0088703
0.237	0.00869369
0.238	0.00852057
0.239	0.00835088
0.24	0.00818454
0.241	0.0080215
0.242	0.00786169
0.243	0.00770503
0.244	0.00755148
0.245	0.00740097
0.246	0.00725344
0.247	0.00710883
0.248	0.00696708
0.249	0.00682814
0.25	0.00669195
0.251	0.00655846
0.252	0.00642761
0.253	0.00629935
0.254	0.00617363
0.255	0.0060504
0.256	0.00592961
0.257	0.00581121
0.258	0.00569516
0.259	0.00558141
0.26	0.00546991
0.261	0.00536062
0.262	0.00525349
0.263	0.00514849
0.264	0.00504557
0.265	0.00494469
0.266	0.00484581
0.267	0.00474888
0.268	0.00465388
0.269	0.00456076
0.27	0.00446949
0.271	0.00438003
0.272	0.00429234
0.273	0.00420639
0.274	0.00412215
0.275	0.00403957
0.276	0.00395863
0.277	0.0038793
0.278	0.00380155
0.279	0.00372533
0.28	0.00365063
0.281	0.00357741
0.282	0.00350564
0.283	0.0034353
0.284	0.00336635
0.285	0.00329878
0.286	0.00323254
0.287	0.00316762
0.288	0.00310399
0.289	0.00304162
0.29	0.00298049
0.291	0.00292057
0.292	0.00286185
0.293	0.00280429
0.294	0.00274787
0.295	0.00269258
0.296	0.00263838
0.297	0.00258526
0.298	0.0025332
0.299	0.00248217
0.3	0.00243215
0.301	0.00238313
0.302	0.00233508
0.303	0.00228799
0.304	0.00224183
0.305	0.00219659
0.306	0.00215225
0.307	0.00210879
0.308	0.0020662
0.309	0.00202445
0.31	0.00198353
0.311	0.00194343
0.312	0.00190412
0.313	0.00186559
0.314	0.00182783
0.315	0.00179082
0.316	0.00175454
0.317	0.00171899
0.318	0.00168414
0.319	0.00164998
0.32	0.00161651
0.321	0.00158369
0.322	0.00155153
0.323	0.00152001
0.324	0.00148912
0.325	0.00145883
0.326	0.00142915
0.327	0.00140006
0.328	0.00137155
0.329	0.0013436
0.33	0.0013162
0.331	0.00128935
0.332	0.00126303
0.333	0.00123723
0.334	0.00121195
0.335	0.00118716
0.336	0.00116287
0.337	0.00113905
0.338	0.00111571
0.339	0.00109283
0.34	0.0010704
0.341	0.00104842
0.342	0.00102687
0.343	0.00100574
0.344	0.000985037
0.345	0.000964739
0.346	0.000944841
0.347	0.000925336
0.348	0.000906215
0.349	0.00088747
0.35	0.000869095
0.351	0.000851082
0.352	0.000833422
0.353	0.00081611
0.354	0.000799138
0.355	0.0007825
0.356	0.000766188
0.357	0.000750195
0.358	0.000734516
0.359	0.000719145
0.36	0.000704074
0.361	0.000689298
0.362	0.00067481
0.363	0.000660606
0.364	0.000646679
0.365	0.000633023
0.366	0.000619634
0.367	0.000606505
0.368	0.000593632
0.369	0.000581009
0.37	0.000568631
0.371	0.000556494
0.372	0.000544592
0.373	0.000532921
0.374	0.000521475
0.375	0.000510252
0.376	0.000499245
0.377	0.000488451
0.378	0.000477865
0.379	0.000467484
0.38	0.000457302
0.381	0.000447317
0.382	0.000437524
0.383	0.000427919
0.384	0.000418499
0.385	0.00040926
0.386	0.000400198
0.387	0.000391309
0.388	0.000382592
0.389	0.000374041
0.39	0.000365653
0.391	0.000357427
0.392	0.000349357
0.393	0.000341442
0.394	0.000333678
0.395	0.000326062
0.396	0.000318591
0.397	0.000311263
0.398	0.000304075
0.399	0.000297024
0.4	0.000290108
0.401	0.000283323
0.402	0.000276668
0.403	0.00027014
0.404	0.000263736
0.405	0.000257454
0.406	0.000251292
0.407	0.000245248
0.408	0.00023932
0.409	0.000233505
0.41	0.000227801
0.411	0.000222206
0.412	0.000216719
0.413	0.000211337
0.414	0.000206058
0.415	0.000200881
0.416	0.000195804
0.417	0.000190824
0.418	0.000185941
0.419	0.000181153
0.42	0.000176458
0.421	0.000171854
0.422	0.00016734
0.423	0.000162915
0.424	0.000158576
0.425	0.000154323
0.426	0.000150154
0.427	0.000146067
0.428	0.000142062
0.429	0.000138137
0.43	0.000134291
0.431	0.000130523
0.432	0.000126831
0.433	0.000123215
0.434	0.000119672
0.435	0.000116203
0.436	0.000112805
0.437	0.000109479
0.438	0.000106222
0.439	0.000103034
0.44	9.99148e-05
0.441	9.68622e-05
0.442	9.38758e-05
0.443	9.09548e-05
0.444	8.80981e-05
0.445	8.53051e-05
0.446	8.25749e-05
0.447	7.99068e-05
0.448	7.73e-05
0.449	7.47537e-05
0.45	7.22672e-05
0.451	6.98399e-05
0.452	6.74712e-05
0.453	6.51602e-05
0.454	6.29065e-05
0.455	6.07094e-05
0.456	5.85683e-05
0.457	5.64827e-05
0.458	5.4452e-05
0.459	5.24757e-05
0.46	5.05532e-05
0.461	4.86841e-05
0.462	4.68679e-05
0.463	4.51041e-05
0.464	4.33924e-05
0.465	4.17321e-05
0.466	4.01231e-05
0.467	3.85647e-05
0.468	3.70567e-05
0.469	3.55987e-05
0.47	3.41904e-05
0.471	3.28313e-05
0.472	3.15212e-05
0.473	3.02598e-05
0.474	2.90467e-05
0.475	2.78817e-05
0.476	2.67645e-05
0.477	2.56948e-05
0.478	2.46724e-05
0.479	2.3697e-05
0.48	2.27685e-05
0.481	2.18866e-05
0.482	2.1051e-05
0.483	2.02617e-05
0.484	1.95185e-05
0.485	1.88211e-05
0.486	1.81694e-05
0.487	1.75633e-05
0.488	1.70026e-05
0.489	1.64873e-05
0.49	1.60171e-05
0.491	1.5592e-05
0.492	1.5212e-05
0.493	1.48768e-05
0.494	1.45865e-05
0.495	1.43409e-05
0.496	1.41401e-05
0.497	1.39839e-05
0.498	1.38724e-05
0.499	1.38055e-05
0.5	1.37832e-05
0.501	1.38055e-05
0.502	1.38724e-05
0.503	1.39839e-05
0.504	1.41401e-05
0.505	1.43409e-05
0.506	1.45865e-05
0.507	1.48768e-05
0.508	1.5212e-05
0.509	1.5592e-05
0.51	1.60171e-05
0.511	1.64873e-05
0.512	1.70026e-05
0.513	1.75633e-05
0.514	1.81694e-05
0.515	1.88211e-05
0.516	1.95185e-05
0.517	2.02617e-05
0.518	2.1051e-05
0.519	2.18866e-05
0.52	2.27685e-05
0.521	2.3697e-05
0.522	2.46724e-05
0.523	2.56948e-05
0.524	2.67645e-05
0.525	2.78817e-05
0.526	2.90467e-05
0.527	3.02598e-05
0.528	3.15212e-05
0.529	3.28313e-05
0.53	3.41904e-05
0.531	3.55987e-05
0.532	3.70567e-05
0.533	3.85647e-05
0.534	4.01231e-05
0.535	4.17321e-05
0.536	4.33924e-05
0.537	4.51041e-05
0.538	4.68679e-05
0.539	4.86841e-05
0.54	5.05532e-05
0.541	5.24757e-05
0.542	5.4452e-05
0.543	5.64827e-05
0.544	5.85683e-05
0.545	6.07094e-05
0.546	6.29065e-05
0.547	6.51602e-05
0.548	6.74712e-05
0.549	6.98399e-05
0.55	7.22672e-05
0.551	7.47537e-05
0.552	7.73e-05
0.553	7.99068e-05
0.554	8.25749e-05
0.555	8.53051e-05
0.556	8.80981e-05
0.557	9.09548e-05
0.558	9.38758e-05
0.559	9.68622e-05
0.56	9.99148e-05
0.561	0.000103034
0.562	0.000106222
0.563	0.000109479
0.564	0.000112805
0.565	0.000116203
0.566	0.000119672
0.567	0.000123215
0.568	0.000126831
0.569	0.000130523
0.57	0.000134291
0.571	0.000138137
0.572	0.000142062
0.573	0.000146067
0.574	0.000150154
0.575	0.000154323
0.576	0.000158576
0.577	0.000162915
0.578	0.00016734
0.579	0.000171854
0.58	0.000176458
0.581	0.000181153
0.582	0.000185941
0.583	0.000190824
0.584	0.000195804
0.585	0.000200881
0.586	0.000206058
0.587	0.000211337
0.588	0.000216719
0.589	0.000222206
0.59	0.000227801
0.591	0.000233505
0.592	0.00023932
0.593	0.000245248
0.594	0.000251292
0.595	0.000257454
0.596	0.000263736
0.597	0.00027014
0.598	0.000276668
0.599	0.000283323
0.6	0.000290108
0.601	0.000297024
0.602	0.000304075
0.603	0.000311263
0.604	0.000318591
0.605	0.000326062
0.606	0.000333678
0.607	0.000341442
0.608	0.000349357
0.609	0.000357427
0.61	0.000365653
0.611	0.000374041
0.612	0.000382592
0.613	0.000391309
0.614	0.000400198
0.615	0.00040926
0.616	0.000418499
0.617	0.000427919
0.618	0.000437524
0.619	0.000447317
0.62	0.000457302
0.621	0.000467484
0.622	0.000477865
0.623	0.000488451
0.624	0.000499245
0.625	0.000510252
0.626	0.000521475
0.627	0.000532921
0.628	0.000544592
0.629	0.000556494
0.63	0.000568631
0.631	0.000581009
0.632	0.000593632
0.633	0.000606505
0.634	0.000619634
0.635	0.000633023
0.636	0.000646679
0.637	0.000660606
0.638	0.00067481
0.639	0.000689298
0.64	0.000704074
0.641	0.000719145
0.642	0.000734516
0.643	0.000750195
0.644	0.000766188
0.645	0.0007825
0.646	0.000799138
0.647	0.00081611
0.648	0.000833422
0.649	0.000851082
0.65	0.000869095
0.651	0.00088747
0.652	0.000906215
0.653	0.000925336
0.654	0.000944841
0.655	0.000964739
0.656	0.000985037
0.657	0.00100574
0.658	0.00102687
0.659	0.00104842
0.66	0.0010704
0.661	0.00109283
0.662	0.00111571
0.663	0.00113905
0.664	0.00116287
0.665	0.00118716
0.666	0.00121195
0.667	0.00123723
0.668	0.00126303
0.669	0.00128935
0.67	0.0013162
0.671	0.0013436
0.672	0.00137155
0.673	0.00140006
0.674	0.00142915
0.675	0.00145883
0.676	0.00148912
0.677	0.00152001
0.678	0.00155153
0.679	0.00158369
0.68	0.00161651
0.681	0.00164998
0.682	0.00168414
0.683	0.00171899
0.684	0.00175454
0.685	0.00179082
0.686	0.00182783
0.687	0.00186559
0.688	0.00190412
0.689	0.00194343
0.69	0.00198353
0.691	0.00202445
0.692	0.0020662
0.693	0.00210879
0.694	0.00215225
0.695	0.00219659
0.696	0.00224183
0.697	0.00228799
0.698	0.00233508
0.699	0.00238313
0.7	0.00243215
0.701	0.00248217
0.702	0.0025332
0.703	0.00258526
0.704	0.00263838
0.705	0.00269258
0.706	0.00274787
0.707	0.00280429
0.708	0.00286185
0.709	0.00292057
0.71	0.00298049
0.711	0.00304162
0.712	0.00310399
0.713	0.00316762
0.714	0.00323254
0.715	0.00329878
0.716	0.00336635
0.717	0.0034353
0.718	0.00350564
0.719	0.00357741
0.72	0.00365063
0.721	0.00372533
0.722	0.00380155
0.723	0.0038793
0.724	0.00395863
0.725	0.00403957
0.726	0.00412215
0.727	0.00420639
0.728	0.00429234
0.729	0.00438003
0.73	0.00446949
0.731	0.00456076
0.732	0.00465388
0.733	0.00474888
0.734	0.00484581
0.735	0.00494469
0.736	0.00504557
0.737	0.00514849
0.738	0.00525349
0.739	0.00536062
0.74	0.00546991
0.741	0.00558141
0.742	0.00569516
0.743	0.00581121
0.744	0.00592961
0.745	0.0060504
0.746	0.00617363
0.747	0.00629935
0.748	0.00642761
0.749	0.00655846
0.75	0.00669195
0.751	0.00682814
0.752	0.00696708
0.753	0.00710883
0.754	0.00725344
0.755	0.00740097
0.756	0.00755148
0.757	0.00770503
0.758	0.00786169
0.759	0.0080215
0.76	0.00818454
0.761	0.00835088
0.762	0.00852057
0.763	0.00869369
0.764	0.0088703
0.765	0.00905048
0.766	0.0092343
0.767	0.00942183
0.768	0.00961315
0.769	0.00980832
0.77	0.0100074
0.771	0.0102106
0.772	0.0104178
0.773	0.0106292
0.774	0.0108449
0.775	0.011065
0.776	0.0112895
0.777	0.0115185
0.778	0.0117521
0.779	0.0119905
0.78	0.0122337
0.781	0.0124817
0.782	0.0127348
0.783	0.012993
0.784	0.0132564
0.785	0.0135252
0.786	0.0137993
0.787	0.014079
0.788	0.0143643
0.789	0.0146554
0.79	0.0149524
0.791	0.0152554
0.792	0.0155645
0.793	0.0158798
0.794	0.0162015
0.795	0.0165297
0.796	0.0168645
0.797	0.0172061
0.798	0.0175545
0.799	0.01791
0.8	0.0182727
0.801	0.0186427
0.802	0.0190202
0.803	0.0194053
0.804	0.0197982
0.805	0.020199
0.806	0.0206079
0.807	0.0210251
0.808	0.0214507
0.809	0.0218849
0.81	0.0223278
0.811	0.0227797
0.812	0.0232408
0.813	0.0237111
0.814	0.024191
0.815	0.0246805
0.816	0.0251799
0.817	0.0256894
0.818	0.0262092
0.819	0.0267395
0.82	0.0272805
0.821	0.0278325
0.822	0.0283955
0.823	0.02897
0.824	0.0295561
0.825	0.030154
0.826	0.030764
0.827	0.0313863
0.828	0.0320212
0.829	0.0326689
0.83	0.0333297
0.831	0.0340038
0.832	0.0346916
0.833	0.0353932
0.834	0.036109
0.835	0.0368393
0.836	0.0375844
0.837	0.0383445
0.838	0.0391199
0.839	0.0399111
0.84	0.0407182
0.841	0.0415416
0.842	0.0423816
0.843	0.0432387
0.844	0.044113
0.845	0.045005
0.846	0.0459151
0.847	0.0468435
0.848	0.0477906
0.849	0.048757
0.85	0.0497428
0.851	0.0507486
0.852	0.0517746
0.853	0.0528215
0.854	0.0538894
0.855	0.054979
0.856	0.0560905
0.857	0.0572245
0.858	0.0583815
0.859	0.0595618
0.86	0.0607659
0.861	0.0619944
0.862	0.0632477
0.863	0.0645263
0.864	0.0658308
0.865	0.0671616
0.866	0.0685193
0.867	0.0699044
0.868	0.0713176
0.869	0.0727592
0.87	0.07423
0.871	0.0757306
0.872	0.0772614
0.873	0.0788231
0.874	0.0804165
0.875	0.082042
0.876	0.0837003
0.877	0.0853922
0.878	0.0871182
0.879	0.0888791
0.88	0.0906756
0.881	0.0925083
0.882	0.0943781
0.883	0.0962857
0.884	0.0982318
0.885	0.100217
0.886	0.102243
0.887	0.104309
0.888	0.106417
0.889	0.108568
0.89	0.110762
0.891	0.113001
0.892	0.115285
0.893	0.117615
0.894	0.119992
0.895	0.122417
0.896	0.124891
0.897	0.127415
0.898	0.12999
0.899	0.132617
0.9	0.135297
0.901	0.138031
0.902	0.14082
0.903	0.143666
0.904	0.146569
0.905	0.149531
0.906	0.152553
0.907	0.155635
0.908	0.15878
0.909	0.161989
0.91	0.165262
0.911	0.168602
0.912	0.172009
0.913	0.175484
0.914	0.17903
0.915	0.182648
0.916	0.186339
0.917	0.190104
0.918	0.193945
0.919	0.197864
0.92	0.201862
0.921	0.205941
0.922	0.210102
0.923	0.214347
0.924	0.218678
0.925	0.223096
0.926	0.227604
0.927	0.232203
0.928	0.236894
0.929	0.241681
0.93	0.246564
0.931	0.251546
0.932	0.256628
0.933	0.261813
0.934	0.267103
0.935	0.2725
0.936	0.278005
0.937	0.283622
0.938	0.289352
0.939	0.295199
0.94	0.301163
0.941	0.307247
0.942	0.313455
0.943	0.319788
0.944	0.326249
0.945	0.33284
0.946	0.339565
0.947	0.346426
0.948	0.353425
0.949	0.360565
0.95	0.36785
0.951	0.375282
0.952	0.382864
0.953	0.390599
0.954	0.39849
0.955	0.406541
0.956	0.414755
0.957	0.423134
0.958	0.431683
0.959	0.440404
0.96	0.449302
0.961	0.45838
0.962	0.46764
0.963	0.477088
0.964	0.486727
0.965	0.496561
0.966	0.506593
0.967	0.516828
0.968	0.52727
0.969	0.537922
0.97	0.54879
0.971	0.559877
0.972	0.571189
0.973	0.582729
0.974	0.594502
0.975	0.606513
0.976	0.618766
0.977	0.631267
0.978	0.644021
0.979	0.657032
0.98	0.670306
0.981	0.683848
0.982	0.697664
0.983	0.711759
0.984	0.726138
0.985	0.740808
0.986	0.755775
0.987	0.771043
0.988	0.78662
0.989	0.802512
0.99	0.818725
0.991	0.835265
0.992	0.852139
0.993	0.869354
0.994	0.886916
0.995	0.904833
0.996	0.923112
0.997	0.94176
0.998	0.960785
0.999	0.980194
