#Function: (exp(-100*x)-1)/(exp(-100)-1)
0	0.07
1	0.0679108
2	0.0645674
3	0.0588572
4	0.0486828
5	0.0328924
6	0.0152702
7	0.00545561
8	0.00166836
9	0.000497583
10	0.000195465
11	0.00014883
12	4.90912e-05
13	1.32228e-05
14	3.4341e-06
15	9.71884e-07
16	3.9764e-07
17	3.42702e-07
18	2.17887e-07
19	1.53888e-07
20	8.82163e-08
21	4.72566e-08
22	1.30397e-08
23	3.45574e-09
24	8.81222e-10
25	2.16916e-10
26	5.20289e-11
27	1.26066e-11
28	3.51631e-12
29	1.49233e-12
30	1.38187e-12
31	1.22651e-12
32	7.9095e-13
33	5.72287e-13
34	3.27585e-13
35	1.91285e-13
36	1.01368e-13
37	4.87795e-14
38	3.31133e-14
39	1.68688e-14
40	1.57453e-14
41	1.17595e-14
42	1.17347e-14
43	1.17369e-14
44	1.20138e-14
45	1.1395e-14
46	1.14579e-14
47	1.14593e-14
48	1.14749e-14
49	1.11553e-14
