# Interpolation data for function: (exp(-100*x)-1)/(exp(-100)-1)
0	0.99
0.001	0.99
0.002	0.99
0.003	0.99
0.004	0.99
0.005	0.99
0.006	0.99
0.007	0.99
0.008	0.99
0.009	0.99
0.01	0.99
0.011	0.99
0.012	0.99
0.013	0.99
0.014	0.99
0.015	0.99
0.016	0.99
0.017	0.99
0.018	0.99
0.019	0.99
0.02	0.99
0.021	0.99
0.022	0.99
0.023	0.99
0.024	0.99
0.025	0.99
0.026	0.99
0.027	0.99
0.028	0.99
0.029	0.99
0.03	0.99
0.031	0.99
0.032	0.99
0.033	0.99
0.034	0.99
0.035	0.99
0.036	0.99
0.037	0.99
0.038	0.99
0.039	0.99
0.04	0.99
0.041	0.99
0.042	0.99
0.043	0.99
0.044	0.99
0.045	0.99
0.046	0.99
0.047	0.99
0.048	0.99
0.049	0.99
0.05	0.99
0.051	0.99
0.052	0.99
0.053	0.99
0.054	0.99
0.055	0.99
0.056	0.99
0.057	0.99
0.058	0.99
0.059	0.99
0.06	0.99
0.061	0.99
0.062	0.99
0.063	0.99
0.064	0.99
0.065	0.99
0.066	0.99
0.067	0.99
0.068	0.99
0.069	0.99
0.07	0.99
0.071	0.99
0.072	0.99
0.073	0.99
0.074	0.99
0.075	0.99
0.076	0.99
0.077	0.99
0.078	0.99
0.079	0.99
0.08	0.99
0.081	0.99
0.082	0.99
0.083	0.99
0.084	0.99
0.085	0.99
0.086	0.99
0.087	0.99
0.088	0.99
0.089	0.99
0.09	0.99
0.091	0.99
0.092	0.99
0.093	0.99
0.094	0.99
0.095	0.99
0.096	0.99
0.097	0.99
0.098	0.99
0.099	0.99
0.1	0.99
0.101	0.99
0.102	0.99
0.103	0.99
0.104	0.99
0.105	0.99
0.106	0.99
0.107	0.99
0.108	0.99
0.109	0.99
0.11	0.99
0.111	0.99
0.112	0.99
0.113	0.99
0.114	0.99
0.115	0.99
0.116	0.99
0.117	0.99
0.118	0.99
0.119	0.99
0.12	0.99
0.121	0.99
0.122	0.99
0.123	0.99
0.124	0.99
0.125	0.99
0.126	0.99
0.127	0.99
0.128	0.99
0.129	0.99
0.13	0.99
0.131	0.99
0.132	0.99
0.133	0.99
0.134	0.99
0.135	0.99
0.136	0.99
0.137	0.99
0.138	0.99
0.139	0.99
0.14	0.99
0.141	0.99
0.142	0.99
0.143	0.99
0.144	0.99
0.145	0.99
0.146	0.99
0.147	0.99
0.148	0.99
0.149	0.99
0.15	0.99
0.151	0.99
0.152	0.99
0.153	0.99
0.154	0.99
0.155	0.99
0.156	0.99
0.157	0.99
0.158	0.99
0.159	0.99
0.16	0.99
0.161	0.99
0.162	0.99
0.163	0.99
0.164	0.99
0.165	0.99
0.166	0.99
0.167	0.99
0.168	0.99
0.169	0.99
0.17	0.99
0.171	0.99
0.172	0.99
0.173	0.99
0.174	0.99
0.175	0.99
0.176	0.99
0.177	0.99
0.178	0.99
0.179	0.99
0.18	0.99
0.181	0.99
0.182	0.99
0.183	0.99
0.184	0.99
0.185	0.99
0.186	0.99
0.187	0.99
0.188	0.99
0.189	0.99
0.19	0.99
0.191	0.99
0.192	0.99
0.193	0.99
0.194	0.99
0.195	0.99
0.196	0.99
0.197	0.99
0.198	0.99
0.199	0.99
0.2	0.99
0.201	0.99
0.202	0.99
0.203	0.99
0.204	0.99
0.205	0.99
0.206	0.99
0.207	0.99
0.208	0.99
0.209	0.99
0.21	0.99
0.211	0.99
0.212	0.99
0.213	0.99
0.214	0.99
0.215	0.99
0.216	0.99
0.217	0.99
0.218	0.99
0.219	0.99
0.22	0.99
0.221	0.99
0.222	0.99
0.223	0.99
0.224	0.99
0.225	0.99
0.226	0.99
0.227	0.99
0.228	0.99
0.229	0.99
0.23	0.99
0.231	0.99
0.232	0.99
0.233	0.99
0.234	0.99
0.235	0.99
0.236	0.99
0.237	0.99
0.238	0.99
0.239	0.99
0.24	0.99
0.241	0.99
0.242	0.99
0.243	0.99
0.244	0.99
0.245	0.99
0.246	0.99
0.247	0.99
0.248	0.99
0.249	0.99
0.25	0.99
0.251	0.99
0.252	0.99
0.253	0.99
0.254	0.99
0.255	0.99
0.256	0.99
0.257	0.99
0.258	0.99
0.259	0.99
0.26	0.99
0.261	0.99
0.262	0.99
0.263	0.99
0.264	0.99
0.265	0.99
0.266	0.99
0.267	0.99
0.268	0.99
0.269	0.99
0.27	0.99
0.271	0.99
0.272	0.99
0.273	0.99
0.274	0.99
0.275	0.99
0.276	0.99
0.277	0.99
0.278	0.99
0.279	0.99
0.28	0.99
0.281	0.99
0.282	0.99
0.283	0.99
0.284	0.99
0.285	0.99
0.286	0.99
0.287	0.99
0.288	0.99
0.289	0.99
0.29	0.99
0.291	0.99
0.292	0.99
0.293	0.99
0.294	0.99
0.295	0.99
0.296	0.99
0.297	0.99
0.298	0.99
0.299	0.99
0.3	0.99
0.301	0.99
0.302	0.99
0.303	0.99
0.304	0.99
0.305	0.99
0.306	0.99
0.307	0.99
0.308	0.99
0.309	0.99
0.31	0.99
0.311	0.99
0.312	0.99
0.313	0.99
0.314	0.99
0.315	0.99
0.316	0.99
0.317	0.99
0.318	0.99
0.319	0.99
0.32	0.99
0.321	0.99
0.322	0.99
0.323	0.99
0.324	0.99
0.325	0.99
0.326	0.99
0.327	0.99
0.328	0.99
0.329	0.99
0.33	0.99
0.331	0.99
0.332	0.99
0.333	0.99
0.334	0.99
0.335	0.99
0.336	0.99
0.337	0.99
0.338	0.99
0.339	0.99
0.34	0.99
0.341	0.99
0.342	0.99
0.343	0.99
0.344	0.99
0.345	0.99
0.346	0.99
0.347	0.99
0.348	0.99
0.349	0.99
0.35	0.99
0.351	0.99
0.352	0.99
0.353	0.99
0.354	0.99
0.355	0.99
0.356	0.99
0.357	0.99
0.358	0.99
0.359	0.99
0.36	0.99
0.361	0.99
0.362	0.99
0.363	0.99
0.364	0.99
0.365	0.99
0.366	0.99
0.367	0.99
0.368	0.99
0.369	0.99
0.37	0.99
0.371	0.99
0.372	0.99
0.373	0.99
0.374	0.99
0.375	0.99
0.376	0.99
0.377	0.99
0.378	0.99
0.379	0.99
0.38	0.99
0.381	0.99
0.382	0.99
0.383	0.99
0.384	0.99
0.385	0.99
0.386	0.99
0.387	0.99
0.388	0.99
0.389	0.99
0.39	0.99
0.391	0.99
0.392	0.99
0.393	0.99
0.394	0.99
0.395	0.99
0.396	0.99
0.397	0.99
0.398	0.99
0.399	0.99
0.4	0.99
0.401	0.99
0.402	0.99
0.403	0.99
0.404	0.99
0.405	0.99
0.406	0.99
0.407	0.99
0.408	0.99
0.409	0.99
0.41	0.99
0.411	0.99
0.412	0.99
0.413	0.99
0.414	0.99
0.415	0.99
0.416	0.99
0.417	0.99
0.418	0.99
0.419	0.99
0.42	0.99
0.421	0.99
0.422	0.99
0.423	0.99
0.424	0.99
0.425	0.99
0.426	0.99
0.427	0.99
0.428	0.99
0.429	0.99
0.43	0.99
0.431	0.99
0.432	0.99
0.433	0.99
0.434	0.99
0.435	0.99
0.436	0.99
0.437	0.99
0.438	0.99
0.439	0.99
0.44	0.99
0.441	0.99
0.442	0.99
0.443	0.99
0.444	0.99
0.445	0.99
0.446	0.99
0.447	0.99
0.448	0.99
0.449	0.99
0.45	0.99
0.451	0.99
0.452	0.99
0.453	0.99
0.454	0.99
0.455	0.99
0.456	0.99
0.457	0.99
0.458	0.99
0.459	0.99
0.46	0.99
0.461	0.99
0.462	0.99
0.463	0.99
0.464	0.99
0.465	0.99
0.466	0.99
0.467	0.99
0.468	0.99
0.469	0.99
0.47	0.99
0.471	0.99
0.472	0.99
0.473	0.99
0.474	0.99
0.475	0.99
0.476	0.99
0.477	0.99
0.478	0.99
0.479	0.99
0.48	0.99
0.481	0.99
0.482	0.99
0.483	0.99
0.484	0.99
0.485	0.99
0.486	0.99
0.487	0.99
0.488	0.99
0.489	0.99
0.49	0.99
0.491	0.99
0.492	0.99
0.493	0.99
0.494	0.99
0.495	0.99
0.496	0.99
0.497	0.99
0.498	0.99
0.499	0.99
0.5	0.99
0.501	0.99
0.502	0.99
0.503	0.99
0.504	0.99
0.505	0.99
0.506	0.99
0.507	0.99
0.508	0.99
0.509	0.99
0.51	0.99
0.511	0.99
0.512	0.99
0.513	0.99
0.514	0.99
0.515	0.99
0.516	0.99
0.517	0.99
0.518	0.99
0.519	0.99
0.52	0.99
0.521	0.99
0.522	0.99
0.523	0.99
0.524	0.99
0.525	0.99
0.526	0.99
0.527	0.99
0.528	0.99
0.529	0.99
0.53	0.99
0.531	0.99
0.532	0.99
0.533	0.99
0.534	0.99
0.535	0.99
0.536	0.99
0.537	0.99
0.538	0.99
0.539	0.99
0.54	0.99
0.541	0.99
0.542	0.99
0.543	0.99
0.544	0.99
0.545	0.99
0.546	0.99
0.547	0.99
0.548	0.99
0.549	0.99
0.55	0.99
0.551	0.99
0.552	0.99
0.553	0.99
0.554	0.99
0.555	0.99
0.556	0.99
0.557	0.99
0.558	0.99
0.559	0.99
0.56	0.99
0.561	0.99
0.562	0.99
0.563	0.99
0.564	0.99
0.565	0.99
0.566	0.99
0.567	0.99
0.568	0.99
0.569	0.99
0.57	0.99
0.571	0.99
0.572	0.99
0.573	0.99
0.574	0.99
0.575	0.99
0.576	0.99
0.577	0.99
0.578	0.99
0.579	0.99
0.58	0.99
0.581	0.99
0.582	0.99
0.583	0.99
0.584	0.99
0.585	0.99
0.586	0.99
0.587	0.99
0.588	0.99
0.589	0.99
0.59	0.99
0.591	0.99
0.592	0.99
0.593	0.99
0.594	0.99
0.595	0.99
0.596	0.99
0.597	0.99
0.598	0.99
0.599	0.99
0.6	0.99
0.601	0.99
0.602	0.99
0.603	0.99
0.604	0.99
0.605	0.99
0.606	0.99
0.607	0.99
0.608	0.99
0.609	0.99
0.61	0.99
0.611	0.99
0.612	0.99
0.613	0.99
0.614	0.99
0.615	0.99
0.616	0.99
0.617	0.99
0.618	0.99
0.619	0.99
0.62	0.99
0.621	0.99
0.622	0.99
0.623	0.99
0.624	0.99
0.625	0.99
0.626	0.99
0.627	0.99
0.628	0.99
0.629	0.99
0.63	0.99
0.631	0.99
0.632	0.99
0.633	0.99
0.634	0.99
0.635	0.99
0.636	0.99
0.637	0.99
0.638	0.99
0.639	0.99
0.64	0.99
0.641	0.99
0.642	0.99
0.643	0.99
0.644	0.99
0.645	0.99
0.646	0.99
0.647	0.99
0.648	0.99
0.649	0.99
0.65	0.99
0.651	0.99
0.652	0.99
0.653	0.99
0.654	0.99
0.655	0.99
0.656	0.99
0.657	0.99
0.658	0.99
0.659	0.99
0.66	0.99
0.661	0.99
0.662	0.99
0.663	0.99
0.664	0.99
0.665	0.99
0.666	0.99
0.667	0.99
0.668	0.99
0.669	0.99
0.67	0.99
0.671	0.99
0.672	0.99
0.673	0.99
0.674	0.99
0.675	0.99
0.676	0.99
0.677	0.99
0.678	0.99
0.679	0.99
0.68	0.99
0.681	0.99
0.682	0.99
0.683	0.99
0.684	0.99
0.685	0.99
0.686	0.99
0.687	0.99
0.688	0.99
0.689	0.99
0.69	0.99
0.691	0.99
0.692	0.99
0.693	0.99
0.694	0.99
0.695	0.99
0.696	0.99
0.697	0.99
0.698	0.99
0.699	0.99
0.7	0.99
0.701	0.99
0.702	0.99
0.703	0.99
0.704	0.99
0.705	0.99
0.706	0.99
0.707	0.99
0.708	0.99
0.709	0.99
0.71	0.99
0.711	0.99
0.712	0.99
0.713	0.99
0.714	0.99
0.715	0.99
0.716	0.99
0.717	0.99
0.718	0.99
0.719	0.99
0.72	0.99
0.721	0.99
0.722	0.99
0.723	0.99
0.724	0.99
0.725	0.99
0.726	0.99
0.727	0.99
0.728	0.99
0.729	0.99
0.73	0.99
0.731	0.99
0.732	0.99
0.733	0.99
0.734	0.99
0.735	0.99
0.736	0.99
0.737	0.99
0.738	0.99
0.739	0.99
0.74	0.99
0.741	0.99
0.742	0.99
0.743	0.99
0.744	0.99
0.745	0.99
0.746	0.99
0.747	0.99
0.748	0.99
0.749	0.99
0.75	0.99
0.751	0.99
0.752	0.99
0.753	0.99
0.754	0.99
0.755	0.99
0.756	0.99
0.757	0.99
0.758	0.99
0.759	0.99
0.76	0.99
0.761	0.99
0.762	0.99
0.763	0.99
0.764	0.99
0.765	0.99
0.766	0.99
0.767	0.99
0.768	0.99
0.769	0.99
0.77	0.99
0.771	0.99
0.772	0.99
0.773	0.99
0.774	0.99
0.775	0.99
0.776	0.99
0.777	0.99
0.778	0.99
0.779	0.99
0.78	0.99
0.781	0.99
0.782	0.99
0.783	0.99
0.784	0.99
0.785	0.99
0.786	0.99
0.787	0.99
0.788	0.99
0.789	0.99
0.79	0.99
0.791	0.99
0.792	0.99
0.793	0.99
0.794	0.99
0.795	0.99
0.796	0.99
0.797	0.99
0.798	0.99
0.799	0.99
0.8	0.99
0.801	0.99
0.802	0.99
0.803	0.99
0.804	0.99
0.805	0.99
0.806	0.99
0.807	0.99
0.808	0.99
0.809	0.99
0.81	0.99
0.811	0.99
0.812	0.99
0.813	0.99
0.814	0.99
0.815	0.99
0.816	0.99
0.817	0.99
0.818	0.99
0.819	0.99
0.82	0.99
0.821	0.99
0.822	0.99
0.823	0.99
0.824	0.99
0.825	0.99
0.826	0.99
0.827	0.99
0.828	0.99
0.829	0.99
0.83	0.99
0.831	0.99
0.832	0.99
0.833	0.99
0.834	0.99
0.835	0.99
0.836	0.99
0.837	0.99
0.838	0.99
0.839	0.99
0.84	0.99
0.841	0.99
0.842	0.99
0.843	0.99
0.844	0.99
0.845	0.99
0.846	0.99
0.847	0.99
0.848	0.99
0.849	0.99
0.85	0.99
0.851	0.99
0.852	0.99
0.853	0.99
0.854	0.99
0.855	0.99
0.856	0.99
0.857	0.99
0.858	0.99
0.859	0.99
0.86	0.99
0.861	0.99
0.862	0.99
0.863	0.99
0.864	0.99
0.865	0.99
0.866	0.99
0.867	0.99
0.868	0.99
0.869	0.99
0.87	0.99
0.871	0.99
0.872	0.99
0.873	0.99
0.874	0.99
0.875	0.99
0.876	0.99
0.877	0.99
0.878	0.99
0.879	0.99
0.88	0.99
0.881	0.99
0.882	0.99
0.883	0.99
0.884	0.99
0.885	0.99
0.886	0.99
0.887	0.99
0.888	0.99
0.889	0.99
0.89	0.99
0.891	0.99
0.892	0.99
0.893	0.99
0.894	0.99
0.895	0.99
0.896	0.99
0.897	0.99
0.898	0.99
0.899	0.99
0.9	0.99
0.901	0.99
0.902	0.99
0.903	0.99
0.904	0.99
0.905	0.99
0.906	0.99
0.907	0.99
0.908	0.99
0.909	0.99
0.91	0.99
0.911	0.99
0.912	0.99
0.913	0.99
0.914	0.99
0.915	0.99
0.916	0.99
0.917	0.99
0.918	0.99
0.919	0.99
0.92	0.99
0.921	0.99
0.922	0.99
0.923	0.99
0.924	0.99
0.925	0.99
0.926	0.99
0.927	0.99
0.928	0.99
0.929	0.99
0.93	0.99
0.931	0.99
0.932	0.99
0.933	0.99
0.934	0.99
0.935	0.99
0.936	0.99
0.937	0.99
0.938	0.99
0.939	0.99
0.94	0.99
0.941	0.99
0.942	0.99
0.943	0.99
0.944	0.99
0.945	0.99
0.946	0.99
0.947	0.99
0.948	0.99
0.949	0.99
0.95	0.99
0.951	0.99
0.952	0.99
0.953	0.99
0.954	0.99
0.955	0.99
0.956	0.99
0.957	0.99
0.958	0.99
0.959	0.99
0.96	0.99
0.961	0.99
0.962	0.99
0.963	0.99
0.964	0.99
0.965	0.99
0.966	0.99
0.967	0.99
0.968	0.99
0.969	0.99
0.97	0.99
0.971	0.99
0.972	0.99
0.973	0.99
0.974	0.99
0.975	0.99
0.976	0.99
0.977	0.99
0.978	0.99
0.979	0.99
0.98	0.99
0.981	0.99
0.982	0.99
0.983	0.99
0.984	0.99
0.985	0.99
0.986	0.99
0.987	0.99
0.988	0.99
0.989	0.99
0.99	0.99
0.991	0.99
0.992	0.99
0.993	0.99
0.994	0.99
0.995	0.99
0.996	0.99
0.997	0.99
0.998	0.99
0.999	0.99
