# Interpolation data for function: (exp(-100*x)-1)/(exp(-100)-1)
0	0.83392
0.001	0.83521
0.002	0.836496
0.003	0.837777
0.004	0.839055
0.005	0.840328
0.006	0.841597
0.007	0.842861
0.008	0.844121
0.009	0.845377
0.01	0.846629
0.011	0.847877
0.012	0.84912
0.013	0.850359
0.014	0.851594
0.015	0.852825
0.016	0.854051
0.017	0.855273
0.018	0.856491
0.019	0.857704
0.02	0.858914
0.021	0.860119
0.022	0.86132
0.023	0.862516
0.024	0.863709
0.025	0.864897
0.026	0.866081
0.027	0.86726
0.028	0.868436
0.029	0.869607
0.03	0.870774
0.031	0.871936
0.032	0.873095
0.033	0.874249
0.034	0.875399
0.035	0.876544
0.036	0.877686
0.037	0.878823
0.038	0.879956
0.039	0.881084
0.04	0.882209
0.041	0.883329
0.042	0.884445
0.043	0.885556
0.044	0.886664
0.045	0.887767
0.046	0.888866
0.047	0.889961
0.048	0.891051
0.049	0.892137
0.05	0.893219
0.051	0.894297
0.052	0.89537
0.053	0.89644
0.054	0.897504
0.055	0.898565
0.056	0.899622
0.057	0.900674
0.058	0.901722
0.059	0.902765
0.06	0.903805
0.061	0.90484
0.062	0.905871
0.063	0.906898
0.064	0.90792
0.065	0.908939
0.066	0.909953
0.067	0.910962
0.068	0.911968
0.069	0.912969
0.07	0.913966
0.071	0.914959
0.072	0.915947
0.073	0.916931
0.074	0.917911
0.075	0.918887
0.076	0.919859
0.077	0.920826
0.078	0.921789
0.079	0.922748
0.08	0.923702
0.081	0.924653
0.082	0.925599
0.083	0.92654
0.084	0.927478
0.085	0.928411
0.086	0.92934
0.087	0.930265
0.088	0.931186
0.089	0.932102
0.09	0.933014
0.091	0.933922
0.092	0.934825
0.093	0.935725
0.094	0.93662
0.095	0.93751
0.096	0.938397
0.097	0.939279
0.098	0.940157
0.099	0.941031
0.1	0.941901
0.101	0.942766
0.102	0.943627
0.103	0.944484
0.104	0.945337
0.105	0.946185
0.106	0.947029
0.107	0.947869
0.108	0.948705
0.109	0.949536
0.11	0.950363
0.111	0.951186
0.112	0.952004
0.113	0.952819
0.114	0.953629
0.115	0.954435
0.116	0.955236
0.117	0.956034
0.118	0.956827
0.119	0.957616
0.12	0.958401
0.121	0.959181
0.122	0.959957
0.123	0.960729
0.124	0.961497
0.125	0.96226
0.126	0.963019
0.127	0.963774
0.128	0.964525
0.129	0.965271
0.13	0.966013
0.131	0.966751
0.132	0.967485
0.133	0.968214
0.134	0.96894
0.135	0.96966
0.136	0.970377
0.137	0.97109
0.138	0.971798
0.139	0.972502
0.14	0.973201
0.141	0.973897
0.142	0.974588
0.143	0.975275
0.144	0.975958
0.145	0.976636
0.146	0.97731
0.147	0.97798
0.148	0.978646
0.149	0.979308
0.15	0.979965
0.151	0.980618
0.152	0.981267
0.153	0.981911
0.154	0.982551
0.155	0.983187
0.156	0.983819
0.157	0.984446
0.158	0.98507
0.159	0.985689
0.16	0.986303
0.161	0.986914
0.162	0.98752
0.163	0.988122
0.164	0.98872
0.165	0.989314
0.166	0.989903
0.167	0.990488
0.168	0.991069
0.169	0.991645
0.17	0.992217
0.171	0.992786
0.172	0.993349
0.173	0.993909
0.174	0.994464
0.175	0.995015
0.176	0.995562
0.177	0.996105
0.178	0.996643
0.179	0.997177
0.18	0.997707
0.181	0.998232
0.182	0.998754
0.183	0.999271
0.184	0.999784
0.185	1.00029
0.186	1.0008
0.187	1.0013
0.188	1.00179
0.189	1.00228
0.19	1.00277
0.191	1.00325
0.192	1.00373
0.193	1.00421
0.194	1.00468
0.195	1.00514
0.196	1.00561
0.197	1.00606
0.198	1.00652
0.199	1.00697
0.2	1.00741
0.201	1.00785
0.202	1.00829
0.203	1.00872
0.204	1.00915
0.205	1.00957
0.206	1.00999
0.207	1.01041
0.208	1.01082
0.209	1.01122
0.21	1.01163
0.211	1.01202
0.212	1.01242
0.213	1.01281
0.214	1.01319
0.215	1.01357
0.216	1.01395
0.217	1.01432
0.218	1.01469
0.219	1.01506
0.22	1.01542
0.221	1.01577
0.222	1.01612
0.223	1.01647
0.224	1.01681
0.225	1.01715
0.226	1.01749
0.227	1.01782
0.228	1.01814
0.229	1.01847
0.23	1.01878
0.231	1.0191
0.232	1.0194
0.233	1.01971
0.234	1.02001
0.235	1.02031
0.236	1.0206
0.237	1.02089
0.238	1.02117
0.239	1.02145
0.24	1.02172
0.241	1.02199
0.242	1.02226
0.243	1.02252
0.244	1.02278
0.245	1.02303
0.246	1.02328
0.247	1.02353
0.248	1.02377
0.249	1.02401
0.25	1.02424
0.251	1.02447
0.252	1.02469
0.253	1.02491
0.254	1.02513
0.255	1.02534
0.256	1.02555
0.257	1.02575
0.258	1.02595
0.259	1.02614
0.26	1.02633
0.261	1.02652
0.262	1.0267
0.263	1.02688
0.264	1.02705
0.265	1.02722
0.266	1.02738
0.267	1.02754
0.268	1.0277
0.269	1.02785
0.27	1.028
0.271	1.02814
0.272	1.02828
0.273	1.02842
0.274	1.02855
0.275	1.02867
0.276	1.02879
0.277	1.02891
0.278	1.02903
0.279	1.02914
0.28	1.02924
0.281	1.02934
0.282	1.02944
0.283	1.02953
0.284	1.02962
0.285	1.0297
0.286	1.02978
0.287	1.02986
0.288	1.02993
0.289	1.03
0.29	1.03006
0.291	1.03012
0.292	1.03017
0.293	1.03022
0.294	1.03027
0.295	1.03031
0.296	1.03035
0.297	1.03038
0.298	1.03041
0.299	1.03043
0.3	1.03045
0.301	1.03047
0.302	1.03048
0.303	1.03049
0.304	1.03049
0.305	1.03049
0.306	1.03048
0.307	1.03047
0.308	1.03046
0.309	1.03044
0.31	1.03042
0.311	1.03039
0.312	1.03036
0.313	1.03033
0.314	1.03029
0.315	1.03024
0.316	1.0302
0.317	1.03014
0.318	1.03009
0.319	1.03003
0.32	1.02996
0.321	1.02989
0.322	1.02982
0.323	1.02974
0.324	1.02966
0.325	1.02958
0.326	1.02948
0.327	1.02939
0.328	1.02929
0.329	1.02919
0.33	1.02908
0.331	1.02897
0.332	1.02885
0.333	1.02873
0.334	1.02861
0.335	1.02848
0.336	1.02835
0.337	1.02821
0.338	1.02807
0.339	1.02793
0.34	1.02778
0.341	1.02762
0.342	1.02746
0.343	1.0273
0.344	1.02713
0.345	1.02696
0.346	1.02679
0.347	1.02661
0.348	1.02642
0.349	1.02624
0.35	1.02604
0.351	1.02585
0.352	1.02565
0.353	1.02544
0.354	1.02523
0.355	1.02502
0.356	1.0248
0.357	1.02458
0.358	1.02435
0.359	1.02412
0.36	1.02389
0.361	1.02365
0.362	1.02341
0.363	1.02316
0.364	1.02291
0.365	1.02265
0.366	1.02239
0.367	1.02213
0.368	1.02186
0.369	1.02159
0.37	1.02131
0.371	1.02103
0.372	1.02074
0.373	1.02045
0.374	1.02016
0.375	1.01986
0.376	1.01956
0.377	1.01925
0.378	1.01894
0.379	1.01862
0.38	1.0183
0.381	1.01798
0.382	1.01765
0.383	1.01732
0.384	1.01698
0.385	1.01664
0.386	1.0163
0.387	1.01595
0.388	1.01559
0.389	1.01524
0.39	1.01488
0.391	1.01451
0.392	1.01414
0.393	1.01376
0.394	1.01338
0.395	1.013
0.396	1.01261
0.397	1.01222
0.398	1.01183
0.399	1.01143
0.4	1.01102
0.401	1.01061
0.402	1.0102
0.403	1.00978
0.404	1.00936
0.405	1.00893
0.406	1.0085
0.407	1.00807
0.408	1.00763
0.409	1.00719
0.41	1.00674
0.411	1.00629
0.412	1.00584
0.413	1.00538
0.414	1.00491
0.415	1.00444
0.416	1.00397
0.417	1.00349
0.418	1.00301
0.419	1.00253
0.42	1.00204
0.421	1.00154
0.422	1.00105
0.423	1.00054
0.424	1.00004
0.425	0.999527
0.426	0.999012
0.427	0.998493
0.428	0.99797
0.429	0.997442
0.43	0.99691
0.431	0.996374
0.432	0.995833
0.433	0.995289
0.434	0.99474
0.435	0.994187
0.436	0.993629
0.437	0.993067
0.438	0.992502
0.439	0.991931
0.44	0.991357
0.441	0.990778
0.442	0.990195
0.443	0.989608
0.444	0.989017
0.445	0.988421
0.446	0.987821
0.447	0.987217
0.448	0.986609
0.449	0.985996
0.45	0.985379
0.451	0.984758
0.452	0.984133
0.453	0.983503
0.454	0.982869
0.455	0.982231
0.456	0.981589
0.457	0.980942
0.458	0.980291
0.459	0.979636
0.46	0.978977
0.461	0.978313
0.462	0.977645
0.463	0.976973
0.464	0.976297
0.465	0.975616
0.466	0.974931
0.467	0.974242
0.468	0.973549
0.469	0.972851
0.47	0.97215
0.471	0.971444
0.472	0.970733
0.473	0.970019
0.474	0.9693
0.475	0.968577
0.476	0.967849
0.477	0.967118
0.478	0.966382
0.479	0.965642
0.48	0.964898
0.481	0.964149
0.482	0.963396
0.483	0.962639
0.484	0.961878
0.485	0.961113
0.486	0.960343
0.487	0.959569
0.488	0.958791
0.489	0.958008
0.49	0.957221
0.491	0.95643
0.492	0.955635
0.493	0.954835
0.494	0.954032
0.495	0.953224
0.496	0.952411
0.497	0.951595
0.498	0.950774
0.499	0.949949
0.5	1
0.501	1
0.502	1
0.503	1
0.504	1
0.505	1
0.506	1
0.507	1
0.508	1
0.509	1
0.51	1
0.511	1
0.512	1
0.513	1
0.514	1
0.515	1
0.516	1
0.517	1
0.518	1
0.519	1
0.52	1
0.521	1
0.522	1
0.523	1
0.524	1
0.525	1
0.526	1
0.527	1
0.528	1
0.529	1
0.53	1
0.531	1
0.532	1
0.533	1
0.534	1
0.535	1
0.536	1
0.537	1
0.538	1
0.539	1
0.54	1
0.541	1
0.542	1
0.543	1
0.544	1
0.545	1
0.546	1
0.547	1
0.548	1
0.549	1
0.55	1
0.551	1
0.552	1
0.553	1
0.554	1
0.555	1
0.556	1
0.557	1
0.558	1
0.559	1
0.56	1
0.561	1
0.562	1
0.563	1
0.564	1
0.565	1
0.566	1
0.567	1
0.568	1
0.569	1
0.57	1
0.571	1
0.572	1
0.573	1
0.574	1
0.575	1
0.576	1
0.577	1
0.578	1
0.579	1
0.58	1
0.581	1
0.582	1
0.583	1
0.584	1
0.585	1
0.586	1
0.587	1
0.588	1
0.589	1
0.59	1
0.591	1
0.592	1
0.593	1
0.594	1
0.595	1
0.596	1
0.597	1
0.598	1
0.599	1
0.6	1
0.601	1
0.602	1
0.603	1
0.604	1
0.605	1
0.606	1
0.607	1
0.608	1
0.609	1
0.61	1
0.611	1
0.612	1
0.613	1
0.614	1
0.615	1
0.616	1
0.617	1
0.618	1
0.619	1
0.62	1
0.621	1
0.622	1
0.623	1
0.624	1
0.625	1
0.626	1
0.627	1
0.628	1
0.629	1
0.63	1
0.631	1
0.632	1
0.633	1
0.634	1
0.635	1
0.636	1
0.637	1
0.638	1
0.639	1
0.64	1
0.641	1
0.642	1
0.643	1
0.644	1
0.645	1
0.646	1
0.647	1
0.648	1
0.649	1
0.65	1
0.651	1
0.652	1
0.653	1
0.654	1
0.655	1
0.656	1
0.657	1
0.658	1
0.659	1
0.66	1
0.661	1
0.662	1
0.663	1
0.664	1
0.665	1
0.666	1
0.667	1
0.668	1
0.669	1
0.67	1
0.671	1
0.672	1
0.673	1
0.674	1
0.675	1
0.676	1
0.677	1
0.678	1
0.679	1
0.68	1
0.681	1
0.682	1
0.683	1
0.684	1
0.685	1
0.686	1
0.687	1
0.688	1
0.689	1
0.69	1
0.691	1
0.692	1
0.693	1
0.694	1
0.695	1
0.696	1
0.697	1
0.698	1
0.699	1
0.7	1
0.701	1
0.702	1
0.703	1
0.704	1
0.705	1
0.706	1
0.707	1
0.708	1
0.709	1
0.71	1
0.711	1
0.712	1
0.713	1
0.714	1
0.715	1
0.716	1
0.717	1
0.718	1
0.719	1
0.72	1
0.721	1
0.722	1
0.723	1
0.724	1
0.725	1
0.726	1
0.727	1
0.728	1
0.729	1
0.73	1
0.731	1
0.732	1
0.733	1
0.734	1
0.735	1
0.736	1
0.737	1
0.738	1
0.739	1
0.74	1
0.741	1
0.742	1
0.743	1
0.744	1
0.745	1
0.746	1
0.747	1
0.748	1
0.749	1
0.75	1
0.751	1
0.752	1
0.753	1
0.754	1
0.755	1
0.756	1
0.757	1
0.758	1
0.759	1
0.76	1
0.761	1
0.762	1
0.763	1
0.764	1
0.765	1
0.766	1
0.767	1
0.768	1
0.769	1
0.77	1
0.771	1
0.772	1
0.773	1
0.774	1
0.775	1
0.776	1
0.777	1
0.778	1
0.779	1
0.78	1
0.781	1
0.782	1
0.783	1
0.784	1
0.785	1
0.786	1
0.787	1
0.788	1
0.789	1
0.79	1
0.791	1
0.792	1
0.793	1
0.794	1
0.795	1
0.796	1
0.797	1
0.798	1
0.799	1
0.8	1
0.801	1
0.802	1
0.803	1
0.804	1
0.805	1
0.806	1
0.807	1
0.808	1
0.809	1
0.81	1
0.811	1
0.812	1
0.813	1
0.814	1
0.815	1
0.816	1
0.817	1
0.818	1
0.819	1
0.82	1
0.821	1
0.822	1
0.823	1
0.824	1
0.825	1
0.826	1
0.827	1
0.828	1
0.829	1
0.83	1
0.831	1
0.832	1
0.833	1
0.834	1
0.835	1
0.836	1
0.837	1
0.838	1
0.839	1
0.84	1
0.841	1
0.842	1
0.843	1
0.844	1
0.845	1
0.846	1
0.847	1
0.848	1
0.849	1
0.85	1
0.851	1
0.852	1
0.853	1
0.854	1
0.855	1
0.856	1
0.857	1
0.858	1
0.859	1
0.86	1
0.861	1
0.862	1
0.863	1
0.864	1
0.865	1
0.866	1
0.867	1
0.868	1
0.869	1
0.87	1
0.871	1
0.872	1
0.873	1
0.874	1
0.875	1
0.876	1
0.877	1
0.878	1
0.879	1
0.88	1
0.881	1
0.882	1
0.883	1
0.884	1
0.885	1
0.886	1
0.887	1
0.888	1
0.889	1
0.89	1
0.891	1
0.892	1
0.893	1
0.894	1
0.895	1
0.896	1
0.897	1
0.898	1
0.899	1
0.9	1
0.901	1
0.902	1
0.903	1
0.904	1
0.905	1
0.906	1
0.907	1
0.908	1
0.909	1
0.91	1
0.911	1
0.912	1
0.913	1
0.914	1
0.915	1
0.916	1
0.917	1
0.918	1
0.919	1
0.92	1
0.921	1
0.922	1
0.923	1
0.924	1
0.925	1
0.926	1
0.927	1
0.928	1
0.929	1
0.93	1
0.931	1
0.932	1
0.933	1
0.934	1
0.935	1
0.936	1
0.937	1
0.938	1
0.939	1
0.94	1
0.941	1
0.942	1
0.943	1
0.944	1
0.945	1
0.946	1
0.947	1
0.948	1
0.949	1
0.95	1
0.951	1
0.952	1
0.953	1
0.954	1
0.955	1
0.956	1
0.957	1
0.958	1
0.959	1
0.96	1
0.961	1
0.962	1
0.963	1
0.964	1
0.965	1
0.966	1
0.967	1
0.968	1
0.969	1
0.97	1
0.971	1
0.972	1
0.973	1
0.974	1
0.975	1
0.976	1
0.977	1
0.978	1
0.979	1
0.98	1
0.981	1
0.982	1
0.983	1
0.984	1
0.985	1
0.986	1
0.987	1
0.988	1
0.989	1
0.99	1
0.991	1
0.992	1
0.993	1
0.994	1
0.995	1
0.996	1
0.997	1
0.998	1
0.999	1
