#Function: sqrt(abs(x-0.5))
0	0.172052
1	0.172052
2	0.0788416
3	0.0471367
4	0.033667
5	0.0201974
6	0.0157068
7	0.0112163
8	0.00917469
9	0.00713304
10	0.00603326
11	0.00493349
12	0.00427326
13	0.00361303
14	0.0031855
15	0.00275797
16	0.00246518
17	0.00217238
18	0.00196299
19	0.0017536
20	0.0015986
21	0.00144361
22	0.00132562
23	0.00120762
24	0.00111566
25	0.0010237
26	0.000950601
27	0.0008775
28	0.000811962
29	0.000746425
30	0.000687427
31	0.000628428
32	0.000582449
33	0.000536469
34	0.000499919
35	0.000463368
36	0.0004306
37	0.000397831
38	0.000368332
39	0.000338833
40	0.000315843
41	0.000292853
42	0.000274578
43	0.000256303
44	0.000239918
45	0.000223534
46	0.000208784
47	0.000194035
48	0.00018254
49	0.000171045
