# Interpolation data for function: sqrt(abs(x-0.5))
0	0.703484
0.001	0.703127
0.002	0.702753
0.003	0.702362
0.004	0.701956
0.005	0.701534
0.006	0.701096
0.007	0.700644
0.008	0.700178
0.009	0.699697
0.01	0.699203
0.011	0.698696
0.012	0.698176
0.013	0.697644
0.014	0.697099
0.015	0.696543
0.016	0.695975
0.017	0.695397
0.018	0.694808
0.019	0.694208
0.02	0.693598
0.021	0.692979
0.022	0.69235
0.023	0.691713
0.024	0.691066
0.025	0.690411
0.026	0.689748
0.027	0.689077
0.028	0.688398
0.029	0.687712
0.03	0.687019
0.031	0.686319
0.032	0.685612
0.033	0.684899
0.034	0.68418
0.035	0.683455
0.036	0.682725
0.037	0.681989
0.038	0.681248
0.039	0.680502
0.04	0.679751
0.041	0.678995
0.042	0.678235
0.043	0.677471
0.044	0.676703
0.045	0.675932
0.046	0.675156
0.047	0.674377
0.048	0.673595
0.049	0.67281
0.05	0.672022
0.051	0.671231
0.052	0.670437
0.053	0.669641
0.054	0.668843
0.055	0.668042
0.056	0.66724
0.057	0.666435
0.058	0.665629
0.059	0.664821
0.06	0.664011
0.061	0.6632
0.062	0.662387
0.063	0.661574
0.064	0.660759
0.065	0.659943
0.066	0.659126
0.067	0.658308
0.068	0.65749
0.069	0.656671
0.07	0.655851
0.071	0.655031
0.072	0.65421
0.073	0.653389
0.074	0.652568
0.075	0.651747
0.076	0.650925
0.077	0.650103
0.078	0.649282
0.079	0.64846
0.08	0.647638
0.081	0.646817
0.082	0.645995
0.083	0.645174
0.084	0.644353
0.085	0.643533
0.086	0.642712
0.087	0.641892
0.088	0.641073
0.089	0.640254
0.09	0.639435
0.091	0.638617
0.092	0.637799
0.093	0.636982
0.094	0.636165
0.095	0.635349
0.096	0.634534
0.097	0.633719
0.098	0.632904
0.099	0.63209
0.1	0.631277
0.101	0.630465
0.102	0.629652
0.103	0.628841
0.104	0.62803
0.105	0.62722
0.106	0.62641
0.107	0.625601
0.108	0.624793
0.109	0.623985
0.11	0.623177
0.111	0.62237
0.112	0.621564
0.113	0.620758
0.114	0.619953
0.115	0.619148
0.116	0.618343
0.117	0.617539
0.118	0.616736
0.119	0.615933
0.12	0.61513
0.121	0.614327
0.122	0.613525
0.123	0.612723
0.124	0.611922
0.125	0.61112
0.126	0.610319
0.127	0.609518
0.128	0.608717
0.129	0.607916
0.13	0.607116
0.131	0.606315
0.132	0.605514
0.133	0.604714
0.134	0.603913
0.135	0.603112
0.136	0.602311
0.137	0.60151
0.138	0.600709
0.139	0.599907
0.14	0.599105
0.141	0.598303
0.142	0.597501
0.143	0.596698
0.144	0.595894
0.145	0.59509
0.146	0.594286
0.147	0.593481
0.148	0.592675
0.149	0.591869
0.15	0.591062
0.151	0.590255
0.152	0.589446
0.153	0.588637
0.154	0.587827
0.155	0.587016
0.156	0.586204
0.157	0.585391
0.158	0.584577
0.159	0.583762
0.16	0.582946
0.161	0.582129
0.162	0.581311
0.163	0.580491
0.164	0.57967
0.165	0.578848
0.166	0.578024
0.167	0.577199
0.168	0.576373
0.169	0.575545
0.17	0.574716
0.171	0.573885
0.172	0.573052
0.173	0.572218
0.174	0.571382
0.175	0.570545
0.176	0.569705
0.177	0.568864
0.178	0.568021
0.179	0.567177
0.18	0.56633
0.181	0.565482
0.182	0.564631
0.183	0.563779
0.184	0.562924
0.185	0.562068
0.186	0.561209
0.187	0.560348
0.188	0.559485
0.189	0.55862
0.19	0.557753
0.191	0.556883
0.192	0.556011
0.193	0.555137
0.194	0.55426
0.195	0.553381
0.196	0.5525
0.197	0.551616
0.198	0.55073
0.199	0.549841
0.2	0.54895
0.201	0.548057
0.202	0.54716
0.203	0.546262
0.204	0.54536
0.205	0.544456
0.206	0.54355
0.207	0.54264
0.208	0.541728
0.209	0.540814
0.21	0.539896
0.211	0.538976
0.212	0.538053
0.213	0.537128
0.214	0.536199
0.215	0.535268
0.216	0.534334
0.217	0.533398
0.218	0.532458
0.219	0.531516
0.22	0.53057
0.221	0.529622
0.222	0.528671
0.223	0.527717
0.224	0.526761
0.225	0.525801
0.226	0.524839
0.227	0.523873
0.228	0.522905
0.229	0.521934
0.23	0.52096
0.231	0.519982
0.232	0.519002
0.233	0.51802
0.234	0.517034
0.235	0.516045
0.236	0.515053
0.237	0.514059
0.238	0.513061
0.239	0.512061
0.24	0.511058
0.241	0.510052
0.242	0.509042
0.243	0.508031
0.244	0.507016
0.245	0.505998
0.246	0.504977
0.247	0.503954
0.248	0.502927
0.249	0.501898
0.25	0.500866
0.251	0.499831
0.252	0.498794
0.253	0.497753
0.254	0.49671
0.255	0.495664
0.256	0.494615
0.257	0.493564
0.258	0.492509
0.259	0.491452
0.26	0.490392
0.261	0.48933
0.262	0.488265
0.263	0.487197
0.264	0.486127
0.265	0.485054
0.266	0.483978
0.267	0.482899
0.268	0.481819
0.269	0.480735
0.27	0.479649
0.271	0.478561
0.272	0.47747
0.273	0.476376
0.274	0.47528
0.275	0.474182
0.276	0.473081
0.277	0.471977
0.278	0.470872
0.279	0.469764
0.28	0.468653
0.281	0.46754
0.282	0.466425
0.283	0.465308
0.284	0.464188
0.285	0.463066
0.286	0.461942
0.287	0.460816
0.288	0.459687
0.289	0.458557
0.29	0.457424
0.291	0.456289
0.292	0.455152
0.293	0.454012
0.294	0.452871
0.295	0.451728
0.296	0.450582
0.297	0.449435
0.298	0.448285
0.299	0.447134
0.3	0.44598
0.301	0.444825
0.302	0.443667
0.303	0.442508
0.304	0.441347
0.305	0.440183
0.306	0.439018
0.307	0.437851
0.308	0.436683
0.309	0.435512
0.31	0.434339
0.311	0.433165
0.312	0.431989
0.313	0.430811
0.314	0.429631
0.315	0.428449
0.316	0.427266
0.317	0.42608
0.318	0.424893
0.319	0.423704
0.32	0.422514
0.321	0.421321
0.322	0.420127
0.323	0.418931
0.324	0.417733
0.325	0.416533
0.326	0.415331
0.327	0.414128
0.328	0.412923
0.329	0.411716
0.33	0.410507
0.331	0.409296
0.332	0.408083
0.333	0.406869
0.334	0.405652
0.335	0.404433
0.336	0.403213
0.337	0.40199
0.338	0.400766
0.339	0.399539
0.34	0.398311
0.341	0.39708
0.342	0.395847
0.343	0.394612
0.344	0.393375
0.345	0.392135
0.346	0.390893
0.347	0.389649
0.348	0.388403
0.349	0.387154
0.35	0.385902
0.351	0.384648
0.352	0.383392
0.353	0.382132
0.354	0.38087
0.355	0.379606
0.356	0.378338
0.357	0.377067
0.358	0.375794
0.359	0.374517
0.36	0.373238
0.361	0.371955
0.362	0.370668
0.363	0.369379
0.364	0.368086
0.365	0.366789
0.366	0.365489
0.367	0.364185
0.368	0.362877
0.369	0.361565
0.37	0.360249
0.371	0.358929
0.372	0.357604
0.373	0.356275
0.374	0.354942
0.375	0.353604
0.376	0.352261
0.377	0.350913
0.378	0.34956
0.379	0.348202
0.38	0.346838
0.381	0.345469
0.382	0.344095
0.383	0.342714
0.384	0.341328
0.385	0.339935
0.386	0.338536
0.387	0.337131
0.388	0.335718
0.389	0.334299
0.39	0.332873
0.391	0.33144
0.392	0.329999
0.393	0.328551
0.394	0.327095
0.395	0.325631
0.396	0.324158
0.397	0.322677
0.398	0.321188
0.399	0.319689
0.4	0.318181
0.401	0.316664
0.402	0.315137
0.403	0.3136
0.404	0.312053
0.405	0.310495
0.406	0.308927
0.407	0.307348
0.408	0.305757
0.409	0.304155
0.41	0.302541
0.411	0.300915
0.412	0.299277
0.413	0.297625
0.414	0.295961
0.415	0.294283
0.416	0.292592
0.417	0.290886
0.418	0.289166
0.419	0.287431
0.42	0.285681
0.421	0.283916
0.422	0.282134
0.423	0.280337
0.424	0.278523
0.425	0.276692
0.426	0.274843
0.427	0.272977
0.428	0.271092
0.429	0.269189
0.43	0.267267
0.431	0.265326
0.432	0.263364
0.433	0.261382
0.434	0.259379
0.435	0.257355
0.436	0.25531
0.437	0.253242
0.438	0.251151
0.439	0.249037
0.44	0.246899
0.441	0.244737
0.442	0.242551
0.443	0.240339
0.444	0.238101
0.445	0.235837
0.446	0.233546
0.447	0.231228
0.448	0.228881
0.449	0.226506
0.45	0.224102
0.451	0.221668
0.452	0.219204
0.453	0.216708
0.454	0.214181
0.455	0.211622
0.456	0.20903
0.457	0.206404
0.458	0.203744
0.459	0.201049
0.46	0.198318
0.461	0.195551
0.462	0.192748
0.463	0.189906
0.464	0.187026
0.465	0.184107
0.466	0.181148
0.467	0.178149
0.468	0.175108
0.469	0.172025
0.47	0.168899
0.471	0.165729
0.472	0.162514
0.473	0.159255
0.474	0.155949
0.475	0.152596
0.476	0.149195
0.477	0.145745
0.478	0.142246
0.479	0.138696
0.48	0.135095
0.481	0.131441
0.482	0.127735
0.483	0.123974
0.484	0.120158
0.485	0.116286
0.486	0.112357
0.487	0.10837
0.488	0.104324
0.489	0.100218
0.49	0.0960505
0.491	0.0918213
0.492	0.087529
0.493	0.0831726
0.494	0.078751
0.495	0.0742631
0.496	0.0697077
0.497	0.0650839
0.498	0.0603904
0.499	0.0556262
0.5	0.0507901
0.501	0.0556262
0.502	0.0603904
0.503	0.0650839
0.504	0.0697077
0.505	0.0742631
0.506	0.078751
0.507	0.0831726
0.508	0.087529
0.509	0.0918213
0.51	0.0960505
0.511	0.100218
0.512	0.104324
0.513	0.10837
0.514	0.112357
0.515	0.116286
0.516	0.120158
0.517	0.123974
0.518	0.127735
0.519	0.131441
0.52	0.135095
0.521	0.138696
0.522	0.142246
0.523	0.145745
0.524	0.149195
0.525	0.152596
0.526	0.155949
0.527	0.159255
0.528	0.162514
0.529	0.165729
0.53	0.168899
0.531	0.172025
0.532	0.175108
0.533	0.178149
0.534	0.181148
0.535	0.184107
0.536	0.187026
0.537	0.189906
0.538	0.192748
0.539	0.195551
0.54	0.198318
0.541	0.201049
0.542	0.203744
0.543	0.206404
0.544	0.20903
0.545	0.211622
0.546	0.214181
0.547	0.216708
0.548	0.219204
0.549	0.221668
0.55	0.224102
0.551	0.226506
0.552	0.228881
0.553	0.231228
0.554	0.233546
0.555	0.235837
0.556	0.238101
0.557	0.240339
0.558	0.242551
0.559	0.244737
0.56	0.246899
0.561	0.249037
0.562	0.251151
0.563	0.253242
0.564	0.25531
0.565	0.257355
0.566	0.259379
0.567	0.261382
0.568	0.263364
0.569	0.265326
0.57	0.267267
0.571	0.269189
0.572	0.271092
0.573	0.272977
0.574	0.274843
0.575	0.276692
0.576	0.278523
0.577	0.280337
0.578	0.282134
0.579	0.283916
0.58	0.285681
0.581	0.287431
0.582	0.289166
0.583	0.290886
0.584	0.292592
0.585	0.294283
0.586	0.295961
0.587	0.297625
0.588	0.299277
0.589	0.300915
0.59	0.302541
0.591	0.304155
0.592	0.305757
0.593	0.307348
0.594	0.308927
0.595	0.310495
0.596	0.312053
0.597	0.3136
0.598	0.315137
0.599	0.316664
0.6	0.318181
0.601	0.319689
0.602	0.321188
0.603	0.322677
0.604	0.324158
0.605	0.325631
0.606	0.327095
0.607	0.328551
0.608	0.329999
0.609	0.33144
0.61	0.332873
0.611	0.334299
0.612	0.335718
0.613	0.337131
0.614	0.338536
0.615	0.339935
0.616	0.341328
0.617	0.342714
0.618	0.344095
0.619	0.345469
0.62	0.346838
0.621	0.348202
0.622	0.34956
0.623	0.350913
0.624	0.352261
0.625	0.353604
0.626	0.354942
0.627	0.356275
0.628	0.357604
0.629	0.358929
0.63	0.360249
0.631	0.361565
0.632	0.362877
0.633	0.364185
0.634	0.365489
0.635	0.366789
0.636	0.368086
0.637	0.369379
0.638	0.370668
0.639	0.371955
0.64	0.373238
0.641	0.374517
0.642	0.375794
0.643	0.377067
0.644	0.378338
0.645	0.379606
0.646	0.38087
0.647	0.382132
0.648	0.383392
0.649	0.384648
0.65	0.385902
0.651	0.387154
0.652	0.388403
0.653	0.389649
0.654	0.390893
0.655	0.392135
0.656	0.393375
0.657	0.394612
0.658	0.395847
0.659	0.39708
0.66	0.398311
0.661	0.399539
0.662	0.400766
0.663	0.40199
0.664	0.403213
0.665	0.404433
0.666	0.405652
0.667	0.406869
0.668	0.408083
0.669	0.409296
0.67	0.410507
0.671	0.411716
0.672	0.412923
0.673	0.414128
0.674	0.415331
0.675	0.416533
0.676	0.417733
0.677	0.418931
0.678	0.420127
0.679	0.421321
0.68	0.422514
0.681	0.423704
0.682	0.424893
0.683	0.42608
0.684	0.427266
0.685	0.428449
0.686	0.429631
0.687	0.430811
0.688	0.431989
0.689	0.433165
0.69	0.434339
0.691	0.435512
0.692	0.436683
0.693	0.437851
0.694	0.439018
0.695	0.440183
0.696	0.441347
0.697	0.442508
0.698	0.443667
0.699	0.444825
0.7	0.44598
0.701	0.447134
0.702	0.448285
0.703	0.449435
0.704	0.450582
0.705	0.451728
0.706	0.452871
0.707	0.454012
0.708	0.455152
0.709	0.456289
0.71	0.457424
0.711	0.458557
0.712	0.459687
0.713	0.460816
0.714	0.461942
0.715	0.463066
0.716	0.464188
0.717	0.465308
0.718	0.466425
0.719	0.46754
0.72	0.468653
0.721	0.469764
0.722	0.470872
0.723	0.471977
0.724	0.473081
0.725	0.474182
0.726	0.47528
0.727	0.476376
0.728	0.47747
0.729	0.478561
0.73	0.479649
0.731	0.480735
0.732	0.481819
0.733	0.482899
0.734	0.483978
0.735	0.485054
0.736	0.486127
0.737	0.487197
0.738	0.488265
0.739	0.48933
0.74	0.490392
0.741	0.491452
0.742	0.492509
0.743	0.493564
0.744	0.494615
0.745	0.495664
0.746	0.49671
0.747	0.497753
0.748	0.498794
0.749	0.499831
0.75	0.500866
0.751	0.501898
0.752	0.502927
0.753	0.503954
0.754	0.504977
0.755	0.505998
0.756	0.507016
0.757	0.508031
0.758	0.509042
0.759	0.510052
0.76	0.511058
0.761	0.512061
0.762	0.513061
0.763	0.514059
0.764	0.515053
0.765	0.516045
0.766	0.517034
0.767	0.51802
0.768	0.519002
0.769	0.519982
0.77	0.52096
0.771	0.521934
0.772	0.522905
0.773	0.523873
0.774	0.524839
0.775	0.525801
0.776	0.526761
0.777	0.527717
0.778	0.528671
0.779	0.529622
0.78	0.53057
0.781	0.531516
0.782	0.532458
0.783	0.533398
0.784	0.534334
0.785	0.535268
0.786	0.536199
0.787	0.537128
0.788	0.538053
0.789	0.538976
0.79	0.539896
0.791	0.540814
0.792	0.541728
0.793	0.54264
0.794	0.54355
0.795	0.544456
0.796	0.54536
0.797	0.546262
0.798	0.54716
0.799	0.548057
0.8	0.54895
0.801	0.549841
0.802	0.55073
0.803	0.551616
0.804	0.5525
0.805	0.553381
0.806	0.55426
0.807	0.555137
0.808	0.556011
0.809	0.556883
0.81	0.557753
0.811	0.55862
0.812	0.559485
0.813	0.560348
0.814	0.561209
0.815	0.562068
0.816	0.562924
0.817	0.563779
0.818	0.564631
0.819	0.565482
0.82	0.56633
0.821	0.567177
0.822	0.568021
0.823	0.568864
0.824	0.569705
0.825	0.570545
0.826	0.571382
0.827	0.572218
0.828	0.573052
0.829	0.573885
0.83	0.574716
0.831	0.575545
0.832	0.576373
0.833	0.577199
0.834	0.578024
0.835	0.578848
0.836	0.57967
0.837	0.580491
0.838	0.581311
0.839	0.582129
0.84	0.582946
0.841	0.583762
0.842	0.584577
0.843	0.585391
0.844	0.586204
0.845	0.587016
0.846	0.587827
0.847	0.588637
0.848	0.589446
0.849	0.590255
0.85	0.591062
0.851	0.591869
0.852	0.592675
0.853	0.593481
0.854	0.594286
0.855	0.59509
0.856	0.595894
0.857	0.596698
0.858	0.597501
0.859	0.598303
0.86	0.599105
0.861	0.599907
0.862	0.600709
0.863	0.60151
0.864	0.602311
0.865	0.603112
0.866	0.603913
0.867	0.604714
0.868	0.605514
0.869	0.606315
0.87	0.607116
0.871	0.607916
0.872	0.608717
0.873	0.609518
0.874	0.610319
0.875	0.61112
0.876	0.611922
0.877	0.612723
0.878	0.613525
0.879	0.614327
0.88	0.61513
0.881	0.615933
0.882	0.616736
0.883	0.617539
0.884	0.618343
0.885	0.619148
0.886	0.619953
0.887	0.620758
0.888	0.621564
0.889	0.62237
0.89	0.623177
0.891	0.623985
0.892	0.624793
0.893	0.625601
0.894	0.62641
0.895	0.62722
0.896	0.62803
0.897	0.628841
0.898	0.629652
0.899	0.630465
0.9	0.631277
0.901	0.63209
0.902	0.632904
0.903	0.633719
0.904	0.634534
0.905	0.635349
0.906	0.636165
0.907	0.636982
0.908	0.637799
0.909	0.638617
0.91	0.639435
0.911	0.640254
0.912	0.641073
0.913	0.641892
0.914	0.642712
0.915	0.643533
0.916	0.644353
0.917	0.645174
0.918	0.645995
0.919	0.646817
0.92	0.647638
0.921	0.64846
0.922	0.649282
0.923	0.650103
0.924	0.650925
0.925	0.651747
0.926	0.652568
0.927	0.653389
0.928	0.65421
0.929	0.655031
0.93	0.655851
0.931	0.656671
0.932	0.65749
0.933	0.658308
0.934	0.659126
0.935	0.659943
0.936	0.660759
0.937	0.661574
0.938	0.662387
0.939	0.6632
0.94	0.664011
0.941	0.664821
0.942	0.665629
0.943	0.666435
0.944	0.66724
0.945	0.668042
0.946	0.668843
0.947	0.669641
0.948	0.670437
0.949	0.671231
0.95	0.672022
0.951	0.67281
0.952	0.673595
0.953	0.674377
0.954	0.675156
0.955	0.675932
0.956	0.676703
0.957	0.677471
0.958	0.678235
0.959	0.678995
0.96	0.679751
0.961	0.680502
0.962	0.681248
0.963	0.681989
0.964	0.682725
0.965	0.683455
0.966	0.68418
0.967	0.684899
0.968	0.685612
0.969	0.686319
0.97	0.687019
0.971	0.687712
0.972	0.688398
0.973	0.689077
0.974	0.689748
0.975	0.690411
0.976	0.691066
0.977	0.691713
0.978	0.69235
0.979	0.692979
0.98	0.693598
0.981	0.694208
0.982	0.694808
0.983	0.695397
0.984	0.695975
0.985	0.696543
0.986	0.697099
0.987	0.697644
0.988	0.698176
0.989	0.698696
0.99	0.699203
0.991	0.699697
0.992	0.700178
0.993	0.700644
0.994	0.701096
0.995	0.701534
0.996	0.701956
0.997	0.702362
0.998	0.702753
0.999	0.703127
