# Interpolation data for function: sqrt(abs(x-0.5))
0	0.708003
0.001	0.706976
0.002	0.706008
0.003	0.705092
0.004	0.704222
0.005	0.70339
0.006	0.702591
0.007	0.701821
0.008	0.701075
0.009	0.700348
0.01	0.699637
0.011	0.69894
0.012	0.698252
0.013	0.697571
0.014	0.696896
0.015	0.696224
0.016	0.695554
0.017	0.694884
0.018	0.694212
0.019	0.693539
0.02	0.692863
0.021	0.692183
0.022	0.691499
0.023	0.690811
0.024	0.690117
0.025	0.689419
0.026	0.688715
0.027	0.688006
0.028	0.687292
0.029	0.686572
0.03	0.685848
0.031	0.685119
0.032	0.684385
0.033	0.683647
0.034	0.682905
0.035	0.682159
0.036	0.68141
0.037	0.680658
0.038	0.679902
0.039	0.679145
0.04	0.678385
0.041	0.677623
0.042	0.676859
0.043	0.676094
0.044	0.675328
0.045	0.674561
0.046	0.673794
0.047	0.673026
0.048	0.672258
0.049	0.67149
0.05	0.670722
0.051	0.669955
0.052	0.669188
0.053	0.668422
0.054	0.667657
0.055	0.666892
0.056	0.666128
0.057	0.665365
0.058	0.664604
0.059	0.663843
0.06	0.663083
0.061	0.662324
0.062	0.661567
0.063	0.66081
0.064	0.660054
0.065	0.659299
0.066	0.658545
0.067	0.657791
0.068	0.657038
0.069	0.656286
0.07	0.655534
0.071	0.654783
0.072	0.654032
0.073	0.653281
0.074	0.65253
0.075	0.651779
0.076	0.651028
0.077	0.650276
0.078	0.649525
0.079	0.648772
0.08	0.648019
0.081	0.647266
0.082	0.646511
0.083	0.645756
0.084	0.644999
0.085	0.644241
0.086	0.643482
0.087	0.642722
0.088	0.64196
0.089	0.641197
0.09	0.640432
0.091	0.639665
0.092	0.638897
0.093	0.638127
0.094	0.637355
0.095	0.636581
0.096	0.635805
0.097	0.635027
0.098	0.634247
0.099	0.633465
0.1	0.63268
0.101	0.631894
0.102	0.631106
0.103	0.630315
0.104	0.629522
0.105	0.628727
0.106	0.62793
0.107	0.627131
0.108	0.62633
0.109	0.625527
0.11	0.624721
0.111	0.623914
0.112	0.623105
0.113	0.622293
0.114	0.62148
0.115	0.620665
0.116	0.619848
0.117	0.619029
0.118	0.618209
0.119	0.617387
0.12	0.616563
0.121	0.615738
0.122	0.614911
0.123	0.614083
0.124	0.613254
0.125	0.612423
0.126	0.611591
0.127	0.610757
0.128	0.609923
0.129	0.609087
0.13	0.608251
0.131	0.607413
0.132	0.606575
0.133	0.605736
0.134	0.604896
0.135	0.604055
0.136	0.603213
0.137	0.602371
0.138	0.601528
0.139	0.600684
0.14	0.59984
0.141	0.598996
0.142	0.598151
0.143	0.597305
0.144	0.596459
0.145	0.595613
0.146	0.594766
0.147	0.593919
0.148	0.593072
0.149	0.592224
0.15	0.591376
0.151	0.590527
0.152	0.589679
0.153	0.588829
0.154	0.58798
0.155	0.58713
0.156	0.58628
0.157	0.585429
0.158	0.584579
0.159	0.583727
0.16	0.582875
0.161	0.582023
0.162	0.58117
0.163	0.580317
0.164	0.579463
0.165	0.578609
0.166	0.577754
0.167	0.576898
0.168	0.576041
0.169	0.575184
0.17	0.574326
0.171	0.573467
0.172	0.572607
0.173	0.571747
0.174	0.570885
0.175	0.570022
0.176	0.569158
0.177	0.568293
0.178	0.567426
0.179	0.566559
0.18	0.56569
0.181	0.564819
0.182	0.563948
0.183	0.563074
0.184	0.562199
0.185	0.561323
0.186	0.560445
0.187	0.559565
0.188	0.558684
0.189	0.5578
0.19	0.556915
0.191	0.556028
0.192	0.555139
0.193	0.554248
0.194	0.553355
0.195	0.552459
0.196	0.551562
0.197	0.550663
0.198	0.549761
0.199	0.548857
0.2	0.547951
0.201	0.547043
0.202	0.546132
0.203	0.54522
0.204	0.544304
0.205	0.543387
0.206	0.542467
0.207	0.541544
0.208	0.54062
0.209	0.539693
0.21	0.538763
0.211	0.537831
0.212	0.536897
0.213	0.53596
0.214	0.535021
0.215	0.53408
0.216	0.533136
0.217	0.532189
0.218	0.531241
0.219	0.53029
0.22	0.529336
0.221	0.528381
0.222	0.527423
0.223	0.526463
0.224	0.5255
0.225	0.524536
0.226	0.523569
0.227	0.5226
0.228	0.521629
0.229	0.520656
0.23	0.51968
0.231	0.518703
0.232	0.517724
0.233	0.516742
0.234	0.515759
0.235	0.514774
0.236	0.513787
0.237	0.512799
0.238	0.511808
0.239	0.510816
0.24	0.509822
0.241	0.508826
0.242	0.507829
0.243	0.50683
0.244	0.505829
0.245	0.504827
0.246	0.503824
0.247	0.502819
0.248	0.501812
0.249	0.500804
0.25	0.499795
0.251	0.498784
0.252	0.497772
0.253	0.496758
0.254	0.495743
0.255	0.494727
0.256	0.49371
0.257	0.492691
0.258	0.491671
0.259	0.49065
0.26	0.489627
0.261	0.488603
0.262	0.487578
0.263	0.486552
0.264	0.485524
0.265	0.484495
0.266	0.483464
0.267	0.482433
0.268	0.4814
0.269	0.480365
0.27	0.47933
0.271	0.478292
0.272	0.477254
0.273	0.476213
0.274	0.475172
0.275	0.474128
0.276	0.473083
0.277	0.472037
0.278	0.470989
0.279	0.469939
0.28	0.468887
0.281	0.467833
0.282	0.466778
0.283	0.46572
0.284	0.464661
0.285	0.463599
0.286	0.462535
0.287	0.461469
0.288	0.460401
0.289	0.45933
0.29	0.458257
0.291	0.457182
0.292	0.456103
0.293	0.455023
0.294	0.453939
0.295	0.452853
0.296	0.451764
0.297	0.450672
0.298	0.449576
0.299	0.448478
0.3	0.447377
0.301	0.446272
0.302	0.445164
0.303	0.444053
0.304	0.442938
0.305	0.44182
0.306	0.440698
0.307	0.439573
0.308	0.438443
0.309	0.43731
0.31	0.436173
0.311	0.435033
0.312	0.433888
0.313	0.432739
0.314	0.431586
0.315	0.430429
0.316	0.429268
0.317	0.428102
0.318	0.426933
0.319	0.425759
0.32	0.42458
0.321	0.423397
0.322	0.42221
0.323	0.421019
0.324	0.419822
0.325	0.418622
0.326	0.417417
0.327	0.416207
0.328	0.414993
0.329	0.413774
0.33	0.412551
0.331	0.411324
0.332	0.410091
0.333	0.408855
0.334	0.407613
0.335	0.406368
0.336	0.405117
0.337	0.403863
0.338	0.402604
0.339	0.40134
0.34	0.400072
0.341	0.3988
0.342	0.397523
0.343	0.396242
0.344	0.394957
0.345	0.393668
0.346	0.392374
0.347	0.391076
0.348	0.389774
0.349	0.388469
0.35	0.387159
0.351	0.385845
0.352	0.384527
0.353	0.383205
0.354	0.381879
0.355	0.38055
0.356	0.379217
0.357	0.37788
0.358	0.376539
0.359	0.375194
0.36	0.373846
0.361	0.372495
0.362	0.371139
0.363	0.36978
0.364	0.368417
0.365	0.367051
0.366	0.365681
0.367	0.364308
0.368	0.36293
0.369	0.36155
0.37	0.360165
0.371	0.358777
0.372	0.357385
0.373	0.355989
0.374	0.35459
0.375	0.353186
0.376	0.351779
0.377	0.350367
0.378	0.348952
0.379	0.347532
0.38	0.346108
0.381	0.344679
0.382	0.343246
0.383	0.341808
0.384	0.340365
0.385	0.338917
0.386	0.337464
0.387	0.336006
0.388	0.334542
0.389	0.333073
0.39	0.331598
0.391	0.330116
0.392	0.328628
0.393	0.327134
0.394	0.325633
0.395	0.324125
0.396	0.322609
0.397	0.321086
0.398	0.319556
0.399	0.318017
0.4	0.31647
0.401	0.314914
0.402	0.313349
0.403	0.311776
0.404	0.310192
0.405	0.308599
0.406	0.306996
0.407	0.305382
0.408	0.303758
0.409	0.302123
0.41	0.300476
0.411	0.298818
0.412	0.297148
0.413	0.295465
0.414	0.293771
0.415	0.292063
0.416	0.290343
0.417	0.288609
0.418	0.286861
0.419	0.2851
0.42	0.283325
0.421	0.281535
0.422	0.279731
0.423	0.277912
0.424	0.276078
0.425	0.27423
0.426	0.272366
0.427	0.270486
0.428	0.268591
0.429	0.266681
0.43	0.264754
0.431	0.262812
0.432	0.260854
0.433	0.25888
0.434	0.25689
0.435	0.254883
0.436	0.252861
0.437	0.250823
0.438	0.248769
0.439	0.246698
0.44	0.244612
0.441	0.24251
0.442	0.240392
0.443	0.238258
0.444	0.236108
0.445	0.233942
0.446	0.23176
0.447	0.229562
0.448	0.227349
0.449	0.225119
0.45	0.222874
0.451	0.220612
0.452	0.218334
0.453	0.216039
0.454	0.213727
0.455	0.211398
0.456	0.20905
0.457	0.206684
0.458	0.204299
0.459	0.201894
0.46	0.199467
0.461	0.197019
0.462	0.194546
0.463	0.192048
0.464	0.189524
0.465	0.18697
0.466	0.184384
0.467	0.181765
0.468	0.179109
0.469	0.176413
0.47	0.173673
0.471	0.170886
0.472	0.168046
0.473	0.165149
0.474	0.162189
0.475	0.159161
0.476	0.156057
0.477	0.15287
0.478	0.149592
0.479	0.146215
0.48	0.142729
0.481	0.139124
0.482	0.135388
0.483	0.131508
0.484	0.127472
0.485	0.123265
0.486	0.118872
0.487	0.114274
0.488	0.109455
0.489	0.104394
0.49	0.0990703
0.491	0.0934605
0.492	0.08754
0.493	0.0812825
0.494	0.0746596
0.495	0.0676407
0.496	0.0601933
0.497	0.0522823
0.498	0.0438705
0.499	0.0349179
0.5	0.0253819
0.501	0.0349179
0.502	0.0438705
0.503	0.0522823
0.504	0.0601933
0.505	0.0676407
0.506	0.0746596
0.507	0.0812825
0.508	0.08754
0.509	0.0934605
0.51	0.0990703
0.511	0.104394
0.512	0.109455
0.513	0.114274
0.514	0.118872
0.515	0.123265
0.516	0.127472
0.517	0.131508
0.518	0.135388
0.519	0.139124
0.52	0.142729
0.521	0.146215
0.522	0.149592
0.523	0.15287
0.524	0.156057
0.525	0.159161
0.526	0.162189
0.527	0.165149
0.528	0.168046
0.529	0.170886
0.53	0.173673
0.531	0.176413
0.532	0.179109
0.533	0.181765
0.534	0.184384
0.535	0.18697
0.536	0.189524
0.537	0.192048
0.538	0.194546
0.539	0.197019
0.54	0.199467
0.541	0.201894
0.542	0.204299
0.543	0.206684
0.544	0.20905
0.545	0.211398
0.546	0.213727
0.547	0.216039
0.548	0.218334
0.549	0.220612
0.55	0.222874
0.551	0.225119
0.552	0.227349
0.553	0.229562
0.554	0.23176
0.555	0.233942
0.556	0.236108
0.557	0.238258
0.558	0.240392
0.559	0.24251
0.56	0.244612
0.561	0.246698
0.562	0.248769
0.563	0.250823
0.564	0.252861
0.565	0.254883
0.566	0.25689
0.567	0.25888
0.568	0.260854
0.569	0.262812
0.57	0.264754
0.571	0.266681
0.572	0.268591
0.573	0.270486
0.574	0.272366
0.575	0.27423
0.576	0.276078
0.577	0.277912
0.578	0.279731
0.579	0.281535
0.58	0.283325
0.581	0.2851
0.582	0.286861
0.583	0.288609
0.584	0.290343
0.585	0.292063
0.586	0.293771
0.587	0.295465
0.588	0.297148
0.589	0.298818
0.59	0.300476
0.591	0.302123
0.592	0.303758
0.593	0.305382
0.594	0.306996
0.595	0.308599
0.596	0.310192
0.597	0.311776
0.598	0.313349
0.599	0.314914
0.6	0.31647
0.601	0.318017
0.602	0.319556
0.603	0.321086
0.604	0.322609
0.605	0.324125
0.606	0.325633
0.607	0.327134
0.608	0.328628
0.609	0.330116
0.61	0.331598
0.611	0.333073
0.612	0.334542
0.613	0.336006
0.614	0.337464
0.615	0.338917
0.616	0.340365
0.617	0.341808
0.618	0.343246
0.619	0.344679
0.62	0.346108
0.621	0.347532
0.622	0.348952
0.623	0.350367
0.624	0.351779
0.625	0.353186
0.626	0.35459
0.627	0.355989
0.628	0.357385
0.629	0.358777
0.63	0.360165
0.631	0.36155
0.632	0.36293
0.633	0.364308
0.634	0.365681
0.635	0.367051
0.636	0.368417
0.637	0.36978
0.638	0.371139
0.639	0.372495
0.64	0.373846
0.641	0.375194
0.642	0.376539
0.643	0.37788
0.644	0.379217
0.645	0.38055
0.646	0.381879
0.647	0.383205
0.648	0.384527
0.649	0.385845
0.65	0.387159
0.651	0.388469
0.652	0.389774
0.653	0.391076
0.654	0.392374
0.655	0.393668
0.656	0.394957
0.657	0.396242
0.658	0.397523
0.659	0.3988
0.66	0.400072
0.661	0.40134
0.662	0.402604
0.663	0.403863
0.664	0.405117
0.665	0.406368
0.666	0.407613
0.667	0.408855
0.668	0.410091
0.669	0.411324
0.67	0.412551
0.671	0.413774
0.672	0.414993
0.673	0.416207
0.674	0.417417
0.675	0.418622
0.676	0.419822
0.677	0.421019
0.678	0.42221
0.679	0.423397
0.68	0.42458
0.681	0.425759
0.682	0.426933
0.683	0.428102
0.684	0.429268
0.685	0.430429
0.686	0.431586
0.687	0.432739
0.688	0.433888
0.689	0.435033
0.69	0.436173
0.691	0.43731
0.692	0.438443
0.693	0.439573
0.694	0.440698
0.695	0.44182
0.696	0.442938
0.697	0.444053
0.698	0.445164
0.699	0.446272
0.7	0.447377
0.701	0.448478
0.702	0.449576
0.703	0.450672
0.704	0.451764
0.705	0.452853
0.706	0.453939
0.707	0.455023
0.708	0.456103
0.709	0.457182
0.71	0.458257
0.711	0.45933
0.712	0.460401
0.713	0.461469
0.714	0.462535
0.715	0.463599
0.716	0.464661
0.717	0.46572
0.718	0.466778
0.719	0.467833
0.72	0.468887
0.721	0.469939
0.722	0.470989
0.723	0.472037
0.724	0.473083
0.725	0.474128
0.726	0.475172
0.727	0.476213
0.728	0.477254
0.729	0.478292
0.73	0.47933
0.731	0.480365
0.732	0.4814
0.733	0.482433
0.734	0.483464
0.735	0.484495
0.736	0.485524
0.737	0.486552
0.738	0.487578
0.739	0.488603
0.74	0.489627
0.741	0.49065
0.742	0.491671
0.743	0.492691
0.744	0.49371
0.745	0.494727
0.746	0.495743
0.747	0.496758
0.748	0.497772
0.749	0.498784
0.75	0.499795
0.751	0.500804
0.752	0.501812
0.753	0.502819
0.754	0.503824
0.755	0.504827
0.756	0.505829
0.757	0.50683
0.758	0.507829
0.759	0.508826
0.76	0.509822
0.761	0.510816
0.762	0.511808
0.763	0.512799
0.764	0.513787
0.765	0.514774
0.766	0.515759
0.767	0.516742
0.768	0.517724
0.769	0.518703
0.77	0.51968
0.771	0.520656
0.772	0.521629
0.773	0.5226
0.774	0.523569
0.775	0.524536
0.776	0.5255
0.777	0.526463
0.778	0.527423
0.779	0.528381
0.78	0.529336
0.781	0.53029
0.782	0.531241
0.783	0.532189
0.784	0.533136
0.785	0.53408
0.786	0.535021
0.787	0.53596
0.788	0.536897
0.789	0.537831
0.79	0.538763
0.791	0.539693
0.792	0.54062
0.793	0.541544
0.794	0.542467
0.795	0.543387
0.796	0.544304
0.797	0.54522
0.798	0.546132
0.799	0.547043
0.8	0.547951
0.801	0.548857
0.802	0.549761
0.803	0.550663
0.804	0.551562
0.805	0.552459
0.806	0.553355
0.807	0.554248
0.808	0.555139
0.809	0.556028
0.81	0.556915
0.811	0.5578
0.812	0.558684
0.813	0.559565
0.814	0.560445
0.815	0.561323
0.816	0.562199
0.817	0.563074
0.818	0.563948
0.819	0.564819
0.82	0.56569
0.821	0.566559
0.822	0.567426
0.823	0.568293
0.824	0.569158
0.825	0.570022
0.826	0.570885
0.827	0.571747
0.828	0.572607
0.829	0.573467
0.83	0.574326
0.831	0.575184
0.832	0.576041
0.833	0.576898
0.834	0.577754
0.835	0.578609
0.836	0.579463
0.837	0.580317
0.838	0.58117
0.839	0.582023
0.84	0.582875
0.841	0.583727
0.842	0.584579
0.843	0.585429
0.844	0.58628
0.845	0.58713
0.846	0.58798
0.847	0.588829
0.848	0.589679
0.849	0.590527
0.85	0.591376
0.851	0.592224
0.852	0.593072
0.853	0.593919
0.854	0.594766
0.855	0.595613
0.856	0.596459
0.857	0.597305
0.858	0.598151
0.859	0.598996
0.86	0.59984
0.861	0.600684
0.862	0.601528
0.863	0.602371
0.864	0.603213
0.865	0.604055
0.866	0.604896
0.867	0.605736
0.868	0.606575
0.869	0.607413
0.87	0.608251
0.871	0.609087
0.872	0.609923
0.873	0.610757
0.874	0.611591
0.875	0.612423
0.876	0.613254
0.877	0.614083
0.878	0.614911
0.879	0.615738
0.88	0.616563
0.881	0.617387
0.882	0.618209
0.883	0.619029
0.884	0.619848
0.885	0.620665
0.886	0.62148
0.887	0.622293
0.888	0.623105
0.889	0.623914
0.89	0.624721
0.891	0.625527
0.892	0.62633
0.893	0.627131
0.894	0.62793
0.895	0.628727
0.896	0.629522
0.897	0.630315
0.898	0.631106
0.899	0.631894
0.9	0.63268
0.901	0.633465
0.902	0.634247
0.903	0.635027
0.904	0.635805
0.905	0.636581
0.906	0.637355
0.907	0.638127
0.908	0.638897
0.909	0.639665
0.91	0.640432
0.911	0.641197
0.912	0.64196
0.913	0.642722
0.914	0.643482
0.915	0.644241
0.916	0.644999
0.917	0.645756
0.918	0.646511
0.919	0.647266
0.92	0.648019
0.921	0.648772
0.922	0.649525
0.923	0.650276
0.924	0.651028
0.925	0.651779
0.926	0.65253
0.927	0.653281
0.928	0.654032
0.929	0.654783
0.93	0.655534
0.931	0.656286
0.932	0.657038
0.933	0.657791
0.934	0.658545
0.935	0.659299
0.936	0.660054
0.937	0.66081
0.938	0.661567
0.939	0.662324
0.94	0.663083
0.941	0.663843
0.942	0.664604
0.943	0.665365
0.944	0.666128
0.945	0.666892
0.946	0.667657
0.947	0.668422
0.948	0.669188
0.949	0.669955
0.95	0.670722
0.951	0.67149
0.952	0.672258
0.953	0.673026
0.954	0.673794
0.955	0.674561
0.956	0.675328
0.957	0.676094
0.958	0.676859
0.959	0.677623
0.96	0.678385
0.961	0.679145
0.962	0.679902
0.963	0.680658
0.964	0.68141
0.965	0.682159
0.966	0.682905
0.967	0.683647
0.968	0.684385
0.969	0.685119
0.97	0.685848
0.971	0.686572
0.972	0.687292
0.973	0.688006
0.974	0.688715
0.975	0.689419
0.976	0.690117
0.977	0.690811
0.978	0.691499
0.979	0.692183
0.98	0.692863
0.981	0.693539
0.982	0.694212
0.983	0.694884
0.984	0.695554
0.985	0.696224
0.986	0.696896
0.987	0.697571
0.988	0.698252
0.989	0.69894
0.99	0.699637
0.991	0.700348
0.992	0.701075
0.993	0.701821
0.994	0.702591
0.995	0.70339
0.996	0.704222
0.997	0.705092
0.998	0.706008
0.999	0.706976
