# Interpolation data for function: sqrt(abs(x-0.5))
0.5	0.0228157
0.501	0.0333243
0.502	0.0430548
0.503	0.0520752
0.504	0.0604485
0.505	0.068233
0.506	0.0754825
0.507	0.0822464
0.508	0.0885705
0.509	0.0944966
0.51	0.100063
0.511	0.105306
0.512	0.110257
0.513	0.114945
0.514	0.119398
0.515	0.123639
0.516	0.127692
0.517	0.131576
0.518	0.135308
0.519	0.138907
0.52	0.142386
0.521	0.145758
0.522	0.149035
0.523	0.152227
0.524	0.155345
0.525	0.158395
0.526	0.161386
0.527	0.164323
0.528	0.167212
0.529	0.170058
0.53	0.172865
0.531	0.175636
0.532	0.178374
0.533	0.181083
0.534	0.183763
0.535	0.186416
0.536	0.189044
0.537	0.191648
0.538	0.194229
0.539	0.196787
0.54	0.199323
0.541	0.201837
0.542	0.204329
0.543	0.206799
0.544	0.209247
0.545	0.211673
0.546	0.214078
0.547	0.21646
0.548	0.218819
0.549	0.221156
0.55	0.223471
0.551	0.225762
0.552	0.228031
0.553	0.230276
0.554	0.232498
0.555	0.234697
0.556	0.236873
0.557	0.239026
0.558	0.241156
0.559	0.243263
0.56	0.245348
0.561	0.24741
0.562	0.249451
0.563	0.25147
0.564	0.253467
0.565	0.255444
0.566	0.2574
0.567	0.259337
0.568	0.261254
0.569	0.263153
0.57	0.265033
0.571	0.266896
0.572	0.268741
0.573	0.27057
0.574	0.272384
0.575	0.274182
0.576	0.275966
0.577	0.277736
0.578	0.279492
0.579	0.281236
0.58	0.282968
0.581	0.284689
0.582	0.286398
0.583	0.288098
0.584	0.289787
0.585	0.291468
0.586	0.29314
0.587	0.294803
0.588	0.296459
0.589	0.298107
0.59	0.299748
0.591	0.301383
0.592	0.303011
0.593	0.304633
0.594	0.30625
0.595	0.307861
0.596	0.309467
0.597	0.311067
0.598	0.312663
0.599	0.314253
0.6	0.315839
0.601	0.31742
0.602	0.318996
0.603	0.320568
0.604	0.322135
0.605	0.323697
0.606	0.325255
0.607	0.326807
0.608	0.328355
0.609	0.329898
0.61	0.331435
0.611	0.332967
0.612	0.334494
0.613	0.336015
0.614	0.33753
0.615	0.339039
0.616	0.340542
0.617	0.342039
0.618	0.34353
0.619	0.345013
0.62	0.34649
0.621	0.347961
0.622	0.349424
0.623	0.35088
0.624	0.352328
0.625	0.353769
0.626	0.355203
0.627	0.356629
0.628	0.358047
0.629	0.359458
0.63	0.360861
0.631	0.362256
0.632	0.363643
0.633	0.365022
0.634	0.366394
0.635	0.367757
0.636	0.369114
0.637	0.370462
0.638	0.371803
0.639	0.373137
0.64	0.374463
0.641	0.375783
0.642	0.377095
0.643	0.378401
0.644	0.3797
0.645	0.380993
0.646	0.38228
0.647	0.383561
0.648	0.384836
0.649	0.386106
0.65	0.387371
0.651	0.388632
0.652	0.389887
0.653	0.391139
0.654	0.392386
0.655	0.39363
0.656	0.39487
0.657	0.396107
0.658	0.397341
0.659	0.398573
0.66	0.399802
0.661	0.401028
0.662	0.402253
0.663	0.403476
0.664	0.404698
0.665	0.405918
0.666	0.407137
0.667	0.408355
0.668	0.409571
0.669	0.410787
0.67	0.412002
0.671	0.413216
0.672	0.41443
0.673	0.415642
0.674	0.416854
0.675	0.418065
0.676	0.419275
0.677	0.420484
0.678	0.421692
0.679	0.422899
0.68	0.424104
0.681	0.425307
0.682	0.426509
0.683	0.427709
0.684	0.428906
0.685	0.430101
0.686	0.431293
0.687	0.432481
0.688	0.433667
0.689	0.434848
0.69	0.436026
0.691	0.437199
0.692	0.438368
0.693	0.439532
0.694	0.440691
0.695	0.441844
0.696	0.442992
0.697	0.444134
0.698	0.445269
0.699	0.446399
0.7	0.447522
0.701	0.448638
0.702	0.449748
0.703	0.450851
0.704	0.451948
0.705	0.453038
0.706	0.454121
0.707	0.455199
0.708	0.45627
0.709	0.457335
0.71	0.458395
0.711	0.45945
0.712	0.4605
0.713	0.461546
0.714	0.462588
0.715	0.463627
0.716	0.464664
0.717	0.465699
0.718	0.466733
0.719	0.467767
0.72	0.468801
0.721	0.469837
0.722	0.470874
0.723	0.471914
0.724	0.472958
0.725	0.474006
0.726	0.475059
0.727	0.476117
0.728	0.47718
0.729	0.47825
0.73	0.479326
0.731	0.480408
0.732	0.481496
0.733	0.482588
0.734	0.483685
0.735	0.484785
0.736	0.485886
0.737	0.486986
0.738	0.488082
0.739	0.489172
0.74	0.490251
0.741	0.491314
0.742	0.492357
0.743	0.493373
0.744	0.494354
0.745	0.495293
0.746	0.49618
0.747	0.497003
0.748	0.497752
0.749	0.498412
0.75	0.500085
0.751	0.501077
0.752	0.502067
0.753	0.503055
0.754	0.504042
0.755	0.505027
0.756	0.50601
0.757	0.506992
0.758	0.507972
0.759	0.508951
0.76	0.509927
0.761	0.510902
0.762	0.511876
0.763	0.512848
0.764	0.513818
0.765	0.514786
0.766	0.515753
0.767	0.516719
0.768	0.517682
0.769	0.518644
0.77	0.519605
0.771	0.520564
0.772	0.521521
0.773	0.522476
0.774	0.52343
0.775	0.524383
0.776	0.525334
0.777	0.526283
0.778	0.527231
0.779	0.528177
0.78	0.529121
0.781	0.530064
0.782	0.531006
0.783	0.531946
0.784	0.532884
0.785	0.533821
0.786	0.534756
0.787	0.53569
0.788	0.536622
0.789	0.537553
0.79	0.538482
0.791	0.53941
0.792	0.540336
0.793	0.541261
0.794	0.542184
0.795	0.543105
0.796	0.544026
0.797	0.544944
0.798	0.545861
0.799	0.546777
0.8	0.547691
0.801	0.548604
0.802	0.549516
0.803	0.550425
0.804	0.551334
0.805	0.552241
0.806	0.553146
0.807	0.55405
0.808	0.554953
0.809	0.555854
0.81	0.556754
0.811	0.557652
0.812	0.558549
0.813	0.559445
0.814	0.560339
0.815	0.561232
0.816	0.562123
0.817	0.563013
0.818	0.563901
0.819	0.564788
0.82	0.565674
0.821	0.566559
0.822	0.567442
0.823	0.568323
0.824	0.569204
0.825	0.570082
0.826	0.57096
0.827	0.571836
0.828	0.572711
0.829	0.573585
0.83	0.574457
0.831	0.575328
0.832	0.576197
0.833	0.577066
0.834	0.577932
0.835	0.578798
0.836	0.579662
0.837	0.580525
0.838	0.581387
0.839	0.582247
0.84	0.583107
0.841	0.583964
0.842	0.584821
0.843	0.585676
0.844	0.58653
0.845	0.587383
0.846	0.588234
0.847	0.589085
0.848	0.589934
0.849	0.590781
0.85	0.591628
0.851	0.592473
0.852	0.593317
0.853	0.59416
0.854	0.595001
0.855	0.595842
0.856	0.596681
0.857	0.597519
0.858	0.598355
0.859	0.599191
0.86	0.600025
0.861	0.600858
0.862	0.60169
0.863	0.602521
0.864	0.603351
0.865	0.604179
0.866	0.605006
0.867	0.605832
0.868	0.606657
0.869	0.607481
0.87	0.608304
0.871	0.609125
0.872	0.609945
0.873	0.610765
0.874	0.611583
0.875	0.6124
0.876	0.613215
0.877	0.61403
0.878	0.614844
0.879	0.615656
0.88	0.616467
0.881	0.617278
0.882	0.618087
0.883	0.618895
0.884	0.619702
0.885	0.620508
0.886	0.621312
0.887	0.622116
0.888	0.622919
0.889	0.623721
0.89	0.624521
0.891	0.625321
0.892	0.626119
0.893	0.626916
0.894	0.627713
0.895	0.628508
0.896	0.629302
0.897	0.630096
0.898	0.630888
0.899	0.631679
0.9	0.632469
0.901	0.633259
0.902	0.634047
0.903	0.634834
0.904	0.63562
0.905	0.636406
0.906	0.63719
0.907	0.637973
0.908	0.638755
0.909	0.639537
0.91	0.640317
0.911	0.641097
0.912	0.641875
0.913	0.642652
0.914	0.643429
0.915	0.644205
0.916	0.644979
0.917	0.645753
0.918	0.646526
0.919	0.647298
0.92	0.648069
0.921	0.648839
0.922	0.649608
0.923	0.650376
0.924	0.651143
0.925	0.65191
0.926	0.652675
0.927	0.65344
0.928	0.654204
0.929	0.654967
0.93	0.655729
0.931	0.65649
0.932	0.65725
0.933	0.658009
0.934	0.658768
0.935	0.659526
0.936	0.660282
0.937	0.661038
0.938	0.661794
0.939	0.662548
0.94	0.663302
0.941	0.664054
0.942	0.664806
0.943	0.665557
0.944	0.666307
0.945	0.667057
0.946	0.667805
0.947	0.668553
0.948	0.6693
0.949	0.670047
0.95	0.670792
0.951	0.671537
0.952	0.672281
0.953	0.673024
0.954	0.673766
0.955	0.674508
0.956	0.675249
0.957	0.675989
0.958	0.676728
0.959	0.677467
0.96	0.678205
0.961	0.678942
0.962	0.679679
0.963	0.680414
0.964	0.681149
0.965	0.681884
0.966	0.682617
0.967	0.68335
0.968	0.684083
0.969	0.684814
0.97	0.685545
0.971	0.686275
0.972	0.687004
0.973	0.687733
0.974	0.688461
0.975	0.689189
0.976	0.689916
0.977	0.690642
0.978	0.691367
0.979	0.692092
0.98	0.692816
0.981	0.69354
0.982	0.694263
0.983	0.694985
0.984	0.695706
0.985	0.696428
0.986	0.697148
0.987	0.697868
0.988	0.698587
0.989	0.699305
0.99	0.700023
0.991	0.700741
0.992	0.701458
0.993	0.702174
0.994	0.70289
0.995	0.703605
0.996	0.704319
0.997	0.705033
0.998	0.705746
0.999	0.706459
0	0.707172
0.001	0.706459
0.002	0.705746
0.003	0.705033
0.004	0.704319
0.005	0.703605
0.006	0.70289
0.007	0.702174
0.008	0.701458
0.009	0.700741
0.01	0.700023
0.011	0.699305
0.012	0.698587
0.013	0.697868
0.014	0.697148
0.015	0.696428
0.016	0.695706
0.017	0.694985
0.018	0.694263
0.019	0.69354
0.02	0.692816
0.021	0.692092
0.022	0.691367
0.023	0.690642
0.024	0.689916
0.025	0.689189
0.026	0.688461
0.027	0.687733
0.028	0.687004
0.029	0.686275
0.03	0.685545
0.031	0.684814
0.032	0.684083
0.033	0.68335
0.034	0.682617
0.035	0.681884
0.036	0.681149
0.037	0.680414
0.038	0.679679
0.039	0.678942
0.04	0.678205
0.041	0.677467
0.042	0.676728
0.043	0.675989
0.044	0.675249
0.045	0.674508
0.046	0.673766
0.047	0.673024
0.048	0.672281
0.049	0.671537
0.05	0.670792
0.051	0.670047
0.052	0.6693
0.053	0.668553
0.054	0.667805
0.055	0.667057
0.056	0.666307
0.057	0.665557
0.058	0.664806
0.059	0.664054
0.06	0.663302
0.061	0.662548
0.062	0.661794
0.063	0.661038
0.064	0.660282
0.065	0.659526
0.066	0.658768
0.067	0.658009
0.068	0.65725
0.069	0.65649
0.07	0.655729
0.071	0.654967
0.072	0.654204
0.073	0.65344
0.074	0.652675
0.075	0.65191
0.076	0.651143
0.077	0.650376
0.078	0.649608
0.079	0.648839
0.08	0.648069
0.081	0.647298
0.082	0.646526
0.083	0.645753
0.084	0.644979
0.085	0.644205
0.086	0.643429
0.087	0.642652
0.088	0.641875
0.089	0.641097
0.09	0.640317
0.091	0.639537
0.092	0.638755
0.093	0.637973
0.094	0.63719
0.095	0.636406
0.096	0.63562
0.097	0.634834
0.098	0.634047
0.099	0.633259
0.1	0.632469
0.101	0.631679
0.102	0.630888
0.103	0.630096
0.104	0.629302
0.105	0.628508
0.106	0.627713
0.107	0.626916
0.108	0.626119
0.109	0.625321
0.11	0.624521
0.111	0.623721
0.112	0.622919
0.113	0.622116
0.114	0.621312
0.115	0.620508
0.116	0.619702
0.117	0.618895
0.118	0.618087
0.119	0.617278
0.12	0.616467
0.121	0.615656
0.122	0.614844
0.123	0.61403
0.124	0.613215
0.125	0.6124
0.126	0.611583
0.127	0.610765
0.128	0.609945
0.129	0.609125
0.13	0.608304
0.131	0.607481
0.132	0.606657
0.133	0.605832
0.134	0.605006
0.135	0.604179
0.136	0.603351
0.137	0.602521
0.138	0.60169
0.139	0.600858
0.14	0.600025
0.141	0.599191
0.142	0.598355
0.143	0.597519
0.144	0.596681
0.145	0.595842
0.146	0.595001
0.147	0.59416
0.148	0.593317
0.149	0.592473
0.15	0.591628
0.151	0.590781
0.152	0.589934
0.153	0.589085
0.154	0.588234
0.155	0.587383
0.156	0.58653
0.157	0.585676
0.158	0.584821
0.159	0.583964
0.16	0.583107
0.161	0.582247
0.162	0.581387
0.163	0.580525
0.164	0.579662
0.165	0.578798
0.166	0.577932
0.167	0.577066
0.168	0.576197
0.169	0.575328
0.17	0.574457
0.171	0.573585
0.172	0.572711
0.173	0.571836
0.174	0.57096
0.175	0.570082
0.176	0.569204
0.177	0.568323
0.178	0.567442
0.179	0.566559
0.18	0.565674
0.181	0.564788
0.182	0.563901
0.183	0.563013
0.184	0.562123
0.185	0.561232
0.186	0.560339
0.187	0.559445
0.188	0.558549
0.189	0.557652
0.19	0.556754
0.191	0.555854
0.192	0.554953
0.193	0.55405
0.194	0.553146
0.195	0.552241
0.196	0.551334
0.197	0.550425
0.198	0.549516
0.199	0.548604
0.2	0.547691
0.201	0.546777
0.202	0.545861
0.203	0.544944
0.204	0.544026
0.205	0.543105
0.206	0.542184
0.207	0.541261
0.208	0.540336
0.209	0.53941
0.21	0.538482
0.211	0.537553
0.212	0.536622
0.213	0.53569
0.214	0.534756
0.215	0.533821
0.216	0.532884
0.217	0.531946
0.218	0.531006
0.219	0.530064
0.22	0.529121
0.221	0.528177
0.222	0.527231
0.223	0.526283
0.224	0.525334
0.225	0.524383
0.226	0.52343
0.227	0.522476
0.228	0.521521
0.229	0.520564
0.23	0.519605
0.231	0.518644
0.232	0.517682
0.233	0.516719
0.234	0.515753
0.235	0.514786
0.236	0.513818
0.237	0.512848
0.238	0.511876
0.239	0.510902
0.24	0.509927
0.241	0.508951
0.242	0.507972
0.243	0.506992
0.244	0.50601
0.245	0.505027
0.246	0.504042
0.247	0.503055
0.248	0.502067
0.249	0.501077
0.25	0.500865
0.251	0.499431
0.252	0.498112
0.253	0.496887
0.254	0.495739
0.255	0.494651
0.256	0.493609
0.257	0.492602
0.258	0.49162
0.259	0.490654
0.26	0.489698
0.261	0.488745
0.262	0.487792
0.263	0.486835
0.264	0.48587
0.265	0.484897
0.266	0.483913
0.267	0.482917
0.268	0.48191
0.269	0.480891
0.27	0.47986
0.271	0.478818
0.272	0.477765
0.273	0.476703
0.274	0.475632
0.275	0.474553
0.276	0.473467
0.277	0.472375
0.278	0.471278
0.279	0.470178
0.28	0.469074
0.281	0.467968
0.282	0.466861
0.283	0.465753
0.284	0.464645
0.285	0.463537
0.286	0.46243
0.287	0.461324
0.288	0.46022
0.289	0.459117
0.29	0.458016
0.291	0.456917
0.292	0.455819
0.293	0.454723
0.294	0.453628
0.295	0.452534
0.296	0.451441
0.297	0.450349
0.298	0.449257
0.299	0.448165
0.3	0.447072
0.301	0.445978
0.302	0.444883
0.303	0.443785
0.304	0.442686
0.305	0.441584
0.306	0.440479
0.307	0.43937
0.308	0.438258
0.309	0.437141
0.31	0.43602
0.311	0.434894
0.312	0.433763
0.313	0.432627
0.314	0.431485
0.315	0.430337
0.316	0.429184
0.317	0.428024
0.318	0.426859
0.319	0.425687
0.32	0.424509
0.321	0.423326
0.322	0.422136
0.323	0.42094
0.324	0.419738
0.325	0.418531
0.326	0.417318
0.327	0.416099
0.328	0.414876
0.329	0.413647
0.33	0.412413
0.331	0.411175
0.332	0.409932
0.333	0.408685
0.334	0.407434
0.335	0.40618
0.336	0.404922
0.337	0.40366
0.338	0.402396
0.339	0.401128
0.34	0.399858
0.341	0.398586
0.342	0.397311
0.343	0.396034
0.344	0.394755
0.345	0.393474
0.346	0.392191
0.347	0.390906
0.348	0.389619
0.349	0.388331
0.35	0.387041
0.351	0.385749
0.352	0.384455
0.353	0.383159
0.354	0.381861
0.355	0.380561
0.356	0.379259
0.357	0.377954
0.358	0.376647
0.359	0.375337
0.36	0.374023
0.361	0.372707
0.362	0.371386
0.363	0.370062
0.364	0.368734
0.365	0.367401
0.366	0.366064
0.367	0.364722
0.368	0.363374
0.369	0.362021
0.37	0.360662
0.371	0.359297
0.372	0.357926
0.373	0.356547
0.374	0.355162
0.375	0.353769
0.376	0.352369
0.377	0.350961
0.378	0.349545
0.379	0.348121
0.38	0.346689
0.381	0.345248
0.382	0.343798
0.383	0.342339
0.384	0.340872
0.385	0.339395
0.386	0.337909
0.387	0.336414
0.388	0.33491
0.389	0.333397
0.39	0.331875
0.391	0.330344
0.392	0.328803
0.393	0.327254
0.394	0.325696
0.395	0.324129
0.396	0.322554
0.397	0.32097
0.398	0.319378
0.399	0.317778
0.4	0.31617
0.401	0.314554
0.402	0.31293
0.403	0.3113
0.404	0.309662
0.405	0.308017
0.406	0.306365
0.407	0.304706
0.408	0.303041
0.409	0.30137
0.41	0.299691
0.411	0.298007
0.412	0.296316
0.413	0.294619
0.414	0.292916
0.415	0.291206
0.416	0.28949
0.417	0.287767
0.418	0.286038
0.419	0.284301
0.42	0.282557
0.421	0.280806
0.422	0.279046
0.423	0.277279
0.424	0.275502
0.425	0.273716
0.426	0.271921
0.427	0.270115
0.428	0.268297
0.429	0.266469
0.43	0.264627
0.431	0.262773
0.432	0.260905
0.433	0.259021
0.434	0.257123
0.435	0.255208
0.436	0.253275
0.437	0.251324
0.438	0.249354
0.439	0.247365
0.44	0.245354
0.441	0.243321
0.442	0.241266
0.443	0.239188
0.444	0.237085
0.445	0.234957
0.446	0.232804
0.447	0.230624
0.448	0.228417
0.449	0.226183
0.45	0.223921
0.451	0.22163
0.452	0.21931
0.453	0.216962
0.454	0.214584
0.455	0.212177
0.456	0.209741
0.457	0.207275
0.458	0.20478
0.459	0.202255
0.46	0.199702
0.461	0.19712
0.462	0.194509
0.463	0.19187
0.464	0.189202
0.465	0.186506
0.466	0.183782
0.467	0.181029
0.468	0.178247
0.469	0.175435
0.47	0.172592
0.471	0.169717
0.472	0.166808
0.473	0.163862
0.474	0.160877
0.475	0.157849
0.476	0.154772
0.477	0.151641
0.478	0.14845
0.479	0.14519
0.48	0.141852
0.481	0.138424
0.482	0.134894
0.483	0.131247
0.484	0.127464
0.485	0.123527
0.486	0.119413
0.487	0.115096
0.488	0.110547
0.489	0.105733
0.49	0.100616
0.491	0.0951569
0.492	0.0893077
0.493	0.0830171
0.494	0.0762275
0.495	0.0688751
0.496	0.0608891
0.497	0.0521912
0.498	0.0426952
0.499	0.0323059
