# Interpolation data for function: sqrt(abs(x-0.5))
0	0.754246
0.001	0.753115
0.002	0.751984
0.003	0.750852
0.004	0.749721
0.005	0.748589
0.006	0.747458
0.007	0.746327
0.008	0.745195
0.009	0.744064
0.01	0.742933
0.011	0.741801
0.012	0.74067
0.013	0.739539
0.014	0.738407
0.015	0.737276
0.016	0.736144
0.017	0.735013
0.018	0.733882
0.019	0.73275
0.02	0.731619
0.021	0.730488
0.022	0.729356
0.023	0.728225
0.024	0.727094
0.025	0.725962
0.026	0.724831
0.027	0.723699
0.028	0.722568
0.029	0.721437
0.03	0.720305
0.031	0.719174
0.032	0.718043
0.033	0.716911
0.034	0.71578
0.035	0.714649
0.036	0.713517
0.037	0.712386
0.038	0.711254
0.039	0.710123
0.04	0.708992
0.041	0.70786
0.042	0.706729
0.043	0.705598
0.044	0.704466
0.045	0.703335
0.046	0.702203
0.047	0.701072
0.048	0.699941
0.049	0.698809
0.05	0.697678
0.051	0.696547
0.052	0.695415
0.053	0.694284
0.054	0.693153
0.055	0.692021
0.056	0.69089
0.057	0.689758
0.058	0.688627
0.059	0.687496
0.06	0.686364
0.061	0.685233
0.062	0.684102
0.063	0.68297
0.064	0.681839
0.065	0.680708
0.066	0.679576
0.067	0.678445
0.068	0.677313
0.069	0.676182
0.07	0.675051
0.071	0.673919
0.072	0.672788
0.073	0.671657
0.074	0.670525
0.075	0.669394
0.076	0.668263
0.077	0.667131
0.078	0.666
0.079	0.664868
0.08	0.663737
0.081	0.662606
0.082	0.661474
0.083	0.660343
0.084	0.659212
0.085	0.65808
0.086	0.656949
0.087	0.655818
0.088	0.654686
0.089	0.653555
0.09	0.652423
0.091	0.651292
0.092	0.650161
0.093	0.649029
0.094	0.647898
0.095	0.646767
0.096	0.645635
0.097	0.644504
0.098	0.643372
0.099	0.642241
0.1	0.64111
0.101	0.639978
0.102	0.638847
0.103	0.637716
0.104	0.636584
0.105	0.635453
0.106	0.634322
0.107	0.63319
0.108	0.632059
0.109	0.630927
0.11	0.629796
0.111	0.628665
0.112	0.627533
0.113	0.626402
0.114	0.625271
0.115	0.624139
0.116	0.623008
0.117	0.621877
0.118	0.620745
0.119	0.619614
0.12	0.618482
0.121	0.617351
0.122	0.61622
0.123	0.615088
0.124	0.613957
0.125	0.612826
0.126	0.611694
0.127	0.610563
0.128	0.609432
0.129	0.6083
0.13	0.607169
0.131	0.606037
0.132	0.604906
0.133	0.603775
0.134	0.602643
0.135	0.601512
0.136	0.600381
0.137	0.599249
0.138	0.598118
0.139	0.596987
0.14	0.595855
0.141	0.594724
0.142	0.593592
0.143	0.592461
0.144	0.59133
0.145	0.590198
0.146	0.589067
0.147	0.587936
0.148	0.586804
0.149	0.585673
0.15	0.584542
0.151	0.58341
0.152	0.582279
0.153	0.581147
0.154	0.580016
0.155	0.578885
0.156	0.577753
0.157	0.576622
0.158	0.575491
0.159	0.574359
0.16	0.573228
0.161	0.572096
0.162	0.570965
0.163	0.569834
0.164	0.568702
0.165	0.567571
0.166	0.56644
0.167	0.565308
0.168	0.564177
0.169	0.563046
0.17	0.561914
0.171	0.560783
0.172	0.559651
0.173	0.55852
0.174	0.557389
0.175	0.556257
0.176	0.555126
0.177	0.553995
0.178	0.552863
0.179	0.551732
0.18	0.550601
0.181	0.549469
0.182	0.548338
0.183	0.547206
0.184	0.546075
0.185	0.544944
0.186	0.543812
0.187	0.542681
0.188	0.54155
0.189	0.540418
0.19	0.539287
0.191	0.538156
0.192	0.537024
0.193	0.535893
0.194	0.534761
0.195	0.53363
0.196	0.532499
0.197	0.531367
0.198	0.530236
0.199	0.529105
0.2	0.527973
0.201	0.526842
0.202	0.525711
0.203	0.524579
0.204	0.523448
0.205	0.522316
0.206	0.521185
0.207	0.520054
0.208	0.518922
0.209	0.517791
0.21	0.51666
0.211	0.515528
0.212	0.514397
0.213	0.513266
0.214	0.512134
0.215	0.511003
0.216	0.509871
0.217	0.50874
0.218	0.507609
0.219	0.506477
0.22	0.505346
0.221	0.504215
0.222	0.503083
0.223	0.501952
0.224	0.50082
0.225	0.499689
0.226	0.498558
0.227	0.497426
0.228	0.496295
0.229	0.495164
0.23	0.494032
0.231	0.492901
0.232	0.49177
0.233	0.490638
0.234	0.489507
0.235	0.488375
0.236	0.487244
0.237	0.486113
0.238	0.484981
0.239	0.48385
0.24	0.482719
0.241	0.481587
0.242	0.480456
0.243	0.479325
0.244	0.478193
0.245	0.477062
0.246	0.47593
0.247	0.474799
0.248	0.473668
0.249	0.472536
0.25	0.471405
0.251	0.470274
0.252	0.469142
0.253	0.468011
0.254	0.46688
0.255	0.465748
0.256	0.464617
0.257	0.463485
0.258	0.462354
0.259	0.461223
0.26	0.460091
0.261	0.45896
0.262	0.457829
0.263	0.456697
0.264	0.455566
0.265	0.454435
0.266	0.453303
0.267	0.452172
0.268	0.45104
0.269	0.449909
0.27	0.448778
0.271	0.447646
0.272	0.446515
0.273	0.445384
0.274	0.444252
0.275	0.443121
0.276	0.44199
0.277	0.440858
0.278	0.439727
0.279	0.438595
0.28	0.437464
0.281	0.436333
0.282	0.435201
0.283	0.43407
0.284	0.432939
0.285	0.431807
0.286	0.430676
0.287	0.429544
0.288	0.428413
0.289	0.427282
0.29	0.42615
0.291	0.425019
0.292	0.423888
0.293	0.422756
0.294	0.421625
0.295	0.420494
0.296	0.419362
0.297	0.418231
0.298	0.417099
0.299	0.415968
0.3	0.414837
0.301	0.413705
0.302	0.412574
0.303	0.411443
0.304	0.410311
0.305	0.40918
0.306	0.408049
0.307	0.406917
0.308	0.405786
0.309	0.404654
0.31	0.403523
0.311	0.402392
0.312	0.40126
0.313	0.400129
0.314	0.398998
0.315	0.397866
0.316	0.396735
0.317	0.395604
0.318	0.394472
0.319	0.393341
0.32	0.392209
0.321	0.391078
0.322	0.389947
0.323	0.388815
0.324	0.387684
0.325	0.386553
0.326	0.385421
0.327	0.38429
0.328	0.383159
0.329	0.382027
0.33	0.380896
0.331	0.379764
0.332	0.378633
0.333	0.377502
0.334	0.37637
0.335	0.375239
0.336	0.374108
0.337	0.372976
0.338	0.371845
0.339	0.370713
0.34	0.369582
0.341	0.368451
0.342	0.367319
0.343	0.366188
0.344	0.365057
0.345	0.363925
0.346	0.362794
0.347	0.361663
0.348	0.360531
0.349	0.3594
0.35	0.358268
0.351	0.357137
0.352	0.356006
0.353	0.354874
0.354	0.353743
0.355	0.352612
0.356	0.35148
0.357	0.350349
0.358	0.349218
0.359	0.348086
0.36	0.346955
0.361	0.345823
0.362	0.344692
0.363	0.343561
0.364	0.342429
0.365	0.341298
0.366	0.340167
0.367	0.339035
0.368	0.337904
0.369	0.336773
0.37	0.335641
0.371	0.33451
0.372	0.333378
0.373	0.332247
0.374	0.331116
0.375	0.329984
0.376	0.328853
0.377	0.327722
0.378	0.32659
0.379	0.325459
0.38	0.324328
0.381	0.323196
0.382	0.322065
0.383	0.320933
0.384	0.319802
0.385	0.318671
0.386	0.317539
0.387	0.316408
0.388	0.315277
0.389	0.314145
0.39	0.313014
0.391	0.311883
0.392	0.310751
0.393	0.30962
0.394	0.308488
0.395	0.307357
0.396	0.306226
0.397	0.305094
0.398	0.303963
0.399	0.302832
0.4	0.3017
0.401	0.300569
0.402	0.299437
0.403	0.298306
0.404	0.297175
0.405	0.296043
0.406	0.294912
0.407	0.293781
0.408	0.292649
0.409	0.291518
0.41	0.290387
0.411	0.289255
0.412	0.288124
0.413	0.286992
0.414	0.285861
0.415	0.28473
0.416	0.283598
0.417	0.282467
0.418	0.281336
0.419	0.280204
0.42	0.279073
0.421	0.277942
0.422	0.27681
0.423	0.275679
0.424	0.274547
0.425	0.273416
0.426	0.272285
0.427	0.271153
0.428	0.270022
0.429	0.268891
0.43	0.267759
0.431	0.266628
0.432	0.265497
0.433	0.264365
0.434	0.263234
0.435	0.262102
0.436	0.260971
0.437	0.25984
0.438	0.258708
0.439	0.257577
0.44	0.256446
0.441	0.255314
0.442	0.254183
0.443	0.253052
0.444	0.25192
0.445	0.250789
0.446	0.249657
0.447	0.248526
0.448	0.247395
0.449	0.246263
0.45	0.245132
0.451	0.244001
0.452	0.242869
0.453	0.241738
0.454	0.240607
0.455	0.239475
0.456	0.238344
0.457	0.237212
0.458	0.236081
0.459	0.23495
0.46	0.233818
0.461	0.232687
0.462	0.231556
0.463	0.230424
0.464	0.229293
0.465	0.228161
0.466	0.22703
0.467	0.225899
0.468	0.224767
0.469	0.223636
0.47	0.222505
0.471	0.221373
0.472	0.220242
0.473	0.219111
0.474	0.217979
0.475	0.216848
0.476	0.215716
0.477	0.214585
0.478	0.213454
0.479	0.212322
0.48	0.211191
0.481	0.21006
0.482	0.208928
0.483	0.207797
0.484	0.206666
0.485	0.205534
0.486	0.204403
0.487	0.203271
0.488	0.20214
0.489	0.201009
0.49	0.199877
0.491	0.198746
0.492	0.197615
0.493	0.196483
0.494	0.195352
0.495	0.194221
0.496	0.193089
0.497	0.191958
0.498	0.190826
0.499	0.189695
0.5	0.188564
0.501	0.189695
0.502	0.190826
0.503	0.191958
0.504	0.193089
0.505	0.194221
0.506	0.195352
0.507	0.196483
0.508	0.197615
0.509	0.198746
0.51	0.199877
0.511	0.201009
0.512	0.20214
0.513	0.203271
0.514	0.204403
0.515	0.205534
0.516	0.206666
0.517	0.207797
0.518	0.208928
0.519	0.21006
0.52	0.211191
0.521	0.212322
0.522	0.213454
0.523	0.214585
0.524	0.215716
0.525	0.216848
0.526	0.217979
0.527	0.219111
0.528	0.220242
0.529	0.221373
0.53	0.222505
0.531	0.223636
0.532	0.224767
0.533	0.225899
0.534	0.22703
0.535	0.228161
0.536	0.229293
0.537	0.230424
0.538	0.231556
0.539	0.232687
0.54	0.233818
0.541	0.23495
0.542	0.236081
0.543	0.237212
0.544	0.238344
0.545	0.239475
0.546	0.240607
0.547	0.241738
0.548	0.242869
0.549	0.244001
0.55	0.245132
0.551	0.246263
0.552	0.247395
0.553	0.248526
0.554	0.249657
0.555	0.250789
0.556	0.25192
0.557	0.253052
0.558	0.254183
0.559	0.255314
0.56	0.256446
0.561	0.257577
0.562	0.258708
0.563	0.25984
0.564	0.260971
0.565	0.262102
0.566	0.263234
0.567	0.264365
0.568	0.265497
0.569	0.266628
0.57	0.267759
0.571	0.268891
0.572	0.270022
0.573	0.271153
0.574	0.272285
0.575	0.273416
0.576	0.274547
0.577	0.275679
0.578	0.27681
0.579	0.277942
0.58	0.279073
0.581	0.280204
0.582	0.281336
0.583	0.282467
0.584	0.283598
0.585	0.28473
0.586	0.285861
0.587	0.286992
0.588	0.288124
0.589	0.289255
0.59	0.290387
0.591	0.291518
0.592	0.292649
0.593	0.293781
0.594	0.294912
0.595	0.296043
0.596	0.297175
0.597	0.298306
0.598	0.299437
0.599	0.300569
0.6	0.3017
0.601	0.302832
0.602	0.303963
0.603	0.305094
0.604	0.306226
0.605	0.307357
0.606	0.308488
0.607	0.30962
0.608	0.310751
0.609	0.311883
0.61	0.313014
0.611	0.314145
0.612	0.315277
0.613	0.316408
0.614	0.317539
0.615	0.318671
0.616	0.319802
0.617	0.320933
0.618	0.322065
0.619	0.323196
0.62	0.324328
0.621	0.325459
0.622	0.32659
0.623	0.327722
0.624	0.328853
0.625	0.329984
0.626	0.331116
0.627	0.332247
0.628	0.333378
0.629	0.33451
0.63	0.335641
0.631	0.336773
0.632	0.337904
0.633	0.339035
0.634	0.340167
0.635	0.341298
0.636	0.342429
0.637	0.343561
0.638	0.344692
0.639	0.345823
0.64	0.346955
0.641	0.348086
0.642	0.349218
0.643	0.350349
0.644	0.35148
0.645	0.352612
0.646	0.353743
0.647	0.354874
0.648	0.356006
0.649	0.357137
0.65	0.358268
0.651	0.3594
0.652	0.360531
0.653	0.361663
0.654	0.362794
0.655	0.363925
0.656	0.365057
0.657	0.366188
0.658	0.367319
0.659	0.368451
0.66	0.369582
0.661	0.370713
0.662	0.371845
0.663	0.372976
0.664	0.374108
0.665	0.375239
0.666	0.37637
0.667	0.377502
0.668	0.378633
0.669	0.379764
0.67	0.380896
0.671	0.382027
0.672	0.383159
0.673	0.38429
0.674	0.385421
0.675	0.386553
0.676	0.387684
0.677	0.388815
0.678	0.389947
0.679	0.391078
0.68	0.392209
0.681	0.393341
0.682	0.394472
0.683	0.395604
0.684	0.396735
0.685	0.397866
0.686	0.398998
0.687	0.400129
0.688	0.40126
0.689	0.402392
0.69	0.403523
0.691	0.404654
0.692	0.405786
0.693	0.406917
0.694	0.408049
0.695	0.40918
0.696	0.410311
0.697	0.411443
0.698	0.412574
0.699	0.413705
0.7	0.414837
0.701	0.415968
0.702	0.417099
0.703	0.418231
0.704	0.419362
0.705	0.420494
0.706	0.421625
0.707	0.422756
0.708	0.423888
0.709	0.425019
0.71	0.42615
0.711	0.427282
0.712	0.428413
0.713	0.429544
0.714	0.430676
0.715	0.431807
0.716	0.432939
0.717	0.43407
0.718	0.435201
0.719	0.436333
0.72	0.437464
0.721	0.438595
0.722	0.439727
0.723	0.440858
0.724	0.44199
0.725	0.443121
0.726	0.444252
0.727	0.445384
0.728	0.446515
0.729	0.447646
0.73	0.448778
0.731	0.449909
0.732	0.45104
0.733	0.452172
0.734	0.453303
0.735	0.454435
0.736	0.455566
0.737	0.456697
0.738	0.457829
0.739	0.45896
0.74	0.460091
0.741	0.461223
0.742	0.462354
0.743	0.463485
0.744	0.464617
0.745	0.465748
0.746	0.46688
0.747	0.468011
0.748	0.469142
0.749	0.470274
0.75	0.471405
0.751	0.472536
0.752	0.473668
0.753	0.474799
0.754	0.47593
0.755	0.477062
0.756	0.478193
0.757	0.479325
0.758	0.480456
0.759	0.481587
0.76	0.482719
0.761	0.48385
0.762	0.484981
0.763	0.486113
0.764	0.487244
0.765	0.488375
0.766	0.489507
0.767	0.490638
0.768	0.49177
0.769	0.492901
0.77	0.494032
0.771	0.495164
0.772	0.496295
0.773	0.497426
0.774	0.498558
0.775	0.499689
0.776	0.50082
0.777	0.501952
0.778	0.503083
0.779	0.504215
0.78	0.505346
0.781	0.506477
0.782	0.507609
0.783	0.50874
0.784	0.509871
0.785	0.511003
0.786	0.512134
0.787	0.513266
0.788	0.514397
0.789	0.515528
0.79	0.51666
0.791	0.517791
0.792	0.518922
0.793	0.520054
0.794	0.521185
0.795	0.522316
0.796	0.523448
0.797	0.524579
0.798	0.525711
0.799	0.526842
0.8	0.527973
0.801	0.529105
0.802	0.530236
0.803	0.531367
0.804	0.532499
0.805	0.53363
0.806	0.534761
0.807	0.535893
0.808	0.537024
0.809	0.538156
0.81	0.539287
0.811	0.540418
0.812	0.54155
0.813	0.542681
0.814	0.543812
0.815	0.544944
0.816	0.546075
0.817	0.547206
0.818	0.548338
0.819	0.549469
0.82	0.550601
0.821	0.551732
0.822	0.552863
0.823	0.553995
0.824	0.555126
0.825	0.556257
0.826	0.557389
0.827	0.55852
0.828	0.559651
0.829	0.560783
0.83	0.561914
0.831	0.563046
0.832	0.564177
0.833	0.565308
0.834	0.56644
0.835	0.567571
0.836	0.568702
0.837	0.569834
0.838	0.570965
0.839	0.572096
0.84	0.573228
0.841	0.574359
0.842	0.575491
0.843	0.576622
0.844	0.577753
0.845	0.578885
0.846	0.580016
0.847	0.581147
0.848	0.582279
0.849	0.58341
0.85	0.584542
0.851	0.585673
0.852	0.586804
0.853	0.587936
0.854	0.589067
0.855	0.590198
0.856	0.59133
0.857	0.592461
0.858	0.593592
0.859	0.594724
0.86	0.595855
0.861	0.596987
0.862	0.598118
0.863	0.599249
0.864	0.600381
0.865	0.601512
0.866	0.602643
0.867	0.603775
0.868	0.604906
0.869	0.606037
0.87	0.607169
0.871	0.6083
0.872	0.609432
0.873	0.610563
0.874	0.611694
0.875	0.612826
0.876	0.613957
0.877	0.615088
0.878	0.61622
0.879	0.617351
0.88	0.618482
0.881	0.619614
0.882	0.620745
0.883	0.621877
0.884	0.623008
0.885	0.624139
0.886	0.625271
0.887	0.626402
0.888	0.627533
0.889	0.628665
0.89	0.629796
0.891	0.630927
0.892	0.632059
0.893	0.63319
0.894	0.634322
0.895	0.635453
0.896	0.636584
0.897	0.637716
0.898	0.638847
0.899	0.639978
0.9	0.64111
0.901	0.642241
0.902	0.643372
0.903	0.644504
0.904	0.645635
0.905	0.646767
0.906	0.647898
0.907	0.649029
0.908	0.650161
0.909	0.651292
0.91	0.652423
0.911	0.653555
0.912	0.654686
0.913	0.655818
0.914	0.656949
0.915	0.65808
0.916	0.659212
0.917	0.660343
0.918	0.661474
0.919	0.662606
0.92	0.663737
0.921	0.664868
0.922	0.666
0.923	0.667131
0.924	0.668263
0.925	0.669394
0.926	0.670525
0.927	0.671657
0.928	0.672788
0.929	0.673919
0.93	0.675051
0.931	0.676182
0.932	0.677313
0.933	0.678445
0.934	0.679576
0.935	0.680708
0.936	0.681839
0.937	0.68297
0.938	0.684102
0.939	0.685233
0.94	0.686364
0.941	0.687496
0.942	0.688627
0.943	0.689758
0.944	0.69089
0.945	0.692021
0.946	0.693153
0.947	0.694284
0.948	0.695415
0.949	0.696547
0.95	0.697678
0.951	0.698809
0.952	0.699941
0.953	0.701072
0.954	0.702203
0.955	0.703335
0.956	0.704466
0.957	0.705598
0.958	0.706729
0.959	0.70786
0.96	0.708992
0.961	0.710123
0.962	0.711254
0.963	0.712386
0.964	0.713517
0.965	0.714649
0.966	0.71578
0.967	0.716911
0.968	0.718043
0.969	0.719174
0.97	0.720305
0.971	0.721437
0.972	0.722568
0.973	0.723699
0.974	0.724831
0.975	0.725962
0.976	0.727094
0.977	0.728225
0.978	0.729356
0.979	0.730488
0.98	0.731619
0.981	0.73275
0.982	0.733882
0.983	0.735013
0.984	0.736144
0.985	0.737276
0.986	0.738407
0.987	0.739539
0.988	0.74067
0.989	0.741801
0.99	0.742933
0.991	0.744064
0.992	0.745195
0.993	0.746327
0.994	0.747458
0.995	0.748589
0.996	0.749721
0.997	0.750852
0.998	0.751984
0.999	0.753115
