# Interpolation data for function: sqrt(abs(x-0.5))
0	0.709876
0.001	0.708822
0.002	0.707789
0.003	0.706775
0.004	0.70578
0.005	0.704803
0.006	0.703844
0.007	0.702901
0.008	0.701974
0.009	0.701063
0.01	0.700166
0.011	0.699283
0.012	0.698413
0.013	0.697556
0.014	0.696711
0.015	0.695878
0.016	0.695055
0.017	0.694243
0.018	0.693441
0.019	0.692648
0.02	0.691864
0.021	0.691089
0.022	0.690321
0.023	0.68956
0.024	0.688807
0.025	0.68806
0.026	0.687319
0.027	0.686584
0.028	0.685854
0.029	0.685129
0.03	0.684409
0.031	0.683693
0.032	0.682981
0.033	0.682272
0.034	0.681566
0.035	0.680864
0.036	0.680164
0.037	0.679466
0.038	0.67877
0.039	0.678076
0.04	0.677384
0.041	0.676692
0.042	0.676002
0.043	0.675312
0.044	0.674623
0.045	0.673935
0.046	0.673246
0.047	0.672558
0.048	0.671869
0.049	0.67118
0.05	0.67049
0.051	0.6698
0.052	0.669108
0.053	0.668416
0.054	0.667722
0.055	0.667027
0.056	0.666331
0.057	0.665633
0.058	0.664933
0.059	0.664232
0.06	0.663529
0.061	0.662824
0.062	0.662116
0.063	0.661407
0.064	0.660696
0.065	0.659982
0.066	0.659266
0.067	0.658547
0.068	0.657826
0.069	0.657102
0.07	0.656376
0.071	0.655648
0.072	0.654916
0.073	0.654182
0.074	0.653446
0.075	0.652707
0.076	0.651964
0.077	0.65122
0.078	0.650472
0.079	0.649722
0.08	0.648969
0.081	0.648213
0.082	0.647454
0.083	0.646693
0.084	0.645928
0.085	0.645162
0.086	0.644392
0.087	0.643619
0.088	0.642844
0.089	0.642066
0.09	0.641286
0.091	0.640503
0.092	0.639717
0.093	0.638928
0.094	0.638137
0.095	0.637344
0.096	0.636548
0.097	0.635749
0.098	0.634948
0.099	0.634145
0.1	0.633339
0.101	0.632531
0.102	0.631721
0.103	0.630908
0.104	0.630093
0.105	0.629276
0.106	0.628457
0.107	0.627636
0.108	0.626812
0.109	0.625987
0.11	0.62516
0.111	0.624331
0.112	0.623499
0.113	0.622667
0.114	0.621832
0.115	0.620996
0.116	0.620157
0.117	0.619318
0.118	0.618476
0.119	0.617634
0.12	0.616789
0.121	0.615943
0.122	0.615096
0.123	0.614248
0.124	0.613398
0.125	0.612547
0.126	0.611694
0.127	0.610841
0.128	0.609986
0.129	0.60913
0.13	0.608273
0.131	0.607415
0.132	0.606556
0.133	0.605696
0.134	0.604836
0.135	0.603974
0.136	0.603112
0.137	0.602248
0.138	0.601384
0.139	0.60052
0.14	0.599654
0.141	0.598788
0.142	0.597921
0.143	0.597054
0.144	0.596186
0.145	0.595318
0.146	0.594449
0.147	0.59358
0.148	0.59271
0.149	0.59184
0.15	0.590969
0.151	0.590098
0.152	0.589227
0.153	0.588355
0.154	0.587483
0.155	0.58661
0.156	0.585738
0.157	0.584865
0.158	0.583991
0.159	0.583118
0.16	0.582244
0.161	0.58137
0.162	0.580496
0.163	0.579621
0.164	0.578747
0.165	0.577872
0.166	0.576997
0.167	0.576122
0.168	0.575246
0.169	0.574371
0.17	0.573495
0.171	0.572619
0.172	0.571742
0.173	0.570866
0.174	0.569989
0.175	0.569112
0.176	0.568235
0.177	0.567358
0.178	0.56648
0.179	0.565602
0.18	0.564724
0.181	0.563846
0.182	0.562967
0.183	0.562088
0.184	0.561209
0.185	0.560329
0.186	0.559449
0.187	0.558568
0.188	0.557687
0.189	0.556806
0.19	0.555924
0.191	0.555042
0.192	0.554159
0.193	0.553275
0.194	0.552391
0.195	0.551507
0.196	0.550622
0.197	0.549736
0.198	0.548849
0.199	0.547962
0.2	0.547074
0.201	0.546185
0.202	0.545296
0.203	0.544405
0.204	0.543514
0.205	0.542622
0.206	0.541729
0.207	0.540835
0.208	0.53994
0.209	0.539043
0.21	0.538146
0.211	0.537248
0.212	0.536348
0.213	0.535447
0.214	0.534545
0.215	0.533641
0.216	0.532737
0.217	0.53183
0.218	0.530923
0.219	0.530014
0.22	0.529103
0.221	0.528191
0.222	0.527277
0.223	0.526362
0.224	0.525445
0.225	0.524526
0.226	0.523605
0.227	0.522683
0.228	0.521759
0.229	0.520833
0.23	0.519904
0.231	0.518974
0.232	0.518042
0.233	0.517108
0.234	0.516172
0.235	0.515233
0.236	0.514292
0.237	0.513349
0.238	0.512404
0.239	0.511456
0.24	0.510506
0.241	0.509554
0.242	0.508599
0.243	0.507642
0.244	0.506682
0.245	0.505719
0.246	0.504754
0.247	0.503786
0.248	0.502816
0.249	0.501842
0.25	0.500866
0.251	0.499887
0.252	0.498906
0.253	0.497921
0.254	0.496933
0.255	0.495943
0.256	0.494949
0.257	0.493952
0.258	0.492953
0.259	0.49195
0.26	0.490944
0.261	0.489935
0.262	0.488922
0.263	0.487907
0.264	0.486888
0.265	0.485865
0.266	0.48484
0.267	0.483811
0.268	0.482779
0.269	0.481743
0.27	0.480704
0.271	0.479662
0.272	0.478616
0.273	0.477566
0.274	0.476513
0.275	0.475457
0.276	0.474397
0.277	0.473333
0.278	0.472266
0.279	0.471195
0.28	0.47012
0.281	0.469042
0.282	0.467961
0.283	0.466875
0.284	0.465786
0.285	0.464693
0.286	0.463597
0.287	0.462497
0.288	0.461393
0.289	0.460285
0.29	0.459174
0.291	0.458059
0.292	0.45694
0.293	0.455818
0.294	0.454692
0.295	0.453562
0.296	0.452428
0.297	0.451291
0.298	0.45015
0.299	0.449005
0.3	0.447856
0.301	0.446704
0.302	0.445548
0.303	0.444388
0.304	0.443225
0.305	0.442058
0.306	0.440887
0.307	0.439713
0.308	0.438535
0.309	0.437353
0.31	0.436168
0.311	0.434979
0.312	0.433787
0.313	0.432591
0.314	0.431391
0.315	0.430188
0.316	0.428981
0.317	0.427771
0.318	0.426557
0.319	0.42534
0.32	0.42412
0.321	0.422895
0.322	0.421668
0.323	0.420437
0.324	0.419203
0.325	0.417965
0.326	0.416724
0.327	0.41548
0.328	0.414232
0.329	0.412982
0.33	0.411728
0.331	0.41047
0.332	0.40921
0.333	0.407946
0.334	0.406679
0.335	0.405409
0.336	0.404136
0.337	0.40286
0.338	0.401581
0.339	0.400298
0.34	0.399013
0.341	0.397725
0.342	0.396433
0.343	0.395139
0.344	0.393841
0.345	0.392541
0.346	0.391238
0.347	0.389932
0.348	0.388622
0.349	0.38731
0.35	0.385996
0.351	0.384678
0.352	0.383357
0.353	0.382034
0.354	0.380707
0.355	0.379378
0.356	0.378046
0.357	0.376711
0.358	0.375373
0.359	0.374032
0.36	0.372689
0.361	0.371342
0.362	0.369993
0.363	0.368641
0.364	0.367285
0.365	0.365927
0.366	0.364566
0.367	0.363202
0.368	0.361835
0.369	0.360465
0.37	0.359091
0.371	0.357715
0.372	0.356335
0.373	0.354953
0.374	0.353567
0.375	0.352177
0.376	0.350785
0.377	0.349388
0.378	0.347989
0.379	0.346586
0.38	0.345179
0.381	0.343768
0.382	0.342354
0.383	0.340936
0.384	0.339514
0.385	0.338087
0.386	0.336657
0.387	0.335222
0.388	0.333783
0.389	0.332339
0.39	0.330891
0.391	0.329438
0.392	0.32798
0.393	0.326517
0.394	0.325048
0.395	0.323575
0.396	0.322095
0.397	0.32061
0.398	0.319119
0.399	0.317622
0.4	0.316119
0.401	0.314609
0.402	0.313093
0.403	0.311569
0.404	0.310039
0.405	0.308501
0.406	0.306955
0.407	0.305401
0.408	0.30384
0.409	0.30227
0.41	0.300691
0.411	0.299103
0.412	0.297505
0.413	0.295898
0.414	0.294282
0.415	0.292654
0.416	0.291016
0.417	0.289367
0.418	0.287707
0.419	0.286035
0.42	0.284351
0.421	0.282654
0.422	0.280944
0.423	0.279221
0.424	0.277483
0.425	0.275732
0.426	0.273966
0.427	0.272184
0.428	0.270386
0.429	0.268573
0.43	0.266742
0.431	0.264894
0.432	0.263028
0.433	0.261143
0.434	0.25924
0.435	0.257316
0.436	0.255373
0.437	0.253408
0.438	0.251422
0.439	0.249413
0.44	0.247381
0.441	0.245326
0.442	0.243246
0.443	0.241141
0.444	0.23901
0.445	0.236852
0.446	0.234667
0.447	0.232453
0.448	0.230211
0.449	0.227938
0.45	0.225634
0.451	0.223298
0.452	0.22093
0.453	0.218528
0.454	0.216091
0.455	0.213619
0.456	0.21111
0.457	0.208563
0.458	0.205977
0.459	0.203352
0.46	0.200685
0.461	0.197977
0.462	0.195225
0.463	0.192429
0.464	0.189587
0.465	0.186699
0.466	0.183762
0.467	0.180776
0.468	0.177739
0.469	0.174651
0.47	0.171508
0.471	0.168311
0.472	0.165058
0.473	0.161747
0.474	0.158377
0.475	0.154947
0.476	0.151454
0.477	0.147897
0.478	0.144275
0.479	0.140587
0.48	0.136829
0.481	0.133001
0.482	0.129101
0.483	0.125127
0.484	0.121078
0.485	0.116951
0.486	0.112745
0.487	0.108457
0.488	0.104087
0.489	0.0996308
0.49	0.0950879
0.491	0.0904558
0.492	0.0857324
0.493	0.0809157
0.494	0.0760035
0.495	0.0709935
0.496	0.0658836
0.497	0.0606714
0.498	0.0553547
0.499	0.0499311
0.5	0.0507901
0.501	0.0556262
0.502	0.0603904
0.503	0.0650839
0.504	0.0697077
0.505	0.0742631
0.506	0.078751
0.507	0.0831726
0.508	0.087529
0.509	0.0918213
0.51	0.0960505
0.511	0.100218
0.512	0.104324
0.513	0.10837
0.514	0.112357
0.515	0.116286
0.516	0.120158
0.517	0.123974
0.518	0.127735
0.519	0.131441
0.52	0.135095
0.521	0.138696
0.522	0.142246
0.523	0.145745
0.524	0.149195
0.525	0.152596
0.526	0.155949
0.527	0.159255
0.528	0.162514
0.529	0.165729
0.53	0.168899
0.531	0.172025
0.532	0.175108
0.533	0.178149
0.534	0.181148
0.535	0.184107
0.536	0.187026
0.537	0.189906
0.538	0.192748
0.539	0.195551
0.54	0.198318
0.541	0.201049
0.542	0.203744
0.543	0.206404
0.544	0.20903
0.545	0.211622
0.546	0.214181
0.547	0.216708
0.548	0.219204
0.549	0.221668
0.55	0.224102
0.551	0.226506
0.552	0.228881
0.553	0.231228
0.554	0.233546
0.555	0.235837
0.556	0.238101
0.557	0.240339
0.558	0.242551
0.559	0.244737
0.56	0.246899
0.561	0.249037
0.562	0.251151
0.563	0.253242
0.564	0.25531
0.565	0.257355
0.566	0.259379
0.567	0.261382
0.568	0.263364
0.569	0.265326
0.57	0.267267
0.571	0.269189
0.572	0.271092
0.573	0.272977
0.574	0.274843
0.575	0.276692
0.576	0.278523
0.577	0.280337
0.578	0.282134
0.579	0.283916
0.58	0.285681
0.581	0.287431
0.582	0.289166
0.583	0.290886
0.584	0.292592
0.585	0.294283
0.586	0.295961
0.587	0.297625
0.588	0.299277
0.589	0.300915
0.59	0.302541
0.591	0.304155
0.592	0.305757
0.593	0.307348
0.594	0.308927
0.595	0.310495
0.596	0.312053
0.597	0.3136
0.598	0.315137
0.599	0.316664
0.6	0.318181
0.601	0.319689
0.602	0.321188
0.603	0.322677
0.604	0.324158
0.605	0.325631
0.606	0.327095
0.607	0.328551
0.608	0.329999
0.609	0.33144
0.61	0.332873
0.611	0.334299
0.612	0.335718
0.613	0.337131
0.614	0.338536
0.615	0.339935
0.616	0.341328
0.617	0.342714
0.618	0.344095
0.619	0.345469
0.62	0.346838
0.621	0.348202
0.622	0.34956
0.623	0.350913
0.624	0.352261
0.625	0.353604
0.626	0.354942
0.627	0.356275
0.628	0.357604
0.629	0.358929
0.63	0.360249
0.631	0.361565
0.632	0.362877
0.633	0.364185
0.634	0.365489
0.635	0.366789
0.636	0.368086
0.637	0.369379
0.638	0.370668
0.639	0.371955
0.64	0.373238
0.641	0.374517
0.642	0.375794
0.643	0.377067
0.644	0.378338
0.645	0.379606
0.646	0.38087
0.647	0.382132
0.648	0.383392
0.649	0.384648
0.65	0.385902
0.651	0.387154
0.652	0.388403
0.653	0.389649
0.654	0.390893
0.655	0.392135
0.656	0.393375
0.657	0.394612
0.658	0.395847
0.659	0.39708
0.66	0.398311
0.661	0.399539
0.662	0.400766
0.663	0.40199
0.664	0.403213
0.665	0.404433
0.666	0.405652
0.667	0.406869
0.668	0.408083
0.669	0.409296
0.67	0.410507
0.671	0.411716
0.672	0.412923
0.673	0.414128
0.674	0.415331
0.675	0.416533
0.676	0.417733
0.677	0.418931
0.678	0.420127
0.679	0.421321
0.68	0.422514
0.681	0.423704
0.682	0.424893
0.683	0.42608
0.684	0.427266
0.685	0.428449
0.686	0.429631
0.687	0.430811
0.688	0.431989
0.689	0.433165
0.69	0.434339
0.691	0.435512
0.692	0.436683
0.693	0.437851
0.694	0.439018
0.695	0.440183
0.696	0.441347
0.697	0.442508
0.698	0.443667
0.699	0.444825
0.7	0.44598
0.701	0.447134
0.702	0.448285
0.703	0.449435
0.704	0.450582
0.705	0.451728
0.706	0.452871
0.707	0.454012
0.708	0.455152
0.709	0.456289
0.71	0.457424
0.711	0.458557
0.712	0.459687
0.713	0.460816
0.714	0.461942
0.715	0.463066
0.716	0.464188
0.717	0.465308
0.718	0.466425
0.719	0.46754
0.72	0.468653
0.721	0.469764
0.722	0.470872
0.723	0.471977
0.724	0.473081
0.725	0.474182
0.726	0.47528
0.727	0.476376
0.728	0.47747
0.729	0.478561
0.73	0.479649
0.731	0.480735
0.732	0.481819
0.733	0.482899
0.734	0.483978
0.735	0.485054
0.736	0.486127
0.737	0.487197
0.738	0.488265
0.739	0.48933
0.74	0.490392
0.741	0.491452
0.742	0.492509
0.743	0.493564
0.744	0.494615
0.745	0.495664
0.746	0.49671
0.747	0.497753
0.748	0.498794
0.749	0.499831
0.75	0.500866
0.751	0.501898
0.752	0.502927
0.753	0.503954
0.754	0.504977
0.755	0.505998
0.756	0.507016
0.757	0.508031
0.758	0.509042
0.759	0.510052
0.76	0.511058
0.761	0.512061
0.762	0.513061
0.763	0.514059
0.764	0.515053
0.765	0.516045
0.766	0.517034
0.767	0.51802
0.768	0.519002
0.769	0.519982
0.77	0.52096
0.771	0.521934
0.772	0.522905
0.773	0.523873
0.774	0.524839
0.775	0.525801
0.776	0.526761
0.777	0.527717
0.778	0.528671
0.779	0.529622
0.78	0.53057
0.781	0.531516
0.782	0.532458
0.783	0.533398
0.784	0.534334
0.785	0.535268
0.786	0.536199
0.787	0.537128
0.788	0.538053
0.789	0.538976
0.79	0.539896
0.791	0.540814
0.792	0.541728
0.793	0.54264
0.794	0.54355
0.795	0.544456
0.796	0.54536
0.797	0.546262
0.798	0.54716
0.799	0.548057
0.8	0.54895
0.801	0.549841
0.802	0.55073
0.803	0.551616
0.804	0.5525
0.805	0.553381
0.806	0.55426
0.807	0.555137
0.808	0.556011
0.809	0.556883
0.81	0.557753
0.811	0.55862
0.812	0.559485
0.813	0.560348
0.814	0.561209
0.815	0.562068
0.816	0.562924
0.817	0.563779
0.818	0.564631
0.819	0.565482
0.82	0.56633
0.821	0.567177
0.822	0.568021
0.823	0.568864
0.824	0.569705
0.825	0.570545
0.826	0.571382
0.827	0.572218
0.828	0.573052
0.829	0.573885
0.83	0.574716
0.831	0.575545
0.832	0.576373
0.833	0.577199
0.834	0.578024
0.835	0.578848
0.836	0.57967
0.837	0.580491
0.838	0.581311
0.839	0.582129
0.84	0.582946
0.841	0.583762
0.842	0.584577
0.843	0.585391
0.844	0.586204
0.845	0.587016
0.846	0.587827
0.847	0.588637
0.848	0.589446
0.849	0.590255
0.85	0.591062
0.851	0.591869
0.852	0.592675
0.853	0.593481
0.854	0.594286
0.855	0.59509
0.856	0.595894
0.857	0.596698
0.858	0.597501
0.859	0.598303
0.86	0.599105
0.861	0.599907
0.862	0.600709
0.863	0.60151
0.864	0.602311
0.865	0.603112
0.866	0.603913
0.867	0.604714
0.868	0.605514
0.869	0.606315
0.87	0.607116
0.871	0.607916
0.872	0.608717
0.873	0.609518
0.874	0.610319
0.875	0.61112
0.876	0.611922
0.877	0.612723
0.878	0.613525
0.879	0.614327
0.88	0.61513
0.881	0.615933
0.882	0.616736
0.883	0.617539
0.884	0.618343
0.885	0.619148
0.886	0.619953
0.887	0.620758
0.888	0.621564
0.889	0.62237
0.89	0.623177
0.891	0.623985
0.892	0.624793
0.893	0.625601
0.894	0.62641
0.895	0.62722
0.896	0.62803
0.897	0.628841
0.898	0.629652
0.899	0.630465
0.9	0.631277
0.901	0.63209
0.902	0.632904
0.903	0.633719
0.904	0.634534
0.905	0.635349
0.906	0.636165
0.907	0.636982
0.908	0.637799
0.909	0.638617
0.91	0.639435
0.911	0.640254
0.912	0.641073
0.913	0.641892
0.914	0.642712
0.915	0.643533
0.916	0.644353
0.917	0.645174
0.918	0.645995
0.919	0.646817
0.92	0.647638
0.921	0.64846
0.922	0.649282
0.923	0.650103
0.924	0.650925
0.925	0.651747
0.926	0.652568
0.927	0.653389
0.928	0.65421
0.929	0.655031
0.93	0.655851
0.931	0.656671
0.932	0.65749
0.933	0.658308
0.934	0.659126
0.935	0.659943
0.936	0.660759
0.937	0.661574
0.938	0.662387
0.939	0.6632
0.94	0.664011
0.941	0.664821
0.942	0.665629
0.943	0.666435
0.944	0.66724
0.945	0.668042
0.946	0.668843
0.947	0.669641
0.948	0.670437
0.949	0.671231
0.95	0.672022
0.951	0.67281
0.952	0.673595
0.953	0.674377
0.954	0.675156
0.955	0.675932
0.956	0.676703
0.957	0.677471
0.958	0.678235
0.959	0.678995
0.96	0.679751
0.961	0.680502
0.962	0.681248
0.963	0.681989
0.964	0.682725
0.965	0.683455
0.966	0.68418
0.967	0.684899
0.968	0.685612
0.969	0.686319
0.97	0.687019
0.971	0.687712
0.972	0.688398
0.973	0.689077
0.974	0.689748
0.975	0.690411
0.976	0.691066
0.977	0.691713
0.978	0.69235
0.979	0.692979
0.98	0.693598
0.981	0.694208
0.982	0.694808
0.983	0.695397
0.984	0.695975
0.985	0.696543
0.986	0.697099
0.987	0.697644
0.988	0.698176
0.989	0.698696
0.99	0.699203
0.991	0.699697
0.992	0.700178
0.993	0.700644
0.994	0.701096
0.995	0.701534
0.996	0.701956
0.997	0.702362
0.998	0.702753
0.999	0.703127
