# Interpolation data for function: sqrt(abs(x-0.5))
0	0.704922
0.001	0.704557
0.002	0.704164
0.003	0.703746
0.004	0.703303
0.005	0.702836
0.006	0.702347
0.007	0.701837
0.008	0.701306
0.009	0.700756
0.01	0.700189
0.011	0.699604
0.012	0.699003
0.013	0.698387
0.014	0.697756
0.015	0.697112
0.016	0.696455
0.017	0.695786
0.018	0.695106
0.019	0.694416
0.02	0.693716
0.021	0.693006
0.022	0.692288
0.023	0.691563
0.024	0.690829
0.025	0.69009
0.026	0.689344
0.027	0.688592
0.028	0.687835
0.029	0.687073
0.03	0.686307
0.031	0.685537
0.032	0.684763
0.033	0.683986
0.034	0.683206
0.035	0.682424
0.036	0.68164
0.037	0.680854
0.038	0.680066
0.039	0.679277
0.04	0.678487
0.041	0.677696
0.042	0.676905
0.043	0.676113
0.044	0.675321
0.045	0.674529
0.046	0.673737
0.047	0.672945
0.048	0.672154
0.049	0.671363
0.05	0.670573
0.051	0.669783
0.052	0.668995
0.053	0.668207
0.054	0.667421
0.055	0.666635
0.056	0.665851
0.057	0.665068
0.058	0.664286
0.059	0.663505
0.06	0.662726
0.061	0.661948
0.062	0.661171
0.063	0.660396
0.064	0.659621
0.065	0.658849
0.066	0.658077
0.067	0.657307
0.068	0.656538
0.069	0.65577
0.07	0.655003
0.071	0.654238
0.072	0.653474
0.073	0.652711
0.074	0.651948
0.075	0.651187
0.076	0.650427
0.077	0.649667
0.078	0.648909
0.079	0.648151
0.08	0.647394
0.081	0.646637
0.082	0.645881
0.083	0.645126
0.084	0.644371
0.085	0.643616
0.086	0.642861
0.087	0.642107
0.088	0.641353
0.089	0.640599
0.09	0.639845
0.091	0.639091
0.092	0.638336
0.093	0.637582
0.094	0.636827
0.095	0.636072
0.096	0.635316
0.097	0.63456
0.098	0.633803
0.099	0.633046
0.1	0.632287
0.101	0.631528
0.102	0.630768
0.103	0.630008
0.104	0.629246
0.105	0.628483
0.106	0.627719
0.107	0.626954
0.108	0.626187
0.109	0.625419
0.11	0.62465
0.111	0.623879
0.112	0.623107
0.113	0.622333
0.114	0.621558
0.115	0.620781
0.116	0.620003
0.117	0.619222
0.118	0.61844
0.119	0.617656
0.12	0.61687
0.121	0.616082
0.122	0.615293
0.123	0.614501
0.124	0.613707
0.125	0.612911
0.126	0.612113
0.127	0.611313
0.128	0.610511
0.129	0.609707
0.13	0.608901
0.131	0.608092
0.132	0.607281
0.133	0.606468
0.134	0.605652
0.135	0.604835
0.136	0.604014
0.137	0.603192
0.138	0.602368
0.139	0.601541
0.14	0.600711
0.141	0.59988
0.142	0.599046
0.143	0.59821
0.144	0.597371
0.145	0.59653
0.146	0.595687
0.147	0.594842
0.148	0.593994
0.149	0.593144
0.15	0.592292
0.151	0.591437
0.152	0.59058
0.153	0.589721
0.154	0.58886
0.155	0.587996
0.156	0.587131
0.157	0.586263
0.158	0.585393
0.159	0.584521
0.16	0.583646
0.161	0.58277
0.162	0.581891
0.163	0.581011
0.164	0.580129
0.165	0.579244
0.166	0.578358
0.167	0.577469
0.168	0.576579
0.169	0.575687
0.17	0.574793
0.171	0.573897
0.172	0.573
0.173	0.5721
0.174	0.571199
0.175	0.570297
0.176	0.569392
0.177	0.568486
0.178	0.567579
0.179	0.56667
0.18	0.565759
0.181	0.564847
0.182	0.563933
0.183	0.563018
0.184	0.562101
0.185	0.561183
0.186	0.560264
0.187	0.559344
0.188	0.558422
0.189	0.557499
0.19	0.556574
0.191	0.555649
0.192	0.554722
0.193	0.553794
0.194	0.552866
0.195	0.551936
0.196	0.551004
0.197	0.550072
0.198	0.549139
0.199	0.548205
0.2	0.54727
0.201	0.546334
0.202	0.545397
0.203	0.54446
0.204	0.543521
0.205	0.542581
0.206	0.541641
0.207	0.5407
0.208	0.539758
0.209	0.538815
0.21	0.537872
0.211	0.536927
0.212	0.535982
0.213	0.535037
0.214	0.53409
0.215	0.533143
0.216	0.532195
0.217	0.531247
0.218	0.530297
0.219	0.529347
0.22	0.528397
0.221	0.527445
0.222	0.526493
0.223	0.52554
0.224	0.524587
0.225	0.523633
0.226	0.522678
0.227	0.521722
0.228	0.520766
0.229	0.519809
0.23	0.518851
0.231	0.517893
0.232	0.516933
0.233	0.515973
0.234	0.515012
0.235	0.514051
0.236	0.513088
0.237	0.512125
0.238	0.51116
0.239	0.510195
0.24	0.509229
0.241	0.508262
0.242	0.507294
0.243	0.506325
0.244	0.505355
0.245	0.504384
0.246	0.503412
0.247	0.502439
0.248	0.501464
0.249	0.500489
0.25	0.499512
0.251	0.498534
0.252	0.497554
0.253	0.496573
0.254	0.495591
0.255	0.494607
0.256	0.493622
0.257	0.492636
0.258	0.491648
0.259	0.490658
0.26	0.489666
0.261	0.488673
0.262	0.487679
0.263	0.486682
0.264	0.485683
0.265	0.484683
0.266	0.483681
0.267	0.482676
0.268	0.48167
0.269	0.480661
0.27	0.479651
0.271	0.478638
0.272	0.477623
0.273	0.476605
0.274	0.475586
0.275	0.474563
0.276	0.473539
0.277	0.472511
0.278	0.471482
0.279	0.470449
0.28	0.469414
0.281	0.468376
0.282	0.467335
0.283	0.466291
0.284	0.465245
0.285	0.464195
0.286	0.463142
0.287	0.462086
0.288	0.461027
0.289	0.459965
0.29	0.4589
0.291	0.457831
0.292	0.456759
0.293	0.455683
0.294	0.454604
0.295	0.453521
0.296	0.452435
0.297	0.451345
0.298	0.450251
0.299	0.449154
0.3	0.448052
0.301	0.446947
0.302	0.445838
0.303	0.444725
0.304	0.443608
0.305	0.442487
0.306	0.441361
0.307	0.440232
0.308	0.439099
0.309	0.437961
0.31	0.436819
0.311	0.435672
0.312	0.434521
0.313	0.433366
0.314	0.432207
0.315	0.431043
0.316	0.429874
0.317	0.428701
0.318	0.427523
0.319	0.426341
0.32	0.425154
0.321	0.423963
0.322	0.422766
0.323	0.421566
0.324	0.42036
0.325	0.41915
0.326	0.417934
0.327	0.416715
0.328	0.41549
0.329	0.41426
0.33	0.413026
0.331	0.411787
0.332	0.410543
0.333	0.409294
0.334	0.40804
0.335	0.406781
0.336	0.405518
0.337	0.40425
0.338	0.402976
0.339	0.401698
0.34	0.400415
0.341	0.399127
0.342	0.397834
0.343	0.396537
0.344	0.395234
0.345	0.393927
0.346	0.392615
0.347	0.391298
0.348	0.389976
0.349	0.38865
0.35	0.387318
0.351	0.385982
0.352	0.384641
0.353	0.383296
0.354	0.381945
0.355	0.38059
0.356	0.379231
0.357	0.377866
0.358	0.376497
0.359	0.375124
0.36	0.373746
0.361	0.372363
0.362	0.370976
0.363	0.369584
0.364	0.368188
0.365	0.366788
0.366	0.365383
0.367	0.363973
0.368	0.362559
0.369	0.361141
0.37	0.359719
0.371	0.358292
0.372	0.356861
0.373	0.355426
0.374	0.353986
0.375	0.352542
0.376	0.351094
0.377	0.349642
0.378	0.348185
0.379	0.346725
0.38	0.34526
0.381	0.343791
0.382	0.342318
0.383	0.34084
0.384	0.339359
0.385	0.337873
0.386	0.336383
0.387	0.334889
0.388	0.333391
0.389	0.331888
0.39	0.330381
0.391	0.32887
0.392	0.327354
0.393	0.325835
0.394	0.32431
0.395	0.322781
0.396	0.321248
0.397	0.31971
0.398	0.318167
0.399	0.31662
0.4	0.315067
0.401	0.31351
0.402	0.311947
0.403	0.31038
0.404	0.308807
0.405	0.307228
0.406	0.305644
0.407	0.304055
0.408	0.302459
0.409	0.300857
0.41	0.299249
0.411	0.297635
0.412	0.296014
0.413	0.294386
0.414	0.292751
0.415	0.291109
0.416	0.289458
0.417	0.2878
0.418	0.286134
0.419	0.284459
0.42	0.282776
0.421	0.281083
0.422	0.279381
0.423	0.277668
0.424	0.275946
0.425	0.274213
0.426	0.272468
0.427	0.270712
0.428	0.268944
0.429	0.267163
0.43	0.265369
0.431	0.263562
0.432	0.26174
0.433	0.259903
0.434	0.258051
0.435	0.256183
0.436	0.254299
0.437	0.252396
0.438	0.250476
0.439	0.248537
0.44	0.246578
0.441	0.244599
0.442	0.242598
0.443	0.240576
0.444	0.23853
0.445	0.23646
0.446	0.234366
0.447	0.232245
0.448	0.230097
0.449	0.227921
0.45	0.225717
0.451	0.223481
0.452	0.221214
0.453	0.218915
0.454	0.216581
0.455	0.214213
0.456	0.211807
0.457	0.209363
0.458	0.20688
0.459	0.204356
0.46	0.201789
0.461	0.199178
0.462	0.196521
0.463	0.193817
0.464	0.191064
0.465	0.188259
0.466	0.185402
0.467	0.18249
0.468	0.179521
0.469	0.176494
0.47	0.173406
0.471	0.170255
0.472	0.167039
0.473	0.163755
0.474	0.160402
0.475	0.156976
0.476	0.153476
0.477	0.1499
0.478	0.146243
0.479	0.142504
0.48	0.13868
0.481	0.134769
0.482	0.130766
0.483	0.12667
0.484	0.122477
0.485	0.118185
0.486	0.113789
0.487	0.109288
0.488	0.104676
0.489	0.0999517
0.49	0.0951107
0.491	0.0901494
0.492	0.0850641
0.493	0.0798511
0.494	0.0745065
0.495	0.0690263
0.496	0.0634064
0.497	0.0576426
0.498	0.0517305
0.499	0.0456659
0.5	0.0394443
0.501	0.0456659
0.502	0.0517305
0.503	0.0576426
0.504	0.0634064
0.505	0.0690263
0.506	0.0745065
0.507	0.0798511
0.508	0.0850641
0.509	0.0901494
0.51	0.0951107
0.511	0.0999517
0.512	0.104676
0.513	0.109288
0.514	0.113789
0.515	0.118185
0.516	0.122477
0.517	0.12667
0.518	0.130766
0.519	0.134769
0.52	0.13868
0.521	0.142504
0.522	0.146243
0.523	0.1499
0.524	0.153476
0.525	0.156976
0.526	0.160402
0.527	0.163755
0.528	0.167039
0.529	0.170255
0.53	0.173406
0.531	0.176494
0.532	0.179521
0.533	0.18249
0.534	0.185402
0.535	0.188259
0.536	0.191064
0.537	0.193817
0.538	0.196521
0.539	0.199178
0.54	0.201789
0.541	0.204356
0.542	0.20688
0.543	0.209363
0.544	0.211807
0.545	0.214213
0.546	0.216581
0.547	0.218915
0.548	0.221214
0.549	0.223481
0.55	0.225717
0.551	0.227921
0.552	0.230097
0.553	0.232245
0.554	0.234366
0.555	0.23646
0.556	0.23853
0.557	0.240576
0.558	0.242598
0.559	0.244599
0.56	0.246578
0.561	0.248537
0.562	0.250476
0.563	0.252396
0.564	0.254299
0.565	0.256183
0.566	0.258051
0.567	0.259903
0.568	0.26174
0.569	0.263562
0.57	0.265369
0.571	0.267163
0.572	0.268944
0.573	0.270712
0.574	0.272468
0.575	0.274213
0.576	0.275946
0.577	0.277668
0.578	0.279381
0.579	0.281083
0.58	0.282776
0.581	0.284459
0.582	0.286134
0.583	0.2878
0.584	0.289458
0.585	0.291109
0.586	0.292751
0.587	0.294386
0.588	0.296014
0.589	0.297635
0.59	0.299249
0.591	0.300857
0.592	0.302459
0.593	0.304055
0.594	0.305644
0.595	0.307228
0.596	0.308807
0.597	0.31038
0.598	0.311947
0.599	0.31351
0.6	0.315067
0.601	0.31662
0.602	0.318167
0.603	0.31971
0.604	0.321248
0.605	0.322781
0.606	0.32431
0.607	0.325835
0.608	0.327354
0.609	0.32887
0.61	0.330381
0.611	0.331888
0.612	0.333391
0.613	0.334889
0.614	0.336383
0.615	0.337873
0.616	0.339359
0.617	0.34084
0.618	0.342318
0.619	0.343791
0.62	0.34526
0.621	0.346725
0.622	0.348185
0.623	0.349642
0.624	0.351094
0.625	0.352542
0.626	0.353986
0.627	0.355426
0.628	0.356861
0.629	0.358292
0.63	0.359719
0.631	0.361141
0.632	0.362559
0.633	0.363973
0.634	0.365383
0.635	0.366788
0.636	0.368188
0.637	0.369584
0.638	0.370976
0.639	0.372363
0.64	0.373746
0.641	0.375124
0.642	0.376497
0.643	0.377866
0.644	0.379231
0.645	0.38059
0.646	0.381945
0.647	0.383296
0.648	0.384641
0.649	0.385982
0.65	0.387318
0.651	0.38865
0.652	0.389976
0.653	0.391298
0.654	0.392615
0.655	0.393927
0.656	0.395234
0.657	0.396537
0.658	0.397834
0.659	0.399127
0.66	0.400415
0.661	0.401698
0.662	0.402976
0.663	0.40425
0.664	0.405518
0.665	0.406781
0.666	0.40804
0.667	0.409294
0.668	0.410543
0.669	0.411787
0.67	0.413026
0.671	0.41426
0.672	0.41549
0.673	0.416715
0.674	0.417934
0.675	0.41915
0.676	0.42036
0.677	0.421566
0.678	0.422766
0.679	0.423963
0.68	0.425154
0.681	0.426341
0.682	0.427523
0.683	0.428701
0.684	0.429874
0.685	0.431043
0.686	0.432207
0.687	0.433366
0.688	0.434521
0.689	0.435672
0.69	0.436819
0.691	0.437961
0.692	0.439099
0.693	0.440232
0.694	0.441361
0.695	0.442487
0.696	0.443608
0.697	0.444725
0.698	0.445838
0.699	0.446947
0.7	0.448052
0.701	0.449154
0.702	0.450251
0.703	0.451345
0.704	0.452435
0.705	0.453521
0.706	0.454604
0.707	0.455683
0.708	0.456759
0.709	0.457831
0.71	0.4589
0.711	0.459965
0.712	0.461027
0.713	0.462086
0.714	0.463142
0.715	0.464195
0.716	0.465245
0.717	0.466291
0.718	0.467335
0.719	0.468376
0.72	0.469414
0.721	0.470449
0.722	0.471482
0.723	0.472511
0.724	0.473539
0.725	0.474563
0.726	0.475586
0.727	0.476605
0.728	0.477623
0.729	0.478638
0.73	0.479651
0.731	0.480661
0.732	0.48167
0.733	0.482676
0.734	0.483681
0.735	0.484683
0.736	0.485683
0.737	0.486682
0.738	0.487679
0.739	0.488673
0.74	0.489666
0.741	0.490658
0.742	0.491648
0.743	0.492636
0.744	0.493622
0.745	0.494607
0.746	0.495591
0.747	0.496573
0.748	0.497554
0.749	0.498534
0.75	0.499512
0.751	0.500489
0.752	0.501464
0.753	0.502439
0.754	0.503412
0.755	0.504384
0.756	0.505355
0.757	0.506325
0.758	0.507294
0.759	0.508262
0.76	0.509229
0.761	0.510195
0.762	0.51116
0.763	0.512125
0.764	0.513088
0.765	0.514051
0.766	0.515012
0.767	0.515973
0.768	0.516933
0.769	0.517893
0.77	0.518851
0.771	0.519809
0.772	0.520766
0.773	0.521722
0.774	0.522678
0.775	0.523633
0.776	0.524587
0.777	0.52554
0.778	0.526493
0.779	0.527445
0.78	0.528397
0.781	0.529347
0.782	0.530297
0.783	0.531247
0.784	0.532195
0.785	0.533143
0.786	0.53409
0.787	0.535037
0.788	0.535982
0.789	0.536927
0.79	0.537872
0.791	0.538815
0.792	0.539758
0.793	0.5407
0.794	0.541641
0.795	0.542581
0.796	0.543521
0.797	0.54446
0.798	0.545397
0.799	0.546334
0.8	0.54727
0.801	0.548205
0.802	0.549139
0.803	0.550072
0.804	0.551004
0.805	0.551936
0.806	0.552866
0.807	0.553794
0.808	0.554722
0.809	0.555649
0.81	0.556574
0.811	0.557499
0.812	0.558422
0.813	0.559344
0.814	0.560264
0.815	0.561183
0.816	0.562101
0.817	0.563018
0.818	0.563933
0.819	0.564847
0.82	0.565759
0.821	0.56667
0.822	0.567579
0.823	0.568486
0.824	0.569392
0.825	0.570297
0.826	0.571199
0.827	0.5721
0.828	0.573
0.829	0.573897
0.83	0.574793
0.831	0.575687
0.832	0.576579
0.833	0.577469
0.834	0.578358
0.835	0.579244
0.836	0.580129
0.837	0.581011
0.838	0.581891
0.839	0.58277
0.84	0.583646
0.841	0.584521
0.842	0.585393
0.843	0.586263
0.844	0.587131
0.845	0.587996
0.846	0.58886
0.847	0.589721
0.848	0.59058
0.849	0.591437
0.85	0.592292
0.851	0.593144
0.852	0.593994
0.853	0.594842
0.854	0.595687
0.855	0.59653
0.856	0.597371
0.857	0.59821
0.858	0.599046
0.859	0.59988
0.86	0.600711
0.861	0.601541
0.862	0.602368
0.863	0.603192
0.864	0.604014
0.865	0.604835
0.866	0.605652
0.867	0.606468
0.868	0.607281
0.869	0.608092
0.87	0.608901
0.871	0.609707
0.872	0.610511
0.873	0.611313
0.874	0.612113
0.875	0.612911
0.876	0.613707
0.877	0.614501
0.878	0.615293
0.879	0.616082
0.88	0.61687
0.881	0.617656
0.882	0.61844
0.883	0.619222
0.884	0.620003
0.885	0.620781
0.886	0.621558
0.887	0.622333
0.888	0.623107
0.889	0.623879
0.89	0.62465
0.891	0.625419
0.892	0.626187
0.893	0.626954
0.894	0.627719
0.895	0.628483
0.896	0.629246
0.897	0.630008
0.898	0.630768
0.899	0.631528
0.9	0.632287
0.901	0.633046
0.902	0.633803
0.903	0.63456
0.904	0.635316
0.905	0.636072
0.906	0.636827
0.907	0.637582
0.908	0.638336
0.909	0.639091
0.91	0.639845
0.911	0.640599
0.912	0.641353
0.913	0.642107
0.914	0.642861
0.915	0.643616
0.916	0.644371
0.917	0.645126
0.918	0.645881
0.919	0.646637
0.92	0.647394
0.921	0.648151
0.922	0.648909
0.923	0.649667
0.924	0.650427
0.925	0.651187
0.926	0.651948
0.927	0.652711
0.928	0.653474
0.929	0.654238
0.93	0.655003
0.931	0.65577
0.932	0.656538
0.933	0.657307
0.934	0.658077
0.935	0.658849
0.936	0.659621
0.937	0.660396
0.938	0.661171
0.939	0.661948
0.94	0.662726
0.941	0.663505
0.942	0.664286
0.943	0.665068
0.944	0.665851
0.945	0.666635
0.946	0.667421
0.947	0.668207
0.948	0.668995
0.949	0.669783
0.95	0.670573
0.951	0.671363
0.952	0.672154
0.953	0.672945
0.954	0.673737
0.955	0.674529
0.956	0.675321
0.957	0.676113
0.958	0.676905
0.959	0.677696
0.96	0.678487
0.961	0.679277
0.962	0.680066
0.963	0.680854
0.964	0.68164
0.965	0.682424
0.966	0.683206
0.967	0.683986
0.968	0.684763
0.969	0.685537
0.97	0.686307
0.971	0.687073
0.972	0.687835
0.973	0.688592
0.974	0.689344
0.975	0.69009
0.976	0.690829
0.977	0.691563
0.978	0.692288
0.979	0.693006
0.98	0.693716
0.981	0.694416
0.982	0.695106
0.983	0.695786
0.984	0.696455
0.985	0.697112
0.986	0.697756
0.987	0.698387
0.988	0.699003
0.989	0.699604
0.99	0.700189
0.991	0.700756
0.992	0.701306
0.993	0.701837
0.994	0.702347
0.995	0.702836
0.996	0.703303
0.997	0.703746
0.998	0.704164
0.999	0.704557
