# Interpolation data for function: sqrt(abs(x-0.5))
0	0.712049
0.001	0.710986
0.002	0.709935
0.003	0.708895
0.004	0.707866
0.005	0.706847
0.006	0.705838
0.007	0.70484
0.008	0.703851
0.009	0.702871
0.01	0.701902
0.011	0.700941
0.012	0.699989
0.013	0.699047
0.014	0.698112
0.015	0.697186
0.016	0.696269
0.017	0.695359
0.018	0.694457
0.019	0.693563
0.02	0.692676
0.021	0.691796
0.022	0.690923
0.023	0.690057
0.024	0.689198
0.025	0.688346
0.026	0.687499
0.027	0.686659
0.028	0.685825
0.029	0.684997
0.03	0.684174
0.031	0.683357
0.032	0.682545
0.033	0.681738
0.034	0.680936
0.035	0.680139
0.036	0.679347
0.037	0.67856
0.038	0.677776
0.039	0.676997
0.04	0.676222
0.041	0.675451
0.042	0.674684
0.043	0.67392
0.044	0.67316
0.045	0.672404
0.046	0.67165
0.047	0.6709
0.048	0.670153
0.049	0.669408
0.05	0.668666
0.051	0.667927
0.052	0.667191
0.053	0.666456
0.054	0.665724
0.055	0.664994
0.056	0.664266
0.057	0.66354
0.058	0.662816
0.059	0.662093
0.06	0.661372
0.061	0.660653
0.062	0.659934
0.063	0.659217
0.064	0.658501
0.065	0.657787
0.066	0.657073
0.067	0.65636
0.068	0.655647
0.069	0.654935
0.07	0.654224
0.071	0.653514
0.072	0.652803
0.073	0.652093
0.074	0.651383
0.075	0.650674
0.076	0.649964
0.077	0.649254
0.078	0.648544
0.079	0.647834
0.08	0.647124
0.081	0.646413
0.082	0.645702
0.083	0.64499
0.084	0.644278
0.085	0.643565
0.086	0.642852
0.087	0.642137
0.088	0.641422
0.089	0.640706
0.09	0.639989
0.091	0.63927
0.092	0.638551
0.093	0.637831
0.094	0.637109
0.095	0.636386
0.096	0.635662
0.097	0.634937
0.098	0.63421
0.099	0.633481
0.1	0.632751
0.101	0.63202
0.102	0.631286
0.103	0.630552
0.104	0.629815
0.105	0.629077
0.106	0.628337
0.107	0.627595
0.108	0.626851
0.109	0.626105
0.11	0.625358
0.111	0.624608
0.112	0.623857
0.113	0.623103
0.114	0.622347
0.115	0.621589
0.116	0.620829
0.117	0.620067
0.118	0.619303
0.119	0.618536
0.12	0.617767
0.121	0.616996
0.122	0.616223
0.123	0.615447
0.124	0.614669
0.125	0.613889
0.126	0.613106
0.127	0.612321
0.128	0.611533
0.129	0.610743
0.13	0.609951
0.131	0.609156
0.132	0.608358
0.133	0.607558
0.134	0.606756
0.135	0.605951
0.136	0.605143
0.137	0.604333
0.138	0.603521
0.139	0.602705
0.14	0.601888
0.141	0.601067
0.142	0.600245
0.143	0.599419
0.144	0.598591
0.145	0.59776
0.146	0.596927
0.147	0.596092
0.148	0.595253
0.149	0.594412
0.15	0.593569
0.151	0.592722
0.152	0.591874
0.153	0.591022
0.154	0.590168
0.155	0.589312
0.156	0.588453
0.157	0.587591
0.158	0.586727
0.159	0.58586
0.16	0.584991
0.161	0.584119
0.162	0.583245
0.163	0.582368
0.164	0.581488
0.165	0.580606
0.166	0.579722
0.167	0.578835
0.168	0.577946
0.169	0.577054
0.17	0.576159
0.171	0.575262
0.172	0.574363
0.173	0.573462
0.174	0.572557
0.175	0.571651
0.176	0.570742
0.177	0.569831
0.178	0.568917
0.179	0.568002
0.18	0.567083
0.181	0.566163
0.182	0.56524
0.183	0.564315
0.184	0.563388
0.185	0.562458
0.186	0.561527
0.187	0.560593
0.188	0.559656
0.189	0.558718
0.19	0.557778
0.191	0.556835
0.192	0.555891
0.193	0.554944
0.194	0.553995
0.195	0.553044
0.196	0.552091
0.197	0.551137
0.198	0.55018
0.199	0.549221
0.2	0.54826
0.201	0.547298
0.202	0.546333
0.203	0.545366
0.204	0.544398
0.205	0.543428
0.206	0.542456
0.207	0.541482
0.208	0.540507
0.209	0.539529
0.21	0.53855
0.211	0.537569
0.212	0.536587
0.213	0.535603
0.214	0.534617
0.215	0.53363
0.216	0.532641
0.217	0.53165
0.218	0.530658
0.219	0.529664
0.22	0.528669
0.221	0.527672
0.222	0.526674
0.223	0.525674
0.224	0.524673
0.225	0.52367
0.226	0.522666
0.227	0.52166
0.228	0.520654
0.229	0.519645
0.23	0.518636
0.231	0.517625
0.232	0.516613
0.233	0.515599
0.234	0.514585
0.235	0.513569
0.236	0.512552
0.237	0.511533
0.238	0.510514
0.239	0.509493
0.24	0.508471
0.241	0.507448
0.242	0.506423
0.243	0.505398
0.244	0.504371
0.245	0.503344
0.246	0.502315
0.247	0.501285
0.248	0.500255
0.249	0.499223
0.25	0.49819
0.251	0.497156
0.252	0.496121
0.253	0.495085
0.254	0.494048
0.255	0.49301
0.256	0.491971
0.257	0.490931
0.258	0.48989
0.259	0.488848
0.26	0.487805
0.261	0.486762
0.262	0.485717
0.263	0.484671
0.264	0.483625
0.265	0.482577
0.266	0.481529
0.267	0.480479
0.268	0.479429
0.269	0.478378
0.27	0.477326
0.271	0.476272
0.272	0.475218
0.273	0.474163
0.274	0.473107
0.275	0.47205
0.276	0.470993
0.277	0.469934
0.278	0.468874
0.279	0.467813
0.28	0.466752
0.281	0.465689
0.282	0.464625
0.283	0.46356
0.284	0.462495
0.285	0.461428
0.286	0.46036
0.287	0.459291
0.288	0.458221
0.289	0.45715
0.29	0.456078
0.291	0.455004
0.292	0.45393
0.293	0.452854
0.294	0.451777
0.295	0.450699
0.296	0.44962
0.297	0.448539
0.298	0.447458
0.299	0.446374
0.3	0.44529
0.301	0.444204
0.302	0.443117
0.303	0.442028
0.304	0.440938
0.305	0.439846
0.306	0.438753
0.307	0.437658
0.308	0.436562
0.309	0.435464
0.31	0.434365
0.311	0.433263
0.312	0.43216
0.313	0.431055
0.314	0.429948
0.315	0.42884
0.316	0.427729
0.317	0.426617
0.318	0.425502
0.319	0.424386
0.32	0.423267
0.321	0.422146
0.322	0.421023
0.323	0.419897
0.324	0.41877
0.325	0.417639
0.326	0.416507
0.327	0.415372
0.328	0.414234
0.329	0.413094
0.33	0.41195
0.331	0.410805
0.332	0.409656
0.333	0.408504
0.334	0.40735
0.335	0.406192
0.336	0.405031
0.337	0.403867
0.338	0.4027
0.339	0.40153
0.34	0.400356
0.341	0.399178
0.342	0.397997
0.343	0.396812
0.344	0.395624
0.345	0.394431
0.346	0.393235
0.347	0.392035
0.348	0.39083
0.349	0.389622
0.35	0.388409
0.351	0.387191
0.352	0.385969
0.353	0.384743
0.354	0.383512
0.355	0.382276
0.356	0.381035
0.357	0.379789
0.358	0.378538
0.359	0.377282
0.36	0.37602
0.361	0.374753
0.362	0.37348
0.363	0.372202
0.364	0.370918
0.365	0.369628
0.366	0.368331
0.367	0.367029
0.368	0.36572
0.369	0.364405
0.37	0.363084
0.371	0.361755
0.372	0.36042
0.373	0.359078
0.374	0.357729
0.375	0.356372
0.376	0.355008
0.377	0.353637
0.378	0.352258
0.379	0.350871
0.38	0.349476
0.381	0.348073
0.382	0.346662
0.383	0.345242
0.384	0.343813
0.385	0.342376
0.386	0.34093
0.387	0.339475
0.388	0.338011
0.389	0.336537
0.39	0.335054
0.391	0.333561
0.392	0.332058
0.393	0.330545
0.394	0.329021
0.395	0.327488
0.396	0.325943
0.397	0.324388
0.398	0.322822
0.399	0.321244
0.4	0.319655
0.401	0.318054
0.402	0.316442
0.403	0.314818
0.404	0.313181
0.405	0.311532
0.406	0.309871
0.407	0.308197
0.408	0.306509
0.409	0.304809
0.41	0.303095
0.411	0.301367
0.412	0.299626
0.413	0.29787
0.414	0.2961
0.415	0.294316
0.416	0.292516
0.417	0.290702
0.418	0.288872
0.419	0.287027
0.42	0.285167
0.421	0.28329
0.422	0.281397
0.423	0.279488
0.424	0.277562
0.425	0.275619
0.426	0.273658
0.427	0.271681
0.428	0.269685
0.429	0.267672
0.43	0.26564
0.431	0.26359
0.432	0.261521
0.433	0.259433
0.434	0.257326
0.435	0.255199
0.436	0.253052
0.437	0.250885
0.438	0.248698
0.439	0.24649
0.44	0.244261
0.441	0.24201
0.442	0.239738
0.443	0.237444
0.444	0.235128
0.445	0.232789
0.446	0.230427
0.447	0.228043
0.448	0.225635
0.449	0.223203
0.45	0.220747
0.451	0.218266
0.452	0.215761
0.453	0.213231
0.454	0.210675
0.455	0.208094
0.456	0.205486
0.457	0.202853
0.458	0.200192
0.459	0.197505
0.46	0.19479
0.461	0.192047
0.462	0.189276
0.463	0.186477
0.464	0.183649
0.465	0.180791
0.466	0.177904
0.467	0.174987
0.468	0.17204
0.469	0.169063
0.47	0.166054
0.471	0.163013
0.472	0.159941
0.473	0.156837
0.474	0.1537
0.475	0.15053
0.476	0.147327
0.477	0.14409
0.478	0.140819
0.479	0.137513
0.48	0.134172
0.481	0.130796
0.482	0.127384
0.483	0.123936
0.484	0.120451
0.485	0.116929
0.486	0.11337
0.487	0.109773
0.488	0.106137
0.489	0.102463
0.49	0.0987488
0.491	0.0949955
0.492	0.091202
0.493	0.0873679
0.494	0.0834928
0.495	0.0795762
0.496	0.0756177
0.497	0.0716168
0.498	0.0675729
0.499	0.0634858
0.5	0.0714369
0.501	0.074853
0.502	0.0782453
0.503	0.0816139
0.504	0.084959
0.505	0.0882807
0.506	0.0915791
0.507	0.0948545
0.508	0.0981069
0.509	0.101337
0.51	0.104544
0.511	0.107728
0.512	0.11089
0.513	0.11403
0.514	0.117148
0.515	0.120244
0.516	0.123319
0.517	0.126372
0.518	0.129403
0.519	0.132413
0.52	0.135402
0.521	0.138369
0.522	0.141316
0.523	0.144242
0.524	0.147148
0.525	0.150033
0.526	0.152898
0.527	0.155743
0.528	0.158567
0.529	0.161372
0.53	0.164157
0.531	0.166922
0.532	0.169668
0.533	0.172395
0.534	0.175102
0.535	0.17779
0.536	0.18046
0.537	0.18311
0.538	0.185742
0.539	0.188356
0.54	0.190951
0.541	0.193528
0.542	0.196086
0.543	0.198627
0.544	0.20115
0.545	0.203655
0.546	0.206143
0.547	0.208613
0.548	0.211065
0.549	0.213501
0.55	0.21592
0.551	0.218321
0.552	0.220706
0.553	0.223074
0.554	0.225426
0.555	0.227761
0.556	0.23008
0.557	0.232382
0.558	0.234669
0.559	0.23694
0.56	0.239195
0.561	0.241434
0.562	0.243657
0.563	0.245866
0.564	0.248059
0.565	0.250237
0.566	0.252399
0.567	0.254547
0.568	0.25668
0.569	0.258798
0.57	0.260902
0.571	0.262991
0.572	0.265066
0.573	0.267127
0.574	0.269174
0.575	0.271206
0.576	0.273225
0.577	0.27523
0.578	0.277222
0.579	0.279199
0.58	0.281164
0.581	0.283115
0.582	0.285053
0.583	0.286978
0.584	0.28889
0.585	0.290789
0.586	0.292676
0.587	0.294549
0.588	0.296411
0.589	0.29826
0.59	0.300096
0.591	0.301921
0.592	0.303733
0.593	0.305534
0.594	0.307322
0.595	0.309099
0.596	0.310864
0.597	0.312618
0.598	0.31436
0.599	0.316091
0.6	0.317811
0.601	0.319519
0.602	0.321217
0.603	0.322904
0.604	0.32458
0.605	0.326245
0.606	0.3279
0.607	0.329544
0.608	0.331178
0.609	0.332801
0.61	0.334414
0.611	0.336018
0.612	0.337611
0.613	0.339194
0.614	0.340768
0.615	0.342331
0.616	0.343886
0.617	0.34543
0.618	0.346966
0.619	0.348492
0.62	0.350009
0.621	0.351516
0.622	0.353015
0.623	0.354505
0.624	0.355986
0.625	0.357458
0.626	0.358921
0.627	0.360376
0.628	0.361822
0.629	0.36326
0.63	0.36469
0.631	0.366112
0.632	0.367525
0.633	0.368931
0.634	0.370328
0.635	0.371718
0.636	0.3731
0.637	0.374474
0.638	0.37584
0.639	0.3772
0.64	0.378551
0.641	0.379896
0.642	0.381233
0.643	0.382563
0.644	0.383885
0.645	0.385201
0.646	0.38651
0.647	0.387812
0.648	0.389108
0.649	0.390396
0.65	0.391678
0.651	0.392954
0.652	0.394223
0.653	0.395486
0.654	0.396742
0.655	0.397993
0.656	0.399237
0.657	0.400475
0.658	0.401707
0.659	0.402934
0.66	0.404154
0.661	0.405369
0.662	0.406578
0.663	0.407781
0.664	0.408979
0.665	0.410172
0.666	0.411359
0.667	0.41254
0.668	0.413717
0.669	0.414888
0.67	0.416055
0.671	0.417216
0.672	0.418372
0.673	0.419524
0.674	0.42067
0.675	0.421812
0.676	0.42295
0.677	0.424082
0.678	0.42521
0.679	0.426334
0.68	0.427453
0.681	0.428568
0.682	0.429678
0.683	0.430785
0.684	0.431887
0.685	0.432985
0.686	0.434079
0.687	0.435169
0.688	0.436255
0.689	0.437337
0.69	0.438416
0.691	0.439491
0.692	0.440562
0.693	0.441629
0.694	0.442693
0.695	0.443754
0.696	0.444811
0.697	0.445864
0.698	0.446915
0.699	0.447962
0.7	0.449005
0.701	0.450046
0.702	0.451084
0.703	0.452118
0.704	0.45315
0.705	0.454178
0.706	0.455204
0.707	0.456227
0.708	0.457247
0.709	0.458265
0.71	0.459279
0.711	0.460291
0.712	0.461301
0.713	0.462308
0.714	0.463312
0.715	0.464314
0.716	0.465314
0.717	0.466311
0.718	0.467306
0.719	0.468299
0.72	0.46929
0.721	0.470278
0.722	0.471264
0.723	0.472249
0.724	0.473231
0.725	0.474211
0.726	0.475189
0.727	0.476166
0.728	0.47714
0.729	0.478113
0.73	0.479084
0.731	0.480053
0.732	0.481021
0.733	0.481987
0.734	0.482951
0.735	0.483914
0.736	0.484875
0.737	0.485834
0.738	0.486793
0.739	0.487749
0.74	0.488705
0.741	0.489659
0.742	0.490612
0.743	0.491563
0.744	0.492513
0.745	0.493462
0.746	0.49441
0.747	0.495357
0.748	0.496302
0.749	0.497246
0.75	0.49819
0.751	0.499132
0.752	0.500073
0.753	0.501014
0.754	0.501953
0.755	0.502892
0.756	0.503829
0.757	0.504766
0.758	0.505702
0.759	0.506637
0.76	0.507571
0.761	0.508505
0.762	0.509438
0.763	0.51037
0.764	0.511301
0.765	0.512232
0.766	0.513162
0.767	0.514092
0.768	0.515021
0.769	0.515949
0.77	0.516877
0.771	0.517805
0.772	0.518732
0.773	0.519658
0.774	0.520584
0.775	0.521509
0.776	0.522434
0.777	0.523359
0.778	0.524283
0.779	0.525207
0.78	0.526131
0.781	0.527054
0.782	0.527976
0.783	0.528899
0.784	0.529821
0.785	0.530743
0.786	0.531665
0.787	0.532586
0.788	0.533507
0.789	0.534428
0.79	0.535349
0.791	0.536269
0.792	0.537189
0.793	0.538109
0.794	0.539029
0.795	0.539949
0.796	0.540868
0.797	0.541788
0.798	0.542707
0.799	0.543626
0.8	0.544545
0.801	0.545463
0.802	0.546382
0.803	0.547301
0.804	0.548219
0.805	0.549137
0.806	0.550055
0.807	0.550973
0.808	0.551891
0.809	0.552809
0.81	0.553727
0.811	0.554644
0.812	0.555562
0.813	0.556479
0.814	0.557396
0.815	0.558313
0.816	0.55923
0.817	0.560147
0.818	0.561064
0.819	0.561981
0.82	0.562897
0.821	0.563814
0.822	0.56473
0.823	0.565646
0.824	0.566562
0.825	0.567478
0.826	0.568394
0.827	0.569309
0.828	0.570225
0.829	0.57114
0.83	0.572055
0.831	0.57297
0.832	0.573884
0.833	0.574799
0.834	0.575713
0.835	0.576627
0.836	0.577541
0.837	0.578454
0.838	0.579367
0.839	0.58028
0.84	0.581193
0.841	0.582105
0.842	0.583017
0.843	0.583928
0.844	0.58484
0.845	0.585751
0.846	0.586661
0.847	0.587571
0.848	0.588481
0.849	0.58939
0.85	0.590299
0.851	0.591207
0.852	0.592115
0.853	0.593022
0.854	0.593929
0.855	0.594835
0.856	0.59574
0.857	0.596645
0.858	0.59755
0.859	0.598453
0.86	0.599356
0.861	0.600259
0.862	0.60116
0.863	0.602061
0.864	0.602961
0.865	0.60386
0.866	0.604759
0.867	0.605656
0.868	0.606553
0.869	0.607449
0.87	0.608344
0.871	0.609238
0.872	0.610131
0.873	0.611023
0.874	0.611913
0.875	0.612803
0.876	0.613692
0.877	0.614579
0.878	0.615466
0.879	0.616351
0.88	0.617235
0.881	0.618117
0.882	0.618999
0.883	0.619879
0.884	0.620757
0.885	0.621634
0.886	0.62251
0.887	0.623384
0.888	0.624257
0.889	0.625128
0.89	0.625997
0.891	0.626865
0.892	0.627731
0.893	0.628596
0.894	0.629459
0.895	0.630319
0.896	0.631178
0.897	0.632036
0.898	0.632891
0.899	0.633744
0.9	0.634595
0.901	0.635445
0.902	0.636292
0.903	0.637137
0.904	0.637979
0.905	0.63882
0.906	0.639658
0.907	0.640494
0.908	0.641328
0.909	0.642159
0.91	0.642987
0.911	0.643813
0.912	0.644637
0.913	0.645458
0.914	0.646276
0.915	0.647092
0.916	0.647904
0.917	0.648714
0.918	0.649521
0.919	0.650326
0.92	0.651127
0.921	0.651925
0.922	0.65272
0.923	0.653512
0.924	0.654301
0.925	0.655086
0.926	0.655868
0.927	0.656647
0.928	0.657422
0.929	0.658194
0.93	0.658963
0.931	0.659727
0.932	0.660488
0.933	0.661246
0.934	0.661999
0.935	0.662749
0.936	0.663495
0.937	0.664237
0.938	0.664975
0.939	0.665709
0.94	0.666438
0.941	0.667164
0.942	0.667885
0.943	0.668602
0.944	0.669315
0.945	0.670023
0.946	0.670726
0.947	0.671425
0.948	0.672119
0.949	0.672809
0.95	0.673493
0.951	0.674173
0.952	0.674848
0.953	0.675518
0.954	0.676183
0.955	0.676842
0.956	0.677497
0.957	0.678146
0.958	0.67879
0.959	0.679428
0.96	0.680061
0.961	0.680688
0.962	0.68131
0.963	0.681926
0.964	0.682536
0.965	0.68314
0.966	0.683739
0.967	0.684331
0.968	0.684917
0.969	0.685497
0.97	0.686071
0.971	0.686638
0.972	0.687199
0.973	0.687754
0.974	0.688301
0.975	0.688843
0.976	0.689377
0.977	0.689905
0.978	0.690426
0.979	0.69094
0.98	0.691446
0.981	0.691946
0.982	0.692438
0.983	0.692923
0.984	0.693401
0.985	0.693871
0.986	0.694334
0.987	0.694789
0.988	0.695236
0.989	0.695675
0.99	0.696107
0.991	0.69653
0.992	0.696946
0.993	0.697353
0.994	0.697752
0.995	0.698142
0.996	0.698525
0.997	0.698898
0.998	0.699263
0.999	0.699619
