# Interpolation data for function: sqrt(abs(x-0.5))
0	0.712049
0.001	0.710986
0.002	0.709935
0.003	0.708895
0.004	0.707866
0.005	0.706847
0.006	0.705838
0.007	0.70484
0.008	0.703851
0.009	0.702871
0.01	0.701902
0.011	0.700941
0.012	0.699989
0.013	0.699047
0.014	0.698112
0.015	0.697186
0.016	0.696269
0.017	0.695359
0.018	0.694457
0.019	0.693563
0.02	0.692676
0.021	0.691796
0.022	0.690923
0.023	0.690057
0.024	0.689198
0.025	0.688346
0.026	0.687499
0.027	0.686659
0.028	0.685825
0.029	0.684997
0.03	0.684174
0.031	0.683357
0.032	0.682545
0.033	0.681738
0.034	0.680936
0.035	0.680139
0.036	0.679347
0.037	0.67856
0.038	0.677776
0.039	0.676997
0.04	0.676222
0.041	0.675451
0.042	0.674684
0.043	0.67392
0.044	0.67316
0.045	0.672404
0.046	0.67165
0.047	0.6709
0.048	0.670153
0.049	0.669408
0.05	0.668666
0.051	0.667927
0.052	0.667191
0.053	0.666456
0.054	0.665724
0.055	0.664994
0.056	0.664266
0.057	0.66354
0.058	0.662816
0.059	0.662093
0.06	0.661372
0.061	0.660653
0.062	0.659934
0.063	0.659217
0.064	0.658501
0.065	0.657787
0.066	0.657073
0.067	0.65636
0.068	0.655647
0.069	0.654935
0.07	0.654224
0.071	0.653514
0.072	0.652803
0.073	0.652093
0.074	0.651383
0.075	0.650674
0.076	0.649964
0.077	0.649254
0.078	0.648544
0.079	0.647834
0.08	0.647124
0.081	0.646413
0.082	0.645702
0.083	0.64499
0.084	0.644278
0.085	0.643565
0.086	0.642852
0.087	0.642137
0.088	0.641422
0.089	0.640706
0.09	0.639989
0.091	0.63927
0.092	0.638551
0.093	0.637831
0.094	0.637109
0.095	0.636386
0.096	0.635662
0.097	0.634937
0.098	0.63421
0.099	0.633481
0.1	0.632751
0.101	0.63202
0.102	0.631286
0.103	0.630552
0.104	0.629815
0.105	0.629077
0.106	0.628337
0.107	0.627595
0.108	0.626851
0.109	0.626105
0.11	0.625358
0.111	0.624608
0.112	0.623857
0.113	0.623103
0.114	0.622347
0.115	0.621589
0.116	0.620829
0.117	0.620067
0.118	0.619303
0.119	0.618536
0.12	0.617767
0.121	0.616996
0.122	0.616223
0.123	0.615447
0.124	0.614669
0.125	0.613889
0.126	0.613106
0.127	0.612321
0.128	0.611533
0.129	0.610743
0.13	0.609951
0.131	0.609156
0.132	0.608358
0.133	0.607558
0.134	0.606756
0.135	0.605951
0.136	0.605143
0.137	0.604333
0.138	0.603521
0.139	0.602705
0.14	0.601888
0.141	0.601067
0.142	0.600245
0.143	0.599419
0.144	0.598591
0.145	0.59776
0.146	0.596927
0.147	0.596092
0.148	0.595253
0.149	0.594412
0.15	0.593569
0.151	0.592722
0.152	0.591874
0.153	0.591022
0.154	0.590168
0.155	0.589312
0.156	0.588453
0.157	0.587591
0.158	0.586727
0.159	0.58586
0.16	0.584991
0.161	0.584119
0.162	0.583245
0.163	0.582368
0.164	0.581488
0.165	0.580606
0.166	0.579722
0.167	0.578835
0.168	0.577946
0.169	0.577054
0.17	0.576159
0.171	0.575262
0.172	0.574363
0.173	0.573462
0.174	0.572557
0.175	0.571651
0.176	0.570742
0.177	0.569831
0.178	0.568917
0.179	0.568002
0.18	0.567083
0.181	0.566163
0.182	0.56524
0.183	0.564315
0.184	0.563388
0.185	0.562458
0.186	0.561527
0.187	0.560593
0.188	0.559656
0.189	0.558718
0.19	0.557778
0.191	0.556835
0.192	0.555891
0.193	0.554944
0.194	0.553995
0.195	0.553044
0.196	0.552091
0.197	0.551137
0.198	0.55018
0.199	0.549221
0.2	0.54826
0.201	0.547298
0.202	0.546333
0.203	0.545366
0.204	0.544398
0.205	0.543428
0.206	0.542456
0.207	0.541482
0.208	0.540507
0.209	0.539529
0.21	0.53855
0.211	0.537569
0.212	0.536587
0.213	0.535603
0.214	0.534617
0.215	0.53363
0.216	0.532641
0.217	0.53165
0.218	0.530658
0.219	0.529664
0.22	0.528669
0.221	0.527672
0.222	0.526674
0.223	0.525674
0.224	0.524673
0.225	0.52367
0.226	0.522666
0.227	0.52166
0.228	0.520654
0.229	0.519645
0.23	0.518636
0.231	0.517625
0.232	0.516613
0.233	0.515599
0.234	0.514585
0.235	0.513569
0.236	0.512552
0.237	0.511533
0.238	0.510514
0.239	0.509493
0.24	0.508471
0.241	0.507448
0.242	0.506423
0.243	0.505398
0.244	0.504371
0.245	0.503344
0.246	0.502315
0.247	0.501285
0.248	0.500255
0.249	0.499223
0.25	0.49819
0.251	0.497156
0.252	0.496121
0.253	0.495085
0.254	0.494048
0.255	0.49301
0.256	0.491971
0.257	0.490931
0.258	0.48989
0.259	0.488848
0.26	0.487805
0.261	0.486762
0.262	0.485717
0.263	0.484671
0.264	0.483625
0.265	0.482577
0.266	0.481529
0.267	0.480479
0.268	0.479429
0.269	0.478378
0.27	0.477326
0.271	0.476272
0.272	0.475218
0.273	0.474163
0.274	0.473107
0.275	0.47205
0.276	0.470993
0.277	0.469934
0.278	0.468874
0.279	0.467813
0.28	0.466752
0.281	0.465689
0.282	0.464625
0.283	0.46356
0.284	0.462495
0.285	0.461428
0.286	0.46036
0.287	0.459291
0.288	0.458221
0.289	0.45715
0.29	0.456078
0.291	0.455004
0.292	0.45393
0.293	0.452854
0.294	0.451777
0.295	0.450699
0.296	0.44962
0.297	0.448539
0.298	0.447458
0.299	0.446374
0.3	0.44529
0.301	0.444204
0.302	0.443117
0.303	0.442028
0.304	0.440938
0.305	0.439846
0.306	0.438753
0.307	0.437658
0.308	0.436562
0.309	0.435464
0.31	0.434365
0.311	0.433263
0.312	0.43216
0.313	0.431055
0.314	0.429948
0.315	0.42884
0.316	0.427729
0.317	0.426617
0.318	0.425502
0.319	0.424386
0.32	0.423267
0.321	0.422146
0.322	0.421023
0.323	0.419897
0.324	0.41877
0.325	0.417639
0.326	0.416507
0.327	0.415372
0.328	0.414234
0.329	0.413094
0.33	0.41195
0.331	0.410805
0.332	0.409656
0.333	0.408504
0.334	0.40735
0.335	0.406192
0.336	0.405031
0.337	0.403867
0.338	0.4027
0.339	0.40153
0.34	0.400356
0.341	0.399178
0.342	0.397997
0.343	0.396812
0.344	0.395624
0.345	0.394431
0.346	0.393235
0.347	0.392035
0.348	0.39083
0.349	0.389622
0.35	0.388409
0.351	0.387191
0.352	0.385969
0.353	0.384743
0.354	0.383512
0.355	0.382276
0.356	0.381035
0.357	0.379789
0.358	0.378538
0.359	0.377282
0.36	0.37602
0.361	0.374753
0.362	0.37348
0.363	0.372202
0.364	0.370918
0.365	0.369628
0.366	0.368331
0.367	0.367029
0.368	0.36572
0.369	0.364405
0.37	0.363084
0.371	0.361755
0.372	0.36042
0.373	0.359078
0.374	0.357729
0.375	0.356372
0.376	0.355008
0.377	0.353637
0.378	0.352258
0.379	0.350871
0.38	0.349476
0.381	0.348073
0.382	0.346662
0.383	0.345242
0.384	0.343813
0.385	0.342376
0.386	0.34093
0.387	0.339475
0.388	0.338011
0.389	0.336537
0.39	0.335054
0.391	0.333561
0.392	0.332058
0.393	0.330545
0.394	0.329021
0.395	0.327488
0.396	0.325943
0.397	0.324388
0.398	0.322822
0.399	0.321244
0.4	0.319655
0.401	0.318054
0.402	0.316442
0.403	0.314818
0.404	0.313181
0.405	0.311532
0.406	0.309871
0.407	0.308197
0.408	0.306509
0.409	0.304809
0.41	0.303095
0.411	0.301367
0.412	0.299626
0.413	0.29787
0.414	0.2961
0.415	0.294316
0.416	0.292516
0.417	0.290702
0.418	0.288872
0.419	0.287027
0.42	0.285167
0.421	0.28329
0.422	0.281397
0.423	0.279488
0.424	0.277562
0.425	0.275619
0.426	0.273658
0.427	0.271681
0.428	0.269685
0.429	0.267672
0.43	0.26564
0.431	0.26359
0.432	0.261521
0.433	0.259433
0.434	0.257326
0.435	0.255199
0.436	0.253052
0.437	0.250885
0.438	0.248698
0.439	0.24649
0.44	0.244261
0.441	0.24201
0.442	0.239738
0.443	0.237444
0.444	0.235128
0.445	0.232789
0.446	0.230427
0.447	0.228043
0.448	0.225635
0.449	0.223203
0.45	0.220747
0.451	0.218266
0.452	0.215761
0.453	0.213231
0.454	0.210675
0.455	0.208094
0.456	0.205486
0.457	0.202853
0.458	0.200192
0.459	0.197505
0.46	0.19479
0.461	0.192047
0.462	0.189276
0.463	0.186477
0.464	0.183649
0.465	0.180791
0.466	0.177904
0.467	0.174987
0.468	0.17204
0.469	0.169063
0.47	0.166054
0.471	0.163013
0.472	0.159941
0.473	0.156837
0.474	0.1537
0.475	0.15053
0.476	0.147327
0.477	0.14409
0.478	0.140819
0.479	0.137513
0.48	0.134172
0.481	0.130796
0.482	0.127384
0.483	0.123936
0.484	0.120451
0.485	0.116929
0.486	0.11337
0.487	0.109773
0.488	0.106137
0.489	0.102463
0.49	0.0987488
0.491	0.0949955
0.492	0.091202
0.493	0.0873679
0.494	0.0834928
0.495	0.0795762
0.496	0.0756177
0.497	0.0716168
0.498	0.0675729
0.499	0.0634858
0.5	0.0593548
0.501	0.0634858
0.502	0.0675729
0.503	0.0716168
0.504	0.0756177
0.505	0.0795762
0.506	0.0834928
0.507	0.0873679
0.508	0.091202
0.509	0.0949955
0.51	0.0987488
0.511	0.102463
0.512	0.106137
0.513	0.109773
0.514	0.11337
0.515	0.116929
0.516	0.120451
0.517	0.123936
0.518	0.127384
0.519	0.130796
0.52	0.134172
0.521	0.137513
0.522	0.140819
0.523	0.14409
0.524	0.147327
0.525	0.15053
0.526	0.1537
0.527	0.156837
0.528	0.159941
0.529	0.163013
0.53	0.166054
0.531	0.169063
0.532	0.17204
0.533	0.174987
0.534	0.177904
0.535	0.180791
0.536	0.183649
0.537	0.186477
0.538	0.189276
0.539	0.192047
0.54	0.19479
0.541	0.197505
0.542	0.200192
0.543	0.202853
0.544	0.205486
0.545	0.208094
0.546	0.210675
0.547	0.213231
0.548	0.215761
0.549	0.218266
0.55	0.220747
0.551	0.223203
0.552	0.225635
0.553	0.228043
0.554	0.230427
0.555	0.232789
0.556	0.235128
0.557	0.237444
0.558	0.239738
0.559	0.24201
0.56	0.244261
0.561	0.24649
0.562	0.248698
0.563	0.250885
0.564	0.253052
0.565	0.255199
0.566	0.257326
0.567	0.259433
0.568	0.261521
0.569	0.26359
0.57	0.26564
0.571	0.267672
0.572	0.269685
0.573	0.271681
0.574	0.273658
0.575	0.275619
0.576	0.277562
0.577	0.279488
0.578	0.281397
0.579	0.28329
0.58	0.285167
0.581	0.287027
0.582	0.288872
0.583	0.290702
0.584	0.292516
0.585	0.294316
0.586	0.2961
0.587	0.29787
0.588	0.299626
0.589	0.301367
0.59	0.303095
0.591	0.304809
0.592	0.306509
0.593	0.308197
0.594	0.309871
0.595	0.311532
0.596	0.313181
0.597	0.314818
0.598	0.316442
0.599	0.318054
0.6	0.319655
0.601	0.321244
0.602	0.322822
0.603	0.324388
0.604	0.325943
0.605	0.327488
0.606	0.329021
0.607	0.330545
0.608	0.332058
0.609	0.333561
0.61	0.335054
0.611	0.336537
0.612	0.338011
0.613	0.339475
0.614	0.34093
0.615	0.342376
0.616	0.343813
0.617	0.345242
0.618	0.346662
0.619	0.348073
0.62	0.349476
0.621	0.350871
0.622	0.352258
0.623	0.353637
0.624	0.355008
0.625	0.356372
0.626	0.357729
0.627	0.359078
0.628	0.36042
0.629	0.361755
0.63	0.363084
0.631	0.364405
0.632	0.36572
0.633	0.367029
0.634	0.368331
0.635	0.369628
0.636	0.370918
0.637	0.372202
0.638	0.37348
0.639	0.374753
0.64	0.37602
0.641	0.377282
0.642	0.378538
0.643	0.379789
0.644	0.381035
0.645	0.382276
0.646	0.383512
0.647	0.384743
0.648	0.385969
0.649	0.387191
0.65	0.388409
0.651	0.389622
0.652	0.39083
0.653	0.392035
0.654	0.393235
0.655	0.394431
0.656	0.395624
0.657	0.396812
0.658	0.397997
0.659	0.399178
0.66	0.400356
0.661	0.40153
0.662	0.4027
0.663	0.403867
0.664	0.405031
0.665	0.406192
0.666	0.40735
0.667	0.408504
0.668	0.409656
0.669	0.410805
0.67	0.41195
0.671	0.413094
0.672	0.414234
0.673	0.415372
0.674	0.416507
0.675	0.417639
0.676	0.41877
0.677	0.419897
0.678	0.421023
0.679	0.422146
0.68	0.423267
0.681	0.424386
0.682	0.425502
0.683	0.426617
0.684	0.427729
0.685	0.42884
0.686	0.429948
0.687	0.431055
0.688	0.43216
0.689	0.433263
0.69	0.434365
0.691	0.435464
0.692	0.436562
0.693	0.437658
0.694	0.438753
0.695	0.439846
0.696	0.440938
0.697	0.442028
0.698	0.443117
0.699	0.444204
0.7	0.44529
0.701	0.446374
0.702	0.447458
0.703	0.448539
0.704	0.44962
0.705	0.450699
0.706	0.451777
0.707	0.452854
0.708	0.45393
0.709	0.455004
0.71	0.456078
0.711	0.45715
0.712	0.458221
0.713	0.459291
0.714	0.46036
0.715	0.461428
0.716	0.462495
0.717	0.46356
0.718	0.464625
0.719	0.465689
0.72	0.466752
0.721	0.467813
0.722	0.468874
0.723	0.469934
0.724	0.470993
0.725	0.47205
0.726	0.473107
0.727	0.474163
0.728	0.475218
0.729	0.476272
0.73	0.477326
0.731	0.478378
0.732	0.479429
0.733	0.480479
0.734	0.481529
0.735	0.482577
0.736	0.483625
0.737	0.484671
0.738	0.485717
0.739	0.486762
0.74	0.487805
0.741	0.488848
0.742	0.48989
0.743	0.490931
0.744	0.491971
0.745	0.49301
0.746	0.494048
0.747	0.495085
0.748	0.496121
0.749	0.497156
0.75	0.49819
0.751	0.499223
0.752	0.500255
0.753	0.501285
0.754	0.502315
0.755	0.503344
0.756	0.504371
0.757	0.505398
0.758	0.506423
0.759	0.507448
0.76	0.508471
0.761	0.509493
0.762	0.510514
0.763	0.511533
0.764	0.512552
0.765	0.513569
0.766	0.514585
0.767	0.515599
0.768	0.516613
0.769	0.517625
0.77	0.518636
0.771	0.519645
0.772	0.520654
0.773	0.52166
0.774	0.522666
0.775	0.52367
0.776	0.524673
0.777	0.525674
0.778	0.526674
0.779	0.527672
0.78	0.528669
0.781	0.529664
0.782	0.530658
0.783	0.53165
0.784	0.532641
0.785	0.53363
0.786	0.534617
0.787	0.535603
0.788	0.536587
0.789	0.537569
0.79	0.53855
0.791	0.539529
0.792	0.540507
0.793	0.541482
0.794	0.542456
0.795	0.543428
0.796	0.544398
0.797	0.545366
0.798	0.546333
0.799	0.547298
0.8	0.54826
0.801	0.549221
0.802	0.55018
0.803	0.551137
0.804	0.552091
0.805	0.553044
0.806	0.553995
0.807	0.554944
0.808	0.555891
0.809	0.556835
0.81	0.557778
0.811	0.558718
0.812	0.559656
0.813	0.560593
0.814	0.561527
0.815	0.562458
0.816	0.563388
0.817	0.564315
0.818	0.56524
0.819	0.566163
0.82	0.567083
0.821	0.568002
0.822	0.568917
0.823	0.569831
0.824	0.570742
0.825	0.571651
0.826	0.572557
0.827	0.573462
0.828	0.574363
0.829	0.575262
0.83	0.576159
0.831	0.577054
0.832	0.577946
0.833	0.578835
0.834	0.579722
0.835	0.580606
0.836	0.581488
0.837	0.582368
0.838	0.583245
0.839	0.584119
0.84	0.584991
0.841	0.58586
0.842	0.586727
0.843	0.587591
0.844	0.588453
0.845	0.589312
0.846	0.590168
0.847	0.591022
0.848	0.591874
0.849	0.592722
0.85	0.593569
0.851	0.594412
0.852	0.595253
0.853	0.596092
0.854	0.596927
0.855	0.59776
0.856	0.598591
0.857	0.599419
0.858	0.600245
0.859	0.601067
0.86	0.601888
0.861	0.602705
0.862	0.603521
0.863	0.604333
0.864	0.605143
0.865	0.605951
0.866	0.606756
0.867	0.607558
0.868	0.608358
0.869	0.609156
0.87	0.609951
0.871	0.610743
0.872	0.611533
0.873	0.612321
0.874	0.613106
0.875	0.613889
0.876	0.614669
0.877	0.615447
0.878	0.616223
0.879	0.616996
0.88	0.617767
0.881	0.618536
0.882	0.619303
0.883	0.620067
0.884	0.620829
0.885	0.621589
0.886	0.622347
0.887	0.623103
0.888	0.623857
0.889	0.624608
0.89	0.625358
0.891	0.626105
0.892	0.626851
0.893	0.627595
0.894	0.628337
0.895	0.629077
0.896	0.629815
0.897	0.630552
0.898	0.631286
0.899	0.63202
0.9	0.632751
0.901	0.633481
0.902	0.63421
0.903	0.634937
0.904	0.635662
0.905	0.636386
0.906	0.637109
0.907	0.637831
0.908	0.638551
0.909	0.63927
0.91	0.639989
0.911	0.640706
0.912	0.641422
0.913	0.642137
0.914	0.642852
0.915	0.643565
0.916	0.644278
0.917	0.64499
0.918	0.645702
0.919	0.646413
0.92	0.647124
0.921	0.647834
0.922	0.648544
0.923	0.649254
0.924	0.649964
0.925	0.650674
0.926	0.651383
0.927	0.652093
0.928	0.652803
0.929	0.653514
0.93	0.654224
0.931	0.654935
0.932	0.655647
0.933	0.65636
0.934	0.657073
0.935	0.657787
0.936	0.658501
0.937	0.659217
0.938	0.659934
0.939	0.660653
0.94	0.661372
0.941	0.662093
0.942	0.662816
0.943	0.66354
0.944	0.664266
0.945	0.664994
0.946	0.665724
0.947	0.666456
0.948	0.667191
0.949	0.667927
0.95	0.668666
0.951	0.669408
0.952	0.670153
0.953	0.6709
0.954	0.67165
0.955	0.672404
0.956	0.67316
0.957	0.67392
0.958	0.674684
0.959	0.675451
0.96	0.676222
0.961	0.676997
0.962	0.677776
0.963	0.67856
0.964	0.679347
0.965	0.680139
0.966	0.680936
0.967	0.681738
0.968	0.682545
0.969	0.683357
0.97	0.684174
0.971	0.684997
0.972	0.685825
0.973	0.686659
0.974	0.687499
0.975	0.688346
0.976	0.689198
0.977	0.690057
0.978	0.690923
0.979	0.691796
0.98	0.692676
0.981	0.693563
0.982	0.694457
0.983	0.695359
0.984	0.696269
0.985	0.697186
0.986	0.698112
0.987	0.699047
0.988	0.699989
0.989	0.700941
0.99	0.701902
0.991	0.702871
0.992	0.703851
0.993	0.70484
0.994	0.705838
0.995	0.706847
0.996	0.707866
0.997	0.708895
0.998	0.709935
0.999	0.710986
