0	3.16229e-12	
0.00390625	0.116203	
0.0078125	0.2189	
0.0117188	0.309667	
0.015625	0.389883	
0.0195312	0.460781	
0.0234375	0.523438	
0.0273438	0.578816	
0.03125	0.627758	
0.0351562	0.671014	
0.0390625	0.709242	
0.0429688	0.743029	
0.046875	0.772889	
0.0507812	0.79928	
0.0546875	0.822604	
0.0585938	0.843218	
0.0625	0.861436	
0.0664062	0.877538	
0.0703125	0.891769	
0.0742188	0.904346	
0.078125	0.915461	
0.0820312	0.925285	
0.0859375	0.933968	
0.0898438	0.941641	
0.09375	0.948423	
0.101562	0.959715	
0.109375	0.968534	
0.117188	0.975424	
0.125	0.980805	
0.140625	0.988292	
0.15625	0.99285	
0.171875	0.995639	
0.1875	0.997337	
0.203125	0.998376	
0.21875	0.999008	
0.234375	0.999396	
0.25	0.999632	
0.28125	0.999864	
0.3125	0.999948	
0.34375	0.999981	
0.375	0.999993	
0.4375	0.999999	
0.5	0.999999	
0.5625	0.999999	
0.625	0.999993	
0.65625	0.999981	
0.6875	0.999948	
0.71875	0.999864	
0.75	0.999632	
0.765625	0.999396	
0.78125	0.999008	
0.796875	0.998376	
0.8125	0.997337	
0.828125	0.995639	
0.84375	0.99285	
0.859375	0.988292	
0.875	0.980805	
0.882812	0.975424	
0.890625	0.968534	
0.898438	0.959715	
0.90625	0.948423	
0.910156	0.941641	
0.914062	0.933968	
0.917969	0.925285	
0.921875	0.915461	
0.925781	0.904346	
0.929688	0.891769	
0.933594	0.877538	
0.9375	0.861436	
0.941406	0.843218	
0.945312	0.822604	
0.949219	0.79928	
0.953125	0.772889	
0.957031	0.743029	
0.960938	0.709242	
0.964844	0.671014	
0.96875	0.627758	
0.972656	0.578816	
0.976562	0.523438	
0.980469	0.460781	
0.984375	0.389883	
0.988281	0.309667	
0.992188	0.2189	
0.996094	0.116203	
1	3.16229e-12	
