#Function: (x>0.5)
0	0.499784
1	1.25607e-15
2	1.25748e-15
3	1.26532e-15
4	1.32159e-15
5	1.32192e-15
6	1.51295e-15
7	1.65059e-15
8	1.7386e-15
9	1.75237e-15
10	1.76614e-15
11	1.88367e-15
12	2.0012e-15
13	2.39465e-15
14	2.78809e-15
15	2.92531e-15
16	3.06253e-15
17	3.08237e-15
18	3.10221e-15
19	3.10559e-15
20	3.10896e-15
21	3.1288e-15
22	3.14864e-15
23	3.15202e-15
24	3.1554e-15
25	3.46069e-15
26	3.76599e-15
27	4.07129e-15
28	4.37659e-15
29	4.50499e-15
30	4.6334e-15
31	4.7618e-15
32	4.8902e-15
33	4.93449e-15
34	4.96232e-15
35	5.00661e-15
36	5.0509e-15
37	5.07872e-15
38	5.12301e-15
39	5.1673e-15
40	5.21159e-15
41	5.23942e-15
42	5.26724e-15
43	5.31153e-15
44	5.35582e-15
45	5.38364e-15
46	5.41146e-15
47	5.43929e-15
48	5.46711e-15
49	5.54378e-15
50	5.62045e-15
