# Interpolation data for function: (x>0.5)
0	0.48532
0.001	0.48532
0.002	0.48532
0.003	0.48532
0.004	0.48532
0.005	0.48532
0.006	0.48532
0.007	0.48532
0.008	0.48532
0.009	0.48532
0.01	0.48532
0.011	0.48532
0.012	0.48532
0.013	0.48532
0.014	0.48532
0.015	0.48532
0.016	0.48532
0.017	0.48532
0.018	0.48532
0.019	0.48532
0.02	0.48532
0.021	0.48532
0.022	0.48532
0.023	0.48532
0.024	0.48532
0.025	0.48532
0.026	0.48532
0.027	0.48532
0.028	0.48532
0.029	0.48532
0.03	0.48532
0.031	0.48532
0.032	0.48532
0.033	0.48532
0.034	0.48532
0.035	0.48532
0.036	0.48532
0.037	0.48532
0.038	0.48532
0.039	0.48532
0.04	0.48532
0.041	0.48532
0.042	0.48532
0.043	0.48532
0.044	0.48532
0.045	0.48532
0.046	0.48532
0.047	0.48532
0.048	0.48532
0.049	0.48532
0.05	0.48532
0.051	0.48532
0.052	0.48532
0.053	0.48532
0.054	0.48532
0.055	0.48532
0.056	0.48532
0.057	0.48532
0.058	0.48532
0.059	0.48532
0.06	0.48532
0.061	0.48532
0.062	0.48532
0.063	0.48532
0.064	0.48532
0.065	0.48532
0.066	0.48532
0.067	0.48532
0.068	0.48532
0.069	0.48532
0.07	0.48532
0.071	0.48532
0.072	0.48532
0.073	0.48532
0.074	0.48532
0.075	0.48532
0.076	0.48532
0.077	0.48532
0.078	0.48532
0.079	0.48532
0.08	0.48532
0.081	0.48532
0.082	0.48532
0.083	0.48532
0.084	0.48532
0.085	0.48532
0.086	0.48532
0.087	0.48532
0.088	0.48532
0.089	0.48532
0.09	0.48532
0.091	0.48532
0.092	0.48532
0.093	0.48532
0.094	0.48532
0.095	0.48532
0.096	0.48532
0.097	0.48532
0.098	0.48532
0.099	0.48532
0.1	0.48532
0.101	0.48532
0.102	0.48532
0.103	0.48532
0.104	0.48532
0.105	0.48532
0.106	0.48532
0.107	0.48532
0.108	0.48532
0.109	0.48532
0.11	0.48532
0.111	0.48532
0.112	0.48532
0.113	0.48532
0.114	0.48532
0.115	0.48532
0.116	0.48532
0.117	0.48532
0.118	0.48532
0.119	0.48532
0.12	0.48532
0.121	0.48532
0.122	0.48532
0.123	0.48532
0.124	0.48532
0.125	0.48532
0.126	0.48532
0.127	0.48532
0.128	0.48532
0.129	0.48532
0.13	0.48532
0.131	0.48532
0.132	0.48532
0.133	0.48532
0.134	0.48532
0.135	0.48532
0.136	0.48532
0.137	0.48532
0.138	0.48532
0.139	0.48532
0.14	0.48532
0.141	0.48532
0.142	0.48532
0.143	0.48532
0.144	0.48532
0.145	0.48532
0.146	0.48532
0.147	0.48532
0.148	0.48532
0.149	0.48532
0.15	0.48532
0.151	0.48532
0.152	0.48532
0.153	0.48532
0.154	0.48532
0.155	0.48532
0.156	0.48532
0.157	0.48532
0.158	0.48532
0.159	0.48532
0.16	0.48532
0.161	0.48532
0.162	0.48532
0.163	0.48532
0.164	0.48532
0.165	0.48532
0.166	0.48532
0.167	0.48532
0.168	0.48532
0.169	0.48532
0.17	0.48532
0.171	0.48532
0.172	0.48532
0.173	0.48532
0.174	0.48532
0.175	0.48532
0.176	0.48532
0.177	0.48532
0.178	0.48532
0.179	0.48532
0.18	0.48532
0.181	0.48532
0.182	0.48532
0.183	0.48532
0.184	0.48532
0.185	0.48532
0.186	0.48532
0.187	0.48532
0.188	0.48532
0.189	0.48532
0.19	0.48532
0.191	0.48532
0.192	0.48532
0.193	0.48532
0.194	0.48532
0.195	0.48532
0.196	0.48532
0.197	0.48532
0.198	0.48532
0.199	0.48532
0.2	0.48532
0.201	0.48532
0.202	0.48532
0.203	0.48532
0.204	0.48532
0.205	0.48532
0.206	0.48532
0.207	0.48532
0.208	0.48532
0.209	0.48532
0.21	0.48532
0.211	0.48532
0.212	0.48532
0.213	0.48532
0.214	0.48532
0.215	0.48532
0.216	0.48532
0.217	0.48532
0.218	0.48532
0.219	0.48532
0.22	0.48532
0.221	0.48532
0.222	0.48532
0.223	0.48532
0.224	0.48532
0.225	0.48532
0.226	0.48532
0.227	0.48532
0.228	0.48532
0.229	0.48532
0.23	0.48532
0.231	0.48532
0.232	0.48532
0.233	0.48532
0.234	0.48532
0.235	0.48532
0.236	0.48532
0.237	0.48532
0.238	0.48532
0.239	0.48532
0.24	0.48532
0.241	0.48532
0.242	0.48532
0.243	0.48532
0.244	0.48532
0.245	0.48532
0.246	0.48532
0.247	0.48532
0.248	0.48532
0.249	0.48532
0.25	0.48532
0.251	0.48532
0.252	0.48532
0.253	0.48532
0.254	0.48532
0.255	0.48532
0.256	0.48532
0.257	0.48532
0.258	0.48532
0.259	0.48532
0.26	0.48532
0.261	0.48532
0.262	0.48532
0.263	0.48532
0.264	0.48532
0.265	0.48532
0.266	0.48532
0.267	0.48532
0.268	0.48532
0.269	0.48532
0.27	0.48532
0.271	0.48532
0.272	0.48532
0.273	0.48532
0.274	0.48532
0.275	0.48532
0.276	0.48532
0.277	0.48532
0.278	0.48532
0.279	0.48532
0.28	0.48532
0.281	0.48532
0.282	0.48532
0.283	0.48532
0.284	0.48532
0.285	0.48532
0.286	0.48532
0.287	0.48532
0.288	0.48532
0.289	0.48532
0.29	0.48532
0.291	0.48532
0.292	0.48532
0.293	0.48532
0.294	0.48532
0.295	0.48532
0.296	0.48532
0.297	0.48532
0.298	0.48532
0.299	0.48532
0.3	0.48532
0.301	0.48532
0.302	0.48532
0.303	0.48532
0.304	0.48532
0.305	0.48532
0.306	0.48532
0.307	0.48532
0.308	0.48532
0.309	0.48532
0.31	0.48532
0.311	0.48532
0.312	0.48532
0.313	0.48532
0.314	0.48532
0.315	0.48532
0.316	0.48532
0.317	0.48532
0.318	0.48532
0.319	0.48532
0.32	0.48532
0.321	0.48532
0.322	0.48532
0.323	0.48532
0.324	0.48532
0.325	0.48532
0.326	0.48532
0.327	0.48532
0.328	0.48532
0.329	0.48532
0.33	0.48532
0.331	0.48532
0.332	0.48532
0.333	0.48532
0.334	0.48532
0.335	0.48532
0.336	0.48532
0.337	0.48532
0.338	0.48532
0.339	0.48532
0.34	0.48532
0.341	0.48532
0.342	0.48532
0.343	0.48532
0.344	0.48532
0.345	0.48532
0.346	0.48532
0.347	0.48532
0.348	0.48532
0.349	0.48532
0.35	0.48532
0.351	0.48532
0.352	0.48532
0.353	0.48532
0.354	0.48532
0.355	0.48532
0.356	0.48532
0.357	0.48532
0.358	0.48532
0.359	0.48532
0.36	0.48532
0.361	0.48532
0.362	0.48532
0.363	0.48532
0.364	0.48532
0.365	0.48532
0.366	0.48532
0.367	0.48532
0.368	0.48532
0.369	0.48532
0.37	0.48532
0.371	0.48532
0.372	0.48532
0.373	0.48532
0.374	0.48532
0.375	0.48532
0.376	0.48532
0.377	0.48532
0.378	0.48532
0.379	0.48532
0.38	0.48532
0.381	0.48532
0.382	0.48532
0.383	0.48532
0.384	0.48532
0.385	0.48532
0.386	0.48532
0.387	0.48532
0.388	0.48532
0.389	0.48532
0.39	0.48532
0.391	0.48532
0.392	0.48532
0.393	0.48532
0.394	0.48532
0.395	0.48532
0.396	0.48532
0.397	0.48532
0.398	0.48532
0.399	0.48532
0.4	0.48532
0.401	0.48532
0.402	0.48532
0.403	0.48532
0.404	0.48532
0.405	0.48532
0.406	0.48532
0.407	0.48532
0.408	0.48532
0.409	0.48532
0.41	0.48532
0.411	0.48532
0.412	0.48532
0.413	0.48532
0.414	0.48532
0.415	0.48532
0.416	0.48532
0.417	0.48532
0.418	0.48532
0.419	0.48532
0.42	0.48532
0.421	0.48532
0.422	0.48532
0.423	0.48532
0.424	0.48532
0.425	0.48532
0.426	0.48532
0.427	0.48532
0.428	0.48532
0.429	0.48532
0.43	0.48532
0.431	0.48532
0.432	0.48532
0.433	0.48532
0.434	0.48532
0.435	0.48532
0.436	0.48532
0.437	0.48532
0.438	0.48532
0.439	0.48532
0.44	0.48532
0.441	0.48532
0.442	0.48532
0.443	0.48532
0.444	0.48532
0.445	0.48532
0.446	0.48532
0.447	0.48532
0.448	0.48532
0.449	0.48532
0.45	0.48532
0.451	0.48532
0.452	0.48532
0.453	0.48532
0.454	0.48532
0.455	0.48532
0.456	0.48532
0.457	0.48532
0.458	0.48532
0.459	0.48532
0.46	0.48532
0.461	0.48532
0.462	0.48532
0.463	0.48532
0.464	0.48532
0.465	0.48532
0.466	0.48532
0.467	0.48532
0.468	0.48532
0.469	0.48532
0.47	0.48532
0.471	0.48532
0.472	0.48532
0.473	0.48532
0.474	0.48532
0.475	0.48532
0.476	0.48532
0.477	0.48532
0.478	0.48532
0.479	0.48532
0.48	0.48532
0.481	0.48532
0.482	0.48532
0.483	0.48532
0.484	0.48532
0.485	0.48532
0.486	0.48532
0.487	0.48532
0.488	0.48532
0.489	0.48532
0.49	0.48532
0.491	0.48532
0.492	0.48532
0.493	0.48532
0.494	0.48532
0.495	0.48532
0.496	0.48532
0.497	0.48532
0.498	0.48532
0.499	0.48532
0.5	0.48532
0.501	0.48532
0.502	0.48532
0.503	0.48532
0.504	0.48532
0.505	0.48532
0.506	0.48532
0.507	0.48532
0.508	0.48532
0.509	0.48532
0.51	0.48532
0.511	0.48532
0.512	0.48532
0.513	0.48532
0.514	0.48532
0.515	0.48532
0.516	0.48532
0.517	0.48532
0.518	0.48532
0.519	0.48532
0.52	0.48532
0.521	0.48532
0.522	0.48532
0.523	0.48532
0.524	0.48532
0.525	0.48532
0.526	0.48532
0.527	0.48532
0.528	0.48532
0.529	0.48532
0.53	0.48532
0.531	0.48532
0.532	0.48532
0.533	0.48532
0.534	0.48532
0.535	0.48532
0.536	0.48532
0.537	0.48532
0.538	0.48532
0.539	0.48532
0.54	0.48532
0.541	0.48532
0.542	0.48532
0.543	0.48532
0.544	0.48532
0.545	0.48532
0.546	0.48532
0.547	0.48532
0.548	0.48532
0.549	0.48532
0.55	0.48532
0.551	0.48532
0.552	0.48532
0.553	0.48532
0.554	0.48532
0.555	0.48532
0.556	0.48532
0.557	0.48532
0.558	0.48532
0.559	0.48532
0.56	0.48532
0.561	0.48532
0.562	0.48532
0.563	0.48532
0.564	0.48532
0.565	0.48532
0.566	0.48532
0.567	0.48532
0.568	0.48532
0.569	0.48532
0.57	0.48532
0.571	0.48532
0.572	0.48532
0.573	0.48532
0.574	0.48532
0.575	0.48532
0.576	0.48532
0.577	0.48532
0.578	0.48532
0.579	0.48532
0.58	0.48532
0.581	0.48532
0.582	0.48532
0.583	0.48532
0.584	0.48532
0.585	0.48532
0.586	0.48532
0.587	0.48532
0.588	0.48532
0.589	0.48532
0.59	0.48532
0.591	0.48532
0.592	0.48532
0.593	0.48532
0.594	0.48532
0.595	0.48532
0.596	0.48532
0.597	0.48532
0.598	0.48532
0.599	0.48532
0.6	0.48532
0.601	0.48532
0.602	0.48532
0.603	0.48532
0.604	0.48532
0.605	0.48532
0.606	0.48532
0.607	0.48532
0.608	0.48532
0.609	0.48532
0.61	0.48532
0.611	0.48532
0.612	0.48532
0.613	0.48532
0.614	0.48532
0.615	0.48532
0.616	0.48532
0.617	0.48532
0.618	0.48532
0.619	0.48532
0.62	0.48532
0.621	0.48532
0.622	0.48532
0.623	0.48532
0.624	0.48532
0.625	0.48532
0.626	0.48532
0.627	0.48532
0.628	0.48532
0.629	0.48532
0.63	0.48532
0.631	0.48532
0.632	0.48532
0.633	0.48532
0.634	0.48532
0.635	0.48532
0.636	0.48532
0.637	0.48532
0.638	0.48532
0.639	0.48532
0.64	0.48532
0.641	0.48532
0.642	0.48532
0.643	0.48532
0.644	0.48532
0.645	0.48532
0.646	0.48532
0.647	0.48532
0.648	0.48532
0.649	0.48532
0.65	0.48532
0.651	0.48532
0.652	0.48532
0.653	0.48532
0.654	0.48532
0.655	0.48532
0.656	0.48532
0.657	0.48532
0.658	0.48532
0.659	0.48532
0.66	0.48532
0.661	0.48532
0.662	0.48532
0.663	0.48532
0.664	0.48532
0.665	0.48532
0.666	0.48532
0.667	0.48532
0.668	0.48532
0.669	0.48532
0.67	0.48532
0.671	0.48532
0.672	0.48532
0.673	0.48532
0.674	0.48532
0.675	0.48532
0.676	0.48532
0.677	0.48532
0.678	0.48532
0.679	0.48532
0.68	0.48532
0.681	0.48532
0.682	0.48532
0.683	0.48532
0.684	0.48532
0.685	0.48532
0.686	0.48532
0.687	0.48532
0.688	0.48532
0.689	0.48532
0.69	0.48532
0.691	0.48532
0.692	0.48532
0.693	0.48532
0.694	0.48532
0.695	0.48532
0.696	0.48532
0.697	0.48532
0.698	0.48532
0.699	0.48532
0.7	0.48532
0.701	0.48532
0.702	0.48532
0.703	0.48532
0.704	0.48532
0.705	0.48532
0.706	0.48532
0.707	0.48532
0.708	0.48532
0.709	0.48532
0.71	0.48532
0.711	0.48532
0.712	0.48532
0.713	0.48532
0.714	0.48532
0.715	0.48532
0.716	0.48532
0.717	0.48532
0.718	0.48532
0.719	0.48532
0.72	0.48532
0.721	0.48532
0.722	0.48532
0.723	0.48532
0.724	0.48532
0.725	0.48532
0.726	0.48532
0.727	0.48532
0.728	0.48532
0.729	0.48532
0.73	0.48532
0.731	0.48532
0.732	0.48532
0.733	0.48532
0.734	0.48532
0.735	0.48532
0.736	0.48532
0.737	0.48532
0.738	0.48532
0.739	0.48532
0.74	0.48532
0.741	0.48532
0.742	0.48532
0.743	0.48532
0.744	0.48532
0.745	0.48532
0.746	0.48532
0.747	0.48532
0.748	0.48532
0.749	0.48532
0.75	0.48532
0.751	0.48532
0.752	0.48532
0.753	0.48532
0.754	0.48532
0.755	0.48532
0.756	0.48532
0.757	0.48532
0.758	0.48532
0.759	0.48532
0.76	0.48532
0.761	0.48532
0.762	0.48532
0.763	0.48532
0.764	0.48532
0.765	0.48532
0.766	0.48532
0.767	0.48532
0.768	0.48532
0.769	0.48532
0.77	0.48532
0.771	0.48532
0.772	0.48532
0.773	0.48532
0.774	0.48532
0.775	0.48532
0.776	0.48532
0.777	0.48532
0.778	0.48532
0.779	0.48532
0.78	0.48532
0.781	0.48532
0.782	0.48532
0.783	0.48532
0.784	0.48532
0.785	0.48532
0.786	0.48532
0.787	0.48532
0.788	0.48532
0.789	0.48532
0.79	0.48532
0.791	0.48532
0.792	0.48532
0.793	0.48532
0.794	0.48532
0.795	0.48532
0.796	0.48532
0.797	0.48532
0.798	0.48532
0.799	0.48532
0.8	0.48532
0.801	0.48532
0.802	0.48532
0.803	0.48532
0.804	0.48532
0.805	0.48532
0.806	0.48532
0.807	0.48532
0.808	0.48532
0.809	0.48532
0.81	0.48532
0.811	0.48532
0.812	0.48532
0.813	0.48532
0.814	0.48532
0.815	0.48532
0.816	0.48532
0.817	0.48532
0.818	0.48532
0.819	0.48532
0.82	0.48532
0.821	0.48532
0.822	0.48532
0.823	0.48532
0.824	0.48532
0.825	0.48532
0.826	0.48532
0.827	0.48532
0.828	0.48532
0.829	0.48532
0.83	0.48532
0.831	0.48532
0.832	0.48532
0.833	0.48532
0.834	0.48532
0.835	0.48532
0.836	0.48532
0.837	0.48532
0.838	0.48532
0.839	0.48532
0.84	0.48532
0.841	0.48532
0.842	0.48532
0.843	0.48532
0.844	0.48532
0.845	0.48532
0.846	0.48532
0.847	0.48532
0.848	0.48532
0.849	0.48532
0.85	0.48532
0.851	0.48532
0.852	0.48532
0.853	0.48532
0.854	0.48532
0.855	0.48532
0.856	0.48532
0.857	0.48532
0.858	0.48532
0.859	0.48532
0.86	0.48532
0.861	0.48532
0.862	0.48532
0.863	0.48532
0.864	0.48532
0.865	0.48532
0.866	0.48532
0.867	0.48532
0.868	0.48532
0.869	0.48532
0.87	0.48532
0.871	0.48532
0.872	0.48532
0.873	0.48532
0.874	0.48532
0.875	0.48532
0.876	0.48532
0.877	0.48532
0.878	0.48532
0.879	0.48532
0.88	0.48532
0.881	0.48532
0.882	0.48532
0.883	0.48532
0.884	0.48532
0.885	0.48532
0.886	0.48532
0.887	0.48532
0.888	0.48532
0.889	0.48532
0.89	0.48532
0.891	0.48532
0.892	0.48532
0.893	0.48532
0.894	0.48532
0.895	0.48532
0.896	0.48532
0.897	0.48532
0.898	0.48532
0.899	0.48532
0.9	0.48532
0.901	0.48532
0.902	0.48532
0.903	0.48532
0.904	0.48532
0.905	0.48532
0.906	0.48532
0.907	0.48532
0.908	0.48532
0.909	0.48532
0.91	0.48532
0.911	0.48532
0.912	0.48532
0.913	0.48532
0.914	0.48532
0.915	0.48532
0.916	0.48532
0.917	0.48532
0.918	0.48532
0.919	0.48532
0.92	0.48532
0.921	0.48532
0.922	0.48532
0.923	0.48532
0.924	0.48532
0.925	0.48532
0.926	0.48532
0.927	0.48532
0.928	0.48532
0.929	0.48532
0.93	0.48532
0.931	0.48532
0.932	0.48532
0.933	0.48532
0.934	0.48532
0.935	0.48532
0.936	0.48532
0.937	0.48532
0.938	0.48532
0.939	0.48532
0.94	0.48532
0.941	0.48532
0.942	0.48532
0.943	0.48532
0.944	0.48532
0.945	0.48532
0.946	0.48532
0.947	0.48532
0.948	0.48532
0.949	0.48532
0.95	0.48532
0.951	0.48532
0.952	0.48532
0.953	0.48532
0.954	0.48532
0.955	0.48532
0.956	0.48532
0.957	0.48532
0.958	0.48532
0.959	0.48532
0.96	0.48532
0.961	0.48532
0.962	0.48532
0.963	0.48532
0.964	0.48532
0.965	0.48532
0.966	0.48532
0.967	0.48532
0.968	0.48532
0.969	0.48532
0.97	0.48532
0.971	0.48532
0.972	0.48532
0.973	0.48532
0.974	0.48532
0.975	0.48532
0.976	0.48532
0.977	0.48532
0.978	0.48532
0.979	0.48532
0.98	0.48532
0.981	0.48532
0.982	0.48532
0.983	0.48532
0.984	0.48532
0.985	0.48532
0.986	0.48532
0.987	0.48532
0.988	0.48532
0.989	0.48532
0.99	0.48532
0.991	0.48532
0.992	0.48532
0.993	0.48532
0.994	0.48532
0.995	0.48532
0.996	0.48532
0.997	0.48532
0.998	0.48532
0.999	0.48532
