# Interpolation data for function: x*(x>0.5)
0	0.367588
0.001	0.367588
0.002	0.367588
0.003	0.367588
0.004	0.367588
0.005	0.367588
0.006	0.367588
0.007	0.367588
0.008	0.367588
0.009	0.367588
0.01	0.367588
0.011	0.367588
0.012	0.367588
0.013	0.367588
0.014	0.367588
0.015	0.367588
0.016	0.367588
0.017	0.367588
0.018	0.367588
0.019	0.367588
0.02	0.367588
0.021	0.367588
0.022	0.367588
0.023	0.367588
0.024	0.367588
0.025	0.367588
0.026	0.367588
0.027	0.367588
0.028	0.367588
0.029	0.367588
0.03	0.367588
0.031	0.367588
0.032	0.367588
0.033	0.367588
0.034	0.367588
0.035	0.367588
0.036	0.367588
0.037	0.367588
0.038	0.367588
0.039	0.367588
0.04	0.367588
0.041	0.367588
0.042	0.367588
0.043	0.367588
0.044	0.367588
0.045	0.367588
0.046	0.367588
0.047	0.367588
0.048	0.367588
0.049	0.367588
0.05	0.367588
0.051	0.367588
0.052	0.367588
0.053	0.367588
0.054	0.367588
0.055	0.367588
0.056	0.367588
0.057	0.367588
0.058	0.367588
0.059	0.367588
0.06	0.367588
0.061	0.367588
0.062	0.367588
0.063	0.367588
0.064	0.367588
0.065	0.367588
0.066	0.367588
0.067	0.367588
0.068	0.367588
0.069	0.367588
0.07	0.367588
0.071	0.367588
0.072	0.367588
0.073	0.367588
0.074	0.367588
0.075	0.367588
0.076	0.367588
0.077	0.367588
0.078	0.367588
0.079	0.367588
0.08	0.367588
0.081	0.367588
0.082	0.367588
0.083	0.367588
0.084	0.367588
0.085	0.367588
0.086	0.367588
0.087	0.367588
0.088	0.367588
0.089	0.367588
0.09	0.367588
0.091	0.367588
0.092	0.367588
0.093	0.367588
0.094	0.367588
0.095	0.367588
0.096	0.367588
0.097	0.367588
0.098	0.367588
0.099	0.367588
0.1	0.367588
0.101	0.367588
0.102	0.367588
0.103	0.367588
0.104	0.367588
0.105	0.367588
0.106	0.367588
0.107	0.367588
0.108	0.367588
0.109	0.367588
0.11	0.367588
0.111	0.367588
0.112	0.367588
0.113	0.367588
0.114	0.367588
0.115	0.367588
0.116	0.367588
0.117	0.367588
0.118	0.367588
0.119	0.367588
0.12	0.367588
0.121	0.367588
0.122	0.367588
0.123	0.367588
0.124	0.367588
0.125	0.367588
0.126	0.367588
0.127	0.367588
0.128	0.367588
0.129	0.367588
0.13	0.367588
0.131	0.367588
0.132	0.367588
0.133	0.367588
0.134	0.367588
0.135	0.367588
0.136	0.367588
0.137	0.367588
0.138	0.367588
0.139	0.367588
0.14	0.367588
0.141	0.367588
0.142	0.367588
0.143	0.367588
0.144	0.367588
0.145	0.367588
0.146	0.367588
0.147	0.367588
0.148	0.367588
0.149	0.367588
0.15	0.367588
0.151	0.367588
0.152	0.367588
0.153	0.367588
0.154	0.367588
0.155	0.367588
0.156	0.367588
0.157	0.367588
0.158	0.367588
0.159	0.367588
0.16	0.367588
0.161	0.367588
0.162	0.367588
0.163	0.367588
0.164	0.367588
0.165	0.367588
0.166	0.367588
0.167	0.367588
0.168	0.367588
0.169	0.367588
0.17	0.367588
0.171	0.367588
0.172	0.367588
0.173	0.367588
0.174	0.367588
0.175	0.367588
0.176	0.367588
0.177	0.367588
0.178	0.367588
0.179	0.367588
0.18	0.367588
0.181	0.367588
0.182	0.367588
0.183	0.367588
0.184	0.367588
0.185	0.367588
0.186	0.367588
0.187	0.367588
0.188	0.367588
0.189	0.367588
0.19	0.367588
0.191	0.367588
0.192	0.367588
0.193	0.367588
0.194	0.367588
0.195	0.367588
0.196	0.367588
0.197	0.367588
0.198	0.367588
0.199	0.367588
0.2	0.367588
0.201	0.367588
0.202	0.367588
0.203	0.367588
0.204	0.367588
0.205	0.367588
0.206	0.367588
0.207	0.367588
0.208	0.367588
0.209	0.367588
0.21	0.367588
0.211	0.367588
0.212	0.367588
0.213	0.367588
0.214	0.367588
0.215	0.367588
0.216	0.367588
0.217	0.367588
0.218	0.367588
0.219	0.367588
0.22	0.367588
0.221	0.367588
0.222	0.367588
0.223	0.367588
0.224	0.367588
0.225	0.367588
0.226	0.367588
0.227	0.367588
0.228	0.367588
0.229	0.367588
0.23	0.367588
0.231	0.367588
0.232	0.367588
0.233	0.367588
0.234	0.367588
0.235	0.367588
0.236	0.367588
0.237	0.367588
0.238	0.367588
0.239	0.367588
0.24	0.367588
0.241	0.367588
0.242	0.367588
0.243	0.367588
0.244	0.367588
0.245	0.367588
0.246	0.367588
0.247	0.367588
0.248	0.367588
0.249	0.367588
0.25	0.367588
0.251	0.367588
0.252	0.367588
0.253	0.367588
0.254	0.367588
0.255	0.367588
0.256	0.367588
0.257	0.367588
0.258	0.367588
0.259	0.367588
0.26	0.367588
0.261	0.367588
0.262	0.367588
0.263	0.367588
0.264	0.367588
0.265	0.367588
0.266	0.367588
0.267	0.367588
0.268	0.367588
0.269	0.367588
0.27	0.367588
0.271	0.367588
0.272	0.367588
0.273	0.367588
0.274	0.367588
0.275	0.367588
0.276	0.367588
0.277	0.367588
0.278	0.367588
0.279	0.367588
0.28	0.367588
0.281	0.367588
0.282	0.367588
0.283	0.367588
0.284	0.367588
0.285	0.367588
0.286	0.367588
0.287	0.367588
0.288	0.367588
0.289	0.367588
0.29	0.367588
0.291	0.367588
0.292	0.367588
0.293	0.367588
0.294	0.367588
0.295	0.367588
0.296	0.367588
0.297	0.367588
0.298	0.367588
0.299	0.367588
0.3	0.367588
0.301	0.367588
0.302	0.367588
0.303	0.367588
0.304	0.367588
0.305	0.367588
0.306	0.367588
0.307	0.367588
0.308	0.367588
0.309	0.367588
0.31	0.367588
0.311	0.367588
0.312	0.367588
0.313	0.367588
0.314	0.367588
0.315	0.367588
0.316	0.367588
0.317	0.367588
0.318	0.367588
0.319	0.367588
0.32	0.367588
0.321	0.367588
0.322	0.367588
0.323	0.367588
0.324	0.367588
0.325	0.367588
0.326	0.367588
0.327	0.367588
0.328	0.367588
0.329	0.367588
0.33	0.367588
0.331	0.367588
0.332	0.367588
0.333	0.367588
0.334	0.367588
0.335	0.367588
0.336	0.367588
0.337	0.367588
0.338	0.367588
0.339	0.367588
0.34	0.367588
0.341	0.367588
0.342	0.367588
0.343	0.367588
0.344	0.367588
0.345	0.367588
0.346	0.367588
0.347	0.367588
0.348	0.367588
0.349	0.367588
0.35	0.367588
0.351	0.367588
0.352	0.367588
0.353	0.367588
0.354	0.367588
0.355	0.367588
0.356	0.367588
0.357	0.367588
0.358	0.367588
0.359	0.367588
0.36	0.367588
0.361	0.367588
0.362	0.367588
0.363	0.367588
0.364	0.367588
0.365	0.367588
0.366	0.367588
0.367	0.367588
0.368	0.367588
0.369	0.367588
0.37	0.367588
0.371	0.367588
0.372	0.367588
0.373	0.367588
0.374	0.367588
0.375	0.367588
0.376	0.367588
0.377	0.367588
0.378	0.367588
0.379	0.367588
0.38	0.367588
0.381	0.367588
0.382	0.367588
0.383	0.367588
0.384	0.367588
0.385	0.367588
0.386	0.367588
0.387	0.367588
0.388	0.367588
0.389	0.367588
0.39	0.367588
0.391	0.367588
0.392	0.367588
0.393	0.367588
0.394	0.367588
0.395	0.367588
0.396	0.367588
0.397	0.367588
0.398	0.367588
0.399	0.367588
0.4	0.367588
0.401	0.367588
0.402	0.367588
0.403	0.367588
0.404	0.367588
0.405	0.367588
0.406	0.367588
0.407	0.367588
0.408	0.367588
0.409	0.367588
0.41	0.367588
0.411	0.367588
0.412	0.367588
0.413	0.367588
0.414	0.367588
0.415	0.367588
0.416	0.367588
0.417	0.367588
0.418	0.367588
0.419	0.367588
0.42	0.367588
0.421	0.367588
0.422	0.367588
0.423	0.367588
0.424	0.367588
0.425	0.367588
0.426	0.367588
0.427	0.367588
0.428	0.367588
0.429	0.367588
0.43	0.367588
0.431	0.367588
0.432	0.367588
0.433	0.367588
0.434	0.367588
0.435	0.367588
0.436	0.367588
0.437	0.367588
0.438	0.367588
0.439	0.367588
0.44	0.367588
0.441	0.367588
0.442	0.367588
0.443	0.367588
0.444	0.367588
0.445	0.367588
0.446	0.367588
0.447	0.367588
0.448	0.367588
0.449	0.367588
0.45	0.367588
0.451	0.367588
0.452	0.367588
0.453	0.367588
0.454	0.367588
0.455	0.367588
0.456	0.367588
0.457	0.367588
0.458	0.367588
0.459	0.367588
0.46	0.367588
0.461	0.367588
0.462	0.367588
0.463	0.367588
0.464	0.367588
0.465	0.367588
0.466	0.367588
0.467	0.367588
0.468	0.367588
0.469	0.367588
0.47	0.367588
0.471	0.367588
0.472	0.367588
0.473	0.367588
0.474	0.367588
0.475	0.367588
0.476	0.367588
0.477	0.367588
0.478	0.367588
0.479	0.367588
0.48	0.367588
0.481	0.367588
0.482	0.367588
0.483	0.367588
0.484	0.367588
0.485	0.367588
0.486	0.367588
0.487	0.367588
0.488	0.367588
0.489	0.367588
0.49	0.367588
0.491	0.367588
0.492	0.367588
0.493	0.367588
0.494	0.367588
0.495	0.367588
0.496	0.367588
0.497	0.367588
0.498	0.367588
0.499	0.367588
0.5	0.367588
0.501	0.367588
0.502	0.367588
0.503	0.367588
0.504	0.367588
0.505	0.367588
0.506	0.367588
0.507	0.367588
0.508	0.367588
0.509	0.367588
0.51	0.367588
0.511	0.367588
0.512	0.367588
0.513	0.367588
0.514	0.367588
0.515	0.367588
0.516	0.367588
0.517	0.367588
0.518	0.367588
0.519	0.367588
0.52	0.367588
0.521	0.367588
0.522	0.367588
0.523	0.367588
0.524	0.367588
0.525	0.367588
0.526	0.367588
0.527	0.367588
0.528	0.367588
0.529	0.367588
0.53	0.367588
0.531	0.367588
0.532	0.367588
0.533	0.367588
0.534	0.367588
0.535	0.367588
0.536	0.367588
0.537	0.367588
0.538	0.367588
0.539	0.367588
0.54	0.367588
0.541	0.367588
0.542	0.367588
0.543	0.367588
0.544	0.367588
0.545	0.367588
0.546	0.367588
0.547	0.367588
0.548	0.367588
0.549	0.367588
0.55	0.367588
0.551	0.367588
0.552	0.367588
0.553	0.367588
0.554	0.367588
0.555	0.367588
0.556	0.367588
0.557	0.367588
0.558	0.367588
0.559	0.367588
0.56	0.367588
0.561	0.367588
0.562	0.367588
0.563	0.367588
0.564	0.367588
0.565	0.367588
0.566	0.367588
0.567	0.367588
0.568	0.367588
0.569	0.367588
0.57	0.367588
0.571	0.367588
0.572	0.367588
0.573	0.367588
0.574	0.367588
0.575	0.367588
0.576	0.367588
0.577	0.367588
0.578	0.367588
0.579	0.367588
0.58	0.367588
0.581	0.367588
0.582	0.367588
0.583	0.367588
0.584	0.367588
0.585	0.367588
0.586	0.367588
0.587	0.367588
0.588	0.367588
0.589	0.367588
0.59	0.367588
0.591	0.367588
0.592	0.367588
0.593	0.367588
0.594	0.367588
0.595	0.367588
0.596	0.367588
0.597	0.367588
0.598	0.367588
0.599	0.367588
0.6	0.367588
0.601	0.367588
0.602	0.367588
0.603	0.367588
0.604	0.367588
0.605	0.367588
0.606	0.367588
0.607	0.367588
0.608	0.367588
0.609	0.367588
0.61	0.367588
0.611	0.367588
0.612	0.367588
0.613	0.367588
0.614	0.367588
0.615	0.367588
0.616	0.367588
0.617	0.367588
0.618	0.367588
0.619	0.367588
0.62	0.367588
0.621	0.367588
0.622	0.367588
0.623	0.367588
0.624	0.367588
0.625	0.367588
0.626	0.367588
0.627	0.367588
0.628	0.367588
0.629	0.367588
0.63	0.367588
0.631	0.367588
0.632	0.367588
0.633	0.367588
0.634	0.367588
0.635	0.367588
0.636	0.367588
0.637	0.367588
0.638	0.367588
0.639	0.367588
0.64	0.367588
0.641	0.367588
0.642	0.367588
0.643	0.367588
0.644	0.367588
0.645	0.367588
0.646	0.367588
0.647	0.367588
0.648	0.367588
0.649	0.367588
0.65	0.367588
0.651	0.367588
0.652	0.367588
0.653	0.367588
0.654	0.367588
0.655	0.367588
0.656	0.367588
0.657	0.367588
0.658	0.367588
0.659	0.367588
0.66	0.367588
0.661	0.367588
0.662	0.367588
0.663	0.367588
0.664	0.367588
0.665	0.367588
0.666	0.367588
0.667	0.367588
0.668	0.367588
0.669	0.367588
0.67	0.367588
0.671	0.367588
0.672	0.367588
0.673	0.367588
0.674	0.367588
0.675	0.367588
0.676	0.367588
0.677	0.367588
0.678	0.367588
0.679	0.367588
0.68	0.367588
0.681	0.367588
0.682	0.367588
0.683	0.367588
0.684	0.367588
0.685	0.367588
0.686	0.367588
0.687	0.367588
0.688	0.367588
0.689	0.367588
0.69	0.367588
0.691	0.367588
0.692	0.367588
0.693	0.367588
0.694	0.367588
0.695	0.367588
0.696	0.367588
0.697	0.367588
0.698	0.367588
0.699	0.367588
0.7	0.367588
0.701	0.367588
0.702	0.367588
0.703	0.367588
0.704	0.367588
0.705	0.367588
0.706	0.367588
0.707	0.367588
0.708	0.367588
0.709	0.367588
0.71	0.367588
0.711	0.367588
0.712	0.367588
0.713	0.367588
0.714	0.367588
0.715	0.367588
0.716	0.367588
0.717	0.367588
0.718	0.367588
0.719	0.367588
0.72	0.367588
0.721	0.367588
0.722	0.367588
0.723	0.367588
0.724	0.367588
0.725	0.367588
0.726	0.367588
0.727	0.367588
0.728	0.367588
0.729	0.367588
0.73	0.367588
0.731	0.367588
0.732	0.367588
0.733	0.367588
0.734	0.367588
0.735	0.367588
0.736	0.367588
0.737	0.367588
0.738	0.367588
0.739	0.367588
0.74	0.367588
0.741	0.367588
0.742	0.367588
0.743	0.367588
0.744	0.367588
0.745	0.367588
0.746	0.367588
0.747	0.367588
0.748	0.367588
0.749	0.367588
0.75	0.367588
0.751	0.367588
0.752	0.367588
0.753	0.367588
0.754	0.367588
0.755	0.367588
0.756	0.367588
0.757	0.367588
0.758	0.367588
0.759	0.367588
0.76	0.367588
0.761	0.367588
0.762	0.367588
0.763	0.367588
0.764	0.367588
0.765	0.367588
0.766	0.367588
0.767	0.367588
0.768	0.367588
0.769	0.367588
0.77	0.367588
0.771	0.367588
0.772	0.367588
0.773	0.367588
0.774	0.367588
0.775	0.367588
0.776	0.367588
0.777	0.367588
0.778	0.367588
0.779	0.367588
0.78	0.367588
0.781	0.367588
0.782	0.367588
0.783	0.367588
0.784	0.367588
0.785	0.367588
0.786	0.367588
0.787	0.367588
0.788	0.367588
0.789	0.367588
0.79	0.367588
0.791	0.367588
0.792	0.367588
0.793	0.367588
0.794	0.367588
0.795	0.367588
0.796	0.367588
0.797	0.367588
0.798	0.367588
0.799	0.367588
0.8	0.367588
0.801	0.367588
0.802	0.367588
0.803	0.367588
0.804	0.367588
0.805	0.367588
0.806	0.367588
0.807	0.367588
0.808	0.367588
0.809	0.367588
0.81	0.367588
0.811	0.367588
0.812	0.367588
0.813	0.367588
0.814	0.367588
0.815	0.367588
0.816	0.367588
0.817	0.367588
0.818	0.367588
0.819	0.367588
0.82	0.367588
0.821	0.367588
0.822	0.367588
0.823	0.367588
0.824	0.367588
0.825	0.367588
0.826	0.367588
0.827	0.367588
0.828	0.367588
0.829	0.367588
0.83	0.367588
0.831	0.367588
0.832	0.367588
0.833	0.367588
0.834	0.367588
0.835	0.367588
0.836	0.367588
0.837	0.367588
0.838	0.367588
0.839	0.367588
0.84	0.367588
0.841	0.367588
0.842	0.367588
0.843	0.367588
0.844	0.367588
0.845	0.367588
0.846	0.367588
0.847	0.367588
0.848	0.367588
0.849	0.367588
0.85	0.367588
0.851	0.367588
0.852	0.367588
0.853	0.367588
0.854	0.367588
0.855	0.367588
0.856	0.367588
0.857	0.367588
0.858	0.367588
0.859	0.367588
0.86	0.367588
0.861	0.367588
0.862	0.367588
0.863	0.367588
0.864	0.367588
0.865	0.367588
0.866	0.367588
0.867	0.367588
0.868	0.367588
0.869	0.367588
0.87	0.367588
0.871	0.367588
0.872	0.367588
0.873	0.367588
0.874	0.367588
0.875	0.367588
0.876	0.367588
0.877	0.367588
0.878	0.367588
0.879	0.367588
0.88	0.367588
0.881	0.367588
0.882	0.367588
0.883	0.367588
0.884	0.367588
0.885	0.367588
0.886	0.367588
0.887	0.367588
0.888	0.367588
0.889	0.367588
0.89	0.367588
0.891	0.367588
0.892	0.367588
0.893	0.367588
0.894	0.367588
0.895	0.367588
0.896	0.367588
0.897	0.367588
0.898	0.367588
0.899	0.367588
0.9	0.367588
0.901	0.367588
0.902	0.367588
0.903	0.367588
0.904	0.367588
0.905	0.367588
0.906	0.367588
0.907	0.367588
0.908	0.367588
0.909	0.367588
0.91	0.367588
0.911	0.367588
0.912	0.367588
0.913	0.367588
0.914	0.367588
0.915	0.367588
0.916	0.367588
0.917	0.367588
0.918	0.367588
0.919	0.367588
0.92	0.367588
0.921	0.367588
0.922	0.367588
0.923	0.367588
0.924	0.367588
0.925	0.367588
0.926	0.367588
0.927	0.367588
0.928	0.367588
0.929	0.367588
0.93	0.367588
0.931	0.367588
0.932	0.367588
0.933	0.367588
0.934	0.367588
0.935	0.367588
0.936	0.367588
0.937	0.367588
0.938	0.367588
0.939	0.367588
0.94	0.367588
0.941	0.367588
0.942	0.367588
0.943	0.367588
0.944	0.367588
0.945	0.367588
0.946	0.367588
0.947	0.367588
0.948	0.367588
0.949	0.367588
0.95	0.367588
0.951	0.367588
0.952	0.367588
0.953	0.367588
0.954	0.367588
0.955	0.367588
0.956	0.367588
0.957	0.367588
0.958	0.367588
0.959	0.367588
0.96	0.367588
0.961	0.367588
0.962	0.367588
0.963	0.367588
0.964	0.367588
0.965	0.367588
0.966	0.367588
0.967	0.367588
0.968	0.367588
0.969	0.367588
0.97	0.367588
0.971	0.367588
0.972	0.367588
0.973	0.367588
0.974	0.367588
0.975	0.367588
0.976	0.367588
0.977	0.367588
0.978	0.367588
0.979	0.367588
0.98	0.367588
0.981	0.367588
0.982	0.367588
0.983	0.367588
0.984	0.367588
0.985	0.367588
0.986	0.367588
0.987	0.367588
0.988	0.367588
0.989	0.367588
0.99	0.367588
0.991	0.367588
0.992	0.367588
0.993	0.367588
0.994	0.367588
0.995	0.367588
0.996	0.367588
0.997	0.367588
0.998	0.367588
0.999	0.367588
