# Interpolation data for function: (exp(100*(abs(2*x-1)))-1)/(exp(100)-1)
0.25	3.8575e-24
0.251	3.8575e-24
0.252	3.8575e-24
0.253	3.8575e-24
0.254	3.8575e-24
0.255	3.8575e-24
0.256	3.8575e-24
0.257	3.8575e-24
0.258	3.8575e-24
0.259	3.8575e-24
0.26	3.8575e-24
0.261	3.8575e-24
0.262	3.8575e-24
0.263	3.8575e-24
0.264	3.8575e-24
0.265	3.8575e-24
0.266	3.8575e-24
0.267	3.8575e-24
0.268	3.8575e-24
0.269	3.8575e-24
0.27	3.8575e-24
0.271	3.8575e-24
0.272	3.8575e-24
0.273	3.8575e-24
0.274	3.8575e-24
0.275	3.8575e-24
0.276	3.8575e-24
0.277	3.8575e-24
0.278	3.8575e-24
0.279	3.8575e-24
0.28	3.8575e-24
0.281	3.8575e-24
0.282	3.8575e-24
0.283	3.8575e-24
0.284	3.8575e-24
0.285	3.8575e-24
0.286	3.8575e-24
0.287	3.8575e-24
0.288	3.8575e-24
0.289	3.8575e-24
0.29	3.8575e-24
0.291	3.8575e-24
0.292	3.8575e-24
0.293	3.8575e-24
0.294	3.8575e-24
0.295	3.8575e-24
0.296	3.8575e-24
0.297	3.8575e-24
0.298	3.8575e-24
0.299	3.8575e-24
0.3	3.8575e-24
0.301	3.8575e-24
0.302	3.8575e-24
0.303	3.8575e-24
0.304	3.8575e-24
0.305	3.8575e-24
0.306	3.8575e-24
0.307	3.8575e-24
0.308	3.8575e-24
0.309	3.8575e-24
0.31	3.8575e-24
0.311	3.8575e-24
0.312	3.8575e-24
0.313	3.8575e-24
0.314	3.8575e-24
0.315	3.8575e-24
0.316	3.8575e-24
0.317	3.8575e-24
0.318	3.8575e-24
0.319	3.8575e-24
0.32	3.8575e-24
0.321	3.8575e-24
0.322	3.8575e-24
0.323	3.8575e-24
0.324	3.8575e-24
0.325	3.8575e-24
0.326	3.8575e-24
0.327	3.8575e-24
0.328	3.8575e-24
0.329	3.8575e-24
0.33	3.8575e-24
0.331	3.8575e-24
0.332	3.8575e-24
0.333	3.8575e-24
0.334	3.8575e-24
0.335	3.8575e-24
0.336	3.8575e-24
0.337	3.8575e-24
0.338	3.8575e-24
0.339	3.8575e-24
0.34	3.8575e-24
0.341	3.8575e-24
0.342	3.8575e-24
0.343	3.8575e-24
0.344	3.8575e-24
0.345	3.8575e-24
0.346	3.8575e-24
0.347	3.8575e-24
0.348	3.8575e-24
0.349	3.8575e-24
0.35	3.8575e-24
0.351	3.8575e-24
0.352	3.8575e-24
0.353	3.8575e-24
0.354	3.8575e-24
0.355	3.8575e-24
0.356	3.8575e-24
0.357	3.8575e-24
0.358	3.8575e-24
0.359	3.8575e-24
0.36	3.8575e-24
0.361	3.8575e-24
0.362	3.8575e-24
0.363	3.8575e-24
0.364	3.8575e-24
0.365	3.8575e-24
0.366	3.8575e-24
0.367	3.8575e-24
0.368	3.8575e-24
0.369	3.8575e-24
0.37	3.8575e-24
0.371	3.8575e-24
0.372	3.8575e-24
0.373	3.8575e-24
0.374	3.8575e-24
0.375	3.8575e-24
0.376	3.8575e-24
0.377	3.8575e-24
0.378	3.8575e-24
0.379	3.8575e-24
0.38	3.8575e-24
0.381	3.8575e-24
0.382	3.8575e-24
0.383	3.8575e-24
0.384	3.8575e-24
0.385	3.8575e-24
0.386	3.8575e-24
0.387	3.8575e-24
0.388	3.8575e-24
0.389	3.8575e-24
0.39	3.8575e-24
0.391	3.8575e-24
0.392	3.8575e-24
0.393	3.8575e-24
0.394	3.8575e-24
0.395	3.8575e-24
0.396	3.8575e-24
0.397	3.8575e-24
0.398	3.8575e-24
0.399	3.8575e-24
0.4	3.8575e-24
0.401	3.8575e-24
0.402	3.8575e-24
0.403	3.8575e-24
0.404	3.8575e-24
0.405	3.8575e-24
0.406	3.8575e-24
0.407	3.8575e-24
0.408	3.8575e-24
0.409	3.8575e-24
0.41	3.8575e-24
0.411	3.8575e-24
0.412	3.8575e-24
0.413	3.8575e-24
0.414	3.8575e-24
0.415	3.8575e-24
0.416	3.8575e-24
0.417	3.8575e-24
0.418	3.8575e-24
0.419	3.8575e-24
0.42	3.8575e-24
0.421	3.8575e-24
0.422	3.8575e-24
0.423	3.8575e-24
0.424	3.8575e-24
0.425	3.8575e-24
0.426	3.8575e-24
0.427	3.8575e-24
0.428	3.8575e-24
0.429	3.8575e-24
0.43	3.8575e-24
0.431	3.8575e-24
0.432	3.8575e-24
0.433	3.8575e-24
0.434	3.8575e-24
0.435	3.8575e-24
0.436	3.8575e-24
0.437	3.8575e-24
0.438	3.8575e-24
0.439	3.8575e-24
0.44	3.8575e-24
0.441	3.8575e-24
0.442	3.8575e-24
0.443	3.8575e-24
0.444	3.8575e-24
0.445	3.8575e-24
0.446	3.8575e-24
0.447	3.8575e-24
0.448	3.8575e-24
0.449	3.8575e-24
0.45	3.8575e-24
0.451	3.8575e-24
0.452	3.8575e-24
0.453	3.8575e-24
0.454	3.8575e-24
0.455	3.8575e-24
0.456	3.8575e-24
0.457	3.8575e-24
0.458	3.8575e-24
0.459	3.8575e-24
0.46	3.8575e-24
0.461	3.8575e-24
0.462	3.8575e-24
0.463	3.8575e-24
0.464	3.8575e-24
0.465	3.8575e-24
0.466	3.8575e-24
0.467	3.8575e-24
0.468	3.8575e-24
0.469	3.8575e-24
0.47	3.8575e-24
0.471	3.8575e-24
0.472	3.8575e-24
0.473	3.8575e-24
0.474	3.8575e-24
0.475	3.8575e-24
0.476	3.8575e-24
0.477	3.8575e-24
0.478	3.8575e-24
0.479	3.8575e-24
0.48	3.8575e-24
0.481	3.8575e-24
0.482	3.8575e-24
0.483	3.8575e-24
0.484	3.8575e-24
0.485	3.8575e-24
0.486	3.8575e-24
0.487	3.8575e-24
0.488	3.8575e-24
0.489	3.8575e-24
0.49	3.8575e-24
0.491	3.8575e-24
0.492	3.8575e-24
0.493	3.8575e-24
0.494	3.8575e-24
0.495	3.8575e-24
0.496	3.8575e-24
0.497	3.8575e-24
0.498	3.8575e-24
0.499	3.8575e-24
0.5	3.8575e-24
0.501	3.8575e-24
0.502	3.8575e-24
0.503	3.8575e-24
0.504	3.8575e-24
0.505	3.8575e-24
0.506	3.8575e-24
0.507	3.8575e-24
0.508	3.8575e-24
0.509	3.8575e-24
0.51	3.8575e-24
0.511	3.8575e-24
0.512	3.8575e-24
0.513	3.8575e-24
0.514	3.8575e-24
0.515	3.8575e-24
0.516	3.8575e-24
0.517	3.8575e-24
0.518	3.8575e-24
0.519	3.8575e-24
0.52	3.8575e-24
0.521	3.8575e-24
0.522	3.8575e-24
0.523	3.8575e-24
0.524	3.8575e-24
0.525	3.8575e-24
0.526	3.8575e-24
0.527	3.8575e-24
0.528	3.8575e-24
0.529	3.8575e-24
0.53	3.8575e-24
0.531	3.8575e-24
0.532	3.8575e-24
0.533	3.8575e-24
0.534	3.8575e-24
0.535	3.8575e-24
0.536	3.8575e-24
0.537	3.8575e-24
0.538	3.8575e-24
0.539	3.8575e-24
0.54	3.8575e-24
0.541	3.8575e-24
0.542	3.8575e-24
0.543	3.8575e-24
0.544	3.8575e-24
0.545	3.8575e-24
0.546	3.8575e-24
0.547	3.8575e-24
0.548	3.8575e-24
0.549	3.8575e-24
0.55	3.8575e-24
0.551	3.8575e-24
0.552	3.8575e-24
0.553	3.8575e-24
0.554	3.8575e-24
0.555	3.8575e-24
0.556	3.8575e-24
0.557	3.8575e-24
0.558	3.8575e-24
0.559	3.8575e-24
0.56	3.8575e-24
0.561	3.8575e-24
0.562	3.8575e-24
0.563	3.8575e-24
0.564	3.8575e-24
0.565	3.8575e-24
0.566	3.8575e-24
0.567	3.8575e-24
0.568	3.8575e-24
0.569	3.8575e-24
0.57	3.8575e-24
0.571	3.8575e-24
0.572	3.8575e-24
0.573	3.8575e-24
0.574	3.8575e-24
0.575	3.8575e-24
0.576	3.8575e-24
0.577	3.8575e-24
0.578	3.8575e-24
0.579	3.8575e-24
0.58	3.8575e-24
0.581	3.8575e-24
0.582	3.8575e-24
0.583	3.8575e-24
0.584	3.8575e-24
0.585	3.8575e-24
0.586	3.8575e-24
0.587	3.8575e-24
0.588	3.8575e-24
0.589	3.8575e-24
0.59	3.8575e-24
0.591	3.8575e-24
0.592	3.8575e-24
0.593	3.8575e-24
0.594	3.8575e-24
0.595	3.8575e-24
0.596	3.8575e-24
0.597	3.8575e-24
0.598	3.8575e-24
0.599	3.8575e-24
0.6	3.8575e-24
0.601	3.8575e-24
0.602	3.8575e-24
0.603	3.8575e-24
0.604	3.8575e-24
0.605	3.8575e-24
0.606	3.8575e-24
0.607	3.8575e-24
0.608	3.8575e-24
0.609	3.8575e-24
0.61	3.8575e-24
0.611	3.8575e-24
0.612	3.8575e-24
0.613	3.8575e-24
0.614	3.8575e-24
0.615	3.8575e-24
0.616	3.8575e-24
0.617	3.8575e-24
0.618	3.8575e-24
0.619	3.8575e-24
0.62	3.8575e-24
0.621	3.8575e-24
0.622	3.8575e-24
0.623	3.8575e-24
0.624	3.8575e-24
0.625	3.8575e-24
0.626	3.8575e-24
0.627	3.8575e-24
0.628	3.8575e-24
0.629	3.8575e-24
0.63	3.8575e-24
0.631	3.8575e-24
0.632	3.8575e-24
0.633	3.8575e-24
0.634	3.8575e-24
0.635	3.8575e-24
0.636	3.8575e-24
0.637	3.8575e-24
0.638	3.8575e-24
0.639	3.8575e-24
0.64	3.8575e-24
0.641	3.8575e-24
0.642	3.8575e-24
0.643	3.8575e-24
0.644	3.8575e-24
0.645	3.8575e-24
0.646	3.8575e-24
0.647	3.8575e-24
0.648	3.8575e-24
0.649	3.8575e-24
0.65	3.8575e-24
0.651	3.8575e-24
0.652	3.8575e-24
0.653	3.8575e-24
0.654	3.8575e-24
0.655	3.8575e-24
0.656	3.8575e-24
0.657	3.8575e-24
0.658	3.8575e-24
0.659	3.8575e-24
0.66	3.8575e-24
0.661	3.8575e-24
0.662	3.8575e-24
0.663	3.8575e-24
0.664	3.8575e-24
0.665	3.8575e-24
0.666	3.8575e-24
0.667	3.8575e-24
0.668	3.8575e-24
0.669	3.8575e-24
0.67	3.8575e-24
0.671	3.8575e-24
0.672	3.8575e-24
0.673	3.8575e-24
0.674	3.8575e-24
0.675	3.8575e-24
0.676	3.8575e-24
0.677	3.8575e-24
0.678	3.8575e-24
0.679	3.8575e-24
0.68	3.8575e-24
0.681	3.8575e-24
0.682	3.8575e-24
0.683	3.8575e-24
0.684	3.8575e-24
0.685	3.8575e-24
0.686	3.8575e-24
0.687	3.8575e-24
0.688	3.8575e-24
0.689	3.8575e-24
0.69	3.8575e-24
0.691	3.8575e-24
0.692	3.8575e-24
0.693	3.8575e-24
0.694	3.8575e-24
0.695	3.8575e-24
0.696	3.8575e-24
0.697	3.8575e-24
0.698	3.8575e-24
0.699	3.8575e-24
0.7	3.8575e-24
0.701	3.8575e-24
0.702	3.8575e-24
0.703	3.8575e-24
0.704	3.8575e-24
0.705	3.8575e-24
0.706	3.8575e-24
0.707	3.8575e-24
0.708	3.8575e-24
0.709	3.8575e-24
0.71	3.8575e-24
0.711	3.8575e-24
0.712	3.8575e-24
0.713	3.8575e-24
0.714	3.8575e-24
0.715	3.8575e-24
0.716	3.8575e-24
0.717	3.8575e-24
0.718	3.8575e-24
0.719	3.8575e-24
0.72	3.8575e-24
0.721	3.8575e-24
0.722	3.8575e-24
0.723	3.8575e-24
0.724	3.8575e-24
0.725	3.8575e-24
0.726	3.8575e-24
0.727	3.8575e-24
0.728	3.8575e-24
0.729	3.8575e-24
0.73	3.8575e-24
0.731	3.8575e-24
0.732	3.8575e-24
0.733	3.8575e-24
0.734	3.8575e-24
0.735	3.8575e-24
0.736	3.8575e-24
0.737	3.8575e-24
0.738	3.8575e-24
0.739	3.8575e-24
0.74	3.8575e-24
0.741	3.8575e-24
0.742	3.8575e-24
0.743	3.8575e-24
0.744	3.8575e-24
0.745	3.8575e-24
0.746	3.8575e-24
0.747	3.8575e-24
0.748	3.8575e-24
0.749	3.8575e-24
0.125	5.55518e-13
0.126	5.55518e-13
0.127	5.55518e-13
0.128	5.55518e-13
0.129	5.55518e-13
0.13	5.55518e-13
0.131	5.55518e-13
0.132	5.55518e-13
0.133	5.55518e-13
0.134	5.55518e-13
0.135	5.55518e-13
0.136	5.55518e-13
0.137	5.55518e-13
0.138	5.55518e-13
0.139	5.55518e-13
0.14	5.55518e-13
0.141	5.55518e-13
0.142	5.55518e-13
0.143	5.55518e-13
0.144	5.55518e-13
0.145	5.55518e-13
0.146	5.55518e-13
0.147	5.55518e-13
0.148	5.55518e-13
0.149	5.55518e-13
0.15	5.55518e-13
0.151	5.55518e-13
0.152	5.55518e-13
0.153	5.55518e-13
0.154	5.55518e-13
0.155	5.55518e-13
0.156	5.55518e-13
0.157	5.55518e-13
0.158	5.55518e-13
0.159	5.55518e-13
0.16	5.55518e-13
0.161	5.55518e-13
0.162	5.55518e-13
0.163	5.55518e-13
0.164	5.55518e-13
0.165	5.55518e-13
0.166	5.55518e-13
0.167	5.55518e-13
0.168	5.55518e-13
0.169	5.55518e-13
0.17	5.55518e-13
0.171	5.55518e-13
0.172	5.55518e-13
0.173	5.55518e-13
0.174	5.55518e-13
0.175	5.55518e-13
0.176	5.55518e-13
0.177	5.55518e-13
0.178	5.55518e-13
0.179	5.55518e-13
0.18	5.55518e-13
0.181	5.55518e-13
0.182	5.55518e-13
0.183	5.55518e-13
0.184	5.55518e-13
0.185	5.55518e-13
0.186	5.55518e-13
0.187	5.55518e-13
0.188	5.55518e-13
0.189	5.55518e-13
0.19	5.55518e-13
0.191	5.55518e-13
0.192	5.55518e-13
0.193	5.55518e-13
0.194	5.55518e-13
0.195	5.55518e-13
0.196	5.55518e-13
0.197	5.55518e-13
0.198	5.55518e-13
0.199	5.55518e-13
0.2	5.55518e-13
0.201	5.55518e-13
0.202	5.55518e-13
0.203	5.55518e-13
0.204	5.55518e-13
0.205	5.55518e-13
0.206	5.55518e-13
0.207	5.55518e-13
0.208	5.55518e-13
0.209	5.55518e-13
0.21	5.55518e-13
0.211	5.55518e-13
0.212	5.55518e-13
0.213	5.55518e-13
0.214	5.55518e-13
0.215	5.55518e-13
0.216	5.55518e-13
0.217	5.55518e-13
0.218	5.55518e-13
0.219	5.55518e-13
0.22	5.55518e-13
0.221	5.55518e-13
0.222	5.55518e-13
0.223	5.55518e-13
0.224	5.55518e-13
0.225	5.55518e-13
0.226	5.55518e-13
0.227	5.55518e-13
0.228	5.55518e-13
0.229	5.55518e-13
0.23	5.55518e-13
0.231	5.55518e-13
0.232	5.55518e-13
0.233	5.55518e-13
0.234	5.55518e-13
0.235	5.55518e-13
0.236	5.55518e-13
0.237	5.55518e-13
0.238	5.55518e-13
0.239	5.55518e-13
0.24	5.55518e-13
0.241	5.55518e-13
0.242	5.55518e-13
0.243	5.55518e-13
0.244	5.55518e-13
0.245	5.55518e-13
0.246	5.55518e-13
0.247	5.55518e-13
0.248	5.55518e-13
0.249	5.55518e-13
0.75	5.55518e-13
0.751	5.55518e-13
0.752	5.55518e-13
0.753	5.55518e-13
0.754	5.55518e-13
0.755	5.55518e-13
0.756	5.55518e-13
0.757	5.55518e-13
0.758	5.55518e-13
0.759	5.55518e-13
0.76	5.55518e-13
0.761	5.55518e-13
0.762	5.55518e-13
0.763	5.55518e-13
0.764	5.55518e-13
0.765	5.55518e-13
0.766	5.55518e-13
0.767	5.55518e-13
0.768	5.55518e-13
0.769	5.55518e-13
0.77	5.55518e-13
0.771	5.55518e-13
0.772	5.55518e-13
0.773	5.55518e-13
0.774	5.55518e-13
0.775	5.55518e-13
0.776	5.55518e-13
0.777	5.55518e-13
0.778	5.55518e-13
0.779	5.55518e-13
0.78	5.55518e-13
0.781	5.55518e-13
0.782	5.55518e-13
0.783	5.55518e-13
0.784	5.55518e-13
0.785	5.55518e-13
0.786	5.55518e-13
0.787	5.55518e-13
0.788	5.55518e-13
0.789	5.55518e-13
0.79	5.55518e-13
0.791	5.55518e-13
0.792	5.55518e-13
0.793	5.55518e-13
0.794	5.55518e-13
0.795	5.55518e-13
0.796	5.55518e-13
0.797	5.55518e-13
0.798	5.55518e-13
0.799	5.55518e-13
0.8	5.55518e-13
0.801	5.55518e-13
0.802	5.55518e-13
0.803	5.55518e-13
0.804	5.55518e-13
0.805	5.55518e-13
0.806	5.55518e-13
0.807	5.55518e-13
0.808	5.55518e-13
0.809	5.55518e-13
0.81	5.55518e-13
0.811	5.55518e-13
0.812	5.55518e-13
0.813	5.55518e-13
0.814	5.55518e-13
0.815	5.55518e-13
0.816	5.55518e-13
0.817	5.55518e-13
0.818	5.55518e-13
0.819	5.55518e-13
0.82	5.55518e-13
0.821	5.55518e-13
0.822	5.55518e-13
0.823	5.55518e-13
0.824	5.55518e-13
0.825	5.55518e-13
0.826	5.55518e-13
0.827	5.55518e-13
0.828	5.55518e-13
0.829	5.55518e-13
0.83	5.55518e-13
0.831	5.55518e-13
0.832	5.55518e-13
0.833	5.55518e-13
0.834	5.55518e-13
0.835	5.55518e-13
0.836	5.55518e-13
0.837	5.55518e-13
0.838	5.55518e-13
0.839	5.55518e-13
0.84	5.55518e-13
0.841	5.55518e-13
0.842	5.55518e-13
0.843	5.55518e-13
0.844	5.55518e-13
0.845	5.55518e-13
0.846	5.55518e-13
0.847	5.55518e-13
0.848	5.55518e-13
0.849	5.55518e-13
0.85	5.55518e-13
0.851	5.55518e-13
0.852	5.55518e-13
0.853	5.55518e-13
0.854	5.55518e-13
0.855	5.55518e-13
0.856	5.55518e-13
0.857	5.55518e-13
0.858	5.55518e-13
0.859	5.55518e-13
0.86	5.55518e-13
0.861	5.55518e-13
0.862	5.55518e-13
0.863	5.55518e-13
0.864	5.55518e-13
0.865	5.55518e-13
0.866	5.55518e-13
0.867	5.55518e-13
0.868	5.55518e-13
0.869	5.55518e-13
0.87	5.55518e-13
0.871	5.55518e-13
0.872	5.55518e-13
0.873	5.55518e-13
0.874	5.55518e-13
0.0625	2.98131e-07
0.0635	2.98131e-07
0.0645	2.98131e-07
0.0655	2.98131e-07
0.0665	2.98131e-07
0.0675	2.98131e-07
0.0685	2.98131e-07
0.0695	2.98131e-07
0.0705	2.98131e-07
0.0715	2.98131e-07
0.0725	2.98131e-07
0.0735	2.98131e-07
0.0745	2.98131e-07
0.0755	2.98131e-07
0.0765	2.98131e-07
0.0775	2.98131e-07
0.0785	2.98131e-07
0.0795	2.98131e-07
0.0805	2.98131e-07
0.0815	2.98131e-07
0.0825	2.98131e-07
0.0835	2.98131e-07
0.0845	2.98131e-07
0.0855	2.98131e-07
0.0865	2.98131e-07
0.0875	2.98131e-07
0.0885	2.98131e-07
0.0895	2.98131e-07
0.0905	2.98131e-07
0.0915	2.98131e-07
0.0925	2.98131e-07
0.0935	2.98131e-07
0.0945	2.98131e-07
0.0955	2.98131e-07
0.0965	2.98131e-07
0.0975	2.98131e-07
0.0985	2.98131e-07
0.0995	2.98131e-07
0.1005	2.98131e-07
0.1015	2.98131e-07
0.1025	2.98131e-07
0.1035	2.98131e-07
0.1045	2.98131e-07
0.1055	2.98131e-07
0.1065	2.98131e-07
0.1075	2.98131e-07
0.1085	2.98131e-07
0.1095	2.98131e-07
0.1105	2.98131e-07
0.1115	2.98131e-07
0.1125	2.98131e-07
0.1135	2.98131e-07
0.1145	2.98131e-07
0.1155	2.98131e-07
0.1165	2.98131e-07
0.1175	2.98131e-07
0.1185	2.98131e-07
0.1195	2.98131e-07
0.1205	2.98131e-07
0.1215	2.98131e-07
0.1225	2.98131e-07
0.1235	2.98131e-07
0.1245	2.98131e-07
0.875	2.98131e-07
0.876	2.98131e-07
0.877	2.98131e-07
0.878	2.98131e-07
0.879	2.98131e-07
0.88	2.98131e-07
0.881	2.98131e-07
0.882	2.98131e-07
0.883	2.98131e-07
0.884	2.98131e-07
0.885	2.98131e-07
0.886	2.98131e-07
0.887	2.98131e-07
0.888	2.98131e-07
0.889	2.98131e-07
0.89	2.98131e-07
0.891	2.98131e-07
0.892	2.98131e-07
0.893	2.98131e-07
0.894	2.98131e-07
0.895	2.98131e-07
0.896	2.98131e-07
0.897	2.98131e-07
0.898	2.98131e-07
0.899	2.98131e-07
0.9	2.98131e-07
0.901	2.98131e-07
0.902	2.98131e-07
0.903	2.98131e-07
0.904	2.98131e-07
0.905	2.98131e-07
0.906	2.98131e-07
0.907	2.98131e-07
0.908	2.98131e-07
0.909	2.98131e-07
0.91	2.98131e-07
0.911	2.98131e-07
0.912	2.98131e-07
0.913	2.98131e-07
0.914	2.98131e-07
0.915	2.98131e-07
0.916	2.98131e-07
0.917	2.98131e-07
0.918	2.98131e-07
0.919	2.98131e-07
0.92	2.98131e-07
0.921	2.98131e-07
0.922	2.98131e-07
0.923	2.98131e-07
0.924	2.98131e-07
0.925	2.98131e-07
0.926	2.98131e-07
0.927	2.98131e-07
0.928	2.98131e-07
0.929	2.98131e-07
0.93	2.98131e-07
0.931	2.98131e-07
0.932	2.98131e-07
0.933	2.98131e-07
0.934	2.98131e-07
0.935	2.98131e-07
0.936	2.98131e-07
0.937	2.98131e-07
0.9375	0.000308276
0.9385	0.000308276
0.9395	0.000308276
0.9405	0.000308276
0.9415	0.000308276
0.9425	0.000308276
0.9435	0.000308276
0.9445	0.000308276
0.9455	0.000308276
0.9465	0.000308276
0.9475	0.000308276
0.9485	0.000308276
0.9495	0.000308276
0.9505	0.000308276
0.9515	0.000308276
0.9525	0.000308276
0.9535	0.000308276
0.9545	0.000308276
0.9555	0.000308276
0.9565	0.000308276
0.9575	0.000308276
0.9585	0.000308276
0.9595	0.000308276
0.9605	0.000308276
0.9615	0.000308276
0.9625	0.000308276
0.9635	0.000308276
0.9645	0.000308276
0.9655	0.000308276
0.9665	0.000308276
0.9675	0.000308276
0.9685	0.000308276
0.96875	0.106327
0.96975	0.0763219
0.97075	0.0496872
0.97175	0.0264227
0.97275	0.00652823
0.97375	-0.00999614
0.97475	-0.0231504
0.97575	-0.0329346
0.97675	-0.0393487
0.97775	-0.0423927
0.97875	-0.0420666
0.97975	-0.0383705
0.98075	-0.0313042
0.98175	-0.0208679
0.98275	-0.00706142
0.98375	0.0101151
0.98475	0.0306617
0.98575	0.0545784
0.98675	0.0818652
0.98775	0.112522
0.98875	0.146549
0.98975	0.183946
0.99075	0.224713
0.99175	0.268851
0.99275	0.316358
0.99375	0.367235
0.99475	0.421483
0.99575	0.4791
0.99675	0.540088
0.99775	0.604446
0.99875	0.672174
0.99975	0.743272
0	0.761573
0.001	0.689632
0.002	0.621062
0.003	0.555862
0.004	0.494031
0.005	0.435571
0.006	0.380481
0.007	0.328761
0.008	0.280411
0.009	0.235432
0.01	0.193822
0.011	0.155582
0.012	0.120713
0.013	0.0892135
0.014	0.0610842
0.015	0.036325
0.016	0.0149358
0.017	-0.00308323
0.018	-0.0177322
0.019	-0.0290111
0.02	-0.0369198
0.021	-0.0414585
0.022	-0.0426271
0.023	-0.0404257
0.024	-0.0348541
0.025	-0.0259124
0.026	-0.0136007
0.027	0.0020812
0.028	0.0211331
0.029	0.0435552
0.03	0.0693473
0.031	0.0985095
0.03125	0.000308276
0.03225	0.000308276
0.03325	0.000308276
0.03425	0.000308276
0.03525	0.000308276
0.03625	0.000308276
0.03725	0.000308276
0.03825	0.000308276
0.03925	0.000308276
0.04025	0.000308276
0.04125	0.000308276
0.04225	0.000308276
0.04325	0.000308276
0.04425	0.000308276
0.04525	0.000308276
0.04625	0.000308276
0.04725	0.000308276
0.04825	0.000308276
0.04925	0.000308276
0.05025	0.000308276
0.05125	0.000308276
0.05225	0.000308276
0.05325	0.000308276
0.05425	0.000308276
0.05525	0.000308276
0.05625	0.000308276
0.05725	0.000308276
0.05825	0.000308276
0.05925	0.000308276
0.06025	0.000308276
0.06125	0.000308276
0.06225	0.000308276
