# Interpolation data for function: (exp(100*(abs(2*x-1)))-1)/(exp(100)-1)
0	0.139911
0.001	0.137999
0.002	0.136103
0.003	0.134222
0.004	0.132356
0.005	0.130505
0.006	0.128668
0.007	0.126847
0.008	0.12504
0.009	0.123248
0.01	0.121471
0.011	0.119708
0.012	0.11796
0.013	0.116226
0.014	0.114506
0.015	0.112801
0.016	0.11111
0.017	0.109433
0.018	0.107771
0.019	0.106122
0.02	0.104487
0.021	0.102866
0.022	0.101259
0.023	0.0996658
0.024	0.0980862
0.025	0.0965202
0.026	0.0949678
0.027	0.0934289
0.028	0.0919034
0.029	0.0903913
0.03	0.0888925
0.031	0.087407
0.032	0.0859346
0.033	0.0844754
0.034	0.0830292
0.035	0.081596
0.036	0.0801757
0.037	0.0787683
0.038	0.0773736
0.039	0.0759917
0.04	0.0746225
0.041	0.0732659
0.042	0.0719218
0.043	0.0705903
0.044	0.0692711
0.045	0.0679643
0.046	0.0666698
0.047	0.0653875
0.048	0.0641174
0.049	0.0628594
0.05	0.0616134
0.051	0.0603795
0.052	0.0591574
0.053	0.0579472
0.054	0.0567489
0.055	0.0555622
0.056	0.0543873
0.057	0.0532239
0.058	0.0520721
0.059	0.0509319
0.06	0.049803
0.061	0.0486856
0.062	0.0475794
0.063	0.0464845
0.064	0.0454008
0.065	0.0443283
0.066	0.0432668
0.067	0.0422163
0.068	0.0411768
0.069	0.0401482
0.07	0.0391304
0.071	0.0381235
0.072	0.0371272
0.073	0.0361416
0.074	0.0351666
0.075	0.0342022
0.076	0.0332483
0.077	0.0323047
0.078	0.0313716
0.079	0.0304488
0.08	0.0295362
0.081	0.0286339
0.082	0.0277416
0.083	0.0268595
0.084	0.0259874
0.085	0.0251253
0.086	0.0242731
0.087	0.0234307
0.088	0.0225981
0.089	0.0217753
0.09	0.0209622
0.091	0.0201587
0.092	0.0193648
0.093	0.0185805
0.094	0.0178055
0.095	0.01704
0.096	0.0162839
0.097	0.015537
0.098	0.0147994
0.099	0.014071
0.1	0.0133517
0.101	0.0126415
0.102	0.0119403
0.103	0.0112481
0.104	0.0105648
0.105	0.00989041
0.106	0.00922479
0.107	0.00856792
0.108	0.00791975
0.109	0.00728023
0.11	0.00664931
0.111	0.00602692
0.112	0.00541302
0.113	0.00480755
0.114	0.00421047
0.115	0.00362171
0.116	0.00304123
0.117	0.00246896
0.118	0.00190487
0.119	0.0013489
0.12	0.000800989
0.121	0.000261093
0.122	-0.000270841
0.123	-0.000794866
0.124	-0.00131103
0.125	-0.00181939
0.126	-0.00232
0.127	-0.0028129
0.128	-0.00329815
0.129	-0.00377579
0.13	-0.00424589
0.131	-0.00470848
0.132	-0.00516363
0.133	-0.00561137
0.134	-0.00605177
0.135	-0.00648486
0.136	-0.00691071
0.137	-0.00732936
0.138	-0.00774086
0.139	-0.00814526
0.14	-0.0085426
0.141	-0.00893295
0.142	-0.00931634
0.143	-0.00969283
0.144	-0.0100625
0.145	-0.0104253
0.146	-0.0107814
0.147	-0.0111307
0.148	-0.0114734
0.149	-0.0118095
0.15	-0.0121391
0.151	-0.0124621
0.152	-0.0127786
0.153	-0.0130888
0.154	-0.0133925
0.155	-0.0136899
0.156	-0.0139811
0.157	-0.014266
0.158	-0.0145447
0.159	-0.0148173
0.16	-0.0150838
0.161	-0.0153443
0.162	-0.0155987
0.163	-0.0158473
0.164	-0.0160899
0.165	-0.0163266
0.166	-0.0165575
0.167	-0.0167827
0.168	-0.0170022
0.169	-0.0172159
0.17	-0.0174241
0.171	-0.0176266
0.172	-0.0178236
0.173	-0.0180151
0.174	-0.0182012
0.175	-0.0183818
0.176	-0.0185571
0.177	-0.0187271
0.178	-0.0188918
0.179	-0.0190513
0.18	-0.0192056
0.181	-0.0193547
0.182	-0.0194988
0.183	-0.0196377
0.184	-0.0197717
0.185	-0.0199007
0.186	-0.0200248
0.187	-0.020144
0.188	-0.0202584
0.189	-0.020368
0.19	-0.0204728
0.191	-0.0205729
0.192	-0.0206683
0.193	-0.0207592
0.194	-0.0208454
0.195	-0.0209271
0.196	-0.0210043
0.197	-0.021077
0.198	-0.0211453
0.199	-0.0212092
0.2	-0.0212688
0.201	-0.0213241
0.202	-0.0213752
0.203	-0.021422
0.204	-0.0214647
0.205	-0.0215032
0.206	-0.0215377
0.207	-0.0215681
0.208	-0.0215945
0.209	-0.0216169
0.21	-0.0216354
0.211	-0.02165
0.212	-0.0216607
0.213	-0.0216676
0.214	-0.0216708
0.215	-0.0216702
0.216	-0.021666
0.217	-0.021658
0.218	-0.0216465
0.219	-0.0216314
0.22	-0.0216127
0.221	-0.0215906
0.222	-0.021565
0.223	-0.0215359
0.224	-0.0215035
0.225	-0.0214677
0.226	-0.0214286
0.227	-0.0213863
0.228	-0.0213407
0.229	-0.0212919
0.23	-0.0212399
0.231	-0.0211848
0.232	-0.0211267
0.233	-0.0210655
0.234	-0.0210012
0.235	-0.020934
0.236	-0.0208638
0.237	-0.0207908
0.238	-0.0207149
0.239	-0.0206361
0.24	-0.0205545
0.241	-0.0204702
0.242	-0.0203832
0.243	-0.0202934
0.244	-0.020201
0.245	-0.020106
0.246	-0.0200084
0.247	-0.0199082
0.248	-0.0198056
0.249	-0.0197004
0.25	-0.0195928
0.251	-0.0194828
0.252	-0.0193704
0.253	-0.0192556
0.254	-0.0191386
0.255	-0.0190193
0.256	-0.0188977
0.257	-0.0187739
0.258	-0.0186479
0.259	-0.0185198
0.26	-0.0183896
0.261	-0.0182573
0.262	-0.018123
0.263	-0.0179866
0.264	-0.0178483
0.265	-0.017708
0.266	-0.0175658
0.267	-0.0174217
0.268	-0.0172757
0.269	-0.017128
0.27	-0.0169784
0.271	-0.0168271
0.272	-0.0166741
0.273	-0.0165194
0.274	-0.016363
0.275	-0.016205
0.276	-0.0160453
0.277	-0.0158841
0.278	-0.0157214
0.279	-0.0155571
0.28	-0.0153914
0.281	-0.0152242
0.282	-0.0150557
0.283	-0.0148857
0.284	-0.0147143
0.285	-0.0145416
0.286	-0.0143677
0.287	-0.0141924
0.288	-0.0140159
0.289	-0.0138382
0.29	-0.0136593
0.291	-0.0134793
0.292	-0.0132981
0.293	-0.0131159
0.294	-0.0129325
0.295	-0.0127482
0.296	-0.0125628
0.297	-0.0123764
0.298	-0.012189
0.299	-0.0120008
0.3	-0.0118116
0.301	-0.0116216
0.302	-0.0114307
0.303	-0.011239
0.304	-0.0110464
0.305	-0.0108532
0.306	-0.0106592
0.307	-0.0104644
0.308	-0.010269
0.309	-0.0100729
0.31	-0.00987623
0.311	-0.00967891
0.312	-0.00948101
0.313	-0.00928255
0.314	-0.00908356
0.315	-0.00888407
0.316	-0.00868409
0.317	-0.00848366
0.318	-0.0082828
0.319	-0.00808153
0.32	-0.00787989
0.321	-0.00767789
0.322	-0.00747555
0.323	-0.00727291
0.324	-0.00706999
0.325	-0.00686681
0.326	-0.0066634
0.327	-0.00645977
0.328	-0.00625596
0.329	-0.00605199
0.33	-0.00584787
0.331	-0.00564364
0.332	-0.00543932
0.333	-0.00523492
0.334	-0.00503048
0.335	-0.00482602
0.336	-0.00462155
0.337	-0.00441711
0.338	-0.0042127
0.339	-0.00400837
0.34	-0.00380412
0.341	-0.00359997
0.342	-0.00339596
0.343	-0.00319211
0.344	-0.00298843
0.345	-0.00278494
0.346	-0.00258167
0.347	-0.00237864
0.348	-0.00217586
0.349	-0.00197337
0.35	-0.00177118
0.351	-0.00156931
0.352	-0.00136778
0.353	-0.00116661
0.354	-0.00096583
0.355	-0.000765448
0.356	-0.000565488
0.357	-0.00036597
0.358	-0.000166913
0.359	3.16626e-05
0.36	0.000229738
0.361	0.000427293
0.362	0.00062431
0.363	0.00082077
0.364	0.00101665
0.365	0.00121194
0.366	0.00140661
0.367	0.00160066
0.368	0.00179405
0.369	0.00198677
0.37	0.00217881
0.371	0.00237014
0.372	0.00256076
0.373	0.00275063
0.374	0.00293974
0.375	0.00312808
0.376	0.00331563
0.377	0.00350237
0.378	0.00368829
0.379	0.00387336
0.38	0.00405758
0.381	0.00424092
0.382	0.00442337
0.383	0.00460491
0.384	0.00478552
0.385	0.0049652
0.386	0.00514392
0.387	0.00532167
0.388	0.00549844
0.389	0.0056742
0.39	0.00584895
0.391	0.00602266
0.392	0.00619532
0.393	0.00636693
0.394	0.00653745
0.395	0.00670689
0.396	0.00687522
0.397	0.00704243
0.398	0.0072085
0.399	0.00737343
0.4	0.00753719
0.401	0.00769978
0.402	0.00786118
0.403	0.00802137
0.404	0.00818035
0.405	0.0083381
0.406	0.00849461
0.407	0.00864986
0.408	0.00880384
0.409	0.00895654
0.41	0.00910795
0.411	0.00925805
0.412	0.00940684
0.413	0.00955429
0.414	0.0097004
0.415	0.00984516
0.416	0.00998855
0.417	0.0101306
0.418	0.0102712
0.419	0.0104104
0.42	0.0105482
0.421	0.0106846
0.422	0.0108196
0.423	0.0109531
0.424	0.0110852
0.425	0.0112158
0.426	0.0113449
0.427	0.0114725
0.428	0.0115987
0.429	0.0117233
0.43	0.0118464
0.431	0.011968
0.432	0.0120881
0.433	0.0122066
0.434	0.0123236
0.435	0.012439
0.436	0.0125528
0.437	0.0126651
0.438	0.0127757
0.439	0.0128848
0.44	0.0129923
0.441	0.0130981
0.442	0.0132023
0.443	0.0133049
0.444	0.0134059
0.445	0.0135052
0.446	0.0136029
0.447	0.0136989
0.448	0.0137932
0.449	0.0138859
0.45	0.0139769
0.451	0.0140662
0.452	0.0141538
0.453	0.0142396
0.454	0.0143238
0.455	0.0144063
0.456	0.014487
0.457	0.0145661
0.458	0.0146434
0.459	0.0147189
0.46	0.0147927
0.461	0.0148648
0.462	0.0149351
0.463	0.0150036
0.464	0.0150704
0.465	0.0151354
0.466	0.0151986
0.467	0.01526
0.468	0.0153197
0.469	0.0153775
0.47	0.0154336
0.471	0.0154879
0.472	0.0155404
0.473	0.015591
0.474	0.0156399
0.475	0.0156869
0.476	0.0157322
0.477	0.0157756
0.478	0.0158172
0.479	0.0158569
0.48	0.0158948
0.481	0.0159309
0.482	0.0159652
0.483	0.0159976
0.484	0.0160282
0.485	0.0160569
0.486	0.0160838
0.487	0.0161089
0.488	0.0161321
0.489	0.0161534
0.49	0.0161729
0.491	0.0161906
0.492	0.0162064
0.493	0.0162203
0.494	0.0162324
0.495	0.0162426
0.496	0.016251
0.497	0.0162575
0.498	0.0162621
0.499	0.0162649
0.5	0.0162659
0.501	0.0162649
0.502	0.0162621
0.503	0.0162575
0.504	0.016251
0.505	0.0162426
0.506	0.0162324
0.507	0.0162203
0.508	0.0162064
0.509	0.0161906
0.51	0.0161729
0.511	0.0161534
0.512	0.0161321
0.513	0.0161089
0.514	0.0160838
0.515	0.0160569
0.516	0.0160282
0.517	0.0159976
0.518	0.0159652
0.519	0.0159309
0.52	0.0158948
0.521	0.0158569
0.522	0.0158172
0.523	0.0157756
0.524	0.0157322
0.525	0.0156869
0.526	0.0156399
0.527	0.015591
0.528	0.0155404
0.529	0.0154879
0.53	0.0154336
0.531	0.0153775
0.532	0.0153197
0.533	0.01526
0.534	0.0151986
0.535	0.0151354
0.536	0.0150704
0.537	0.0150036
0.538	0.0149351
0.539	0.0148648
0.54	0.0147927
0.541	0.0147189
0.542	0.0146434
0.543	0.0145661
0.544	0.014487
0.545	0.0144063
0.546	0.0143238
0.547	0.0142396
0.548	0.0141538
0.549	0.0140662
0.55	0.0139769
0.551	0.0138859
0.552	0.0137932
0.553	0.0136989
0.554	0.0136029
0.555	0.0135052
0.556	0.0134059
0.557	0.0133049
0.558	0.0132023
0.559	0.0130981
0.56	0.0129923
0.561	0.0128848
0.562	0.0127757
0.563	0.0126651
0.564	0.0125528
0.565	0.012439
0.566	0.0123236
0.567	0.0122066
0.568	0.0120881
0.569	0.011968
0.57	0.0118464
0.571	0.0117233
0.572	0.0115987
0.573	0.0114725
0.574	0.0113449
0.575	0.0112158
0.576	0.0110852
0.577	0.0109531
0.578	0.0108196
0.579	0.0106846
0.58	0.0105482
0.581	0.0104104
0.582	0.0102712
0.583	0.0101306
0.584	0.00998855
0.585	0.00984516
0.586	0.0097004
0.587	0.00955429
0.588	0.00940684
0.589	0.00925805
0.59	0.00910795
0.591	0.00895654
0.592	0.00880384
0.593	0.00864986
0.594	0.00849461
0.595	0.0083381
0.596	0.00818035
0.597	0.00802137
0.598	0.00786118
0.599	0.00769978
0.6	0.00753719
0.601	0.00737343
0.602	0.0072085
0.603	0.00704243
0.604	0.00687522
0.605	0.00670689
0.606	0.00653745
0.607	0.00636693
0.608	0.00619532
0.609	0.00602266
0.61	0.00584895
0.611	0.0056742
0.612	0.00549844
0.613	0.00532167
0.614	0.00514392
0.615	0.0049652
0.616	0.00478552
0.617	0.00460491
0.618	0.00442337
0.619	0.00424092
0.62	0.00405758
0.621	0.00387336
0.622	0.00368829
0.623	0.00350237
0.624	0.00331563
0.625	0.00312808
0.626	0.00293974
0.627	0.00275063
0.628	0.00256076
0.629	0.00237014
0.63	0.00217881
0.631	0.00198677
0.632	0.00179405
0.633	0.00160066
0.634	0.00140661
0.635	0.00121194
0.636	0.00101665
0.637	0.00082077
0.638	0.00062431
0.639	0.000427293
0.64	0.000229738
0.641	3.16626e-05
0.642	-0.000166913
0.643	-0.00036597
0.644	-0.000565488
0.645	-0.000765448
0.646	-0.00096583
0.647	-0.00116661
0.648	-0.00136778
0.649	-0.00156931
0.65	-0.00177118
0.651	-0.00197337
0.652	-0.00217586
0.653	-0.00237864
0.654	-0.00258167
0.655	-0.00278494
0.656	-0.00298843
0.657	-0.00319211
0.658	-0.00339596
0.659	-0.00359997
0.66	-0.00380412
0.661	-0.00400837
0.662	-0.0042127
0.663	-0.00441711
0.664	-0.00462155
0.665	-0.00482602
0.666	-0.00503048
0.667	-0.00523492
0.668	-0.00543932
0.669	-0.00564364
0.67	-0.00584787
0.671	-0.00605199
0.672	-0.00625596
0.673	-0.00645977
0.674	-0.0066634
0.675	-0.00686681
0.676	-0.00706999
0.677	-0.00727291
0.678	-0.00747555
0.679	-0.00767789
0.68	-0.00787989
0.681	-0.00808153
0.682	-0.0082828
0.683	-0.00848366
0.684	-0.00868409
0.685	-0.00888407
0.686	-0.00908356
0.687	-0.00928255
0.688	-0.00948101
0.689	-0.00967891
0.69	-0.00987623
0.691	-0.0100729
0.692	-0.010269
0.693	-0.0104644
0.694	-0.0106592
0.695	-0.0108532
0.696	-0.0110464
0.697	-0.011239
0.698	-0.0114307
0.699	-0.0116216
0.7	-0.0118116
0.701	-0.0120008
0.702	-0.012189
0.703	-0.0123764
0.704	-0.0125628
0.705	-0.0127482
0.706	-0.0129325
0.707	-0.0131159
0.708	-0.0132981
0.709	-0.0134793
0.71	-0.0136593
0.711	-0.0138382
0.712	-0.0140159
0.713	-0.0141924
0.714	-0.0143677
0.715	-0.0145416
0.716	-0.0147143
0.717	-0.0148857
0.718	-0.0150557
0.719	-0.0152242
0.72	-0.0153914
0.721	-0.0155571
0.722	-0.0157214
0.723	-0.0158841
0.724	-0.0160453
0.725	-0.016205
0.726	-0.016363
0.727	-0.0165194
0.728	-0.0166741
0.729	-0.0168271
0.73	-0.0169784
0.731	-0.017128
0.732	-0.0172757
0.733	-0.0174217
0.734	-0.0175658
0.735	-0.017708
0.736	-0.0178483
0.737	-0.0179866
0.738	-0.018123
0.739	-0.0182573
0.74	-0.0183896
0.741	-0.0185198
0.742	-0.0186479
0.743	-0.0187739
0.744	-0.0188977
0.745	-0.0190193
0.746	-0.0191386
0.747	-0.0192556
0.748	-0.0193704
0.749	-0.0194828
0.75	-0.0195928
0.751	-0.0197004
0.752	-0.0198056
0.753	-0.0199082
0.754	-0.0200084
0.755	-0.020106
0.756	-0.020201
0.757	-0.0202934
0.758	-0.0203832
0.759	-0.0204702
0.76	-0.0205545
0.761	-0.0206361
0.762	-0.0207149
0.763	-0.0207908
0.764	-0.0208638
0.765	-0.020934
0.766	-0.0210012
0.767	-0.0210655
0.768	-0.0211267
0.769	-0.0211848
0.77	-0.0212399
0.771	-0.0212919
0.772	-0.0213407
0.773	-0.0213863
0.774	-0.0214286
0.775	-0.0214677
0.776	-0.0215035
0.777	-0.0215359
0.778	-0.021565
0.779	-0.0215906
0.78	-0.0216127
0.781	-0.0216314
0.782	-0.0216465
0.783	-0.021658
0.784	-0.021666
0.785	-0.0216702
0.786	-0.0216708
0.787	-0.0216676
0.788	-0.0216607
0.789	-0.02165
0.79	-0.0216354
0.791	-0.0216169
0.792	-0.0215945
0.793	-0.0215681
0.794	-0.0215377
0.795	-0.0215032
0.796	-0.0214647
0.797	-0.021422
0.798	-0.0213752
0.799	-0.0213241
0.8	-0.0212688
0.801	-0.0212092
0.802	-0.0211453
0.803	-0.021077
0.804	-0.0210043
0.805	-0.0209271
0.806	-0.0208454
0.807	-0.0207592
0.808	-0.0206683
0.809	-0.0205729
0.81	-0.0204728
0.811	-0.020368
0.812	-0.0202584
0.813	-0.020144
0.814	-0.0200248
0.815	-0.0199007
0.816	-0.0197717
0.817	-0.0196377
0.818	-0.0194988
0.819	-0.0193547
0.82	-0.0192056
0.821	-0.0190513
0.822	-0.0188918
0.823	-0.0187271
0.824	-0.0185571
0.825	-0.0183818
0.826	-0.0182012
0.827	-0.0180151
0.828	-0.0178236
0.829	-0.0176266
0.83	-0.0174241
0.831	-0.0172159
0.832	-0.0170022
0.833	-0.0167827
0.834	-0.0165575
0.835	-0.0163266
0.836	-0.0160899
0.837	-0.0158473
0.838	-0.0155987
0.839	-0.0153443
0.84	-0.0150838
0.841	-0.0148173
0.842	-0.0145447
0.843	-0.014266
0.844	-0.0139811
0.845	-0.0136899
0.846	-0.0133925
0.847	-0.0130888
0.848	-0.0127786
0.849	-0.0124621
0.85	-0.0121391
0.851	-0.0118095
0.852	-0.0114734
0.853	-0.0111307
0.854	-0.0107814
0.855	-0.0104253
0.856	-0.0100625
0.857	-0.00969283
0.858	-0.00931634
0.859	-0.00893295
0.86	-0.0085426
0.861	-0.00814526
0.862	-0.00774086
0.863	-0.00732936
0.864	-0.00691071
0.865	-0.00648486
0.866	-0.00605177
0.867	-0.00561137
0.868	-0.00516363
0.869	-0.00470848
0.87	-0.00424589
0.871	-0.00377579
0.872	-0.00329815
0.873	-0.0028129
0.874	-0.00232
0.875	-0.00181939
0.876	-0.00131103
0.877	-0.000794866
0.878	-0.000270841
0.879	0.000261093
0.88	0.000800989
0.881	0.0013489
0.882	0.00190487
0.883	0.00246896
0.884	0.00304123
0.885	0.00362171
0.886	0.00421047
0.887	0.00480755
0.888	0.00541302
0.889	0.00602692
0.89	0.00664931
0.891	0.00728023
0.892	0.00791975
0.893	0.00856792
0.894	0.00922479
0.895	0.00989041
0.896	0.0105648
0.897	0.0112481
0.898	0.0119403
0.899	0.0126415
0.9	0.0133517
0.901	0.014071
0.902	0.0147994
0.903	0.015537
0.904	0.0162839
0.905	0.01704
0.906	0.0178055
0.907	0.0185805
0.908	0.0193648
0.909	0.0201587
0.91	0.0209622
0.911	0.0217753
0.912	0.0225981
0.913	0.0234307
0.914	0.0242731
0.915	0.0251253
0.916	0.0259874
0.917	0.0268595
0.918	0.0277416
0.919	0.0286339
0.92	0.0295362
0.921	0.0304488
0.922	0.0313716
0.923	0.0323047
0.924	0.0332483
0.925	0.0342022
0.926	0.0351666
0.927	0.0361416
0.928	0.0371272
0.929	0.0381235
0.93	0.0391304
0.931	0.0401482
0.932	0.0411768
0.933	0.0422163
0.934	0.0432668
0.935	0.0443283
0.936	0.0454008
0.937	0.0464845
0.938	0.0475794
0.939	0.0486856
0.94	0.049803
0.941	0.0509319
0.942	0.0520721
0.943	0.0532239
0.944	0.0543873
0.945	0.0555622
0.946	0.0567489
0.947	0.0579472
0.948	0.0591574
0.949	0.0603795
0.95	0.0616134
0.951	0.0628594
0.952	0.0641174
0.953	0.0653875
0.954	0.0666698
0.955	0.0679643
0.956	0.0692711
0.957	0.0705903
0.958	0.0719218
0.959	0.0732659
0.96	0.0746225
0.961	0.0759917
0.962	0.0773736
0.963	0.0787683
0.964	0.0801757
0.965	0.081596
0.966	0.0830292
0.967	0.0844754
0.968	0.0859346
0.969	0.087407
0.97	0.0888925
0.971	0.0903913
0.972	0.0919034
0.973	0.0934289
0.974	0.0949678
0.975	0.0965202
0.976	0.0980862
0.977	0.0996658
0.978	0.101259
0.979	0.102866
0.98	0.104487
0.981	0.106122
0.982	0.107771
0.983	0.109433
0.984	0.11111
0.985	0.112801
0.986	0.114506
0.987	0.116226
0.988	0.11796
0.989	0.119708
0.99	0.121471
0.991	0.123248
0.992	0.12504
0.993	0.126847
0.994	0.128668
0.995	0.130505
0.996	0.132356
0.997	0.134222
0.998	0.136103
0.999	0.137999
