#Function: x^40
0	0.108401
1	0.100658
2	0.0889537
3	0.0704905
4	0.0434077
5	0.0173414
6	0.00524369
7	0.0015087
8	0.000612978
9	0.000263936
10	6.26782e-05
11	1.37249e-05
12	3.2643e-06
13	1.28602e-06
14	1.10001e-06
15	8.73716e-07
16	4.51881e-07
17	9.57764e-08
18	1.85953e-08
19	3.30621e-09
20	5.38054e-10
21	8.00798e-11
22	2.79376e-15
23	2.78553e-15
24	6.5706e-14
25	5.81788e-14
26	4.63049e-14
27	2.88877e-14
28	1.21242e-14
29	4.34405e-15
30	1.94203e-15
31	1.94079e-15
32	1.36475e-15
33	1.06472e-11
34	8.00231e-11
35	2.86631e-10
36	1.42398e-10
37	5.11819e-11
38	1.82467e-11
39	9.15028e-12
40	2.39174e-12
41	1.14134e-12
