# Interpolation data for function: x^40
0	5.0319e-15
0.001	3.26549e-16
0.002	-1.64519e-15
0.003	-2.03576e-15
0.004	-1.54714e-15
0.005	-7.30877e-16
0.006	1.17113e-16
0.007	8.1617e-16
0.008	1.27686e-15
0.009	1.49568e-15
0.01	1.4827e-15
0.011	1.34341e-15
0.012	9.83803e-16
0.013	6.17508e-16
0.014	1.76854e-16
0.015	-2.30647e-16
0.016	-6.21557e-16
0.017	-9.15298e-16
0.018	-1.10875e-15
0.019	-1.26711e-15
0.02	-1.30799e-15
0.021	-1.24708e-15
0.022	-1.12786e-15
0.023	-9.42937e-16
0.024	-6.96107e-16
0.025	-4.61213e-16
0.026	-1.73998e-16
0.027	8.78863e-17
0.028	3.31799e-16
0.029	5.64959e-16
0.03	8.04824e-16
0.031	9.50969e-16
0.032	1.07837e-15
0.033	1.10863e-15
0.034	1.17233e-15
0.035	1.13133e-15
0.036	1.08432e-15
0.037	9.74232e-16
0.038	8.33975e-16
0.039	7.09134e-16
0.04	5.10528e-16
0.041	3.11665e-16
0.042	1.12164e-16
0.043	-5.88411e-17
0.044	-2.46115e-16
0.045	-4.23356e-16
0.046	-6.19926e-16
0.047	-7.31884e-16
0.048	-8.28636e-16
0.049	-9.4949e-16
0.05	-9.88369e-16
0.051	-1.02186e-15
0.052	-1.03042e-15
0.053	-1.02001e-15
0.054	-9.60735e-16
0.055	-8.93733e-16
0.056	-8.10855e-16
0.057	-7.07455e-16
0.058	-5.80489e-16
0.059	-4.23523e-16
0.06	-2.94998e-16
0.061	-1.35564e-16
0.062	3.18686e-18
0.063	1.75339e-16
0.064	3.10232e-16
0.065	4.27327e-16
0.066	5.6259e-16
0.067	6.7433e-16
0.068	7.81421e-16
0.069	8.27006e-16
0.07	9.27827e-16
0.071	9.4303e-16
0.072	9.79564e-16
0.073	9.75895e-16
0.074	9.67243e-16
0.075	9.45248e-16
0.076	8.80059e-16
0.077	8.31876e-16
0.078	7.43856e-16
0.079	6.65311e-16
0.08	5.50078e-16
0.081	4.43961e-16
0.082	3.20616e-16
0.083	2.37393e-16
0.084	9.80186e-17
0.085	-3.84608e-17
0.086	-1.46133e-16
0.087	-2.69427e-16
0.088	-3.83053e-16
0.089	-4.82898e-16
0.09	-5.7617e-16
0.091	-6.75941e-16
0.092	-7.50284e-16
0.093	-8.02693e-16
0.094	-8.51019e-16
0.095	-8.84923e-16
0.096	-9.12842e-16
0.097	-9.24145e-16
0.098	-9.21238e-16
0.099	-8.90086e-16
0.1	-8.66409e-16
0.101	-8.23778e-16
0.102	-7.56536e-16
0.103	-6.88269e-16
0.104	-6.24339e-16
0.105	-5.60421e-16
0.106	-4.5019e-16
0.107	-3.55387e-16
0.108	-2.52704e-16
0.109	-1.79707e-16
0.11	-5.93374e-17
0.111	5.78258e-17
0.112	1.56799e-16
0.113	2.41429e-16
0.114	3.40262e-16
0.115	4.37662e-16
0.116	5.14369e-16
0.117	5.83469e-16
0.118	6.52103e-16
0.119	7.40562e-16
0.12	7.7965e-16
0.121	8.13815e-16
0.122	8.56499e-16
0.123	8.67103e-16
0.124	8.82849e-16
0.125	8.79484e-16
0.126	8.67918e-16
0.127	8.50688e-16
0.128	8.18305e-16
0.129	7.86065e-16
0.13	7.32786e-16
0.131	6.79544e-16
0.132	6.14646e-16
0.133	5.47726e-16
0.134	4.71999e-16
0.135	3.84685e-16
0.136	2.96895e-16
0.137	2.1034e-16
0.138	1.3248e-16
0.139	3.69618e-17
0.14	-5.50213e-17
0.141	-1.53013e-16
0.142	-2.31376e-16
0.143	-3.26388e-16
0.144	-4.02194e-16
0.145	-4.99101e-16
0.146	-5.47112e-16
0.147	-6.07058e-16
0.148	-6.79726e-16
0.149	-7.34146e-16
0.15	-7.82803e-16
0.151	-8.16143e-16
0.152	-8.46557e-16
0.153	-8.69875e-16
0.154	-8.7714e-16
0.155	-8.7609e-16
0.156	-8.71258e-16
0.157	-8.70537e-16
0.158	-8.30575e-16
0.159	-8.04323e-16
0.16	-7.66375e-16
0.161	-7.40663e-16
0.162	-6.71591e-16
0.163	-6.15964e-16
0.164	-5.57822e-16
0.165	-4.9057e-16
0.166	-4.22455e-16
0.167	-3.28686e-16
0.168	-2.67462e-16
0.169	-1.83244e-16
0.17	-9.61616e-17
0.171	-1.53087e-17
0.172	6.51094e-17
0.173	1.44152e-16
0.174	2.30309e-16
0.175	3.0026e-16
0.176	3.78286e-16
0.177	4.5264e-16
0.178	5.19521e-16
0.179	5.67004e-16
0.18	6.29712e-16
0.181	6.94251e-16
0.182	7.376e-16
0.183	7.76231e-16
0.184	7.95569e-16
0.185	8.31157e-16
0.186	8.39705e-16
0.187	8.55906e-16
0.188	8.50377e-16
0.189	8.53226e-16
0.19	8.45743e-16
0.191	8.27502e-16
0.192	8.04554e-16
0.193	7.66458e-16
0.194	7.2908e-16
0.195	6.767e-16
0.196	6.25774e-16
0.197	5.82951e-16
0.198	5.30753e-16
0.199	4.59057e-16
0.2	3.85743e-16
0.201	3.20374e-16
0.202	2.43016e-16
0.203	1.82377e-16
0.204	9.86297e-17
0.205	3.83135e-17
0.206	-4.07799e-17
0.207	-1.24875e-16
0.208	-1.98757e-16
0.209	-2.60999e-16
0.21	-3.37251e-16
0.211	-4.12549e-16
0.212	-4.72892e-16
0.213	-5.34928e-16
0.214	-5.85309e-16
0.215	-6.29721e-16
0.216	-6.83717e-16
0.217	-7.16927e-16
0.218	-7.65937e-16
0.219	-8.0892e-16
0.22	-8.07779e-16
0.221	-8.45149e-16
0.222	-8.45293e-16
0.223	-8.52223e-16
0.224	-8.49681e-16
0.225	-8.40026e-16
0.226	-8.27086e-16
0.227	-8.10137e-16
0.228	-7.90657e-16
0.229	-7.57492e-16
0.23	-7.28809e-16
0.231	-6.81865e-16
0.232	-6.3095e-16
0.233	-5.87917e-16
0.234	-5.22161e-16
0.235	-4.72005e-16
0.236	-4.21315e-16
0.237	-3.50477e-16
0.238	-2.7704e-16
0.239	-2.17172e-16
0.24	-1.49554e-16
0.241	-7.50448e-17
0.242	-2.99221e-18
0.243	6.90698e-17
0.244	1.40872e-16
0.245	2.02817e-16
0.246	2.76418e-16
0.247	3.33977e-16
0.248	4.03494e-16
0.249	4.57879e-16
0.25	5.17167e-16
0.251	5.60866e-16
0.252	6.1888e-16
0.253	6.6189e-16
0.254	7.13229e-16
0.255	7.38589e-16
0.256	7.6617e-16
0.257	7.95509e-16
0.258	8.08486e-16
0.259	8.07084e-16
0.26	8.28041e-16
0.261	8.23135e-16
0.262	8.21021e-16
0.263	8.24457e-16
0.264	8.07439e-16
0.265	7.81628e-16
0.266	7.65485e-16
0.267	7.30463e-16
0.268	6.97896e-16
0.269	6.52483e-16
0.27	6.11671e-16
0.271	5.57291e-16
0.272	5.28699e-16
0.273	4.6488e-16
0.274	4.03279e-16
0.275	3.40433e-16
0.276	2.69039e-16
0.277	2.01774e-16
0.278	1.49786e-16
0.279	8.8536e-17
0.28	2.76824e-17
0.281	-4.00895e-17
0.282	-1.13127e-16
0.283	-1.74648e-16
0.284	-2.2944e-16
0.285	-3.09731e-16
0.286	-3.61654e-16
0.287	-4.3269e-16
0.288	-4.83117e-16
0.289	-5.30574e-16
0.29	-5.79229e-16
0.291	-6.36662e-16
0.292	-6.63458e-16
0.293	-7.07086e-16
0.294	-7.35816e-16
0.295	-7.61852e-16
0.296	-7.82867e-16
0.297	-8.05735e-16
0.298	-8.24865e-16
0.299	-8.31235e-16
0.3	-8.24443e-16
0.301	-8.26923e-16
0.302	-8.20006e-16
0.303	-8.13834e-16
0.304	-7.91002e-16
0.305	-7.73039e-16
0.306	-7.43947e-16
0.307	-7.16182e-16
0.308	-6.73972e-16
0.309	-6.35626e-16
0.31	-5.92438e-16
0.311	-5.45695e-16
0.312	-4.79582e-16
0.313	-4.36307e-16
0.314	-3.73465e-16
0.315	-3.12574e-16
0.316	-2.57667e-16
0.317	-1.90674e-16
0.318	-1.20489e-16
0.319	-6.7899e-17
0.32	3.20558e-18
0.321	5.55837e-17
0.322	1.29734e-16
0.323	1.90459e-16
0.324	2.60604e-16
0.325	3.17073e-16
0.326	3.79688e-16
0.327	4.32458e-16
0.328	4.79494e-16
0.329	5.4538e-16
0.33	5.91397e-16
0.331	6.35562e-16
0.332	6.78623e-16
0.333	7.18e-16
0.334	7.56752e-16
0.335	7.85171e-16
0.336	8.15817e-16
0.337	8.25017e-16
0.338	8.41379e-16
0.339	8.6109e-16
0.34	8.6849e-16
0.341	8.71189e-16
0.342	8.62989e-16
0.343	8.4455e-16
0.344	8.40019e-16
0.345	8.1991e-16
0.346	8.01448e-16
0.347	7.6178e-16
0.348	7.34009e-16
0.349	7.10014e-16
0.35	6.69286e-16
0.351	6.3335e-16
0.352	5.76601e-16
0.353	5.33339e-16
0.354	4.84841e-16
0.355	4.13619e-16
0.356	3.63115e-16
0.357	3.01878e-16
0.358	2.4e-16
0.359	1.80174e-16
0.36	1.07519e-16
0.361	3.73725e-17
0.362	-2.40518e-17
0.363	-8.4657e-17
0.364	-1.36e-16
0.365	-2.10525e-16
0.366	-2.71824e-16
0.367	-3.32758e-16
0.368	-3.89212e-16
0.369	-4.41577e-16
0.37	-4.9885e-16
0.371	-5.45574e-16
0.372	-5.97564e-16
0.373	-6.43988e-16
0.374	-6.88462e-16
0.375	-7.28525e-16
0.376	-7.57688e-16
0.377	-7.91632e-16
0.378	-8.00924e-16
0.379	-8.28372e-16
0.38	-8.4445e-16
0.381	-8.61592e-16
0.382	-8.54205e-16
0.383	-8.54854e-16
0.384	-8.4553e-16
0.385	-8.33963e-16
0.386	-8.31664e-16
0.387	-8.11166e-16
0.388	-7.85019e-16
0.389	-7.57197e-16
0.39	-7.1528e-16
0.391	-6.78174e-16
0.392	-6.40508e-16
0.393	-5.96603e-16
0.394	-5.41432e-16
0.395	-4.88353e-16
0.396	-4.26331e-16
0.397	-3.57952e-16
0.398	-2.88661e-16
0.399	-2.22437e-16
0.4	-1.5013e-16
0.401	-8.1578e-17
0.402	1.47362e-17
0.403	9.73162e-17
0.404	1.66417e-16
0.405	2.5863e-16
0.406	3.30584e-16
0.407	4.25946e-16
0.408	5.20731e-16
0.409	6.1241e-16
0.41	6.88796e-16
0.411	7.86089e-16
0.412	8.85237e-16
0.413	9.87262e-16
0.414	1.06878e-15
0.415	1.17278e-15
0.416	1.26945e-15
0.417	1.37837e-15
0.418	1.485e-15
0.419	1.58055e-15
0.42	1.69405e-15
0.421	1.80157e-15
0.422	1.90941e-15
0.423	2.04094e-15
0.424	2.14888e-15
0.425	2.28039e-15
0.426	2.43288e-15
0.427	2.56233e-15
0.428	2.72236e-15
0.429	2.89898e-15
0.43	3.06796e-15
0.431	3.26146e-15
0.432	3.468e-15
0.433	3.6896e-15
0.434	3.9355e-15
0.435	4.20257e-15
0.436	4.4904e-15
0.437	4.81148e-15
0.438	5.16834e-15
0.439	5.53546e-15
0.44	5.97198e-15
0.441	6.42644e-15
0.442	6.93573e-15
0.443	7.50037e-15
0.444	8.10912e-15
0.445	8.78993e-15
0.446	9.52266e-15
0.447	1.03366e-14
0.448	1.12427e-14
0.449	1.22211e-14
0.45	1.32861e-14
0.451	1.44792e-14
0.452	1.57742e-14
0.453	1.72097e-14
0.454	1.87571e-14
0.455	2.04602e-14
0.456	2.23143e-14
0.457	2.43478e-14
0.458	2.65805e-14
0.459	2.90048e-14
0.46	3.16718e-14
0.461	3.4556e-14
0.462	3.77227e-14
0.463	4.11609e-14
0.464	4.49268e-14
0.465	4.90131e-14
0.466	5.34727e-14
0.467	5.83294e-14
0.468	6.36111e-14
0.469	6.93555e-14
0.47	7.56035e-14
0.471	8.23919e-14
0.472	8.97924e-14
0.473	9.78186e-14
0.474	1.06535e-13
0.475	1.15998e-13
0.476	1.26298e-13
0.477	1.37454e-13
0.478	1.49569e-13
0.479	1.62718e-13
0.48	1.7697e-13
0.481	1.92444e-13
0.482	2.09226e-13
0.483	2.27422e-13
0.484	2.47145e-13
0.485	2.6852e-13
0.486	2.91676e-13
0.487	3.1677e-13
0.488	3.4394e-13
0.489	3.73379e-13
0.49	4.05247e-13
0.491	4.39777e-13
0.492	4.7711e-13
0.493	5.17564e-13
0.494	5.61314e-13
0.495	6.08655e-13
0.496	6.59888e-13
0.497	7.15284e-13
0.498	7.75192e-13
0.499	8.3999e-13
0.5	9.10038e-13
0.501	9.85767e-13
0.502	1.06761e-12
0.503	1.15607e-12
0.504	1.25164e-12
0.505	1.35491e-12
0.506	1.46646e-12
0.507	1.58692e-12
0.508	1.71701e-12
0.509	1.85747e-12
0.51	2.00913e-12
0.511	2.17285e-12
0.512	2.3495e-12
0.513	2.54017e-12
0.514	2.74586e-12
0.515	2.96777e-12
0.516	3.20713e-12
0.517	3.46528e-12
0.518	3.74367e-12
0.519	4.0438e-12
0.52	4.36737e-12
0.521	4.71613e-12
0.522	5.092e-12
0.523	5.49703e-12
0.524	5.9334e-12
0.525	6.4035e-12
0.526	6.90984e-12
0.527	7.45516e-12
0.528	8.04236e-12
0.529	8.67457e-12
0.53	9.35518e-12
0.531	1.00877e-11
0.532	1.08761e-11
0.533	1.17245e-11
0.534	1.26373e-11
0.535	1.36192e-11
0.536	1.46754e-11
0.537	1.58113e-11
0.538	1.70328e-11
0.539	1.83461e-11
0.54	1.9758e-11
0.541	2.12756e-11
0.542	2.29067e-11
0.543	2.46595e-11
0.544	2.65428e-11
0.545	2.85661e-11
0.546	3.07394e-11
0.547	3.30737e-11
0.548	3.55805e-11
0.549	3.82723e-11
0.55	4.11622e-11
0.551	4.42644e-11
0.552	4.75942e-11
0.553	5.11678e-11
0.554	5.50025e-11
0.555	5.91169e-11
0.556	6.35308e-11
0.557	6.82655e-11
0.558	7.33436e-11
0.559	7.87892e-11
0.56	8.46284e-11
0.561	9.08887e-11
0.562	9.75997e-11
0.563	1.04793e-10
0.564	1.12502e-10
0.565	1.20763e-10
0.566	1.29615e-10
0.567	1.39098e-10
0.568	1.49256e-10
0.569	1.60136e-10
0.57	1.71788e-10
0.571	1.84265e-10
0.572	1.97624e-10
0.573	2.11926e-10
0.574	2.27235e-10
0.575	2.4362e-10
0.576	2.61155e-10
0.577	2.79919e-10
0.578	2.99995e-10
0.579	3.21472e-10
0.58	3.44445e-10
0.581	3.69016e-10
0.582	3.95293e-10
0.583	4.23392e-10
0.584	4.53434e-10
0.585	4.85551e-10
0.586	5.19882e-10
0.587	5.56576e-10
0.588	5.9579e-10
0.589	6.37694e-10
0.59	6.82466e-10
0.591	7.30297e-10
0.592	7.81392e-10
0.593	8.35965e-10
0.594	8.94249e-10
0.595	9.56487e-10
0.596	1.02294e-09
0.597	1.09389e-09
0.598	1.16963e-09
0.599	1.25047e-09
0.6	1.33675e-09
0.601	1.42883e-09
0.602	1.52707e-09
0.603	1.6319e-09
0.604	1.74372e-09
0.605	1.86301e-09
0.606	1.99024e-09
0.607	2.12592e-09
0.608	2.27061e-09
0.609	2.42489e-09
0.61	2.58937e-09
0.611	2.7647e-09
0.612	2.9516e-09
0.613	3.15079e-09
0.614	3.36306e-09
0.615	3.58926e-09
0.616	3.83026e-09
0.617	4.08702e-09
0.618	4.36053e-09
0.619	4.65185e-09
0.62	4.96212e-09
0.621	5.29254e-09
0.622	5.64437e-09
0.623	6.01897e-09
0.624	6.41776e-09
0.625	6.84228e-09
0.626	7.29413e-09
0.627	7.77502e-09
0.628	8.28678e-09
0.629	8.83132e-09
0.63	9.4107e-09
0.631	1.00271e-08
0.632	1.06828e-08
0.633	1.13802e-08
0.634	1.21219e-08
0.635	1.29107e-08
0.636	1.37494e-08
0.637	1.46412e-08
0.638	1.55893e-08
0.639	1.65972e-08
0.64	1.76685e-08
0.641	1.88071e-08
0.642	2.00171e-08
0.643	2.13029e-08
0.644	2.26691e-08
0.645	2.41206e-08
0.646	2.56626e-08
0.647	2.73005e-08
0.648	2.90402e-08
0.649	3.08879e-08
0.65	3.28499e-08
0.651	3.49333e-08
0.652	3.71453e-08
0.653	3.94936e-08
0.654	4.19865e-08
0.655	4.46326e-08
0.656	4.7441e-08
0.657	5.04214e-08
0.658	5.35841e-08
0.659	5.69399e-08
0.66	6.05003e-08
0.661	6.42774e-08
0.662	6.82841e-08
0.663	7.25339e-08
0.664	7.70412e-08
0.665	8.18212e-08
0.666	8.68899e-08
0.667	9.22642e-08
0.668	9.79622e-08
0.669	1.04003e-07
0.67	1.10406e-07
0.671	1.17193e-07
0.672	1.24386e-07
0.673	1.32009e-07
0.674	1.40086e-07
0.675	1.48645e-07
0.676	1.57713e-07
0.677	1.6732e-07
0.678	1.77496e-07
0.679	1.88274e-07
0.68	1.9969e-07
0.681	2.1178e-07
0.682	2.24582e-07
0.683	2.38138e-07
0.684	2.5249e-07
0.685	2.67684e-07
0.686	2.83769e-07
0.687	3.00794e-07
0.688	3.18814e-07
0.689	3.37885e-07
0.69	3.58066e-07
0.691	3.79421e-07
0.692	4.02016e-07
0.693	4.25921e-07
0.694	4.5121e-07
0.695	4.77961e-07
0.696	5.06255e-07
0.697	5.36181e-07
0.698	5.67828e-07
0.699	6.01294e-07
0.7	6.36681e-07
0.701	6.74094e-07
0.702	7.13649e-07
0.703	7.55463e-07
0.704	7.99662e-07
0.705	8.46379e-07
0.706	8.95753e-07
0.707	9.47931e-07
0.708	1.00307e-06
0.709	1.06133e-06
0.71	1.12288e-06
0.711	1.18791e-06
0.712	1.25661e-06
0.713	1.32917e-06
0.714	1.40582e-06
0.715	1.48676e-06
0.716	1.57225e-06
0.717	1.66252e-06
0.718	1.75783e-06
0.719	1.85847e-06
0.72	1.96472e-06
0.721	2.07688e-06
0.722	2.19527e-06
0.723	2.32023e-06
0.724	2.45213e-06
0.725	2.59132e-06
0.726	2.7382e-06
0.727	2.89319e-06
0.728	3.05672e-06
0.729	3.22925e-06
0.73	3.41126e-06
0.731	3.60326e-06
0.732	3.80578e-06
0.733	4.01938e-06
0.734	4.24465e-06
0.735	4.48222e-06
0.736	4.73274e-06
0.737	4.99689e-06
0.738	5.27539e-06
0.739	5.569e-06
0.74	5.87853e-06
0.741	6.20481e-06
0.742	6.54872e-06
0.743	6.91119e-06
0.744	7.29319e-06
0.745	7.69575e-06
0.746	8.11995e-06
0.747	8.56691e-06
0.748	9.03782e-06
0.749	9.53395e-06
0.75	1.00566e-05
0.751	1.06071e-05
0.752	1.1187e-05
0.753	1.17977e-05
0.754	1.2441e-05
0.755	1.31183e-05
0.756	1.38316e-05
0.757	1.45826e-05
0.758	1.53733e-05
0.759	1.62058e-05
0.76	1.70822e-05
0.761	1.80047e-05
0.762	1.89757e-05
0.763	1.99978e-05
0.764	2.10734e-05
0.765	2.22053e-05
0.766	2.33965e-05
0.767	2.46499e-05
0.768	2.59686e-05
0.769	2.73561e-05
0.77	2.88157e-05
0.771	3.03511e-05
0.772	3.19663e-05
0.773	3.36651e-05
0.774	3.54518e-05
0.775	3.73309e-05
0.776	3.93069e-05
0.777	4.13848e-05
0.778	4.35696e-05
0.779	4.58668e-05
0.78	4.82819e-05
0.781	5.08208e-05
0.782	5.34897e-05
0.783	5.62951e-05
0.784	5.92437e-05
0.785	6.23428e-05
0.786	6.55997e-05
0.787	6.90223e-05
0.788	7.26187e-05
0.789	7.63977e-05
0.79	8.03681e-05
0.791	8.45394e-05
0.792	8.89216e-05
0.793	9.3525e-05
0.794	9.83604e-05
0.795	0.000103439
0.796	0.000108773
0.797	0.000114375
0.798	0.000120258
0.799	0.000126436
0.8	0.000132923
0.801	0.000139734
0.802	0.000146884
0.803	0.000154391
0.804	0.000162271
0.805	0.000170544
0.806	0.000179226
0.807	0.000188339
0.808	0.000197904
0.809	0.000207941
0.81	0.000218475
0.811	0.000229527
0.812	0.000241124
0.813	0.000253292
0.814	0.000266058
0.815	0.00027945
0.816	0.000293499
0.817	0.000308235
0.818	0.000323692
0.819	0.000339904
0.82	0.000356906
0.821	0.000374737
0.822	0.000393435
0.823	0.000413041
0.824	0.000433599
0.825	0.000455154
0.826	0.000477751
0.827	0.000501442
0.828	0.000526276
0.829	0.000552308
0.83	0.000579594
0.831	0.000608192
0.832	0.000638165
0.833	0.000669576
0.834	0.000702493
0.835	0.000736986
0.836	0.000773127
0.837	0.000810995
0.838	0.000850669
0.839	0.000892233
0.84	0.000935775
0.841	0.000981386
0.842	0.00102916
0.843	0.0010792
0.844	0.00113161
0.845	0.0011865
0.846	0.00124398
0.847	0.00130418
0.848	0.00136721
0.849	0.0014332
0.85	0.0015023
0.851	0.00157464
0.852	0.00165038
0.853	0.00172966
0.854	0.00181265
0.855	0.00189952
0.856	0.00199045
0.857	0.00208561
0.858	0.0021852
0.859	0.00228943
0.86	0.00239849
0.861	0.00251262
0.862	0.00263203
0.863	0.00275697
0.864	0.00288768
0.865	0.00302444
0.866	0.00316749
0.867	0.00331714
0.868	0.00347367
0.869	0.0036374
0.87	0.00380864
0.871	0.00398773
0.872	0.00417503
0.873	0.00437089
0.874	0.0045757
0.875	0.00478985
0.876	0.00501377
0.877	0.00524788
0.878	0.00549263
0.879	0.00574851
0.88	0.00601599
0.881	0.00629559
0.882	0.00658785
0.883	0.00689332
0.884	0.00721258
0.885	0.00754624
0.886	0.00789494
0.887	0.00825933
0.888	0.0086401
0.889	0.00903796
0.89	0.00945367
0.891	0.00988799
0.892	0.0103418
0.893	0.0108158
0.894	0.011311
0.895	0.0118283
0.896	0.0123686
0.897	0.012933
0.898	0.0135224
0.899	0.014138
0.9	0.0147809
0.901	0.0154522
0.902	0.0161533
0.903	0.0168853
0.904	0.0176497
0.905	0.0184477
0.906	0.0192809
0.907	0.0201508
0.908	0.0210588
0.909	0.0220067
0.91	0.0229962
0.911	0.024029
0.912	0.0251069
0.913	0.026232
0.914	0.0274061
0.915	0.0286315
0.916	0.0299102
0.917	0.0312445
0.918	0.0326368
0.919	0.0340895
0.92	0.0356052
0.921	0.0371865
0.922	0.0388362
0.923	0.0405572
0.924	0.0423525
0.925	0.0442251
0.926	0.0461785
0.927	0.0482158
0.928	0.0503407
0.929	0.0525568
0.93	0.0548678
0.931	0.0572779
0.932	0.0597911
0.933	0.0624117
0.934	0.0651441
0.935	0.067993
0.936	0.0709633
0.937	0.07406
0.938	0.0772883
0.939	0.0806536
0.94	0.0841616
0.941	0.0878183
0.942	0.0916297
0.943	0.0956022
0.944	0.0997424
0.945	0.104057
0.946	0.108554
0.947	0.11324
0.948	0.118123
0.949	0.123211
0.95	0.128512
0.951	0.134036
0.952	0.139791
0.953	0.145786
0.954	0.152032
0.955	0.158539
0.956	0.165316
0.957	0.172376
0.958	0.17973
0.959	0.187389
0.96	0.195366
0.961	0.203674
0.962	0.212326
0.963	0.221336
0.964	0.230718
0.965	0.240488
0.966	0.25066
0.967	0.261252
0.968	0.272279
0.969	0.28376
0.97	0.295712
0.971	0.308155
0.972	0.321108
0.973	0.334591
0.974	0.348625
0.975	0.363232
0.976	0.378436
0.977	0.39426
0.978	0.410728
0.979	0.427866
0.98	0.4457
0.981	0.464259
0.982	0.48357
0.983	0.503664
0.984	0.524571
0.985	0.546323
0.986	0.568953
0.987	0.592497
0.988	0.61699
0.989	0.642468
0.99	0.668972
0.991	0.69654
0.992	0.725215
0.993	0.75504
0.994	0.786059
0.995	0.81832
0.996	0.85187
0.997	0.88676
0.998	0.923042
0.999	0.96077
