# Interpolation data for function: x^40
0.5	-3.31824e-10
0.501	-1.5834e-10
0.502	-3.41857e-11
0.503	4.99816e-11
0.504	1.02222e-10
0.505	1.29445e-10
0.506	1.37534e-10
0.507	1.31457e-10
0.508	1.1537e-10
0.509	9.2712e-11
0.51	6.62914e-11
0.511	3.8364e-11
0.512	1.07047e-11
0.513	-1.53273e-11
0.514	-3.87305e-11
0.515	-5.88075e-11
0.516	-7.51181e-11
0.517	-8.74366e-11
0.518	-9.57133e-11
0.519	-1.00042e-10
0.52	-1.00628e-10
0.521	-9.7764e-11
0.522	-9.18073e-11
0.523	-8.31578e-11
0.524	-7.22423e-11
0.525	-5.95e-11
0.526	-4.53694e-11
0.527	-3.02786e-11
0.528	-1.46367e-11
0.529	1.17293e-12
0.53	1.67979e-11
0.531	3.19208e-11
0.532	4.62615e-11
0.533	5.95797e-11
0.534	7.16746e-11
0.535	8.23858e-11
0.536	9.15922e-11
0.537	9.92109e-11
0.538	1.05195e-10
0.539	1.09533e-10
0.54	1.12245e-10
0.541	1.13378e-10
0.542	1.1301e-10
0.543	1.11237e-10
0.544	1.08181e-10
0.545	1.03978e-10
0.546	9.87795e-11
0.547	9.27481e-11
0.548	8.60558e-11
0.549	7.88803e-11
0.55	7.1403e-11
0.551	6.38061e-11
0.552	5.62707e-11
0.553	4.89748e-11
0.554	4.20911e-11
0.555	3.57859e-11
0.556	3.02172e-11
0.557	2.55336e-11
0.558	2.18735e-11
0.559	1.9364e-11
0.56	1.81206e-11
0.561	1.82465e-11
0.562	1.98326e-11
0.563	2.29574e-11
0.564	2.76872e-11
0.565	3.40763e-11
0.566	4.21677e-11
0.567	5.19933e-11
0.568	6.35751e-11
0.569	7.69259e-11
0.57	9.20501e-11
0.571	1.08945e-10
0.572	1.27602e-10
0.573	1.48008e-10
0.574	1.70145e-10
0.575	1.93994e-10
0.576	2.19537e-10
0.577	2.46753e-10
0.578	2.75625e-10
0.579	3.06141e-10
0.58	3.38292e-10
0.581	3.72076e-10
0.582	4.075e-10
0.583	4.44579e-10
0.584	4.8334e-10
0.585	5.23821e-10
0.586	5.66074e-10
0.587	6.10168e-10
0.588	6.56185e-10
0.589	7.04225e-10
0.59	7.54409e-10
0.591	8.06874e-10
0.592	8.61782e-10
0.593	9.19313e-10
0.594	9.79671e-10
0.595	1.04309e-09
0.596	1.10981e-09
0.597	1.18013e-09
0.598	1.25434e-09
0.599	1.33278e-09
0.6	1.41581e-09
0.601	1.50383e-09
0.602	1.59725e-09
0.603	1.69652e-09
0.604	1.80215e-09
0.605	1.91463e-09
0.606	2.03454e-09
0.607	2.16244e-09
0.608	2.29898e-09
0.609	2.44481e-09
0.61	2.60063e-09
0.611	2.76719e-09
0.612	2.94527e-09
0.613	3.13569e-09
0.614	3.33934e-09
0.615	3.55713e-09
0.616	3.79003e-09
0.617	4.03907e-09
0.618	4.30532e-09
0.619	4.58992e-09
0.62	4.89406e-09
0.621	5.21901e-09
0.622	5.56609e-09
0.623	5.9367e-09
0.624	6.33232e-09
0.625	6.75449e-09
0.626	7.20487e-09
0.627	7.68517e-09
0.628	8.19722e-09
0.629	8.74296e-09
0.63	9.32441e-09
0.631	9.94373e-09
0.632	1.06032e-08
0.633	1.13052e-08
0.634	1.20523e-08
0.635	1.28472e-08
0.636	1.36927e-08
0.637	1.45918e-08
0.638	1.55478e-08
0.639	1.6564e-08
0.64	1.76441e-08
0.641	1.87917e-08
0.642	2.00109e-08
0.643	2.13061e-08
0.644	2.26817e-08
0.645	2.41425e-08
0.646	2.56936e-08
0.647	2.73404e-08
0.648	2.90886e-08
0.649	3.09443e-08
0.65	3.29139e-08
0.651	3.50042e-08
0.652	3.72224e-08
0.653	3.95762e-08
0.654	4.20737e-08
0.655	4.47235e-08
0.656	4.75347e-08
0.657	5.05169e-08
0.658	5.36804e-08
0.659	5.70359e-08
0.66	6.0595e-08
0.661	6.43698e-08
0.662	6.83732e-08
0.663	7.26186e-08
0.664	7.71206e-08
0.665	8.18942e-08
0.666	8.69557e-08
0.667	9.23221e-08
0.668	9.80113e-08
0.669	1.04042e-07
0.67	1.10436e-07
0.671	1.17212e-07
0.672	1.24395e-07
0.673	1.32007e-07
0.674	1.40073e-07
0.675	1.48621e-07
0.676	1.57678e-07
0.677	1.67274e-07
0.678	1.7744e-07
0.679	1.88209e-07
0.68	1.99616e-07
0.681	2.11698e-07
0.682	2.24493e-07
0.683	2.38043e-07
0.684	2.5239e-07
0.685	2.67581e-07
0.686	2.83663e-07
0.687	3.00687e-07
0.688	3.18708e-07
0.689	3.37781e-07
0.69	3.57966e-07
0.691	3.79325e-07
0.692	4.01927e-07
0.693	4.25839e-07
0.694	4.51137e-07
0.695	4.77898e-07
0.696	5.06204e-07
0.697	5.36142e-07
0.698	5.67802e-07
0.699	6.01282e-07
0.7	6.36683e-07
0.701	6.74111e-07
0.702	7.1368e-07
0.703	7.55508e-07
0.704	7.99721e-07
0.705	8.46451e-07
0.706	8.95837e-07
0.707	9.48026e-07
0.708	1.00317e-06
0.709	1.06144e-06
0.71	1.123e-06
0.711	1.18803e-06
0.712	1.25673e-06
0.713	1.32929e-06
0.714	1.40593e-06
0.715	1.48687e-06
0.716	1.57235e-06
0.717	1.66261e-06
0.718	1.75791e-06
0.719	1.85853e-06
0.72	1.96476e-06
0.721	2.0769e-06
0.722	2.19527e-06
0.723	2.32022e-06
0.724	2.45208e-06
0.725	2.59125e-06
0.726	2.73811e-06
0.727	2.89308e-06
0.728	3.0566e-06
0.729	3.22911e-06
0.73	3.41111e-06
0.731	3.60311e-06
0.732	3.80563e-06
0.733	4.01924e-06
0.734	4.24452e-06
0.735	4.48211e-06
0.736	4.73265e-06
0.737	4.99683e-06
0.738	5.27537e-06
0.739	5.56903e-06
0.74	5.8786e-06
0.741	6.20492e-06
0.742	6.54887e-06
0.743	6.91137e-06
0.744	7.29339e-06
0.745	7.69595e-06
0.746	8.12011e-06
0.747	8.567e-06
0.748	9.03779e-06
0.749	9.53372e-06
0.75	1.00555e-05
0.751	1.06069e-05
0.752	1.11873e-05
0.753	1.17982e-05
0.754	1.24414e-05
0.755	1.31186e-05
0.756	1.38317e-05
0.757	1.45826e-05
0.758	1.53732e-05
0.759	1.62056e-05
0.76	1.70819e-05
0.761	1.80044e-05
0.762	1.89754e-05
0.763	1.99975e-05
0.764	2.10732e-05
0.765	2.22052e-05
0.766	2.33964e-05
0.767	2.46499e-05
0.768	2.59687e-05
0.769	2.73562e-05
0.77	2.88159e-05
0.771	3.03514e-05
0.772	3.19665e-05
0.773	3.36654e-05
0.774	3.54521e-05
0.775	3.73311e-05
0.776	3.93071e-05
0.777	4.1385e-05
0.778	4.35698e-05
0.779	4.58669e-05
0.78	4.82819e-05
0.781	5.08208e-05
0.782	5.34896e-05
0.783	5.6295e-05
0.784	5.92436e-05
0.785	6.23426e-05
0.786	6.55995e-05
0.787	6.9022e-05
0.788	7.26185e-05
0.789	7.63974e-05
0.79	8.03678e-05
0.791	8.45392e-05
0.792	8.89214e-05
0.793	9.35248e-05
0.794	9.83602e-05
0.795	0.000103439
0.796	0.000108773
0.797	0.000114375
0.798	0.000120258
0.799	0.000126436
0.8	0.000132923
0.801	0.000139734
0.802	0.000146884
0.803	0.000154391
0.804	0.000162272
0.805	0.000170544
0.806	0.000179226
0.807	0.00018834
0.808	0.000197904
0.809	0.000207942
0.81	0.000218475
0.811	0.000229527
0.812	0.000241125
0.813	0.000253292
0.814	0.000266058
0.815	0.00027945
0.816	0.000293499
0.817	0.000308235
0.818	0.000323692
0.819	0.000339904
0.82	0.000356906
0.821	0.000374737
0.822	0.000393435
0.823	0.000413041
0.824	0.000433599
0.825	0.000455153
0.826	0.000477751
0.827	0.000501441
0.828	0.000526276
0.829	0.000552308
0.83	0.000579594
0.831	0.000608192
0.832	0.000638165
0.833	0.000669576
0.834	0.000702493
0.835	0.000736985
0.836	0.000773127
0.837	0.000810995
0.838	0.000850669
0.839	0.000892233
0.84	0.000935775
0.841	0.000981386
0.842	0.00102916
0.843	0.0010792
0.844	0.00113161
0.845	0.0011865
0.846	0.00124398
0.847	0.00130418
0.848	0.00136721
0.849	0.0014332
0.85	0.0015023
0.851	0.00157464
0.852	0.00165038
0.853	0.00172966
0.854	0.00181265
0.855	0.00189952
0.856	0.00199045
0.857	0.00208561
0.858	0.0021852
0.859	0.00228943
0.86	0.00239849
0.861	0.00251262
0.862	0.00263203
0.863	0.00275697
0.864	0.00288768
0.865	0.00302444
0.866	0.00316749
0.867	0.00331714
0.868	0.00347367
0.869	0.0036374
0.87	0.00380864
0.871	0.00398773
0.872	0.00417503
0.873	0.00437089
0.874	0.0045757
0.875	0.00478985
0.876	0.00501377
0.877	0.00524788
0.878	0.00549263
0.879	0.00574851
0.88	0.00601599
0.881	0.00629559
0.882	0.00658785
0.883	0.00689332
0.884	0.00721258
0.885	0.00754624
0.886	0.00789494
0.887	0.00825933
0.888	0.0086401
0.889	0.00903796
0.89	0.00945367
0.891	0.00988799
0.892	0.0103418
0.893	0.0108158
0.894	0.011311
0.895	0.0118283
0.896	0.0123686
0.897	0.012933
0.898	0.0135224
0.899	0.014138
0.9	0.0147809
0.901	0.0154522
0.902	0.0161533
0.903	0.0168853
0.904	0.0176497
0.905	0.0184477
0.906	0.0192809
0.907	0.0201508
0.908	0.0210588
0.909	0.0220067
0.91	0.0229962
0.911	0.024029
0.912	0.0251069
0.913	0.026232
0.914	0.0274061
0.915	0.0286315
0.916	0.0299102
0.917	0.0312445
0.918	0.0326368
0.919	0.0340895
0.92	0.0356052
0.921	0.0371865
0.922	0.0388362
0.923	0.0405572
0.924	0.0423525
0.925	0.0442251
0.926	0.0461785
0.927	0.0482158
0.928	0.0503407
0.929	0.0525568
0.93	0.0548678
0.931	0.0572779
0.932	0.0597911
0.933	0.0624117
0.934	0.0651441
0.935	0.067993
0.936	0.0709633
0.937	0.07406
0.938	0.0772883
0.939	0.0806536
0.94	0.0841616
0.941	0.0878183
0.942	0.0916297
0.943	0.0956022
0.944	0.0997424
0.945	0.104057
0.946	0.108554
0.947	0.11324
0.948	0.118123
0.949	0.123211
0.95	0.128512
0.951	0.134036
0.952	0.139791
0.953	0.145786
0.954	0.152032
0.955	0.158539
0.956	0.165316
0.957	0.172376
0.958	0.17973
0.959	0.187389
0.96	0.195366
0.961	0.203674
0.962	0.212326
0.963	0.221336
0.964	0.230718
0.965	0.240488
0.966	0.25066
0.967	0.261252
0.968	0.272279
0.969	0.28376
0.97	0.295712
0.971	0.308155
0.972	0.321108
0.973	0.334591
0.974	0.348625
0.975	0.363232
0.976	0.378436
0.977	0.39426
0.978	0.410728
0.979	0.427866
0.98	0.4457
0.981	0.464259
0.982	0.48357
0.983	0.503664
0.984	0.524571
0.985	0.546323
0.986	0.568953
0.987	0.592497
0.988	0.61699
0.989	0.642468
0.99	0.668972
0.991	0.69654
0.992	0.725215
0.993	0.75504
0.994	0.786059
0.995	0.81832
0.996	0.85187
0.997	0.88676
0.998	0.923042
0.999	0.96077
0	2.01751e-26
0.001	2.01751e-26
0.002	2.01751e-26
0.003	2.01751e-26
0.004	2.01751e-26
0.005	2.01751e-26
0.006	2.01751e-26
0.007	2.01751e-26
0.008	2.01751e-26
0.009	2.01751e-26
0.01	2.01751e-26
0.011	2.01751e-26
0.012	2.01751e-26
0.013	2.01751e-26
0.014	2.01751e-26
0.015	2.01751e-26
0.016	2.01751e-26
0.017	2.01751e-26
0.018	2.01751e-26
0.019	2.01751e-26
0.02	2.01751e-26
0.021	2.01751e-26
0.022	2.01751e-26
0.023	2.01751e-26
0.024	2.01751e-26
0.025	2.01751e-26
0.026	2.01751e-26
0.027	2.01751e-26
0.028	2.01751e-26
0.029	2.01751e-26
0.03	2.01751e-26
0.031	2.01751e-26
0.032	2.01751e-26
0.033	2.01751e-26
0.034	2.01751e-26
0.035	2.01751e-26
0.036	2.01751e-26
0.037	2.01751e-26
0.038	2.01751e-26
0.039	2.01751e-26
0.04	2.01751e-26
0.041	2.01751e-26
0.042	2.01751e-26
0.043	2.01751e-26
0.044	2.01751e-26
0.045	2.01751e-26
0.046	2.01751e-26
0.047	2.01751e-26
0.048	2.01751e-26
0.049	2.01751e-26
0.05	2.01751e-26
0.051	2.01751e-26
0.052	2.01751e-26
0.053	2.01751e-26
0.054	2.01751e-26
0.055	2.01751e-26
0.056	2.01751e-26
0.057	2.01751e-26
0.058	2.01751e-26
0.059	2.01751e-26
0.06	2.01751e-26
0.061	2.01751e-26
0.062	2.01751e-26
0.063	2.01751e-26
0.064	2.01751e-26
0.065	2.01751e-26
0.066	2.01751e-26
0.067	2.01751e-26
0.068	2.01751e-26
0.069	2.01751e-26
0.07	2.01751e-26
0.071	2.01751e-26
0.072	2.01751e-26
0.073	2.01751e-26
0.074	2.01751e-26
0.075	2.01751e-26
0.076	2.01751e-26
0.077	2.01751e-26
0.078	2.01751e-26
0.079	2.01751e-26
0.08	2.01751e-26
0.081	2.01751e-26
0.082	2.01751e-26
0.083	2.01751e-26
0.084	2.01751e-26
0.085	2.01751e-26
0.086	2.01751e-26
0.087	2.01751e-26
0.088	2.01751e-26
0.089	2.01751e-26
0.09	2.01751e-26
0.091	2.01751e-26
0.092	2.01751e-26
0.093	2.01751e-26
0.094	2.01751e-26
0.095	2.01751e-26
0.096	2.01751e-26
0.097	2.01751e-26
0.098	2.01751e-26
0.099	2.01751e-26
0.1	2.01751e-26
0.101	2.01751e-26
0.102	2.01751e-26
0.103	2.01751e-26
0.104	2.01751e-26
0.105	2.01751e-26
0.106	2.01751e-26
0.107	2.01751e-26
0.108	2.01751e-26
0.109	2.01751e-26
0.11	2.01751e-26
0.111	2.01751e-26
0.112	2.01751e-26
0.113	2.01751e-26
0.114	2.01751e-26
0.115	2.01751e-26
0.116	2.01751e-26
0.117	2.01751e-26
0.118	2.01751e-26
0.119	2.01751e-26
0.12	2.01751e-26
0.121	2.01751e-26
0.122	2.01751e-26
0.123	2.01751e-26
0.124	2.01751e-26
0.125	2.01751e-26
0.126	2.01751e-26
0.127	2.01751e-26
0.128	2.01751e-26
0.129	2.01751e-26
0.13	2.01751e-26
0.131	2.01751e-26
0.132	2.01751e-26
0.133	2.01751e-26
0.134	2.01751e-26
0.135	2.01751e-26
0.136	2.01751e-26
0.137	2.01751e-26
0.138	2.01751e-26
0.139	2.01751e-26
0.14	2.01751e-26
0.141	2.01751e-26
0.142	2.01751e-26
0.143	2.01751e-26
0.144	2.01751e-26
0.145	2.01751e-26
0.146	2.01751e-26
0.147	2.01751e-26
0.148	2.01751e-26
0.149	2.01751e-26
0.15	2.01751e-26
0.151	2.01751e-26
0.152	2.01751e-26
0.153	2.01751e-26
0.154	2.01751e-26
0.155	2.01751e-26
0.156	2.01751e-26
0.157	2.01751e-26
0.158	2.01751e-26
0.159	2.01751e-26
0.16	2.01751e-26
0.161	2.01751e-26
0.162	2.01751e-26
0.163	2.01751e-26
0.164	2.01751e-26
0.165	2.01751e-26
0.166	2.01751e-26
0.167	2.01751e-26
0.168	2.01751e-26
0.169	2.01751e-26
0.17	2.01751e-26
0.171	2.01751e-26
0.172	2.01751e-26
0.173	2.01751e-26
0.174	2.01751e-26
0.175	2.01751e-26
0.176	2.01751e-26
0.177	2.01751e-26
0.178	2.01751e-26
0.179	2.01751e-26
0.18	2.01751e-26
0.181	2.01751e-26
0.182	2.01751e-26
0.183	2.01751e-26
0.184	2.01751e-26
0.185	2.01751e-26
0.186	2.01751e-26
0.187	2.01751e-26
0.188	2.01751e-26
0.189	2.01751e-26
0.19	2.01751e-26
0.191	2.01751e-26
0.192	2.01751e-26
0.193	2.01751e-26
0.194	2.01751e-26
0.195	2.01751e-26
0.196	2.01751e-26
0.197	2.01751e-26
0.198	2.01751e-26
0.199	2.01751e-26
0.2	2.01751e-26
0.201	2.01751e-26
0.202	2.01751e-26
0.203	2.01751e-26
0.204	2.01751e-26
0.205	2.01751e-26
0.206	2.01751e-26
0.207	2.01751e-26
0.208	2.01751e-26
0.209	2.01751e-26
0.21	2.01751e-26
0.211	2.01751e-26
0.212	2.01751e-26
0.213	2.01751e-26
0.214	2.01751e-26
0.215	2.01751e-26
0.216	2.01751e-26
0.217	2.01751e-26
0.218	2.01751e-26
0.219	2.01751e-26
0.22	2.01751e-26
0.221	2.01751e-26
0.222	2.01751e-26
0.223	2.01751e-26
0.224	2.01751e-26
0.225	2.01751e-26
0.226	2.01751e-26
0.227	2.01751e-26
0.228	2.01751e-26
0.229	2.01751e-26
0.23	2.01751e-26
0.231	2.01751e-26
0.232	2.01751e-26
0.233	2.01751e-26
0.234	2.01751e-26
0.235	2.01751e-26
0.236	2.01751e-26
0.237	2.01751e-26
0.238	2.01751e-26
0.239	2.01751e-26
0.24	2.01751e-26
0.241	2.01751e-26
0.242	2.01751e-26
0.243	2.01751e-26
0.244	2.01751e-26
0.245	2.01751e-26
0.246	2.01751e-26
0.247	2.01751e-26
0.248	2.01751e-26
0.249	2.01751e-26
0.25	6.6925e-19
0.251	6.6925e-19
0.252	6.6925e-19
0.253	6.6925e-19
0.254	6.6925e-19
0.255	6.6925e-19
0.256	6.6925e-19
0.257	6.6925e-19
0.258	6.6925e-19
0.259	6.6925e-19
0.26	6.6925e-19
0.261	6.6925e-19
0.262	6.6925e-19
0.263	6.6925e-19
0.264	6.6925e-19
0.265	6.6925e-19
0.266	6.6925e-19
0.267	6.6925e-19
0.268	6.6925e-19
0.269	6.6925e-19
0.27	6.6925e-19
0.271	6.6925e-19
0.272	6.6925e-19
0.273	6.6925e-19
0.274	6.6925e-19
0.275	6.6925e-19
0.276	6.6925e-19
0.277	6.6925e-19
0.278	6.6925e-19
0.279	6.6925e-19
0.28	6.6925e-19
0.281	6.6925e-19
0.282	6.6925e-19
0.283	6.6925e-19
0.284	6.6925e-19
0.285	6.6925e-19
0.286	6.6925e-19
0.287	6.6925e-19
0.288	6.6925e-19
0.289	6.6925e-19
0.29	6.6925e-19
0.291	6.6925e-19
0.292	6.6925e-19
0.293	6.6925e-19
0.294	6.6925e-19
0.295	6.6925e-19
0.296	6.6925e-19
0.297	6.6925e-19
0.298	6.6925e-19
0.299	6.6925e-19
0.3	6.6925e-19
0.301	6.6925e-19
0.302	6.6925e-19
0.303	6.6925e-19
0.304	6.6925e-19
0.305	6.6925e-19
0.306	6.6925e-19
0.307	6.6925e-19
0.308	6.6925e-19
0.309	6.6925e-19
0.31	6.6925e-19
0.311	6.6925e-19
0.312	6.6925e-19
0.313	6.6925e-19
0.314	6.6925e-19
0.315	6.6925e-19
0.316	6.6925e-19
0.317	6.6925e-19
0.318	6.6925e-19
0.319	6.6925e-19
0.32	6.6925e-19
0.321	6.6925e-19
0.322	6.6925e-19
0.323	6.6925e-19
0.324	6.6925e-19
0.325	6.6925e-19
0.326	6.6925e-19
0.327	6.6925e-19
0.328	6.6925e-19
0.329	6.6925e-19
0.33	6.6925e-19
0.331	6.6925e-19
0.332	6.6925e-19
0.333	6.6925e-19
0.334	6.6925e-19
0.335	6.6925e-19
0.336	6.6925e-19
0.337	6.6925e-19
0.338	6.6925e-19
0.339	6.6925e-19
0.34	6.6925e-19
0.341	6.6925e-19
0.342	6.6925e-19
0.343	6.6925e-19
0.344	6.6925e-19
0.345	6.6925e-19
0.346	6.6925e-19
0.347	6.6925e-19
0.348	6.6925e-19
0.349	6.6925e-19
0.35	6.6925e-19
0.351	6.6925e-19
0.352	6.6925e-19
0.353	6.6925e-19
0.354	6.6925e-19
0.355	6.6925e-19
0.356	6.6925e-19
0.357	6.6925e-19
0.358	6.6925e-19
0.359	6.6925e-19
0.36	6.6925e-19
0.361	6.6925e-19
0.362	6.6925e-19
0.363	6.6925e-19
0.364	6.6925e-19
0.365	6.6925e-19
0.366	6.6925e-19
0.367	6.6925e-19
0.368	6.6925e-19
0.369	6.6925e-19
0.37	6.6925e-19
0.371	6.6925e-19
0.372	6.6925e-19
0.373	6.6925e-19
0.374	6.6925e-19
0.375	7.42428e-16
0.376	7.42428e-16
0.377	7.42428e-16
0.378	7.42428e-16
0.379	7.42428e-16
0.38	7.42428e-16
0.381	7.42428e-16
0.382	7.42428e-16
0.383	7.42428e-16
0.384	7.42428e-16
0.385	7.42428e-16
0.386	7.42428e-16
0.387	7.42428e-16
0.388	7.42428e-16
0.389	7.42428e-16
0.39	7.42428e-16
0.391	7.42428e-16
0.392	7.42428e-16
0.393	7.42428e-16
0.394	7.42428e-16
0.395	7.42428e-16
0.396	7.42428e-16
0.397	7.42428e-16
0.398	7.42428e-16
0.399	7.42428e-16
0.4	7.42428e-16
0.401	7.42428e-16
0.402	7.42428e-16
0.403	7.42428e-16
0.404	7.42428e-16
0.405	7.42428e-16
0.406	7.42428e-16
0.407	7.42428e-16
0.408	7.42428e-16
0.409	7.42428e-16
0.41	7.42428e-16
0.411	7.42428e-16
0.412	7.42428e-16
0.413	7.42428e-16
0.414	7.42428e-16
0.415	7.42428e-16
0.416	7.42428e-16
0.417	7.42428e-16
0.418	7.42428e-16
0.419	7.42428e-16
0.42	7.42428e-16
0.421	7.42428e-16
0.422	7.42428e-16
0.423	7.42428e-16
0.424	7.42428e-16
0.425	7.42428e-16
0.426	7.42428e-16
0.427	7.42428e-16
0.428	7.42428e-16
0.429	7.42428e-16
0.43	7.42428e-16
0.431	7.42428e-16
0.432	7.42428e-16
0.433	7.42428e-16
0.434	7.42428e-16
0.435	7.42428e-16
0.436	7.42428e-16
0.437	7.42428e-16
0.4375	2.74534e-15
0.4385	4.04603e-15
0.4395	5.12844e-15
0.4405	6.04159e-15
0.4415	6.82989e-15
0.4425	7.5335e-15
0.4435	8.18861e-15
0.4445	8.82771e-15
0.4455	9.4799e-15
0.4465	1.01712e-14
0.4475	1.09247e-14
0.4485	1.17612e-14
0.4495	1.26991e-14
0.4505	1.37549e-14
0.4515	1.49436e-14
0.4525	1.62786e-14
0.4535	1.77724e-14
0.4545	1.94369e-14
0.4555	2.12832e-14
0.4565	2.33224e-14
0.4575	2.55659e-14
0.4585	2.80251e-14
0.4595	3.07125e-14
0.4605	3.36414e-14
0.4615	3.68265e-14
0.4625	4.02839e-14
0.4635	4.40317e-14
0.4645	4.80902e-14
0.4655	5.24822e-14
0.4665	5.72332e-14
0.4675	6.23716e-14
0.4685	6.79294e-14
0.4695	7.3942e-14
0.4705	8.0449e-14
0.4715	8.7494e-14
0.4725	9.51252e-14
0.4735	1.03396e-13
0.4745	1.12363e-13
0.4755	1.22091e-13
0.4765	1.3265e-13
0.4775	1.44113e-13
0.4785	1.56563e-13
0.4795	1.70087e-13
0.4805	1.84781e-13
0.4815	2.00746e-13
0.4825	2.18092e-13
0.4835	2.36935e-13
0.4845	2.57402e-13
0.4855	2.79625e-13
0.4865	3.03748e-13
0.4875	3.2992e-13
0.4885	3.58302e-13
0.4895	3.89064e-13
0.4905	4.22385e-13
0.4915	4.58456e-13
0.4925	4.97475e-13
0.4935	5.39654e-13
0.4945	5.85214e-13
0.4955	6.34388e-13
0.4965	6.87421e-13
0.4975	7.44568e-13
0.4985	8.06099e-13
0.4995	8.72293e-13
