# Interpolation data for function: x^40
0	2.21828e-14
0.001	2.21828e-14
0.002	2.21828e-14
0.003	2.21828e-14
0.004	2.21828e-14
0.005	2.21828e-14
0.006	2.21828e-14
0.007	2.21828e-14
0.008	2.21828e-14
0.009	2.21828e-14
0.01	2.21828e-14
0.011	2.21828e-14
0.012	2.21828e-14
0.013	2.21828e-14
0.014	2.21828e-14
0.015	2.21828e-14
0.016	2.21828e-14
0.017	2.21828e-14
0.018	2.21828e-14
0.019	2.21828e-14
0.02	2.21828e-14
0.021	2.21828e-14
0.022	2.21828e-14
0.023	2.21828e-14
0.024	2.21828e-14
0.025	2.21828e-14
0.026	2.21828e-14
0.027	2.21828e-14
0.028	2.21828e-14
0.029	2.21828e-14
0.03	2.21828e-14
0.031	2.21828e-14
0.032	2.21828e-14
0.033	2.21828e-14
0.034	2.21828e-14
0.035	2.21828e-14
0.036	2.21828e-14
0.037	2.21828e-14
0.038	2.21828e-14
0.039	2.21828e-14
0.04	2.21828e-14
0.041	2.21828e-14
0.042	2.21828e-14
0.043	2.21828e-14
0.044	2.21828e-14
0.045	2.21828e-14
0.046	2.21828e-14
0.047	2.21828e-14
0.048	2.21828e-14
0.049	2.21828e-14
0.05	2.21828e-14
0.051	2.21828e-14
0.052	2.21828e-14
0.053	2.21828e-14
0.054	2.21828e-14
0.055	2.21828e-14
0.056	2.21828e-14
0.057	2.21828e-14
0.058	2.21828e-14
0.059	2.21828e-14
0.06	2.21828e-14
0.061	2.21828e-14
0.062	2.21828e-14
0.063	2.21828e-14
0.064	2.21828e-14
0.065	2.21828e-14
0.066	2.21828e-14
0.067	2.21828e-14
0.068	2.21828e-14
0.069	2.21828e-14
0.07	2.21828e-14
0.071	2.21828e-14
0.072	2.21828e-14
0.073	2.21828e-14
0.074	2.21828e-14
0.075	2.21828e-14
0.076	2.21828e-14
0.077	2.21828e-14
0.078	2.21828e-14
0.079	2.21828e-14
0.08	2.21828e-14
0.081	2.21828e-14
0.082	2.21828e-14
0.083	2.21828e-14
0.084	2.21828e-14
0.085	2.21828e-14
0.086	2.21828e-14
0.087	2.21828e-14
0.088	2.21828e-14
0.089	2.21828e-14
0.09	2.21828e-14
0.091	2.21828e-14
0.092	2.21828e-14
0.093	2.21828e-14
0.094	2.21828e-14
0.095	2.21828e-14
0.096	2.21828e-14
0.097	2.21828e-14
0.098	2.21828e-14
0.099	2.21828e-14
0.1	2.21828e-14
0.101	2.21828e-14
0.102	2.21828e-14
0.103	2.21828e-14
0.104	2.21828e-14
0.105	2.21828e-14
0.106	2.21828e-14
0.107	2.21828e-14
0.108	2.21828e-14
0.109	2.21828e-14
0.11	2.21828e-14
0.111	2.21828e-14
0.112	2.21828e-14
0.113	2.21828e-14
0.114	2.21828e-14
0.115	2.21828e-14
0.116	2.21828e-14
0.117	2.21828e-14
0.118	2.21828e-14
0.119	2.21828e-14
0.12	2.21828e-14
0.121	2.21828e-14
0.122	2.21828e-14
0.123	2.21828e-14
0.124	2.21828e-14
0.125	2.21828e-14
0.126	2.21828e-14
0.127	2.21828e-14
0.128	2.21828e-14
0.129	2.21828e-14
0.13	2.21828e-14
0.131	2.21828e-14
0.132	2.21828e-14
0.133	2.21828e-14
0.134	2.21828e-14
0.135	2.21828e-14
0.136	2.21828e-14
0.137	2.21828e-14
0.138	2.21828e-14
0.139	2.21828e-14
0.14	2.21828e-14
0.141	2.21828e-14
0.142	2.21828e-14
0.143	2.21828e-14
0.144	2.21828e-14
0.145	2.21828e-14
0.146	2.21828e-14
0.147	2.21828e-14
0.148	2.21828e-14
0.149	2.21828e-14
0.15	2.21828e-14
0.151	2.21828e-14
0.152	2.21828e-14
0.153	2.21828e-14
0.154	2.21828e-14
0.155	2.21828e-14
0.156	2.21828e-14
0.157	2.21828e-14
0.158	2.21828e-14
0.159	2.21828e-14
0.16	2.21828e-14
0.161	2.21828e-14
0.162	2.21828e-14
0.163	2.21828e-14
0.164	2.21828e-14
0.165	2.21828e-14
0.166	2.21828e-14
0.167	2.21828e-14
0.168	2.21828e-14
0.169	2.21828e-14
0.17	2.21828e-14
0.171	2.21828e-14
0.172	2.21828e-14
0.173	2.21828e-14
0.174	2.21828e-14
0.175	2.21828e-14
0.176	2.21828e-14
0.177	2.21828e-14
0.178	2.21828e-14
0.179	2.21828e-14
0.18	2.21828e-14
0.181	2.21828e-14
0.182	2.21828e-14
0.183	2.21828e-14
0.184	2.21828e-14
0.185	2.21828e-14
0.186	2.21828e-14
0.187	2.21828e-14
0.188	2.21828e-14
0.189	2.21828e-14
0.19	2.21828e-14
0.191	2.21828e-14
0.192	2.21828e-14
0.193	2.21828e-14
0.194	2.21828e-14
0.195	2.21828e-14
0.196	2.21828e-14
0.197	2.21828e-14
0.198	2.21828e-14
0.199	2.21828e-14
0.2	2.21828e-14
0.201	2.21828e-14
0.202	2.21828e-14
0.203	2.21828e-14
0.204	2.21828e-14
0.205	2.21828e-14
0.206	2.21828e-14
0.207	2.21828e-14
0.208	2.21828e-14
0.209	2.21828e-14
0.21	2.21828e-14
0.211	2.21828e-14
0.212	2.21828e-14
0.213	2.21828e-14
0.214	2.21828e-14
0.215	2.21828e-14
0.216	2.21828e-14
0.217	2.21828e-14
0.218	2.21828e-14
0.219	2.21828e-14
0.22	2.21828e-14
0.221	2.21828e-14
0.222	2.21828e-14
0.223	2.21828e-14
0.224	2.21828e-14
0.225	2.21828e-14
0.226	2.21828e-14
0.227	2.21828e-14
0.228	2.21828e-14
0.229	2.21828e-14
0.23	2.21828e-14
0.231	2.21828e-14
0.232	2.21828e-14
0.233	2.21828e-14
0.234	2.21828e-14
0.235	2.21828e-14
0.236	2.21828e-14
0.237	2.21828e-14
0.238	2.21828e-14
0.239	2.21828e-14
0.24	2.21828e-14
0.241	2.21828e-14
0.242	2.21828e-14
0.243	2.21828e-14
0.244	2.21828e-14
0.245	2.21828e-14
0.246	2.21828e-14
0.247	2.21828e-14
0.248	2.21828e-14
0.249	2.21828e-14
0.25	2.21828e-14
0.251	2.21828e-14
0.252	2.21828e-14
0.253	2.21828e-14
0.254	2.21828e-14
0.255	2.21828e-14
0.256	2.21828e-14
0.257	2.21828e-14
0.258	2.21828e-14
0.259	2.21828e-14
0.26	2.21828e-14
0.261	2.21828e-14
0.262	2.21828e-14
0.263	2.21828e-14
0.264	2.21828e-14
0.265	2.21828e-14
0.266	2.21828e-14
0.267	2.21828e-14
0.268	2.21828e-14
0.269	2.21828e-14
0.27	2.21828e-14
0.271	2.21828e-14
0.272	2.21828e-14
0.273	2.21828e-14
0.274	2.21828e-14
0.275	2.21828e-14
0.276	2.21828e-14
0.277	2.21828e-14
0.278	2.21828e-14
0.279	2.21828e-14
0.28	2.21828e-14
0.281	2.21828e-14
0.282	2.21828e-14
0.283	2.21828e-14
0.284	2.21828e-14
0.285	2.21828e-14
0.286	2.21828e-14
0.287	2.21828e-14
0.288	2.21828e-14
0.289	2.21828e-14
0.29	2.21828e-14
0.291	2.21828e-14
0.292	2.21828e-14
0.293	2.21828e-14
0.294	2.21828e-14
0.295	2.21828e-14
0.296	2.21828e-14
0.297	2.21828e-14
0.298	2.21828e-14
0.299	2.21828e-14
0.3	2.21828e-14
0.301	2.21828e-14
0.302	2.21828e-14
0.303	2.21828e-14
0.304	2.21828e-14
0.305	2.21828e-14
0.306	2.21828e-14
0.307	2.21828e-14
0.308	2.21828e-14
0.309	2.21828e-14
0.31	2.21828e-14
0.311	2.21828e-14
0.312	2.21828e-14
0.313	2.21828e-14
0.314	2.21828e-14
0.315	2.21828e-14
0.316	2.21828e-14
0.317	2.21828e-14
0.318	2.21828e-14
0.319	2.21828e-14
0.32	2.21828e-14
0.321	2.21828e-14
0.322	2.21828e-14
0.323	2.21828e-14
0.324	2.21828e-14
0.325	2.21828e-14
0.326	2.21828e-14
0.327	2.21828e-14
0.328	2.21828e-14
0.329	2.21828e-14
0.33	2.21828e-14
0.331	2.21828e-14
0.332	2.21828e-14
0.333	2.21828e-14
0.334	2.21828e-14
0.335	2.21828e-14
0.336	2.21828e-14
0.337	2.21828e-14
0.338	2.21828e-14
0.339	2.21828e-14
0.34	2.21828e-14
0.341	2.21828e-14
0.342	2.21828e-14
0.343	2.21828e-14
0.344	2.21828e-14
0.345	2.21828e-14
0.346	2.21828e-14
0.347	2.21828e-14
0.348	2.21828e-14
0.349	2.21828e-14
0.35	2.21828e-14
0.351	2.21828e-14
0.352	2.21828e-14
0.353	2.21828e-14
0.354	2.21828e-14
0.355	2.21828e-14
0.356	2.21828e-14
0.357	2.21828e-14
0.358	2.21828e-14
0.359	2.21828e-14
0.36	2.21828e-14
0.361	2.21828e-14
0.362	2.21828e-14
0.363	2.21828e-14
0.364	2.21828e-14
0.365	2.21828e-14
0.366	2.21828e-14
0.367	2.21828e-14
0.368	2.21828e-14
0.369	2.21828e-14
0.37	2.21828e-14
0.371	2.21828e-14
0.372	2.21828e-14
0.373	2.21828e-14
0.374	2.21828e-14
0.375	2.21828e-14
0.376	2.21828e-14
0.377	2.21828e-14
0.378	2.21828e-14
0.379	2.21828e-14
0.38	2.21828e-14
0.381	2.21828e-14
0.382	2.21828e-14
0.383	2.21828e-14
0.384	2.21828e-14
0.385	2.21828e-14
0.386	2.21828e-14
0.387	2.21828e-14
0.388	2.21828e-14
0.389	2.21828e-14
0.39	2.21828e-14
0.391	2.21828e-14
0.392	2.21828e-14
0.393	2.21828e-14
0.394	2.21828e-14
0.395	2.21828e-14
0.396	2.21828e-14
0.397	2.21828e-14
0.398	2.21828e-14
0.399	2.21828e-14
0.4	2.21828e-14
0.401	2.21828e-14
0.402	2.21828e-14
0.403	2.21828e-14
0.404	2.21828e-14
0.405	2.21828e-14
0.406	2.21828e-14
0.407	2.21828e-14
0.408	2.21828e-14
0.409	2.21828e-14
0.41	2.21828e-14
0.411	2.21828e-14
0.412	2.21828e-14
0.413	2.21828e-14
0.414	2.21828e-14
0.415	2.21828e-14
0.416	2.21828e-14
0.417	2.21828e-14
0.418	2.21828e-14
0.419	2.21828e-14
0.42	2.21828e-14
0.421	2.21828e-14
0.422	2.21828e-14
0.423	2.21828e-14
0.424	2.21828e-14
0.425	2.21828e-14
0.426	2.21828e-14
0.427	2.21828e-14
0.428	2.21828e-14
0.429	2.21828e-14
0.43	2.21828e-14
0.431	2.21828e-14
0.432	2.21828e-14
0.433	2.21828e-14
0.434	2.21828e-14
0.435	2.21828e-14
0.436	2.21828e-14
0.437	2.21828e-14
0.438	2.21828e-14
0.439	2.21828e-14
0.44	2.21828e-14
0.441	2.21828e-14
0.442	2.21828e-14
0.443	2.21828e-14
0.444	2.21828e-14
0.445	2.21828e-14
0.446	2.21828e-14
0.447	2.21828e-14
0.448	2.21828e-14
0.449	2.21828e-14
0.45	2.21828e-14
0.451	2.21828e-14
0.452	2.21828e-14
0.453	2.21828e-14
0.454	2.21828e-14
0.455	2.21828e-14
0.456	2.21828e-14
0.457	2.21828e-14
0.458	2.21828e-14
0.459	2.21828e-14
0.46	2.21828e-14
0.461	2.21828e-14
0.462	2.21828e-14
0.463	2.21828e-14
0.464	2.21828e-14
0.465	2.21828e-14
0.466	2.21828e-14
0.467	2.21828e-14
0.468	2.21828e-14
0.469	2.21828e-14
0.47	2.21828e-14
0.471	2.21828e-14
0.472	2.21828e-14
0.473	2.21828e-14
0.474	2.21828e-14
0.475	2.21828e-14
0.476	2.21828e-14
0.477	2.21828e-14
0.478	2.21828e-14
0.479	2.21828e-14
0.48	2.21828e-14
0.481	2.21828e-14
0.482	2.21828e-14
0.483	2.21828e-14
0.484	2.21828e-14
0.485	2.21828e-14
0.486	2.21828e-14
0.487	2.21828e-14
0.488	2.21828e-14
0.489	2.21828e-14
0.49	2.21828e-14
0.491	2.21828e-14
0.492	2.21828e-14
0.493	2.21828e-14
0.494	2.21828e-14
0.495	2.21828e-14
0.496	2.21828e-14
0.497	2.21828e-14
0.498	2.21828e-14
0.499	2.21828e-14
0.5	6.53299e-07
0.501	3.16045e-07
0.502	7.43653e-08
0.503	-9.00212e-08
0.504	-1.928e-07
0.505	-2.4735e-07
0.506	-2.65006e-07
0.507	-2.55296e-07
0.508	-2.26157e-07
0.509	-1.84131e-07
0.51	-1.34544e-07
0.511	-8.16617e-08
0.512	-2.8836e-08
0.513	2.1367e-08
0.514	6.7052e-08
0.515	1.06891e-07
0.516	1.40033e-07
0.517	1.66019e-07
0.518	1.84717e-07
0.519	1.96254e-07
0.52	2.00959e-07
0.521	1.99324e-07
0.522	1.9195e-07
0.523	1.79524e-07
0.524	1.62777e-07
0.525	1.42469e-07
0.526	1.19358e-07
0.527	9.41903e-08
0.528	6.76794e-08
0.529	4.04999e-08
0.53	1.32761e-08
0.531	-1.34236e-08
0.532	-3.90913e-08
0.533	-6.32824e-08
0.534	-8.56164e-08
0.535	-1.05777e-07
0.536	-1.23511e-07
0.537	-1.38627e-07
0.538	-1.5099e-07
0.539	-1.60521e-07
0.54	-1.67192e-07
0.541	-1.71023e-07
0.542	-1.72074e-07
0.543	-1.70446e-07
0.544	-1.6627e-07
0.545	-1.59709e-07
0.546	-1.5095e-07
0.547	-1.40198e-07
0.548	-1.27674e-07
0.549	-1.13614e-07
0.55	-9.82572e-08
0.551	-8.18505e-08
0.552	-6.46401e-08
0.553	-4.68704e-08
0.554	-2.87809e-08
0.555	-1.06035e-08
0.556	7.43951e-09
0.557	2.51375e-08
0.558	4.22933e-08
0.559	5.87244e-08
0.56	7.42641e-08
0.561	8.87626e-08
0.562	1.02088e-07
0.563	1.14125e-07
0.564	1.24778e-07
0.565	1.33969e-07
0.566	1.41637e-07
0.567	1.47741e-07
0.568	1.52256e-07
0.569	1.55173e-07
0.57	1.56501e-07
0.571	1.56261e-07
0.572	1.54492e-07
0.573	1.51243e-07
0.574	1.46578e-07
0.575	1.4057e-07
0.576	1.33304e-07
0.577	1.24871e-07
0.578	1.15373e-07
0.579	1.04915e-07
0.58	9.36109e-08
0.581	8.15761e-08
0.582	6.89301e-08
0.583	5.57941e-08
0.584	4.22901e-08
0.585	2.85399e-08
0.586	1.46641e-08
0.587	7.81285e-10
0.588	-1.2993e-08
0.589	-2.6547e-08
0.59	-3.97735e-08
0.591	-5.25705e-08
0.592	-6.48417e-08
0.593	-7.64973e-08
0.594	-8.74543e-08
0.595	-9.76369e-08
0.596	-1.06977e-07
0.597	-1.15414e-07
0.598	-1.22896e-07
0.599	-1.29379e-07
0.6	-1.34827e-07
0.601	-1.39212e-07
0.602	-1.42515e-07
0.603	-1.44725e-07
0.604	-1.45839e-07
0.605	-1.45861e-07
0.606	-1.44804e-07
0.607	-1.42687e-07
0.608	-1.39536e-07
0.609	-1.35385e-07
0.61	-1.30272e-07
0.611	-1.24243e-07
0.612	-1.17347e-07
0.613	-1.09639e-07
0.614	-1.0118e-07
0.615	-9.20315e-08
0.616	-8.22608e-08
0.617	-7.19373e-08
0.618	-6.11325e-08
0.619	-4.99201e-08
0.62	-3.83747e-08
0.621	-2.6572e-08
0.622	-1.45878e-08
0.623	-2.4975e-09
0.624	9.62394e-09
0.625	2.17029e-08
0.626	3.36672e-08
0.627	4.5447e-08
0.628	5.69747e-08
0.629	6.81855e-08
0.63	7.9018e-08
0.631	8.9414e-08
0.632	9.93195e-08
0.633	1.08684e-07
0.634	1.17463e-07
0.635	1.25613e-07
0.636	1.331e-07
0.637	1.39891e-07
0.638	1.4596e-07
0.639	1.51285e-07
0.64	1.55851e-07
0.641	1.59647e-07
0.642	1.62666e-07
0.643	1.6491e-07
0.644	1.66382e-07
0.645	1.67093e-07
0.646	1.67059e-07
0.647	1.66298e-07
0.648	1.64837e-07
0.649	1.62704e-07
0.65	1.59935e-07
0.651	1.56568e-07
0.652	1.52645e-07
0.653	1.48212e-07
0.654	1.43322e-07
0.655	1.38026e-07
0.656	1.32382e-07
0.657	1.26449e-07
0.658	1.2029e-07
0.659	1.13971e-07
0.66	1.07556e-07
0.661	1.01116e-07
0.662	9.47205e-08
0.663	8.84408e-08
0.664	8.23497e-08
0.665	7.65202e-08
0.666	7.10261e-08
0.667	6.59413e-08
0.668	6.13398e-08
0.669	5.72952e-08
0.67	5.38807e-08
0.671	5.1169e-08
0.672	4.92318e-08
0.673	4.81398e-08
0.674	4.79627e-08
0.675	4.87688e-08
0.676	5.06249e-08
0.677	5.35966e-08
0.678	5.77476e-08
0.679	6.31404e-08
0.68	6.98355e-08
0.681	7.78921e-08
0.682	8.73674e-08
0.683	9.83174e-08
0.684	1.10797e-07
0.685	1.24858e-07
0.686	1.40553e-07
0.687	1.57932e-07
0.688	1.77045e-07
0.689	1.97941e-07
0.69	2.20668e-07
0.691	2.45275e-07
0.692	2.71809e-07
0.693	3.00318e-07
0.694	3.30852e-07
0.695	3.63461e-07
0.696	3.98195e-07
0.697	4.35108e-07
0.698	4.74255e-07
0.699	5.15693e-07
0.7	5.59483e-07
0.701	6.05689e-07
0.702	6.5438e-07
0.703	7.05628e-07
0.704	7.59511e-07
0.705	8.16114e-07
0.706	8.75525e-07
0.707	9.37843e-07
0.708	1.00317e-06
0.709	1.07162e-06
0.71	1.14332e-06
0.711	1.21839e-06
0.712	1.29697e-06
0.713	1.37923e-06
0.714	1.46532e-06
0.715	1.55542e-06
0.716	1.64972e-06
0.717	1.74843e-06
0.718	1.85176e-06
0.719	1.95995e-06
0.72	2.07325e-06
0.721	2.19194e-06
0.722	2.31629e-06
0.723	2.44663e-06
0.724	2.58327e-06
0.725	2.72656e-06
0.726	2.87689e-06
0.727	3.03464e-06
0.728	3.20025e-06
0.729	3.37415e-06
0.73	3.55682e-06
0.731	3.74877e-06
0.732	3.95052e-06
0.733	4.16265e-06
0.734	4.38575e-06
0.735	4.62045e-06
0.736	4.86742e-06
0.737	5.12736e-06
0.738	5.40101e-06
0.739	5.68915e-06
0.74	5.99261e-06
0.741	6.31226e-06
0.742	6.64901e-06
0.743	7.00381e-06
0.744	7.37769e-06
0.745	7.77171e-06
0.746	8.18697e-06
0.747	8.62467e-06
0.748	9.08602e-06
0.749	9.57233e-06
0.75	1.00849e-05
0.751	1.06253e-05
0.752	1.11949e-05
0.753	1.17953e-05
0.754	1.24282e-05
0.755	1.30953e-05
0.756	1.37983e-05
0.757	1.45393e-05
0.758	1.53202e-05
0.759	1.61431e-05
0.76	1.70101e-05
0.761	1.79236e-05
0.762	1.8886e-05
0.763	1.98999e-05
0.764	2.09678e-05
0.765	2.20925e-05
0.766	2.3277e-05
0.767	2.45242e-05
0.768	2.58374e-05
0.769	2.722e-05
0.77	2.86754e-05
0.771	3.02073e-05
0.772	3.18196e-05
0.773	3.35163e-05
0.774	3.53016e-05
0.775	3.718e-05
0.776	3.91562e-05
0.777	4.12349e-05
0.778	4.34213e-05
0.779	4.57208e-05
0.78	4.81389e-05
0.781	5.06816e-05
0.782	5.3355e-05
0.783	5.61655e-05
0.784	5.912e-05
0.785	6.22255e-05
0.786	6.54894e-05
0.787	6.89196e-05
0.788	7.25243e-05
0.789	7.63118e-05
0.79	8.02914e-05
0.791	8.44722e-05
0.792	8.88643e-05
0.793	9.34779e-05
0.794	9.83237e-05
0.795	0.000103413
0.796	0.000108758
0.797	0.000114371
0.798	0.000120265
0.799	0.000126454
0.8	0.000132952
0.801	0.000139773
0.802	0.000146935
0.803	0.000154452
0.804	0.000162343
0.805	0.000170625
0.806	0.000179317
0.807	0.000188439
0.808	0.000198012
0.809	0.000208058
0.81	0.000218598
0.811	0.000229658
0.812	0.000241261
0.813	0.000253434
0.814	0.000266205
0.815	0.000279601
0.816	0.000293653
0.817	0.000308392
0.818	0.00032385
0.819	0.000340063
0.82	0.000357065
0.821	0.000374895
0.822	0.000393591
0.823	0.000413195
0.824	0.000433749
0.825	0.0004553
0.826	0.000477892
0.827	0.000501577
0.828	0.000526404
0.829	0.000552429
0.83	0.000579707
0.831	0.000608297
0.832	0.00063826
0.833	0.000669661
0.834	0.000702568
0.835	0.000737049
0.836	0.00077318
0.837	0.000811036
0.838	0.000850698
0.839	0.00089225
0.84	0.00093578
0.841	0.000981378
0.842	0.00102914
0.843	0.00107917
0.844	0.00113157
0.845	0.00118644
0.846	0.00124391
0.847	0.0013041
0.848	0.00136712
0.849	0.0014331
0.85	0.00150219
0.851	0.00157452
0.852	0.00165025
0.853	0.00172952
0.854	0.00181251
0.855	0.00189937
0.856	0.00199029
0.857	0.00208545
0.858	0.00218504
0.859	0.00228926
0.86	0.00239832
0.861	0.00251244
0.862	0.00263186
0.863	0.0027568
0.864	0.00288752
0.865	0.00302427
0.866	0.00316733
0.867	0.00331699
0.868	0.00347353
0.869	0.00363726
0.87	0.00380851
0.871	0.00398761
0.872	0.00417492
0.873	0.00437079
0.874	0.00457561
0.875	0.00478978
0.876	0.00501371
0.877	0.00524783
0.878	0.0054926
0.879	0.00574849
0.88	0.00601598
0.881	0.0062956
0.882	0.00658787
0.883	0.00689335
0.884	0.00721263
0.885	0.00754631
0.886	0.00789502
0.887	0.00825942
0.888	0.00864021
0.889	0.00903808
0.89	0.0094538
0.891	0.00988814
0.892	0.0103419
0.893	0.010816
0.894	0.0113112
0.895	0.0118284
0.896	0.0123688
0.897	0.0129331
0.898	0.0135226
0.899	0.0141382
0.9	0.0147811
0.901	0.0154524
0.902	0.0161535
0.903	0.0168855
0.904	0.0176499
0.905	0.0184479
0.906	0.0192811
0.907	0.0201509
0.908	0.0210589
0.909	0.0220068
0.91	0.0229963
0.911	0.0240291
0.912	0.025107
0.913	0.026232
0.914	0.0274062
0.915	0.0286315
0.916	0.0299102
0.917	0.0312445
0.918	0.0326367
0.919	0.0340894
0.92	0.0356051
0.921	0.0371864
0.922	0.0388361
0.923	0.0405571
0.924	0.0423523
0.925	0.044225
0.926	0.0461783
0.927	0.0482156
0.928	0.0503405
0.929	0.0525566
0.93	0.0548676
0.931	0.0572777
0.932	0.0597909
0.933	0.0624115
0.934	0.0651439
0.935	0.0679928
0.936	0.0709631
0.937	0.0740598
0.938	0.0772881
0.939	0.0806534
0.94	0.0841615
0.941	0.0878182
0.942	0.0916296
0.943	0.0956021
0.944	0.0997423
0.945	0.104057
0.946	0.108554
0.947	0.11324
0.948	0.118123
0.949	0.123211
0.95	0.128512
0.951	0.134036
0.952	0.139791
0.953	0.145786
0.954	0.152032
0.955	0.158539
0.956	0.165317
0.957	0.172377
0.958	0.17973
0.959	0.187389
0.96	0.195366
0.961	0.203674
0.962	0.212326
0.963	0.221336
0.964	0.230718
0.965	0.240488
0.966	0.25066
0.967	0.261252
0.968	0.272279
0.969	0.28376
0.97	0.295712
0.971	0.308155
0.972	0.321108
0.973	0.33459
0.974	0.348625
0.975	0.363232
0.976	0.378436
0.977	0.39426
0.978	0.410728
0.979	0.427866
0.98	0.4457
0.981	0.464259
0.982	0.48357
0.983	0.503664
0.984	0.52457
0.985	0.546322
0.986	0.568953
0.987	0.592497
0.988	0.61699
0.989	0.642468
0.99	0.668972
0.991	0.69654
0.992	0.725215
0.993	0.75504
0.994	0.78606
0.995	0.81832
0.996	0.851871
0.997	0.886761
0.998	0.923042
0.999	0.96077
