# Interpolation data for function: x^40
0.5	1.12417e-11
0.501	2.69265e-12
0.502	-1.53776e-12
0.503	-2.94959e-12
0.504	-2.6478e-12
0.505	-1.42459e-12
0.506	1.71341e-13
0.507	1.77873e-12
0.508	3.17776e-12
0.509	4.25326e-12
0.51	4.96427e-12
0.511	5.32159e-12
0.512	5.36815e-12
0.513	5.16668e-12
0.514	4.78817e-12
0.515	4.30437e-12
0.516	3.78279e-12
0.517	3.28334e-12
0.518	2.8562e-12
0.519	2.54097e-12
0.52	2.3664e-12
0.521	2.35119e-12
0.522	2.50507e-12
0.523	2.82945e-12
0.524	3.31937e-12
0.525	3.96443e-12
0.526	4.75036e-12
0.527	5.66047e-12
0.528	6.67663e-12
0.529	7.78017e-12
0.53	8.95342e-12
0.531	1.01797e-11
0.532	1.14446e-11
0.533	1.2736e-11
0.534	1.40445e-11
0.535	1.5364e-11
0.536	1.66913e-11
0.537	1.80262e-11
0.538	1.93718e-11
0.539	2.0734e-11
0.54	2.21214e-11
0.541	2.35452e-11
0.542	2.50185e-11
0.543	2.65569e-11
0.544	2.81773e-11
0.545	2.98983e-11
0.546	3.17393e-11
0.547	3.3721e-11
0.548	3.58648e-11
0.549	3.81924e-11
0.55	4.07262e-11
0.551	4.34887e-11
0.552	4.65026e-11
0.553	4.97906e-11
0.554	5.33759e-11
0.555	5.72814e-11
0.556	6.15304e-11
0.557	6.61464e-11
0.558	7.11534e-11
0.559	7.65757e-11
0.56	8.24384e-11
0.561	8.87673e-11
0.562	9.55894e-11
0.563	1.02933e-10
0.564	1.10828e-10
0.565	1.19305e-10
0.566	1.28399e-10
0.567	1.38144e-10
0.568	1.4858e-10
0.569	1.59748e-10
0.57	1.71691e-10
0.571	1.84459e-10
0.572	1.98102e-10
0.573	2.12676e-10
0.574	2.28242e-10
0.575	2.44864e-10
0.576	2.62612e-10
0.577	2.81562e-10
0.578	3.01795e-10
0.579	3.23398e-10
0.58	3.46464e-10
0.581	3.71095e-10
0.582	3.97397e-10
0.583	4.25486e-10
0.584	4.55487e-10
0.585	4.8753e-10
0.586	5.21757e-10
0.587	5.58318e-10
0.588	5.97375e-10
0.589	6.39097e-10
0.59	6.83669e-10
0.591	7.31283e-10
0.592	7.82148e-10
0.593	8.36481e-10
0.594	8.94519e-10
0.595	9.5651e-10
0.596	1.02272e-09
0.597	1.09342e-09
0.598	1.16893e-09
0.599	1.24955e-09
0.6	1.33562e-09
0.601	1.4275e-09
0.602	1.52558e-09
0.603	1.63025e-09
0.604	1.74195e-09
0.605	1.86113e-09
0.606	1.98828e-09
0.607	2.12391e-09
0.608	2.26858e-09
0.609	2.42285e-09
0.61	2.58736e-09
0.611	2.76275e-09
0.612	2.94972e-09
0.613	3.14901e-09
0.614	3.36141e-09
0.615	3.58774e-09
0.616	3.82891e-09
0.617	4.08584e-09
0.618	4.35954e-09
0.619	4.65107e-09
0.62	4.96155e-09
0.621	5.29218e-09
0.622	5.64423e-09
0.623	6.01905e-09
0.624	6.41806e-09
0.625	6.84279e-09
0.626	7.29485e-09
0.627	7.77594e-09
0.628	8.28789e-09
0.629	8.83261e-09
0.63	9.41214e-09
0.631	1.00287e-08
0.632	1.06845e-08
0.633	1.1382e-08
0.634	1.21238e-08
0.635	1.29126e-08
0.636	1.37514e-08
0.637	1.46432e-08
0.638	1.55913e-08
0.639	1.65992e-08
0.64	1.76704e-08
0.641	1.88089e-08
0.642	2.00189e-08
0.643	2.13046e-08
0.644	2.26706e-08
0.645	2.4122e-08
0.646	2.56638e-08
0.647	2.73016e-08
0.648	2.90411e-08
0.649	3.08886e-08
0.65	3.28504e-08
0.651	3.49336e-08
0.652	3.71454e-08
0.653	3.94935e-08
0.654	4.19862e-08
0.655	4.46321e-08
0.656	4.74403e-08
0.657	5.04205e-08
0.658	5.3583e-08
0.659	5.69386e-08
0.66	6.04989e-08
0.661	6.42759e-08
0.662	6.82824e-08
0.663	7.25322e-08
0.664	7.70394e-08
0.665	8.18193e-08
0.666	8.68879e-08
0.667	9.22622e-08
0.668	9.79602e-08
0.669	1.04001e-07
0.67	1.10404e-07
0.671	1.17191e-07
0.672	1.24384e-07
0.673	1.32007e-07
0.674	1.40085e-07
0.675	1.48644e-07
0.676	1.57712e-07
0.677	1.67318e-07
0.678	1.77495e-07
0.679	1.88273e-07
0.68	1.99689e-07
0.681	2.11779e-07
0.682	2.24582e-07
0.683	2.38138e-07
0.684	2.5249e-07
0.685	2.67684e-07
0.686	2.83769e-07
0.687	3.00795e-07
0.688	3.18815e-07
0.689	3.37886e-07
0.69	3.58068e-07
0.691	3.79423e-07
0.692	4.02018e-07
0.693	4.25923e-07
0.694	4.51212e-07
0.695	4.77962e-07
0.696	5.06257e-07
0.697	5.36183e-07
0.698	5.6783e-07
0.699	6.01296e-07
0.7	6.36683e-07
0.701	6.74096e-07
0.702	7.13651e-07
0.703	7.55465e-07
0.704	7.99664e-07
0.705	8.4638e-07
0.706	8.95754e-07
0.707	9.47932e-07
0.708	1.00307e-06
0.709	1.06133e-06
0.71	1.12288e-06
0.711	1.18791e-06
0.712	1.25661e-06
0.713	1.32917e-06
0.714	1.40582e-06
0.715	1.48676e-06
0.716	1.57225e-06
0.717	1.66252e-06
0.718	1.75783e-06
0.719	1.85847e-06
0.72	1.96472e-06
0.721	2.07688e-06
0.722	2.19527e-06
0.723	2.32023e-06
0.724	2.45212e-06
0.725	2.59131e-06
0.726	2.7382e-06
0.727	2.89318e-06
0.728	3.05671e-06
0.729	3.22924e-06
0.73	3.41125e-06
0.731	3.60325e-06
0.732	3.80577e-06
0.733	4.01938e-06
0.734	4.24465e-06
0.735	4.48222e-06
0.736	4.73274e-06
0.737	4.99688e-06
0.738	5.27539e-06
0.739	5.569e-06
0.74	5.87853e-06
0.741	6.20481e-06
0.742	6.54872e-06
0.743	6.91118e-06
0.744	7.29319e-06
0.745	7.69575e-06
0.746	8.11994e-06
0.747	8.56691e-06
0.748	9.03782e-06
0.749	9.53395e-06
0.75	1.00566e-05
0.751	1.06071e-05
0.752	1.1187e-05
0.753	1.17977e-05
0.754	1.2441e-05
0.755	1.31183e-05
0.756	1.38316e-05
0.757	1.45826e-05
0.758	1.53733e-05
0.759	1.62058e-05
0.76	1.70822e-05
0.761	1.80047e-05
0.762	1.89757e-05
0.763	1.99978e-05
0.764	2.10734e-05
0.765	2.22053e-05
0.766	2.33965e-05
0.767	2.46499e-05
0.768	2.59686e-05
0.769	2.73561e-05
0.77	2.88157e-05
0.771	3.03511e-05
0.772	3.19663e-05
0.773	3.36651e-05
0.774	3.54518e-05
0.775	3.73309e-05
0.776	3.93069e-05
0.777	4.13848e-05
0.778	4.35696e-05
0.779	4.58668e-05
0.78	4.82819e-05
0.781	5.08208e-05
0.782	5.34897e-05
0.783	5.62951e-05
0.784	5.92437e-05
0.785	6.23428e-05
0.786	6.55997e-05
0.787	6.90223e-05
0.788	7.26187e-05
0.789	7.63977e-05
0.79	8.03681e-05
0.791	8.45394e-05
0.792	8.89216e-05
0.793	9.35249e-05
0.794	9.83604e-05
0.795	0.000103439
0.796	0.000108773
0.797	0.000114375
0.798	0.000120258
0.799	0.000126436
0.8	0.000132923
0.801	0.000139734
0.802	0.000146884
0.803	0.000154391
0.804	0.000162271
0.805	0.000170544
0.806	0.000179226
0.807	0.000188339
0.808	0.000197904
0.809	0.000207941
0.81	0.000218474
0.811	0.000229527
0.812	0.000241124
0.813	0.000253292
0.814	0.000266058
0.815	0.00027945
0.816	0.000293499
0.817	0.000308235
0.818	0.000323692
0.819	0.000339904
0.82	0.000356906
0.821	0.000374737
0.822	0.000393435
0.823	0.000413041
0.824	0.000433599
0.825	0.000455154
0.826	0.000477751
0.827	0.000501442
0.828	0.000526276
0.829	0.000552308
0.83	0.000579594
0.831	0.000608192
0.832	0.000638165
0.833	0.000669576
0.834	0.000702493
0.835	0.000736986
0.836	0.000773127
0.837	0.000810995
0.838	0.000850669
0.839	0.000892233
0.84	0.000935775
0.841	0.000981386
0.842	0.00102916
0.843	0.0010792
0.844	0.00113161
0.845	0.0011865
0.846	0.00124398
0.847	0.00130418
0.848	0.00136721
0.849	0.0014332
0.85	0.0015023
0.851	0.00157464
0.852	0.00165038
0.853	0.00172966
0.854	0.00181265
0.855	0.00189952
0.856	0.00199045
0.857	0.00208561
0.858	0.0021852
0.859	0.00228943
0.86	0.00239849
0.861	0.00251262
0.862	0.00263203
0.863	0.00275697
0.864	0.00288768
0.865	0.00302444
0.866	0.00316749
0.867	0.00331714
0.868	0.00347367
0.869	0.0036374
0.87	0.00380864
0.871	0.00398773
0.872	0.00417503
0.873	0.00437089
0.874	0.0045757
0.875	0.00478985
0.876	0.00501377
0.877	0.00524788
0.878	0.00549263
0.879	0.00574851
0.88	0.00601599
0.881	0.00629559
0.882	0.00658785
0.883	0.00689332
0.884	0.00721258
0.885	0.00754624
0.886	0.00789494
0.887	0.00825933
0.888	0.0086401
0.889	0.00903796
0.89	0.00945367
0.891	0.00988799
0.892	0.0103418
0.893	0.0108158
0.894	0.011311
0.895	0.0118283
0.896	0.0123686
0.897	0.012933
0.898	0.0135224
0.899	0.014138
0.9	0.0147809
0.901	0.0154522
0.902	0.0161533
0.903	0.0168853
0.904	0.0176497
0.905	0.0184477
0.906	0.0192809
0.907	0.0201508
0.908	0.0210588
0.909	0.0220067
0.91	0.0229962
0.911	0.024029
0.912	0.0251069
0.913	0.026232
0.914	0.0274061
0.915	0.0286315
0.916	0.0299102
0.917	0.0312445
0.918	0.0326368
0.919	0.0340895
0.92	0.0356052
0.921	0.0371865
0.922	0.0388362
0.923	0.0405572
0.924	0.0423525
0.925	0.0442251
0.926	0.0461785
0.927	0.0482158
0.928	0.0503407
0.929	0.0525568
0.93	0.0548678
0.931	0.0572779
0.932	0.0597911
0.933	0.0624117
0.934	0.0651441
0.935	0.067993
0.936	0.0709633
0.937	0.07406
0.938	0.0772883
0.939	0.0806536
0.94	0.0841616
0.941	0.0878183
0.942	0.0916297
0.943	0.0956022
0.944	0.0997424
0.945	0.104057
0.946	0.108554
0.947	0.11324
0.948	0.118123
0.949	0.123211
0.95	0.128512
0.951	0.134036
0.952	0.139791
0.953	0.145786
0.954	0.152032
0.955	0.158539
0.956	0.165316
0.957	0.172376
0.958	0.17973
0.959	0.187389
0.96	0.195366
0.961	0.203674
0.962	0.212326
0.963	0.221336
0.964	0.230718
0.965	0.240488
0.966	0.25066
0.967	0.261252
0.968	0.272279
0.969	0.28376
0.97	0.295712
0.971	0.308155
0.972	0.321108
0.973	0.334591
0.974	0.348625
0.975	0.363232
0.976	0.378436
0.977	0.39426
0.978	0.410728
0.979	0.427866
0.98	0.4457
0.981	0.464259
0.982	0.48357
0.983	0.503664
0.984	0.524571
0.985	0.546323
0.986	0.568953
0.987	0.592497
0.988	0.61699
0.989	0.642468
0.99	0.668972
0.991	0.69654
0.992	0.725215
0.993	0.75504
0.994	0.786059
0.995	0.81832
0.996	0.85187
0.997	0.88676
0.998	0.923042
0.999	0.96077
0	2.01751e-26
0.001	2.01751e-26
0.002	2.01751e-26
0.003	2.01751e-26
0.004	2.01751e-26
0.005	2.01751e-26
0.006	2.01751e-26
0.007	2.01751e-26
0.008	2.01751e-26
0.009	2.01751e-26
0.01	2.01751e-26
0.011	2.01751e-26
0.012	2.01751e-26
0.013	2.01751e-26
0.014	2.01751e-26
0.015	2.01751e-26
0.016	2.01751e-26
0.017	2.01751e-26
0.018	2.01751e-26
0.019	2.01751e-26
0.02	2.01751e-26
0.021	2.01751e-26
0.022	2.01751e-26
0.023	2.01751e-26
0.024	2.01751e-26
0.025	2.01751e-26
0.026	2.01751e-26
0.027	2.01751e-26
0.028	2.01751e-26
0.029	2.01751e-26
0.03	2.01751e-26
0.031	2.01751e-26
0.032	2.01751e-26
0.033	2.01751e-26
0.034	2.01751e-26
0.035	2.01751e-26
0.036	2.01751e-26
0.037	2.01751e-26
0.038	2.01751e-26
0.039	2.01751e-26
0.04	2.01751e-26
0.041	2.01751e-26
0.042	2.01751e-26
0.043	2.01751e-26
0.044	2.01751e-26
0.045	2.01751e-26
0.046	2.01751e-26
0.047	2.01751e-26
0.048	2.01751e-26
0.049	2.01751e-26
0.05	2.01751e-26
0.051	2.01751e-26
0.052	2.01751e-26
0.053	2.01751e-26
0.054	2.01751e-26
0.055	2.01751e-26
0.056	2.01751e-26
0.057	2.01751e-26
0.058	2.01751e-26
0.059	2.01751e-26
0.06	2.01751e-26
0.061	2.01751e-26
0.062	2.01751e-26
0.063	2.01751e-26
0.064	2.01751e-26
0.065	2.01751e-26
0.066	2.01751e-26
0.067	2.01751e-26
0.068	2.01751e-26
0.069	2.01751e-26
0.07	2.01751e-26
0.071	2.01751e-26
0.072	2.01751e-26
0.073	2.01751e-26
0.074	2.01751e-26
0.075	2.01751e-26
0.076	2.01751e-26
0.077	2.01751e-26
0.078	2.01751e-26
0.079	2.01751e-26
0.08	2.01751e-26
0.081	2.01751e-26
0.082	2.01751e-26
0.083	2.01751e-26
0.084	2.01751e-26
0.085	2.01751e-26
0.086	2.01751e-26
0.087	2.01751e-26
0.088	2.01751e-26
0.089	2.01751e-26
0.09	2.01751e-26
0.091	2.01751e-26
0.092	2.01751e-26
0.093	2.01751e-26
0.094	2.01751e-26
0.095	2.01751e-26
0.096	2.01751e-26
0.097	2.01751e-26
0.098	2.01751e-26
0.099	2.01751e-26
0.1	2.01751e-26
0.101	2.01751e-26
0.102	2.01751e-26
0.103	2.01751e-26
0.104	2.01751e-26
0.105	2.01751e-26
0.106	2.01751e-26
0.107	2.01751e-26
0.108	2.01751e-26
0.109	2.01751e-26
0.11	2.01751e-26
0.111	2.01751e-26
0.112	2.01751e-26
0.113	2.01751e-26
0.114	2.01751e-26
0.115	2.01751e-26
0.116	2.01751e-26
0.117	2.01751e-26
0.118	2.01751e-26
0.119	2.01751e-26
0.12	2.01751e-26
0.121	2.01751e-26
0.122	2.01751e-26
0.123	2.01751e-26
0.124	2.01751e-26
0.125	2.01751e-26
0.126	2.01751e-26
0.127	2.01751e-26
0.128	2.01751e-26
0.129	2.01751e-26
0.13	2.01751e-26
0.131	2.01751e-26
0.132	2.01751e-26
0.133	2.01751e-26
0.134	2.01751e-26
0.135	2.01751e-26
0.136	2.01751e-26
0.137	2.01751e-26
0.138	2.01751e-26
0.139	2.01751e-26
0.14	2.01751e-26
0.141	2.01751e-26
0.142	2.01751e-26
0.143	2.01751e-26
0.144	2.01751e-26
0.145	2.01751e-26
0.146	2.01751e-26
0.147	2.01751e-26
0.148	2.01751e-26
0.149	2.01751e-26
0.15	2.01751e-26
0.151	2.01751e-26
0.152	2.01751e-26
0.153	2.01751e-26
0.154	2.01751e-26
0.155	2.01751e-26
0.156	2.01751e-26
0.157	2.01751e-26
0.158	2.01751e-26
0.159	2.01751e-26
0.16	2.01751e-26
0.161	2.01751e-26
0.162	2.01751e-26
0.163	2.01751e-26
0.164	2.01751e-26
0.165	2.01751e-26
0.166	2.01751e-26
0.167	2.01751e-26
0.168	2.01751e-26
0.169	2.01751e-26
0.17	2.01751e-26
0.171	2.01751e-26
0.172	2.01751e-26
0.173	2.01751e-26
0.174	2.01751e-26
0.175	2.01751e-26
0.176	2.01751e-26
0.177	2.01751e-26
0.178	2.01751e-26
0.179	2.01751e-26
0.18	2.01751e-26
0.181	2.01751e-26
0.182	2.01751e-26
0.183	2.01751e-26
0.184	2.01751e-26
0.185	2.01751e-26
0.186	2.01751e-26
0.187	2.01751e-26
0.188	2.01751e-26
0.189	2.01751e-26
0.19	2.01751e-26
0.191	2.01751e-26
0.192	2.01751e-26
0.193	2.01751e-26
0.194	2.01751e-26
0.195	2.01751e-26
0.196	2.01751e-26
0.197	2.01751e-26
0.198	2.01751e-26
0.199	2.01751e-26
0.2	2.01751e-26
0.201	2.01751e-26
0.202	2.01751e-26
0.203	2.01751e-26
0.204	2.01751e-26
0.205	2.01751e-26
0.206	2.01751e-26
0.207	2.01751e-26
0.208	2.01751e-26
0.209	2.01751e-26
0.21	2.01751e-26
0.211	2.01751e-26
0.212	2.01751e-26
0.213	2.01751e-26
0.214	2.01751e-26
0.215	2.01751e-26
0.216	2.01751e-26
0.217	2.01751e-26
0.218	2.01751e-26
0.219	2.01751e-26
0.22	2.01751e-26
0.221	2.01751e-26
0.222	2.01751e-26
0.223	2.01751e-26
0.224	2.01751e-26
0.225	2.01751e-26
0.226	2.01751e-26
0.227	2.01751e-26
0.228	2.01751e-26
0.229	2.01751e-26
0.23	2.01751e-26
0.231	2.01751e-26
0.232	2.01751e-26
0.233	2.01751e-26
0.234	2.01751e-26
0.235	2.01751e-26
0.236	2.01751e-26
0.237	2.01751e-26
0.238	2.01751e-26
0.239	2.01751e-26
0.24	2.01751e-26
0.241	2.01751e-26
0.242	2.01751e-26
0.243	2.01751e-26
0.244	2.01751e-26
0.245	2.01751e-26
0.246	2.01751e-26
0.247	2.01751e-26
0.248	2.01751e-26
0.249	2.01751e-26
0.25	8.8289e-14
0.251	8.53239e-14
0.252	8.23903e-14
0.253	7.94883e-14
0.254	7.66179e-14
0.255	7.3779e-14
0.256	7.09716e-14
0.257	6.81958e-14
0.258	6.54516e-14
0.259	6.27389e-14
0.26	6.00578e-14
0.261	5.74082e-14
0.262	5.47901e-14
0.263	5.22037e-14
0.264	4.96488e-14
0.265	4.71254e-14
0.266	4.46336e-14
0.267	4.21733e-14
0.268	3.97446e-14
0.269	3.73475e-14
0.27	3.49819e-14
0.271	3.26479e-14
0.272	3.03454e-14
0.273	2.80745e-14
0.274	2.58351e-14
0.275	2.36273e-14
0.276	2.1451e-14
0.277	1.93063e-14
0.278	1.71931e-14
0.279	1.51115e-14
0.28	1.30615e-14
0.281	1.1043e-14
0.282	9.05603e-15
0.283	7.10064e-15
0.284	5.17681e-15
0.285	3.28453e-15
0.286	1.4238e-15
0.287	-4.05369e-16
0.288	-2.20299e-15
0.289	-3.96905e-15
0.29	-5.70356e-15
0.291	-7.40651e-15
0.292	-9.07791e-15
0.293	-1.07178e-14
0.294	-1.23261e-14
0.295	-1.39028e-14
0.296	-1.5448e-14
0.297	-1.69616e-14
0.298	-1.84437e-14
0.299	-1.98942e-14
0.3	-2.13132e-14
0.301	-2.27006e-14
0.302	-2.40564e-14
0.303	-2.53808e-14
0.304	-2.66735e-14
0.305	-2.79347e-14
0.306	-2.91643e-14
0.307	-3.03624e-14
0.308	-3.1529e-14
0.309	-3.26639e-14
0.31	-3.37674e-14
0.311	-3.48392e-14
0.312	-3.58796e-14
0.313	-3.68883e-14
0.314	-3.78655e-14
0.315	-3.88112e-14
0.316	-3.97253e-14
0.317	-4.06078e-14
0.318	-4.14588e-14
0.319	-4.22783e-14
0.32	-4.30662e-14
0.321	-4.38225e-14
0.322	-4.45473e-14
0.323	-4.52405e-14
0.324	-4.59022e-14
0.325	-4.65323e-14
0.326	-4.71308e-14
0.327	-4.76979e-14
0.328	-4.82333e-14
0.329	-4.87372e-14
0.33	-4.92096e-14
0.331	-4.96503e-14
0.332	-5.00596e-14
0.333	-5.04373e-14
0.334	-5.07834e-14
0.335	-5.1098e-14
0.336	-5.1381e-14
0.337	-5.16324e-14
0.338	-5.18524e-14
0.339	-5.20407e-14
0.34	-5.21975e-14
0.341	-5.23228e-14
0.342	-5.24165e-14
0.343	-5.24786e-14
0.344	-5.25092e-14
0.345	-5.25082e-14
0.346	-5.24757e-14
0.347	-5.24116e-14
0.348	-5.2316e-14
0.349	-5.21888e-14
0.35	-5.20301e-14
0.351	-5.18398e-14
0.352	-5.16179e-14
0.353	-5.13645e-14
0.354	-5.10796e-14
0.355	-5.07631e-14
0.356	-5.0415e-14
0.357	-5.00354e-14
0.358	-4.96242e-14
0.359	-4.91815e-14
0.36	-4.87072e-14
0.361	-4.82014e-14
0.362	-4.7664e-14
0.363	-4.70951e-14
0.364	-4.64946e-14
0.365	-4.58625e-14
0.366	-4.51989e-14
0.367	-4.45038e-14
0.368	-4.37771e-14
0.369	-4.30188e-14
0.37	-4.2229e-14
0.371	-4.14076e-14
0.372	-4.05547e-14
0.373	-3.96702e-14
0.374	-3.87542e-14
0.375	-3.78066e-14
0.376	-3.68274e-14
0.377	-3.58167e-14
0.378	-3.47745e-14
0.379	-3.37007e-14
0.38	-3.25953e-14
0.381	-3.14584e-14
0.382	-3.02899e-14
0.383	-2.90899e-14
0.384	-2.78583e-14
0.385	-2.65952e-14
0.386	-2.53005e-14
0.387	-2.39743e-14
0.388	-2.26165e-14
0.389	-2.12271e-14
0.39	-1.98062e-14
0.391	-1.83538e-14
0.392	-1.68698e-14
0.393	-1.53542e-14
0.394	-1.38071e-14
0.395	-1.22284e-14
0.396	-1.06182e-14
0.397	-8.97639e-15
0.398	-7.30305e-15
0.399	-5.59817e-15
0.4	-3.86172e-15
0.401	-2.09373e-15
0.402	-2.94175e-16
0.403	1.53693e-15
0.404	3.39959e-15
0.405	5.2938e-15
0.406	7.21957e-15
0.407	9.17689e-15
0.408	1.11658e-14
0.409	1.31862e-14
0.41	1.52382e-14
0.411	1.73217e-14
0.412	1.94368e-14
0.413	2.15835e-14
0.414	2.37617e-14
0.415	2.59714e-14
0.416	2.82127e-14
0.417	3.04856e-14
0.418	3.279e-14
0.419	3.5126e-14
0.42	3.74935e-14
0.421	3.98926e-14
0.422	4.23232e-14
0.423	4.47854e-14
0.424	4.72791e-14
0.425	4.98044e-14
0.426	5.23613e-14
0.427	5.49497e-14
0.428	5.75696e-14
0.429	6.02212e-14
0.43	6.29042e-14
0.431	6.56188e-14
0.432	6.8365e-14
0.433	7.11427e-14
0.434	7.3952e-14
0.435	7.67929e-14
0.436	7.96653e-14
0.437	8.25692e-14
0.438	8.55047e-14
0.439	8.84718e-14
0.44	9.14704e-14
0.441	9.45005e-14
0.442	9.75622e-14
0.443	1.00656e-13
0.444	1.0378e-13
0.445	1.06937e-13
0.446	1.10125e-13
0.447	1.13344e-13
0.448	1.16595e-13
0.449	1.19878e-13
0.45	1.23192e-13
0.451	1.26538e-13
0.452	1.29915e-13
0.453	1.33324e-13
0.454	1.36764e-13
0.455	1.40236e-13
0.456	1.43739e-13
0.457	1.47274e-13
0.458	1.50841e-13
0.459	1.54439e-13
0.46	1.58069e-13
0.461	1.6173e-13
0.462	1.65423e-13
0.463	1.69147e-13
0.464	1.72903e-13
0.465	1.76691e-13
0.466	1.8051e-13
0.467	1.8436e-13
0.468	1.88242e-13
0.469	1.92156e-13
0.47	1.96101e-13
0.471	2.00078e-13
0.472	2.04086e-13
0.473	2.08126e-13
0.474	2.12198e-13
0.475	2.16301e-13
0.476	2.20435e-13
0.477	2.24601e-13
0.478	2.28799e-13
0.479	2.33028e-13
0.48	2.37289e-13
0.481	2.41581e-13
0.482	2.45905e-13
0.483	2.50261e-13
0.484	2.54648e-13
0.485	2.59066e-13
0.486	2.63516e-13
0.487	2.67998e-13
0.488	2.72511e-13
0.489	2.77056e-13
0.49	2.81632e-13
0.491	2.8624e-13
0.492	2.90879e-13
0.493	2.9555e-13
0.494	3.00253e-13
0.495	3.04987e-13
0.496	3.09753e-13
0.497	3.1455e-13
0.498	3.19379e-13
0.499	3.24239e-13
