# Interpolation data for function: x^40
0	2.21828e-14
0.001	2.21828e-14
0.002	2.21828e-14
0.003	2.21828e-14
0.004	2.21828e-14
0.005	2.21828e-14
0.006	2.21828e-14
0.007	2.21828e-14
0.008	2.21828e-14
0.009	2.21828e-14
0.01	2.21828e-14
0.011	2.21828e-14
0.012	2.21828e-14
0.013	2.21828e-14
0.014	2.21828e-14
0.015	2.21828e-14
0.016	2.21828e-14
0.017	2.21828e-14
0.018	2.21828e-14
0.019	2.21828e-14
0.02	2.21828e-14
0.021	2.21828e-14
0.022	2.21828e-14
0.023	2.21828e-14
0.024	2.21828e-14
0.025	2.21828e-14
0.026	2.21828e-14
0.027	2.21828e-14
0.028	2.21828e-14
0.029	2.21828e-14
0.03	2.21828e-14
0.031	2.21828e-14
0.032	2.21828e-14
0.033	2.21828e-14
0.034	2.21828e-14
0.035	2.21828e-14
0.036	2.21828e-14
0.037	2.21828e-14
0.038	2.21828e-14
0.039	2.21828e-14
0.04	2.21828e-14
0.041	2.21828e-14
0.042	2.21828e-14
0.043	2.21828e-14
0.044	2.21828e-14
0.045	2.21828e-14
0.046	2.21828e-14
0.047	2.21828e-14
0.048	2.21828e-14
0.049	2.21828e-14
0.05	2.21828e-14
0.051	2.21828e-14
0.052	2.21828e-14
0.053	2.21828e-14
0.054	2.21828e-14
0.055	2.21828e-14
0.056	2.21828e-14
0.057	2.21828e-14
0.058	2.21828e-14
0.059	2.21828e-14
0.06	2.21828e-14
0.061	2.21828e-14
0.062	2.21828e-14
0.063	2.21828e-14
0.064	2.21828e-14
0.065	2.21828e-14
0.066	2.21828e-14
0.067	2.21828e-14
0.068	2.21828e-14
0.069	2.21828e-14
0.07	2.21828e-14
0.071	2.21828e-14
0.072	2.21828e-14
0.073	2.21828e-14
0.074	2.21828e-14
0.075	2.21828e-14
0.076	2.21828e-14
0.077	2.21828e-14
0.078	2.21828e-14
0.079	2.21828e-14
0.08	2.21828e-14
0.081	2.21828e-14
0.082	2.21828e-14
0.083	2.21828e-14
0.084	2.21828e-14
0.085	2.21828e-14
0.086	2.21828e-14
0.087	2.21828e-14
0.088	2.21828e-14
0.089	2.21828e-14
0.09	2.21828e-14
0.091	2.21828e-14
0.092	2.21828e-14
0.093	2.21828e-14
0.094	2.21828e-14
0.095	2.21828e-14
0.096	2.21828e-14
0.097	2.21828e-14
0.098	2.21828e-14
0.099	2.21828e-14
0.1	2.21828e-14
0.101	2.21828e-14
0.102	2.21828e-14
0.103	2.21828e-14
0.104	2.21828e-14
0.105	2.21828e-14
0.106	2.21828e-14
0.107	2.21828e-14
0.108	2.21828e-14
0.109	2.21828e-14
0.11	2.21828e-14
0.111	2.21828e-14
0.112	2.21828e-14
0.113	2.21828e-14
0.114	2.21828e-14
0.115	2.21828e-14
0.116	2.21828e-14
0.117	2.21828e-14
0.118	2.21828e-14
0.119	2.21828e-14
0.12	2.21828e-14
0.121	2.21828e-14
0.122	2.21828e-14
0.123	2.21828e-14
0.124	2.21828e-14
0.125	2.21828e-14
0.126	2.21828e-14
0.127	2.21828e-14
0.128	2.21828e-14
0.129	2.21828e-14
0.13	2.21828e-14
0.131	2.21828e-14
0.132	2.21828e-14
0.133	2.21828e-14
0.134	2.21828e-14
0.135	2.21828e-14
0.136	2.21828e-14
0.137	2.21828e-14
0.138	2.21828e-14
0.139	2.21828e-14
0.14	2.21828e-14
0.141	2.21828e-14
0.142	2.21828e-14
0.143	2.21828e-14
0.144	2.21828e-14
0.145	2.21828e-14
0.146	2.21828e-14
0.147	2.21828e-14
0.148	2.21828e-14
0.149	2.21828e-14
0.15	2.21828e-14
0.151	2.21828e-14
0.152	2.21828e-14
0.153	2.21828e-14
0.154	2.21828e-14
0.155	2.21828e-14
0.156	2.21828e-14
0.157	2.21828e-14
0.158	2.21828e-14
0.159	2.21828e-14
0.16	2.21828e-14
0.161	2.21828e-14
0.162	2.21828e-14
0.163	2.21828e-14
0.164	2.21828e-14
0.165	2.21828e-14
0.166	2.21828e-14
0.167	2.21828e-14
0.168	2.21828e-14
0.169	2.21828e-14
0.17	2.21828e-14
0.171	2.21828e-14
0.172	2.21828e-14
0.173	2.21828e-14
0.174	2.21828e-14
0.175	2.21828e-14
0.176	2.21828e-14
0.177	2.21828e-14
0.178	2.21828e-14
0.179	2.21828e-14
0.18	2.21828e-14
0.181	2.21828e-14
0.182	2.21828e-14
0.183	2.21828e-14
0.184	2.21828e-14
0.185	2.21828e-14
0.186	2.21828e-14
0.187	2.21828e-14
0.188	2.21828e-14
0.189	2.21828e-14
0.19	2.21828e-14
0.191	2.21828e-14
0.192	2.21828e-14
0.193	2.21828e-14
0.194	2.21828e-14
0.195	2.21828e-14
0.196	2.21828e-14
0.197	2.21828e-14
0.198	2.21828e-14
0.199	2.21828e-14
0.2	2.21828e-14
0.201	2.21828e-14
0.202	2.21828e-14
0.203	2.21828e-14
0.204	2.21828e-14
0.205	2.21828e-14
0.206	2.21828e-14
0.207	2.21828e-14
0.208	2.21828e-14
0.209	2.21828e-14
0.21	2.21828e-14
0.211	2.21828e-14
0.212	2.21828e-14
0.213	2.21828e-14
0.214	2.21828e-14
0.215	2.21828e-14
0.216	2.21828e-14
0.217	2.21828e-14
0.218	2.21828e-14
0.219	2.21828e-14
0.22	2.21828e-14
0.221	2.21828e-14
0.222	2.21828e-14
0.223	2.21828e-14
0.224	2.21828e-14
0.225	2.21828e-14
0.226	2.21828e-14
0.227	2.21828e-14
0.228	2.21828e-14
0.229	2.21828e-14
0.23	2.21828e-14
0.231	2.21828e-14
0.232	2.21828e-14
0.233	2.21828e-14
0.234	2.21828e-14
0.235	2.21828e-14
0.236	2.21828e-14
0.237	2.21828e-14
0.238	2.21828e-14
0.239	2.21828e-14
0.24	2.21828e-14
0.241	2.21828e-14
0.242	2.21828e-14
0.243	2.21828e-14
0.244	2.21828e-14
0.245	2.21828e-14
0.246	2.21828e-14
0.247	2.21828e-14
0.248	2.21828e-14
0.249	2.21828e-14
0.25	2.21828e-14
0.251	2.21828e-14
0.252	2.21828e-14
0.253	2.21828e-14
0.254	2.21828e-14
0.255	2.21828e-14
0.256	2.21828e-14
0.257	2.21828e-14
0.258	2.21828e-14
0.259	2.21828e-14
0.26	2.21828e-14
0.261	2.21828e-14
0.262	2.21828e-14
0.263	2.21828e-14
0.264	2.21828e-14
0.265	2.21828e-14
0.266	2.21828e-14
0.267	2.21828e-14
0.268	2.21828e-14
0.269	2.21828e-14
0.27	2.21828e-14
0.271	2.21828e-14
0.272	2.21828e-14
0.273	2.21828e-14
0.274	2.21828e-14
0.275	2.21828e-14
0.276	2.21828e-14
0.277	2.21828e-14
0.278	2.21828e-14
0.279	2.21828e-14
0.28	2.21828e-14
0.281	2.21828e-14
0.282	2.21828e-14
0.283	2.21828e-14
0.284	2.21828e-14
0.285	2.21828e-14
0.286	2.21828e-14
0.287	2.21828e-14
0.288	2.21828e-14
0.289	2.21828e-14
0.29	2.21828e-14
0.291	2.21828e-14
0.292	2.21828e-14
0.293	2.21828e-14
0.294	2.21828e-14
0.295	2.21828e-14
0.296	2.21828e-14
0.297	2.21828e-14
0.298	2.21828e-14
0.299	2.21828e-14
0.3	2.21828e-14
0.301	2.21828e-14
0.302	2.21828e-14
0.303	2.21828e-14
0.304	2.21828e-14
0.305	2.21828e-14
0.306	2.21828e-14
0.307	2.21828e-14
0.308	2.21828e-14
0.309	2.21828e-14
0.31	2.21828e-14
0.311	2.21828e-14
0.312	2.21828e-14
0.313	2.21828e-14
0.314	2.21828e-14
0.315	2.21828e-14
0.316	2.21828e-14
0.317	2.21828e-14
0.318	2.21828e-14
0.319	2.21828e-14
0.32	2.21828e-14
0.321	2.21828e-14
0.322	2.21828e-14
0.323	2.21828e-14
0.324	2.21828e-14
0.325	2.21828e-14
0.326	2.21828e-14
0.327	2.21828e-14
0.328	2.21828e-14
0.329	2.21828e-14
0.33	2.21828e-14
0.331	2.21828e-14
0.332	2.21828e-14
0.333	2.21828e-14
0.334	2.21828e-14
0.335	2.21828e-14
0.336	2.21828e-14
0.337	2.21828e-14
0.338	2.21828e-14
0.339	2.21828e-14
0.34	2.21828e-14
0.341	2.21828e-14
0.342	2.21828e-14
0.343	2.21828e-14
0.344	2.21828e-14
0.345	2.21828e-14
0.346	2.21828e-14
0.347	2.21828e-14
0.348	2.21828e-14
0.349	2.21828e-14
0.35	2.21828e-14
0.351	2.21828e-14
0.352	2.21828e-14
0.353	2.21828e-14
0.354	2.21828e-14
0.355	2.21828e-14
0.356	2.21828e-14
0.357	2.21828e-14
0.358	2.21828e-14
0.359	2.21828e-14
0.36	2.21828e-14
0.361	2.21828e-14
0.362	2.21828e-14
0.363	2.21828e-14
0.364	2.21828e-14
0.365	2.21828e-14
0.366	2.21828e-14
0.367	2.21828e-14
0.368	2.21828e-14
0.369	2.21828e-14
0.37	2.21828e-14
0.371	2.21828e-14
0.372	2.21828e-14
0.373	2.21828e-14
0.374	2.21828e-14
0.375	2.21828e-14
0.376	2.21828e-14
0.377	2.21828e-14
0.378	2.21828e-14
0.379	2.21828e-14
0.38	2.21828e-14
0.381	2.21828e-14
0.382	2.21828e-14
0.383	2.21828e-14
0.384	2.21828e-14
0.385	2.21828e-14
0.386	2.21828e-14
0.387	2.21828e-14
0.388	2.21828e-14
0.389	2.21828e-14
0.39	2.21828e-14
0.391	2.21828e-14
0.392	2.21828e-14
0.393	2.21828e-14
0.394	2.21828e-14
0.395	2.21828e-14
0.396	2.21828e-14
0.397	2.21828e-14
0.398	2.21828e-14
0.399	2.21828e-14
0.4	2.21828e-14
0.401	2.21828e-14
0.402	2.21828e-14
0.403	2.21828e-14
0.404	2.21828e-14
0.405	2.21828e-14
0.406	2.21828e-14
0.407	2.21828e-14
0.408	2.21828e-14
0.409	2.21828e-14
0.41	2.21828e-14
0.411	2.21828e-14
0.412	2.21828e-14
0.413	2.21828e-14
0.414	2.21828e-14
0.415	2.21828e-14
0.416	2.21828e-14
0.417	2.21828e-14
0.418	2.21828e-14
0.419	2.21828e-14
0.42	2.21828e-14
0.421	2.21828e-14
0.422	2.21828e-14
0.423	2.21828e-14
0.424	2.21828e-14
0.425	2.21828e-14
0.426	2.21828e-14
0.427	2.21828e-14
0.428	2.21828e-14
0.429	2.21828e-14
0.43	2.21828e-14
0.431	2.21828e-14
0.432	2.21828e-14
0.433	2.21828e-14
0.434	2.21828e-14
0.435	2.21828e-14
0.436	2.21828e-14
0.437	2.21828e-14
0.438	2.21828e-14
0.439	2.21828e-14
0.44	2.21828e-14
0.441	2.21828e-14
0.442	2.21828e-14
0.443	2.21828e-14
0.444	2.21828e-14
0.445	2.21828e-14
0.446	2.21828e-14
0.447	2.21828e-14
0.448	2.21828e-14
0.449	2.21828e-14
0.45	2.21828e-14
0.451	2.21828e-14
0.452	2.21828e-14
0.453	2.21828e-14
0.454	2.21828e-14
0.455	2.21828e-14
0.456	2.21828e-14
0.457	2.21828e-14
0.458	2.21828e-14
0.459	2.21828e-14
0.46	2.21828e-14
0.461	2.21828e-14
0.462	2.21828e-14
0.463	2.21828e-14
0.464	2.21828e-14
0.465	2.21828e-14
0.466	2.21828e-14
0.467	2.21828e-14
0.468	2.21828e-14
0.469	2.21828e-14
0.47	2.21828e-14
0.471	2.21828e-14
0.472	2.21828e-14
0.473	2.21828e-14
0.474	2.21828e-14
0.475	2.21828e-14
0.476	2.21828e-14
0.477	2.21828e-14
0.478	2.21828e-14
0.479	2.21828e-14
0.48	2.21828e-14
0.481	2.21828e-14
0.482	2.21828e-14
0.483	2.21828e-14
0.484	2.21828e-14
0.485	2.21828e-14
0.486	2.21828e-14
0.487	2.21828e-14
0.488	2.21828e-14
0.489	2.21828e-14
0.49	2.21828e-14
0.491	2.21828e-14
0.492	2.21828e-14
0.493	2.21828e-14
0.494	2.21828e-14
0.495	2.21828e-14
0.496	2.21828e-14
0.497	2.21828e-14
0.498	2.21828e-14
0.499	2.21828e-14
0.5	-1.32775e-07
0.501	-5.73754e-08
0.502	-5.78901e-09
0.503	2.7086e-08
0.504	4.55375e-08
0.505	5.31409e-08
0.506	5.28509e-08
0.507	4.70836e-08
0.508	3.77899e-08
0.509	2.65214e-08
0.51	1.44884e-08
0.511	2.61204e-09
0.512	-8.43034e-09
0.513	-1.81644e-08
0.514	-2.62837e-08
0.515	-3.26185e-08
0.516	-3.71088e-08
0.517	-3.97812e-08
0.518	-4.07286e-08
0.519	-4.00932e-08
0.52	-3.80518e-08
0.521	-3.48034e-08
0.522	-3.05594e-08
0.523	-2.55347e-08
0.524	-1.99413e-08
0.525	-1.39828e-08
0.526	-7.85007e-09
0.527	-1.7183e-09
0.528	4.25519e-09
0.529	9.93244e-09
0.53	1.51956e-08
0.531	1.9947e-08
0.532	2.41091e-08
0.533	2.76236e-08
0.534	3.04509e-08
0.535	3.25683e-08
0.536	3.39693e-08
0.537	3.46618e-08
0.538	3.46663e-08
0.539	3.40151e-08
0.54	3.27496e-08
0.541	3.09198e-08
0.542	2.85818e-08
0.543	2.57972e-08
0.544	2.26309e-08
0.545	1.91501e-08
0.546	1.54233e-08
0.547	1.15188e-08
0.548	7.50386e-09
0.549	3.44373e-09
0.55	-5.9913e-10
0.551	-4.56573e-09
0.552	-8.40116e-09
0.553	-1.20551e-08
0.554	-1.5482e-08
0.555	-1.86419e-08
0.556	-2.14999e-08
0.557	-2.40268e-08
0.558	-2.6199e-08
0.559	-2.79984e-08
0.56	-2.94125e-08
0.561	-3.04338e-08
0.562	-3.10602e-08
0.563	-3.12942e-08
0.564	-3.11431e-08
0.565	-3.06183e-08
0.566	-2.97351e-08
0.567	-2.85123e-08
0.568	-2.69719e-08
0.569	-2.51385e-08
0.57	-2.30393e-08
0.571	-2.07033e-08
0.572	-1.8161e-08
0.573	-1.54441e-08
0.574	-1.25852e-08
0.575	-9.61713e-09
0.576	-6.57293e-09
0.577	-3.48528e-09
0.578	-3.86337e-10
0.579	2.69265e-09
0.58	5.72158e-09
0.581	8.67171e-09
0.582	1.15159e-08
0.583	1.4229e-08
0.584	1.67875e-08
0.585	1.91702e-08
0.586	2.13582e-08
0.587	2.33348e-08
0.588	2.50858e-08
0.589	2.65995e-08
0.59	2.78664e-08
0.591	2.88798e-08
0.592	2.96352e-08
0.593	3.01306e-08
0.594	3.03666e-08
0.595	3.03456e-08
0.596	3.00726e-08
0.597	2.95545e-08
0.598	2.88003e-08
0.599	2.78206e-08
0.6	2.6628e-08
0.601	2.52365e-08
0.602	2.36615e-08
0.603	2.19198e-08
0.604	2.00291e-08
0.605	1.80081e-08
0.606	1.58764e-08
0.607	1.36539e-08
0.608	1.13613e-08
0.609	9.01927e-09
0.61	6.64874e-09
0.611	4.27059e-09
0.612	1.9055e-09
0.613	-4.26153e-10
0.614	-2.70447e-09
0.615	-4.91013e-09
0.616	-7.02451e-09
0.617	-9.02979e-09
0.618	-1.09091e-08
0.619	-1.26465e-08
0.62	-1.42271e-08
0.621	-1.56373e-08
0.622	-1.68647e-08
0.623	-1.78979e-08
0.624	-1.8727e-08
0.625	-1.93434e-08
0.626	-1.97399e-08
0.627	-1.99104e-08
0.628	-1.98503e-08
0.629	-1.95563e-08
0.63	-1.90264e-08
0.631	-1.82598e-08
0.632	-1.7257e-08
0.633	-1.60196e-08
0.634	-1.45503e-08
0.635	-1.28528e-08
0.636	-1.0932e-08
0.637	-8.79337e-09
0.638	-6.44341e-09
0.639	-3.88926e-09
0.64	-1.13867e-09
0.641	1.80009e-09
0.642	4.9183e-09
0.643	8.20696e-09
0.644	1.16569e-08
0.645	1.52587e-08
0.646	1.90031e-08
0.647	2.2881e-08
0.648	2.68835e-08
0.649	3.10019e-08
0.65	3.52281e-08
0.651	3.95547e-08
0.652	4.39747e-08
0.653	4.8482e-08
0.654	5.30715e-08
0.655	5.7739e-08
0.656	6.24813e-08
0.657	6.72967e-08
0.658	7.21843e-08
0.659	7.71449e-08
0.66	8.21807e-08
0.661	8.72955e-08
0.662	9.24945e-08
0.663	9.77847e-08
0.664	1.03175e-07
0.665	1.08675e-07
0.666	1.14299e-07
0.667	1.2006e-07
0.668	1.25975e-07
0.669	1.32062e-07
0.67	1.38341e-07
0.671	1.44836e-07
0.672	1.51571e-07
0.673	1.58573e-07
0.674	1.65872e-07
0.675	1.73499e-07
0.676	1.81489e-07
0.677	1.89877e-07
0.678	1.98702e-07
0.679	2.08006e-07
0.68	2.17833e-07
0.681	2.28228e-07
0.682	2.39242e-07
0.683	2.50924e-07
0.684	2.63331e-07
0.685	2.76518e-07
0.686	2.90545e-07
0.687	3.05476e-07
0.688	3.21376e-07
0.689	3.38314e-07
0.69	3.56361e-07
0.691	3.75594e-07
0.692	3.96089e-07
0.693	4.1793e-07
0.694	4.41202e-07
0.695	4.65994e-07
0.696	4.92399e-07
0.697	5.20515e-07
0.698	5.50442e-07
0.699	5.82288e-07
0.7	6.16162e-07
0.701	6.52181e-07
0.702	6.90464e-07
0.703	7.31138e-07
0.704	7.74334e-07
0.705	8.2019e-07
0.706	8.68851e-07
0.707	9.20467e-07
0.708	9.75196e-07
0.709	1.0332e-06
0.71	1.09466e-06
0.711	1.15975e-06
0.712	1.22867e-06
0.713	1.30161e-06
0.714	1.37878e-06
0.715	1.46041e-06
0.716	1.54672e-06
0.717	1.63795e-06
0.718	1.73437e-06
0.719	1.83624e-06
0.72	1.94384e-06
0.721	2.05748e-06
0.722	2.17745e-06
0.723	2.30409e-06
0.724	2.43775e-06
0.725	2.57879e-06
0.726	2.72759e-06
0.727	2.88456e-06
0.728	3.05012e-06
0.729	3.22471e-06
0.73	3.40881e-06
0.731	3.60292e-06
0.732	3.80755e-06
0.733	4.02325e-06
0.734	4.25061e-06
0.735	4.49023e-06
0.736	4.74276e-06
0.737	5.00886e-06
0.738	5.28926e-06
0.739	5.58469e-06
0.74	5.89595e-06
0.741	6.22387e-06
0.742	6.56932e-06
0.743	6.93322e-06
0.744	7.31653e-06
0.745	7.72028e-06
0.746	8.14553e-06
0.747	8.5934e-06
0.748	9.06509e-06
0.749	9.56184e-06
0.75	1.00849e-05
0.751	1.06358e-05
0.752	1.12158e-05
0.753	1.18266e-05
0.754	1.24697e-05
0.755	1.31467e-05
0.756	1.38595e-05
0.757	1.46099e-05
0.758	1.53999e-05
0.759	1.62314e-05
0.76	1.71068e-05
0.761	1.80281e-05
0.762	1.89978e-05
0.763	2.00184e-05
0.764	2.10924e-05
0.765	2.22227e-05
0.766	2.34121e-05
0.767	2.46636e-05
0.768	2.59804e-05
0.769	2.73659e-05
0.77	2.88234e-05
0.771	3.03568e-05
0.772	3.19698e-05
0.773	3.36664e-05
0.774	3.54509e-05
0.775	3.73278e-05
0.776	3.93017e-05
0.777	4.13774e-05
0.778	4.35602e-05
0.779	4.58552e-05
0.78	4.82683e-05
0.781	5.08053e-05
0.782	5.34724e-05
0.783	5.6276e-05
0.784	5.9223e-05
0.785	6.23205e-05
0.786	6.5576e-05
0.787	6.89973e-05
0.788	7.25926e-05
0.789	7.63705e-05
0.79	8.034e-05
0.791	8.45107e-05
0.792	8.88923e-05
0.793	9.34952e-05
0.794	9.83304e-05
0.795	0.000103409
0.796	0.000108744
0.797	0.000114346
0.798	0.000120229
0.799	0.000126408
0.8	0.000132895
0.801	0.000139707
0.802	0.000146858
0.803	0.000154367
0.804	0.000162248
0.805	0.000170522
0.806	0.000179206
0.807	0.000188321
0.808	0.000197888
0.809	0.000207927
0.81	0.000218462
0.811	0.000229517
0.812	0.000241117
0.813	0.000253287
0.814	0.000266055
0.815	0.000279449
0.816	0.0002935
0.817	0.000308239
0.818	0.000323699
0.819	0.000339913
0.82	0.000356917
0.821	0.00037475
0.822	0.00039345
0.823	0.000413059
0.824	0.000433619
0.825	0.000455175
0.826	0.000477774
0.827	0.000501466
0.828	0.000526302
0.829	0.000552335
0.83	0.000579622
0.831	0.000608222
0.832	0.000638195
0.833	0.000669607
0.834	0.000702524
0.835	0.000737017
0.836	0.000773159
0.837	0.000811027
0.838	0.0008507
0.839	0.000892264
0.84	0.000935805
0.841	0.000981415
0.842	0.00102919
0.843	0.00107923
0.844	0.00113164
0.845	0.00118653
0.846	0.001244
0.847	0.0013042
0.848	0.00136722
0.849	0.00143322
0.85	0.00150231
0.851	0.00157465
0.852	0.00165039
0.853	0.00172967
0.854	0.00181266
0.855	0.00189952
0.856	0.00199044
0.857	0.0020856
0.858	0.00218519
0.859	0.00228942
0.86	0.00239848
0.861	0.0025126
0.862	0.00263201
0.863	0.00275695
0.864	0.00288766
0.865	0.00302441
0.866	0.00316747
0.867	0.00331711
0.868	0.00347364
0.869	0.00363737
0.87	0.00380861
0.871	0.0039877
0.872	0.00417499
0.873	0.00437085
0.874	0.00457566
0.875	0.00478982
0.876	0.00501373
0.877	0.00524785
0.878	0.0054926
0.879	0.00574848
0.88	0.00601596
0.881	0.00629556
0.882	0.00658782
0.883	0.00689329
0.884	0.00721256
0.885	0.00754622
0.886	0.00789492
0.887	0.00825932
0.888	0.00864009
0.889	0.00903795
0.89	0.00945366
0.891	0.00988799
0.892	0.0103418
0.893	0.0108158
0.894	0.011311
0.895	0.0118283
0.896	0.0123686
0.897	0.012933
0.898	0.0135224
0.899	0.014138
0.9	0.0147809
0.901	0.0154523
0.902	0.0161533
0.903	0.0168854
0.904	0.0176497
0.905	0.0184478
0.906	0.019281
0.907	0.0201508
0.908	0.0210589
0.909	0.0220068
0.91	0.0229962
0.911	0.024029
0.912	0.025107
0.913	0.026232
0.914	0.0274062
0.915	0.0286315
0.916	0.0299102
0.917	0.0312445
0.918	0.0326368
0.919	0.0340895
0.92	0.0356052
0.921	0.0371865
0.922	0.0388362
0.923	0.0405572
0.924	0.0423525
0.925	0.0442251
0.926	0.0461785
0.927	0.0482158
0.928	0.0503407
0.929	0.0525567
0.93	0.0548678
0.931	0.0572779
0.932	0.0597911
0.933	0.0624116
0.934	0.0651441
0.935	0.067993
0.936	0.0709633
0.937	0.0740599
0.938	0.0772882
0.939	0.0806535
0.94	0.0841616
0.941	0.0878182
0.942	0.0916296
0.943	0.0956021
0.944	0.0997424
0.945	0.104057
0.946	0.108554
0.947	0.11324
0.948	0.118123
0.949	0.123211
0.95	0.128512
0.951	0.134036
0.952	0.139791
0.953	0.145786
0.954	0.152032
0.955	0.158539
0.956	0.165316
0.957	0.172376
0.958	0.17973
0.959	0.187389
0.96	0.195366
0.961	0.203674
0.962	0.212326
0.963	0.221336
0.964	0.230718
0.965	0.240488
0.966	0.25066
0.967	0.261252
0.968	0.272279
0.969	0.28376
0.97	0.295712
0.971	0.308155
0.972	0.321108
0.973	0.334591
0.974	0.348625
0.975	0.363232
0.976	0.378436
0.977	0.39426
0.978	0.410728
0.979	0.427866
0.98	0.4457
0.981	0.464259
0.982	0.48357
0.983	0.503664
0.984	0.524571
0.985	0.546323
0.986	0.568953
0.987	0.592497
0.988	0.616989
0.989	0.642468
0.99	0.668972
0.991	0.69654
0.992	0.725215
0.993	0.75504
0.994	0.786059
0.995	0.81832
0.996	0.85187
0.997	0.886761
0.998	0.923042
0.999	0.96077
