# Interpolation data for function: x^40
0	-0.0452962
0.001	-0.0451568
0.002	-0.0450174
0.003	-0.044878
0.004	-0.0447387
0.005	-0.0445993
0.006	-0.0444599
0.007	-0.0443206
0.008	-0.0441812
0.009	-0.0440418
0.01	-0.0439024
0.011	-0.0437631
0.012	-0.0436237
0.013	-0.0434843
0.014	-0.0433449
0.015	-0.0432056
0.016	-0.0430662
0.017	-0.0429268
0.018	-0.0427875
0.019	-0.0426481
0.02	-0.0425087
0.021	-0.0423693
0.022	-0.04223
0.023	-0.0420906
0.024	-0.0419512
0.025	-0.0418118
0.026	-0.0416725
0.027	-0.0415331
0.028	-0.0413937
0.029	-0.0412544
0.03	-0.041115
0.031	-0.0409756
0.032	-0.0408362
0.033	-0.0406969
0.034	-0.0405575
0.035	-0.0404181
0.036	-0.0402787
0.037	-0.0401394
0.038	-0.04
0.039	-0.0398606
0.04	-0.0397213
0.041	-0.0395819
0.042	-0.0394425
0.043	-0.0393031
0.044	-0.0391638
0.045	-0.0390244
0.046	-0.038885
0.047	-0.0387456
0.048	-0.0386063
0.049	-0.0384669
0.05	-0.0383275
0.051	-0.0381882
0.052	-0.0380488
0.053	-0.0379094
0.054	-0.03777
0.055	-0.0376307
0.056	-0.0374913
0.057	-0.0373519
0.058	-0.0372125
0.059	-0.0370732
0.06	-0.0369338
0.061	-0.0367944
0.062	-0.0366551
0.063	-0.0365157
0.064	-0.0363763
0.065	-0.0362369
0.066	-0.0360976
0.067	-0.0359582
0.068	-0.0358188
0.069	-0.0356794
0.07	-0.0355401
0.071	-0.0354007
0.072	-0.0352613
0.073	-0.035122
0.074	-0.0349826
0.075	-0.0348432
0.076	-0.0347038
0.077	-0.0345645
0.078	-0.0344251
0.079	-0.0342857
0.08	-0.0341463
0.081	-0.034007
0.082	-0.0338676
0.083	-0.0337282
0.084	-0.0335889
0.085	-0.0334495
0.086	-0.0333101
0.087	-0.0331707
0.088	-0.0330314
0.089	-0.032892
0.09	-0.0327526
0.091	-0.0326132
0.092	-0.0324739
0.093	-0.0323345
0.094	-0.0321951
0.095	-0.0320557
0.096	-0.0319164
0.097	-0.031777
0.098	-0.0316376
0.099	-0.0314983
0.1	-0.0313589
0.101	-0.0312195
0.102	-0.0310801
0.103	-0.0309408
0.104	-0.0308014
0.105	-0.030662
0.106	-0.0305226
0.107	-0.0303833
0.108	-0.0302439
0.109	-0.0301045
0.11	-0.0299652
0.111	-0.0298258
0.112	-0.0296864
0.113	-0.029547
0.114	-0.0294077
0.115	-0.0292683
0.116	-0.0291289
0.117	-0.0289895
0.118	-0.0288502
0.119	-0.0287108
0.12	-0.0285714
0.121	-0.0284321
0.122	-0.0282927
0.123	-0.0281533
0.124	-0.0280139
0.125	-0.0278746
0.126	-0.0277352
0.127	-0.0275958
0.128	-0.0274564
0.129	-0.0273171
0.13	-0.0271777
0.131	-0.0270383
0.132	-0.026899
0.133	-0.0267596
0.134	-0.0266202
0.135	-0.0264808
0.136	-0.0263415
0.137	-0.0262021
0.138	-0.0260627
0.139	-0.0259233
0.14	-0.025784
0.141	-0.0256446
0.142	-0.0255052
0.143	-0.0253659
0.144	-0.0252265
0.145	-0.0250871
0.146	-0.0249477
0.147	-0.0248084
0.148	-0.024669
0.149	-0.0245296
0.15	-0.0243902
0.151	-0.0242509
0.152	-0.0241115
0.153	-0.0239721
0.154	-0.0238328
0.155	-0.0236934
0.156	-0.023554
0.157	-0.0234146
0.158	-0.0232753
0.159	-0.0231359
0.16	-0.0229965
0.161	-0.0228571
0.162	-0.0227178
0.163	-0.0225784
0.164	-0.022439
0.165	-0.0222997
0.166	-0.0221603
0.167	-0.0220209
0.168	-0.0218815
0.169	-0.0217422
0.17	-0.0216028
0.171	-0.0214634
0.172	-0.021324
0.173	-0.0211847
0.174	-0.0210453
0.175	-0.0209059
0.176	-0.0207666
0.177	-0.0206272
0.178	-0.0204878
0.179	-0.0203484
0.18	-0.0202091
0.181	-0.0200697
0.182	-0.0199303
0.183	-0.0197909
0.184	-0.0196516
0.185	-0.0195122
0.186	-0.0193728
0.187	-0.0192334
0.188	-0.0190941
0.189	-0.0189547
0.19	-0.0188153
0.191	-0.018676
0.192	-0.0185366
0.193	-0.0183972
0.194	-0.0182578
0.195	-0.0181185
0.196	-0.0179791
0.197	-0.0178397
0.198	-0.0177003
0.199	-0.017561
0.2	-0.0174216
0.201	-0.0172822
0.202	-0.0171429
0.203	-0.0170035
0.204	-0.0168641
0.205	-0.0167247
0.206	-0.0165854
0.207	-0.016446
0.208	-0.0163066
0.209	-0.0161672
0.21	-0.0160279
0.211	-0.0158885
0.212	-0.0157491
0.213	-0.0156098
0.214	-0.0154704
0.215	-0.015331
0.216	-0.0151916
0.217	-0.0150523
0.218	-0.0149129
0.219	-0.0147735
0.22	-0.0146341
0.221	-0.0144948
0.222	-0.0143554
0.223	-0.014216
0.224	-0.0140767
0.225	-0.0139373
0.226	-0.0137979
0.227	-0.0136585
0.228	-0.0135192
0.229	-0.0133798
0.23	-0.0132404
0.231	-0.013101
0.232	-0.0129617
0.233	-0.0128223
0.234	-0.0126829
0.235	-0.0125436
0.236	-0.0124042
0.237	-0.0122648
0.238	-0.0121254
0.239	-0.0119861
0.24	-0.0118467
0.241	-0.0117073
0.242	-0.0115679
0.243	-0.0114286
0.244	-0.0112892
0.245	-0.0111498
0.246	-0.0110105
0.247	-0.0108711
0.248	-0.0107317
0.249	-0.0105923
0.25	-0.010453
0.251	-0.0103136
0.252	-0.0101742
0.253	-0.0100348
0.254	-0.00989547
0.255	-0.0097561
0.256	-0.00961672
0.257	-0.00947735
0.258	-0.00933798
0.259	-0.00919861
0.26	-0.00905923
0.261	-0.00891986
0.262	-0.00878049
0.263	-0.00864111
0.264	-0.00850174
0.265	-0.00836237
0.266	-0.008223
0.267	-0.00808362
0.268	-0.00794425
0.269	-0.00780488
0.27	-0.00766551
0.271	-0.00752613
0.272	-0.00738676
0.273	-0.00724739
0.274	-0.00710801
0.275	-0.00696864
0.276	-0.00682927
0.277	-0.0066899
0.278	-0.00655052
0.279	-0.00641115
0.28	-0.00627178
0.281	-0.0061324
0.282	-0.00599303
0.283	-0.00585366
0.284	-0.00571429
0.285	-0.00557491
0.286	-0.00543554
0.287	-0.00529617
0.288	-0.00515679
0.289	-0.00501742
0.29	-0.00487805
0.291	-0.00473868
0.292	-0.0045993
0.293	-0.00445993
0.294	-0.00432056
0.295	-0.00418118
0.296	-0.00404181
0.297	-0.00390244
0.298	-0.00376307
0.299	-0.00362369
0.3	-0.00348432
0.301	-0.00334495
0.302	-0.00320557
0.303	-0.0030662
0.304	-0.00292683
0.305	-0.00278746
0.306	-0.00264808
0.307	-0.00250871
0.308	-0.00236934
0.309	-0.00222997
0.31	-0.00209059
0.311	-0.00195122
0.312	-0.00181185
0.313	-0.00167247
0.314	-0.0015331
0.315	-0.00139373
0.316	-0.00125436
0.317	-0.00111498
0.318	-0.00097561
0.319	-0.000836237
0.32	-0.000696864
0.321	-0.000557491
0.322	-0.000418118
0.323	-0.000278746
0.324	-0.000139373
0.325	2.77556e-17
0.326	0.000139373
0.327	0.000278746
0.328	0.000418118
0.329	0.000557491
0.33	0.000696864
0.331	0.000836237
0.332	0.00097561
0.333	0.00111498
0.334	0.00125436
0.335	0.00139373
0.336	0.0015331
0.337	0.00167247
0.338	0.00181185
0.339	0.00195122
0.34	0.00209059
0.341	0.00222997
0.342	0.00236934
0.343	0.00250871
0.344	0.00264808
0.345	0.00278746
0.346	0.00292683
0.347	0.0030662
0.348	0.00320557
0.349	0.00334495
0.35	0.00348432
0.351	0.00362369
0.352	0.00376307
0.353	0.00390244
0.354	0.00404181
0.355	0.00418118
0.356	0.00432056
0.357	0.00445993
0.358	0.0045993
0.359	0.00473868
0.36	0.00487805
0.361	0.00501742
0.362	0.00515679
0.363	0.00529617
0.364	0.00543554
0.365	0.00557491
0.366	0.00571429
0.367	0.00585366
0.368	0.00599303
0.369	0.0061324
0.37	0.00627178
0.371	0.00641115
0.372	0.00655052
0.373	0.0066899
0.374	0.00682927
0.375	0.00696864
0.376	0.00710801
0.377	0.00724739
0.378	0.00738676
0.379	0.00752613
0.38	0.00766551
0.381	0.00780488
0.382	0.00794425
0.383	0.00808362
0.384	0.008223
0.385	0.00836237
0.386	0.00850174
0.387	0.00864111
0.388	0.00878049
0.389	0.00891986
0.39	0.00905923
0.391	0.00919861
0.392	0.00933798
0.393	0.00947735
0.394	0.00961672
0.395	0.0097561
0.396	0.00989547
0.397	0.0100348
0.398	0.0101742
0.399	0.0103136
0.4	0.010453
0.401	0.0105923
0.402	0.0107317
0.403	0.0108711
0.404	0.0110105
0.405	0.0111498
0.406	0.0112892
0.407	0.0114286
0.408	0.0115679
0.409	0.0117073
0.41	0.0118467
0.411	0.0119861
0.412	0.0121254
0.413	0.0122648
0.414	0.0124042
0.415	0.0125436
0.416	0.0126829
0.417	0.0128223
0.418	0.0129617
0.419	0.013101
0.42	0.0132404
0.421	0.0133798
0.422	0.0135192
0.423	0.0136585
0.424	0.0137979
0.425	0.0139373
0.426	0.0140767
0.427	0.014216
0.428	0.0143554
0.429	0.0144948
0.43	0.0146341
0.431	0.0147735
0.432	0.0149129
0.433	0.0150523
0.434	0.0151916
0.435	0.015331
0.436	0.0154704
0.437	0.0156098
0.438	0.0157491
0.439	0.0158885
0.44	0.0160279
0.441	0.0161672
0.442	0.0163066
0.443	0.016446
0.444	0.0165854
0.445	0.0167247
0.446	0.0168641
0.447	0.0170035
0.448	0.0171429
0.449	0.0172822
0.45	0.0174216
0.451	0.017561
0.452	0.0177003
0.453	0.0178397
0.454	0.0179791
0.455	0.0181185
0.456	0.0182578
0.457	0.0183972
0.458	0.0185366
0.459	0.018676
0.46	0.0188153
0.461	0.0189547
0.462	0.0190941
0.463	0.0192334
0.464	0.0193728
0.465	0.0195122
0.466	0.0196516
0.467	0.0197909
0.468	0.0199303
0.469	0.0200697
0.47	0.0202091
0.471	0.0203484
0.472	0.0204878
0.473	0.0206272
0.474	0.0207666
0.475	0.0209059
0.476	0.0210453
0.477	0.0211847
0.478	0.021324
0.479	0.0214634
0.48	0.0216028
0.481	0.0217422
0.482	0.0218815
0.483	0.0220209
0.484	0.0221603
0.485	0.0222997
0.486	0.022439
0.487	0.0225784
0.488	0.0227178
0.489	0.0228571
0.49	0.0229965
0.491	0.0231359
0.492	0.0232753
0.493	0.0234146
0.494	0.023554
0.495	0.0236934
0.496	0.0238328
0.497	0.0239721
0.498	0.0241115
0.499	0.0242509
0.5	0.0243902
0.501	0.0245296
0.502	0.024669
0.503	0.0248084
0.504	0.0249477
0.505	0.0250871
0.506	0.0252265
0.507	0.0253659
0.508	0.0255052
0.509	0.0256446
0.51	0.025784
0.511	0.0259233
0.512	0.0260627
0.513	0.0262021
0.514	0.0263415
0.515	0.0264808
0.516	0.0266202
0.517	0.0267596
0.518	0.026899
0.519	0.0270383
0.52	0.0271777
0.521	0.0273171
0.522	0.0274564
0.523	0.0275958
0.524	0.0277352
0.525	0.0278746
0.526	0.0280139
0.527	0.0281533
0.528	0.0282927
0.529	0.0284321
0.53	0.0285714
0.531	0.0287108
0.532	0.0288502
0.533	0.0289895
0.534	0.0291289
0.535	0.0292683
0.536	0.0294077
0.537	0.029547
0.538	0.0296864
0.539	0.0298258
0.54	0.0299652
0.541	0.0301045
0.542	0.0302439
0.543	0.0303833
0.544	0.0305226
0.545	0.030662
0.546	0.0308014
0.547	0.0309408
0.548	0.0310801
0.549	0.0312195
0.55	0.0313589
0.551	0.0314983
0.552	0.0316376
0.553	0.031777
0.554	0.0319164
0.555	0.0320557
0.556	0.0321951
0.557	0.0323345
0.558	0.0324739
0.559	0.0326132
0.56	0.0327526
0.561	0.032892
0.562	0.0330314
0.563	0.0331707
0.564	0.0333101
0.565	0.0334495
0.566	0.0335889
0.567	0.0337282
0.568	0.0338676
0.569	0.034007
0.57	0.0341463
0.571	0.0342857
0.572	0.0344251
0.573	0.0345645
0.574	0.0347038
0.575	0.0348432
0.576	0.0349826
0.577	0.035122
0.578	0.0352613
0.579	0.0354007
0.58	0.0355401
0.581	0.0356794
0.582	0.0358188
0.583	0.0359582
0.584	0.0360976
0.585	0.0362369
0.586	0.0363763
0.587	0.0365157
0.588	0.0366551
0.589	0.0367944
0.59	0.0369338
0.591	0.0370732
0.592	0.0372125
0.593	0.0373519
0.594	0.0374913
0.595	0.0376307
0.596	0.03777
0.597	0.0379094
0.598	0.0380488
0.599	0.0381882
0.6	0.0383275
0.601	0.0384669
0.602	0.0386063
0.603	0.0387456
0.604	0.038885
0.605	0.0390244
0.606	0.0391638
0.607	0.0393031
0.608	0.0394425
0.609	0.0395819
0.61	0.0397213
0.611	0.0398606
0.612	0.04
0.613	0.0401394
0.614	0.0402787
0.615	0.0404181
0.616	0.0405575
0.617	0.0406969
0.618	0.0408362
0.619	0.0409756
0.62	0.041115
0.621	0.0412544
0.622	0.0413937
0.623	0.0415331
0.624	0.0416725
0.625	0.0418118
0.626	0.0419512
0.627	0.0420906
0.628	0.04223
0.629	0.0423693
0.63	0.0425087
0.631	0.0426481
0.632	0.0427875
0.633	0.0429268
0.634	0.0430662
0.635	0.0432056
0.636	0.0433449
0.637	0.0434843
0.638	0.0436237
0.639	0.0437631
0.64	0.0439024
0.641	0.0440418
0.642	0.0441812
0.643	0.0443206
0.644	0.0444599
0.645	0.0445993
0.646	0.0447387
0.647	0.044878
0.648	0.0450174
0.649	0.0451568
0.65	0.0452962
0.651	0.0454355
0.652	0.0455749
0.653	0.0457143
0.654	0.0458537
0.655	0.045993
0.656	0.0461324
0.657	0.0462718
0.658	0.0464111
0.659	0.0465505
0.66	0.0466899
0.661	0.0468293
0.662	0.0469686
0.663	0.047108
0.664	0.0472474
0.665	0.0473868
0.666	0.0475261
0.667	0.0476655
0.668	0.0478049
0.669	0.0479443
0.67	0.0480836
0.671	0.048223
0.672	0.0483624
0.673	0.0485017
0.674	0.0486411
0.675	0.0487805
0.676	0.0489199
0.677	0.0490592
0.678	0.0491986
0.679	0.049338
0.68	0.0494774
0.681	0.0496167
0.682	0.0497561
0.683	0.0498955
0.684	0.0500348
0.685	0.0501742
0.686	0.0503136
0.687	0.050453
0.688	0.0505923
0.689	0.0507317
0.69	0.0508711
0.691	0.0510105
0.692	0.0511498
0.693	0.0512892
0.694	0.0514286
0.695	0.0515679
0.696	0.0517073
0.697	0.0518467
0.698	0.0519861
0.699	0.0521254
0.7	0.0522648
0.701	0.0524042
0.702	0.0525436
0.703	0.0526829
0.704	0.0528223
0.705	0.0529617
0.706	0.053101
0.707	0.0532404
0.708	0.0533798
0.709	0.0535192
0.71	0.0536585
0.711	0.0537979
0.712	0.0539373
0.713	0.0540767
0.714	0.054216
0.715	0.0543554
0.716	0.0544948
0.717	0.0546341
0.718	0.0547735
0.719	0.0549129
0.72	0.0550523
0.721	0.0551916
0.722	0.055331
0.723	0.0554704
0.724	0.0556098
0.725	0.0557491
0.726	0.0558885
0.727	0.0560279
0.728	0.0561672
0.729	0.0563066
0.73	0.056446
0.731	0.0565854
0.732	0.0567247
0.733	0.0568641
0.734	0.0570035
0.735	0.0571429
0.736	0.0572822
0.737	0.0574216
0.738	0.057561
0.739	0.0577003
0.74	0.0578397
0.741	0.0579791
0.742	0.0581185
0.743	0.0582578
0.744	0.0583972
0.745	0.0585366
0.746	0.058676
0.747	0.0588153
0.748	0.0589547
0.749	0.0590941
0.75	0.0592334
0.751	0.0593728
0.752	0.0595122
0.753	0.0596516
0.754	0.0597909
0.755	0.0599303
0.756	0.0600697
0.757	0.0602091
0.758	0.0603484
0.759	0.0604878
0.76	0.0606272
0.761	0.0607666
0.762	0.0609059
0.763	0.0610453
0.764	0.0611847
0.765	0.061324
0.766	0.0614634
0.767	0.0616028
0.768	0.0617422
0.769	0.0618815
0.77	0.0620209
0.771	0.0621603
0.772	0.0622997
0.773	0.062439
0.774	0.0625784
0.775	0.0627178
0.776	0.0628571
0.777	0.0629965
0.778	0.0631359
0.779	0.0632753
0.78	0.0634146
0.781	0.063554
0.782	0.0636934
0.783	0.0638328
0.784	0.0639721
0.785	0.0641115
0.786	0.0642509
0.787	0.0643902
0.788	0.0645296
0.789	0.064669
0.79	0.0648084
0.791	0.0649477
0.792	0.0650871
0.793	0.0652265
0.794	0.0653659
0.795	0.0655052
0.796	0.0656446
0.797	0.065784
0.798	0.0659233
0.799	0.0660627
0.8	0.0662021
0.801	0.0663415
0.802	0.0664808
0.803	0.0666202
0.804	0.0667596
0.805	0.066899
0.806	0.0670383
0.807	0.0671777
0.808	0.0673171
0.809	0.0674564
0.81	0.0675958
0.811	0.0677352
0.812	0.0678746
0.813	0.0680139
0.814	0.0681533
0.815	0.0682927
0.816	0.0684321
0.817	0.0685714
0.818	0.0687108
0.819	0.0688502
0.82	0.0689895
0.821	0.0691289
0.822	0.0692683
0.823	0.0694077
0.824	0.069547
0.825	0.0696864
0.826	0.0698258
0.827	0.0699652
0.828	0.0701045
0.829	0.0702439
0.83	0.0703833
0.831	0.0705226
0.832	0.070662
0.833	0.0708014
0.834	0.0709408
0.835	0.0710801
0.836	0.0712195
0.837	0.0713589
0.838	0.0714983
0.839	0.0716376
0.84	0.071777
0.841	0.0719164
0.842	0.0720557
0.843	0.0721951
0.844	0.0723345
0.845	0.0724739
0.846	0.0726132
0.847	0.0727526
0.848	0.072892
0.849	0.0730314
0.85	0.0731707
0.851	0.0733101
0.852	0.0734495
0.853	0.0735889
0.854	0.0737282
0.855	0.0738676
0.856	0.074007
0.857	0.0741463
0.858	0.0742857
0.859	0.0744251
0.86	0.0745645
0.861	0.0747038
0.862	0.0748432
0.863	0.0749826
0.864	0.075122
0.865	0.0752613
0.866	0.0754007
0.867	0.0755401
0.868	0.0756794
0.869	0.0758188
0.87	0.0759582
0.871	0.0760976
0.872	0.0762369
0.873	0.0763763
0.874	0.0765157
0.875	0.0766551
0.876	0.0767944
0.877	0.0769338
0.878	0.0770732
0.879	0.0772125
0.88	0.0773519
0.881	0.0774913
0.882	0.0776307
0.883	0.07777
0.884	0.0779094
0.885	0.0780488
0.886	0.0781882
0.887	0.0783275
0.888	0.0784669
0.889	0.0786063
0.89	0.0787456
0.891	0.078885
0.892	0.0790244
0.893	0.0791638
0.894	0.0793031
0.895	0.0794425
0.896	0.0795819
0.897	0.0797213
0.898	0.0798606
0.899	0.08
0.9	0.0801394
0.901	0.0802787
0.902	0.0804181
0.903	0.0805575
0.904	0.0806969
0.905	0.0808362
0.906	0.0809756
0.907	0.081115
0.908	0.0812544
0.909	0.0813937
0.91	0.0815331
0.911	0.0816725
0.912	0.0818118
0.913	0.0819512
0.914	0.0820906
0.915	0.08223
0.916	0.0823693
0.917	0.0825087
0.918	0.0826481
0.919	0.0827875
0.92	0.0829268
0.921	0.0830662
0.922	0.0832056
0.923	0.0833449
0.924	0.0834843
0.925	0.0836237
0.926	0.0837631
0.927	0.0839024
0.928	0.0840418
0.929	0.0841812
0.93	0.0843206
0.931	0.0844599
0.932	0.0845993
0.933	0.0847387
0.934	0.084878
0.935	0.0850174
0.936	0.0851568
0.937	0.0852962
0.938	0.0854355
0.939	0.0855749
0.94	0.0857143
0.941	0.0858537
0.942	0.085993
0.943	0.0861324
0.944	0.0862718
0.945	0.0864111
0.946	0.0865505
0.947	0.0866899
0.948	0.0868293
0.949	0.0869686
0.95	0.087108
0.951	0.0872474
0.952	0.0873868
0.953	0.0875261
0.954	0.0876655
0.955	0.0878049
0.956	0.0879443
0.957	0.0880836
0.958	0.088223
0.959	0.0883624
0.96	0.0885017
0.961	0.0886411
0.962	0.0887805
0.963	0.0889199
0.964	0.0890592
0.965	0.0891986
0.966	0.089338
0.967	0.0894774
0.968	0.0896167
0.969	0.0897561
0.97	0.0898955
0.971	0.0900348
0.972	0.0901742
0.973	0.0903136
0.974	0.090453
0.975	0.0905923
0.976	0.0907317
0.977	0.0908711
0.978	0.0910105
0.979	0.0911498
0.98	0.0912892
0.981	0.0914286
0.982	0.0915679
0.983	0.0917073
0.984	0.0918467
0.985	0.0919861
0.986	0.0921254
0.987	0.0922648
0.988	0.0924042
0.989	0.0925436
0.99	0.0926829
0.991	0.0928223
0.992	0.0929617
0.993	0.093101
0.994	0.0932404
0.995	0.0933798
0.996	0.0935192
0.997	0.0936585
0.998	0.0937979
0.999	0.0939373
