# Interpolation data for function: x^40
0	3.97375e-07
0.001	2.0656e-07
0.002	6.5717e-08
0.003	-3.40094e-08
0.004	-1.00303e-07
0.005	-1.39795e-07
0.006	-1.58182e-07
0.007	-1.60321e-07
0.008	-1.50329e-07
0.009	-1.31667e-07
0.01	-1.07214e-07
0.011	-7.93416e-08
0.012	-4.9974e-08
0.013	-2.06474e-08
0.014	7.4388e-09
0.015	3.33757e-08
0.016	5.65029e-08
0.017	7.63713e-08
0.018	9.27097e-08
0.019	1.05395e-07
0.02	1.14427e-07
0.021	1.19902e-07
0.022	1.21998e-07
0.023	1.2095e-07
0.024	1.17042e-07
0.025	1.10586e-07
0.026	1.01915e-07
0.027	9.13739e-08
0.028	7.93077e-08
0.029	6.6057e-08
0.03	5.19515e-08
0.031	3.73055e-08
0.032	2.24146e-08
0.033	7.5523e-09
0.034	-7.03155e-09
0.035	-2.11123e-08
0.036	-3.44915e-08
0.037	-4.69965e-08
0.038	-5.84814e-08
0.039	-6.88257e-08
0.04	-7.79338e-08
0.041	-8.57342e-08
0.042	-9.2178e-08
0.043	-9.72376e-08
0.044	-1.00905e-07
0.045	-1.03192e-07
0.046	-1.04124e-07
0.047	-1.03743e-07
0.048	-1.02106e-07
0.049	-9.9279e-08
0.05	-9.53387e-08
0.051	-9.03707e-08
0.052	-8.44668e-08
0.053	-7.77246e-08
0.054	-7.02455e-08
0.055	-6.21335e-08
0.056	-5.34939e-08
0.057	-4.44325e-08
0.058	-3.50539e-08
0.059	-2.54614e-08
0.06	-1.57553e-08
0.061	-6.03245e-09
0.062	3.61426e-09
0.063	1.30968e-08
0.064	2.23324e-08
0.065	3.12439e-08
0.066	3.97603e-08
0.067	4.78168e-08
0.068	5.53555e-08
0.069	6.23247e-08
0.07	6.86798e-08
0.071	7.43828e-08
0.072	7.94027e-08
0.073	8.37149e-08
0.074	8.73015e-08
0.075	9.01508e-08
0.076	9.22574e-08
0.077	9.36216e-08
0.078	9.42496e-08
0.079	9.41527e-08
0.08	9.33472e-08
0.081	9.18543e-08
0.082	8.96992e-08
0.083	8.69112e-08
0.084	8.35232e-08
0.085	7.95712e-08
0.086	7.50941e-08
0.087	7.01331e-08
0.088	6.47318e-08
0.089	5.89351e-08
0.09	5.27894e-08
0.091	4.63421e-08
0.092	3.96413e-08
0.093	3.27352e-08
0.094	2.56722e-08
0.095	1.85003e-08
0.096	1.12668e-08
0.097	4.01838e-09
0.098	-3.19964e-09
0.099	-1.03432e-08
0.1	-1.73698e-08
0.101	-2.42387e-08
0.102	-3.09111e-08
0.103	-3.73504e-08
0.104	-4.35223e-08
0.105	-4.93946e-08
0.106	-5.49378e-08
0.107	-6.0125e-08
0.108	-6.49318e-08
0.109	-6.93366e-08
0.11	-7.33204e-08
0.111	-7.68672e-08
0.112	-7.99634e-08
0.113	-8.25985e-08
0.114	-8.47645e-08
0.115	-8.64561e-08
0.116	-8.76707e-08
0.117	-8.84082e-08
0.118	-8.86711e-08
0.119	-8.84642e-08
0.12	-8.77947e-08
0.121	-8.66721e-08
0.122	-8.51078e-08
0.123	-8.31154e-08
0.124	-8.07103e-08
0.125	-7.79097e-08
0.126	-7.47324e-08
0.127	-7.11987e-08
0.128	-6.73303e-08
0.129	-6.315e-08
0.13	-5.86819e-08
0.131	-5.39508e-08
0.132	-4.89825e-08
0.133	-4.38033e-08
0.134	-3.84402e-08
0.135	-3.29205e-08
0.136	-2.72717e-08
0.137	-2.15215e-08
0.138	-1.56976e-08
0.139	-9.82758e-09
0.14	-3.93867e-09
0.141	1.94214e-09
0.142	7.78841e-09
0.143	1.35742e-08
0.144	1.92744e-08
0.145	2.48645e-08
0.146	3.03209e-08
0.147	3.56211e-08
0.148	4.07434e-08
0.149	4.56673e-08
0.15	5.03735e-08
0.151	5.48439e-08
0.152	5.90614e-08
0.153	6.30107e-08
0.154	6.66775e-08
0.155	7.00489e-08
0.156	7.31135e-08
0.157	7.58614e-08
0.158	7.82839e-08
0.159	8.03739e-08
0.16	8.21257e-08
0.161	8.35352e-08
0.162	8.45994e-08
0.163	8.53171e-08
0.164	8.56882e-08
0.165	8.5714e-08
0.166	8.53974e-08
0.167	8.47422e-08
0.168	8.37539e-08
0.169	8.24389e-08
0.17	8.08049e-08
0.171	7.88607e-08
0.172	7.66163e-08
0.173	7.40824e-08
0.174	7.12712e-08
0.175	6.81952e-08
0.176	6.48682e-08
0.177	6.13045e-08
0.178	5.75193e-08
0.179	5.35283e-08
0.18	4.93478e-08
0.181	4.49948e-08
0.182	4.04864e-08
0.183	3.58404e-08
0.184	3.10748e-08
0.185	2.62076e-08
0.186	2.12573e-08
0.187	1.62423e-08
0.188	1.11812e-08
0.189	6.09228e-09
0.19	9.94015e-10
0.191	-4.09542e-09
0.192	-9.15806e-09
0.193	-1.41762e-08
0.194	-1.91325e-08
0.195	-2.40099e-08
0.196	-2.8792e-08
0.197	-3.34626e-08
0.198	-3.80064e-08
0.199	-4.24084e-08
0.2	-4.66544e-08
0.201	-5.07306e-08
0.202	-5.46243e-08
0.203	-5.83231e-08
0.204	-6.18158e-08
0.205	-6.50918e-08
0.206	-6.81412e-08
0.207	-7.0955e-08
0.208	-7.35253e-08
0.209	-7.58448e-08
0.21	-7.79071e-08
0.211	-7.97069e-08
0.212	-8.12396e-08
0.213	-8.25016e-08
0.214	-8.34902e-08
0.215	-8.42036e-08
0.216	-8.46409e-08
0.217	-8.48021e-08
0.218	-8.4688e-08
0.219	-8.43004e-08
0.22	-8.3642e-08
0.221	-8.2716e-08
0.222	-8.15268e-08
0.223	-8.00795e-08
0.224	-7.83797e-08
0.225	-7.64341e-08
0.226	-7.42499e-08
0.227	-7.18351e-08
0.228	-6.91983e-08
0.229	-6.63487e-08
0.23	-6.3296e-08
0.231	-6.00507e-08
0.232	-5.66236e-08
0.233	-5.30261e-08
0.234	-4.92698e-08
0.235	-4.5367e-08
0.236	-4.13303e-08
0.237	-3.71723e-08
0.238	-3.29063e-08
0.239	-2.85455e-08
0.24	-2.41036e-08
0.241	-1.95941e-08
0.242	-1.50308e-08
0.243	-1.04277e-08
0.244	-5.79853e-09
0.245	-1.15719e-09
0.246	3.48253e-09
0.247	8.10691e-09
0.248	1.27024e-08
0.249	1.72556e-08
0.25	2.17533e-08
0.251	2.61826e-08
0.252	3.05308e-08
0.253	3.47855e-08
0.254	3.89348e-08
0.255	4.2967e-08
0.256	4.68709e-08
0.257	5.06357e-08
0.258	5.4251e-08
0.259	5.77071e-08
0.26	6.09946e-08
0.261	6.41046e-08
0.262	6.70289e-08
0.263	6.97599e-08
0.264	7.22904e-08
0.265	7.46139e-08
0.266	7.67246e-08
0.267	7.86171e-08
0.268	8.02869e-08
0.269	8.17299e-08
0.27	8.29428e-08
0.271	8.3923e-08
0.272	8.46683e-08
0.273	8.51774e-08
0.274	8.54497e-08
0.275	8.54849e-08
0.276	8.52837e-08
0.277	8.48473e-08
0.278	8.41776e-08
0.279	8.32769e-08
0.28	8.21484e-08
0.281	8.07958e-08
0.282	7.92233e-08
0.283	7.74358e-08
0.284	7.54385e-08
0.285	7.32376e-08
0.286	7.08393e-08
0.287	6.82506e-08
0.288	6.5479e-08
0.289	6.25323e-08
0.29	5.94187e-08
0.291	5.61469e-08
0.292	5.27261e-08
0.293	4.91656e-08
0.294	4.54752e-08
0.295	4.1665e-08
0.296	3.77451e-08
0.297	3.37263e-08
0.298	2.96193e-08
0.299	2.5435e-08
0.3	2.11845e-08
0.301	1.68791e-08
0.302	1.25301e-08
0.303	8.14894e-09
0.304	3.74706e-09
0.305	-6.64107e-10
0.306	-5.07311e-09
0.307	-9.46858e-09
0.308	-1.38392e-08
0.309	-1.81738e-08
0.31	-2.24612e-08
0.311	-2.66906e-08
0.312	-3.08513e-08
0.313	-3.49327e-08
0.314	-3.89245e-08
0.315	-4.28168e-08
0.316	-4.65998e-08
0.317	-5.02641e-08
0.318	-5.38006e-08
0.319	-5.72005e-08
0.32	-6.04556e-08
0.321	-6.35577e-08
0.322	-6.64993e-08
0.323	-6.92734e-08
0.324	-7.18731e-08
0.325	-7.42922e-08
0.326	-7.65249e-08
0.327	-7.85659e-08
0.328	-8.04104e-08
0.329	-8.2054e-08
0.33	-8.34929e-08
0.331	-8.47239e-08
0.332	-8.57441e-08
0.333	-8.65513e-08
0.334	-8.71437e-08
0.335	-8.75202e-08
0.336	-8.76801e-08
0.337	-8.76232e-08
0.338	-8.73499e-08
0.339	-8.68611e-08
0.34	-8.61583e-08
0.341	-8.52435e-08
0.342	-8.41189e-08
0.343	-8.27877e-08
0.344	-8.12533e-08
0.345	-7.95196e-08
0.346	-7.75909e-08
0.347	-7.54723e-08
0.348	-7.31689e-08
0.349	-7.06865e-08
0.35	-6.80312e-08
0.351	-6.52097e-08
0.352	-6.22287e-08
0.353	-5.90958e-08
0.354	-5.58184e-08
0.355	-5.24045e-08
0.356	-4.88625e-08
0.357	-4.52009e-08
0.358	-4.14286e-08
0.359	-3.75546e-08
0.36	-3.35882e-08
0.361	-2.9539e-08
0.362	-2.54166e-08
0.363	-2.12308e-08
0.364	-1.69918e-08
0.365	-1.27094e-08
0.366	-8.39395e-09
0.367	-4.0556e-09
0.368	2.95362e-10
0.369	4.64867e-09
0.37	8.99406e-09
0.371	1.33213e-08
0.372	1.76202e-08
0.373	2.18807e-08
0.374	2.60927e-08
0.375	3.02465e-08
0.376	3.43323e-08
0.377	3.83406e-08
0.378	4.2262e-08
0.379	4.60874e-08
0.38	4.98078e-08
0.381	5.34147e-08
0.382	5.68996e-08
0.383	6.02545e-08
0.384	6.34716e-08
0.385	6.65433e-08
0.386	6.94627e-08
0.387	7.2223e-08
0.388	7.48177e-08
0.389	7.72409e-08
0.39	7.9487e-08
0.391	8.15508e-08
0.392	8.34275e-08
0.393	8.51129e-08
0.394	8.66029e-08
0.395	8.78942e-08
0.396	8.89837e-08
0.397	8.9869e-08
0.398	9.0548e-08
0.399	9.1019e-08
0.4	9.1281e-08
0.401	9.13334e-08
0.402	9.11759e-08
0.403	9.08088e-08
0.404	9.0233e-08
0.405	8.94497e-08
0.406	8.84606e-08
0.407	8.72679e-08
0.408	8.58743e-08
0.409	8.42828e-08
0.41	8.2497e-08
0.411	8.05208e-08
0.412	7.83587e-08
0.413	7.60155e-08
0.414	7.34964e-08
0.415	7.0807e-08
0.416	6.79533e-08
0.417	6.49418e-08
0.418	6.1779e-08
0.419	5.84722e-08
0.42	5.50285e-08
0.421	5.14559e-08
0.422	4.77621e-08
0.423	4.39555e-08
0.424	4.00445e-08
0.425	3.60379e-08
0.426	3.19446e-08
0.427	2.77738e-08
0.428	2.35348e-08
0.429	1.92369e-08
0.43	1.489e-08
0.431	1.05035e-08
0.432	6.08734e-09
0.433	1.6514e-09
0.434	-2.79444e-09
0.435	-7.24025e-09
0.436	-1.16761e-08
0.437	-1.6092e-08
0.438	-2.04781e-08
0.439	-2.48246e-08
0.44	-2.91218e-08
0.441	-3.336e-08
0.442	-3.75298e-08
0.443	-4.16217e-08
0.444	-4.56265e-08
0.445	-4.95353e-08
0.446	-5.33393e-08
0.447	-5.70299e-08
0.448	-6.05987e-08
0.449	-6.40377e-08
0.45	-6.73391e-08
0.451	-7.04954e-08
0.452	-7.34994e-08
0.453	-7.63443e-08
0.454	-7.90236e-08
0.455	-8.15312e-08
0.456	-8.38612e-08
0.457	-8.60082e-08
0.458	-8.79674e-08
0.459	-8.97341e-08
0.46	-9.13041e-08
0.461	-9.26737e-08
0.462	-9.38396e-08
0.463	-9.47989e-08
0.464	-9.55493e-08
0.465	-9.60888e-08
0.466	-9.64158e-08
0.467	-9.65294e-08
0.468	-9.64291e-08
0.469	-9.61146e-08
0.47	-9.55863e-08
0.471	-9.48452e-08
0.472	-9.38925e-08
0.473	-9.27301e-08
0.474	-9.136e-08
0.475	-8.97851e-08
0.476	-8.80084e-08
0.477	-8.60336e-08
0.478	-8.38647e-08
0.479	-8.15061e-08
0.48	-7.89627e-08
0.481	-7.62398e-08
0.482	-7.33432e-08
0.483	-7.02788e-08
0.484	-6.70531e-08
0.485	-6.3673e-08
0.486	-6.01456e-08
0.487	-5.64784e-08
0.488	-5.26793e-08
0.489	-4.87563e-08
0.49	-4.47178e-08
0.491	-4.05726e-08
0.492	-3.63295e-08
0.493	-3.19977e-08
0.494	-2.75866e-08
0.495	-2.31057e-08
0.496	-1.85647e-08
0.497	-1.39734e-08
0.498	-9.34202e-09
0.499	-4.68051e-09
0.5	9.10393e-13
0.501	4.69197e-09
0.502	9.38237e-09
0.503	1.40618e-08
0.504	1.87199e-08
0.505	2.33465e-08
0.506	2.79312e-08
0.507	3.24638e-08
0.508	3.69344e-08
0.509	4.13329e-08
0.51	4.56495e-08
0.511	4.98745e-08
0.512	5.39983e-08
0.513	5.80118e-08
0.514	6.19057e-08
0.515	6.56713e-08
0.516	6.92999e-08
0.517	7.27833e-08
0.518	7.61133e-08
0.519	7.92825e-08
0.52	8.22832e-08
0.521	8.51086e-08
0.522	8.7752e-08
0.523	9.02071e-08
0.524	9.24681e-08
0.525	9.45294e-08
0.526	9.6386e-08
0.527	9.80334e-08
0.528	9.94673e-08
0.529	1.00684e-07
0.53	1.0168e-07
0.531	1.02454e-07
0.532	1.03001e-07
0.533	1.03322e-07
0.534	1.03414e-07
0.535	1.03276e-07
0.536	1.02909e-07
0.537	1.02313e-07
0.538	1.01487e-07
0.539	1.00434e-07
0.54	9.91556e-08
0.541	9.76533e-08
0.542	9.593e-08
0.543	9.39891e-08
0.544	9.18341e-08
0.545	8.94694e-08
0.546	8.68995e-08
0.547	8.41296e-08
0.548	8.11652e-08
0.549	7.80125e-08
0.55	7.46778e-08
0.551	7.11681e-08
0.552	6.74907e-08
0.553	6.36533e-08
0.554	5.9664e-08
0.555	5.55312e-08
0.556	5.12638e-08
0.557	4.68708e-08
0.558	4.23617e-08
0.559	3.77463e-08
0.56	3.30345e-08
0.561	2.82367e-08
0.562	2.33633e-08
0.563	1.84251e-08
0.564	1.34328e-08
0.565	8.39765e-09
0.566	3.33076e-09
0.567	-1.75655e-09
0.568	-6.85286e-09
0.569	-1.19467e-08
0.57	-1.70266e-08
0.571	-2.20809e-08
0.572	-2.70982e-08
0.573	-3.20669e-08
0.574	-3.69757e-08
0.575	-4.18131e-08
0.576	-4.65679e-08
0.577	-5.1229e-08
0.578	-5.57854e-08
0.579	-6.02263e-08
0.58	-6.45412e-08
0.581	-6.87196e-08
0.582	-7.27516e-08
0.583	-7.66273e-08
0.584	-8.03371e-08
0.585	-8.38719e-08
0.586	-8.72228e-08
0.587	-9.03814e-08
0.588	-9.33394e-08
0.589	-9.60892e-08
0.59	-9.86235e-08
0.591	-1.00935e-07
0.592	-1.03019e-07
0.593	-1.04867e-07
0.594	-1.06475e-07
0.595	-1.07838e-07
0.596	-1.08952e-07
0.597	-1.09812e-07
0.598	-1.10416e-07
0.599	-1.10759e-07
0.6	-1.10841e-07
0.601	-1.10659e-07
0.602	-1.10211e-07
0.603	-1.09499e-07
0.604	-1.0852e-07
0.605	-1.07277e-07
0.606	-1.05769e-07
0.607	-1.03999e-07
0.608	-1.01969e-07
0.609	-9.96816e-08
0.61	-9.71397e-08
0.611	-9.43475e-08
0.612	-9.13093e-08
0.613	-8.80301e-08
0.614	-8.45152e-08
0.615	-8.07705e-08
0.616	-7.68025e-08
0.617	-7.26179e-08
0.618	-6.82242e-08
0.619	-6.36289e-08
0.62	-5.88403e-08
0.621	-5.38669e-08
0.622	-4.87175e-08
0.623	-4.34014e-08
0.624	-3.79281e-08
0.625	-3.23074e-08
0.626	-2.65494e-08
0.627	-2.06643e-08
0.628	-1.46627e-08
0.629	-8.55515e-09
0.63	-2.35247e-09
0.631	3.9345e-09
0.632	1.02948e-08
0.633	1.67176e-08
0.634	2.3192e-08
0.635	2.9707e-08
0.636	3.6252e-08
0.637	4.28164e-08
0.638	4.93896e-08
0.639	5.59616e-08
0.64	6.25224e-08
0.641	6.90624e-08
0.642	7.55724e-08
0.643	8.20434e-08
0.644	8.84672e-08
0.645	9.48357e-08
0.646	1.01142e-07
0.647	1.07378e-07
0.648	1.1354e-07
0.649	1.1962e-07
0.65	1.25615e-07
0.651	1.31521e-07
0.652	1.37334e-07
0.653	1.43052e-07
0.654	1.48675e-07
0.655	1.54202e-07
0.656	1.59634e-07
0.657	1.64972e-07
0.658	1.70221e-07
0.659	1.75383e-07
0.66	1.80466e-07
0.661	1.85475e-07
0.662	1.90419e-07
0.663	1.95308e-07
0.664	2.00153e-07
0.665	2.04966e-07
0.666	2.09762e-07
0.667	2.14557e-07
0.668	2.19369e-07
0.669	2.24217e-07
0.67	2.29122e-07
0.671	2.34108e-07
0.672	2.392e-07
0.673	2.44425e-07
0.674	2.49812e-07
0.675	2.55394e-07
0.676	2.61203e-07
0.677	2.67276e-07
0.678	2.73651e-07
0.679	2.8037e-07
0.68	2.87475e-07
0.681	2.95013e-07
0.682	3.03033e-07
0.683	3.11586e-07
0.684	3.20727e-07
0.685	3.30514e-07
0.686	3.41008e-07
0.687	3.52271e-07
0.688	3.64373e-07
0.689	3.77383e-07
0.69	3.91376e-07
0.691	4.06429e-07
0.692	4.22626e-07
0.693	4.40052e-07
0.694	4.58797e-07
0.695	4.78956e-07
0.696	5.00628e-07
0.697	5.23916e-07
0.698	5.4893e-07
0.699	5.75783e-07
0.7	6.04595e-07
0.701	6.35489e-07
0.702	6.68597e-07
0.703	7.04055e-07
0.704	7.42007e-07
0.705	7.82602e-07
0.706	8.25996e-07
0.707	8.72353e-07
0.708	9.21845e-07
0.709	9.74651e-07
0.71	1.03096e-06
0.711	1.09097e-06
0.712	1.15488e-06
0.713	1.22291e-06
0.714	1.29529e-06
0.715	1.37226e-06
0.716	1.45405e-06
0.717	1.54093e-06
0.718	1.63318e-06
0.719	1.73107e-06
0.72	1.8349e-06
0.721	1.945e-06
0.722	2.06168e-06
0.723	2.1853e-06
0.724	2.31621e-06
0.725	2.45479e-06
0.726	2.60143e-06
0.727	2.75657e-06
0.728	2.92062e-06
0.729	3.09406e-06
0.73	3.27737e-06
0.731	3.47104e-06
0.732	3.67562e-06
0.733	3.89166e-06
0.734	4.11974e-06
0.735	4.36049e-06
0.736	4.61454e-06
0.737	4.88258e-06
0.738	5.16532e-06
0.739	5.46352e-06
0.74	5.77795e-06
0.741	6.10944e-06
0.742	6.45887e-06
0.743	6.82715e-06
0.744	7.21523e-06
0.745	7.62413e-06
0.746	8.05491e-06
0.747	8.50868e-06
0.748	8.98661e-06
0.749	9.48993e-06
0.75	1.00199e-05
0.751	1.0578e-05
0.752	1.11655e-05
0.753	1.1784e-05
0.754	1.2435e-05
0.755	1.31203e-05
0.756	1.38415e-05
0.757	1.46004e-05
0.758	1.53991e-05
0.759	1.62395e-05
0.76	1.71237e-05
0.761	1.8054e-05
0.762	1.90326e-05
0.763	2.00622e-05
0.764	2.11452e-05
0.765	2.22843e-05
0.766	2.34824e-05
0.767	2.47425e-05
0.768	2.60678e-05
0.769	2.74615e-05
0.77	2.8927e-05
0.771	3.04681e-05
0.772	3.20885e-05
0.773	3.37923e-05
0.774	3.55836e-05
0.775	3.74668e-05
0.776	3.94466e-05
0.777	4.15278e-05
0.778	4.37155e-05
0.779	4.60151e-05
0.78	4.84322e-05
0.781	5.09726e-05
0.782	5.36426e-05
0.783	5.64485e-05
0.784	5.93972e-05
0.785	6.24958e-05
0.786	6.57517e-05
0.787	6.91729e-05
0.788	7.27673e-05
0.789	7.65438e-05
0.79	8.05112e-05
0.791	8.46791e-05
0.792	8.90573e-05
0.793	9.36562e-05
0.794	9.84866e-05
0.795	0.00010356
0.796	0.000108888
0.797	0.000114484
0.798	0.000120361
0.799	0.000126531
0.8	0.00013301
0.801	0.000139813
0.802	0.000146956
0.803	0.000154454
0.804	0.000162326
0.805	0.000170589
0.806	0.000179263
0.807	0.000188367
0.808	0.000197921
0.809	0.000207949
0.81	0.000218473
0.811	0.000229515
0.812	0.000241103
0.813	0.000253261
0.814	0.000266017
0.815	0.000279399
0.816	0.000293438
0.817	0.000308165
0.818	0.000323613
0.819	0.000339816
0.82	0.000356809
0.821	0.000374632
0.822	0.000393321
0.823	0.00041292
0.824	0.000433471
0.825	0.000455018
0.826	0.00047761
0.827	0.000501294
0.828	0.000526123
0.829	0.00055215
0.83	0.000579432
0.831	0.000608027
0.832	0.000637996
0.833	0.000669405
0.834	0.00070232
0.835	0.000736812
0.836	0.000772953
0.837	0.000810821
0.838	0.000850497
0.839	0.000892062
0.84	0.000935607
0.841	0.000981221
0.842	0.001029
0.843	0.00107905
0.844	0.00113146
0.845	0.00118636
0.846	0.00124384
0.847	0.00130405
0.848	0.00136708
0.849	0.00143309
0.85	0.0015022
0.851	0.00157455
0.852	0.00165029
0.853	0.00172959
0.854	0.00181259
0.855	0.00189947
0.856	0.00199041
0.857	0.00208558
0.858	0.00218518
0.859	0.00228942
0.86	0.0023985
0.861	0.00251264
0.862	0.00263206
0.863	0.00275702
0.864	0.00288774
0.865	0.00302451
0.866	0.00316758
0.867	0.00331724
0.868	0.00347378
0.869	0.00363752
0.87	0.00380877
0.871	0.00398787
0.872	0.00417518
0.873	0.00437105
0.874	0.00457586
0.875	0.00479003
0.876	0.00501395
0.877	0.00524806
0.878	0.00549282
0.879	0.0057487
0.88	0.00601618
0.881	0.00629579
0.882	0.00658805
0.883	0.00689351
0.884	0.00721278
0.885	0.00754644
0.886	0.00789513
0.887	0.00825952
0.888	0.00864028
0.889	0.00903814
0.89	0.00945383
0.891	0.00988815
0.892	0.0103419
0.893	0.0108159
0.894	0.0113111
0.895	0.0118284
0.896	0.0123687
0.897	0.012933
0.898	0.0135225
0.899	0.014138
0.9	0.0147809
0.901	0.0154523
0.902	0.0161533
0.903	0.0168853
0.904	0.0176497
0.905	0.0184477
0.906	0.0192809
0.907	0.0201507
0.908	0.0210587
0.909	0.0220066
0.91	0.0229961
0.911	0.0240288
0.912	0.0251068
0.913	0.0262318
0.914	0.027406
0.915	0.0286313
0.916	0.02991
0.917	0.0312443
0.918	0.0326366
0.919	0.0340893
0.92	0.0356049
0.921	0.0371863
0.922	0.038836
0.923	0.040557
0.924	0.0423523
0.925	0.0442249
0.926	0.0461782
0.927	0.0482156
0.928	0.0503405
0.929	0.0525566
0.93	0.0548677
0.931	0.0572778
0.932	0.059791
0.933	0.0624115
0.934	0.065144
0.935	0.067993
0.936	0.0709633
0.937	0.07406
0.938	0.0772883
0.939	0.0806536
0.94	0.0841617
0.941	0.0878183
0.942	0.0916298
0.943	0.0956023
0.944	0.0997425
0.945	0.104057
0.946	0.108554
0.947	0.11324
0.948	0.118123
0.949	0.123211
0.95	0.128512
0.951	0.134036
0.952	0.139791
0.953	0.145786
0.954	0.152032
0.955	0.158539
0.956	0.165317
0.957	0.172377
0.958	0.17973
0.959	0.187389
0.96	0.195366
0.961	0.203674
0.962	0.212326
0.963	0.221336
0.964	0.230718
0.965	0.240488
0.966	0.25066
0.967	0.261252
0.968	0.272279
0.969	0.28376
0.97	0.295712
0.971	0.308155
0.972	0.321107
0.973	0.33459
0.974	0.348625
0.975	0.363232
0.976	0.378436
0.977	0.39426
0.978	0.410728
0.979	0.427866
0.98	0.4457
0.981	0.464259
0.982	0.48357
0.983	0.503664
0.984	0.52457
0.985	0.546323
0.986	0.568953
0.987	0.592497
0.988	0.61699
0.989	0.642468
0.99	0.668972
0.991	0.696541
0.992	0.725216
0.993	0.75504
0.994	0.78606
0.995	0.818321
0.996	0.851871
0.997	0.886761
0.998	0.923042
0.999	0.96077
