# Interpolation data for function: x^40
0	5.46095e-14
0.001	5.37156e-14
0.002	5.28264e-14
0.003	5.19417e-14
0.004	5.10616e-14
0.005	5.01862e-14
0.006	4.93153e-14
0.007	4.84491e-14
0.008	4.75874e-14
0.009	4.67303e-14
0.01	4.58779e-14
0.011	4.503e-14
0.012	4.41867e-14
0.013	4.3348e-14
0.014	4.2514e-14
0.015	4.16845e-14
0.016	4.08596e-14
0.017	4.00393e-14
0.018	3.92237e-14
0.019	3.84126e-14
0.02	3.76061e-14
0.021	3.68042e-14
0.022	3.60069e-14
0.023	3.52143e-14
0.024	3.44262e-14
0.025	3.36427e-14
0.026	3.28638e-14
0.027	3.20895e-14
0.028	3.13198e-14
0.029	3.05547e-14
0.03	2.97942e-14
0.031	2.90383e-14
0.032	2.8287e-14
0.033	2.75403e-14
0.034	2.67982e-14
0.035	2.60607e-14
0.036	2.53278e-14
0.037	2.45995e-14
0.038	2.38758e-14
0.039	2.31567e-14
0.04	2.24422e-14
0.041	2.17323e-14
0.042	2.1027e-14
0.043	2.03263e-14
0.044	1.96302e-14
0.045	1.89387e-14
0.046	1.82517e-14
0.047	1.75694e-14
0.048	1.68917e-14
0.049	1.62186e-14
0.05	1.55501e-14
0.051	1.48861e-14
0.052	1.42268e-14
0.053	1.35721e-14
0.054	1.2922e-14
0.055	1.22764e-14
0.056	1.16355e-14
0.057	1.09992e-14
0.058	1.03675e-14
0.059	9.74033e-15
0.06	9.11779e-15
0.061	8.49986e-15
0.062	7.88652e-15
0.063	7.27779e-15
0.064	6.67365e-15
0.065	6.07411e-15
0.066	5.47917e-15
0.067	4.88882e-15
0.068	4.30308e-15
0.069	3.72193e-15
0.07	3.14539e-15
0.071	2.57344e-15
0.072	2.00609e-15
0.073	1.44334e-15
0.074	8.85189e-16
0.075	3.31637e-16
0.076	-2.17318e-16
0.077	-7.61673e-16
0.078	-1.30143e-15
0.079	-1.83659e-15
0.08	-2.36715e-15
0.081	-2.89311e-15
0.082	-3.41447e-15
0.083	-3.93123e-15
0.084	-4.4434e-15
0.085	-4.95096e-15
0.086	-5.45393e-15
0.087	-5.9523e-15
0.088	-6.44607e-15
0.089	-6.93524e-15
0.09	-7.41981e-15
0.091	-7.89979e-15
0.092	-8.37516e-15
0.093	-8.84594e-15
0.094	-9.31212e-15
0.095	-9.7737e-15
0.096	-1.02307e-14
0.097	-1.06831e-14
0.098	-1.11308e-14
0.099	-1.1574e-14
0.1	-1.20126e-14
0.101	-1.24466e-14
0.102	-1.2876e-14
0.103	-1.33008e-14
0.104	-1.3721e-14
0.105	-1.41366e-14
0.106	-1.45476e-14
0.107	-1.49539e-14
0.108	-1.53557e-14
0.109	-1.57529e-14
0.11	-1.61455e-14
0.111	-1.65335e-14
0.112	-1.69169e-14
0.113	-1.72957e-14
0.114	-1.76699e-14
0.115	-1.80396e-14
0.116	-1.84046e-14
0.117	-1.8765e-14
0.118	-1.91208e-14
0.119	-1.9472e-14
0.12	-1.98186e-14
0.121	-2.01606e-14
0.122	-2.0498e-14
0.123	-2.08308e-14
0.124	-2.11591e-14
0.125	-2.14827e-14
0.126	-2.18017e-14
0.127	-2.21161e-14
0.128	-2.24259e-14
0.129	-2.27312e-14
0.13	-2.30318e-14
0.131	-2.33278e-14
0.132	-2.36192e-14
0.133	-2.39061e-14
0.134	-2.41883e-14
0.135	-2.44659e-14
0.136	-2.4739e-14
0.137	-2.50074e-14
0.138	-2.52712e-14
0.139	-2.55305e-14
0.14	-2.57851e-14
0.141	-2.60351e-14
0.142	-2.62806e-14
0.143	-2.65214e-14
0.144	-2.67577e-14
0.145	-2.69893e-14
0.146	-2.72164e-14
0.147	-2.74388e-14
0.148	-2.76567e-14
0.149	-2.78699e-14
0.15	-2.80786e-14
0.151	-2.82826e-14
0.152	-2.84821e-14
0.153	-2.86769e-14
0.154	-2.88672e-14
0.155	-2.90528e-14
0.156	-2.92339e-14
0.157	-2.94104e-14
0.158	-2.95822e-14
0.159	-2.97495e-14
0.16	-2.99121e-14
0.161	-3.00702e-14
0.162	-3.02237e-14
0.163	-3.03725e-14
0.164	-3.05168e-14
0.165	-3.06565e-14
0.166	-3.07916e-14
0.167	-3.0922e-14
0.168	-3.10479e-14
0.169	-3.11692e-14
0.17	-3.12859e-14
0.171	-3.13979e-14
0.172	-3.15054e-14
0.173	-3.16083e-14
0.174	-3.17066e-14
0.175	-3.18003e-14
0.176	-3.18893e-14
0.177	-3.19738e-14
0.178	-3.20537e-14
0.179	-3.2129e-14
0.18	-3.21997e-14
0.181	-3.22658e-14
0.182	-3.23273e-14
0.183	-3.23842e-14
0.184	-3.24365e-14
0.185	-3.24842e-14
0.186	-3.25273e-14
0.187	-3.25658e-14
0.188	-3.25997e-14
0.189	-3.2629e-14
0.19	-3.26537e-14
0.191	-3.26738e-14
0.192	-3.26893e-14
0.193	-3.27002e-14
0.194	-3.27065e-14
0.195	-3.27082e-14
0.196	-3.27053e-14
0.197	-3.26978e-14
0.198	-3.26857e-14
0.199	-3.26691e-14
0.2	-3.26478e-14
0.201	-3.26219e-14
0.202	-3.25914e-14
0.203	-3.25563e-14
0.204	-3.25167e-14
0.205	-3.24724e-14
0.206	-3.24235e-14
0.207	-3.237e-14
0.208	-3.23119e-14
0.209	-3.22493e-14
0.21	-3.2182e-14
0.211	-3.21101e-14
0.212	-3.20337e-14
0.213	-3.19526e-14
0.214	-3.18669e-14
0.215	-3.17767e-14
0.216	-3.16818e-14
0.217	-3.15823e-14
0.218	-3.14783e-14
0.219	-3.13696e-14
0.22	-3.12564e-14
0.221	-3.11385e-14
0.222	-3.10161e-14
0.223	-3.0889e-14
0.224	-3.07574e-14
0.225	-3.06211e-14
0.226	-3.04803e-14
0.227	-3.03348e-14
0.228	-3.01848e-14
0.229	-3.00301e-14
0.23	-2.98709e-14
0.231	-2.9707e-14
0.232	-2.95386e-14
0.233	-2.93655e-14
0.234	-2.91879e-14
0.235	-2.90057e-14
0.236	-2.88188e-14
0.237	-2.86274e-14
0.238	-2.84314e-14
0.239	-2.82307e-14
0.24	-2.80255e-14
0.241	-2.78157e-14
0.242	-2.76012e-14
0.243	-2.73822e-14
0.244	-2.71586e-14
0.245	-2.69304e-14
0.246	-2.66975e-14
0.247	-2.64601e-14
0.248	-2.62181e-14
0.249	-2.59715e-14
0.25	-2.57203e-14
0.251	-2.54644e-14
0.252	-2.5204e-14
0.253	-2.4939e-14
0.254	-2.46694e-14
0.255	-2.43952e-14
0.256	-2.41164e-14
0.257	-2.3833e-14
0.258	-2.3545e-14
0.259	-2.32523e-14
0.26	-2.29551e-14
0.261	-2.26533e-14
0.262	-2.23469e-14
0.263	-2.20359e-14
0.264	-2.17203e-14
0.265	-2.14001e-14
0.266	-2.10753e-14
0.267	-2.07459e-14
0.268	-2.04119e-14
0.269	-2.00734e-14
0.27	-1.97302e-14
0.271	-1.93824e-14
0.272	-1.903e-14
0.273	-1.8673e-14
0.274	-1.83114e-14
0.275	-1.79452e-14
0.276	-1.75744e-14
0.277	-1.71991e-14
0.278	-1.68191e-14
0.279	-1.64345e-14
0.28	-1.60453e-14
0.281	-1.56515e-14
0.282	-1.52532e-14
0.283	-1.48502e-14
0.284	-1.44426e-14
0.285	-1.40304e-14
0.286	-1.36137e-14
0.287	-1.31923e-14
0.288	-1.27663e-14
0.289	-1.23358e-14
0.29	-1.19006e-14
0.291	-1.14608e-14
0.292	-1.10165e-14
0.293	-1.05675e-14
0.294	-1.01139e-14
0.295	-9.65578e-15
0.296	-9.19302e-15
0.297	-8.72567e-15
0.298	-8.25371e-15
0.299	-7.77716e-15
0.3	-7.296e-15
0.301	-6.81025e-15
0.302	-6.3199e-15
0.303	-5.82495e-15
0.304	-5.3254e-15
0.305	-4.82126e-15
0.306	-4.31251e-15
0.307	-3.79917e-15
0.308	-3.28123e-15
0.309	-2.75869e-15
0.31	-2.23155e-15
0.311	-1.69981e-15
0.312	-1.16347e-15
0.313	-6.22533e-16
0.314	-7.69986e-17
0.315	4.73135e-16
0.316	1.02787e-15
0.317	1.5872e-15
0.318	2.15113e-15
0.319	2.71966e-15
0.32	3.29278e-15
0.321	3.87051e-15
0.322	4.45283e-15
0.323	5.03975e-15
0.324	5.63128e-15
0.325	6.2274e-15
0.326	6.82812e-15
0.327	7.43343e-15
0.328	8.04335e-15
0.329	8.65786e-15
0.33	9.27698e-15
0.331	9.90069e-15
0.332	1.0529e-14
0.333	1.11619e-14
0.334	1.17994e-14
0.335	1.24415e-14
0.336	1.30882e-14
0.337	1.37395e-14
0.338	1.43954e-14
0.339	1.50559e-14
0.34	1.5721e-14
0.341	1.63907e-14
0.342	1.7065e-14
0.343	1.77439e-14
0.344	1.84274e-14
0.345	1.91155e-14
0.346	1.98082e-14
0.347	2.05055e-14
0.348	2.12074e-14
0.349	2.19139e-14
0.35	2.2625e-14
0.351	2.33407e-14
0.352	2.4061e-14
0.353	2.47858e-14
0.354	2.55153e-14
0.355	2.62494e-14
0.356	2.69881e-14
0.357	2.77314e-14
0.358	2.84792e-14
0.359	2.92317e-14
0.36	2.99888e-14
0.361	3.07505e-14
0.362	3.15167e-14
0.363	3.22876e-14
0.364	3.30631e-14
0.365	3.38431e-14
0.366	3.46278e-14
0.367	3.54171e-14
0.368	3.62109e-14
0.369	3.70094e-14
0.37	3.78125e-14
0.371	3.86201e-14
0.372	3.94324e-14
0.373	4.02492e-14
0.374	4.10707e-14
0.375	4.18967e-14
0.376	4.27274e-14
0.377	4.35627e-14
0.378	4.44025e-14
0.379	4.5247e-14
0.38	4.6096e-14
0.381	4.69496e-14
0.382	4.78079e-14
0.383	4.86707e-14
0.384	4.95382e-14
0.385	5.04102e-14
0.386	5.12869e-14
0.387	5.21681e-14
0.388	5.30539e-14
0.389	5.39444e-14
0.39	5.48394e-14
0.391	5.5739e-14
0.392	5.66433e-14
0.393	5.75521e-14
0.394	5.84655e-14
0.395	5.93836e-14
0.396	6.03062e-14
0.397	6.12334e-14
0.398	6.21652e-14
0.399	6.31017e-14
0.4	6.40427e-14
0.401	6.49883e-14
0.402	6.59385e-14
0.403	6.68934e-14
0.404	6.78528e-14
0.405	6.88168e-14
0.406	6.97854e-14
0.407	7.07586e-14
0.408	7.17364e-14
0.409	7.27188e-14
0.41	7.37058e-14
0.411	7.46975e-14
0.412	7.56937e-14
0.413	7.66945e-14
0.414	7.76999e-14
0.415	7.87099e-14
0.416	7.97245e-14
0.417	8.07437e-14
0.418	8.17675e-14
0.419	8.27959e-14
0.42	8.38289e-14
0.421	8.48665e-14
0.422	8.59087e-14
0.423	8.69554e-14
0.424	8.80068e-14
0.425	8.90628e-14
0.426	9.01234e-14
0.427	9.11886e-14
0.428	9.22584e-14
0.429	9.33328e-14
0.43	9.44118e-14
0.431	9.54953e-14
0.432	9.65835e-14
0.433	9.76763e-14
0.434	9.87737e-14
0.435	9.98757e-14
0.436	1.00982e-13
0.437	1.02093e-13
0.438	1.03209e-13
0.439	1.0433e-13
0.44	1.05455e-13
0.441	1.06584e-13
0.442	1.07718e-13
0.443	1.08857e-13
0.444	1.1e-13
0.445	1.11148e-13
0.446	1.12301e-13
0.447	1.13458e-13
0.448	1.1462e-13
0.449	1.15786e-13
0.45	1.16957e-13
0.451	1.18133e-13
0.452	1.19313e-13
0.453	1.20498e-13
0.454	1.21687e-13
0.455	1.22881e-13
0.456	1.24079e-13
0.457	1.25283e-13
0.458	1.2649e-13
0.459	1.27703e-13
0.46	1.2892e-13
0.461	1.30141e-13
0.462	1.31367e-13
0.463	1.32598e-13
0.464	1.33833e-13
0.465	1.35073e-13
0.466	1.36318e-13
0.467	1.37567e-13
0.468	1.38821e-13
0.469	1.40079e-13
0.47	1.41342e-13
0.471	1.4261e-13
0.472	1.43882e-13
0.473	1.45158e-13
0.474	1.4644e-13
0.475	1.47726e-13
0.476	1.49016e-13
0.477	1.50311e-13
0.478	1.51611e-13
0.479	1.52915e-13
0.48	1.54224e-13
0.481	1.55538e-13
0.482	1.56856e-13
0.483	1.58179e-13
0.484	1.59506e-13
0.485	1.60838e-13
0.486	1.62174e-13
0.487	1.63515e-13
0.488	1.64861e-13
0.489	1.66211e-13
0.49	1.67566e-13
0.491	1.68926e-13
0.492	1.7029e-13
0.493	1.71659e-13
0.494	1.73032e-13
0.495	1.7441e-13
0.496	1.75792e-13
0.497	1.77179e-13
0.498	1.78571e-13
0.499	1.79967e-13
0.5	1.12417e-11
0.501	2.69265e-12
0.502	-1.53776e-12
0.503	-2.94959e-12
0.504	-2.6478e-12
0.505	-1.42459e-12
0.506	1.71341e-13
0.507	1.77873e-12
0.508	3.17776e-12
0.509	4.25326e-12
0.51	4.96427e-12
0.511	5.32159e-12
0.512	5.36815e-12
0.513	5.16668e-12
0.514	4.78817e-12
0.515	4.30437e-12
0.516	3.78279e-12
0.517	3.28334e-12
0.518	2.8562e-12
0.519	2.54097e-12
0.52	2.3664e-12
0.521	2.35119e-12
0.522	2.50507e-12
0.523	2.82945e-12
0.524	3.31937e-12
0.525	3.96443e-12
0.526	4.75036e-12
0.527	5.66047e-12
0.528	6.67663e-12
0.529	7.78017e-12
0.53	8.95342e-12
0.531	1.01797e-11
0.532	1.14446e-11
0.533	1.2736e-11
0.534	1.40445e-11
0.535	1.5364e-11
0.536	1.66913e-11
0.537	1.80262e-11
0.538	1.93718e-11
0.539	2.0734e-11
0.54	2.21214e-11
0.541	2.35452e-11
0.542	2.50185e-11
0.543	2.65569e-11
0.544	2.81773e-11
0.545	2.98983e-11
0.546	3.17393e-11
0.547	3.3721e-11
0.548	3.58648e-11
0.549	3.81924e-11
0.55	4.07262e-11
0.551	4.34887e-11
0.552	4.65026e-11
0.553	4.97906e-11
0.554	5.33759e-11
0.555	5.72814e-11
0.556	6.15304e-11
0.557	6.61464e-11
0.558	7.11534e-11
0.559	7.65757e-11
0.56	8.24384e-11
0.561	8.87673e-11
0.562	9.55894e-11
0.563	1.02933e-10
0.564	1.10828e-10
0.565	1.19305e-10
0.566	1.28399e-10
0.567	1.38144e-10
0.568	1.4858e-10
0.569	1.59748e-10
0.57	1.71691e-10
0.571	1.84459e-10
0.572	1.98102e-10
0.573	2.12676e-10
0.574	2.28242e-10
0.575	2.44864e-10
0.576	2.62612e-10
0.577	2.81562e-10
0.578	3.01795e-10
0.579	3.23398e-10
0.58	3.46464e-10
0.581	3.71095e-10
0.582	3.97397e-10
0.583	4.25486e-10
0.584	4.55487e-10
0.585	4.8753e-10
0.586	5.21757e-10
0.587	5.58318e-10
0.588	5.97375e-10
0.589	6.39097e-10
0.59	6.83669e-10
0.591	7.31283e-10
0.592	7.82148e-10
0.593	8.36481e-10
0.594	8.94519e-10
0.595	9.5651e-10
0.596	1.02272e-09
0.597	1.09342e-09
0.598	1.16893e-09
0.599	1.24955e-09
0.6	1.33562e-09
0.601	1.4275e-09
0.602	1.52558e-09
0.603	1.63025e-09
0.604	1.74195e-09
0.605	1.86113e-09
0.606	1.98828e-09
0.607	2.12391e-09
0.608	2.26858e-09
0.609	2.42285e-09
0.61	2.58736e-09
0.611	2.76275e-09
0.612	2.94972e-09
0.613	3.14901e-09
0.614	3.36141e-09
0.615	3.58774e-09
0.616	3.82891e-09
0.617	4.08584e-09
0.618	4.35954e-09
0.619	4.65107e-09
0.62	4.96155e-09
0.621	5.29218e-09
0.622	5.64423e-09
0.623	6.01905e-09
0.624	6.41806e-09
0.625	6.84279e-09
0.626	7.29485e-09
0.627	7.77594e-09
0.628	8.28789e-09
0.629	8.83261e-09
0.63	9.41214e-09
0.631	1.00287e-08
0.632	1.06845e-08
0.633	1.1382e-08
0.634	1.21238e-08
0.635	1.29126e-08
0.636	1.37514e-08
0.637	1.46432e-08
0.638	1.55913e-08
0.639	1.65992e-08
0.64	1.76704e-08
0.641	1.88089e-08
0.642	2.00189e-08
0.643	2.13046e-08
0.644	2.26706e-08
0.645	2.4122e-08
0.646	2.56638e-08
0.647	2.73016e-08
0.648	2.90411e-08
0.649	3.08886e-08
0.65	3.28504e-08
0.651	3.49336e-08
0.652	3.71454e-08
0.653	3.94935e-08
0.654	4.19862e-08
0.655	4.46321e-08
0.656	4.74403e-08
0.657	5.04205e-08
0.658	5.3583e-08
0.659	5.69386e-08
0.66	6.04989e-08
0.661	6.42759e-08
0.662	6.82824e-08
0.663	7.25322e-08
0.664	7.70394e-08
0.665	8.18193e-08
0.666	8.68879e-08
0.667	9.22622e-08
0.668	9.79602e-08
0.669	1.04001e-07
0.67	1.10404e-07
0.671	1.17191e-07
0.672	1.24384e-07
0.673	1.32007e-07
0.674	1.40085e-07
0.675	1.48644e-07
0.676	1.57712e-07
0.677	1.67318e-07
0.678	1.77495e-07
0.679	1.88273e-07
0.68	1.99689e-07
0.681	2.11779e-07
0.682	2.24582e-07
0.683	2.38138e-07
0.684	2.5249e-07
0.685	2.67684e-07
0.686	2.83769e-07
0.687	3.00795e-07
0.688	3.18815e-07
0.689	3.37886e-07
0.69	3.58068e-07
0.691	3.79423e-07
0.692	4.02018e-07
0.693	4.25923e-07
0.694	4.51212e-07
0.695	4.77962e-07
0.696	5.06257e-07
0.697	5.36183e-07
0.698	5.6783e-07
0.699	6.01296e-07
0.7	6.36683e-07
0.701	6.74096e-07
0.702	7.13651e-07
0.703	7.55465e-07
0.704	7.99664e-07
0.705	8.4638e-07
0.706	8.95754e-07
0.707	9.47932e-07
0.708	1.00307e-06
0.709	1.06133e-06
0.71	1.12288e-06
0.711	1.18791e-06
0.712	1.25661e-06
0.713	1.32917e-06
0.714	1.40582e-06
0.715	1.48676e-06
0.716	1.57225e-06
0.717	1.66252e-06
0.718	1.75783e-06
0.719	1.85847e-06
0.72	1.96472e-06
0.721	2.07688e-06
0.722	2.19527e-06
0.723	2.32023e-06
0.724	2.45212e-06
0.725	2.59131e-06
0.726	2.7382e-06
0.727	2.89318e-06
0.728	3.05671e-06
0.729	3.22924e-06
0.73	3.41125e-06
0.731	3.60325e-06
0.732	3.80577e-06
0.733	4.01938e-06
0.734	4.24465e-06
0.735	4.48222e-06
0.736	4.73274e-06
0.737	4.99688e-06
0.738	5.27539e-06
0.739	5.569e-06
0.74	5.87853e-06
0.741	6.20481e-06
0.742	6.54872e-06
0.743	6.91118e-06
0.744	7.29319e-06
0.745	7.69575e-06
0.746	8.11994e-06
0.747	8.56691e-06
0.748	9.03782e-06
0.749	9.53395e-06
0.75	1.00566e-05
0.751	1.06071e-05
0.752	1.1187e-05
0.753	1.17977e-05
0.754	1.2441e-05
0.755	1.31183e-05
0.756	1.38316e-05
0.757	1.45826e-05
0.758	1.53733e-05
0.759	1.62058e-05
0.76	1.70822e-05
0.761	1.80047e-05
0.762	1.89757e-05
0.763	1.99978e-05
0.764	2.10734e-05
0.765	2.22053e-05
0.766	2.33965e-05
0.767	2.46499e-05
0.768	2.59686e-05
0.769	2.73561e-05
0.77	2.88157e-05
0.771	3.03511e-05
0.772	3.19663e-05
0.773	3.36651e-05
0.774	3.54518e-05
0.775	3.73309e-05
0.776	3.93069e-05
0.777	4.13848e-05
0.778	4.35696e-05
0.779	4.58668e-05
0.78	4.82819e-05
0.781	5.08208e-05
0.782	5.34897e-05
0.783	5.62951e-05
0.784	5.92437e-05
0.785	6.23428e-05
0.786	6.55997e-05
0.787	6.90223e-05
0.788	7.26187e-05
0.789	7.63977e-05
0.79	8.03681e-05
0.791	8.45394e-05
0.792	8.89216e-05
0.793	9.35249e-05
0.794	9.83604e-05
0.795	0.000103439
0.796	0.000108773
0.797	0.000114375
0.798	0.000120258
0.799	0.000126436
0.8	0.000132923
0.801	0.000139734
0.802	0.000146884
0.803	0.000154391
0.804	0.000162271
0.805	0.000170544
0.806	0.000179226
0.807	0.000188339
0.808	0.000197904
0.809	0.000207941
0.81	0.000218474
0.811	0.000229527
0.812	0.000241124
0.813	0.000253292
0.814	0.000266058
0.815	0.00027945
0.816	0.000293499
0.817	0.000308235
0.818	0.000323692
0.819	0.000339904
0.82	0.000356906
0.821	0.000374737
0.822	0.000393435
0.823	0.000413041
0.824	0.000433599
0.825	0.000455154
0.826	0.000477751
0.827	0.000501442
0.828	0.000526276
0.829	0.000552308
0.83	0.000579594
0.831	0.000608192
0.832	0.000638165
0.833	0.000669576
0.834	0.000702493
0.835	0.000736986
0.836	0.000773127
0.837	0.000810995
0.838	0.000850669
0.839	0.000892233
0.84	0.000935775
0.841	0.000981386
0.842	0.00102916
0.843	0.0010792
0.844	0.00113161
0.845	0.0011865
0.846	0.00124398
0.847	0.00130418
0.848	0.00136721
0.849	0.0014332
0.85	0.0015023
0.851	0.00157464
0.852	0.00165038
0.853	0.00172966
0.854	0.00181265
0.855	0.00189952
0.856	0.00199045
0.857	0.00208561
0.858	0.0021852
0.859	0.00228943
0.86	0.00239849
0.861	0.00251262
0.862	0.00263203
0.863	0.00275697
0.864	0.00288768
0.865	0.00302444
0.866	0.00316749
0.867	0.00331714
0.868	0.00347367
0.869	0.0036374
0.87	0.00380864
0.871	0.00398773
0.872	0.00417503
0.873	0.00437089
0.874	0.0045757
0.875	0.00478985
0.876	0.00501377
0.877	0.00524788
0.878	0.00549263
0.879	0.00574851
0.88	0.00601599
0.881	0.00629559
0.882	0.00658785
0.883	0.00689332
0.884	0.00721258
0.885	0.00754624
0.886	0.00789494
0.887	0.00825933
0.888	0.0086401
0.889	0.00903796
0.89	0.00945367
0.891	0.00988799
0.892	0.0103418
0.893	0.0108158
0.894	0.011311
0.895	0.0118283
0.896	0.0123686
0.897	0.012933
0.898	0.0135224
0.899	0.014138
0.9	0.0147809
0.901	0.0154522
0.902	0.0161533
0.903	0.0168853
0.904	0.0176497
0.905	0.0184477
0.906	0.0192809
0.907	0.0201508
0.908	0.0210588
0.909	0.0220067
0.91	0.0229962
0.911	0.024029
0.912	0.0251069
0.913	0.026232
0.914	0.0274061
0.915	0.0286315
0.916	0.0299102
0.917	0.0312445
0.918	0.0326368
0.919	0.0340895
0.92	0.0356052
0.921	0.0371865
0.922	0.0388362
0.923	0.0405572
0.924	0.0423525
0.925	0.0442251
0.926	0.0461785
0.927	0.0482158
0.928	0.0503407
0.929	0.0525568
0.93	0.0548678
0.931	0.0572779
0.932	0.0597911
0.933	0.0624117
0.934	0.0651441
0.935	0.067993
0.936	0.0709633
0.937	0.07406
0.938	0.0772883
0.939	0.0806536
0.94	0.0841616
0.941	0.0878183
0.942	0.0916297
0.943	0.0956022
0.944	0.0997424
0.945	0.104057
0.946	0.108554
0.947	0.11324
0.948	0.118123
0.949	0.123211
0.95	0.128512
0.951	0.134036
0.952	0.139791
0.953	0.145786
0.954	0.152032
0.955	0.158539
0.956	0.165316
0.957	0.172376
0.958	0.17973
0.959	0.187389
0.96	0.195366
0.961	0.203674
0.962	0.212326
0.963	0.221336
0.964	0.230718
0.965	0.240488
0.966	0.25066
0.967	0.261252
0.968	0.272279
0.969	0.28376
0.97	0.295712
0.971	0.308155
0.972	0.321108
0.973	0.334591
0.974	0.348625
0.975	0.363232
0.976	0.378436
0.977	0.39426
0.978	0.410728
0.979	0.427866
0.98	0.4457
0.981	0.464259
0.982	0.48357
0.983	0.503664
0.984	0.524571
0.985	0.546323
0.986	0.568953
0.987	0.592497
0.988	0.61699
0.989	0.642468
0.99	0.668972
0.991	0.69654
0.992	0.725215
0.993	0.75504
0.994	0.786059
0.995	0.81832
0.996	0.85187
0.997	0.88676
0.998	0.923042
0.999	0.96077
