# Interpolation data for function: (2*x-1)^50
0	1
0.001	0.904747
0.002	0.818402
0.003	0.740149
0.004	0.669243
0.005	0.605006
0.006	0.546824
0.007	0.494135
0.008	0.446432
0.009	0.40325
0.01	0.36417
0.011	0.328808
0.012	0.296818
0.013	0.267885
0.014	0.24172
0.015	0.218065
0.016	0.196683
0.017	0.17736
0.018	0.159901
0.019	0.14413
0.02	0.129886
0.021	0.117024
0.022	0.105413
0.023	0.0949333
0.024	0.0854766
0.025	0.076945
0.026	0.0692495
0.027	0.0623099
0.028	0.0560531
0.029	0.0504133
0.03	0.0453307
0.031	0.0407513
0.032	0.0366262
0.033	0.0329112
0.034	0.0295662
0.035	0.0265551
0.036	0.0238451
0.037	0.0214067
0.038	0.0192131
0.039	0.0172403
0.04	0.0154665
0.041	0.0138718
0.042	0.0124387
0.043	0.0111509
0.044	0.00999406
0.045	0.00895508
0.046	0.00802218
0.047	0.00718472
0.048	0.00643312
0.049	0.00575873
0.05	0.00515378
0.051	0.00461123
0.052	0.00412478
0.053	0.00368872
0.054	0.00329794
0.055	0.00294782
0.056	0.0026342
0.057	0.00235335
0.058	0.00210191
0.059	0.00187685
0.06	0.00167546
0.061	0.00149529
0.062	0.00133415
0.063	0.00119007
0.064	0.00106127
0.065	0.000946156
0.066	0.000843308
0.067	0.000751441
0.068	0.000669402
0.069	0.000596161
0.07	0.00053079
0.071	0.000472459
0.072	0.000420425
0.073	0.000374019
0.074	0.000332644
0.075	0.000295765
0.076	0.000262901
0.077	0.000233624
0.078	0.00020755
0.079	0.000184334
0.08	0.000163668
0.081	0.000145278
0.082	0.000128918
0.083	0.000114367
0.084	0.00010143
0.085	8.993e-05
0.086	7.97107e-05
0.087	7.06321e-05
0.088	6.25692e-05
0.089	5.54103e-05
0.09	4.90561e-05
0.091	4.34175e-05
0.092	3.84156e-05
0.093	3.39798e-05
0.094	3.0047e-05
0.095	2.65614e-05
0.096	2.3473e-05
0.097	2.07373e-05
0.098	1.83148e-05
0.099	1.61703e-05
0.1	1.42725e-05
0.101	1.25934e-05
0.102	1.11084e-05
0.103	9.79547e-06
0.104	8.63494e-06
0.105	7.60947e-06
0.106	6.70364e-06
0.107	5.90374e-06
0.108	5.1976e-06
0.109	4.57444e-06
0.11	4.02467e-06
0.111	3.53981e-06
0.112	3.11233e-06
0.113	2.73557e-06
0.114	2.40361e-06
0.115	2.11123e-06
0.116	1.85379e-06
0.117	1.62719e-06
0.118	1.4278e-06
0.119	1.25241e-06
0.12	1.09819e-06
0.121	9.62631e-07
0.122	8.43508e-07
0.123	7.38868e-07
0.124	6.46981e-07
0.125	5.66321e-07
0.126	4.95541e-07
0.127	4.33453e-07
0.128	3.79007e-07
0.129	3.31281e-07
0.13	2.89459e-07
0.131	2.52825e-07
0.132	2.20746e-07
0.133	1.92667e-07
0.134	1.68096e-07
0.135	1.46605e-07
0.136	1.27813e-07
0.137	1.11388e-07
0.138	9.70368e-08
0.139	8.45024e-08
0.14	7.35588e-08
0.141	6.40078e-08
0.142	5.56753e-08
0.143	4.84086e-08
0.144	4.20738e-08
0.145	3.65535e-08
0.146	3.17448e-08
0.147	2.75577e-08
0.148	2.39132e-08
0.149	2.07423e-08
0.15	1.79845e-08
0.151	1.55869e-08
0.152	1.35033e-08
0.153	1.16934e-08
0.154	1.01219e-08
0.155	8.75779e-09
0.156	7.57433e-09
0.157	6.54798e-09
0.158	5.65826e-09
0.159	4.88732e-09
0.16	4.21958e-09
0.161	3.64147e-09
0.162	3.1412e-09
0.163	2.70846e-09
0.164	2.33431e-09
0.165	2.01096e-09
0.166	1.73165e-09
0.167	1.49049e-09
0.168	1.28236e-09
0.169	1.10282e-09
0.17	9.48032e-10
0.171	8.14635e-10
0.172	6.99731e-10
0.173	6.00805e-10
0.174	5.15676e-10
0.175	4.42456e-10
0.176	3.79507e-10
0.177	3.25415e-10
0.178	2.78955e-10
0.179	2.39066e-10
0.18	2.04834e-10
0.181	1.75467e-10
0.182	1.50283e-10
0.183	1.28692e-10
0.184	1.10186e-10
0.185	9.43264e-11
0.186	8.07362e-11
0.187	6.90904e-11
0.188	5.91098e-11
0.189	5.05542e-11
0.19	4.32176e-11
0.191	3.69231e-11
0.192	3.15192e-11
0.193	2.68763e-11
0.194	2.28834e-11
0.195	1.94461e-11
0.196	1.64834e-11
0.197	1.39268e-11
0.198	1.17178e-11
0.199	9.80671e-12
0.2	8.1516e-12
0.201	6.71684e-12
0.202	5.47237e-12
0.203	4.3928e-12
0.204	3.45671e-12
0.205	2.64604e-12
0.206	1.94557e-12
0.207	1.34251e-12
0.208	8.2595e-13
0.209	3.86695e-13
0.21	1.6881e-14
0.211	-2.90196e-13
0.212	-5.40393e-13
0.213	-7.38814e-13
0.214	-8.89991e-13
0.215	-9.98e-13
0.216	-1.06657e-12
0.217	-1.09921e-12
0.218	-1.09912e-12
0.219	-1.06951e-12
0.22	-1.0133e-12
0.221	-9.33532e-13
0.222	-8.33072e-13
0.223	-7.14782e-13
0.224	-5.81466e-13
0.225	-4.3591e-13
0.226	-2.80896e-13
0.227	-1.19127e-13
0.228	4.67909e-14
0.229	2.1424e-13
0.23	3.80774e-13
0.231	5.43989e-13
0.232	7.01622e-13
0.233	8.51568e-13
0.234	9.91841e-13
0.235	1.12064e-12
0.236	1.23635e-12
0.237	1.33754e-12
0.238	1.42301e-12
0.239	1.49173e-12
0.24	1.54296e-12
0.241	1.57606e-12
0.242	1.59079e-12
0.243	1.587e-12
0.244	1.56482e-12
0.245	1.52456e-12
0.246	1.46682e-12
0.247	1.39231e-12
0.248	1.30199e-12
0.249	1.19698e-12
0.25	1.07856e-12
0.251	9.48144e-13
0.252	8.07302e-13
0.253	6.57675e-13
0.254	5.01035e-13
0.255	3.39162e-13
0.256	1.73944e-13
0.257	7.24191e-15
0.258	-1.59079e-13
0.259	-3.23078e-13
0.26	-4.83009e-13
0.261	-6.37073e-13
0.262	-7.83617e-13
0.263	-9.20993e-13
0.264	-1.04776e-12
0.265	-1.16259e-12
0.266	-1.26423e-12
0.267	-1.35167e-12
0.268	-1.42399e-12
0.269	-1.48051e-12
0.27	-1.52064e-12
0.271	-1.54405e-12
0.272	-1.55059e-12
0.273	-1.54025e-12
0.274	-1.51323e-12
0.275	-1.46989e-12
0.276	-1.41082e-12
0.277	-1.33666e-12
0.278	-1.24833e-12
0.279	-1.14682e-12
0.28	-1.0333e-12
0.281	-9.09024e-13
0.282	-7.75368e-13
0.283	-6.33782e-13
0.284	-4.85822e-13
0.285	-3.33072e-13
0.286	-1.77181e-13
0.287	-1.977e-14
0.288	1.37465e-13
0.289	2.92897e-13
0.29	4.44892e-13
0.291	5.91876e-13
0.292	7.32347e-13
0.293	8.64893e-13
0.294	9.88117e-13
0.295	1.10084e-12
0.296	1.20191e-12
0.297	1.29033e-12
0.298	1.36526e-12
0.299	1.42598e-12
0.3	1.47191e-12
0.301	1.50264e-12
0.302	1.51794e-12
0.303	1.51771e-12
0.304	1.50201e-12
0.305	1.47107e-12
0.306	1.42524e-12
0.307	1.36505e-12
0.308	1.29119e-12
0.309	1.20443e-12
0.31	1.1057e-12
0.311	9.96044e-13
0.312	8.76622e-13
0.313	7.48621e-13
0.314	6.1339e-13
0.315	4.72296e-13
0.316	3.26761e-13
0.317	1.78259e-13
0.318	2.82742e-14
0.319	-1.21708e-13
0.32	-2.70205e-13
0.321	-4.15735e-13
0.322	-5.56892e-13
0.323	-6.9229e-13
0.324	-8.20637e-13
0.325	-9.40668e-13
0.326	-1.05126e-12
0.327	-1.15136e-12
0.328	-1.23999e-12
0.329	-1.31637e-12
0.33	-1.37977e-12
0.331	-1.42964e-12
0.332	-1.46552e-12
0.333	-1.48709e-12
0.334	-1.49423e-12
0.335	-1.48689e-12
0.336	-1.46521e-12
0.337	-1.42943e-12
0.338	-1.37992e-12
0.339	-1.31723e-12
0.34	-1.24198e-12
0.341	-1.15494e-12
0.342	-1.05698e-12
0.343	-9.49076e-13
0.344	-8.32282e-13
0.345	-7.07719e-13
0.346	-5.76615e-13
0.347	-4.40226e-13
0.348	-2.99876e-13
0.349	-1.56893e-13
0.35	-1.26413e-14
0.351	1.31523e-13
0.352	2.74214e-13
0.353	4.14105e-13
0.354	5.49894e-13
0.355	6.80298e-13
0.356	8.04119e-13
0.357	9.20219e-13
0.358	1.02752e-12
0.359	1.12504e-12
0.36	1.21192e-12
0.361	1.28733e-12
0.362	1.35065e-12
0.363	1.40127e-12
0.364	1.43878e-12
0.365	1.46286e-12
0.366	1.47334e-12
0.367	1.47014e-12
0.368	1.4533e-12
0.369	1.42306e-12
0.37	1.37968e-12
0.371	1.32363e-12
0.372	1.25543e-12
0.373	1.17577e-12
0.374	1.08536e-12
0.375	9.85096e-13
0.376	8.75914e-13
0.377	7.58829e-13
0.378	6.34933e-13
0.379	5.05369e-13
0.38	3.71328e-13
0.381	2.34066e-13
0.382	9.48193e-14
0.383	-4.51409e-14
0.384	-1.84508e-13
0.385	-3.2203e-13
0.386	-4.56496e-13
0.387	-5.86662e-13
0.388	-7.11366e-13
0.389	-8.29483e-13
0.39	-9.39952e-13
0.391	-1.0418e-12
0.392	-1.13414e-12
0.393	-1.21613e-12
0.394	-1.28705e-12
0.395	-1.34632e-12
0.396	-1.39339e-12
0.397	-1.42788e-12
0.398	-1.44948e-12
0.399	-1.45804e-12
0.4	-1.45351e-12
0.401	-1.43596e-12
0.402	-1.40555e-12
0.403	-1.36258e-12
0.404	-1.30747e-12
0.405	-1.24072e-12
0.406	-1.16295e-12
0.407	-1.07487e-12
0.408	-9.77281e-13
0.409	-8.71053e-13
0.41	-7.5719e-13
0.411	-6.36676e-13
0.412	-5.10596e-13
0.413	-3.80086e-13
0.414	-2.46322e-13
0.415	-1.10475e-13
0.416	2.62381e-14
0.417	1.62628e-13
0.418	2.97448e-13
0.419	4.29538e-13
0.42	5.57733e-13
0.421	6.80893e-13
0.422	7.97957e-13
0.423	9.07887e-13
0.424	1.00972e-12
0.425	1.1026e-12
0.426	1.1857e-12
0.427	1.2583e-12
0.428	1.31978e-12
0.429	1.36962e-12
0.43	1.4074e-12
0.431	1.43277e-12
0.432	1.44556e-12
0.433	1.44566e-12
0.434	1.43309e-12
0.435	1.40797e-12
0.436	1.37053e-12
0.437	1.32113e-12
0.438	1.26019e-12
0.439	1.18826e-12
0.44	1.106e-12
0.441	1.01411e-12
0.442	9.13419e-13
0.443	8.04829e-13
0.444	6.89261e-13
0.445	5.67745e-13
0.446	4.41337e-13
0.447	3.11152e-13
0.448	1.78337e-13
0.449	4.40133e-14
0.45	-9.06157e-14
0.451	-2.24392e-13
0.452	-3.56167e-13
0.453	-4.84777e-13
0.454	-6.09133e-13
0.455	-7.28136e-13
0.456	-8.40781e-13
0.457	-9.46075e-13
0.458	-1.04311e-12
0.459	-1.13108e-12
0.46	-1.2092e-12
0.461	-1.27682e-12
0.462	-1.33335e-12
0.463	-1.37833e-12
0.464	-1.41133e-12
0.465	-1.43213e-12
0.466	-1.44052e-12
0.467	-1.43644e-12
0.468	-1.41995e-12
0.469	-1.39118e-12
0.47	-1.3504e-12
0.471	-1.29797e-12
0.472	-1.23433e-12
0.473	-1.16003e-12
0.474	-1.07575e-12
0.475	-9.82211e-13
0.476	-8.80195e-13
0.477	-7.70619e-13
0.478	-6.54415e-13
0.479	-5.32586e-13
0.48	-4.06192e-13
0.481	-2.76299e-13
0.482	-1.44059e-13
0.483	-1.05881e-14
0.484	1.22951e-13
0.485	2.554e-13
0.486	3.85633e-13
0.487	5.12534e-13
0.488	6.34999e-13
0.489	7.51968e-13
0.49	8.62453e-13
0.491	9.65532e-13
0.492	1.06022e-12
0.493	1.14582e-12
0.494	1.22154e-12
0.495	1.28672e-12
0.496	1.34085e-12
0.497	1.38341e-12
0.498	1.41403e-12
0.499	1.4325e-12
0.5	1.43863e-12
0.501	1.43237e-12
0.502	1.41377e-12
0.503	1.38302e-12
0.504	1.34033e-12
0.505	1.28611e-12
0.506	1.22082e-12
0.507	1.14498e-12
0.508	1.05929e-12
0.509	9.64455e-13
0.51	8.61332e-13
0.511	7.50779e-13
0.512	6.3372e-13
0.513	5.11205e-13
0.514	3.84263e-13
0.515	2.53991e-13
0.516	1.21509e-13
0.517	-1.20509e-14
0.518	-1.45509e-13
0.519	-2.77752e-13
0.52	-4.07604e-13
0.521	-5.33964e-13
0.522	-6.5575e-13
0.523	-7.7191e-13
0.524	-8.81433e-13
0.525	-9.83367e-13
0.526	-1.07684e-12
0.527	-1.16103e-12
0.528	-1.23521e-12
0.529	-1.29877e-12
0.53	-1.35108e-12
0.531	-1.39175e-12
0.532	-1.42038e-12
0.533	-1.43676e-12
0.534	-1.44071e-12
0.535	-1.43218e-12
0.536	-1.41125e-12
0.537	-1.37812e-12
0.538	-1.33302e-12
0.539	-1.27638e-12
0.54	-1.20863e-12
0.541	-1.13038e-12
0.542	-1.04231e-12
0.543	-9.45165e-13
0.544	-8.3977e-13
0.545	-7.27036e-13
0.546	-6.0795e-13
0.547	-4.83532e-13
0.548	-3.54846e-13
0.549	-2.23031e-13
0.55	-8.92195e-14
0.551	4.54531e-14
0.552	1.79787e-13
0.553	3.12625e-13
0.554	4.42806e-13
0.555	5.6919e-13
0.556	6.90668e-13
0.557	8.06193e-13
0.558	9.14764e-13
0.559	1.01537e-12
0.56	1.1072e-12
0.561	1.18938e-12
0.562	1.26122e-12
0.563	1.32206e-12
0.564	1.37137e-12
0.565	1.4087e-12
0.566	1.43369e-12
0.567	1.44616e-12
0.568	1.44592e-12
0.569	1.43299e-12
0.57	1.40748e-12
0.571	1.36959e-12
0.572	1.31964e-12
0.573	1.25801e-12
0.574	1.18528e-12
0.575	1.10206e-12
0.576	1.00907e-12
0.577	9.07105e-13
0.578	7.97067e-13
0.579	6.79918e-13
0.58	5.56649e-13
0.581	4.28379e-13
0.582	2.96211e-13
0.583	1.61322e-13
0.584	2.49033e-14
0.585	-1.11856e-13
0.586	-2.47742e-13
0.587	-3.8153e-13
0.588	-5.12039e-13
0.589	-6.38115e-13
0.59	-7.58625e-13
0.591	-8.72461e-13
0.592	-9.78641e-13
0.593	-1.07618e-12
0.594	-1.1642e-12
0.595	-1.24191e-12
0.596	-1.30857e-12
0.597	-1.36359e-12
0.598	-1.40645e-12
0.599	-1.43676e-12
0.6	-1.4542e-12
0.601	-1.45861e-12
0.602	-1.44992e-12
0.603	-1.42818e-12
0.604	-1.39356e-12
0.605	-1.34636e-12
0.606	-1.28697e-12
0.607	-1.2159e-12
0.608	-1.13379e-12
0.609	-1.04132e-12
0.61	-9.39346e-13
0.611	-8.28745e-13
0.612	-7.10512e-13
0.613	-5.85712e-13
0.614	-4.55444e-13
0.615	-3.20899e-13
0.616	-1.83263e-13
0.617	-4.38185e-14
0.618	9.61934e-14
0.619	2.355e-13
0.62	3.72804e-13
0.621	5.06864e-13
0.622	6.36433e-13
0.623	7.60351e-13
0.624	8.77425e-13
0.625	9.86589e-13
0.626	1.08681e-12
0.627	1.17716e-12
0.628	1.25677e-12
0.629	1.32489e-12
0.63	1.38088e-12
0.631	1.42416e-12
0.632	1.45431e-12
0.633	1.47103e-12
0.634	1.47411e-12
0.635	1.46353e-12
0.636	1.4393e-12
0.637	1.40166e-12
0.638	1.35088e-12
0.639	1.28745e-12
0.64	1.21188e-12
0.641	1.12488e-12
0.642	1.02722e-12
0.643	9.19767e-13
0.644	8.03547e-13
0.645	6.79586e-13
0.646	5.49052e-13
0.647	4.13159e-13
0.648	2.73146e-13
0.649	1.30363e-13
0.65	-1.3885e-14
0.651	-1.5822e-13
0.652	-3.01274e-13
0.653	-4.41694e-13
0.654	-5.78105e-13
0.655	-7.09246e-13
0.656	-8.33823e-13
0.657	-9.50632e-13
0.658	-1.05854e-12
0.659	-1.15647e-12
0.66	-1.24348e-12
0.661	-1.31868e-12
0.662	-1.38131e-12
0.663	-1.43073e-12
0.664	-1.46644e-12
0.665	-1.48803e-12
0.666	-1.49526e-12
0.667	-1.48802e-12
0.668	-1.4663e-12
0.669	-1.43029e-12
0.67	-1.38029e-12
0.671	-1.31675e-12
0.672	-1.24023e-12
0.673	-1.15143e-12
0.674	-1.0512e-12
0.675	-9.40472e-13
0.676	-8.20283e-13
0.677	-6.91798e-13
0.678	-5.56253e-13
0.679	-4.1496e-13
0.68	-2.69294e-13
0.681	-1.20695e-13
0.682	2.93973e-14
0.683	1.79512e-13
0.684	3.28099e-13
0.685	4.73707e-13
0.686	6.14856e-13
0.687	7.50132e-13
0.688	8.78161e-13
0.689	9.97621e-13
0.69	1.10729e-12
0.691	1.20601e-12
0.692	1.29274e-12
0.693	1.36657e-12
0.694	1.42669e-12
0.695	1.47247e-12
0.696	1.50334e-12
0.697	1.51896e-12
0.698	1.51907e-12
0.699	1.50368e-12
0.7	1.47279e-12
0.701	1.42673e-12
0.702	1.36588e-12
0.703	1.29081e-12
0.704	1.20224e-12
0.705	1.10102e-12
0.706	9.88125e-13
0.707	8.64728e-13
0.708	7.32049e-13
0.709	5.91411e-13
0.71	4.4427e-13
0.711	2.92124e-13
0.712	1.36563e-13
0.713	-2.08208e-14
0.714	-1.78338e-13
0.715	-3.34361e-13
0.716	-4.87204e-13
0.717	-6.35253e-13
0.718	-7.76906e-13
0.719	-9.10628e-13
0.72	-1.03495e-12
0.721	-1.1485e-12
0.722	-1.25001e-12
0.723	-1.33835e-12
0.724	-1.41247e-12
0.725	-1.47154e-12
0.726	-1.51481e-12
0.727	-1.54178e-12
0.728	-1.55203e-12
0.729	-1.5454e-12
0.73	-1.52187e-12
0.731	-1.48159e-12
0.732	-1.42496e-12
0.733	-1.35248e-12
0.734	-1.2649e-12
0.735	-1.16309e-12
0.736	-1.0481e-12
0.737	-9.21152e-13
0.738	-7.8361e-13
0.739	-6.36901e-13
0.74	-4.82663e-13
0.741	-3.22548e-13
0.742	-1.58372e-13
0.743	8.07798e-15
0.744	1.74938e-13
0.745	3.40312e-13
0.746	5.02307e-13
0.747	6.5908e-13
0.748	8.08812e-13
0.749	9.49748e-13
0.75	1.08023e-12
0.751	1.1987e-12
0.752	1.30376e-12
0.753	1.39409e-12
0.754	1.4686e-12
0.755	1.52634e-12
0.756	1.56653e-12
0.757	1.58868e-12
0.758	1.59238e-12
0.759	1.57758e-12
0.76	1.54435e-12
0.761	1.493e-12
0.762	1.42414e-12
0.763	1.33852e-12
0.764	1.23718e-12
0.765	1.12128e-12
0.766	9.92291e-13
0.767	8.51865e-13
0.768	7.01724e-13
0.769	5.43889e-13
0.77	3.80485e-13
0.771	2.13771e-13
0.772	4.61143e-14
0.773	-1.19989e-13
0.774	-2.81928e-13
0.775	-4.37104e-13
0.776	-5.82795e-13
0.777	-7.16263e-13
0.778	-8.34691e-13
0.779	-9.35254e-13
0.78	-1.01511e-12
0.781	-1.07135e-12
0.782	-1.10105e-12
0.783	-1.10113e-12
0.784	-1.06851e-12
0.785	-9.99887e-13
0.786	-8.9183e-13
0.787	-7.40607e-13
0.788	-5.42091e-13
0.789	-2.91771e-13
0.79	1.54246e-14
0.791	3.85364e-13
0.792	8.24788e-13
0.793	1.34153e-12
0.794	1.94478e-12
0.795	2.64544e-12
0.796	3.45632e-12
0.797	4.39262e-12
0.798	5.4724e-12
0.799	6.71711e-12
0.8	8.15209e-12
0.801	9.8074e-12
0.802	1.17187e-11
0.803	1.39279e-11
0.804	1.64847e-11
0.805	1.94475e-11
0.806	2.28851e-11
0.807	2.6878e-11
0.808	3.15211e-11
0.809	3.6925e-11
0.81	4.32196e-11
0.811	5.05563e-11
0.812	5.91118e-11
0.813	6.90925e-11
0.814	8.07382e-11
0.815	9.43284e-11
0.816	1.10188e-10
0.817	1.28694e-10
0.818	1.50285e-10
0.819	1.75469e-10
0.82	2.04835e-10
0.821	2.39067e-10
0.822	2.78955e-10
0.823	3.25416e-10
0.824	3.79508e-10
0.825	4.42456e-10
0.826	5.15676e-10
0.827	6.00805e-10
0.828	6.9973e-10
0.829	8.14634e-10
0.83	9.48031e-10
0.831	1.10282e-09
0.832	1.28236e-09
0.833	1.49048e-09
0.834	1.73165e-09
0.835	2.01096e-09
0.836	2.33431e-09
0.837	2.70846e-09
0.838	3.14119e-09
0.839	3.64147e-09
0.84	4.21958e-09
0.841	4.88732e-09
0.842	5.65826e-09
0.843	6.54798e-09
0.844	7.57433e-09
0.845	8.75779e-09
0.846	1.01219e-08
0.847	1.16934e-08
0.848	1.35033e-08
0.849	1.55869e-08
0.85	1.79845e-08
0.851	2.07423e-08
0.852	2.39132e-08
0.853	2.75577e-08
0.854	3.17448e-08
0.855	3.65535e-08
0.856	4.20738e-08
0.857	4.84086e-08
0.858	5.56753e-08
0.859	6.40078e-08
0.86	7.35588e-08
0.861	8.45024e-08
0.862	9.70368e-08
0.863	1.11388e-07
0.864	1.27813e-07
0.865	1.46605e-07
0.866	1.68096e-07
0.867	1.92667e-07
0.868	2.20746e-07
0.869	2.52825e-07
0.87	2.89459e-07
0.871	3.31281e-07
0.872	3.79007e-07
0.873	4.33453e-07
0.874	4.95541e-07
0.875	5.66321e-07
0.876	6.46981e-07
0.877	7.38868e-07
0.878	8.43508e-07
0.879	9.62631e-07
0.88	1.09819e-06
0.881	1.25241e-06
0.882	1.4278e-06
0.883	1.62719e-06
0.884	1.85379e-06
0.885	2.11123e-06
0.886	2.40361e-06
0.887	2.73557e-06
0.888	3.11233e-06
0.889	3.53981e-06
0.89	4.02467e-06
0.891	4.57444e-06
0.892	5.1976e-06
0.893	5.90374e-06
0.894	6.70364e-06
0.895	7.60947e-06
0.896	8.63494e-06
0.897	9.79547e-06
0.898	1.11084e-05
0.899	1.25934e-05
0.9	1.42725e-05
0.901	1.61703e-05
0.902	1.83148e-05
0.903	2.07373e-05
0.904	2.3473e-05
0.905	2.65614e-05
0.906	3.0047e-05
0.907	3.39798e-05
0.908	3.84156e-05
0.909	4.34175e-05
0.91	4.90561e-05
0.911	5.54103e-05
0.912	6.25692e-05
0.913	7.06321e-05
0.914	7.97107e-05
0.915	8.993e-05
0.916	0.00010143
0.917	0.000114367
0.918	0.000128918
0.919	0.000145278
0.92	0.000163668
0.921	0.000184334
0.922	0.00020755
0.923	0.000233624
0.924	0.000262901
0.925	0.000295765
0.926	0.000332644
0.927	0.000374019
0.928	0.000420425
0.929	0.000472459
0.93	0.00053079
0.931	0.000596161
0.932	0.000669402
0.933	0.000751441
0.934	0.000843308
0.935	0.000946156
0.936	0.00106127
0.937	0.00119007
0.938	0.00133415
0.939	0.00149529
0.94	0.00167546
0.941	0.00187685
0.942	0.00210191
0.943	0.00235335
0.944	0.0026342
0.945	0.00294782
0.946	0.00329794
0.947	0.00368872
0.948	0.00412478
0.949	0.00461123
0.95	0.00515378
0.951	0.00575873
0.952	0.00643312
0.953	0.00718472
0.954	0.00802218
0.955	0.00895508
0.956	0.00999406
0.957	0.0111509
0.958	0.0124387
0.959	0.0138718
0.96	0.0154665
0.961	0.0172403
0.962	0.0192131
0.963	0.0214067
0.964	0.0238451
0.965	0.0265551
0.966	0.0295662
0.967	0.0329112
0.968	0.0366262
0.969	0.0407513
0.97	0.0453307
0.971	0.0504133
0.972	0.0560531
0.973	0.0623099
0.974	0.0692495
0.975	0.076945
0.976	0.0854766
0.977	0.0949333
0.978	0.105413
0.979	0.117024
0.98	0.129886
0.981	0.14413
0.982	0.159901
0.983	0.17736
0.984	0.196683
0.985	0.218065
0.986	0.24172
0.987	0.267885
0.988	0.296818
0.989	0.328808
0.99	0.36417
0.991	0.40325
0.992	0.446432
0.993	0.494135
0.994	0.546824
0.995	0.605006
0.996	0.669243
0.997	0.740149
0.998	0.818402
0.999	0.904747
