# Interpolation data for function: (2*x-1)^50
0	1
0.001	0.904747
0.002	0.818402
0.003	0.740149
0.004	0.669243
0.005	0.605006
0.006	0.546824
0.007	0.494135
0.008	0.446432
0.009	0.40325
0.01	0.36417
0.011	0.328808
0.012	0.296818
0.013	0.267885
0.014	0.24172
0.015	0.218065
0.016	0.196683
0.017	0.17736
0.018	0.159901
0.019	0.14413
0.02	0.129886
0.021	0.117024
0.022	0.105413
0.023	0.0949333
0.024	0.0854766
0.025	0.076945
0.026	0.0692495
0.027	0.0623099
0.028	0.0560531
0.029	0.0504133
0.03	0.0453307
0.031	0.0407513
0.032	0.0366262
0.033	0.0329112
0.034	0.0295662
0.035	0.0265551
0.036	0.0238451
0.037	0.0214067
0.038	0.0192131
0.039	0.0172403
0.04	0.0154665
0.041	0.0138718
0.042	0.0124387
0.043	0.0111509
0.044	0.00999406
0.045	0.00895508
0.046	0.00802218
0.047	0.00718472
0.048	0.00643312
0.049	0.00575873
0.05	0.00515378
0.051	0.00461123
0.052	0.00412478
0.053	0.00368872
0.054	0.00329794
0.055	0.00294782
0.056	0.0026342
0.057	0.00235335
0.058	0.00210191
0.059	0.00187685
0.06	0.00167546
0.061	0.00149529
0.062	0.00133415
0.063	0.00119007
0.064	0.00106127
0.065	0.000946156
0.066	0.000843308
0.067	0.000751441
0.068	0.000669402
0.069	0.000596161
0.07	0.00053079
0.071	0.000472459
0.072	0.000420425
0.073	0.000374019
0.074	0.000332644
0.075	0.000295765
0.076	0.000262901
0.077	0.000233624
0.078	0.00020755
0.079	0.000184334
0.08	0.000163668
0.081	0.000145278
0.082	0.000128918
0.083	0.000114367
0.084	0.00010143
0.085	8.993e-05
0.086	7.97107e-05
0.087	7.06321e-05
0.088	6.25692e-05
0.089	5.54103e-05
0.09	4.90561e-05
0.091	4.34175e-05
0.092	3.84156e-05
0.093	3.39798e-05
0.094	3.0047e-05
0.095	2.65614e-05
0.096	2.3473e-05
0.097	2.07373e-05
0.098	1.83148e-05
0.099	1.61703e-05
0.1	1.42725e-05
0.101	1.25934e-05
0.102	1.11084e-05
0.103	9.79547e-06
0.104	8.63494e-06
0.105	7.60947e-06
0.106	6.70364e-06
0.107	5.90374e-06
0.108	5.1976e-06
0.109	4.57444e-06
0.11	4.02467e-06
0.111	3.53981e-06
0.112	3.11233e-06
0.113	2.73557e-06
0.114	2.40362e-06
0.115	2.11123e-06
0.116	1.85379e-06
0.117	1.62719e-06
0.118	1.4278e-06
0.119	1.25242e-06
0.12	1.0982e-06
0.121	9.62632e-07
0.122	8.43509e-07
0.123	7.38869e-07
0.124	6.46982e-07
0.125	5.66322e-07
0.126	4.95541e-07
0.127	4.33452e-07
0.128	3.79007e-07
0.129	3.3128e-07
0.13	2.89458e-07
0.131	2.52824e-07
0.132	2.20745e-07
0.133	1.92665e-07
0.134	1.68095e-07
0.135	1.46603e-07
0.136	1.27811e-07
0.137	1.11386e-07
0.138	9.7035e-08
0.139	8.45006e-08
0.14	7.35571e-08
0.141	6.40062e-08
0.142	5.56738e-08
0.143	4.84072e-08
0.144	4.20726e-08
0.145	3.65525e-08
0.146	3.1744e-08
0.147	2.75571e-08
0.148	2.39129e-08
0.149	2.07422e-08
0.15	1.79846e-08
0.151	1.55872e-08
0.152	1.35039e-08
0.153	1.16942e-08
0.154	1.01228e-08
0.155	8.75895e-09
0.156	7.57564e-09
0.157	6.54943e-09
0.158	5.65982e-09
0.159	4.88896e-09
0.16	4.22128e-09
0.161	3.64321e-09
0.162	3.14293e-09
0.163	2.71017e-09
0.164	2.33597e-09
0.165	2.01255e-09
0.166	1.73314e-09
0.167	1.49185e-09
0.168	1.28357e-09
0.169	1.10388e-09
0.17	9.48909e-10
0.171	8.15321e-10
0.172	7.00218e-10
0.173	6.01085e-10
0.174	5.15747e-10
0.175	4.42316e-10
0.176	3.79161e-10
0.177	3.24868e-10
0.178	2.78216e-10
0.179	2.38147e-10
0.18	2.03749e-10
0.181	1.74234e-10
0.182	1.48919e-10
0.183	1.27217e-10
0.184	1.08622e-10
0.185	9.26971e-11
0.186	7.90646e-11
0.187	6.74005e-11
0.188	5.74256e-11
0.189	4.88995e-11
0.19	4.16154e-11
0.191	3.53958e-11
0.192	3.00877e-11
0.193	2.55602e-11
0.194	2.17004e-11
0.195	1.8412e-11
0.196	1.56118e-11
0.197	1.3229e-11
0.198	1.12027e-11
0.199	9.4806e-12
0.2	8.01816e-12
0.201	6.77715e-12
0.202	5.72491e-12
0.203	4.83348e-12
0.204	4.07897e-12
0.205	3.44097e-12
0.206	2.90203e-12
0.207	2.44732e-12
0.208	2.06407e-12
0.209	1.74146e-12
0.21	1.47021e-12
0.211	1.24247e-12
0.212	1.05149e-12
0.213	8.9154e-13
0.214	7.57733e-13
0.215	6.45915e-13
0.216	5.5255e-13
0.217	4.74575e-13
0.218	4.09518e-13
0.219	3.55114e-13
0.22	3.09619e-13
0.221	2.71392e-13
0.222	2.39146e-13
0.223	2.11766e-13
0.224	1.88345e-13
0.225	1.68108e-13
0.226	1.5038e-13
0.227	1.34626e-13
0.228	1.20452e-13
0.229	1.07459e-13
0.23	9.54052e-14
0.231	8.40487e-14
0.232	7.32178e-14
0.233	6.281e-14
0.234	5.27232e-14
0.235	4.29002e-14
0.236	3.33268e-14
0.237	2.39917e-14
0.238	1.49244e-14
0.239	6.1099e-15
0.24	-2.35079e-15
0.241	-1.04885e-14
0.242	-1.81844e-14
0.243	-2.54185e-14
0.244	-3.21251e-14
0.245	-3.82801e-14
0.246	-4.37918e-14
0.247	-4.86414e-14
0.248	-5.27822e-14
0.249	-5.61734e-14
0.25	-5.87904e-14
0.251	-6.0627e-14
0.252	-6.16522e-14
0.253	-6.18832e-14
0.254	-6.13019e-14
0.255	-5.99568e-14
0.256	-5.78434e-14
0.257	-5.50137e-14
0.258	-5.15278e-14
0.259	-4.7359e-14
0.26	-4.26394e-14
0.261	-3.73994e-14
0.262	-3.17377e-14
0.263	-2.56696e-14
0.264	-1.93085e-14
0.265	-1.27413e-14
0.266	-6.0213e-15
0.267	7.48913e-16
0.268	7.49413e-15
0.269	1.41202e-14
0.27	2.0584e-14
0.271	2.67962e-14
0.272	3.26506e-14
0.273	3.81049e-14
0.274	4.3096e-14
0.275	4.75783e-14
0.276	5.14524e-14
0.277	5.47451e-14
0.278	5.7386e-14
0.279	5.9344e-14
0.28	6.06062e-14
0.281	6.11477e-14
0.282	6.09788e-14
0.283	6.0112e-14
0.284	5.8543e-14
0.285	5.63028e-14
0.286	5.34044e-14
0.287	4.99201e-14
0.288	4.58568e-14
0.289	4.12858e-14
0.29	3.62464e-14
0.291	3.07961e-14
0.292	2.50073e-14
0.293	1.89693e-14
0.294	1.26966e-14
0.295	6.31808e-15
0.296	-1.21733e-16
0.297	-6.55233e-15
0.298	-1.28971e-14
0.299	-1.90717e-14
0.3	-2.50273e-14
0.301	-3.06976e-14
0.302	-3.60089e-14
0.303	-4.09006e-14
0.304	-4.53284e-14
0.305	-4.92369e-14
0.306	-5.26025e-14
0.307	-5.53799e-14
0.308	-5.75274e-14
0.309	-5.90473e-14
0.31	-5.99164e-14
0.311	-6.01216e-14
0.312	-5.96462e-14
0.313	-5.85441e-14
0.314	-5.67926e-14
0.315	-5.44233e-14
0.316	-5.14702e-14
0.317	-4.79585e-14
0.318	-4.39284e-14
0.319	-3.94334e-14
0.32	-3.45261e-14
0.321	-2.92406e-14
0.322	-2.36557e-14
0.323	-1.78211e-14
0.324	-1.18186e-14
0.325	-5.6859e-15
0.326	4.906e-16
0.327	6.63995e-15
0.328	1.27285e-14
0.329	1.86649e-14
0.33	2.43986e-14
0.331	2.98459e-14
0.332	3.49633e-14
0.333	3.9735e-14
0.334	4.40554e-14
0.335	4.79127e-14
0.336	5.12495e-14
0.337	5.40307e-14
0.338	5.6258e-14
0.339	5.78865e-14
0.34	5.89037e-14
0.341	5.93002e-14
0.342	5.90791e-14
0.343	5.82355e-14
0.344	5.67775e-14
0.345	5.47465e-14
0.346	5.21437e-14
0.347	4.9007e-14
0.348	4.53581e-14
0.349	4.12474e-14
0.35	3.67161e-14
0.351	3.18235e-14
0.352	2.65949e-14
0.353	2.11005e-14
0.354	1.54049e-14
0.355	9.54775e-15
0.356	3.60294e-15
0.357	-2.36234e-15
0.358	-8.29919e-15
0.359	-1.41469e-14
0.36	-1.98269e-14
0.361	-2.53172e-14
0.362	-3.05252e-14
0.363	-3.543e-14
0.364	-3.99668e-14
0.365	-4.40952e-14
0.366	-4.77577e-14
0.367	-5.09282e-14
0.368	-5.36005e-14
0.369	-5.56955e-14
0.37	-5.72565e-14
0.371	-5.82168e-14
0.372	-5.86035e-14
0.373	-5.83886e-14
0.374	-5.76037e-14
0.375	-5.62328e-14
0.376	-5.42942e-14
0.377	-5.18131e-14
0.378	-4.88148e-14
0.379	-4.53355e-14
0.38	-4.14163e-14
0.381	-3.70733e-14
0.382	-3.23738e-14
0.383	-2.73666e-14
0.384	-2.20706e-14
0.385	-1.65524e-14
0.386	-1.09004e-14
0.387	-5.14207e-15
0.388	6.56939e-16
0.389	6.44774e-15
0.39	1.21771e-14
0.391	1.77766e-14
0.392	2.31797e-14
0.393	2.83666e-14
0.394	3.32711e-14
0.395	3.78249e-14
0.396	4.20158e-14
0.397	4.57796e-14
0.398	4.91081e-14
0.399	5.19478e-14
0.4	5.42695e-14
0.401	5.6054e-14
0.402	5.72887e-14
0.403	5.79669e-14
0.404	5.8079e-14
0.405	5.76139e-14
0.406	5.65861e-14
0.407	5.50181e-14
0.408	5.29101e-14
0.409	5.03064e-14
0.41	4.71864e-14
0.411	4.36219e-14
0.412	3.9644e-14
0.413	3.52842e-14
0.414	3.05733e-14
0.415	2.55771e-14
0.416	2.03331e-14
0.417	1.49151e-14
0.418	9.33488e-15
0.419	3.67554e-15
0.42	-2.01177e-15
0.421	-7.68393e-15
0.422	-1.32698e-14
0.423	-1.87299e-14
0.424	-2.40145e-14
0.425	-2.90442e-14
0.426	-3.37984e-14
0.427	-3.82307e-14
0.428	-4.22823e-14
0.429	-4.59314e-14
0.43	-4.91278e-14
0.431	-5.18702e-14
0.432	-5.4104e-14
0.433	-5.58182e-14
0.434	-5.69942e-14
0.435	-5.76285e-14
0.436	-5.77129e-14
0.437	-5.72326e-14
0.438	-5.62117e-14
0.439	-5.46659e-14
0.44	-5.25854e-14
0.441	-5.00099e-14
0.442	-4.69661e-14
0.443	-4.34554e-14
0.444	-3.95473e-14
0.445	-3.52632e-14
0.446	-3.06528e-14
0.447	-2.57486e-14
0.448	-2.05873e-14
0.449	-1.52533e-14
0.45	-9.76321e-15
0.451	-4.18128e-15
0.452	1.42775e-15
0.453	7.03163e-15
0.454	1.25517e-14
0.455	1.79624e-14
0.456	2.3187e-14
0.457	2.81995e-14
0.458	3.29521e-14
0.459	3.73768e-14
0.46	4.14535e-14
0.461	4.51282e-14
0.462	4.83804e-14
0.463	5.1161e-14
0.464	5.34806e-14
0.465	5.52818e-14
0.466	5.65555e-14
0.467	5.73091e-14
0.468	5.75064e-14
0.469	5.71715e-14
0.47	5.62871e-14
0.471	5.48677e-14
0.472	5.29427e-14
0.473	5.05314e-14
0.474	4.7621e-14
0.475	4.42584e-14
0.476	4.04971e-14
0.477	3.63423e-14
0.478	3.18463e-14
0.479	2.70537e-14
0.48	2.20023e-14
0.481	1.67632e-14
0.482	1.1354e-14
0.483	5.84942e-15
0.484	2.88461e-16
0.485	-5.28502e-15
0.486	-1.0806e-14
0.487	-1.62154e-14
0.488	-2.14768e-14
0.489	-2.65472e-14
0.49	-3.13611e-14
0.491	-3.58462e-14
0.492	-4.00562e-14
0.493	-4.38427e-14
0.494	-4.7228e-14
0.495	-5.01721e-14
0.496	-5.26151e-14
0.497	-5.45927e-14
0.498	-5.60744e-14
0.499	-5.69937e-14
0.5	-5.73972e-14
0.501	-5.72464e-14
0.502	-5.65743e-14
0.503	-5.5345e-14
0.504	-5.36163e-14
0.505	-5.13742e-14
0.506	-4.86402e-14
0.507	-4.54698e-14
0.508	-4.1869e-14
0.509	-3.78759e-14
0.51	-3.35026e-14
0.511	-2.88127e-14
0.512	-2.3876e-14
0.513	-1.86974e-14
0.514	-1.33478e-14
0.515	-7.87211e-15
0.516	-2.32464e-15
0.517	3.23537e-15
0.518	8.78517e-15
0.519	1.42375e-14
0.52	1.95747e-14
0.521	2.47297e-14
0.522	2.96451e-14
0.523	3.42757e-14
0.524	3.85839e-14
0.525	4.25343e-14
0.526	4.60795e-14
0.527	4.91996e-14
0.528	5.18528e-14
0.529	5.39954e-14
0.53	5.56657e-14
0.531	5.67871e-14
0.532	5.73937e-14
0.533	5.74361e-14
0.534	5.69369e-14
0.535	5.59094e-14
0.536	5.4363e-14
0.537	5.22755e-14
0.538	4.97153e-14
0.539	4.66637e-14
0.54	4.31907e-14
0.541	3.93022e-14
0.542	3.50357e-14
0.543	3.04305e-14
0.544	2.5543e-14
0.545	2.04184e-14
0.546	1.50875e-14
0.547	9.6098e-15
0.548	4.04942e-15
0.549	-1.56666e-15
0.55	-7.17392e-15
0.551	-1.26947e-14
0.552	-1.81052e-14
0.553	-2.33433e-14
0.554	-2.8361e-14
0.555	-3.31164e-14
0.556	-3.75673e-14
0.557	-4.16548e-14
0.558	-4.5328e-14
0.559	-4.86062e-14
0.56	-5.13897e-14
0.561	-5.37033e-14
0.562	-5.54964e-14
0.563	-5.67691e-14
0.564	-5.74886e-14
0.565	-5.76575e-14
0.566	-5.72967e-14
0.567	-5.63548e-14
0.568	-5.49013e-14
0.569	-5.29109e-14
0.57	-5.04116e-14
0.571	-4.74128e-14
0.572	-4.39545e-14
0.573	-4.00995e-14
0.574	-3.58464e-14
0.575	-3.12451e-14
0.576	-2.63291e-14
0.577	-2.11734e-14
0.578	-1.57986e-14
0.579	-1.02573e-14
0.58	-4.63567e-15
0.581	1.04922e-15
0.582	6.72163e-15
0.583	1.23374e-14
0.584	1.78463e-14
0.585	2.31769e-14
0.586	2.82794e-14
0.587	3.31218e-14
0.588	3.76486e-14
0.589	4.18028e-14
0.59	4.55508e-14
0.591	4.88817e-14
0.592	5.17204e-14
0.593	5.40592e-14
0.594	5.58801e-14
0.595	5.71519e-14
0.596	5.78766e-14
0.597	5.80322e-14
0.598	5.76319e-14
0.599	5.66413e-14
0.6	5.51141e-14
0.601	5.30407e-14
0.602	5.04362e-14
0.603	4.73432e-14
0.604	4.3783e-14
0.605	3.97875e-14
0.606	3.53976e-14
0.607	3.06552e-14
0.608	2.55999e-14
0.609	2.02983e-14
0.61	1.47818e-14
0.611	9.12155e-15
0.612	3.36416e-15
0.613	-2.44194e-15
0.614	-8.22012e-15
0.615	-1.39322e-14
0.616	-1.94927e-14
0.617	-2.48832e-14
0.618	-3.00243e-14
0.619	-3.48618e-14
0.62	-3.93703e-14
0.621	-4.34881e-14
0.622	-4.71856e-14
0.623	-5.03887e-14
0.624	-5.31092e-14
0.625	-5.52945e-14
0.626	-5.69386e-14
0.627	-5.7991e-14
0.628	-5.8484e-14
0.629	-5.83724e-14
0.63	-5.76606e-14
0.631	-5.63833e-14
0.632	-5.45426e-14
0.633	-5.21327e-14
0.634	-4.92056e-14
0.635	-4.57566e-14
0.636	-4.18589e-14
0.637	-3.75112e-14
0.638	-3.27911e-14
0.639	-2.77115e-14
0.64	-2.23638e-14
0.641	-1.67693e-14
0.642	-1.09973e-14
0.643	-5.11728e-15
0.644	8.44565e-16
0.645	6.78751e-15
0.646	1.26754e-14
0.647	1.84497e-14
0.648	2.40239e-14
0.649	2.93789e-14
0.65	3.44232e-14
0.651	3.91198e-14
0.652	4.34184e-14
0.653	4.72658e-14
0.654	5.06539e-14
0.655	5.34975e-14
0.656	5.57919e-14
0.657	5.75094e-14
0.658	5.86277e-14
0.659	5.91352e-14
0.66	5.90132e-14
0.661	5.82874e-14
0.662	5.6942e-14
0.663	5.50073e-14
0.664	5.24754e-14
0.665	4.939e-14
0.666	4.57785e-14
0.667	4.16651e-14
0.668	3.71198e-14
0.669	3.21748e-14
0.67	2.6873e-14
0.671	2.12674e-14
0.672	1.54347e-14
0.673	9.4296e-15
0.674	3.31128e-15
0.675	-2.86157e-15
0.676	-9.00051e-15
0.677	-1.50557e-14
0.678	-2.09602e-14
0.679	-2.66502e-14
0.68	-3.20616e-14
0.681	-3.71479e-14
0.682	-4.18309e-14
0.683	-4.60424e-14
0.684	-4.97911e-14
0.685	-5.29997e-14
0.686	-5.56467e-14
0.687	-5.7686e-14
0.688	-5.909e-14
0.689	-5.98506e-14
0.69	-5.9948e-14
0.691	-5.9386e-14
0.692	-5.81755e-14
0.693	-5.63225e-14
0.694	-5.38489e-14
0.695	-5.07475e-14
0.696	-4.70949e-14
0.697	-4.28992e-14
0.698	-3.82441e-14
0.699	-3.31111e-14
0.7	-2.76422e-14
0.701	-2.1824e-14
0.702	-1.57516e-14
0.703	-9.49036e-15
0.704	-3.10901e-15
0.705	3.32197e-15
0.706	9.70655e-15
0.707	1.60156e-14
0.708	2.2163e-14
0.709	2.80561e-14
0.71	3.36497e-14
0.711	3.88623e-14
0.712	4.36507e-14
0.713	4.79287e-14
0.714	5.16846e-14
0.715	5.48388e-14
0.716	5.73806e-14
0.717	5.92562e-14
0.718	6.04489e-14
0.719	6.09375e-14
0.72	6.07244e-14
0.721	5.979e-14
0.722	5.81632e-14
0.723	5.58397e-14
0.724	5.28687e-14
0.725	4.92521e-14
0.726	4.50626e-14
0.727	4.03006e-14
0.728	3.50799e-14
0.729	2.94156e-14
0.73	2.33777e-14
0.731	1.70723e-14
0.732	1.05252e-14
0.733	3.85158e-15
0.734	-2.89995e-15
0.735	-9.61905e-15
0.736	-1.62388e-14
0.737	-2.26767e-14
0.738	-2.88737e-14
0.739	-3.47001e-14
0.74	-4.01299e-14
0.741	-4.50567e-14
0.742	-4.94651e-14
0.743	-5.32586e-14
0.744	-5.63813e-14
0.745	-5.88009e-14
0.746	-6.04901e-14
0.747	-6.14038e-14
0.748	-6.15272e-14
0.749	-6.08554e-14
0.75	-5.93841e-14
0.751	-5.71285e-14
0.752	-5.40595e-14
0.753	-5.02652e-14
0.754	-4.57195e-14
0.755	-4.04838e-14
0.756	-3.46159e-14
0.757	-2.81161e-14
0.758	-2.10917e-14
0.759	-1.3537e-14
0.76	-5.53745e-15
0.761	2.83872e-15
0.762	1.1602e-14
0.763	2.06801e-14
0.764	3.0069e-14
0.765	3.97152e-14
0.766	4.965e-14
0.767	5.99396e-14
0.768	7.05504e-14
0.769	8.16147e-14
0.77	9.32535e-14
0.771	1.05625e-13
0.772	1.1893e-13
0.773	1.33455e-13
0.774	1.49584e-13
0.775	1.67698e-13
0.776	1.88342e-13
0.777	2.12144e-13
0.778	2.39898e-13
0.779	2.7253e-13
0.78	3.11122e-13
0.781	3.57001e-13
0.782	4.11697e-13
0.783	4.77087e-13
0.784	5.5531e-13
0.785	6.48935e-13
0.786	7.60949e-13
0.787	8.94884e-13
0.788	1.05495e-12
0.789	1.246e-12
0.79	1.47373e-12
0.791	1.74492e-12
0.792	2.06744e-12
0.793	2.45055e-12
0.794	2.90508e-12
0.795	3.44377e-12
0.796	4.0815e-12
0.797	4.83568e-12
0.798	5.72676e-12
0.799	6.77864e-12
0.8	8.01925e-12
0.801	9.48126e-12
0.802	1.12029e-11
0.803	1.32288e-11
0.804	1.56112e-11
0.805	1.84109e-11
0.806	2.16989e-11
0.807	2.55583e-11
0.808	3.00854e-11
0.809	3.53931e-11
0.81	4.16125e-11
0.811	4.88962e-11
0.812	5.74221e-11
0.813	6.73969e-11
0.814	7.90608e-11
0.815	9.26933e-11
0.816	1.08619e-10
0.817	1.27214e-10
0.818	1.48915e-10
0.819	1.7423e-10
0.82	2.03746e-10
0.821	2.38144e-10
0.822	2.78213e-10
0.823	3.24866e-10
0.824	3.79159e-10
0.825	4.42315e-10
0.826	5.15746e-10
0.827	6.01085e-10
0.828	7.00218e-10
0.829	8.15322e-10
0.83	9.4891e-10
0.831	1.10388e-09
0.832	1.28358e-09
0.833	1.49185e-09
0.834	1.73314e-09
0.835	2.01255e-09
0.836	2.33598e-09
0.837	2.71018e-09
0.838	3.14294e-09
0.839	3.64321e-09
0.84	4.22128e-09
0.841	4.88897e-09
0.842	5.65983e-09
0.843	6.54943e-09
0.844	7.57564e-09
0.845	8.75895e-09
0.846	1.01228e-08
0.847	1.16942e-08
0.848	1.35039e-08
0.849	1.55872e-08
0.85	1.79846e-08
0.851	2.07422e-08
0.852	2.39129e-08
0.853	2.75571e-08
0.854	3.1744e-08
0.855	3.65525e-08
0.856	4.20726e-08
0.857	4.84072e-08
0.858	5.56738e-08
0.859	6.40062e-08
0.86	7.35571e-08
0.861	8.45006e-08
0.862	9.7035e-08
0.863	1.11386e-07
0.864	1.27811e-07
0.865	1.46603e-07
0.866	1.68095e-07
0.867	1.92665e-07
0.868	2.20745e-07
0.869	2.52824e-07
0.87	2.89458e-07
0.871	3.3128e-07
0.872	3.79007e-07
0.873	4.33452e-07
0.874	4.95541e-07
0.875	5.66322e-07
0.876	6.46982e-07
0.877	7.38869e-07
0.878	8.43509e-07
0.879	9.62632e-07
0.88	1.0982e-06
0.881	1.25242e-06
0.882	1.4278e-06
0.883	1.62719e-06
0.884	1.85379e-06
0.885	2.11123e-06
0.886	2.40362e-06
0.887	2.73557e-06
0.888	3.11233e-06
0.889	3.53981e-06
0.89	4.02467e-06
0.891	4.57444e-06
0.892	5.1976e-06
0.893	5.90374e-06
0.894	6.70364e-06
0.895	7.60947e-06
0.896	8.63494e-06
0.897	9.79547e-06
0.898	1.11084e-05
0.899	1.25934e-05
0.9	1.42725e-05
0.901	1.61703e-05
0.902	1.83148e-05
0.903	2.07373e-05
0.904	2.3473e-05
0.905	2.65614e-05
0.906	3.0047e-05
0.907	3.39798e-05
0.908	3.84156e-05
0.909	4.34175e-05
0.91	4.90561e-05
0.911	5.54103e-05
0.912	6.25692e-05
0.913	7.06321e-05
0.914	7.97107e-05
0.915	8.993e-05
0.916	0.00010143
0.917	0.000114367
0.918	0.000128918
0.919	0.000145278
0.92	0.000163668
0.921	0.000184334
0.922	0.00020755
0.923	0.000233624
0.924	0.000262901
0.925	0.000295765
0.926	0.000332644
0.927	0.000374019
0.928	0.000420425
0.929	0.000472459
0.93	0.00053079
0.931	0.000596161
0.932	0.000669402
0.933	0.000751441
0.934	0.000843308
0.935	0.000946156
0.936	0.00106127
0.937	0.00119007
0.938	0.00133415
0.939	0.00149529
0.94	0.00167546
0.941	0.00187685
0.942	0.00210191
0.943	0.00235335
0.944	0.0026342
0.945	0.00294782
0.946	0.00329794
0.947	0.00368872
0.948	0.00412478
0.949	0.00461123
0.95	0.00515378
0.951	0.00575873
0.952	0.00643312
0.953	0.00718472
0.954	0.00802218
0.955	0.00895508
0.956	0.00999406
0.957	0.0111509
0.958	0.0124387
0.959	0.0138718
0.96	0.0154665
0.961	0.0172403
0.962	0.0192131
0.963	0.0214067
0.964	0.0238451
0.965	0.0265551
0.966	0.0295662
0.967	0.0329112
0.968	0.0366262
0.969	0.0407513
0.97	0.0453307
0.971	0.0504133
0.972	0.0560531
0.973	0.0623099
0.974	0.0692495
0.975	0.076945
0.976	0.0854766
0.977	0.0949333
0.978	0.105413
0.979	0.117024
0.98	0.129886
0.981	0.14413
0.982	0.159901
0.983	0.17736
0.984	0.196683
0.985	0.218065
0.986	0.24172
0.987	0.267885
0.988	0.296818
0.989	0.328808
0.99	0.36417
0.991	0.40325
0.992	0.446432
0.993	0.494135
0.994	0.546824
0.995	0.605006
0.996	0.669243
0.997	0.740149
0.998	0.818402
0.999	0.904747
