# Interpolation data for function: (2*x-1)^50
0	0.591929
0.001	0.569754
0.002	0.548153
0.003	0.527117
0.004	0.506634
0.005	0.486693
0.006	0.467286
0.007	0.448401
0.008	0.430029
0.009	0.412159
0.01	0.394782
0.011	0.377888
0.012	0.361468
0.013	0.345513
0.014	0.330012
0.015	0.314957
0.016	0.30034
0.017	0.286151
0.018	0.272381
0.019	0.259022
0.02	0.246066
0.021	0.233504
0.022	0.221328
0.023	0.20953
0.024	0.198102
0.025	0.187036
0.026	0.176325
0.027	0.16596
0.028	0.155935
0.029	0.146241
0.03	0.136873
0.031	0.127821
0.032	0.119081
0.033	0.110643
0.034	0.102503
0.035	0.0946523
0.036	0.0870851
0.037	0.0797948
0.038	0.072775
0.039	0.0660193
0.04	0.0595215
0.041	0.0532756
0.042	0.0472755
0.043	0.0415154
0.044	0.0359894
0.045	0.0306918
0.046	0.025617
0.047	0.0207594
0.048	0.0161136
0.049	0.0116743
0.05	0.00743625
0.051	0.00339421
0.052	-0.000456851
0.053	-0.00412194
0.054	-0.00760596
0.055	-0.0109137
0.056	-0.01405
0.057	-0.0170194
0.058	-0.0198265
0.059	-0.0224758
0.06	-0.0249717
0.061	-0.0273186
0.062	-0.0295207
0.063	-0.0315822
0.064	-0.0335071
0.065	-0.0352996
0.066	-0.0369635
0.067	-0.0385028
0.068	-0.0399212
0.069	-0.0412225
0.07	-0.0424103
0.071	-0.0434883
0.072	-0.04446
0.073	-0.0453287
0.074	-0.046098
0.075	-0.0467711
0.076	-0.0473513
0.077	-0.0478418
0.078	-0.0482457
0.079	-0.0485661
0.08	-0.048806
0.081	-0.0489683
0.082	-0.049056
0.083	-0.0490717
0.084	-0.0490184
0.085	-0.0488987
0.086	-0.0487153
0.087	-0.0484707
0.088	-0.0481675
0.089	-0.0478082
0.09	-0.0473952
0.091	-0.0469308
0.092	-0.0464175
0.093	-0.0458574
0.094	-0.0452528
0.095	-0.0446059
0.096	-0.0439187
0.097	-0.0431934
0.098	-0.0424319
0.099	-0.0416363
0.1	-0.0408084
0.101	-0.0399502
0.102	-0.0390634
0.103	-0.0381499
0.104	-0.0372115
0.105	-0.0362497
0.106	-0.0352662
0.107	-0.0342628
0.108	-0.0332409
0.109	-0.0322021
0.11	-0.0311478
0.111	-0.0300796
0.112	-0.0289989
0.113	-0.0279069
0.114	-0.0268051
0.115	-0.0256947
0.116	-0.024577
0.117	-0.0234533
0.118	-0.0223247
0.119	-0.0211924
0.12	-0.0200574
0.121	-0.018921
0.122	-0.017784
0.123	-0.0166477
0.124	-0.0155128
0.125	-0.0143805
0.126	-0.0132516
0.127	-0.012127
0.128	-0.0110075
0.129	-0.00989412
0.13	-0.00878751
0.131	-0.0076885
0.132	-0.00659782
0.133	-0.00551619
0.134	-0.00444431
0.135	-0.00338285
0.136	-0.00233245
0.137	-0.00129371
0.138	-0.000267229
0.139	0.000746429
0.14	0.00174673
0.141	0.00273315
0.142	0.0037052
0.143	0.00466241
0.144	0.00560433
0.145	0.00653054
0.146	0.00744064
0.147	0.00833424
0.148	0.00921099
0.149	0.0100705
0.15	0.0109126
0.151	0.0117368
0.152	0.0125429
0.153	0.0133306
0.154	0.0140997
0.155	0.01485
0.156	0.0155812
0.157	0.0162932
0.158	0.0169858
0.159	0.0176588
0.16	0.018312
0.161	0.0189455
0.162	0.0195589
0.163	0.0201523
0.164	0.0207256
0.165	0.0212787
0.166	0.0218115
0.167	0.022324
0.168	0.0228161
0.169	0.023288
0.17	0.0237394
0.171	0.0241706
0.172	0.0245814
0.173	0.024972
0.174	0.0253423
0.175	0.0256924
0.176	0.0260225
0.177	0.0263325
0.178	0.0266225
0.179	0.0268928
0.18	0.0271432
0.181	0.0273741
0.182	0.0275855
0.183	0.0277775
0.184	0.0279503
0.185	0.028104
0.186	0.0282388
0.187	0.0283549
0.188	0.0284525
0.189	0.0285316
0.19	0.0285926
0.191	0.0286355
0.192	0.0286607
0.193	0.0286683
0.194	0.0286585
0.195	0.0286315
0.196	0.0285877
0.197	0.0285271
0.198	0.0284501
0.199	0.0283568
0.2	0.0282476
0.201	0.0281227
0.202	0.0279823
0.203	0.0278266
0.204	0.0276561
0.205	0.0274708
0.206	0.0272712
0.207	0.0270574
0.208	0.0268297
0.209	0.0265884
0.21	0.0263339
0.211	0.0260663
0.212	0.025786
0.213	0.0254932
0.214	0.0251883
0.215	0.0248715
0.216	0.0245432
0.217	0.0242035
0.218	0.0238529
0.219	0.0234916
0.22	0.02312
0.221	0.0227382
0.222	0.0223467
0.223	0.0219457
0.224	0.0215355
0.225	0.0211164
0.226	0.0206888
0.227	0.0202528
0.228	0.019809
0.229	0.0193574
0.23	0.0188985
0.231	0.0184326
0.232	0.0179598
0.233	0.0174806
0.234	0.0169953
0.235	0.0165041
0.236	0.0160073
0.237	0.0155052
0.238	0.0149982
0.239	0.0144865
0.24	0.0139704
0.241	0.0134502
0.242	0.0129262
0.243	0.0123987
0.244	0.011868
0.245	0.0113343
0.246	0.0107979
0.247	0.0102592
0.248	0.00971829
0.249	0.0091756
0.25	0.00863134
0.251	0.0080858
0.252	0.00753923
0.253	0.00699191
0.254	0.00644409
0.255	0.00589605
0.256	0.00534803
0.257	0.00480029
0.258	0.00425309
0.259	0.00370667
0.26	0.00316128
0.261	0.00261716
0.262	0.00207456
0.263	0.00153371
0.264	0.000994838
0.265	0.000458186
0.266	-7.60234e-05
0.267	-0.000607565
0.268	-0.00113622
0.269	-0.00166177
0.27	-0.002184
0.271	-0.00270269
0.272	-0.00321766
0.273	-0.00372868
0.274	-0.00423556
0.275	-0.0047381
0.276	-0.00523612
0.277	-0.00572942
0.278	-0.00621781
0.279	-0.00670112
0.28	-0.00717917
0.281	-0.00765179
0.282	-0.00811879
0.283	-0.00858003
0.284	-0.00903533
0.285	-0.00948453
0.286	-0.00992749
0.287	-0.010364
0.288	-0.0107941
0.289	-0.0112174
0.29	-0.0116339
0.291	-0.0120434
0.292	-0.0124458
0.293	-0.012841
0.294	-0.0132289
0.295	-0.0136093
0.296	-0.0139821
0.297	-0.0143473
0.298	-0.0147046
0.299	-0.015054
0.3	-0.0153954
0.301	-0.0157287
0.302	-0.0160539
0.303	-0.0163707
0.304	-0.0166792
0.305	-0.0169792
0.306	-0.0172707
0.307	-0.0175536
0.308	-0.0178279
0.309	-0.0180934
0.31	-0.0183501
0.311	-0.018598
0.312	-0.018837
0.313	-0.019067
0.314	-0.0192881
0.315	-0.0195001
0.316	-0.019703
0.317	-0.0198968
0.318	-0.0200815
0.319	-0.020257
0.32	-0.0204233
0.321	-0.0205804
0.322	-0.0207283
0.323	-0.020867
0.324	-0.0209963
0.325	-0.0211165
0.326	-0.0212273
0.327	-0.0213289
0.328	-0.0214213
0.329	-0.0215044
0.33	-0.0215783
0.331	-0.021643
0.332	-0.0216984
0.333	-0.0217447
0.334	-0.0217818
0.335	-0.0218098
0.336	-0.0218287
0.337	-0.0218386
0.338	-0.0218394
0.339	-0.0218312
0.34	-0.0218141
0.341	-0.0217881
0.342	-0.0217533
0.343	-0.0217096
0.344	-0.0216572
0.345	-0.0215962
0.346	-0.0215265
0.347	-0.0214483
0.348	-0.0213615
0.349	-0.0212664
0.35	-0.0211629
0.351	-0.0210511
0.352	-0.0209312
0.353	-0.0208031
0.354	-0.020667
0.355	-0.0205229
0.356	-0.0203709
0.357	-0.0202112
0.358	-0.0200438
0.359	-0.0198688
0.36	-0.0196863
0.361	-0.0194964
0.362	-0.0192992
0.363	-0.0190949
0.364	-0.0188834
0.365	-0.0186649
0.366	-0.0184396
0.367	-0.0182074
0.368	-0.0179687
0.369	-0.0177234
0.37	-0.0174716
0.371	-0.0172136
0.372	-0.0169493
0.373	-0.016679
0.374	-0.0164027
0.375	-0.0161206
0.376	-0.0158329
0.377	-0.0155395
0.378	-0.0152407
0.379	-0.0149365
0.38	-0.0146272
0.381	-0.0143128
0.382	-0.0139935
0.383	-0.0136694
0.384	-0.0133407
0.385	-0.0130074
0.386	-0.0126698
0.387	-0.0123279
0.388	-0.0119819
0.389	-0.011632
0.39	-0.0112782
0.391	-0.0109207
0.392	-0.0105597
0.393	-0.0101953
0.394	-0.00982769
0.395	-0.00945694
0.396	-0.00908321
0.397	-0.00870667
0.398	-0.00832745
0.399	-0.0079457
0.4	-0.00756157
0.401	-0.00717521
0.402	-0.00678675
0.403	-0.00639635
0.404	-0.00600416
0.405	-0.00561032
0.406	-0.00521498
0.407	-0.00481829
0.408	-0.00442039
0.409	-0.00402143
0.41	-0.00362156
0.411	-0.00322092
0.412	-0.00281967
0.413	-0.00241794
0.414	-0.0020159
0.415	-0.00161367
0.416	-0.00121141
0.417	-0.000809256
0.418	-0.000407363
0.419	-5.87075e-06
0.42	0.000395077
0.421	0.000795338
0.422	0.00119477
0.423	0.00159323
0.424	0.00199057
0.425	0.00238666
0.426	0.00278136
0.427	0.00317453
0.428	0.00356603
0.429	0.00395572
0.43	0.00434347
0.431	0.00472914
0.432	0.00511259
0.433	0.00549371
0.434	0.00587234
0.435	0.00624837
0.436	0.00662166
0.437	0.00699208
0.438	0.00735951
0.439	0.00772382
0.44	0.00808488
0.441	0.00844258
0.442	0.00879679
0.443	0.00914738
0.444	0.00949425
0.445	0.00983727
0.446	0.0101763
0.447	0.0105113
0.448	0.0108421
0.449	0.0111686
0.45	0.0114906
0.451	0.0118082
0.452	0.0121211
0.453	0.0124293
0.454	0.0127326
0.455	0.013031
0.456	0.0133244
0.457	0.0136126
0.458	0.0138956
0.459	0.0141733
0.46	0.0144455
0.461	0.0147123
0.462	0.0149734
0.463	0.0152289
0.464	0.0154786
0.465	0.0157224
0.466	0.0159603
0.467	0.0161922
0.468	0.016418
0.469	0.0166377
0.47	0.0168511
0.471	0.0170582
0.472	0.0172589
0.473	0.0174532
0.474	0.017641
0.475	0.0178222
0.476	0.0179968
0.477	0.0181647
0.478	0.0183259
0.479	0.0184802
0.48	0.0186278
0.481	0.0187684
0.482	0.0189022
0.483	0.0190289
0.484	0.0191486
0.485	0.0192613
0.486	0.0193669
0.487	0.0194653
0.488	0.0195566
0.489	0.0196406
0.49	0.0197175
0.491	0.0197871
0.492	0.0198495
0.493	0.0199045
0.494	0.0199523
0.495	0.0199927
0.496	0.0200258
0.497	0.0200516
0.498	0.02007
0.499	0.020081
0.5	0.0200847
0.501	0.020081
0.502	0.02007
0.503	0.0200516
0.504	0.0200258
0.505	0.0199927
0.506	0.0199523
0.507	0.0199045
0.508	0.0198495
0.509	0.0197871
0.51	0.0197175
0.511	0.0196406
0.512	0.0195566
0.513	0.0194653
0.514	0.0193669
0.515	0.0192613
0.516	0.0191486
0.517	0.0190289
0.518	0.0189022
0.519	0.0187684
0.52	0.0186278
0.521	0.0184802
0.522	0.0183259
0.523	0.0181647
0.524	0.0179968
0.525	0.0178222
0.526	0.017641
0.527	0.0174532
0.528	0.0172589
0.529	0.0170582
0.53	0.0168511
0.531	0.0166377
0.532	0.016418
0.533	0.0161922
0.534	0.0159603
0.535	0.0157224
0.536	0.0154786
0.537	0.0152289
0.538	0.0149734
0.539	0.0147123
0.54	0.0144455
0.541	0.0141733
0.542	0.0138956
0.543	0.0136126
0.544	0.0133244
0.545	0.013031
0.546	0.0127326
0.547	0.0124293
0.548	0.0121211
0.549	0.0118082
0.55	0.0114906
0.551	0.0111686
0.552	0.0108421
0.553	0.0105113
0.554	0.0101763
0.555	0.00983727
0.556	0.00949425
0.557	0.00914738
0.558	0.00879679
0.559	0.00844258
0.56	0.00808488
0.561	0.00772382
0.562	0.00735951
0.563	0.00699208
0.564	0.00662166
0.565	0.00624837
0.566	0.00587234
0.567	0.00549371
0.568	0.00511259
0.569	0.00472914
0.57	0.00434347
0.571	0.00395572
0.572	0.00356603
0.573	0.00317453
0.574	0.00278136
0.575	0.00238666
0.576	0.00199057
0.577	0.00159323
0.578	0.00119477
0.579	0.000795338
0.58	0.000395077
0.581	-5.87075e-06
0.582	-0.000407363
0.583	-0.000809256
0.584	-0.00121141
0.585	-0.00161367
0.586	-0.0020159
0.587	-0.00241794
0.588	-0.00281967
0.589	-0.00322092
0.59	-0.00362156
0.591	-0.00402143
0.592	-0.00442039
0.593	-0.00481829
0.594	-0.00521498
0.595	-0.00561032
0.596	-0.00600416
0.597	-0.00639635
0.598	-0.00678675
0.599	-0.00717521
0.6	-0.00756157
0.601	-0.0079457
0.602	-0.00832745
0.603	-0.00870667
0.604	-0.00908321
0.605	-0.00945694
0.606	-0.00982769
0.607	-0.0101953
0.608	-0.0105597
0.609	-0.0109207
0.61	-0.0112782
0.611	-0.011632
0.612	-0.0119819
0.613	-0.0123279
0.614	-0.0126698
0.615	-0.0130074
0.616	-0.0133407
0.617	-0.0136694
0.618	-0.0139935
0.619	-0.0143128
0.62	-0.0146272
0.621	-0.0149365
0.622	-0.0152407
0.623	-0.0155395
0.624	-0.0158329
0.625	-0.0161206
0.626	-0.0164027
0.627	-0.016679
0.628	-0.0169493
0.629	-0.0172136
0.63	-0.0174716
0.631	-0.0177234
0.632	-0.0179687
0.633	-0.0182074
0.634	-0.0184396
0.635	-0.0186649
0.636	-0.0188834
0.637	-0.0190949
0.638	-0.0192992
0.639	-0.0194964
0.64	-0.0196863
0.641	-0.0198688
0.642	-0.0200438
0.643	-0.0202112
0.644	-0.0203709
0.645	-0.0205229
0.646	-0.020667
0.647	-0.0208031
0.648	-0.0209312
0.649	-0.0210511
0.65	-0.0211629
0.651	-0.0212664
0.652	-0.0213615
0.653	-0.0214483
0.654	-0.0215265
0.655	-0.0215962
0.656	-0.0216572
0.657	-0.0217096
0.658	-0.0217533
0.659	-0.0217881
0.66	-0.0218141
0.661	-0.0218312
0.662	-0.0218394
0.663	-0.0218386
0.664	-0.0218287
0.665	-0.0218098
0.666	-0.0217818
0.667	-0.0217447
0.668	-0.0216984
0.669	-0.021643
0.67	-0.0215783
0.671	-0.0215044
0.672	-0.0214213
0.673	-0.0213289
0.674	-0.0212273
0.675	-0.0211165
0.676	-0.0209963
0.677	-0.020867
0.678	-0.0207283
0.679	-0.0205804
0.68	-0.0204233
0.681	-0.020257
0.682	-0.0200815
0.683	-0.0198968
0.684	-0.019703
0.685	-0.0195001
0.686	-0.0192881
0.687	-0.019067
0.688	-0.018837
0.689	-0.018598
0.69	-0.0183501
0.691	-0.0180934
0.692	-0.0178279
0.693	-0.0175536
0.694	-0.0172707
0.695	-0.0169792
0.696	-0.0166792
0.697	-0.0163707
0.698	-0.0160539
0.699	-0.0157287
0.7	-0.0153954
0.701	-0.015054
0.702	-0.0147046
0.703	-0.0143473
0.704	-0.0139821
0.705	-0.0136093
0.706	-0.0132289
0.707	-0.012841
0.708	-0.0124458
0.709	-0.0120434
0.71	-0.0116339
0.711	-0.0112174
0.712	-0.0107941
0.713	-0.010364
0.714	-0.00992749
0.715	-0.00948453
0.716	-0.00903533
0.717	-0.00858003
0.718	-0.00811879
0.719	-0.00765179
0.72	-0.00717917
0.721	-0.00670112
0.722	-0.00621781
0.723	-0.00572942
0.724	-0.00523612
0.725	-0.0047381
0.726	-0.00423556
0.727	-0.00372868
0.728	-0.00321766
0.729	-0.00270269
0.73	-0.002184
0.731	-0.00166177
0.732	-0.00113622
0.733	-0.000607565
0.734	-7.60234e-05
0.735	0.000458186
0.736	0.000994838
0.737	0.00153371
0.738	0.00207456
0.739	0.00261716
0.74	0.00316128
0.741	0.00370667
0.742	0.00425309
0.743	0.00480029
0.744	0.00534803
0.745	0.00589605
0.746	0.00644409
0.747	0.00699191
0.748	0.00753923
0.749	0.0080858
0.75	0.00863134
0.751	0.0091756
0.752	0.00971829
0.753	0.0102592
0.754	0.0107979
0.755	0.0113343
0.756	0.011868
0.757	0.0123987
0.758	0.0129262
0.759	0.0134502
0.76	0.0139704
0.761	0.0144865
0.762	0.0149982
0.763	0.0155052
0.764	0.0160073
0.765	0.0165041
0.766	0.0169953
0.767	0.0174806
0.768	0.0179598
0.769	0.0184326
0.77	0.0188985
0.771	0.0193574
0.772	0.019809
0.773	0.0202528
0.774	0.0206888
0.775	0.0211164
0.776	0.0215355
0.777	0.0219457
0.778	0.0223467
0.779	0.0227382
0.78	0.02312
0.781	0.0234916
0.782	0.0238529
0.783	0.0242035
0.784	0.0245432
0.785	0.0248715
0.786	0.0251883
0.787	0.0254932
0.788	0.025786
0.789	0.0260663
0.79	0.0263339
0.791	0.0265884
0.792	0.0268297
0.793	0.0270574
0.794	0.0272712
0.795	0.0274708
0.796	0.0276561
0.797	0.0278266
0.798	0.0279823
0.799	0.0281227
0.8	0.0282476
0.801	0.0283568
0.802	0.0284501
0.803	0.0285271
0.804	0.0285877
0.805	0.0286315
0.806	0.0286585
0.807	0.0286683
0.808	0.0286607
0.809	0.0286355
0.81	0.0285926
0.811	0.0285316
0.812	0.0284525
0.813	0.0283549
0.814	0.0282388
0.815	0.028104
0.816	0.0279503
0.817	0.0277775
0.818	0.0275855
0.819	0.0273741
0.82	0.0271432
0.821	0.0268928
0.822	0.0266225
0.823	0.0263325
0.824	0.0260225
0.825	0.0256924
0.826	0.0253423
0.827	0.024972
0.828	0.0245814
0.829	0.0241706
0.83	0.0237394
0.831	0.023288
0.832	0.0228161
0.833	0.022324
0.834	0.0218115
0.835	0.0212787
0.836	0.0207256
0.837	0.0201523
0.838	0.0195589
0.839	0.0189455
0.84	0.018312
0.841	0.0176588
0.842	0.0169858
0.843	0.0162932
0.844	0.0155812
0.845	0.01485
0.846	0.0140997
0.847	0.0133306
0.848	0.0125429
0.849	0.0117368
0.85	0.0109126
0.851	0.0100705
0.852	0.00921099
0.853	0.00833424
0.854	0.00744064
0.855	0.00653054
0.856	0.00560433
0.857	0.00466241
0.858	0.0037052
0.859	0.00273315
0.86	0.00174673
0.861	0.000746429
0.862	-0.000267229
0.863	-0.00129371
0.864	-0.00233245
0.865	-0.00338285
0.866	-0.00444431
0.867	-0.00551619
0.868	-0.00659782
0.869	-0.0076885
0.87	-0.00878751
0.871	-0.00989412
0.872	-0.0110075
0.873	-0.012127
0.874	-0.0132516
0.875	-0.0143805
0.876	-0.0155128
0.877	-0.0166477
0.878	-0.017784
0.879	-0.018921
0.88	-0.0200574
0.881	-0.0211924
0.882	-0.0223247
0.883	-0.0234533
0.884	-0.024577
0.885	-0.0256947
0.886	-0.0268051
0.887	-0.0279069
0.888	-0.0289989
0.889	-0.0300796
0.89	-0.0311478
0.891	-0.0322021
0.892	-0.0332409
0.893	-0.0342628
0.894	-0.0352662
0.895	-0.0362497
0.896	-0.0372115
0.897	-0.0381499
0.898	-0.0390634
0.899	-0.0399502
0.9	-0.0408084
0.901	-0.0416363
0.902	-0.0424319
0.903	-0.0431934
0.904	-0.0439187
0.905	-0.0446059
0.906	-0.0452528
0.907	-0.0458574
0.908	-0.0464175
0.909	-0.0469308
0.91	-0.0473952
0.911	-0.0478082
0.912	-0.0481675
0.913	-0.0484707
0.914	-0.0487153
0.915	-0.0488987
0.916	-0.0490184
0.917	-0.0490717
0.918	-0.049056
0.919	-0.0489683
0.92	-0.048806
0.921	-0.0485661
0.922	-0.0482457
0.923	-0.0478418
0.924	-0.0473513
0.925	-0.0467711
0.926	-0.046098
0.927	-0.0453287
0.928	-0.04446
0.929	-0.0434883
0.93	-0.0424103
0.931	-0.0412225
0.932	-0.0399212
0.933	-0.0385028
0.934	-0.0369635
0.935	-0.0352996
0.936	-0.0335071
0.937	-0.0315822
0.938	-0.0295207
0.939	-0.0273186
0.94	-0.0249717
0.941	-0.0224758
0.942	-0.0198265
0.943	-0.0170194
0.944	-0.01405
0.945	-0.0109137
0.946	-0.00760596
0.947	-0.00412194
0.948	-0.000456851
0.949	0.00339421
0.95	0.00743625
0.951	0.0116743
0.952	0.0161136
0.953	0.0207594
0.954	0.025617
0.955	0.0306918
0.956	0.0359894
0.957	0.0415154
0.958	0.0472755
0.959	0.0532756
0.96	0.0595215
0.961	0.0660193
0.962	0.072775
0.963	0.0797948
0.964	0.0870851
0.965	0.0946523
0.966	0.102503
0.967	0.110643
0.968	0.119081
0.969	0.127821
0.97	0.136873
0.971	0.146241
0.972	0.155935
0.973	0.16596
0.974	0.176325
0.975	0.187036
0.976	0.198102
0.977	0.20953
0.978	0.221328
0.979	0.233504
0.98	0.246066
0.981	0.259022
0.982	0.272381
0.983	0.286151
0.984	0.30034
0.985	0.314957
0.986	0.330012
0.987	0.345513
0.988	0.361468
0.989	0.377888
0.99	0.394782
0.991	0.412159
0.992	0.430029
0.993	0.448401
0.994	0.467286
0.995	0.486693
0.996	0.506634
0.997	0.527117
0.998	0.548153
0.999	0.569754
