# Interpolation data for function: (2*x-1)^50
0	0.426758
0.001	0.416268
0.002	0.405946
0.003	0.39579
0.004	0.385798
0.005	0.375968
0.006	0.366299
0.007	0.356789
0.008	0.347435
0.009	0.338237
0.01	0.329193
0.011	0.3203
0.012	0.311558
0.013	0.302964
0.014	0.294517
0.015	0.286215
0.016	0.278057
0.017	0.27004
0.018	0.262164
0.019	0.254427
0.02	0.246826
0.021	0.239361
0.022	0.23203
0.023	0.224831
0.024	0.217764
0.025	0.210825
0.026	0.204014
0.027	0.197329
0.028	0.190769
0.029	0.184333
0.03	0.178018
0.031	0.171823
0.032	0.165747
0.033	0.159788
0.034	0.153946
0.035	0.148218
0.036	0.142603
0.037	0.1371
0.038	0.131707
0.039	0.126423
0.04	0.121246
0.041	0.116176
0.042	0.11121
0.043	0.106349
0.044	0.101589
0.045	0.0969303
0.046	0.0923711
0.047	0.0879102
0.048	0.0835464
0.049	0.0792783
0.05	0.0751047
0.051	0.0710243
0.052	0.0670359
0.053	0.0631383
0.054	0.0593302
0.055	0.0556105
0.056	0.0519779
0.057	0.0484312
0.058	0.0449693
0.059	0.0415911
0.06	0.0382952
0.061	0.0350807
0.062	0.0319463
0.063	0.028891
0.064	0.0259135
0.065	0.0230129
0.066	0.0201879
0.067	0.0174376
0.068	0.0147608
0.069	0.0121564
0.07	0.00962347
0.071	0.00716085
0.072	0.00476754
0.073	0.00244249
0.074	0.000184691
0.075	-0.00200688
0.076	-0.00413324
0.077	-0.00619537
0.078	-0.00819425
0.079	-0.0101309
0.08	-0.0120062
0.081	-0.0138212
0.082	-0.0155769
0.083	-0.0172741
0.084	-0.0189138
0.085	-0.0204969
0.086	-0.0220243
0.087	-0.0234971
0.088	-0.0249159
0.089	-0.0262818
0.09	-0.0275956
0.091	-0.0288582
0.092	-0.0300705
0.093	-0.0312333
0.094	-0.0323474
0.095	-0.0334138
0.096	-0.0344332
0.097	-0.0354064
0.098	-0.0363343
0.099	-0.0372178
0.1	-0.0380575
0.101	-0.0388542
0.102	-0.0396088
0.103	-0.0403221
0.104	-0.0409948
0.105	-0.0416276
0.106	-0.0422213
0.107	-0.0427767
0.108	-0.0432945
0.109	-0.0437754
0.11	-0.0442201
0.111	-0.0446294
0.112	-0.045004
0.113	-0.0453445
0.114	-0.0456517
0.115	-0.0459262
0.116	-0.0461687
0.117	-0.0463799
0.118	-0.0465604
0.119	-0.046711
0.12	-0.0468322
0.121	-0.0469246
0.122	-0.046989
0.123	-0.0470259
0.124	-0.047036
0.125	-0.0470199
0.126	-0.0469782
0.127	-0.0469114
0.128	-0.0468202
0.129	-0.0467052
0.13	-0.0465668
0.131	-0.0464058
0.132	-0.0462227
0.133	-0.046018
0.134	-0.0457922
0.135	-0.045546
0.136	-0.0452799
0.137	-0.0449943
0.138	-0.0446899
0.139	-0.0443671
0.14	-0.0440264
0.141	-0.0436684
0.142	-0.0432935
0.143	-0.0429023
0.144	-0.0424953
0.145	-0.0420728
0.146	-0.0416355
0.147	-0.0411837
0.148	-0.0407179
0.149	-0.0402386
0.15	-0.0397463
0.151	-0.0392413
0.152	-0.0387241
0.153	-0.0381952
0.154	-0.037655
0.155	-0.0371039
0.156	-0.0365423
0.157	-0.0359706
0.158	-0.0353893
0.159	-0.0347987
0.16	-0.0341992
0.161	-0.0335913
0.162	-0.0329752
0.163	-0.0323514
0.164	-0.0317203
0.165	-0.0310822
0.166	-0.0304374
0.167	-0.0297865
0.168	-0.0291295
0.169	-0.0284671
0.17	-0.0277993
0.171	-0.0271267
0.172	-0.0264496
0.173	-0.0257682
0.174	-0.0250829
0.175	-0.0243939
0.176	-0.0237017
0.177	-0.0230065
0.178	-0.0223086
0.179	-0.0216084
0.18	-0.020906
0.181	-0.0202018
0.182	-0.0194961
0.183	-0.0187891
0.184	-0.0180812
0.185	-0.0173725
0.186	-0.0166634
0.187	-0.0159541
0.188	-0.0152448
0.189	-0.0145359
0.19	-0.0138275
0.191	-0.0131199
0.192	-0.0124133
0.193	-0.011708
0.194	-0.0110042
0.195	-0.0103021
0.196	-0.00960192
0.197	-0.00890389
0.198	-0.00820822
0.199	-0.00751511
0.2	-0.00682477
0.201	-0.00613739
0.202	-0.00545316
0.203	-0.00477228
0.204	-0.00409494
0.205	-0.00342131
0.206	-0.00275158
0.207	-0.00208592
0.208	-0.00142449
0.209	-0.00076747
0.21	-0.000115019
0.211	0.000532703
0.212	0.00117554
0.213	0.00181334
0.214	0.00244596
0.215	0.00307325
0.216	0.00369507
0.217	0.00431128
0.218	0.00492175
0.219	0.00552635
0.22	0.00612494
0.221	0.00671742
0.222	0.00730365
0.223	0.00788352
0.224	0.00845691
0.225	0.00902372
0.226	0.00958383
0.227	0.0101372
0.228	0.0106836
0.229	0.011223
0.23	0.0117553
0.231	0.0122805
0.232	0.0127984
0.233	0.0133089
0.234	0.013812
0.235	0.0143076
0.236	0.0147956
0.237	0.0152759
0.238	0.0157485
0.239	0.0162133
0.24	0.0166702
0.241	0.0171192
0.242	0.0175602
0.243	0.0179932
0.244	0.018418
0.245	0.0188347
0.246	0.0192432
0.247	0.0196435
0.248	0.0200355
0.249	0.0204191
0.25	0.0207944
0.251	0.0211613
0.252	0.0215197
0.253	0.0218697
0.254	0.0222111
0.255	0.0225441
0.256	0.0228685
0.257	0.0231844
0.258	0.0234916
0.259	0.0237903
0.26	0.0240803
0.261	0.0243617
0.262	0.0246345
0.263	0.0248987
0.264	0.0251542
0.265	0.025401
0.266	0.0256392
0.267	0.0258687
0.268	0.0260896
0.269	0.0263018
0.27	0.0265054
0.271	0.0267004
0.272	0.0268867
0.273	0.0270645
0.274	0.0272336
0.275	0.0273942
0.276	0.0275462
0.277	0.0276897
0.278	0.0278247
0.279	0.0279511
0.28	0.0280691
0.281	0.0281787
0.282	0.0282799
0.283	0.0283727
0.284	0.0284571
0.285	0.0285332
0.286	0.0286011
0.287	0.0286607
0.288	0.0287121
0.289	0.0287553
0.29	0.0287905
0.291	0.0288175
0.292	0.0288365
0.293	0.0288476
0.294	0.0288506
0.295	0.0288458
0.296	0.0288332
0.297	0.0288128
0.298	0.0287846
0.299	0.0287487
0.3	0.0287053
0.301	0.0286542
0.302	0.0285956
0.303	0.0285296
0.304	0.0284562
0.305	0.0283754
0.306	0.0282874
0.307	0.0281922
0.308	0.0280898
0.309	0.0279803
0.31	0.0278639
0.311	0.0277405
0.312	0.0276102
0.313	0.0274731
0.314	0.0273292
0.315	0.0271788
0.316	0.0270217
0.317	0.0268581
0.318	0.026688
0.319	0.0265116
0.32	0.0263289
0.321	0.02614
0.322	0.0259449
0.323	0.0257438
0.324	0.0255366
0.325	0.0253236
0.326	0.0251048
0.327	0.0248802
0.328	0.02465
0.329	0.0244142
0.33	0.0241728
0.331	0.0239261
0.332	0.0236741
0.333	0.0234168
0.334	0.0231543
0.335	0.0228868
0.336	0.0226143
0.337	0.0223369
0.338	0.0220547
0.339	0.0217678
0.34	0.0214762
0.341	0.0211801
0.342	0.0208795
0.343	0.0205746
0.344	0.0202654
0.345	0.019952
0.346	0.0196345
0.347	0.019313
0.348	0.0189876
0.349	0.0186584
0.35	0.0183254
0.351	0.0179888
0.352	0.0176487
0.353	0.017305
0.354	0.0169581
0.355	0.0166078
0.356	0.0162544
0.357	0.0158979
0.358	0.0155384
0.359	0.0151761
0.36	0.0148109
0.361	0.014443
0.362	0.0140725
0.363	0.0136994
0.364	0.013324
0.365	0.0129462
0.366	0.0125662
0.367	0.012184
0.368	0.0117997
0.369	0.0114135
0.37	0.0110255
0.371	0.0106356
0.372	0.0102441
0.373	0.00985101
0.374	0.00945641
0.375	0.00906041
0.376	0.0086631
0.377	0.00826458
0.378	0.00786494
0.379	0.00746427
0.38	0.00706266
0.381	0.00666021
0.382	0.006257
0.383	0.00585313
0.384	0.00544869
0.385	0.00504378
0.386	0.00463847
0.387	0.00423286
0.388	0.00382705
0.389	0.00342112
0.39	0.00301516
0.391	0.00260926
0.392	0.00220351
0.393	0.00179799
0.394	0.00139281
0.395	0.000988032
0.396	0.000583759
0.397	0.000180073
0.398	-0.000222939
0.399	-0.00062519
0.4	-0.0010266
0.401	-0.00142707
0.402	-0.00182653
0.403	-0.00222489
0.404	-0.00262207
0.405	-0.00301798
0.406	-0.00341254
0.407	-0.00380567
0.408	-0.00419729
0.409	-0.00458732
0.41	-0.00497567
0.411	-0.00536227
0.412	-0.00574703
0.413	-0.00612989
0.414	-0.00651075
0.415	-0.00688955
0.416	-0.0072662
0.417	-0.00764063
0.418	-0.00801277
0.419	-0.00838253
0.42	-0.00874985
0.421	-0.00911465
0.422	-0.00947686
0.423	-0.0098364
0.424	-0.0101932
0.425	-0.0105472
0.426	-0.0108983
0.427	-0.0112465
0.428	-0.0115917
0.429	-0.0119338
0.43	-0.0122727
0.431	-0.0126084
0.432	-0.0129408
0.433	-0.0132699
0.434	-0.0135956
0.435	-0.0139178
0.436	-0.0142365
0.437	-0.0145515
0.438	-0.0148629
0.439	-0.0151706
0.44	-0.0154745
0.441	-0.0157746
0.442	-0.0160708
0.443	-0.016363
0.444	-0.0166512
0.445	-0.0169353
0.446	-0.0172153
0.447	-0.0174912
0.448	-0.0177628
0.449	-0.0180302
0.45	-0.0182932
0.451	-0.0185519
0.452	-0.0188061
0.453	-0.0190558
0.454	-0.0193011
0.455	-0.0195417
0.456	-0.0197778
0.457	-0.0200092
0.458	-0.0202359
0.459	-0.0204578
0.46	-0.020675
0.461	-0.0208873
0.462	-0.0210948
0.463	-0.0212973
0.464	-0.021495
0.465	-0.0216876
0.466	-0.0218752
0.467	-0.0220578
0.468	-0.0222353
0.469	-0.0224077
0.47	-0.0225749
0.471	-0.022737
0.472	-0.0228938
0.473	-0.0230454
0.474	-0.0231917
0.475	-0.0233328
0.476	-0.0234685
0.477	-0.0235989
0.478	-0.0237239
0.479	-0.0238435
0.48	-0.0239577
0.481	-0.0240664
0.482	-0.0241697
0.483	-0.0242676
0.484	-0.0243599
0.485	-0.0244467
0.486	-0.024528
0.487	-0.0246038
0.488	-0.024674
0.489	-0.0247386
0.49	-0.0247976
0.491	-0.0248511
0.492	-0.024899
0.493	-0.0249412
0.494	-0.0249778
0.495	-0.0250088
0.496	-0.0250342
0.497	-0.025054
0.498	-0.0250681
0.499	-0.0250765
0.5	-0.0250793
0.501	-0.0250765
0.502	-0.0250681
0.503	-0.025054
0.504	-0.0250342
0.505	-0.0250088
0.506	-0.0249778
0.507	-0.0249412
0.508	-0.024899
0.509	-0.0248511
0.51	-0.0247976
0.511	-0.0247386
0.512	-0.024674
0.513	-0.0246038
0.514	-0.024528
0.515	-0.0244467
0.516	-0.0243599
0.517	-0.0242676
0.518	-0.0241697
0.519	-0.0240664
0.52	-0.0239577
0.521	-0.0238435
0.522	-0.0237239
0.523	-0.0235989
0.524	-0.0234685
0.525	-0.0233328
0.526	-0.0231917
0.527	-0.0230454
0.528	-0.0228938
0.529	-0.022737
0.53	-0.0225749
0.531	-0.0224077
0.532	-0.0222353
0.533	-0.0220578
0.534	-0.0218752
0.535	-0.0216876
0.536	-0.021495
0.537	-0.0212973
0.538	-0.0210948
0.539	-0.0208873
0.54	-0.020675
0.541	-0.0204578
0.542	-0.0202359
0.543	-0.0200092
0.544	-0.0197778
0.545	-0.0195417
0.546	-0.0193011
0.547	-0.0190558
0.548	-0.0188061
0.549	-0.0185519
0.55	-0.0182932
0.551	-0.0180302
0.552	-0.0177628
0.553	-0.0174912
0.554	-0.0172153
0.555	-0.0169353
0.556	-0.0166512
0.557	-0.016363
0.558	-0.0160708
0.559	-0.0157746
0.56	-0.0154745
0.561	-0.0151706
0.562	-0.0148629
0.563	-0.0145515
0.564	-0.0142365
0.565	-0.0139178
0.566	-0.0135956
0.567	-0.0132699
0.568	-0.0129408
0.569	-0.0126084
0.57	-0.0122727
0.571	-0.0119338
0.572	-0.0115917
0.573	-0.0112465
0.574	-0.0108983
0.575	-0.0105472
0.576	-0.0101932
0.577	-0.0098364
0.578	-0.00947686
0.579	-0.00911465
0.58	-0.00874985
0.581	-0.00838253
0.582	-0.00801277
0.583	-0.00764063
0.584	-0.0072662
0.585	-0.00688955
0.586	-0.00651075
0.587	-0.00612989
0.588	-0.00574703
0.589	-0.00536227
0.59	-0.00497567
0.591	-0.00458732
0.592	-0.00419729
0.593	-0.00380567
0.594	-0.00341254
0.595	-0.00301798
0.596	-0.00262207
0.597	-0.00222489
0.598	-0.00182653
0.599	-0.00142707
0.6	-0.0010266
0.601	-0.00062519
0.602	-0.000222939
0.603	0.000180073
0.604	0.000583759
0.605	0.000988032
0.606	0.00139281
0.607	0.00179799
0.608	0.00220351
0.609	0.00260926
0.61	0.00301516
0.611	0.00342112
0.612	0.00382705
0.613	0.00423286
0.614	0.00463847
0.615	0.00504378
0.616	0.00544869
0.617	0.00585313
0.618	0.006257
0.619	0.00666021
0.62	0.00706266
0.621	0.00746427
0.622	0.00786494
0.623	0.00826458
0.624	0.0086631
0.625	0.00906041
0.626	0.00945641
0.627	0.00985101
0.628	0.0102441
0.629	0.0106356
0.63	0.0110255
0.631	0.0114135
0.632	0.0117997
0.633	0.012184
0.634	0.0125662
0.635	0.0129462
0.636	0.013324
0.637	0.0136994
0.638	0.0140725
0.639	0.014443
0.64	0.0148109
0.641	0.0151761
0.642	0.0155384
0.643	0.0158979
0.644	0.0162544
0.645	0.0166078
0.646	0.0169581
0.647	0.017305
0.648	0.0176487
0.649	0.0179888
0.65	0.0183254
0.651	0.0186584
0.652	0.0189876
0.653	0.019313
0.654	0.0196345
0.655	0.019952
0.656	0.0202654
0.657	0.0205746
0.658	0.0208795
0.659	0.0211801
0.66	0.0214762
0.661	0.0217678
0.662	0.0220547
0.663	0.0223369
0.664	0.0226143
0.665	0.0228868
0.666	0.0231543
0.667	0.0234168
0.668	0.0236741
0.669	0.0239261
0.67	0.0241728
0.671	0.0244142
0.672	0.02465
0.673	0.0248802
0.674	0.0251048
0.675	0.0253236
0.676	0.0255366
0.677	0.0257438
0.678	0.0259449
0.679	0.02614
0.68	0.0263289
0.681	0.0265116
0.682	0.026688
0.683	0.0268581
0.684	0.0270217
0.685	0.0271788
0.686	0.0273292
0.687	0.0274731
0.688	0.0276102
0.689	0.0277405
0.69	0.0278639
0.691	0.0279803
0.692	0.0280898
0.693	0.0281922
0.694	0.0282874
0.695	0.0283754
0.696	0.0284562
0.697	0.0285296
0.698	0.0285956
0.699	0.0286542
0.7	0.0287053
0.701	0.0287487
0.702	0.0287846
0.703	0.0288128
0.704	0.0288332
0.705	0.0288458
0.706	0.0288506
0.707	0.0288476
0.708	0.0288365
0.709	0.0288175
0.71	0.0287905
0.711	0.0287553
0.712	0.0287121
0.713	0.0286607
0.714	0.0286011
0.715	0.0285332
0.716	0.0284571
0.717	0.0283727
0.718	0.0282799
0.719	0.0281787
0.72	0.0280691
0.721	0.0279511
0.722	0.0278247
0.723	0.0276897
0.724	0.0275462
0.725	0.0273942
0.726	0.0272336
0.727	0.0270645
0.728	0.0268867
0.729	0.0267004
0.73	0.0265054
0.731	0.0263018
0.732	0.0260896
0.733	0.0258687
0.734	0.0256392
0.735	0.025401
0.736	0.0251542
0.737	0.0248987
0.738	0.0246345
0.739	0.0243617
0.74	0.0240803
0.741	0.0237903
0.742	0.0234916
0.743	0.0231844
0.744	0.0228685
0.745	0.0225441
0.746	0.0222111
0.747	0.0218697
0.748	0.0215197
0.749	0.0211613
0.75	0.0207944
0.751	0.0204191
0.752	0.0200355
0.753	0.0196435
0.754	0.0192432
0.755	0.0188347
0.756	0.018418
0.757	0.0179932
0.758	0.0175602
0.759	0.0171192
0.76	0.0166702
0.761	0.0162133
0.762	0.0157485
0.763	0.0152759
0.764	0.0147956
0.765	0.0143076
0.766	0.013812
0.767	0.0133089
0.768	0.0127984
0.769	0.0122805
0.77	0.0117553
0.771	0.011223
0.772	0.0106836
0.773	0.0101372
0.774	0.00958383
0.775	0.00902372
0.776	0.00845691
0.777	0.00788352
0.778	0.00730365
0.779	0.00671742
0.78	0.00612494
0.781	0.00552635
0.782	0.00492175
0.783	0.00431128
0.784	0.00369507
0.785	0.00307325
0.786	0.00244596
0.787	0.00181334
0.788	0.00117554
0.789	0.000532703
0.79	-0.000115019
0.791	-0.00076747
0.792	-0.00142449
0.793	-0.00208592
0.794	-0.00275158
0.795	-0.00342131
0.796	-0.00409494
0.797	-0.00477228
0.798	-0.00545316
0.799	-0.00613739
0.8	-0.00682477
0.801	-0.00751511
0.802	-0.00820822
0.803	-0.00890389
0.804	-0.00960192
0.805	-0.0103021
0.806	-0.0110042
0.807	-0.011708
0.808	-0.0124133
0.809	-0.0131199
0.81	-0.0138275
0.811	-0.0145359
0.812	-0.0152448
0.813	-0.0159541
0.814	-0.0166634
0.815	-0.0173725
0.816	-0.0180812
0.817	-0.0187891
0.818	-0.0194961
0.819	-0.0202018
0.82	-0.020906
0.821	-0.0216084
0.822	-0.0223086
0.823	-0.0230065
0.824	-0.0237017
0.825	-0.0243939
0.826	-0.0250829
0.827	-0.0257682
0.828	-0.0264496
0.829	-0.0271267
0.83	-0.0277993
0.831	-0.0284671
0.832	-0.0291295
0.833	-0.0297865
0.834	-0.0304374
0.835	-0.0310822
0.836	-0.0317203
0.837	-0.0323514
0.838	-0.0329752
0.839	-0.0335913
0.84	-0.0341992
0.841	-0.0347987
0.842	-0.0353893
0.843	-0.0359706
0.844	-0.0365423
0.845	-0.0371039
0.846	-0.037655
0.847	-0.0381952
0.848	-0.0387241
0.849	-0.0392413
0.85	-0.0397463
0.851	-0.0402386
0.852	-0.0407179
0.853	-0.0411837
0.854	-0.0416355
0.855	-0.0420728
0.856	-0.0424953
0.857	-0.0429023
0.858	-0.0432935
0.859	-0.0436684
0.86	-0.0440264
0.861	-0.0443671
0.862	-0.0446899
0.863	-0.0449943
0.864	-0.0452799
0.865	-0.045546
0.866	-0.0457922
0.867	-0.046018
0.868	-0.0462227
0.869	-0.0464058
0.87	-0.0465668
0.871	-0.0467052
0.872	-0.0468202
0.873	-0.0469114
0.874	-0.0469782
0.875	-0.0470199
0.876	-0.047036
0.877	-0.0470259
0.878	-0.046989
0.879	-0.0469246
0.88	-0.0468322
0.881	-0.046711
0.882	-0.0465604
0.883	-0.0463799
0.884	-0.0461687
0.885	-0.0459262
0.886	-0.0456517
0.887	-0.0453445
0.888	-0.045004
0.889	-0.0446294
0.89	-0.0442201
0.891	-0.0437754
0.892	-0.0432945
0.893	-0.0427767
0.894	-0.0422213
0.895	-0.0416276
0.896	-0.0409948
0.897	-0.0403221
0.898	-0.0396088
0.899	-0.0388542
0.9	-0.0380575
0.901	-0.0372178
0.902	-0.0363343
0.903	-0.0354064
0.904	-0.0344332
0.905	-0.0334138
0.906	-0.0323474
0.907	-0.0312333
0.908	-0.0300705
0.909	-0.0288582
0.91	-0.0275956
0.911	-0.0262818
0.912	-0.0249159
0.913	-0.0234971
0.914	-0.0220243
0.915	-0.0204969
0.916	-0.0189138
0.917	-0.0172741
0.918	-0.0155769
0.919	-0.0138212
0.92	-0.0120062
0.921	-0.0101309
0.922	-0.00819425
0.923	-0.00619537
0.924	-0.00413324
0.925	-0.00200688
0.926	0.000184691
0.927	0.00244249
0.928	0.00476754
0.929	0.00716085
0.93	0.00962347
0.931	0.0121564
0.932	0.0147608
0.933	0.0174376
0.934	0.0201879
0.935	0.0230129
0.936	0.0259135
0.937	0.028891
0.938	0.0319463
0.939	0.0350807
0.94	0.0382952
0.941	0.0415911
0.942	0.0449693
0.943	0.0484312
0.944	0.0519779
0.945	0.0556105
0.946	0.0593302
0.947	0.0631383
0.948	0.0670359
0.949	0.0710243
0.95	0.0751047
0.951	0.0792783
0.952	0.0835464
0.953	0.0879102
0.954	0.0923711
0.955	0.0969303
0.956	0.101589
0.957	0.106349
0.958	0.11121
0.959	0.116176
0.96	0.121246
0.961	0.126423
0.962	0.131707
0.963	0.1371
0.964	0.142603
0.965	0.148218
0.966	0.153946
0.967	0.159788
0.968	0.165747
0.969	0.171823
0.97	0.178018
0.971	0.184333
0.972	0.190769
0.973	0.197329
0.974	0.204014
0.975	0.210825
0.976	0.217764
0.977	0.224831
0.978	0.23203
0.979	0.239361
0.98	0.246826
0.981	0.254427
0.982	0.262164
0.983	0.27004
0.984	0.278057
0.985	0.286215
0.986	0.294517
0.987	0.302964
0.988	0.311558
0.989	0.3203
0.99	0.329193
0.991	0.338237
0.992	0.347435
0.993	0.356789
0.994	0.366299
0.995	0.375968
0.996	0.385798
0.997	0.39579
0.998	0.405946
0.999	0.416268
