# Interpolation data for function: (2*x-1)^50
0	1
0.001	0.904747
0.002	0.818402
0.003	0.740149
0.004	0.669243
0.005	0.605006
0.006	0.546824
0.007	0.494135
0.008	0.446432
0.009	0.40325
0.01	0.36417
0.011	0.328808
0.012	0.296818
0.013	0.267885
0.014	0.24172
0.015	0.218065
0.016	0.196683
0.017	0.17736
0.018	0.159901
0.019	0.14413
0.02	0.129886
0.021	0.117024
0.022	0.105413
0.023	0.0949333
0.024	0.0854766
0.025	0.076945
0.026	0.0692495
0.027	0.0623099
0.028	0.0560531
0.029	0.0504133
0.03	0.0453307
0.031	0.0407513
0.032	0.0366262
0.033	0.0329112
0.034	0.0295662
0.035	0.0265551
0.036	0.0238451
0.037	0.0214067
0.038	0.0192131
0.039	0.0172403
0.04	0.0154665
0.041	0.0138718
0.042	0.0124387
0.043	0.0111509
0.044	0.00999406
0.045	0.00895508
0.046	0.00802218
0.047	0.00718472
0.048	0.00643312
0.049	0.00575873
0.05	0.00515378
0.051	0.00461123
0.052	0.00412478
0.053	0.00368872
0.054	0.00329794
0.055	0.00294782
0.056	0.0026342
0.057	0.00235335
0.058	0.00210191
0.059	0.00187685
0.06	0.00167546
0.061	0.00149529
0.062	0.00133415
0.063	0.00119007
0.064	0.00106127
0.065	0.000946156
0.066	0.000843308
0.067	0.000751441
0.068	0.000669402
0.069	0.000596161
0.07	0.00053079
0.071	0.000472459
0.072	0.000420425
0.073	0.000374019
0.074	0.000332644
0.075	0.000295765
0.076	0.000262901
0.077	0.000233624
0.078	0.00020755
0.079	0.000184334
0.08	0.000163668
0.081	0.000145278
0.082	0.000128918
0.083	0.000114367
0.084	0.00010143
0.085	8.993e-05
0.086	7.97107e-05
0.087	7.06321e-05
0.088	6.25692e-05
0.089	5.54103e-05
0.09	4.90561e-05
0.091	4.34175e-05
0.092	3.84156e-05
0.093	3.39798e-05
0.094	3.0047e-05
0.095	2.65614e-05
0.096	2.3473e-05
0.097	2.07373e-05
0.098	1.83148e-05
0.099	1.61703e-05
0.1	1.42725e-05
0.101	1.25934e-05
0.102	1.11084e-05
0.103	9.79547e-06
0.104	8.63494e-06
0.105	7.60947e-06
0.106	6.70364e-06
0.107	5.90374e-06
0.108	5.1976e-06
0.109	4.57444e-06
0.11	4.02467e-06
0.111	3.53981e-06
0.112	3.11233e-06
0.113	2.73557e-06
0.114	2.40362e-06
0.115	2.11123e-06
0.116	1.85379e-06
0.117	1.62719e-06
0.118	1.4278e-06
0.119	1.25242e-06
0.12	1.0982e-06
0.121	9.62632e-07
0.122	8.43509e-07
0.123	7.38869e-07
0.124	6.46982e-07
0.125	5.66322e-07
0.126	4.95541e-07
0.127	4.33452e-07
0.128	3.79007e-07
0.129	3.3128e-07
0.13	2.89458e-07
0.131	2.52824e-07
0.132	2.20745e-07
0.133	1.92665e-07
0.134	1.68095e-07
0.135	1.46603e-07
0.136	1.27811e-07
0.137	1.11386e-07
0.138	9.7035e-08
0.139	8.45006e-08
0.14	7.35571e-08
0.141	6.40062e-08
0.142	5.56738e-08
0.143	4.84072e-08
0.144	4.20726e-08
0.145	3.65525e-08
0.146	3.1744e-08
0.147	2.75571e-08
0.148	2.39129e-08
0.149	2.07422e-08
0.15	1.79846e-08
0.151	1.55872e-08
0.152	1.35039e-08
0.153	1.16942e-08
0.154	1.01228e-08
0.155	8.75895e-09
0.156	7.57564e-09
0.157	6.54943e-09
0.158	5.65982e-09
0.159	4.88897e-09
0.16	4.22128e-09
0.161	3.64321e-09
0.162	3.14294e-09
0.163	2.71017e-09
0.164	2.33597e-09
0.165	2.01255e-09
0.166	1.73314e-09
0.167	1.49185e-09
0.168	1.28357e-09
0.169	1.10388e-09
0.17	9.48908e-10
0.171	8.1532e-10
0.172	7.00216e-10
0.173	6.01084e-10
0.174	5.15745e-10
0.175	4.42314e-10
0.176	3.79159e-10
0.177	3.24866e-10
0.178	2.78213e-10
0.179	2.38145e-10
0.18	2.03747e-10
0.181	1.74231e-10
0.182	1.48916e-10
0.183	1.27215e-10
0.184	1.0862e-10
0.185	9.2695e-11
0.186	7.90627e-11
0.187	6.73988e-11
0.188	5.74241e-11
0.189	4.88983e-11
0.19	4.16146e-11
0.191	3.53952e-11
0.192	3.00875e-11
0.193	2.55602e-11
0.194	2.17008e-11
0.195	1.84126e-11
0.196	1.56128e-11
0.197	1.32302e-11
0.198	1.12041e-11
0.199	9.48229e-12
0.2	8.02006e-12
0.201	6.77924e-12
0.202	5.72715e-12
0.203	4.83584e-12
0.204	4.08142e-12
0.205	3.44347e-12
0.206	2.90456e-12
0.207	2.44983e-12
0.208	2.06653e-12
0.209	1.74384e-12
0.21	1.47247e-12
0.211	1.24459e-12
0.212	1.05344e-12
0.213	8.93286e-13
0.214	7.59257e-13
0.215	6.47197e-13
0.216	5.53574e-13
0.217	4.75328e-13
0.218	4.09992e-13
0.219	3.55303e-13
0.22	3.09521e-13
0.221	2.7101e-13
0.222	2.38485e-13
0.223	2.10836e-13
0.224	1.87159e-13
0.225	1.66683e-13
0.226	1.48733e-13
0.227	1.32781e-13
0.228	1.18432e-13
0.229	1.05291e-13
0.23	9.31167e-14
0.231	8.16695e-14
0.232	7.07783e-14
0.233	6.03412e-14
0.234	5.02562e-14
0.235	4.04661e-14
0.236	3.09559e-14
0.237	2.17134e-14
0.238	1.27668e-14
0.239	4.09942e-15
0.24	-4.18969e-15
0.241	-1.21336e-14
0.242	-1.96161e-14
0.243	-2.66197e-14
0.244	-3.30818e-14
0.245	-3.89813e-14
0.246	-4.42297e-14
0.247	-4.88114e-14
0.248	-5.26829e-14
0.249	-5.58069e-14
0.25	-5.81616e-14
0.251	-5.97443e-14
0.252	-6.05268e-14
0.253	-6.05292e-14
0.254	-5.97359e-14
0.255	-5.81981e-14
0.256	-5.59133e-14
0.257	-5.29354e-14
0.258	-4.93261e-14
0.259	-4.50602e-14
0.26	-4.02707e-14
0.261	-3.49887e-14
0.262	-2.93133e-14
0.263	-2.32596e-14
0.264	-1.69409e-14
0.265	-1.04435e-14
0.266	-3.81966e-15
0.267	2.82924e-15
0.268	9.42951e-15
0.269	1.58887e-14
0.27	2.21659e-14
0.271	2.81738e-14
0.272	3.38086e-14
0.273	3.90307e-14
0.274	4.37797e-14
0.275	4.80126e-14
0.276	5.16331e-14
0.277	5.46706e-14
0.278	5.70578e-14
0.279	5.87662e-14
0.28	5.97859e-14
0.281	6.00946e-14
0.282	5.97051e-14
0.283	5.86324e-14
0.284	5.68743e-14
0.285	5.44639e-14
0.286	5.14159e-14
0.287	4.78044e-14
0.288	4.36374e-14
0.289	3.89872e-14
0.29	3.38939e-14
0.291	2.84156e-14
0.292	2.26249e-14
0.293	1.66109e-14
0.294	1.03878e-14
0.295	4.08384e-15
0.296	-2.25739e-15
0.297	-8.56651e-15
0.298	-1.47683e-14
0.299	-2.07801e-14
0.3	-2.65548e-14
0.301	-3.20283e-14
0.302	-3.71287e-14
0.303	-4.17981e-14
0.304	-4.59944e-14
0.305	-4.96647e-14
0.306	-5.2788e-14
0.307	-5.53216e-14
0.308	-5.72264e-14
0.309	-5.85072e-14
0.31	-5.91433e-14
0.311	-5.91241e-14
0.312	-5.84351e-14
0.313	-5.71325e-14
0.314	-5.51956e-14
0.315	-5.2658e-14
0.316	-4.95553e-14
0.317	-4.59142e-14
0.318	-4.17762e-14
0.319	-3.71957e-14
0.32	-3.22263e-14
0.321	-2.69027e-14
0.322	-2.13038e-14
0.323	-1.54796e-14
0.324	-9.51155e-15
0.325	-3.43695e-15
0.326	2.65843e-15
0.327	8.70458e-15
0.328	1.4669e-14
0.329	2.04616e-14
0.33	2.60333e-14
0.331	3.13023e-14
0.332	3.62268e-14
0.333	4.07931e-14
0.334	4.48977e-14
0.335	4.85309e-14
0.336	5.16378e-14
0.337	5.41854e-14
0.338	5.61781e-14
0.339	5.75729e-14
0.34	5.836e-14
0.341	5.85322e-14
0.342	5.80947e-14
0.343	5.70449e-14
0.344	5.53929e-14
0.345	5.31821e-14
0.346	5.04152e-14
0.347	4.71319e-14
0.348	4.33552e-14
0.349	3.91368e-14
0.35	3.45188e-14
0.351	2.95615e-14
0.352	2.42905e-14
0.353	1.87765e-14
0.354	1.30844e-14
0.355	7.25351e-15
0.356	1.35752e-15
0.357	-4.53695e-15
0.358	-1.03817e-14
0.359	-1.61171e-14
0.36	-2.16655e-14
0.361	-2.70065e-14
0.362	-3.20488e-14
0.363	-3.67733e-14
0.364	-4.11169e-14
0.365	-4.50411e-14
0.366	-4.84905e-14
0.367	-5.1441e-14
0.368	-5.38886e-14
0.369	-5.57564e-14
0.37	-5.70898e-14
0.371	-5.78244e-14
0.372	-5.79894e-14
0.373	-5.75589e-14
0.374	-5.65668e-14
0.375	-5.49988e-14
0.376	-5.28752e-14
0.377	-5.02229e-14
0.378	-4.70688e-14
0.379	-4.34506e-14
0.38	-3.94108e-14
0.381	-3.49664e-14
0.382	-3.01858e-14
0.383	-2.51184e-14
0.384	-1.97837e-14
0.385	-1.42486e-14
0.386	-8.6016e-15
0.387	-2.87024e-15
0.388	2.88031e-15
0.389	8.60159e-15
0.39	1.42411e-14
0.391	1.97313e-14
0.392	2.50066e-14
0.393	3.00486e-14
0.394	3.47925e-14
0.395	3.91714e-14
0.396	4.31749e-14
0.397	4.67406e-14
0.398	4.9862e-14
0.399	5.24878e-14
0.4	5.45906e-14
0.401	5.61534e-14
0.402	5.71657e-14
0.403	5.76229e-14
0.404	5.75172e-14
0.405	5.68399e-14
0.406	5.56072e-14
0.407	5.38436e-14
0.408	5.15512e-14
0.409	4.87759e-14
0.41	4.54987e-14
0.411	4.17928e-14
0.412	3.76907e-14
0.413	3.32249e-14
0.414	2.84272e-14
0.415	2.33642e-14
0.416	1.80741e-14
0.417	1.26308e-14
0.418	7.04657e-15
0.419	1.40442e-15
0.42	-4.24469e-15
0.421	-9.85803e-15
0.422	-1.5365e-14
0.423	-2.07269e-14
0.424	-2.5895e-14
0.425	-3.07908e-14
0.426	-3.53951e-14
0.427	-3.96629e-14
0.428	-4.35369e-14
0.429	-4.6997e-14
0.43	-4.99947e-14
0.431	-5.25304e-14
0.432	-5.45517e-14
0.433	-5.60493e-14
0.434	-5.70068e-14
0.435	-5.74226e-14
0.436	-5.72904e-14
0.437	-5.65976e-14
0.438	-5.53701e-14
0.439	-5.36255e-14
0.44	-5.13558e-14
0.441	-4.86023e-14
0.442	-4.53936e-14
0.443	-4.17325e-14
0.444	-3.76897e-14
0.445	-3.3288e-14
0.446	-2.85781e-14
0.447	-2.35933e-14
0.448	-1.83711e-14
0.449	-1.29964e-14
0.45	-7.48622e-15
0.451	-1.90493e-15
0.452	3.68273e-15
0.453	9.24474e-15
0.454	1.47029e-14
0.455	2.0032e-14
0.456	2.51563e-14
0.457	3.00506e-14
0.458	3.46683e-14
0.459	3.89425e-14
0.46	4.28546e-14
0.461	4.6352e-14
0.462	4.94158e-14
0.463	5.19988e-14
0.464	5.41131e-14
0.465	5.57035e-14
0.466	5.67626e-14
0.467	5.72996e-14
0.468	5.72807e-14
0.469	5.67315e-14
0.47	5.56369e-14
0.471	5.40133e-14
0.472	5.18918e-14
0.473	4.92936e-14
0.474	4.62075e-14
0.475	4.26821e-14
0.476	3.87721e-14
0.477	3.44843e-14
0.478	2.98722e-14
0.479	2.49813e-14
0.48	1.98503e-14
0.481	1.45511e-14
0.482	9.10177e-15
0.483	3.57736e-15
0.484	-1.98289e-15
0.485	-7.53516e-15
0.486	-1.30147e-14
0.487	-1.83626e-14
0.488	-2.35432e-14
0.489	-2.85141e-14
0.49	-3.32109e-14
0.491	-3.75621e-14
0.492	-4.16228e-14
0.493	-4.52458e-14
0.494	-4.84551e-14
0.495	-5.1212e-14
0.496	-5.34585e-14
0.497	-5.5232e-14
0.498	-5.65039e-14
0.499	-5.72094e-14
0.5	-5.73972e-14
0.501	-5.70308e-14
0.502	-5.61449e-14
0.503	-5.47057e-14
0.504	-5.27729e-14
0.505	-5.03343e-14
0.506	-4.74131e-14
0.507	-4.40666e-14
0.508	-4.03024e-14
0.509	-3.61599e-14
0.51	-3.16529e-14
0.511	-2.68457e-14
0.512	-2.18096e-14
0.513	-1.65502e-14
0.514	-1.11392e-14
0.515	-5.62197e-15
0.516	-5.32863e-17
0.517	5.50743e-15
0.518	1.10374e-14
0.519	1.64496e-14
0.52	2.17267e-14
0.521	2.68021e-14
0.522	3.16192e-14
0.523	3.61336e-14
0.524	4.03088e-14
0.525	4.41107e-14
0.526	4.74929e-14
0.527	5.04374e-14
0.528	5.29036e-14
0.529	5.48498e-14
0.53	5.63159e-14
0.531	5.72271e-14
0.532	5.76194e-14
0.533	5.74456e-14
0.534	5.67299e-14
0.535	5.54877e-14
0.536	5.37304e-14
0.537	5.14377e-14
0.538	4.86799e-14
0.539	4.54399e-14
0.54	4.17897e-14
0.541	3.77365e-14
0.542	3.33195e-14
0.543	2.85794e-14
0.544	2.35737e-14
0.545	1.83488e-14
0.546	1.29364e-14
0.547	7.39669e-15
0.548	1.79443e-15
0.549	-3.84301e-15
0.55	-9.45092e-15
0.551	-1.49516e-14
0.552	-2.03214e-14
0.553	-2.54986e-14
0.554	-3.04357e-14
0.555	-3.50916e-14
0.556	-3.94248e-14
0.557	-4.33777e-14
0.558	-4.69004e-14
0.559	-5.00137e-14
0.56	-5.26194e-14
0.561	-5.47437e-14
0.562	-5.6338e-14
0.563	-5.74041e-14
0.564	-5.79111e-14
0.565	-5.78634e-14
0.566	-5.72841e-14
0.567	-5.61236e-14
0.568	-5.44536e-14
0.569	-5.22507e-14
0.57	-4.95448e-14
0.571	-4.63472e-14
0.572	-4.27e-14
0.573	-3.86673e-14
0.574	-3.42497e-14
0.575	-2.94986e-14
0.576	-2.44487e-14
0.577	-1.91764e-14
0.578	-1.37034e-14
0.579	-8.0832e-15
0.58	-2.40275e-15
0.581	3.32033e-15
0.582	9.00993e-15
0.583	1.46217e-14
0.584	2.01054e-14
0.585	2.53898e-14
0.586	3.04255e-14
0.587	3.51812e-14
0.588	3.9602e-14
0.589	4.36319e-14
0.59	4.72385e-14
0.591	5.04122e-14
0.592	5.30793e-14
0.593	5.52336e-14
0.594	5.6859e-14
0.595	5.7926e-14
0.596	5.84384e-14
0.597	5.83762e-14
0.598	5.77549e-14
0.599	5.65419e-14
0.6	5.4793e-14
0.601	5.25008e-14
0.602	4.96823e-14
0.603	4.63823e-14
0.604	4.26239e-14
0.605	3.8441e-14
0.606	3.38763e-14
0.607	2.89732e-14
0.608	2.3773e-14
0.609	1.83437e-14
0.61	1.27178e-14
0.611	6.9677e-15
0.612	1.14079e-15
0.613	-4.71377e-15
0.614	-1.05189e-14
0.615	-1.6236e-14
0.616	-2.17796e-14
0.617	-2.71314e-14
0.618	-3.22124e-14
0.619	-3.69688e-14
0.62	-4.13758e-14
0.621	-4.53729e-14
0.622	-4.89316e-14
0.623	-5.19789e-14
0.624	-5.45282e-14
0.625	-5.65285e-14
0.626	-5.79755e-14
0.627	-5.88206e-14
0.628	-5.90981e-14
0.629	-5.87648e-14
0.63	-5.78273e-14
0.631	-5.63224e-14
0.632	-5.42545e-14
0.633	-5.16199e-14
0.634	-4.84728e-14
0.635	-4.48107e-14
0.636	-4.07088e-14
0.637	-3.61679e-14
0.638	-3.12674e-14
0.639	-2.60222e-14
0.64	-2.05252e-14
0.641	-1.47991e-14
0.642	-8.91481e-15
0.643	-2.94268e-15
0.644	3.08999e-15
0.645	9.08175e-15
0.646	1.49959e-14
0.647	2.07737e-14
0.648	2.63283e-14
0.649	3.1641e-14
0.65	3.66205e-14
0.651	4.12304e-14
0.652	4.54213e-14
0.653	4.91409e-14
0.654	5.23824e-14
0.655	5.50619e-14
0.656	5.71764e-14
0.657	5.87e-14
0.658	5.96121e-14
0.659	5.99032e-14
0.66	5.95569e-14
0.661	5.8601e-14
0.662	5.70219e-14
0.663	5.48525e-14
0.664	5.20871e-14
0.665	4.87717e-14
0.666	4.49362e-14
0.667	4.0607e-14
0.668	3.58563e-14
0.669	3.07184e-14
0.67	2.52383e-14
0.671	1.94707e-14
0.672	1.34942e-14
0.673	7.36497e-15
0.674	1.14344e-15
0.675	-5.11051e-15
0.676	-1.13076e-14
0.677	-1.73972e-14
0.678	-2.3312e-14
0.679	-2.89881e-14
0.68	-3.43614e-14
0.681	-3.93856e-14
0.682	-4.39832e-14
0.683	-4.80868e-14
0.684	-5.17061e-14
0.685	-5.4765e-14
0.686	-5.72436e-14
0.687	-5.90976e-14
0.688	-6.03011e-14
0.689	-6.08482e-14
0.69	-6.07211e-14
0.691	-5.99261e-14
0.692	-5.84764e-14
0.693	-5.63808e-14
0.694	-5.36634e-14
0.695	-5.03197e-14
0.696	-4.64289e-14
0.697	-4.20017e-14
0.698	-3.71242e-14
0.699	-3.17805e-14
0.7	-2.61146e-14
0.701	-2.01157e-14
0.702	-1.38804e-14
0.703	-7.47618e-15
0.704	-9.73354e-16
0.705	5.55621e-15
0.706	1.20153e-14
0.707	1.8374e-14
0.708	2.45454e-14
0.709	3.04365e-14
0.71	3.60022e-14
0.711	4.11609e-14
0.712	4.58702e-14
0.713	5.00445e-14
0.714	5.3673e-14
0.715	5.66778e-14
0.716	5.90493e-14
0.717	6.07358e-14
0.718	6.17226e-14
0.719	6.19906e-14
0.72	6.15446e-14
0.721	6.03678e-14
0.722	5.84914e-14
0.723	5.59142e-14
0.724	5.2688e-14
0.725	4.88178e-14
0.726	4.43789e-14
0.727	3.93747e-14
0.728	3.39218e-14
0.729	2.8038e-14
0.73	2.17958e-14
0.731	1.53038e-14
0.732	8.58983e-15
0.733	1.77125e-15
0.734	-5.10158e-15
0.735	-1.19168e-14
0.736	-1.86064e-14
0.737	-2.50867e-14
0.738	-3.12982e-14
0.739	-3.71107e-14
0.74	-4.24986e-14
0.741	-4.73554e-14
0.742	-5.16668e-14
0.743	-5.53369e-14
0.744	-5.83115e-14
0.745	-6.05596e-14
0.746	-6.2056e-14
0.747	-6.27579e-14
0.748	-6.26526e-14
0.749	-6.17381e-14
0.75	-6.00129e-14
0.751	-5.74951e-14
0.752	-5.41587e-14
0.753	-5.00952e-14
0.754	-4.52815e-14
0.755	-3.97826e-14
0.756	-3.36592e-14
0.757	-2.69148e-14
0.758	-1.966e-14
0.759	-1.18919e-14
0.76	-3.69855e-15
0.761	4.84919e-15
0.762	1.37596e-14
0.763	2.29584e-14
0.764	3.24399e-14
0.765	4.21493e-14
0.766	5.2117e-14
0.767	6.24084e-14
0.768	7.29899e-14
0.769	8.39939e-14
0.77	9.55419e-14
0.771	1.07793e-13
0.772	1.2095e-13
0.773	1.353e-13
0.774	1.5123e-13
0.775	1.69124e-13
0.776	1.89528e-13
0.777	2.13074e-13
0.778	2.40559e-13
0.779	2.72912e-13
0.78	3.11219e-13
0.781	3.56812e-13
0.782	4.11223e-13
0.783	4.76334e-13
0.784	5.54285e-13
0.785	6.47653e-13
0.786	7.59425e-13
0.787	8.93138e-13
0.788	1.053e-12
0.789	1.24388e-12
0.79	1.47147e-12
0.791	1.74254e-12
0.792	2.06498e-12
0.793	2.44804e-12
0.794	2.90255e-12
0.795	3.44126e-12
0.796	4.07904e-12
0.797	4.83332e-12
0.798	5.72452e-12
0.799	6.77655e-12
0.8	8.01734e-12
0.801	9.47957e-12
0.802	1.12015e-11
0.803	1.32276e-11
0.804	1.56103e-11
0.805	1.84102e-11
0.806	2.16986e-11
0.807	2.55582e-11
0.808	3.00857e-11
0.809	3.53937e-11
0.81	4.16134e-11
0.811	4.88974e-11
0.812	5.74236e-11
0.813	6.73986e-11
0.814	7.90627e-11
0.815	9.26954e-11
0.816	1.08621e-10
0.817	1.27216e-10
0.818	1.48918e-10
0.819	1.74233e-10
0.82	2.03749e-10
0.821	2.38147e-10
0.822	2.78216e-10
0.823	3.24868e-10
0.824	3.79162e-10
0.825	4.42317e-10
0.826	5.15748e-10
0.827	6.01087e-10
0.828	7.00219e-10
0.829	8.15323e-10
0.83	9.48911e-10
0.831	1.10388e-09
0.832	1.28358e-09
0.833	1.49185e-09
0.834	1.73314e-09
0.835	2.01255e-09
0.836	2.33597e-09
0.837	2.71017e-09
0.838	3.14294e-09
0.839	3.64321e-09
0.84	4.22128e-09
0.841	4.88896e-09
0.842	5.65982e-09
0.843	6.54943e-09
0.844	7.57564e-09
0.845	8.75895e-09
0.846	1.01228e-08
0.847	1.16942e-08
0.848	1.35039e-08
0.849	1.55872e-08
0.85	1.79846e-08
0.851	2.07422e-08
0.852	2.39129e-08
0.853	2.75571e-08
0.854	3.1744e-08
0.855	3.65525e-08
0.856	4.20726e-08
0.857	4.84072e-08
0.858	5.56738e-08
0.859	6.40062e-08
0.86	7.35571e-08
0.861	8.45006e-08
0.862	9.7035e-08
0.863	1.11386e-07
0.864	1.27811e-07
0.865	1.46603e-07
0.866	1.68095e-07
0.867	1.92665e-07
0.868	2.20745e-07
0.869	2.52824e-07
0.87	2.89458e-07
0.871	3.3128e-07
0.872	3.79007e-07
0.873	4.33452e-07
0.874	4.95541e-07
0.875	5.66322e-07
0.876	6.46982e-07
0.877	7.38869e-07
0.878	8.43509e-07
0.879	9.62632e-07
0.88	1.0982e-06
0.881	1.25242e-06
0.882	1.4278e-06
0.883	1.62719e-06
0.884	1.85379e-06
0.885	2.11123e-06
0.886	2.40362e-06
0.887	2.73557e-06
0.888	3.11233e-06
0.889	3.53981e-06
0.89	4.02467e-06
0.891	4.57444e-06
0.892	5.1976e-06
0.893	5.90374e-06
0.894	6.70364e-06
0.895	7.60947e-06
0.896	8.63494e-06
0.897	9.79547e-06
0.898	1.11084e-05
0.899	1.25934e-05
0.9	1.42725e-05
0.901	1.61703e-05
0.902	1.83148e-05
0.903	2.07373e-05
0.904	2.3473e-05
0.905	2.65614e-05
0.906	3.0047e-05
0.907	3.39798e-05
0.908	3.84156e-05
0.909	4.34175e-05
0.91	4.90561e-05
0.911	5.54103e-05
0.912	6.25692e-05
0.913	7.06321e-05
0.914	7.97107e-05
0.915	8.993e-05
0.916	0.00010143
0.917	0.000114367
0.918	0.000128918
0.919	0.000145278
0.92	0.000163668
0.921	0.000184334
0.922	0.00020755
0.923	0.000233624
0.924	0.000262901
0.925	0.000295765
0.926	0.000332644
0.927	0.000374019
0.928	0.000420425
0.929	0.000472459
0.93	0.00053079
0.931	0.000596161
0.932	0.000669402
0.933	0.000751441
0.934	0.000843308
0.935	0.000946156
0.936	0.00106127
0.937	0.00119007
0.938	0.00133415
0.939	0.00149529
0.94	0.00167546
0.941	0.00187685
0.942	0.00210191
0.943	0.00235335
0.944	0.0026342
0.945	0.00294782
0.946	0.00329794
0.947	0.00368872
0.948	0.00412478
0.949	0.00461123
0.95	0.00515378
0.951	0.00575873
0.952	0.00643312
0.953	0.00718472
0.954	0.00802218
0.955	0.00895508
0.956	0.00999406
0.957	0.0111509
0.958	0.0124387
0.959	0.0138718
0.96	0.0154665
0.961	0.0172403
0.962	0.0192131
0.963	0.0214067
0.964	0.0238451
0.965	0.0265551
0.966	0.0295662
0.967	0.0329112
0.968	0.0366262
0.969	0.0407513
0.97	0.0453307
0.971	0.0504133
0.972	0.0560531
0.973	0.0623099
0.974	0.0692495
0.975	0.076945
0.976	0.0854766
0.977	0.0949333
0.978	0.105413
0.979	0.117024
0.98	0.129886
0.981	0.14413
0.982	0.159901
0.983	0.17736
0.984	0.196683
0.985	0.218065
0.986	0.24172
0.987	0.267885
0.988	0.296818
0.989	0.328808
0.99	0.36417
0.991	0.40325
0.992	0.446432
0.993	0.494135
0.994	0.546824
0.995	0.605006
0.996	0.669243
0.997	0.740149
0.998	0.818402
0.999	0.904747
