# Interpolation data for function: (2*x-1)^50
0	1
0.001	0.904747
0.002	0.818402
0.003	0.740149
0.004	0.669243
0.005	0.605006
0.006	0.546824
0.007	0.494135
0.008	0.446432
0.009	0.40325
0.01	0.36417
0.011	0.328808
0.012	0.296818
0.013	0.267885
0.014	0.24172
0.015	0.218065
0.016	0.196683
0.017	0.17736
0.018	0.159901
0.019	0.14413
0.02	0.129886
0.021	0.117024
0.022	0.105413
0.023	0.0949333
0.024	0.0854766
0.025	0.076945
0.026	0.0692495
0.027	0.0623099
0.028	0.0560531
0.029	0.0504133
0.03	0.0453307
0.031	0.0407513
0.032	0.0366262
0.033	0.0329112
0.034	0.0295662
0.035	0.0265551
0.036	0.0238451
0.037	0.0214067
0.038	0.0192131
0.039	0.0172403
0.04	0.0154665
0.041	0.0138718
0.042	0.0124387
0.043	0.0111509
0.044	0.00999406
0.045	0.00895508
0.046	0.00802218
0.047	0.00718472
0.048	0.00643312
0.049	0.00575873
0.05	0.00515378
0.051	0.00461123
0.052	0.00412478
0.053	0.00368872
0.054	0.00329794
0.055	0.00294782
0.056	0.0026342
0.057	0.00235335
0.058	0.00210191
0.059	0.00187685
0.06	0.00167546
0.061	0.00149529
0.062	0.00133415
0.063	0.00119007
0.064	0.00106127
0.065	0.000946156
0.066	0.000843308
0.067	0.000751441
0.068	0.000669402
0.069	0.000596161
0.07	0.00053079
0.071	0.000472459
0.072	0.000420425
0.073	0.000374019
0.074	0.000332644
0.075	0.000295765
0.076	0.000262901
0.077	0.000233624
0.078	0.00020755
0.079	0.000184334
0.08	0.000163668
0.081	0.000145278
0.082	0.000128918
0.083	0.000114367
0.084	0.00010143
0.085	8.993e-05
0.086	7.97107e-05
0.087	7.06321e-05
0.088	6.25692e-05
0.089	5.54103e-05
0.09	4.9056e-05
0.091	4.34175e-05
0.092	3.84156e-05
0.093	3.39798e-05
0.094	3.0047e-05
0.095	2.65614e-05
0.096	2.3473e-05
0.097	2.07373e-05
0.098	1.83148e-05
0.099	1.61703e-05
0.1	1.42725e-05
0.101	1.25935e-05
0.102	1.11085e-05
0.103	9.7955e-06
0.104	8.63497e-06
0.105	7.6095e-06
0.106	6.70367e-06
0.107	5.90377e-06
0.108	5.19762e-06
0.109	4.57445e-06
0.11	4.02468e-06
0.111	3.53982e-06
0.112	3.11234e-06
0.113	2.73557e-06
0.114	2.40361e-06
0.115	2.11123e-06
0.116	1.85378e-06
0.117	1.62718e-06
0.118	1.42778e-06
0.119	1.2524e-06
0.12	1.09817e-06
0.121	9.62606e-07
0.122	8.43482e-07
0.123	7.3884e-07
0.124	6.46952e-07
0.125	5.66292e-07
0.126	4.95512e-07
0.127	4.33424e-07
0.128	3.7898e-07
0.129	3.31255e-07
0.13	2.89436e-07
0.131	2.52804e-07
0.132	2.20728e-07
0.133	1.92651e-07
0.134	1.68085e-07
0.135	1.46597e-07
0.136	1.27808e-07
0.137	1.11387e-07
0.138	9.70396e-08
0.139	8.45088e-08
0.14	7.35688e-08
0.141	6.40211e-08
0.142	5.56916e-08
0.143	4.84277e-08
0.144	4.20954e-08
0.145	3.65772e-08
0.146	3.17702e-08
0.147	2.75844e-08
0.148	2.39408e-08
0.149	2.07703e-08
0.15	1.80125e-08
0.151	1.56145e-08
0.152	1.35301e-08
0.153	1.1719e-08
0.154	1.01458e-08
0.155	8.77971e-09
0.156	7.59393e-09
0.157	6.56499e-09
0.158	5.67244e-09
0.159	4.89846e-09
0.16	4.22754e-09
0.161	3.64616e-09
0.162	3.14255e-09
0.163	2.70648e-09
0.164	2.32904e-09
0.165	2.0025e-09
0.166	1.72013e-09
0.167	1.47608e-09
0.168	1.26529e-09
0.169	1.08335e-09
0.17	9.26428e-10
0.171	7.91217e-10
0.172	6.74835e-10
0.173	5.74782e-10
0.174	4.8889e-10
0.175	4.15277e-10
0.176	3.5231e-10
0.177	2.98569e-10
0.178	2.52822e-10
0.179	2.13997e-10
0.18	1.8116e-10
0.181	1.53498e-10
0.182	1.30305e-10
0.183	1.10961e-10
0.184	9.49263e-11
0.185	8.17286e-11
0.186	7.09541e-11
0.187	6.22399e-11
0.188	5.52677e-11
0.189	4.97581e-11
0.19	4.54653e-11
0.191	4.21737e-11
0.192	3.96936e-11
0.193	3.78589e-11
0.194	3.6524e-11
0.195	3.55621e-11
0.196	3.48626e-11
0.197	3.43302e-11
0.198	3.38831e-11
0.199	3.34516e-11
0.2	3.29777e-11
0.201	3.24134e-11
0.202	3.17203e-11
0.203	3.08686e-11
0.204	2.98364e-11
0.205	2.86092e-11
0.206	2.71792e-11
0.207	2.55446e-11
0.208	2.3709e-11
0.209	2.16812e-11
0.21	1.9474e-11
0.211	1.71043e-11
0.212	1.45924e-11
0.213	1.19611e-11
0.214	9.23577e-12
0.215	6.44344e-12
0.216	3.61252e-12
0.217	7.72191e-13
0.218	-2.04783e-12
0.219	-4.81805e-12
0.22	-7.50923e-12
0.221	-1.00932e-11
0.222	-1.25427e-11
0.223	-1.48324e-11
0.224	-1.69384e-11
0.225	-1.88392e-11
0.226	-2.05158e-11
0.227	-2.19514e-11
0.228	-2.31321e-11
0.229	-2.40471e-11
0.23	-2.46882e-11
0.231	-2.50507e-11
0.232	-2.51325e-11
0.233	-2.49349e-11
0.234	-2.44622e-11
0.235	-2.37214e-11
0.236	-2.27225e-11
0.237	-2.14782e-11
0.238	-2.00037e-11
0.239	-1.83167e-11
0.24	-1.64365e-11
0.241	-1.4385e-11
0.242	-1.21852e-11
0.243	-9.86169e-12
0.244	-7.44009e-12
0.245	-4.94689e-12
0.246	-2.40902e-12
0.247	1.46274e-13
0.248	2.69186e-12
0.249	5.20094e-12
0.25	7.6473e-12
0.251	1.00056e-11
0.252	1.22518e-11
0.253	1.4363e-11
0.254	1.63179e-11
0.255	1.80973e-11
0.256	1.96836e-11
0.257	2.10616e-11
0.258	2.22182e-11
0.259	2.31429e-11
0.26	2.38273e-11
0.261	2.42658e-11
0.262	2.44552e-11
0.263	2.43951e-11
0.264	2.40874e-11
0.265	2.35364e-11
0.266	2.2749e-11
0.267	2.17345e-11
0.268	2.05043e-11
0.269	1.90716e-11
0.27	1.74521e-11
0.271	1.56627e-11
0.272	1.37222e-11
0.273	1.16506e-11
0.274	9.46909e-12
0.275	7.1998e-12
0.276	4.86551e-12
0.277	2.48959e-12
0.278	9.55303e-14
0.279	-2.29312e-12
0.28	-4.65302e-12
0.281	-6.96131e-12
0.282	-9.19576e-12
0.283	-1.1335e-11
0.284	-1.33588e-11
0.285	-1.52481e-11
0.286	-1.69853e-11
0.287	-1.85543e-11
0.288	-1.99409e-11
0.289	-2.11326e-11
0.29	-2.21189e-11
0.291	-2.28914e-11
0.292	-2.34435e-11
0.293	-2.3771e-11
0.294	-2.38719e-11
0.295	-2.37461e-11
0.296	-2.33959e-11
0.297	-2.28255e-11
0.298	-2.20412e-11
0.299	-2.10513e-11
0.3	-1.98661e-11
0.301	-1.84973e-11
0.302	-1.69587e-11
0.303	-1.52651e-11
0.304	-1.34332e-11
0.305	-1.14803e-11
0.306	-9.42521e-12
0.307	-7.28731e-12
0.308	-5.08666e-12
0.309	-2.84385e-12
0.31	-5.79695e-13
0.311	1.68493e-12
0.312	3.92925e-12
0.313	6.13275e-12
0.314	8.27548e-12
0.315	1.03381e-11
0.316	1.23021e-11
0.317	1.41501e-11
0.318	1.58656e-11
0.319	1.74337e-11
0.32	1.88406e-11
0.321	2.00744e-11
0.322	2.11244e-11
0.323	2.19818e-11
0.324	2.26398e-11
0.325	2.3093e-11
0.326	2.33382e-11
0.327	2.33739e-11
0.328	2.32005e-11
0.329	2.28202e-11
0.33	2.22373e-11
0.331	2.14575e-11
0.332	2.04885e-11
0.333	1.93395e-11
0.334	1.80212e-11
0.335	1.65459e-11
0.336	1.49271e-11
0.337	1.31796e-11
0.338	1.13191e-11
0.339	9.36232e-12
0.34	7.32677e-12
0.341	5.23052e-12
0.342	3.09209e-12
0.343	9.30292e-13
0.344	-1.23596e-12
0.345	-3.38775e-12
0.346	-5.50644e-12
0.347	-7.57371e-12
0.348	-9.57181e-12
0.349	-1.14836e-11
0.35	-1.32928e-11
0.351	-1.49842e-11
0.352	-1.65434e-11
0.353	-1.79574e-11
0.354	-1.92145e-11
0.355	-2.03043e-11
0.356	-2.12179e-11
0.357	-2.1948e-11
0.358	-2.24888e-11
0.359	-2.28364e-11
0.36	-2.29881e-11
0.361	-2.29433e-11
0.362	-2.27029e-11
0.363	-2.22694e-11
0.364	-2.1647e-11
0.365	-2.08416e-11
0.366	-1.98604e-11
0.367	-1.87122e-11
0.368	-1.74072e-11
0.369	-1.59567e-11
0.37	-1.43733e-11
0.371	-1.26709e-11
0.372	-1.08639e-11
0.373	-8.96784e-12
0.374	-6.9989e-12
0.375	-4.97375e-12
0.376	-2.9095e-12
0.377	-8.23536e-13
0.378	1.26663e-12
0.379	3.34353e-12
0.38	5.38984e-12
0.381	7.38859e-12
0.382	9.3232e-12
0.383	1.11777e-11
0.384	1.2937e-11
0.385	1.45865e-11
0.386	1.61128e-11
0.387	1.75035e-11
0.388	1.87475e-11
0.389	1.98347e-11
0.39	2.07565e-11
0.391	2.15055e-11
0.392	2.20761e-11
0.393	2.24637e-11
0.394	2.26657e-11
0.395	2.26808e-11
0.396	2.25091e-11
0.397	2.21524e-11
0.398	2.16141e-11
0.399	2.08989e-11
0.4	2.00129e-11
0.401	1.89639e-11
0.402	1.77606e-11
0.403	1.64131e-11
0.404	1.49328e-11
0.405	1.3332e-11
0.406	1.16239e-11
0.407	9.82257e-12
0.408	7.94293e-12
0.409	6.0004e-12
0.41	4.0108e-12
0.411	1.99044e-12
0.412	-4.42509e-14
0.413	-2.07675e-12
0.414	-4.09061e-12
0.415	-6.06952e-12
0.416	-7.99754e-12
0.417	-9.85913e-12
0.418	-1.16394e-11
0.419	-1.3324e-11
0.42	-1.48996e-11
0.421	-1.63536e-11
0.422	-1.76744e-11
0.423	-1.88517e-11
0.424	-1.98761e-11
0.425	-2.07396e-11
0.426	-2.14354e-11
0.427	-2.19584e-11
0.428	-2.23044e-11
0.429	-2.24709e-11
0.43	-2.24568e-11
0.431	-2.22625e-11
0.432	-2.18898e-11
0.433	-2.13418e-11
0.434	-2.06232e-11
0.435	-1.97399e-11
0.436	-1.86993e-11
0.437	-1.75096e-11
0.438	-1.61808e-11
0.439	-1.47235e-11
0.44	-1.31494e-11
0.441	-1.14714e-11
0.442	-9.70278e-12
0.443	-7.85781e-12
0.444	-5.95126e-12
0.445	-3.99837e-12
0.446	-2.01472e-12
0.447	-1.60953e-14
0.448	1.9816e-12
0.449	3.96247e-12
0.45	5.91083e-12
0.451	7.81124e-12
0.452	9.64864e-12
0.453	1.14085e-11
0.454	1.3077e-11
0.455	1.4641e-11
0.456	1.6088e-11
0.457	1.74069e-11
0.458	1.85872e-11
0.459	1.96197e-11
0.46	2.04964e-11
0.461	2.12104e-11
0.462	2.17561e-11
0.463	2.21295e-11
0.464	2.23277e-11
0.465	2.23492e-11
0.466	2.21939e-11
0.467	2.18632e-11
0.468	2.13599e-11
0.469	2.06879e-11
0.47	1.98528e-11
0.471	1.8861e-11
0.472	1.77207e-11
0.473	1.64408e-11
0.474	1.50315e-11
0.475	1.35039e-11
0.476	1.18702e-11
0.477	1.01433e-11
0.478	8.33677e-12
0.479	6.46491e-12
0.48	4.54247e-12
0.481	2.58463e-12
0.482	6.0678e-13
0.483	-1.37549e-12
0.484	-3.34658e-12
0.485	-5.29101e-12
0.486	-7.19348e-12
0.487	-9.03901e-12
0.488	-1.08131e-11
0.489	-1.25019e-11
0.49	-1.40921e-11
0.491	-1.55711e-11
0.492	-1.69275e-11
0.493	-1.81504e-11
0.494	-1.92305e-11
0.495	-2.01591e-11
0.496	-2.0929e-11
0.497	-2.15341e-11
0.498	-2.19698e-11
0.499	-2.22326e-11
0.5	-2.23204e-11
0.501	-2.22325e-11
0.502	-2.19696e-11
0.503	-2.15339e-11
0.504	-2.09286e-11
0.505	-2.01586e-11
0.506	-1.92299e-11
0.507	-1.81498e-11
0.508	-1.69268e-11
0.509	-1.55704e-11
0.51	-1.40912e-11
0.511	-1.2501e-11
0.512	-1.08122e-11
0.513	-9.03803e-12
0.514	-7.19245e-12
0.515	-5.28996e-12
0.516	-3.34551e-12
0.517	-1.37441e-12
0.518	6.07882e-13
0.519	2.58572e-12
0.52	4.54357e-12
0.521	6.466e-12
0.522	8.33784e-12
0.523	1.01443e-11
0.524	1.18712e-11
0.525	1.35049e-11
0.526	1.50324e-11
0.527	1.64416e-11
0.528	1.77215e-11
0.529	1.88617e-11
0.53	1.98534e-11
0.531	2.06885e-11
0.532	2.13603e-11
0.533	2.18636e-11
0.534	2.21942e-11
0.535	2.23493e-11
0.536	2.23278e-11
0.537	2.21295e-11
0.538	2.17561e-11
0.539	2.12102e-11
0.54	2.04961e-11
0.541	1.96194e-11
0.542	1.85868e-11
0.543	1.74064e-11
0.544	1.60874e-11
0.545	1.46403e-11
0.546	1.30762e-11
0.547	1.14077e-11
0.548	9.64775e-12
0.549	7.81029e-12
0.55	5.90983e-12
0.551	3.96144e-12
0.552	1.98054e-12
0.553	-1.71714e-14
0.554	-2.01581e-12
0.555	-3.99948e-12
0.556	-5.95238e-12
0.557	-7.85892e-12
0.558	-9.70385e-12
0.559	-1.14724e-11
0.56	-1.31505e-11
0.561	-1.47245e-11
0.562	-1.61817e-11
0.563	-1.75105e-11
0.564	-1.87001e-11
0.565	-1.97407e-11
0.566	-2.06239e-11
0.567	-2.13424e-11
0.568	-2.18903e-11
0.569	-2.22629e-11
0.57	-2.24572e-11
0.571	-2.24711e-11
0.572	-2.23045e-11
0.573	-2.19584e-11
0.574	-2.14354e-11
0.575	-2.07394e-11
0.576	-1.98758e-11
0.577	-1.88514e-11
0.578	-1.7674e-11
0.579	-1.63531e-11
0.58	-1.4899e-11
0.581	-1.33234e-11
0.582	-1.16386e-11
0.583	-9.85831e-12
0.584	-7.99663e-12
0.585	-6.06856e-12
0.586	-4.0896e-12
0.587	-2.0757e-12
0.588	-4.31527e-14
0.589	1.99157e-12
0.59	4.01194e-12
0.591	6.00155e-12
0.592	7.9441e-12
0.593	9.82372e-12
0.594	1.1625e-11
0.595	1.33331e-11
0.596	1.49339e-11
0.597	1.64142e-11
0.598	1.77616e-11
0.599	1.89648e-11
0.6	2.00138e-11
0.601	2.08997e-11
0.602	2.16148e-11
0.603	2.21531e-11
0.604	2.25097e-11
0.605	2.26813e-11
0.606	2.26662e-11
0.607	2.24641e-11
0.608	2.20763e-11
0.609	2.15057e-11
0.61	2.07565e-11
0.611	1.98346e-11
0.612	1.87473e-11
0.613	1.75033e-11
0.614	1.61124e-11
0.615	1.4586e-11
0.616	1.29364e-11
0.617	1.11771e-11
0.618	9.32249e-12
0.619	7.3878e-12
0.62	5.38899e-12
0.621	3.3426e-12
0.622	1.26564e-12
0.623	-8.24564e-13
0.624	-2.91057e-12
0.625	-4.97485e-12
0.626	-7.00004e-12
0.627	-8.969e-12
0.628	-1.08651e-11
0.629	-1.2672e-11
0.63	-1.43745e-11
0.631	-1.59578e-11
0.632	-1.74083e-11
0.633	-1.87133e-11
0.634	-1.98615e-11
0.635	-2.08426e-11
0.636	-2.1648e-11
0.637	-2.22702e-11
0.638	-2.27036e-11
0.639	-2.2944e-11
0.64	-2.29887e-11
0.641	-2.28369e-11
0.642	-2.24892e-11
0.643	-2.19483e-11
0.644	-2.12181e-11
0.645	-2.03044e-11
0.646	-1.92145e-11
0.647	-1.79573e-11
0.648	-1.65432e-11
0.649	-1.49839e-11
0.65	-1.32924e-11
0.651	-1.14831e-11
0.652	-9.5712e-12
0.653	-7.57303e-12
0.654	-5.50565e-12
0.655	-3.38689e-12
0.656	-1.23502e-12
0.657	9.31278e-13
0.658	3.09313e-12
0.659	5.23161e-12
0.66	7.32789e-12
0.661	9.36348e-12
0.662	1.13203e-11
0.663	1.31808e-11
0.664	1.49283e-11
0.665	1.65471e-11
0.666	1.80224e-11
0.667	1.93406e-11
0.668	2.04896e-11
0.669	2.14586e-11
0.67	2.22383e-11
0.671	2.28212e-11
0.672	2.32013e-11
0.673	2.33747e-11
0.674	2.33389e-11
0.675	2.30936e-11
0.676	2.26403e-11
0.677	2.19822e-11
0.678	2.11247e-11
0.679	2.00746e-11
0.68	1.88407e-11
0.681	1.74337e-11
0.682	1.58655e-11
0.683	1.41499e-11
0.684	1.23018e-11
0.685	1.03377e-11
0.686	8.27492e-12
0.687	6.13208e-12
0.688	3.92847e-12
0.689	1.68408e-12
0.69	-5.80627e-13
0.691	-2.84486e-12
0.692	-5.08774e-12
0.693	-7.28844e-12
0.694	-9.42642e-12
0.695	-1.14815e-11
0.696	-1.34344e-11
0.697	-1.52664e-11
0.698	-1.696e-11
0.699	-1.84986e-11
0.7	-1.98674e-11
0.701	-2.10526e-11
0.702	-2.20424e-11
0.703	-2.28266e-11
0.704	-2.3397e-11
0.705	-2.37471e-11
0.706	-2.38729e-11
0.707	-2.37719e-11
0.708	-2.34443e-11
0.709	-2.28921e-11
0.71	-2.21195e-11
0.711	-2.11331e-11
0.712	-1.99413e-11
0.713	-1.85546e-11
0.714	-1.69854e-11
0.715	-1.52481e-11
0.716	-1.33587e-11
0.717	-1.13348e-11
0.718	-9.19541e-12
0.719	-6.96085e-12
0.72	-4.65245e-12
0.721	-2.29244e-12
0.722	9.6319e-14
0.723	2.49047e-12
0.724	4.8665e-12
0.725	7.20083e-12
0.726	9.47021e-12
0.727	1.16518e-11
0.728	1.37234e-11
0.729	1.5664e-11
0.73	1.74534e-11
0.731	1.9073e-11
0.732	2.05056e-11
0.733	2.17359e-11
0.734	2.27503e-11
0.735	2.35376e-11
0.736	2.40886e-11
0.737	2.43963e-11
0.738	2.44563e-11
0.739	2.42668e-11
0.74	2.38282e-11
0.741	2.31437e-11
0.742	2.2219e-11
0.743	2.10622e-11
0.744	1.96841e-11
0.745	1.80977e-11
0.746	1.63182e-11
0.747	1.43631e-11
0.748	1.22518e-11
0.749	1.00055e-11
0.75	7.64703e-12
0.751	5.20052e-12
0.752	2.69134e-12
0.753	1.45612e-13
0.754	-2.4098e-12
0.755	-4.94776e-12
0.756	-7.44109e-12
0.757	-9.86276e-12
0.758	-1.21864e-11
0.759	-1.43862e-11
0.76	-1.64378e-11
0.761	-1.8318e-11
0.762	-2.00051e-11
0.763	-2.14796e-11
0.764	-2.27239e-11
0.765	-2.37228e-11
0.766	-2.44636e-11
0.767	-2.49363e-11
0.768	-2.51338e-11
0.769	-2.50519e-11
0.77	-2.46894e-11
0.771	-2.40481e-11
0.772	-2.31331e-11
0.773	-2.19522e-11
0.774	-2.05165e-11
0.775	-1.88399e-11
0.776	-1.69389e-11
0.777	-1.48327e-11
0.778	-1.25429e-11
0.779	-1.00932e-11
0.78	-7.50918e-12
0.781	-4.81783e-12
0.782	-2.0475e-12
0.783	7.72701e-13
0.784	3.61315e-12
0.785	6.44423e-12
0.786	9.23669e-12
0.787	1.19621e-11
0.788	1.45935e-11
0.789	1.71056e-11
0.79	1.94753e-11
0.791	2.16825e-11
0.792	2.37104e-11
0.793	2.5546e-11
0.794	2.71807e-11
0.795	2.86107e-11
0.796	2.98378e-11
0.797	3.087e-11
0.798	3.17217e-11
0.799	3.24148e-11
0.8	3.2979e-11
0.801	3.34528e-11
0.802	3.38841e-11
0.803	3.43312e-11
0.804	3.48635e-11
0.805	3.55628e-11
0.806	3.65246e-11
0.807	3.78593e-11
0.808	3.96938e-11
0.809	4.21737e-11
0.81	4.54652e-11
0.811	4.97578e-11
0.812	5.52673e-11
0.813	6.22393e-11
0.814	7.09533e-11
0.815	8.17278e-11
0.816	9.49253e-11
0.817	1.1096e-10
0.818	1.30304e-10
0.819	1.53497e-10
0.82	1.81158e-10
0.821	2.13995e-10
0.822	2.52821e-10
0.823	2.98568e-10
0.824	3.52308e-10
0.825	4.15275e-10
0.826	4.88888e-10
0.827	5.7478e-10
0.828	6.74833e-10
0.829	7.91216e-10
0.83	9.26427e-10
0.831	1.08334e-09
0.832	1.26529e-09
0.833	1.47608e-09
0.834	1.72013e-09
0.835	2.0025e-09
0.836	2.32904e-09
0.837	2.70648e-09
0.838	3.14255e-09
0.839	3.64616e-09
0.84	4.22755e-09
0.841	4.89846e-09
0.842	5.67244e-09
0.843	6.56499e-09
0.844	7.59393e-09
0.845	8.77971e-09
0.846	1.01458e-08
0.847	1.1719e-08
0.848	1.35302e-08
0.849	1.56145e-08
0.85	1.80125e-08
0.851	2.07703e-08
0.852	2.39408e-08
0.853	2.75844e-08
0.854	3.17702e-08
0.855	3.65772e-08
0.856	4.20954e-08
0.857	4.84277e-08
0.858	5.56916e-08
0.859	6.40211e-08
0.86	7.35688e-08
0.861	8.45088e-08
0.862	9.70396e-08
0.863	1.11387e-07
0.864	1.27808e-07
0.865	1.46597e-07
0.866	1.68085e-07
0.867	1.92651e-07
0.868	2.20728e-07
0.869	2.52804e-07
0.87	2.89436e-07
0.871	3.31255e-07
0.872	3.7898e-07
0.873	4.33424e-07
0.874	4.95512e-07
0.875	5.66292e-07
0.876	6.46952e-07
0.877	7.3884e-07
0.878	8.43482e-07
0.879	9.62606e-07
0.88	1.09817e-06
0.881	1.2524e-06
0.882	1.42778e-06
0.883	1.62718e-06
0.884	1.85378e-06
0.885	2.11123e-06
0.886	2.40361e-06
0.887	2.73557e-06
0.888	3.11234e-06
0.889	3.53982e-06
0.89	4.02468e-06
0.891	4.57445e-06
0.892	5.19762e-06
0.893	5.90377e-06
0.894	6.70367e-06
0.895	7.6095e-06
0.896	8.63497e-06
0.897	9.7955e-06
0.898	1.11085e-05
0.899	1.25935e-05
0.9	1.42725e-05
0.901	1.61703e-05
0.902	1.83148e-05
0.903	2.07373e-05
0.904	2.3473e-05
0.905	2.65614e-05
0.906	3.0047e-05
0.907	3.39798e-05
0.908	3.84156e-05
0.909	4.34175e-05
0.91	4.9056e-05
0.911	5.54103e-05
0.912	6.25692e-05
0.913	7.06321e-05
0.914	7.97107e-05
0.915	8.993e-05
0.916	0.00010143
0.917	0.000114367
0.918	0.000128918
0.919	0.000145278
0.92	0.000163668
0.921	0.000184334
0.922	0.00020755
0.923	0.000233624
0.924	0.000262901
0.925	0.000295765
0.926	0.000332644
0.927	0.000374019
0.928	0.000420425
0.929	0.000472459
0.93	0.00053079
0.931	0.000596161
0.932	0.000669402
0.933	0.000751441
0.934	0.000843308
0.935	0.000946156
0.936	0.00106127
0.937	0.00119007
0.938	0.00133415
0.939	0.00149529
0.94	0.00167546
0.941	0.00187685
0.942	0.00210191
0.943	0.00235335
0.944	0.0026342
0.945	0.00294782
0.946	0.00329794
0.947	0.00368872
0.948	0.00412478
0.949	0.00461123
0.95	0.00515378
0.951	0.00575873
0.952	0.00643312
0.953	0.00718472
0.954	0.00802218
0.955	0.00895508
0.956	0.00999406
0.957	0.0111509
0.958	0.0124387
0.959	0.0138718
0.96	0.0154665
0.961	0.0172403
0.962	0.0192131
0.963	0.0214067
0.964	0.0238451
0.965	0.0265551
0.966	0.0295662
0.967	0.0329112
0.968	0.0366262
0.969	0.0407513
0.97	0.0453307
0.971	0.0504133
0.972	0.0560531
0.973	0.0623099
0.974	0.0692495
0.975	0.076945
0.976	0.0854766
0.977	0.0949333
0.978	0.105413
0.979	0.117024
0.98	0.129886
0.981	0.14413
0.982	0.159901
0.983	0.17736
0.984	0.196683
0.985	0.218065
0.986	0.24172
0.987	0.267885
0.988	0.296818
0.989	0.328808
0.99	0.36417
0.991	0.40325
0.992	0.446432
0.993	0.494135
0.994	0.546824
0.995	0.605006
0.996	0.669243
0.997	0.740149
0.998	0.818402
0.999	0.904747
