# Interpolation data for function: (2*x-1)^50
0	1
0.001	0.904747
0.002	0.818402
0.003	0.740149
0.004	0.669243
0.005	0.605006
0.006	0.546824
0.007	0.494135
0.008	0.446432
0.009	0.40325
0.01	0.36417
0.011	0.328808
0.012	0.296818
0.013	0.267885
0.014	0.24172
0.015	0.218065
0.016	0.196683
0.017	0.17736
0.018	0.159901
0.019	0.14413
0.02	0.129886
0.021	0.117024
0.022	0.105413
0.023	0.0949333
0.024	0.0854766
0.025	0.076945
0.026	0.0692495
0.027	0.0623099
0.028	0.0560531
0.029	0.0504133
0.03	0.0453307
0.031	0.0407513
0.032	0.0366262
0.033	0.0329112
0.034	0.0295662
0.035	0.0265551
0.036	0.0238451
0.037	0.0214067
0.038	0.0192131
0.039	0.0172403
0.04	0.0154665
0.041	0.0138718
0.042	0.0124387
0.043	0.0111509
0.044	0.00999406
0.045	0.00895508
0.046	0.00802218
0.047	0.00718472
0.048	0.00643312
0.049	0.00575873
0.05	0.00515378
0.051	0.00461123
0.052	0.00412478
0.053	0.00368872
0.054	0.00329794
0.055	0.00294782
0.056	0.0026342
0.057	0.00235335
0.058	0.00210191
0.059	0.00187685
0.06	0.00167546
0.061	0.00149529
0.062	0.00133415
0.063	0.00119007
0.064	0.00106127
0.065	0.000946156
0.066	0.000843308
0.067	0.000751441
0.068	0.000669402
0.069	0.000596161
0.07	0.00053079
0.071	0.000472459
0.072	0.000420425
0.073	0.000374019
0.074	0.000332644
0.075	0.000295765
0.076	0.000262901
0.077	0.000233624
0.078	0.00020755
0.079	0.000184334
0.08	0.000163668
0.081	0.000145278
0.082	0.000128918
0.083	0.000114367
0.084	0.00010143
0.085	8.993e-05
0.086	7.97107e-05
0.087	7.06321e-05
0.088	6.25692e-05
0.089	5.54103e-05
0.09	4.90561e-05
0.091	4.34175e-05
0.092	3.84156e-05
0.093	3.39798e-05
0.094	3.0047e-05
0.095	2.65614e-05
0.096	2.3473e-05
0.097	2.07373e-05
0.098	1.83148e-05
0.099	1.61703e-05
0.1	1.42725e-05
0.101	1.25934e-05
0.102	1.11084e-05
0.103	9.79547e-06
0.104	8.63494e-06
0.105	7.60947e-06
0.106	6.70364e-06
0.107	5.90374e-06
0.108	5.1976e-06
0.109	4.57444e-06
0.11	4.02467e-06
0.111	3.53981e-06
0.112	3.11233e-06
0.113	2.73557e-06
0.114	2.40362e-06
0.115	2.11123e-06
0.116	1.85379e-06
0.117	1.62719e-06
0.118	1.4278e-06
0.119	1.25242e-06
0.12	1.0982e-06
0.121	9.62632e-07
0.122	8.43509e-07
0.123	7.38869e-07
0.124	6.46982e-07
0.125	5.66322e-07
0.126	4.95541e-07
0.127	4.33452e-07
0.128	3.79007e-07
0.129	3.3128e-07
0.13	2.89458e-07
0.131	2.52824e-07
0.132	2.20745e-07
0.133	1.92665e-07
0.134	1.68095e-07
0.135	1.46603e-07
0.136	1.27811e-07
0.137	1.11386e-07
0.138	9.7035e-08
0.139	8.45006e-08
0.14	7.35571e-08
0.141	6.40062e-08
0.142	5.56738e-08
0.143	4.84073e-08
0.144	4.20726e-08
0.145	3.65525e-08
0.146	3.17441e-08
0.147	2.75572e-08
0.148	2.39129e-08
0.149	2.07422e-08
0.15	1.79846e-08
0.151	1.55873e-08
0.152	1.3504e-08
0.153	1.16943e-08
0.154	1.01229e-08
0.155	8.75899e-09
0.156	7.57568e-09
0.157	6.54946e-09
0.158	5.65985e-09
0.159	4.88898e-09
0.16	4.22129e-09
0.161	3.64321e-09
0.162	3.14293e-09
0.163	2.71016e-09
0.164	2.33595e-09
0.165	2.01252e-09
0.166	1.7331e-09
0.167	1.4918e-09
0.168	1.28352e-09
0.169	1.10382e-09
0.17	9.4885e-10
0.171	8.1526e-10
0.172	7.00155e-10
0.173	6.01022e-10
0.174	5.15684e-10
0.175	4.42255e-10
0.176	3.79102e-10
0.177	3.24812e-10
0.178	2.78164e-10
0.179	2.38101e-10
0.18	2.03709e-10
0.181	1.74199e-10
0.182	1.48892e-10
0.183	1.27197e-10
0.184	1.0861e-10
0.185	9.26926e-11
0.186	7.9068e-11
0.187	6.74116e-11
0.188	5.74442e-11
0.189	4.89254e-11
0.19	4.16481e-11
0.191	3.54348e-11
0.192	3.01324e-11
0.193	2.56098e-11
0.194	2.17542e-11
0.195	1.84691e-11
0.196	1.56715e-11
0.197	1.32903e-11
0.198	1.12647e-11
0.199	9.54234e-12
0.2	8.07876e-12
0.201	6.83574e-12
0.202	5.78063e-12
0.203	4.88554e-12
0.204	4.12663e-12
0.205	3.48355e-12
0.206	2.93894e-12
0.207	2.47805e-12
0.208	2.0882e-12
0.209	1.75867e-12
0.21	1.48029e-12
0.211	1.24529e-12
0.212	1.04704e-12
0.213	8.79909e-13
0.214	7.39107e-13
0.215	6.20577e-13
0.216	5.20875e-13
0.217	4.37022e-13
0.218	3.66626e-13
0.219	3.0749e-13
0.22	2.57932e-13
0.221	2.16361e-13
0.222	1.81531e-13
0.223	1.5236e-13
0.224	1.27956e-13
0.225	1.07555e-13
0.226	9.04768e-14
0.227	7.61753e-14
0.228	6.42298e-14
0.229	5.42085e-14
0.23	4.5824e-14
0.231	3.87827e-14
0.232	3.28518e-14
0.233	2.78608e-14
0.234	2.36334e-14
0.235	2.00333e-14
0.236	1.69628e-14
0.237	1.43246e-14
0.238	1.20602e-14
0.239	1.00661e-14
0.24	8.35522e-15
0.241	6.81049e-15
0.242	5.46702e-15
0.243	4.26514e-15
0.244	3.19524e-15
0.245	2.21219e-15
0.246	1.34454e-15
0.247	5.55423e-16
0.248	-1.56568e-16
0.249	-7.90371e-16
0.25	-1.35216e-15
0.251	-1.8579e-15
0.252	-2.28919e-15
0.253	-2.66687e-15
0.254	-2.96702e-15
0.255	-3.22357e-15
0.256	-3.4085e-15
0.257	-3.54188e-15
0.258	-3.64403e-15
0.259	-3.64125e-15
0.26	-3.61181e-15
0.261	-3.52627e-15
0.262	-3.41855e-15
0.263	-3.23435e-15
0.264	-3.0145e-15
0.265	-2.77048e-15
0.266	-2.47864e-15
0.267	-2.16377e-15
0.268	-1.82365e-15
0.269	-1.47613e-15
0.27	-1.08995e-15
0.271	-6.83251e-16
0.272	-2.94435e-16
0.273	9.73009e-17
0.274	4.86879e-16
0.275	8.8076e-16
0.276	1.22543e-15
0.277	1.58643e-15
0.278	1.92525e-15
0.279	2.23466e-15
0.28	2.5184e-15
0.281	2.75977e-15
0.282	2.96967e-15
0.283	3.15346e-15
0.284	3.2916e-15
0.285	3.39271e-15
0.286	3.44016e-15
0.287	3.46995e-15
0.288	3.44624e-15
0.289	3.39197e-15
0.29	3.29289e-15
0.291	3.14859e-15
0.292	2.96966e-15
0.293	2.7805e-15
0.294	2.52849e-15
0.295	2.27366e-15
0.296	1.99117e-15
0.297	1.68207e-15
0.298	1.35435e-15
0.299	1.02529e-15
0.3	6.79004e-16
0.301	3.19861e-16
0.302	-3.62249e-17
0.303	-3.8276e-16
0.304	-7.24162e-16
0.305	-1.04871e-15
0.306	-1.37071e-15
0.307	-1.67639e-15
0.308	-1.94924e-15
0.309	-2.2101e-15
0.31	-2.44737e-15
0.311	-2.65262e-15
0.312	-2.80694e-15
0.313	-2.95516e-15
0.314	-3.0587e-15
0.315	-3.12701e-15
0.316	-3.16548e-15
0.317	-3.16497e-15
0.318	-3.12589e-15
0.319	-3.05693e-15
0.32	-2.96149e-15
0.321	-2.82052e-15
0.322	-2.65631e-15
0.323	-2.45951e-15
0.324	-2.25059e-15
0.325	-2.00475e-15
0.326	-1.74515e-15
0.327	-1.47947e-15
0.328	-1.17869e-15
0.329	-8.72965e-16
0.33	-5.53428e-16
0.331	-2.46934e-16
0.332	5.65764e-17
0.333	3.91227e-16
0.334	6.9722e-16
0.335	1.00371e-15
0.336	1.28951e-15
0.337	1.54992e-15
0.338	1.8118e-15
0.339	2.04896e-15
0.34	2.26208e-15
0.341	2.44835e-15
0.342	2.61137e-15
0.343	2.74063e-15
0.344	2.83245e-15
0.345	2.91057e-15
0.346	2.95257e-15
0.347	2.96768e-15
0.348	2.94347e-15
0.349	2.89155e-15
0.35	2.81019e-15
0.351	2.71166e-15
0.352	2.57094e-15
0.353	2.40518e-15
0.354	2.22375e-15
0.355	2.00898e-15
0.356	1.77678e-15
0.357	1.53566e-15
0.358	1.27598e-15
0.359	1.00059e-15
0.36	7.3155e-16
0.361	4.35955e-16
0.362	1.5438e-16
0.363	-1.41945e-16
0.364	-4.34091e-16
0.365	-7.23913e-16
0.366	-9.91785e-16
0.367	-1.24496e-15
0.368	-1.50551e-15
0.369	-1.71761e-15
0.37	-1.94234e-15
0.371	-2.12514e-15
0.372	-2.29972e-15
0.373	-2.43904e-15
0.374	-2.5699e-15
0.375	-2.66596e-15
0.376	-2.72946e-15
0.377	-2.76462e-15
0.378	-2.77043e-15
0.379	-2.7521e-15
0.38	-2.71535e-15
0.381	-2.63662e-15
0.382	-2.54017e-15
0.383	-2.42818e-15
0.384	-2.27044e-15
0.385	-2.08212e-15
0.386	-1.89831e-15
0.387	-1.69225e-15
0.388	-1.47435e-15
0.389	-1.23832e-15
0.39	-9.82602e-16
0.391	-7.21709e-16
0.392	-4.6988e-16
0.393	-1.96518e-16
0.394	8.00759e-17
0.395	3.36629e-16
0.396	6.0259e-16
0.397	8.51593e-16
0.398	1.10908e-15
0.399	1.35109e-15
0.4	1.57282e-15
0.401	1.77495e-15
0.402	1.95943e-15
0.403	2.12899e-15
0.404	2.27794e-15
0.405	2.39417e-15
0.406	2.48554e-15
0.407	2.56279e-15
0.408	2.60942e-15
0.409	2.64788e-15
0.41	2.63125e-15
0.411	2.60051e-15
0.412	2.55193e-15
0.413	2.47824e-15
0.414	2.36825e-15
0.415	2.24286e-15
0.416	2.09215e-15
0.417	1.94021e-15
0.418	1.74786e-15
0.419	1.54606e-15
0.42	1.3332e-15
0.421	1.09965e-15
0.422	8.64224e-16
0.423	6.1497e-16
0.424	3.51751e-16
0.425	1.05945e-16
0.426	-1.47564e-16
0.427	-4.05242e-16
0.428	-6.47859e-16
0.429	-8.89817e-16
0.43	-1.11302e-15
0.431	-1.34415e-15
0.432	-1.55216e-15
0.433	-1.74487e-15
0.434	-1.9177e-15
0.435	-2.07622e-15
0.436	-2.21605e-15
0.437	-2.32148e-15
0.438	-2.41035e-15
0.439	-2.48731e-15
0.44	-2.52653e-15
0.441	-2.547e-15
0.442	-2.5504e-15
0.443	-2.50857e-15
0.444	-2.45765e-15
0.445	-2.38202e-15
0.446	-2.29102e-15
0.447	-2.17391e-15
0.448	-2.02176e-15
0.449	-1.87119e-15
0.45	-1.68955e-15
0.451	-1.49055e-15
0.452	-1.28785e-15
0.453	-1.06244e-15
0.454	-8.4201e-16
0.455	-6.02104e-16
0.456	-3.70478e-16
0.457	-1.26093e-16
0.458	1.28319e-16
0.459	3.67033e-16
0.46	6.09364e-16
0.461	8.37272e-16
0.462	1.06257e-15
0.463	1.2646e-15
0.464	1.47791e-15
0.465	1.66481e-15
0.466	1.83108e-15
0.467	1.99426e-15
0.468	2.12359e-15
0.469	2.24336e-15
0.47	2.33187e-15
0.471	2.39412e-15
0.472	2.44525e-15
0.473	2.48585e-15
0.474	2.47978e-15
0.475	2.44635e-15
0.476	2.40749e-15
0.477	2.33327e-15
0.478	2.23755e-15
0.479	2.12321e-15
0.48	1.98409e-15
0.481	1.84502e-15
0.482	1.67544e-15
0.483	1.5008e-15
0.484	1.31e-15
0.485	1.09639e-15
0.486	8.74545e-16
0.487	6.53929e-16
0.488	4.21922e-16
0.489	1.74609e-16
0.49	-6.80181e-17
0.491	-2.76414e-16
0.492	-5.4463e-16
0.493	-7.6099e-16
0.494	-9.81448e-16
0.495	-1.19567e-15
0.496	-1.36935e-15
0.497	-1.55953e-15
0.498	-1.75234e-15
0.499	-1.89337e-15
0.5	-2.03668e-15
0.501	-2.14615e-15
0.502	-2.25221e-15
0.503	-2.31181e-15
0.504	-2.37061e-15
0.505	-2.39778e-15
0.506	-2.39369e-15
0.507	-2.38808e-15
0.508	-2.35739e-15
0.509	-2.30611e-15
0.51	-2.20954e-15
0.511	-2.09088e-15
0.512	-1.97723e-15
0.513	-1.82807e-15
0.514	-1.6672e-15
0.515	-1.49071e-15
0.516	-1.3031e-15
0.517	-1.11325e-15
0.518	-8.93413e-16
0.519	-6.80703e-16
0.52	-4.43424e-16
0.521	-2.00745e-16
0.522	3.63897e-17
0.523	2.66696e-16
0.524	4.9428e-16
0.525	7.22257e-16
0.526	9.38221e-16
0.527	1.1541e-15
0.528	1.35535e-15
0.529	1.52181e-15
0.53	1.71052e-15
0.531	1.85901e-15
0.532	2.01085e-15
0.533	2.12135e-15
0.534	2.21248e-15
0.535	2.2924e-15
0.536	2.36029e-15
0.537	2.37907e-15
0.538	2.39754e-15
0.539	2.37276e-15
0.54	2.34661e-15
0.541	2.29245e-15
0.542	2.21192e-15
0.543	2.10494e-15
0.544	1.98553e-15
0.545	1.85386e-15
0.546	1.69375e-15
0.547	1.51573e-15
0.548	1.33383e-15
0.549	1.12408e-15
0.55	8.99732e-16
0.551	6.87379e-16
0.552	4.60357e-16
0.553	2.31385e-16
0.554	8.14142e-19
0.555	-2.35215e-16
0.556	-4.77689e-16
0.557	-7.08041e-16
0.558	-9.1232e-16
0.559	-1.14337e-15
0.56	-1.33085e-15
0.561	-1.52463e-15
0.562	-1.69499e-15
0.563	-1.85791e-15
0.564	-1.9918e-15
0.565	-2.10515e-15
0.566	-2.22028e-15
0.567	-2.28146e-15
0.568	-2.34945e-15
0.569	-2.38485e-15
0.57	-2.39683e-15
0.571	-2.37116e-15
0.572	-2.32008e-15
0.573	-2.27403e-15
0.574	-2.19556e-15
0.575	-2.09497e-15
0.576	-1.96284e-15
0.577	-1.82852e-15
0.578	-1.6646e-15
0.579	-1.47371e-15
0.58	-1.2907e-15
0.581	-1.08027e-15
0.582	-8.65391e-16
0.583	-6.37504e-16
0.584	-3.94701e-16
0.585	-1.57291e-16
0.586	7.43345e-17
0.587	3.15848e-16
0.588	5.56536e-16
0.589	7.81437e-16
0.59	9.95679e-16
0.591	1.22317e-15
0.592	1.41969e-15
0.593	1.60389e-15
0.594	1.77952e-15
0.595	1.93222e-15
0.596	2.07557e-15
0.597	2.19422e-15
0.598	2.30265e-15
0.599	2.36233e-15
0.6	2.41745e-15
0.601	2.444e-15
0.602	2.43717e-15
0.603	2.41518e-15
0.604	2.36981e-15
0.605	2.29924e-15
0.606	2.20663e-15
0.607	2.0921e-15
0.608	1.95027e-15
0.609	1.80002e-15
0.61	1.62212e-15
0.611	1.43549e-15
0.612	1.23287e-15
0.613	1.00788e-15
0.614	7.81922e-16
0.615	5.38127e-16
0.616	3.07459e-16
0.617	5.5273e-17
0.618	-1.90653e-16
0.619	-4.2518e-16
0.62	-6.6931e-16
0.621	-9.04676e-16
0.622	-1.14122e-15
0.623	-1.34022e-15
0.624	-1.5445e-15
0.625	-1.72759e-15
0.626	-1.9048e-15
0.627	-2.04148e-15
0.628	-2.18026e-15
0.629	-2.28068e-15
0.63	-2.34644e-15
0.631	-2.4054e-15
0.632	-2.44763e-15
0.633	-2.44945e-15
0.634	-2.43977e-15
0.635	-2.38536e-15
0.636	-2.32626e-15
0.637	-2.22315e-15
0.638	-2.1115e-15
0.639	-1.95826e-15
0.64	-1.80541e-15
0.641	-1.62179e-15
0.642	-1.42217e-15
0.643	-1.21928e-15
0.644	-9.81595e-16
0.645	-7.51263e-16
0.646	-5.05816e-16
0.647	-2.45554e-16
0.648	-6.45354e-20
0.649	2.67063e-16
0.65	5.17267e-16
0.651	7.6396e-16
0.652	1.00374e-15
0.653	1.22644e-15
0.654	1.46275e-15
0.655	1.66153e-15
0.656	1.84684e-15
0.657	2.01457e-15
0.658	2.15994e-15
0.659	2.28329e-15
0.66	2.37154e-15
0.661	2.44985e-15
0.662	2.49571e-15
0.663	2.52652e-15
0.664	2.51538e-15
0.665	2.48106e-15
0.666	2.42036e-15
0.667	2.32135e-15
0.668	2.21307e-15
0.669	2.08194e-15
0.67	1.92104e-15
0.671	1.7295e-15
0.672	1.52744e-15
0.673	1.31018e-15
0.674	1.07552e-15
0.675	8.19583e-16
0.676	5.67515e-16
0.677	3.05953e-16
0.678	3.91682e-17
0.679	-2.30177e-16
0.68	-4.97037e-16
0.681	-7.71484e-16
0.682	-1.02836e-15
0.683	-1.24886e-15
0.684	-1.48638e-15
0.685	-1.70339e-15
0.686	-1.9128e-15
0.687	-2.09704e-15
0.688	-2.25073e-15
0.689	-2.38166e-15
0.69	-2.47896e-15
0.691	-2.54885e-15
0.692	-2.59734e-15
0.693	-2.61903e-15
0.694	-2.61713e-15
0.695	-2.55934e-15
0.696	-2.49068e-15
0.697	-2.38131e-15
0.698	-2.27143e-15
0.699	-2.09362e-15
0.7	-1.93589e-15
0.701	-1.72704e-15
0.702	-1.50014e-15
0.703	-1.25595e-15
0.704	-9.96103e-16
0.705	-7.22451e-16
0.706	-4.61589e-16
0.707	-1.73161e-16
0.708	1.25393e-16
0.709	4.08601e-16
0.71	6.962e-16
0.711	9.68411e-16
0.712	1.24005e-15
0.713	1.47854e-15
0.714	1.72036e-15
0.715	1.92875e-15
0.716	2.12918e-15
0.717	2.29758e-15
0.718	2.43982e-15
0.719	2.54957e-15
0.72	2.63652e-15
0.721	2.68075e-15
0.722	2.70241e-15
0.723	2.68111e-15
0.724	2.6417e-15
0.725	2.55462e-15
0.726	2.45347e-15
0.727	2.29301e-15
0.728	2.13486e-15
0.729	1.93614e-15
0.73	1.70376e-15
0.731	1.47605e-15
0.732	1.20744e-15
0.733	9.38897e-16
0.734	6.42711e-16
0.735	3.51728e-16
0.736	5.51204e-17
0.737	-2.41509e-16
0.738	-5.54545e-16
0.739	-8.26959e-16
0.74	-1.10234e-15
0.741	-1.33891e-15
0.742	-1.58136e-15
0.743	-1.7867e-15
0.744	-1.94637e-15
0.745	-2.06769e-15
0.746	-2.15522e-15
0.747	-2.18745e-15
0.748	-2.16416e-15
0.749	-2.08624e-15
0.75	-1.94589e-15
0.751	-1.74545e-15
0.752	-1.43388e-15
0.753	-1.06843e-15
0.754	-5.83093e-16
0.755	8.47362e-18
0.756	7.0445e-16
0.757	1.56754e-15
0.758	2.55977e-15
0.759	3.76199e-15
0.76	5.16856e-15
0.761	6.79489e-15
0.762	8.73784e-15
0.763	1.1013e-14
0.764	1.3705e-14
0.765	1.68483e-14
0.766	2.05602e-14
0.767	2.49904e-14
0.768	3.01844e-14
0.769	3.63488e-14
0.77	4.36722e-14
0.771	5.23739e-14
0.772	6.27081e-14
0.773	7.50038e-14
0.774	8.96808e-14
0.775	1.07145e-13
0.776	1.27953e-13
0.777	1.52737e-13
0.778	1.82284e-13
0.779	2.17498e-13
0.78	2.59434e-13
0.781	3.09376e-13
0.782	3.68805e-13
0.783	4.39535e-13
0.784	5.23634e-13
0.785	6.23597e-13
0.786	7.42323e-13
0.787	8.83254e-13
0.788	1.0505e-12
0.789	1.24882e-12
0.79	1.48381e-12
0.791	1.76213e-12
0.792	2.09158e-12
0.793	2.48128e-12
0.794	2.94199e-12
0.795	3.48635e-12
0.796	4.12916e-12
0.797	4.88775e-12
0.798	5.78249e-12
0.799	6.83724e-12
0.8	8.07986e-12
0.801	9.543e-12
0.802	1.12649e-11
0.803	1.32901e-11
0.804	1.56709e-11
0.805	1.8468e-11
0.806	2.17527e-11
0.807	2.56078e-11
0.808	3.01301e-11
0.809	3.54321e-11
0.81	4.16452e-11
0.811	4.89221e-11
0.812	5.74408e-11
0.813	6.7408e-11
0.814	7.90642e-11
0.815	9.26889e-11
0.816	1.08606e-10
0.817	1.27194e-10
0.818	1.48888e-10
0.819	1.74196e-10
0.82	2.03706e-10
0.821	2.38098e-10
0.822	2.78162e-10
0.823	3.2481e-10
0.824	3.791e-10
0.825	4.42253e-10
0.826	5.15683e-10
0.827	6.01021e-10
0.828	7.00155e-10
0.829	8.1526e-10
0.83	9.48851e-10
0.831	1.10383e-09
0.832	1.28353e-09
0.833	1.49181e-09
0.834	1.7331e-09
0.835	2.01252e-09
0.836	2.33595e-09
0.837	2.71016e-09
0.838	3.14293e-09
0.839	3.64321e-09
0.84	4.22129e-09
0.841	4.88898e-09
0.842	5.65985e-09
0.843	6.54946e-09
0.844	7.57568e-09
0.845	8.759e-09
0.846	1.01229e-08
0.847	1.16943e-08
0.848	1.3504e-08
0.849	1.55873e-08
0.85	1.79846e-08
0.851	2.07422e-08
0.852	2.39129e-08
0.853	2.75572e-08
0.854	3.17441e-08
0.855	3.65525e-08
0.856	4.20726e-08
0.857	4.84073e-08
0.858	5.56738e-08
0.859	6.40062e-08
0.86	7.35571e-08
0.861	8.45006e-08
0.862	9.7035e-08
0.863	1.11386e-07
0.864	1.27811e-07
0.865	1.46603e-07
0.866	1.68095e-07
0.867	1.92665e-07
0.868	2.20745e-07
0.869	2.52824e-07
0.87	2.89458e-07
0.871	3.3128e-07
0.872	3.79007e-07
0.873	4.33452e-07
0.874	4.95541e-07
0.875	5.66322e-07
0.876	6.46982e-07
0.877	7.38869e-07
0.878	8.43509e-07
0.879	9.62632e-07
0.88	1.0982e-06
0.881	1.25242e-06
0.882	1.4278e-06
0.883	1.62719e-06
0.884	1.85379e-06
0.885	2.11123e-06
0.886	2.40362e-06
0.887	2.73557e-06
0.888	3.11233e-06
0.889	3.53981e-06
0.89	4.02467e-06
0.891	4.57444e-06
0.892	5.1976e-06
0.893	5.90374e-06
0.894	6.70364e-06
0.895	7.60947e-06
0.896	8.63494e-06
0.897	9.79547e-06
0.898	1.11084e-05
0.899	1.25934e-05
0.9	1.42725e-05
0.901	1.61703e-05
0.902	1.83148e-05
0.903	2.07373e-05
0.904	2.3473e-05
0.905	2.65614e-05
0.906	3.0047e-05
0.907	3.39798e-05
0.908	3.84156e-05
0.909	4.34175e-05
0.91	4.90561e-05
0.911	5.54103e-05
0.912	6.25692e-05
0.913	7.06321e-05
0.914	7.97107e-05
0.915	8.993e-05
0.916	0.00010143
0.917	0.000114367
0.918	0.000128918
0.919	0.000145278
0.92	0.000163668
0.921	0.000184334
0.922	0.00020755
0.923	0.000233624
0.924	0.000262901
0.925	0.000295765
0.926	0.000332644
0.927	0.000374019
0.928	0.000420425
0.929	0.000472459
0.93	0.00053079
0.931	0.000596161
0.932	0.000669402
0.933	0.000751441
0.934	0.000843308
0.935	0.000946156
0.936	0.00106127
0.937	0.00119007
0.938	0.00133415
0.939	0.00149529
0.94	0.00167546
0.941	0.00187685
0.942	0.00210191
0.943	0.00235335
0.944	0.0026342
0.945	0.00294782
0.946	0.00329794
0.947	0.00368872
0.948	0.00412478
0.949	0.00461123
0.95	0.00515378
0.951	0.00575873
0.952	0.00643312
0.953	0.00718472
0.954	0.00802218
0.955	0.00895508
0.956	0.00999406
0.957	0.0111509
0.958	0.0124387
0.959	0.0138718
0.96	0.0154665
0.961	0.0172403
0.962	0.0192131
0.963	0.0214067
0.964	0.0238451
0.965	0.0265551
0.966	0.0295662
0.967	0.0329112
0.968	0.0366262
0.969	0.0407513
0.97	0.0453307
0.971	0.0504133
0.972	0.0560531
0.973	0.0623099
0.974	0.0692495
0.975	0.076945
0.976	0.0854766
0.977	0.0949333
0.978	0.105413
0.979	0.117024
0.98	0.129886
0.981	0.14413
0.982	0.159901
0.983	0.17736
0.984	0.196683
0.985	0.218065
0.986	0.24172
0.987	0.267885
0.988	0.296818
0.989	0.328808
0.99	0.36417
0.991	0.40325
0.992	0.446432
0.993	0.494135
0.994	0.546824
0.995	0.605006
0.996	0.669243
0.997	0.740149
0.998	0.818402
0.999	0.904747
