# Interpolation data for function: (2*x-1)^50
0	0.732413
0.001	0.695196
0.002	0.659361
0.003	0.624868
0.004	0.591679
0.005	0.559757
0.006	0.529067
0.007	0.499572
0.008	0.471239
0.009	0.444033
0.01	0.417921
0.011	0.392871
0.012	0.368851
0.013	0.34583
0.014	0.323778
0.015	0.302666
0.016	0.282464
0.017	0.263145
0.018	0.24468
0.019	0.227044
0.02	0.210209
0.021	0.19415
0.022	0.178842
0.023	0.16426
0.024	0.150381
0.025	0.137182
0.026	0.124639
0.027	0.11273
0.028	0.101434
0.029	0.0907303
0.03	0.0805974
0.031	0.0710157
0.032	0.0619655
0.033	0.0534278
0.034	0.0453841
0.035	0.0378163
0.036	0.0307068
0.037	0.0240384
0.038	0.0177943
0.039	0.0119585
0.04	0.00651493
0.041	0.00144831
0.042	-0.00325638
0.043	-0.00761371
0.044	-0.0116379
0.045	-0.0153426
0.046	-0.0187414
0.047	-0.0218471
0.048	-0.0246726
0.049	-0.02723
0.05	-0.0295313
0.051	-0.0315882
0.052	-0.0334117
0.053	-0.035013
0.054	-0.0364025
0.055	-0.0375905
0.056	-0.038587
0.057	-0.0394017
0.058	-0.0400439
0.059	-0.0405227
0.06	-0.0408468
0.061	-0.0410247
0.062	-0.0410647
0.063	-0.0409748
0.064	-0.0407626
0.065	-0.0404355
0.066	-0.0400008
0.067	-0.0394653
0.068	-0.0388359
0.069	-0.038119
0.07	-0.0373208
0.071	-0.0364473
0.072	-0.0355043
0.073	-0.0344975
0.074	-0.0334322
0.075	-0.0323137
0.076	-0.0311468
0.077	-0.0299363
0.078	-0.028687
0.079	-0.0274032
0.08	-0.0260891
0.081	-0.0247489
0.082	-0.0233864
0.083	-0.0220053
0.084	-0.0206093
0.085	-0.0192017
0.086	-0.0177858
0.087	-0.0163647
0.088	-0.0149414
0.089	-0.0135187
0.09	-0.0120994
0.091	-0.0106859
0.092	-0.00928069
0.093	-0.00788608
0.094	-0.00650425
0.095	-0.00513725
0.096	-0.00378704
0.097	-0.00245543
0.098	-0.00114416
0.099	0.000145156
0.1	0.00141101
0.101	0.00265197
0.102	0.00386674
0.103	0.00505408
0.104	0.00621285
0.105	0.00734202
0.106	0.00844062
0.107	0.00950777
0.108	0.0105427
0.109	0.0115446
0.11	0.0125129
0.111	0.013447
0.112	0.0143464
0.113	0.0152106
0.114	0.0160393
0.115	0.0168321
0.116	0.0175889
0.117	0.0183093
0.118	0.0189934
0.119	0.0196408
0.12	0.0202517
0.121	0.0208261
0.122	0.0213639
0.123	0.0218654
0.124	0.0223306
0.125	0.0227597
0.126	0.023153
0.127	0.0235108
0.128	0.0238332
0.129	0.0241207
0.13	0.0243737
0.131	0.0245925
0.132	0.0247775
0.133	0.0249293
0.134	0.0250483
0.135	0.0251349
0.136	0.0251899
0.137	0.0252136
0.138	0.0252067
0.139	0.0251697
0.14	0.0251033
0.141	0.0250082
0.142	0.0248849
0.143	0.0247341
0.144	0.0245564
0.145	0.0243527
0.146	0.0241235
0.147	0.0238696
0.148	0.0235917
0.149	0.0232906
0.15	0.0229668
0.151	0.0226213
0.152	0.0222547
0.153	0.0218678
0.154	0.0214613
0.155	0.021036
0.156	0.0205926
0.157	0.020132
0.158	0.0196548
0.159	0.0191618
0.16	0.0186538
0.161	0.0181316
0.162	0.0175958
0.163	0.0170473
0.164	0.0164867
0.165	0.0159149
0.166	0.0153325
0.167	0.0147404
0.168	0.0141392
0.169	0.0135296
0.17	0.0129124
0.171	0.0122882
0.172	0.0116578
0.173	0.0110219
0.174	0.0103812
0.175	0.00973625
0.176	0.00908781
0.177	0.00843652
0.178	0.00778302
0.179	0.00712795
0.18	0.00647193
0.181	0.0058156
0.182	0.00515953
0.183	0.00450435
0.184	0.00385061
0.185	0.00319891
0.186	0.00254978
0.187	0.00190379
0.188	0.00126147
0.189	0.000623331
0.19	-1.01057e-05
0.191	-0.000638345
0.192	-0.0012609
0.193	-0.00187731
0.194	-0.0024871
0.195	-0.00308984
0.196	-0.00368508
0.197	-0.00427241
0.198	-0.00485143
0.199	-0.00542173
0.2	-0.00598295
0.201	-0.00653471
0.202	-0.00707665
0.203	-0.00760845
0.204	-0.00812977
0.205	-0.0086403
0.206	-0.00913974
0.207	-0.00962781
0.208	-0.0101042
0.209	-0.0105687
0.21	-0.0110211
0.211	-0.011461
0.212	-0.0118884
0.213	-0.0123029
0.214	-0.0127044
0.215	-0.0130927
0.216	-0.0134676
0.217	-0.013829
0.218	-0.0141767
0.219	-0.0145106
0.22	-0.0148306
0.221	-0.0151366
0.222	-0.0154284
0.223	-0.015706
0.224	-0.0159693
0.225	-0.0162183
0.226	-0.0164528
0.227	-0.0166729
0.228	-0.0168785
0.229	-0.0170697
0.23	-0.0172463
0.231	-0.0174085
0.232	-0.0175562
0.233	-0.0176894
0.234	-0.0178082
0.235	-0.0179126
0.236	-0.0180027
0.237	-0.0180785
0.238	-0.0181402
0.239	-0.0181877
0.24	-0.0182212
0.241	-0.0182409
0.242	-0.0182467
0.243	-0.0182388
0.244	-0.0182173
0.245	-0.0181824
0.246	-0.0181343
0.247	-0.0180729
0.248	-0.0179986
0.249	-0.0179115
0.25	-0.0178116
0.251	-0.0176993
0.252	-0.0175747
0.253	-0.017438
0.254	-0.0172894
0.255	-0.017129
0.256	-0.0169571
0.257	-0.0167739
0.258	-0.0165796
0.259	-0.0163745
0.26	-0.0161587
0.261	-0.0159325
0.262	-0.0156962
0.263	-0.0154499
0.264	-0.0151939
0.265	-0.0149284
0.266	-0.0146538
0.267	-0.0143703
0.268	-0.0140781
0.269	-0.0137774
0.27	-0.0134686
0.271	-0.013152
0.272	-0.0128277
0.273	-0.012496
0.274	-0.0121573
0.275	-0.0118119
0.276	-0.0114599
0.277	-0.0111016
0.278	-0.0107374
0.279	-0.0103675
0.28	-0.00999228
0.281	-0.00961191
0.282	-0.00922671
0.283	-0.00883697
0.284	-0.00844297
0.285	-0.00804501
0.286	-0.00764335
0.287	-0.0072383
0.288	-0.00683013
0.289	-0.00641912
0.29	-0.00600556
0.291	-0.00558973
0.292	-0.00517192
0.293	-0.0047524
0.294	-0.00433145
0.295	-0.00390934
0.296	-0.00348636
0.297	-0.00306278
0.298	-0.00263887
0.299	-0.0022149
0.3	-0.00179114
0.301	-0.00136785
0.302	-0.000945303
0.303	-0.000523752
0.304	-0.000103458
0.305	0.000315324
0.306	0.00073234
0.307	0.00114734
0.308	0.00156008
0.309	0.00197031
0.31	0.0023778
0.311	0.00278231
0.312	0.0031836
0.313	0.00358145
0.314	0.00397562
0.315	0.0043659
0.316	0.00475207
0.317	0.00513392
0.318	0.00551122
0.319	0.00588379
0.32	0.00625141
0.321	0.00661388
0.322	0.00697102
0.323	0.00732263
0.324	0.00766853
0.325	0.00800854
0.326	0.00834249
0.327	0.0086702
0.328	0.0089915
0.329	0.00930624
0.33	0.00961425
0.331	0.00991539
0.332	0.0102095
0.333	0.0104965
0.334	0.0107761
0.335	0.0110483
0.336	0.011313
0.337	0.01157
0.338	0.0118192
0.339	0.0120604
0.34	0.0122937
0.341	0.0125188
0.342	0.0127357
0.343	0.0129443
0.344	0.0131446
0.345	0.0133363
0.346	0.0135195
0.347	0.013694
0.348	0.0138599
0.349	0.014017
0.35	0.0141653
0.351	0.0143048
0.352	0.0144354
0.353	0.014557
0.354	0.0146697
0.355	0.0147733
0.356	0.0148679
0.357	0.0149535
0.358	0.01503
0.359	0.0150975
0.36	0.0151558
0.361	0.0152051
0.362	0.0152453
0.363	0.0152765
0.364	0.0152986
0.365	0.0153117
0.366	0.0153158
0.367	0.015311
0.368	0.0152972
0.369	0.0152745
0.37	0.0152429
0.371	0.0152026
0.372	0.0151535
0.373	0.0150957
0.374	0.0150293
0.375	0.0149543
0.376	0.0148708
0.377	0.0147789
0.378	0.0146787
0.379	0.0145702
0.38	0.0144535
0.381	0.0143288
0.382	0.014196
0.383	0.0140554
0.384	0.013907
0.385	0.0137509
0.386	0.0135873
0.387	0.0134162
0.388	0.0132377
0.389	0.0130521
0.39	0.0128593
0.391	0.0126596
0.392	0.012453
0.393	0.0122397
0.394	0.0120199
0.395	0.0117936
0.396	0.0115611
0.397	0.0113224
0.398	0.0110777
0.399	0.0108271
0.4	0.0105709
0.401	0.0103091
0.402	0.010042
0.403	0.00976961
0.404	0.00949218
0.405	0.00920985
0.406	0.0089228
0.407	0.00863119
0.408	0.00833518
0.409	0.00803496
0.41	0.00773069
0.411	0.00742254
0.412	0.00711071
0.413	0.00679535
0.414	0.00647665
0.415	0.0061548
0.416	0.00582996
0.417	0.00550233
0.418	0.00517209
0.419	0.00483942
0.42	0.0045045
0.421	0.00416753
0.422	0.00382868
0.423	0.00348814
0.424	0.0031461
0.425	0.00280275
0.426	0.00245827
0.427	0.00211285
0.428	0.00176668
0.429	0.00141995
0.43	0.00107284
0.431	0.000725535
0.432	0.000378227
0.433	3.11011e-05
0.434	-0.000315658
0.435	-0.000661866
0.436	-0.00100734
0.437	-0.00135189
0.438	-0.00169534
0.439	-0.00203751
0.44	-0.00237821
0.441	-0.00271727
0.442	-0.00305451
0.443	-0.00338975
0.444	-0.00372282
0.445	-0.00405353
0.446	-0.00438173
0.447	-0.00470723
0.448	-0.00502987
0.449	-0.00534948
0.45	-0.0056659
0.451	-0.00597896
0.452	-0.00628849
0.453	-0.00659435
0.454	-0.00689637
0.455	-0.00719439
0.456	-0.00748826
0.457	-0.00777784
0.458	-0.00806297
0.459	-0.0083435
0.46	-0.0086193
0.461	-0.00889021
0.462	-0.00915612
0.463	-0.00941686
0.464	-0.00967233
0.465	-0.00992237
0.466	-0.0101669
0.467	-0.0104057
0.468	-0.0106388
0.469	-0.0108659
0.47	-0.011087
0.471	-0.011302
0.472	-0.0115107
0.473	-0.0117131
0.474	-0.0119091
0.475	-0.0120985
0.476	-0.0122812
0.477	-0.0124572
0.478	-0.0126264
0.479	-0.0127887
0.48	-0.0129439
0.481	-0.0130921
0.482	-0.0132332
0.483	-0.013367
0.484	-0.0134936
0.485	-0.0136128
0.486	-0.0137246
0.487	-0.0138289
0.488	-0.0139257
0.489	-0.014015
0.49	-0.0140966
0.491	-0.0141706
0.492	-0.0142369
0.493	-0.0142955
0.494	-0.0143463
0.495	-0.0143894
0.496	-0.0144246
0.497	-0.014452
0.498	-0.0144717
0.499	-0.0144834
0.5	-0.0144873
0.501	-0.0144834
0.502	-0.0144717
0.503	-0.014452
0.504	-0.0144246
0.505	-0.0143894
0.506	-0.0143463
0.507	-0.0142955
0.508	-0.0142369
0.509	-0.0141706
0.51	-0.0140966
0.511	-0.014015
0.512	-0.0139257
0.513	-0.0138289
0.514	-0.0137246
0.515	-0.0136128
0.516	-0.0134936
0.517	-0.013367
0.518	-0.0132332
0.519	-0.0130921
0.52	-0.0129439
0.521	-0.0127887
0.522	-0.0126264
0.523	-0.0124572
0.524	-0.0122812
0.525	-0.0120985
0.526	-0.0119091
0.527	-0.0117131
0.528	-0.0115107
0.529	-0.011302
0.53	-0.011087
0.531	-0.0108659
0.532	-0.0106388
0.533	-0.0104057
0.534	-0.0101669
0.535	-0.00992237
0.536	-0.00967233
0.537	-0.00941686
0.538	-0.00915612
0.539	-0.00889021
0.54	-0.0086193
0.541	-0.0083435
0.542	-0.00806297
0.543	-0.00777784
0.544	-0.00748826
0.545	-0.00719439
0.546	-0.00689637
0.547	-0.00659435
0.548	-0.00628849
0.549	-0.00597896
0.55	-0.0056659
0.551	-0.00534948
0.552	-0.00502987
0.553	-0.00470723
0.554	-0.00438173
0.555	-0.00405353
0.556	-0.00372282
0.557	-0.00338975
0.558	-0.00305451
0.559	-0.00271727
0.56	-0.00237821
0.561	-0.00203751
0.562	-0.00169534
0.563	-0.00135189
0.564	-0.00100734
0.565	-0.000661866
0.566	-0.000315658
0.567	3.11011e-05
0.568	0.000378227
0.569	0.000725535
0.57	0.00107284
0.571	0.00141995
0.572	0.00176668
0.573	0.00211285
0.574	0.00245827
0.575	0.00280275
0.576	0.0031461
0.577	0.00348814
0.578	0.00382868
0.579	0.00416753
0.58	0.0045045
0.581	0.00483942
0.582	0.00517209
0.583	0.00550233
0.584	0.00582996
0.585	0.0061548
0.586	0.00647665
0.587	0.00679535
0.588	0.00711071
0.589	0.00742254
0.59	0.00773069
0.591	0.00803496
0.592	0.00833518
0.593	0.00863119
0.594	0.0089228
0.595	0.00920985
0.596	0.00949218
0.597	0.00976961
0.598	0.010042
0.599	0.0103091
0.6	0.0105709
0.601	0.0108271
0.602	0.0110777
0.603	0.0113224
0.604	0.0115611
0.605	0.0117936
0.606	0.0120199
0.607	0.0122397
0.608	0.012453
0.609	0.0126596
0.61	0.0128593
0.611	0.0130521
0.612	0.0132377
0.613	0.0134162
0.614	0.0135873
0.615	0.0137509
0.616	0.013907
0.617	0.0140554
0.618	0.014196
0.619	0.0143288
0.62	0.0144535
0.621	0.0145702
0.622	0.0146787
0.623	0.0147789
0.624	0.0148708
0.625	0.0149543
0.626	0.0150293
0.627	0.0150957
0.628	0.0151535
0.629	0.0152026
0.63	0.0152429
0.631	0.0152745
0.632	0.0152972
0.633	0.015311
0.634	0.0153158
0.635	0.0153117
0.636	0.0152986
0.637	0.0152765
0.638	0.0152453
0.639	0.0152051
0.64	0.0151558
0.641	0.0150975
0.642	0.01503
0.643	0.0149535
0.644	0.0148679
0.645	0.0147733
0.646	0.0146697
0.647	0.014557
0.648	0.0144354
0.649	0.0143048
0.65	0.0141653
0.651	0.014017
0.652	0.0138599
0.653	0.013694
0.654	0.0135195
0.655	0.0133363
0.656	0.0131446
0.657	0.0129443
0.658	0.0127357
0.659	0.0125188
0.66	0.0122937
0.661	0.0120604
0.662	0.0118192
0.663	0.01157
0.664	0.011313
0.665	0.0110483
0.666	0.0107761
0.667	0.0104965
0.668	0.0102095
0.669	0.00991539
0.67	0.00961425
0.671	0.00930624
0.672	0.0089915
0.673	0.0086702
0.674	0.00834249
0.675	0.00800854
0.676	0.00766853
0.677	0.00732263
0.678	0.00697102
0.679	0.00661388
0.68	0.00625141
0.681	0.00588379
0.682	0.00551122
0.683	0.00513392
0.684	0.00475207
0.685	0.0043659
0.686	0.00397562
0.687	0.00358145
0.688	0.0031836
0.689	0.00278231
0.69	0.0023778
0.691	0.00197031
0.692	0.00156008
0.693	0.00114734
0.694	0.00073234
0.695	0.000315324
0.696	-0.000103458
0.697	-0.000523752
0.698	-0.000945303
0.699	-0.00136785
0.7	-0.00179114
0.701	-0.0022149
0.702	-0.00263887
0.703	-0.00306278
0.704	-0.00348636
0.705	-0.00390934
0.706	-0.00433145
0.707	-0.0047524
0.708	-0.00517192
0.709	-0.00558973
0.71	-0.00600556
0.711	-0.00641912
0.712	-0.00683013
0.713	-0.0072383
0.714	-0.00764335
0.715	-0.00804501
0.716	-0.00844297
0.717	-0.00883697
0.718	-0.00922671
0.719	-0.00961191
0.72	-0.00999228
0.721	-0.0103675
0.722	-0.0107374
0.723	-0.0111016
0.724	-0.0114599
0.725	-0.0118119
0.726	-0.0121573
0.727	-0.012496
0.728	-0.0128277
0.729	-0.013152
0.73	-0.0134686
0.731	-0.0137774
0.732	-0.0140781
0.733	-0.0143703
0.734	-0.0146538
0.735	-0.0149284
0.736	-0.0151939
0.737	-0.0154499
0.738	-0.0156962
0.739	-0.0159325
0.74	-0.0161587
0.741	-0.0163745
0.742	-0.0165796
0.743	-0.0167739
0.744	-0.0169571
0.745	-0.017129
0.746	-0.0172894
0.747	-0.017438
0.748	-0.0175747
0.749	-0.0176993
0.75	-0.0178116
0.751	-0.0179115
0.752	-0.0179986
0.753	-0.0180729
0.754	-0.0181343
0.755	-0.0181824
0.756	-0.0182173
0.757	-0.0182388
0.758	-0.0182467
0.759	-0.0182409
0.76	-0.0182212
0.761	-0.0181877
0.762	-0.0181402
0.763	-0.0180785
0.764	-0.0180027
0.765	-0.0179126
0.766	-0.0178082
0.767	-0.0176894
0.768	-0.0175562
0.769	-0.0174085
0.77	-0.0172463
0.771	-0.0170697
0.772	-0.0168785
0.773	-0.0166729
0.774	-0.0164528
0.775	-0.0162183
0.776	-0.0159693
0.777	-0.015706
0.778	-0.0154284
0.779	-0.0151366
0.78	-0.0148306
0.781	-0.0145106
0.782	-0.0141767
0.783	-0.013829
0.784	-0.0134676
0.785	-0.0130927
0.786	-0.0127044
0.787	-0.0123029
0.788	-0.0118884
0.789	-0.011461
0.79	-0.0110211
0.791	-0.0105687
0.792	-0.0101042
0.793	-0.00962781
0.794	-0.00913974
0.795	-0.0086403
0.796	-0.00812977
0.797	-0.00760845
0.798	-0.00707665
0.799	-0.00653471
0.8	-0.00598295
0.801	-0.00542173
0.802	-0.00485143
0.803	-0.00427241
0.804	-0.00368508
0.805	-0.00308984
0.806	-0.0024871
0.807	-0.00187731
0.808	-0.0012609
0.809	-0.000638345
0.81	-1.01057e-05
0.811	0.000623331
0.812	0.00126147
0.813	0.00190379
0.814	0.00254978
0.815	0.00319891
0.816	0.00385061
0.817	0.00450435
0.818	0.00515953
0.819	0.0058156
0.82	0.00647193
0.821	0.00712795
0.822	0.00778302
0.823	0.00843652
0.824	0.00908781
0.825	0.00973625
0.826	0.0103812
0.827	0.0110219
0.828	0.0116578
0.829	0.0122882
0.83	0.0129124
0.831	0.0135296
0.832	0.0141392
0.833	0.0147404
0.834	0.0153325
0.835	0.0159149
0.836	0.0164867
0.837	0.0170473
0.838	0.0175958
0.839	0.0181316
0.84	0.0186538
0.841	0.0191618
0.842	0.0196548
0.843	0.020132
0.844	0.0205926
0.845	0.021036
0.846	0.0214613
0.847	0.0218678
0.848	0.0222547
0.849	0.0226213
0.85	0.0229668
0.851	0.0232906
0.852	0.0235917
0.853	0.0238696
0.854	0.0241235
0.855	0.0243527
0.856	0.0245564
0.857	0.0247341
0.858	0.0248849
0.859	0.0250082
0.86	0.0251033
0.861	0.0251697
0.862	0.0252067
0.863	0.0252136
0.864	0.0251899
0.865	0.0251349
0.866	0.0250483
0.867	0.0249293
0.868	0.0247775
0.869	0.0245925
0.87	0.0243737
0.871	0.0241207
0.872	0.0238332
0.873	0.0235108
0.874	0.023153
0.875	0.0227597
0.876	0.0223306
0.877	0.0218654
0.878	0.0213639
0.879	0.0208261
0.88	0.0202517
0.881	0.0196408
0.882	0.0189934
0.883	0.0183093
0.884	0.0175889
0.885	0.0168321
0.886	0.0160393
0.887	0.0152106
0.888	0.0143464
0.889	0.013447
0.89	0.0125129
0.891	0.0115446
0.892	0.0105427
0.893	0.00950777
0.894	0.00844062
0.895	0.00734202
0.896	0.00621285
0.897	0.00505408
0.898	0.00386674
0.899	0.00265197
0.9	0.00141101
0.901	0.000145156
0.902	-0.00114416
0.903	-0.00245543
0.904	-0.00378704
0.905	-0.00513725
0.906	-0.00650425
0.907	-0.00788608
0.908	-0.00928069
0.909	-0.0106859
0.91	-0.0120994
0.911	-0.0135187
0.912	-0.0149414
0.913	-0.0163647
0.914	-0.0177858
0.915	-0.0192017
0.916	-0.0206093
0.917	-0.0220053
0.918	-0.0233864
0.919	-0.0247489
0.92	-0.0260891
0.921	-0.0274032
0.922	-0.028687
0.923	-0.0299363
0.924	-0.0311468
0.925	-0.0323137
0.926	-0.0334322
0.927	-0.0344975
0.928	-0.0355043
0.929	-0.0364473
0.93	-0.0373208
0.931	-0.038119
0.932	-0.0388359
0.933	-0.0394653
0.934	-0.0400008
0.935	-0.0404355
0.936	-0.0407626
0.937	-0.0409748
0.938	-0.0410647
0.939	-0.0410247
0.94	-0.0408468
0.941	-0.0405227
0.942	-0.0400439
0.943	-0.0394017
0.944	-0.038587
0.945	-0.0375905
0.946	-0.0364025
0.947	-0.035013
0.948	-0.0334117
0.949	-0.0315882
0.95	-0.0295313
0.951	-0.02723
0.952	-0.0246726
0.953	-0.0218471
0.954	-0.0187414
0.955	-0.0153426
0.956	-0.0116379
0.957	-0.00761371
0.958	-0.00325638
0.959	0.00144831
0.96	0.00651493
0.961	0.0119585
0.962	0.0177943
0.963	0.0240384
0.964	0.0307068
0.965	0.0378163
0.966	0.0453841
0.967	0.0534278
0.968	0.0619655
0.969	0.0710157
0.97	0.0805974
0.971	0.0907303
0.972	0.101434
0.973	0.11273
0.974	0.124639
0.975	0.137182
0.976	0.150381
0.977	0.16426
0.978	0.178842
0.979	0.19415
0.98	0.210209
0.981	0.227044
0.982	0.24468
0.983	0.263145
0.984	0.282464
0.985	0.302666
0.986	0.323778
0.987	0.34583
0.988	0.368851
0.989	0.392871
0.99	0.417921
0.991	0.444033
0.992	0.471239
0.993	0.499572
0.994	0.529067
0.995	0.559757
0.996	0.591679
0.997	0.624868
0.998	0.659361
0.999	0.695196
