# Interpolation data for function: (2*x-1)^50
0.5	1.74153e-17
0.501	1.74153e-17
0.502	1.74153e-17
0.503	1.74153e-17
0.504	1.74153e-17
0.505	1.74153e-17
0.506	1.74153e-17
0.507	1.74153e-17
0.508	1.74153e-17
0.509	1.74153e-17
0.51	1.74153e-17
0.511	1.74153e-17
0.512	1.74153e-17
0.513	1.74153e-17
0.514	1.74153e-17
0.515	1.74153e-17
0.516	1.74153e-17
0.517	1.74153e-17
0.518	1.74153e-17
0.519	1.74153e-17
0.52	1.74153e-17
0.521	1.74153e-17
0.522	1.74153e-17
0.523	1.74153e-17
0.524	1.74153e-17
0.525	1.74153e-17
0.526	1.74153e-17
0.527	1.74153e-17
0.528	1.74153e-17
0.529	1.74153e-17
0.53	1.74153e-17
0.531	1.74153e-17
0.532	1.74153e-17
0.533	1.74153e-17
0.534	1.74153e-17
0.535	1.74153e-17
0.536	1.74153e-17
0.537	1.74153e-17
0.538	1.74153e-17
0.539	1.74153e-17
0.54	1.74153e-17
0.541	1.74153e-17
0.542	1.74153e-17
0.543	1.74153e-17
0.544	1.74153e-17
0.545	1.74153e-17
0.546	1.74153e-17
0.547	1.74153e-17
0.548	1.74153e-17
0.549	1.74153e-17
0.55	1.74153e-17
0.551	1.74153e-17
0.552	1.74153e-17
0.553	1.74153e-17
0.554	1.74153e-17
0.555	1.74153e-17
0.556	1.74153e-17
0.557	1.74153e-17
0.558	1.74153e-17
0.559	1.74153e-17
0.56	1.74153e-17
0.561	1.74153e-17
0.562	1.74153e-17
0.563	1.74153e-17
0.564	1.74153e-17
0.565	1.74153e-17
0.566	1.74153e-17
0.567	1.74153e-17
0.568	1.74153e-17
0.569	1.74153e-17
0.57	1.74153e-17
0.571	1.74153e-17
0.572	1.74153e-17
0.573	1.74153e-17
0.574	1.74153e-17
0.575	1.74153e-17
0.576	1.74153e-17
0.577	1.74153e-17
0.578	1.74153e-17
0.579	1.74153e-17
0.58	1.74153e-17
0.581	1.74153e-17
0.582	1.74153e-17
0.583	1.74153e-17
0.584	1.74153e-17
0.585	1.74153e-17
0.586	1.74153e-17
0.587	1.74153e-17
0.588	1.74153e-17
0.589	1.74153e-17
0.59	1.74153e-17
0.591	1.74153e-17
0.592	1.74153e-17
0.593	1.74153e-17
0.594	1.74153e-17
0.595	1.74153e-17
0.596	1.74153e-17
0.597	1.74153e-17
0.598	1.74153e-17
0.599	1.74153e-17
0.6	1.74153e-17
0.601	1.74153e-17
0.602	1.74153e-17
0.603	1.74153e-17
0.604	1.74153e-17
0.605	1.74153e-17
0.606	1.74153e-17
0.607	1.74153e-17
0.608	1.74153e-17
0.609	1.74153e-17
0.61	1.74153e-17
0.611	1.74153e-17
0.612	1.74153e-17
0.613	1.74153e-17
0.614	1.74153e-17
0.615	1.74153e-17
0.616	1.74153e-17
0.617	1.74153e-17
0.618	1.74153e-17
0.619	1.74153e-17
0.62	1.74153e-17
0.621	1.74153e-17
0.622	1.74153e-17
0.623	1.74153e-17
0.624	1.74153e-17
0.625	1.74153e-17
0.626	1.74153e-17
0.627	1.74153e-17
0.628	1.74153e-17
0.629	1.74153e-17
0.63	1.74153e-17
0.631	1.74153e-17
0.632	1.74153e-17
0.633	1.74153e-17
0.634	1.74153e-17
0.635	1.74153e-17
0.636	1.74153e-17
0.637	1.74153e-17
0.638	1.74153e-17
0.639	1.74153e-17
0.64	1.74153e-17
0.641	1.74153e-17
0.642	1.74153e-17
0.643	1.74153e-17
0.644	1.74153e-17
0.645	1.74153e-17
0.646	1.74153e-17
0.647	1.74153e-17
0.648	1.74153e-17
0.649	1.74153e-17
0.65	1.74153e-17
0.651	1.74153e-17
0.652	1.74153e-17
0.653	1.74153e-17
0.654	1.74153e-17
0.655	1.74153e-17
0.656	1.74153e-17
0.657	1.74153e-17
0.658	1.74153e-17
0.659	1.74153e-17
0.66	1.74153e-17
0.661	1.74153e-17
0.662	1.74153e-17
0.663	1.74153e-17
0.664	1.74153e-17
0.665	1.74153e-17
0.666	1.74153e-17
0.667	1.74153e-17
0.668	1.74153e-17
0.669	1.74153e-17
0.67	1.74153e-17
0.671	1.74153e-17
0.672	1.74153e-17
0.673	1.74153e-17
0.674	1.74153e-17
0.675	1.74153e-17
0.676	1.74153e-17
0.677	1.74153e-17
0.678	1.74153e-17
0.679	1.74153e-17
0.68	1.74153e-17
0.681	1.74153e-17
0.682	1.74153e-17
0.683	1.74153e-17
0.684	1.74153e-17
0.685	1.74153e-17
0.686	1.74153e-17
0.687	1.74153e-17
0.688	1.74153e-17
0.689	1.74153e-17
0.69	1.74153e-17
0.691	1.74153e-17
0.692	1.74153e-17
0.693	1.74153e-17
0.694	1.74153e-17
0.695	1.74153e-17
0.696	1.74153e-17
0.697	1.74153e-17
0.698	1.74153e-17
0.699	1.74153e-17
0.7	1.74153e-17
0.701	1.74153e-17
0.702	1.74153e-17
0.703	1.74153e-17
0.704	1.74153e-17
0.705	1.74153e-17
0.706	1.74153e-17
0.707	1.74153e-17
0.708	1.74153e-17
0.709	1.74153e-17
0.71	1.74153e-17
0.711	1.74153e-17
0.712	1.74153e-17
0.713	1.74153e-17
0.714	1.74153e-17
0.715	1.74153e-17
0.716	1.74153e-17
0.717	1.74153e-17
0.718	1.74153e-17
0.719	1.74153e-17
0.72	1.74153e-17
0.721	1.74153e-17
0.722	1.74153e-17
0.723	1.74153e-17
0.724	1.74153e-17
0.725	1.74153e-17
0.726	1.74153e-17
0.727	1.74153e-17
0.728	1.74153e-17
0.729	1.74153e-17
0.73	1.74153e-17
0.731	1.74153e-17
0.732	1.74153e-17
0.733	1.74153e-17
0.734	1.74153e-17
0.735	1.74153e-17
0.736	1.74153e-17
0.737	1.74153e-17
0.738	1.74153e-17
0.739	1.74153e-17
0.74	1.74153e-17
0.741	1.74153e-17
0.742	1.74153e-17
0.743	1.74153e-17
0.744	1.74153e-17
0.745	1.74153e-17
0.746	1.74153e-17
0.747	1.74153e-17
0.748	1.74153e-17
0.749	1.74153e-17
0.25	1.74153e-17
0.251	1.74153e-17
0.252	1.74153e-17
0.253	1.74153e-17
0.254	1.74153e-17
0.255	1.74153e-17
0.256	1.74153e-17
0.257	1.74153e-17
0.258	1.74153e-17
0.259	1.74153e-17
0.26	1.74153e-17
0.261	1.74153e-17
0.262	1.74153e-17
0.263	1.74153e-17
0.264	1.74153e-17
0.265	1.74153e-17
0.266	1.74153e-17
0.267	1.74153e-17
0.268	1.74153e-17
0.269	1.74153e-17
0.27	1.74153e-17
0.271	1.74153e-17
0.272	1.74153e-17
0.273	1.74153e-17
0.274	1.74153e-17
0.275	1.74153e-17
0.276	1.74153e-17
0.277	1.74153e-17
0.278	1.74153e-17
0.279	1.74153e-17
0.28	1.74153e-17
0.281	1.74153e-17
0.282	1.74153e-17
0.283	1.74153e-17
0.284	1.74153e-17
0.285	1.74153e-17
0.286	1.74153e-17
0.287	1.74153e-17
0.288	1.74153e-17
0.289	1.74153e-17
0.29	1.74153e-17
0.291	1.74153e-17
0.292	1.74153e-17
0.293	1.74153e-17
0.294	1.74153e-17
0.295	1.74153e-17
0.296	1.74153e-17
0.297	1.74153e-17
0.298	1.74153e-17
0.299	1.74153e-17
0.3	1.74153e-17
0.301	1.74153e-17
0.302	1.74153e-17
0.303	1.74153e-17
0.304	1.74153e-17
0.305	1.74153e-17
0.306	1.74153e-17
0.307	1.74153e-17
0.308	1.74153e-17
0.309	1.74153e-17
0.31	1.74153e-17
0.311	1.74153e-17
0.312	1.74153e-17
0.313	1.74153e-17
0.314	1.74153e-17
0.315	1.74153e-17
0.316	1.74153e-17
0.317	1.74153e-17
0.318	1.74153e-17
0.319	1.74153e-17
0.32	1.74153e-17
0.321	1.74153e-17
0.322	1.74153e-17
0.323	1.74153e-17
0.324	1.74153e-17
0.325	1.74153e-17
0.326	1.74153e-17
0.327	1.74153e-17
0.328	1.74153e-17
0.329	1.74153e-17
0.33	1.74153e-17
0.331	1.74153e-17
0.332	1.74153e-17
0.333	1.74153e-17
0.334	1.74153e-17
0.335	1.74153e-17
0.336	1.74153e-17
0.337	1.74153e-17
0.338	1.74153e-17
0.339	1.74153e-17
0.34	1.74153e-17
0.341	1.74153e-17
0.342	1.74153e-17
0.343	1.74153e-17
0.344	1.74153e-17
0.345	1.74153e-17
0.346	1.74153e-17
0.347	1.74153e-17
0.348	1.74153e-17
0.349	1.74153e-17
0.35	1.74153e-17
0.351	1.74153e-17
0.352	1.74153e-17
0.353	1.74153e-17
0.354	1.74153e-17
0.355	1.74153e-17
0.356	1.74153e-17
0.357	1.74153e-17
0.358	1.74153e-17
0.359	1.74153e-17
0.36	1.74153e-17
0.361	1.74153e-17
0.362	1.74153e-17
0.363	1.74153e-17
0.364	1.74153e-17
0.365	1.74153e-17
0.366	1.74153e-17
0.367	1.74153e-17
0.368	1.74153e-17
0.369	1.74153e-17
0.37	1.74153e-17
0.371	1.74153e-17
0.372	1.74153e-17
0.373	1.74153e-17
0.374	1.74153e-17
0.375	1.74153e-17
0.376	1.74153e-17
0.377	1.74153e-17
0.378	1.74153e-17
0.379	1.74153e-17
0.38	1.74153e-17
0.381	1.74153e-17
0.382	1.74153e-17
0.383	1.74153e-17
0.384	1.74153e-17
0.385	1.74153e-17
0.386	1.74153e-17
0.387	1.74153e-17
0.388	1.74153e-17
0.389	1.74153e-17
0.39	1.74153e-17
0.391	1.74153e-17
0.392	1.74153e-17
0.393	1.74153e-17
0.394	1.74153e-17
0.395	1.74153e-17
0.396	1.74153e-17
0.397	1.74153e-17
0.398	1.74153e-17
0.399	1.74153e-17
0.4	1.74153e-17
0.401	1.74153e-17
0.402	1.74153e-17
0.403	1.74153e-17
0.404	1.74153e-17
0.405	1.74153e-17
0.406	1.74153e-17
0.407	1.74153e-17
0.408	1.74153e-17
0.409	1.74153e-17
0.41	1.74153e-17
0.411	1.74153e-17
0.412	1.74153e-17
0.413	1.74153e-17
0.414	1.74153e-17
0.415	1.74153e-17
0.416	1.74153e-17
0.417	1.74153e-17
0.418	1.74153e-17
0.419	1.74153e-17
0.42	1.74153e-17
0.421	1.74153e-17
0.422	1.74153e-17
0.423	1.74153e-17
0.424	1.74153e-17
0.425	1.74153e-17
0.426	1.74153e-17
0.427	1.74153e-17
0.428	1.74153e-17
0.429	1.74153e-17
0.43	1.74153e-17
0.431	1.74153e-17
0.432	1.74153e-17
0.433	1.74153e-17
0.434	1.74153e-17
0.435	1.74153e-17
0.436	1.74153e-17
0.437	1.74153e-17
0.438	1.74153e-17
0.439	1.74153e-17
0.44	1.74153e-17
0.441	1.74153e-17
0.442	1.74153e-17
0.443	1.74153e-17
0.444	1.74153e-17
0.445	1.74153e-17
0.446	1.74153e-17
0.447	1.74153e-17
0.448	1.74153e-17
0.449	1.74153e-17
0.45	1.74153e-17
0.451	1.74153e-17
0.452	1.74153e-17
0.453	1.74153e-17
0.454	1.74153e-17
0.455	1.74153e-17
0.456	1.74153e-17
0.457	1.74153e-17
0.458	1.74153e-17
0.459	1.74153e-17
0.46	1.74153e-17
0.461	1.74153e-17
0.462	1.74153e-17
0.463	1.74153e-17
0.464	1.74153e-17
0.465	1.74153e-17
0.466	1.74153e-17
0.467	1.74153e-17
0.468	1.74153e-17
0.469	1.74153e-17
0.47	1.74153e-17
0.471	1.74153e-17
0.472	1.74153e-17
0.473	1.74153e-17
0.474	1.74153e-17
0.475	1.74153e-17
0.476	1.74153e-17
0.477	1.74153e-17
0.478	1.74153e-17
0.479	1.74153e-17
0.48	1.74153e-17
0.481	1.74153e-17
0.482	1.74153e-17
0.483	1.74153e-17
0.484	1.74153e-17
0.485	1.74153e-17
0.486	1.74153e-17
0.487	1.74153e-17
0.488	1.74153e-17
0.489	1.74153e-17
0.49	1.74153e-17
0.491	1.74153e-17
0.492	1.74153e-17
0.493	1.74153e-17
0.494	1.74153e-17
0.495	1.74153e-17
0.496	1.74153e-17
0.497	1.74153e-17
0.498	1.74153e-17
0.499	1.74153e-17
0.75	3.3313e-08
0.751	3.3313e-08
0.752	3.3313e-08
0.753	3.3313e-08
0.754	3.3313e-08
0.755	3.3313e-08
0.756	3.3313e-08
0.757	3.3313e-08
0.758	3.3313e-08
0.759	3.3313e-08
0.76	3.3313e-08
0.761	3.3313e-08
0.762	3.3313e-08
0.763	3.3313e-08
0.764	3.3313e-08
0.765	3.3313e-08
0.766	3.3313e-08
0.767	3.3313e-08
0.768	3.3313e-08
0.769	3.3313e-08
0.77	3.3313e-08
0.771	3.3313e-08
0.772	3.3313e-08
0.773	3.3313e-08
0.774	3.3313e-08
0.775	3.3313e-08
0.776	3.3313e-08
0.777	3.3313e-08
0.778	3.3313e-08
0.779	3.3313e-08
0.78	3.3313e-08
0.781	3.3313e-08
0.782	3.3313e-08
0.783	3.3313e-08
0.784	3.3313e-08
0.785	3.3313e-08
0.786	3.3313e-08
0.787	3.3313e-08
0.788	3.3313e-08
0.789	3.3313e-08
0.79	3.3313e-08
0.791	3.3313e-08
0.792	3.3313e-08
0.793	3.3313e-08
0.794	3.3313e-08
0.795	3.3313e-08
0.796	3.3313e-08
0.797	3.3313e-08
0.798	3.3313e-08
0.799	3.3313e-08
0.8	3.3313e-08
0.801	3.3313e-08
0.802	3.3313e-08
0.803	3.3313e-08
0.804	3.3313e-08
0.805	3.3313e-08
0.806	3.3313e-08
0.807	3.3313e-08
0.808	3.3313e-08
0.809	3.3313e-08
0.81	3.3313e-08
0.811	3.3313e-08
0.812	3.3313e-08
0.813	3.3313e-08
0.814	3.3313e-08
0.815	3.3313e-08
0.816	3.3313e-08
0.817	3.3313e-08
0.818	3.3313e-08
0.819	3.3313e-08
0.82	3.3313e-08
0.821	3.3313e-08
0.822	3.3313e-08
0.823	3.3313e-08
0.824	3.3313e-08
0.825	3.3313e-08
0.826	3.3313e-08
0.827	3.3313e-08
0.828	3.3313e-08
0.829	3.3313e-08
0.83	3.3313e-08
0.831	3.3313e-08
0.832	3.3313e-08
0.833	3.3313e-08
0.834	3.3313e-08
0.835	3.3313e-08
0.836	3.3313e-08
0.837	3.3313e-08
0.838	3.3313e-08
0.839	3.3313e-08
0.84	3.3313e-08
0.841	3.3313e-08
0.842	3.3313e-08
0.843	3.3313e-08
0.844	3.3313e-08
0.845	3.3313e-08
0.846	3.3313e-08
0.847	3.3313e-08
0.848	3.3313e-08
0.849	3.3313e-08
0.85	3.3313e-08
0.851	3.3313e-08
0.852	3.3313e-08
0.853	3.3313e-08
0.854	3.3313e-08
0.855	3.3313e-08
0.856	3.3313e-08
0.857	3.3313e-08
0.858	3.3313e-08
0.859	3.3313e-08
0.86	3.3313e-08
0.861	3.3313e-08
0.862	3.3313e-08
0.863	3.3313e-08
0.864	3.3313e-08
0.865	3.3313e-08
0.866	3.3313e-08
0.867	3.3313e-08
0.868	3.3313e-08
0.869	3.3313e-08
0.87	3.3313e-08
0.871	3.3313e-08
0.872	3.3313e-08
0.873	3.3313e-08
0.874	3.3313e-08
0.875	5.37045e-06
0.876	6.81923e-07
0.877	-1.01598e-06
0.878	-1.02228e-06
0.879	-2.1251e-07
0.88	8.54863e-07
0.881	1.85297e-06
0.882	2.61895e-06
0.883	3.10124e-06
0.884	3.31927e-06
0.885	3.33327e-06
0.886	3.22243e-06
0.887	3.06969e-06
0.888	2.95173e-06
0.889	2.93313e-06
0.89	3.06356e-06
0.891	3.3772e-06
0.892	3.8939e-06
0.893	4.62116e-06
0.894	5.55696e-06
0.895	6.69269e-06
0.896	8.01622e-06
0.897	9.51469e-06
0.898	1.11771e-05
0.899	1.29967e-05
0.9	1.49724e-05
0.901	1.71104e-05
0.902	1.94254e-05
0.903	2.19409e-05
0.904	2.46896e-05
0.905	2.77137e-05
0.906	3.10647e-05
0.907	3.48032e-05
0.908	3.89988e-05
0.909	4.37299e-05
0.91	4.90831e-05
0.911	5.51541e-05
0.912	6.2047e-05
0.913	6.98752e-05
0.914	7.87621e-05
0.915	8.88416e-05
0.916	0.00010026
0.917	0.000113177
0.918	0.000127768
0.919	0.000144227
0.92	0.000162768
0.921	0.000183629
0.922	0.000207074
0.923	0.0002334
0.924	0.000262939
0.925	0.000296062
0.926	0.000333186
0.927	0.00037478
0.928	0.000421369
0.929	0.000473543
0.93	0.000531961
0.931	0.000597365
0.932	0.000670584
0.933	0.000752545
0.934	0.000844283
0.935	0.000946955
0.936	0.00106185
0.937	0.00119041
0.938	0.00133424
0.939	0.00149511
0.94	0.00167502
0.941	0.00187617
0.942	0.00210102
0.943	0.00235229
0.944	0.00263302
0.945	0.00294657
0.946	0.00329669
0.947	0.00368752
0.948	0.00412368
0.949	0.0046103
0.95	0.00515305
0.951	0.00575825
0.952	0.00643291
0.953	0.0071848
0.954	0.00802255
0.955	0.00895573
0.956	0.00999495
0.957	0.011152
0.958	0.0124399
0.959	0.0138732
0.96	0.0154678
0.961	0.0172416
0.962	0.0192143
0.963	0.0214077
0.964	0.0238458
0.965	0.0265555
0.966	0.0295663
0.967	0.0329109
0.968	0.0366256
0.969	0.0407504
0.97	0.0453295
0.971	0.0504119
0.972	0.0560516
0.973	0.0623084
0.974	0.0692481
0.975	0.0769438
0.976	0.0854757
0.977	0.0949328
0.978	0.105413
0.979	0.117025
0.98	0.129887
0.981	0.144131
0.982	0.159903
0.983	0.177362
0.984	0.196685
0.985	0.218067
0.986	0.241722
0.987	0.267885
0.988	0.296818
0.989	0.328808
0.99	0.364168
0.991	0.403248
0.992	0.44643
0.993	0.494133
0.994	0.546822
0.995	0.605006
0.996	0.669244
0.997	0.740152
0.998	0.818405
0.999	0.904747
0	0.999965
0.001	0.904745
0.002	0.818414
0.003	0.740163
0.004	0.669253
0.005	0.605011
0.006	0.546822
0.007	0.494129
0.008	0.446423
0.009	0.40324
0.01	0.36416
0.011	0.3288
0.012	0.296813
0.013	0.267882
0.014	0.241721
0.015	0.218068
0.016	0.196689
0.017	0.177367
0.018	0.159909
0.019	0.144138
0.02	0.129894
0.021	0.117031
0.022	0.105419
0.023	0.0949374
0.024	0.0854788
0.025	0.0769452
0.026	0.0692478
0.027	0.0623064
0.028	0.0560481
0.029	0.0504071
0.03	0.0453238
0.031	0.040744
0.032	0.0366189
0.033	0.0329043
0.034	0.02956
0.035	0.0265499
0.036	0.0238412
0.037	0.0214042
0.038	0.0192122
0.039	0.0172409
0.04	0.0154685
0.041	0.0138752
0.042	0.0124432
0.043	0.0111564
0.044	0.0100002
0.045	0.00896162
0.046	0.00802883
0.047	0.00719119
0.048	0.00643914
0.049	0.00576407
0.05	0.00515821
0.051	0.00461459
0.052	0.00412694
0.053	0.00368962
0.054	0.00329754
0.055	0.00294616
0.056	0.00263135
0.057	0.00234945
0.058	0.00209712
0.059	0.00187137
0.06	0.0016695
0.061	0.00148911
0.062	0.00132798
0.063	0.00118416
0.064	0.00105585
0.065	0.000941437
0.066	0.000839474
0.067	0.000748639
0.068	0.00066774
0.069	0.0005957
0.07	0.000531545
0.071	0.000474398
0.072	0.000423467
0.073	0.000378041
0.074	0.000337482
0.075	0.000301222
0.076	0.000268754
0.077	0.000239631
0.078	0.000213461
0.079	0.000189902
0.08	0.000168656
0.081	0.000149471
0.082	0.000132131
0.083	0.000116456
0.084	0.000102295
0.085	8.95251e-05
0.086	7.80445e-05
0.087	6.77705e-05
0.088	5.86342e-05
0.089	5.05769e-05
0.09	4.35462e-05
0.091	3.74918e-05
0.092	3.2363e-05
0.093	2.81047e-05
0.094	2.46555e-05
0.095	2.19455e-05
0.096	1.9895e-05
0.097	1.84141e-05
0.098	1.7403e-05
0.099	1.67532e-05
0.1	1.63496e-05
0.101	1.60738e-05
0.102	1.58083e-05
0.103	1.54409e-05
0.104	1.48711e-05
0.105	1.40154e-05
0.106	1.28147e-05
0.107	1.12401e-05
0.108	9.29888e-06
0.109	7.03966e-06
0.11	4.55521e-06
0.111	1.98313e-06
0.112	-4.97016e-07
0.113	-2.67131e-06
0.114	-4.30498e-06
0.115	-5.16336e-06
0.116	-5.04212e-06
0.117	-3.80874e-06
0.118	-1.45741e-06
0.119	1.81991e-06
0.12	5.54362e-06
0.121	8.83431e-06
0.122	1.0275e-05
0.123	7.74349e-06
0.124	-1.78925e-06
0.125	3.3313e-08
0.126	3.3313e-08
0.127	3.3313e-08
0.128	3.3313e-08
0.129	3.3313e-08
0.13	3.3313e-08
0.131	3.3313e-08
0.132	3.3313e-08
0.133	3.3313e-08
0.134	3.3313e-08
0.135	3.3313e-08
0.136	3.3313e-08
0.137	3.3313e-08
0.138	3.3313e-08
0.139	3.3313e-08
0.14	3.3313e-08
0.141	3.3313e-08
0.142	3.3313e-08
0.143	3.3313e-08
0.144	3.3313e-08
0.145	3.3313e-08
0.146	3.3313e-08
0.147	3.3313e-08
0.148	3.3313e-08
0.149	3.3313e-08
0.15	3.3313e-08
0.151	3.3313e-08
0.152	3.3313e-08
0.153	3.3313e-08
0.154	3.3313e-08
0.155	3.3313e-08
0.156	3.3313e-08
0.157	3.3313e-08
0.158	3.3313e-08
0.159	3.3313e-08
0.16	3.3313e-08
0.161	3.3313e-08
0.162	3.3313e-08
0.163	3.3313e-08
0.164	3.3313e-08
0.165	3.3313e-08
0.166	3.3313e-08
0.167	3.3313e-08
0.168	3.3313e-08
0.169	3.3313e-08
0.17	3.3313e-08
0.171	3.3313e-08
0.172	3.3313e-08
0.173	3.3313e-08
0.174	3.3313e-08
0.175	3.3313e-08
0.176	3.3313e-08
0.177	3.3313e-08
0.178	3.3313e-08
0.179	3.3313e-08
0.18	3.3313e-08
0.181	3.3313e-08
0.182	3.3313e-08
0.183	3.3313e-08
0.184	3.3313e-08
0.185	3.3313e-08
0.186	3.3313e-08
0.187	3.3313e-08
0.188	3.3313e-08
0.189	3.3313e-08
0.19	3.3313e-08
0.191	3.3313e-08
0.192	3.3313e-08
0.193	3.3313e-08
0.194	3.3313e-08
0.195	3.3313e-08
0.196	3.3313e-08
0.197	3.3313e-08
0.198	3.3313e-08
0.199	3.3313e-08
0.2	3.3313e-08
0.201	3.3313e-08
0.202	3.3313e-08
0.203	3.3313e-08
0.204	3.3313e-08
0.205	3.3313e-08
0.206	3.3313e-08
0.207	3.3313e-08
0.208	3.3313e-08
0.209	3.3313e-08
0.21	3.3313e-08
0.211	3.3313e-08
0.212	3.3313e-08
0.213	3.3313e-08
0.214	3.3313e-08
0.215	3.3313e-08
0.216	3.3313e-08
0.217	3.3313e-08
0.218	3.3313e-08
0.219	3.3313e-08
0.22	3.3313e-08
0.221	3.3313e-08
0.222	3.3313e-08
0.223	3.3313e-08
0.224	3.3313e-08
0.225	3.3313e-08
0.226	3.3313e-08
0.227	3.3313e-08
0.228	3.3313e-08
0.229	3.3313e-08
0.23	3.3313e-08
0.231	3.3313e-08
0.232	3.3313e-08
0.233	3.3313e-08
0.234	3.3313e-08
0.235	3.3313e-08
0.236	3.3313e-08
0.237	3.3313e-08
0.238	3.3313e-08
0.239	3.3313e-08
0.24	3.3313e-08
0.241	3.3313e-08
0.242	3.3313e-08
0.243	3.3313e-08
0.244	3.3313e-08
0.245	3.3313e-08
0.246	3.3313e-08
0.247	3.3313e-08
0.248	3.3313e-08
0.249	3.3313e-08
