# Interpolation data for function: (2*x-1)^50
0	0.838598
0.001	0.785444
0.002	0.734884
0.003	0.686819
0.004	0.641152
0.005	0.597791
0.006	0.556646
0.007	0.517628
0.008	0.480654
0.009	0.445641
0.01	0.412509
0.011	0.381182
0.012	0.351585
0.013	0.323646
0.014	0.297296
0.015	0.272465
0.016	0.249091
0.017	0.227108
0.018	0.206457
0.019	0.187078
0.02	0.168914
0.021	0.151911
0.022	0.136014
0.023	0.121173
0.024	0.107339
0.025	0.0944626
0.026	0.0824989
0.027	0.071403
0.028	0.0611323
0.029	0.0516454
0.03	0.0429025
0.031	0.0348654
0.032	0.0274972
0.033	0.0207625
0.034	0.0146271
0.035	0.00905824
0.036	0.00402438
0.037	-0.000504776
0.038	-0.00455832
0.039	-0.00816418
0.04	-0.0113492
0.041	-0.014139
0.042	-0.0165582
0.043	-0.0186306
0.044	-0.0203786
0.045	-0.021824
0.046	-0.0229874
0.047	-0.0238886
0.048	-0.0245466
0.049	-0.0249795
0.05	-0.0252044
0.051	-0.0252379
0.052	-0.0250955
0.053	-0.0247923
0.054	-0.0243425
0.055	-0.0237595
0.056	-0.0230562
0.057	-0.0222448
0.058	-0.0213368
0.059	-0.0203433
0.06	-0.0192746
0.061	-0.0181404
0.062	-0.0169501
0.063	-0.0157125
0.064	-0.0144356
0.065	-0.0131274
0.066	-0.011795
0.067	-0.0104454
0.068	-0.00908484
0.069	-0.00771939
0.07	-0.00635463
0.071	-0.00499574
0.072	-0.00364756
0.073	-0.00231456
0.074	-0.00100089
0.075	0.00028964
0.076	0.00155353
0.077	0.00278759
0.078	0.00398888
0.079	0.00515477
0.08	0.00628287
0.081	0.00737104
0.082	0.00841738
0.083	0.00942023
0.084	0.0103781
0.085	0.0112898
0.086	0.0121542
0.087	0.0129705
0.088	0.0137379
0.089	0.014456
0.09	0.0151243
0.091	0.0157426
0.092	0.0163109
0.093	0.0168291
0.094	0.0172975
0.095	0.0177164
0.096	0.0180861
0.097	0.0184071
0.098	0.0186801
0.099	0.0189057
0.1	0.0190847
0.101	0.0192179
0.102	0.0193063
0.103	0.0193508
0.104	0.0193525
0.105	0.0193125
0.106	0.0192319
0.107	0.0191119
0.108	0.0189538
0.109	0.0187589
0.11	0.0185283
0.111	0.0182635
0.112	0.0179658
0.113	0.0176367
0.114	0.0172774
0.115	0.0168894
0.116	0.0164741
0.117	0.0160329
0.118	0.0155674
0.119	0.0150788
0.12	0.0145686
0.121	0.0140382
0.122	0.0134892
0.123	0.0129228
0.124	0.0123404
0.125	0.0117435
0.126	0.0111335
0.127	0.0105116
0.128	0.0098793
0.129	0.0092378
0.13	0.00858845
0.131	0.00793251
0.132	0.00727124
0.133	0.00660586
0.134	0.00593757
0.135	0.00526755
0.136	0.00459694
0.137	0.00392686
0.138	0.0032584
0.139	0.0025926
0.14	0.00193051
0.141	0.0012731
0.142	0.000621344
0.143	-2.38282e-05
0.144	-0.000661521
0.145	-0.00129087
0.146	-0.00191105
0.147	-0.00252126
0.148	-0.00312073
0.149	-0.00370875
0.15	-0.00428461
0.151	-0.00484765
0.152	-0.00539724
0.153	-0.00593279
0.154	-0.00645374
0.155	-0.00695957
0.156	-0.00744977
0.157	-0.00792389
0.158	-0.00838149
0.159	-0.00882219
0.16	-0.00924562
0.161	-0.00965144
0.162	-0.0100394
0.163	-0.0104091
0.164	-0.0107604
0.165	-0.0110931
0.166	-0.011407
0.167	-0.0117019
0.168	-0.0119777
0.169	-0.0122344
0.17	-0.0124717
0.171	-0.0126898
0.172	-0.0128886
0.173	-0.0130681
0.174	-0.0132283
0.175	-0.0133693
0.176	-0.0134911
0.177	-0.0135939
0.178	-0.0136779
0.179	-0.013743
0.18	-0.0137896
0.181	-0.0138177
0.182	-0.0138277
0.183	-0.0138197
0.184	-0.013794
0.185	-0.0137508
0.186	-0.0136904
0.187	-0.0136131
0.188	-0.0135192
0.189	-0.0134091
0.19	-0.0132831
0.191	-0.0131415
0.192	-0.0129847
0.193	-0.012813
0.194	-0.0126269
0.195	-0.0124268
0.196	-0.012213
0.197	-0.011986
0.198	-0.0117462
0.199	-0.0114941
0.2	-0.01123
0.201	-0.0109545
0.202	-0.0106679
0.203	-0.0103708
0.204	-0.0100635
0.205	-0.00974668
0.206	-0.00942066
0.207	-0.00908597
0.208	-0.00874306
0.209	-0.00839244
0.21	-0.00803456
0.211	-0.00766993
0.212	-0.00729902
0.213	-0.0069223
0.214	-0.00654028
0.215	-0.00615342
0.216	-0.0057622
0.217	-0.00536711
0.218	-0.00496861
0.219	-0.00456719
0.22	-0.0041633
0.221	-0.00375741
0.222	-0.00334999
0.223	-0.00294148
0.224	-0.00253235
0.225	-0.00212303
0.226	-0.00171397
0.227	-0.0013056
0.228	-0.000898354
0.229	-0.000492646
0.23	-8.88937e-05
0.231	0.000312496
0.232	0.000711124
0.233	0.0011066
0.234	0.00149853
0.235	0.00188655
0.236	0.00227029
0.237	0.00264939
0.238	0.00302351
0.239	0.00339229
0.24	0.00375541
0.241	0.00411256
0.242	0.0044634
0.243	0.00480766
0.244	0.00514502
0.245	0.00547522
0.246	0.00579798
0.247	0.00611303
0.248	0.00642013
0.249	0.00671904
0.25	0.00700952
0.251	0.00729136
0.252	0.00756435
0.253	0.00782829
0.254	0.00808299
0.255	0.00832828
0.256	0.00856399
0.257	0.00878996
0.258	0.00900606
0.259	0.00921215
0.26	0.0094081
0.261	0.00959381
0.262	0.00976917
0.263	0.0099341
0.264	0.0100885
0.265	0.0102323
0.266	0.0103655
0.267	0.010488
0.268	0.0105998
0.269	0.0107008
0.27	0.010791
0.271	0.0108704
0.272	0.0109391
0.273	0.010997
0.274	0.0110441
0.275	0.0110805
0.276	0.0111062
0.277	0.0111213
0.278	0.0111259
0.279	0.0111199
0.28	0.0111035
0.281	0.0110768
0.282	0.0110398
0.283	0.0109927
0.284	0.0109355
0.285	0.0108684
0.286	0.0107915
0.287	0.0107049
0.288	0.0106089
0.289	0.0105034
0.29	0.0103887
0.291	0.010265
0.292	0.0101324
0.293	0.00999099
0.294	0.00984109
0.295	0.00968283
0.296	0.00951641
0.297	0.00934202
0.298	0.00915985
0.299	0.00897013
0.3	0.00877306
0.301	0.00856886
0.302	0.00835774
0.303	0.00813994
0.304	0.00791568
0.305	0.00768519
0.306	0.00744871
0.307	0.00720648
0.308	0.00695874
0.309	0.00670574
0.31	0.00644772
0.311	0.00618493
0.312	0.00591763
0.313	0.00564607
0.314	0.00537051
0.315	0.00509119
0.316	0.00480839
0.317	0.00452236
0.318	0.00423336
0.319	0.00394166
0.32	0.0036475
0.321	0.00335117
0.322	0.00305291
0.323	0.00275299
0.324	0.00245167
0.325	0.00214921
0.326	0.00184587
0.327	0.00154191
0.328	0.00123759
0.329	0.000933165
0.33	0.000628885
0.331	0.000325006
0.332	2.17795e-05
0.333	-0.000280546
0.334	-0.000581724
0.335	-0.000881509
0.336	-0.00117966
0.337	-0.00147594
0.338	-0.00177011
0.339	-0.00206194
0.34	-0.0023512
0.341	-0.00263766
0.342	-0.0029211
0.343	-0.0032013
0.344	-0.00347805
0.345	-0.00375113
0.346	-0.00402034
0.347	-0.00428547
0.348	-0.00454633
0.349	-0.00480272
0.35	-0.00505446
0.351	-0.00530135
0.352	-0.00554321
0.353	-0.00577988
0.354	-0.00601118
0.355	-0.00623695
0.356	-0.00645703
0.357	-0.00667125
0.358	-0.00687948
0.359	-0.00708156
0.36	-0.00727737
0.361	-0.00746676
0.362	-0.00764961
0.363	-0.0078258
0.364	-0.00799521
0.365	-0.00815773
0.366	-0.00831326
0.367	-0.00846169
0.368	-0.00860295
0.369	-0.00873693
0.37	-0.00886355
0.371	-0.00898275
0.372	-0.00909446
0.373	-0.00919861
0.374	-0.00929514
0.375	-0.00938401
0.376	-0.00946516
0.377	-0.00953857
0.378	-0.00960419
0.379	-0.00966201
0.38	-0.009712
0.381	-0.00975414
0.382	-0.00978843
0.383	-0.00981487
0.384	-0.00983346
0.385	-0.0098442
0.386	-0.00984711
0.387	-0.00984222
0.388	-0.00982955
0.389	-0.00980913
0.39	-0.009781
0.391	-0.00974521
0.392	-0.00970179
0.393	-0.00965082
0.394	-0.00959234
0.395	-0.00952643
0.396	-0.00945314
0.397	-0.00937257
0.398	-0.00928479
0.399	-0.00918988
0.4	-0.00908795
0.401	-0.00897907
0.402	-0.00886336
0.403	-0.00874092
0.404	-0.00861186
0.405	-0.0084763
0.406	-0.00833435
0.407	-0.00818613
0.408	-0.00803178
0.409	-0.00787143
0.41	-0.00770521
0.411	-0.00753326
0.412	-0.00735572
0.413	-0.00717275
0.414	-0.00698449
0.415	-0.00679109
0.416	-0.00659272
0.417	-0.00638954
0.418	-0.0061817
0.419	-0.00596937
0.42	-0.00575273
0.421	-0.00553194
0.422	-0.00530718
0.423	-0.00507863
0.424	-0.00484647
0.425	-0.00461087
0.426	-0.00437203
0.427	-0.00413012
0.428	-0.00388533
0.429	-0.00363786
0.43	-0.00338788
0.431	-0.00313561
0.432	-0.00288121
0.433	-0.0026249
0.434	-0.00236687
0.435	-0.0021073
0.436	-0.0018464
0.437	-0.00158437
0.438	-0.0013214
0.439	-0.00105768
0.44	-0.000793427
0.441	-0.000528824
0.442	-0.000264073
0.443	6.29562e-07
0.444	0.000265087
0.445	0.000529102
0.446	0.000792479
0.447	0.00105503
0.448	0.00131654
0.449	0.00157685
0.45	0.00183574
0.451	0.00209303
0.452	0.00234853
0.453	0.00260205
0.454	0.00285342
0.455	0.00310244
0.456	0.00334893
0.457	0.00359271
0.458	0.00383362
0.459	0.00407146
0.46	0.00430607
0.461	0.00453728
0.462	0.00476492
0.463	0.00498883
0.464	0.00520884
0.465	0.0054248
0.466	0.00563654
0.467	0.00584393
0.468	0.0060468
0.469	0.00624502
0.47	0.00643844
0.471	0.00662691
0.472	0.00681032
0.473	0.00698851
0.474	0.00716138
0.475	0.00732878
0.476	0.00749061
0.477	0.00764675
0.478	0.00779708
0.479	0.0079415
0.48	0.00807991
0.481	0.00821221
0.482	0.00833829
0.483	0.00845808
0.484	0.00857149
0.485	0.00867843
0.486	0.00877884
0.487	0.00887263
0.488	0.00895974
0.489	0.00904012
0.49	0.0091137
0.491	0.00918043
0.492	0.00924026
0.493	0.00929315
0.494	0.00933907
0.495	0.00937798
0.496	0.00940985
0.497	0.00943467
0.498	0.0094524
0.499	0.00946305
0.5	0.0094666
0.501	0.00946305
0.502	0.0094524
0.503	0.00943467
0.504	0.00940985
0.505	0.00937798
0.506	0.00933907
0.507	0.00929315
0.508	0.00924026
0.509	0.00918043
0.51	0.0091137
0.511	0.00904012
0.512	0.00895974
0.513	0.00887263
0.514	0.00877884
0.515	0.00867843
0.516	0.00857149
0.517	0.00845808
0.518	0.00833829
0.519	0.00821221
0.52	0.00807991
0.521	0.0079415
0.522	0.00779708
0.523	0.00764675
0.524	0.00749061
0.525	0.00732878
0.526	0.00716138
0.527	0.00698851
0.528	0.00681032
0.529	0.00662691
0.53	0.00643844
0.531	0.00624502
0.532	0.0060468
0.533	0.00584393
0.534	0.00563654
0.535	0.0054248
0.536	0.00520884
0.537	0.00498883
0.538	0.00476492
0.539	0.00453728
0.54	0.00430607
0.541	0.00407146
0.542	0.00383362
0.543	0.00359271
0.544	0.00334893
0.545	0.00310244
0.546	0.00285342
0.547	0.00260205
0.548	0.00234853
0.549	0.00209303
0.55	0.00183574
0.551	0.00157685
0.552	0.00131654
0.553	0.00105503
0.554	0.000792479
0.555	0.000529102
0.556	0.000265087
0.557	6.29562e-07
0.558	-0.000264073
0.559	-0.000528824
0.56	-0.000793427
0.561	-0.00105768
0.562	-0.0013214
0.563	-0.00158437
0.564	-0.0018464
0.565	-0.0021073
0.566	-0.00236687
0.567	-0.0026249
0.568	-0.00288121
0.569	-0.00313561
0.57	-0.00338788
0.571	-0.00363786
0.572	-0.00388533
0.573	-0.00413012
0.574	-0.00437203
0.575	-0.00461087
0.576	-0.00484647
0.577	-0.00507863
0.578	-0.00530718
0.579	-0.00553194
0.58	-0.00575273
0.581	-0.00596937
0.582	-0.0061817
0.583	-0.00638954
0.584	-0.00659272
0.585	-0.00679109
0.586	-0.00698449
0.587	-0.00717275
0.588	-0.00735572
0.589	-0.00753326
0.59	-0.00770521
0.591	-0.00787143
0.592	-0.00803178
0.593	-0.00818613
0.594	-0.00833435
0.595	-0.0084763
0.596	-0.00861186
0.597	-0.00874092
0.598	-0.00886336
0.599	-0.00897907
0.6	-0.00908795
0.601	-0.00918988
0.602	-0.00928479
0.603	-0.00937257
0.604	-0.00945314
0.605	-0.00952643
0.606	-0.00959234
0.607	-0.00965082
0.608	-0.00970179
0.609	-0.00974521
0.61	-0.009781
0.611	-0.00980913
0.612	-0.00982955
0.613	-0.00984222
0.614	-0.00984711
0.615	-0.0098442
0.616	-0.00983346
0.617	-0.00981487
0.618	-0.00978843
0.619	-0.00975414
0.62	-0.009712
0.621	-0.00966201
0.622	-0.00960419
0.623	-0.00953857
0.624	-0.00946516
0.625	-0.00938401
0.626	-0.00929514
0.627	-0.00919861
0.628	-0.00909446
0.629	-0.00898275
0.63	-0.00886355
0.631	-0.00873693
0.632	-0.00860295
0.633	-0.00846169
0.634	-0.00831326
0.635	-0.00815773
0.636	-0.00799521
0.637	-0.0078258
0.638	-0.00764961
0.639	-0.00746676
0.64	-0.00727737
0.641	-0.00708156
0.642	-0.00687948
0.643	-0.00667125
0.644	-0.00645703
0.645	-0.00623695
0.646	-0.00601118
0.647	-0.00577988
0.648	-0.00554321
0.649	-0.00530135
0.65	-0.00505446
0.651	-0.00480272
0.652	-0.00454633
0.653	-0.00428547
0.654	-0.00402034
0.655	-0.00375113
0.656	-0.00347805
0.657	-0.0032013
0.658	-0.0029211
0.659	-0.00263766
0.66	-0.0023512
0.661	-0.00206194
0.662	-0.00177011
0.663	-0.00147594
0.664	-0.00117966
0.665	-0.000881509
0.666	-0.000581724
0.667	-0.000280546
0.668	2.17795e-05
0.669	0.000325006
0.67	0.000628885
0.671	0.000933165
0.672	0.00123759
0.673	0.00154191
0.674	0.00184587
0.675	0.00214921
0.676	0.00245167
0.677	0.00275299
0.678	0.00305291
0.679	0.00335117
0.68	0.0036475
0.681	0.00394166
0.682	0.00423336
0.683	0.00452236
0.684	0.00480839
0.685	0.00509119
0.686	0.00537051
0.687	0.00564607
0.688	0.00591763
0.689	0.00618493
0.69	0.00644772
0.691	0.00670574
0.692	0.00695874
0.693	0.00720648
0.694	0.00744871
0.695	0.00768519
0.696	0.00791568
0.697	0.00813994
0.698	0.00835774
0.699	0.00856886
0.7	0.00877306
0.701	0.00897013
0.702	0.00915985
0.703	0.00934202
0.704	0.00951641
0.705	0.00968283
0.706	0.00984109
0.707	0.00999099
0.708	0.0101324
0.709	0.010265
0.71	0.0103887
0.711	0.0105034
0.712	0.0106089
0.713	0.0107049
0.714	0.0107915
0.715	0.0108684
0.716	0.0109355
0.717	0.0109927
0.718	0.0110398
0.719	0.0110768
0.72	0.0111035
0.721	0.0111199
0.722	0.0111259
0.723	0.0111213
0.724	0.0111062
0.725	0.0110805
0.726	0.0110441
0.727	0.010997
0.728	0.0109391
0.729	0.0108704
0.73	0.010791
0.731	0.0107008
0.732	0.0105998
0.733	0.010488
0.734	0.0103655
0.735	0.0102323
0.736	0.0100885
0.737	0.0099341
0.738	0.00976917
0.739	0.00959381
0.74	0.0094081
0.741	0.00921215
0.742	0.00900606
0.743	0.00878996
0.744	0.00856399
0.745	0.00832828
0.746	0.00808299
0.747	0.00782829
0.748	0.00756435
0.749	0.00729136
0.75	0.00700952
0.751	0.00671904
0.752	0.00642013
0.753	0.00611303
0.754	0.00579798
0.755	0.00547522
0.756	0.00514502
0.757	0.00480766
0.758	0.0044634
0.759	0.00411256
0.76	0.00375541
0.761	0.00339229
0.762	0.00302351
0.763	0.00264939
0.764	0.00227029
0.765	0.00188655
0.766	0.00149853
0.767	0.0011066
0.768	0.000711124
0.769	0.000312496
0.77	-8.88937e-05
0.771	-0.000492646
0.772	-0.000898354
0.773	-0.0013056
0.774	-0.00171397
0.775	-0.00212303
0.776	-0.00253235
0.777	-0.00294148
0.778	-0.00334999
0.779	-0.00375741
0.78	-0.0041633
0.781	-0.00456719
0.782	-0.00496861
0.783	-0.00536711
0.784	-0.0057622
0.785	-0.00615342
0.786	-0.00654028
0.787	-0.0069223
0.788	-0.00729902
0.789	-0.00766993
0.79	-0.00803456
0.791	-0.00839244
0.792	-0.00874306
0.793	-0.00908597
0.794	-0.00942066
0.795	-0.00974668
0.796	-0.0100635
0.797	-0.0103708
0.798	-0.0106679
0.799	-0.0109545
0.8	-0.01123
0.801	-0.0114941
0.802	-0.0117462
0.803	-0.011986
0.804	-0.012213
0.805	-0.0124268
0.806	-0.0126269
0.807	-0.012813
0.808	-0.0129847
0.809	-0.0131415
0.81	-0.0132831
0.811	-0.0134091
0.812	-0.0135192
0.813	-0.0136131
0.814	-0.0136904
0.815	-0.0137508
0.816	-0.013794
0.817	-0.0138197
0.818	-0.0138277
0.819	-0.0138177
0.82	-0.0137896
0.821	-0.013743
0.822	-0.0136779
0.823	-0.0135939
0.824	-0.0134911
0.825	-0.0133693
0.826	-0.0132283
0.827	-0.0130681
0.828	-0.0128886
0.829	-0.0126898
0.83	-0.0124717
0.831	-0.0122344
0.832	-0.0119777
0.833	-0.0117019
0.834	-0.011407
0.835	-0.0110931
0.836	-0.0107604
0.837	-0.0104091
0.838	-0.0100394
0.839	-0.00965144
0.84	-0.00924562
0.841	-0.00882219
0.842	-0.00838149
0.843	-0.00792389
0.844	-0.00744977
0.845	-0.00695957
0.846	-0.00645374
0.847	-0.00593279
0.848	-0.00539724
0.849	-0.00484765
0.85	-0.00428461
0.851	-0.00370875
0.852	-0.00312073
0.853	-0.00252126
0.854	-0.00191105
0.855	-0.00129087
0.856	-0.000661521
0.857	-2.38282e-05
0.858	0.000621344
0.859	0.0012731
0.86	0.00193051
0.861	0.0025926
0.862	0.0032584
0.863	0.00392686
0.864	0.00459694
0.865	0.00526755
0.866	0.00593757
0.867	0.00660586
0.868	0.00727124
0.869	0.00793251
0.87	0.00858845
0.871	0.0092378
0.872	0.0098793
0.873	0.0105116
0.874	0.0111335
0.875	0.0117435
0.876	0.0123404
0.877	0.0129228
0.878	0.0134892
0.879	0.0140382
0.88	0.0145686
0.881	0.0150788
0.882	0.0155674
0.883	0.0160329
0.884	0.0164741
0.885	0.0168894
0.886	0.0172774
0.887	0.0176367
0.888	0.0179658
0.889	0.0182635
0.89	0.0185283
0.891	0.0187589
0.892	0.0189538
0.893	0.0191119
0.894	0.0192319
0.895	0.0193125
0.896	0.0193525
0.897	0.0193508
0.898	0.0193063
0.899	0.0192179
0.9	0.0190847
0.901	0.0189057
0.902	0.0186801
0.903	0.0184071
0.904	0.0180861
0.905	0.0177164
0.906	0.0172975
0.907	0.0168291
0.908	0.0163109
0.909	0.0157426
0.91	0.0151243
0.911	0.014456
0.912	0.0137379
0.913	0.0129705
0.914	0.0121542
0.915	0.0112898
0.916	0.0103781
0.917	0.00942023
0.918	0.00841738
0.919	0.00737104
0.92	0.00628287
0.921	0.00515477
0.922	0.00398888
0.923	0.00278759
0.924	0.00155353
0.925	0.00028964
0.926	-0.00100089
0.927	-0.00231456
0.928	-0.00364756
0.929	-0.00499574
0.93	-0.00635463
0.931	-0.00771939
0.932	-0.00908484
0.933	-0.0104454
0.934	-0.011795
0.935	-0.0131274
0.936	-0.0144356
0.937	-0.0157125
0.938	-0.0169501
0.939	-0.0181404
0.94	-0.0192746
0.941	-0.0203433
0.942	-0.0213368
0.943	-0.0222448
0.944	-0.0230562
0.945	-0.0237595
0.946	-0.0243425
0.947	-0.0247923
0.948	-0.0250955
0.949	-0.0252379
0.95	-0.0252044
0.951	-0.0249795
0.952	-0.0245466
0.953	-0.0238886
0.954	-0.0229874
0.955	-0.021824
0.956	-0.0203786
0.957	-0.0186306
0.958	-0.0165582
0.959	-0.014139
0.96	-0.0113492
0.961	-0.00816418
0.962	-0.00455832
0.963	-0.000504776
0.964	0.00402438
0.965	0.00905824
0.966	0.0146271
0.967	0.0207625
0.968	0.0274972
0.969	0.0348654
0.97	0.0429025
0.971	0.0516454
0.972	0.0611323
0.973	0.071403
0.974	0.0824989
0.975	0.0944626
0.976	0.107339
0.977	0.121173
0.978	0.136014
0.979	0.151911
0.98	0.168914
0.981	0.187078
0.982	0.206457
0.983	0.227108
0.984	0.249091
0.985	0.272465
0.986	0.297296
0.987	0.323646
0.988	0.351585
0.989	0.381182
0.99	0.412509
0.991	0.445641
0.992	0.480654
0.993	0.517628
0.994	0.556646
0.995	0.597791
0.996	0.641152
0.997	0.686819
0.998	0.734884
0.999	0.785444
