# Interpolation data for function: (2*x-1)^50
0	1
0.001	0.904747
0.002	0.818403
0.003	0.740149
0.004	0.669243
0.005	0.605006
0.006	0.546824
0.007	0.494135
0.008	0.446432
0.009	0.40325
0.01	0.36417
0.011	0.328808
0.012	0.296818
0.013	0.267885
0.014	0.24172
0.015	0.218065
0.016	0.196684
0.017	0.17736
0.018	0.159901
0.019	0.14413
0.02	0.129886
0.021	0.117024
0.022	0.105413
0.023	0.0949333
0.024	0.0854766
0.025	0.076945
0.026	0.0692495
0.027	0.0623098
0.028	0.0560531
0.029	0.0504133
0.03	0.0453307
0.031	0.0407513
0.032	0.0366262
0.033	0.0329112
0.034	0.0295662
0.035	0.0265551
0.036	0.0238451
0.037	0.0214067
0.038	0.0192132
0.039	0.0172404
0.04	0.0154665
0.041	0.0138719
0.042	0.0124387
0.043	0.0111509
0.044	0.00999409
0.045	0.00895511
0.046	0.00802221
0.047	0.00718475
0.048	0.00643314
0.049	0.00575875
0.05	0.00515379
0.051	0.00461124
0.052	0.00412478
0.053	0.00368872
0.054	0.00329794
0.055	0.00294781
0.056	0.00263418
0.057	0.00235333
0.058	0.00210189
0.059	0.00187683
0.06	0.00167543
0.061	0.00149526
0.062	0.00133412
0.063	0.00119004
0.064	0.00106124
0.065	0.000946129
0.066	0.000843283
0.067	0.000751418
0.068	0.000669383
0.069	0.000596145
0.07	0.000530777
0.071	0.000472451
0.072	0.00042042
0.073	0.000374018
0.074	0.000332647
0.075	0.000295772
0.076	0.000262912
0.077	0.000233639
0.078	0.000207567
0.079	0.000184354
0.08	0.00016369
0.081	0.000145302
0.082	0.000128943
0.083	0.000114393
0.084	0.000101456
0.085	8.99558e-05
0.086	7.97357e-05
0.087	7.06559e-05
0.088	6.25912e-05
0.089	5.54303e-05
0.09	4.90736e-05
0.091	4.34324e-05
0.092	3.84276e-05
0.093	3.39886e-05
0.094	3.00527e-05
0.095	2.65638e-05
0.096	2.3472e-05
0.097	2.07331e-05
0.098	1.83075e-05
0.099	1.616e-05
0.1	1.42594e-05
0.101	1.25779e-05
0.102	1.10906e-05
0.103	9.77572e-06
0.104	8.61359e-06
0.105	7.58688e-06
0.106	6.68017e-06
0.107	5.87976e-06
0.108	5.1735e-06
0.109	4.55057e-06
0.11	4.0014e-06
0.111	3.51749e-06
0.112	3.09129e-06
0.113	2.7161e-06
0.114	2.38599e-06
0.115	2.09569e-06
0.116	1.84054e-06
0.117	1.6164e-06
0.118	1.4196e-06
0.119	1.2469e-06
0.12	1.09542e-06
0.121	9.62609e-07
0.122	8.46216e-07
0.123	7.44243e-07
0.124	6.54928e-07
0.125	5.7671e-07
0.126	5.0821e-07
0.127	4.48213e-07
0.128	3.95645e-07
0.129	3.49561e-07
0.13	3.09128e-07
0.131	2.73615e-07
0.132	2.42379e-07
0.133	2.14856e-07
0.134	1.90555e-07
0.135	1.69045e-07
0.136	1.49952e-07
0.137	1.3295e-07
0.138	1.17757e-07
0.139	1.04131e-07
0.14	9.18619e-08
0.141	8.07715e-08
0.142	7.07071e-08
0.143	6.15394e-08
0.144	5.31598e-08
0.145	4.54771e-08
0.146	3.84157e-08
0.147	3.19132e-08
0.148	2.59188e-08
0.149	2.03911e-08
0.15	1.52972e-08
0.151	1.06111e-08
0.152	6.31198e-09
0.153	2.38401e-09
0.154	-1.18529e-09
0.155	-4.40565e-09
0.156	-7.28483e-09
0.157	-9.8293e-09
0.158	-1.20448e-08
0.159	-1.39367e-08
0.16	-1.55108e-08
0.161	-1.67732e-08
0.162	-1.77307e-08
0.163	-1.83914e-08
0.164	-1.87643e-08
0.165	-1.88598e-08
0.166	-1.86897e-08
0.167	-1.82671e-08
0.168	-1.76065e-08
0.169	-1.67237e-08
0.17	-1.56358e-08
0.171	-1.43611e-08
0.172	-1.29188e-08
0.173	-1.13291e-08
0.174	-9.61302e-09
0.175	-7.79194e-09
0.176	-5.88777e-09
0.177	-3.92264e-09
0.178	-1.91868e-09
0.179	1.02149e-10
0.18	2.11821e-09
0.181	4.10842e-09
0.182	6.05238e-09
0.183	7.93056e-09
0.184	9.72448e-09
0.185	1.14168e-08
0.186	1.29916e-08
0.187	1.44342e-08
0.188	1.57316e-08
0.189	1.68724e-08
0.19	1.78469e-08
0.191	1.8647e-08
0.192	1.92667e-08
0.193	1.97015e-08
0.194	1.9949e-08
0.195	2.00083e-08
0.196	1.98806e-08
0.197	1.95686e-08
0.198	1.90768e-08
0.199	1.84113e-08
0.2	1.75796e-08
0.201	1.65909e-08
0.202	1.54556e-08
0.203	1.41851e-08
0.204	1.27921e-08
0.205	1.12903e-08
0.206	9.69409e-09
0.207	8.01856e-09
0.208	6.27936e-09
0.209	4.49249e-09
0.21	2.67419e-09
0.211	8.40786e-10
0.212	-9.91439e-10
0.213	-2.80642e-09
0.214	-4.58841e-09
0.215	-6.32214e-09
0.216	-7.99294e-09
0.217	-9.58684e-09
0.218	-1.10907e-08
0.219	-1.24922e-08
0.22	-1.37803e-08
0.221	-1.49447e-08
0.222	-1.59765e-08
0.223	-1.6868e-08
0.224	-1.76127e-08
0.225	-1.82053e-08
0.226	-1.86422e-08
0.227	-1.89206e-08
0.228	-1.90396e-08
0.229	-1.89993e-08
0.23	-1.88011e-08
0.231	-1.8448e-08
0.232	-1.79438e-08
0.233	-1.72938e-08
0.234	-1.65044e-08
0.235	-1.55831e-08
0.236	-1.45383e-08
0.237	-1.33792e-08
0.238	-1.21162e-08
0.239	-1.07602e-08
0.24	-9.32257e-09
0.241	-7.8156e-09
0.242	-6.25176e-09
0.243	-4.64394e-09
0.244	-3.00524e-09
0.245	-1.34886e-09
0.246	3.11947e-10
0.247	1.96404e-09
0.248	3.59447e-09
0.249	5.19057e-09
0.25	6.74005e-09
0.251	8.23112e-09
0.252	9.65252e-09
0.253	1.09937e-08
0.254	1.22446e-08
0.255	1.33964e-08
0.256	1.44405e-08
0.257	1.53698e-08
0.258	1.61778e-08
0.259	1.6859e-08
0.26	1.74091e-08
0.261	1.78245e-08
0.262	1.8103e-08
0.263	1.82433e-08
0.264	1.8245e-08
0.265	1.81091e-08
0.266	1.78373e-08
0.267	1.74325e-08
0.268	1.68984e-08
0.269	1.62398e-08
0.27	1.54623e-08
0.271	1.45723e-08
0.272	1.3577e-08
0.273	1.24844e-08
0.274	1.13031e-08
0.275	1.00422e-08
0.276	8.71147e-09
0.277	7.32099e-09
0.278	5.88126e-09
0.279	4.40302e-09
0.28	2.89724e-09
0.281	1.37499e-09
0.282	-1.52619e-10
0.283	-1.67453e-09
0.284	-3.17979e-09
0.285	-4.65766e-09
0.286	-6.09768e-09
0.287	-7.48972e-09
0.288	-8.82406e-09
0.289	-1.00915e-08
0.29	-1.12833e-08
0.291	-1.23914e-08
0.292	-1.34084e-08
0.293	-1.43275e-08
0.294	-1.51427e-08
0.295	-1.58487e-08
0.296	-1.64412e-08
0.297	-1.69164e-08
0.298	-1.72717e-08
0.299	-1.7505e-08
0.3	-1.76154e-08
0.301	-1.76027e-08
0.302	-1.74674e-08
0.303	-1.72111e-08
0.304	-1.68362e-08
0.305	-1.63457e-08
0.306	-1.57435e-08
0.307	-1.50343e-08
0.308	-1.42235e-08
0.309	-1.3317e-08
0.31	-1.23214e-08
0.311	-1.1244e-08
0.312	-1.00925e-08
0.313	-8.87492e-09
0.314	-7.59995e-09
0.315	-6.27644e-09
0.316	-4.91355e-09
0.317	-3.52066e-09
0.318	-2.10731e-09
0.319	-6.83099e-10
0.32	7.4235e-10
0.321	2.15946e-09
0.322	3.55876e-09
0.323	4.93096e-09
0.324	6.26699e-09
0.325	7.55808e-09
0.326	8.79581e-09
0.327	9.97216e-09
0.328	1.10796e-08
0.329	1.21109e-08
0.33	1.30597e-08
0.331	1.39199e-08
0.332	1.46863e-08
0.333	1.53541e-08
0.334	1.59193e-08
0.335	1.63786e-08
0.336	1.67293e-08
0.337	1.69695e-08
0.338	1.7098e-08
0.339	1.71145e-08
0.34	1.70192e-08
0.341	1.68131e-08
0.342	1.64979e-08
0.343	1.60761e-08
0.344	1.55507e-08
0.345	1.49255e-08
0.346	1.42049e-08
0.347	1.33939e-08
0.348	1.24979e-08
0.349	1.15231e-08
0.35	1.04759e-08
0.351	9.36336e-09
0.352	8.19273e-09
0.353	6.97174e-09
0.354	5.70833e-09
0.355	4.41073e-09
0.356	3.0873e-09
0.357	1.74656e-09
0.358	3.97079e-10
0.359	-9.52531e-10
0.36	-2.29371e-09
0.361	-3.61799e-09
0.362	-4.91703e-09
0.363	-6.18269e-09
0.364	-7.40709e-09
0.365	-8.58262e-09
0.366	-9.70202e-09
0.367	-1.07584e-08
0.368	-1.17453e-08
0.369	-1.26567e-08
0.37	-1.34872e-08
0.371	-1.42317e-08
0.372	-1.48858e-08
0.373	-1.54456e-08
0.374	-1.5908e-08
0.375	-1.62704e-08
0.376	-1.65306e-08
0.377	-1.66874e-08
0.378	-1.674e-08
0.379	-1.66885e-08
0.38	-1.65333e-08
0.381	-1.62757e-08
0.382	-1.59176e-08
0.383	-1.54614e-08
0.384	-1.49102e-08
0.385	-1.42676e-08
0.386	-1.35378e-08
0.387	-1.27254e-08
0.388	-1.18357e-08
0.389	-1.08744e-08
0.39	-9.84745e-09
0.391	-8.76136e-09
0.392	-7.6229e-09
0.393	-6.43917e-09
0.394	-5.21751e-09
0.395	-3.96546e-09
0.396	-2.69075e-09
0.397	-1.40119e-09
0.398	-1.0468e-10
0.399	1.19087e-09
0.4	2.47758e-09
0.401	3.74764e-09
0.402	4.99337e-09
0.403	6.20726e-09
0.404	7.38202e-09
0.405	8.51059e-09
0.406	9.58624e-09
0.407	1.06026e-08
0.408	1.15535e-08
0.409	1.24335e-08
0.41	1.32373e-08
0.411	1.39602e-08
0.412	1.45981e-08
0.413	1.51472e-08
0.414	1.56044e-08
0.415	1.59671e-08
0.416	1.62333e-08
0.417	1.64015e-08
0.418	1.64709e-08
0.419	1.64413e-08
0.42	1.6313e-08
0.421	1.60869e-08
0.422	1.57646e-08
0.423	1.5348e-08
0.424	1.484e-08
0.425	1.42435e-08
0.426	1.35624e-08
0.427	1.28009e-08
0.428	1.19635e-08
0.429	1.10554e-08
0.43	1.00821e-08
0.431	9.04943e-09
0.432	7.9637e-09
0.433	6.83141e-09
0.434	5.65935e-09
0.435	4.45452e-09
0.436	3.22414e-09
0.437	1.97552e-09
0.438	7.16092e-10
0.439	-5.46662e-10
0.44	-1.80526e-09
0.441	-3.05225e-09
0.442	-4.28028e-09
0.443	-5.4821e-09
0.444	-6.65064e-09
0.445	-7.77902e-09
0.446	-8.86064e-09
0.447	-9.88915e-09
0.448	-1.08585e-08
0.449	-1.17632e-08
0.45	-1.25977e-08
0.451	-1.33574e-08
0.452	-1.40378e-08
0.453	-1.4635e-08
0.454	-1.51455e-08
0.455	-1.55664e-08
0.456	-1.58954e-08
0.457	-1.61305e-08
0.458	-1.62705e-08
0.459	-1.63146e-08
0.46	-1.62627e-08
0.461	-1.61151e-08
0.462	-1.58728e-08
0.463	-1.55373e-08
0.464	-1.51105e-08
0.465	-1.45952e-08
0.466	-1.39943e-08
0.467	-1.33114e-08
0.468	-1.25506e-08
0.469	-1.17165e-08
0.47	-1.08138e-08
0.471	-9.84809e-09
0.472	-8.82489e-09
0.473	-7.75027e-09
0.474	-6.63054e-09
0.475	-5.47229e-09
0.476	-4.2823e-09
0.477	-3.06754e-09
0.478	-1.83515e-09
0.479	-5.92318e-10
0.48	6.53675e-10
0.481	1.89555e-09
0.482	3.12605e-09
0.483	4.33799e-09
0.484	5.52429e-09
0.485	6.67804e-09
0.486	7.79251e-09
0.487	8.8612e-09
0.488	9.87788e-09
0.489	1.08366e-08
0.49	1.17319e-08
0.491	1.25584e-08
0.492	1.33114e-08
0.493	1.39864e-08
0.494	1.45796e-08
0.495	1.50875e-08
0.496	1.55072e-08
0.497	1.58361e-08
0.498	1.60724e-08
0.499	1.62148e-08
0.5	1.62623e-08
0.501	1.62148e-08
0.502	1.60724e-08
0.503	1.58361e-08
0.504	1.55072e-08
0.505	1.50875e-08
0.506	1.45796e-08
0.507	1.39864e-08
0.508	1.33114e-08
0.509	1.25584e-08
0.51	1.17319e-08
0.511	1.08366e-08
0.512	9.87788e-09
0.513	8.8612e-09
0.514	7.79251e-09
0.515	6.67804e-09
0.516	5.52429e-09
0.517	4.33799e-09
0.518	3.12605e-09
0.519	1.89555e-09
0.52	6.53676e-10
0.521	-5.92317e-10
0.522	-1.83515e-09
0.523	-3.06754e-09
0.524	-4.28229e-09
0.525	-5.47229e-09
0.526	-6.63054e-09
0.527	-7.75027e-09
0.528	-8.82489e-09
0.529	-9.84809e-09
0.53	-1.08138e-08
0.531	-1.17165e-08
0.532	-1.25506e-08
0.533	-1.33114e-08
0.534	-1.39943e-08
0.535	-1.45952e-08
0.536	-1.51105e-08
0.537	-1.55373e-08
0.538	-1.58728e-08
0.539	-1.61151e-08
0.54	-1.62627e-08
0.541	-1.63146e-08
0.542	-1.62705e-08
0.543	-1.61305e-08
0.544	-1.58954e-08
0.545	-1.55664e-08
0.546	-1.51455e-08
0.547	-1.4635e-08
0.548	-1.40378e-08
0.549	-1.33574e-08
0.55	-1.25977e-08
0.551	-1.17632e-08
0.552	-1.08585e-08
0.553	-9.88915e-09
0.554	-8.86064e-09
0.555	-7.77902e-09
0.556	-6.65064e-09
0.557	-5.4821e-09
0.558	-4.28028e-09
0.559	-3.05226e-09
0.56	-1.80526e-09
0.561	-5.46662e-10
0.562	7.16091e-10
0.563	1.97552e-09
0.564	3.22414e-09
0.565	4.45452e-09
0.566	5.65935e-09
0.567	6.83141e-09
0.568	7.9637e-09
0.569	9.04943e-09
0.57	1.00821e-08
0.571	1.10554e-08
0.572	1.19635e-08
0.573	1.28009e-08
0.574	1.35624e-08
0.575	1.42435e-08
0.576	1.484e-08
0.577	1.5348e-08
0.578	1.57646e-08
0.579	1.60869e-08
0.58	1.6313e-08
0.581	1.64413e-08
0.582	1.64709e-08
0.583	1.64015e-08
0.584	1.62333e-08
0.585	1.59671e-08
0.586	1.56044e-08
0.587	1.51472e-08
0.588	1.45981e-08
0.589	1.39602e-08
0.59	1.32373e-08
0.591	1.24335e-08
0.592	1.15535e-08
0.593	1.06026e-08
0.594	9.58624e-09
0.595	8.51059e-09
0.596	7.38202e-09
0.597	6.20726e-09
0.598	4.99337e-09
0.599	3.74764e-09
0.6	2.47758e-09
0.601	1.19087e-09
0.602	-1.04679e-10
0.603	-1.40119e-09
0.604	-2.69075e-09
0.605	-3.96546e-09
0.606	-5.21751e-09
0.607	-6.43917e-09
0.608	-7.6229e-09
0.609	-8.76136e-09
0.61	-9.84745e-09
0.611	-1.08744e-08
0.612	-1.18357e-08
0.613	-1.27254e-08
0.614	-1.35377e-08
0.615	-1.42676e-08
0.616	-1.49102e-08
0.617	-1.54614e-08
0.618	-1.59176e-08
0.619	-1.62757e-08
0.62	-1.65333e-08
0.621	-1.66885e-08
0.622	-1.674e-08
0.623	-1.66874e-08
0.624	-1.65306e-08
0.625	-1.62704e-08
0.626	-1.5908e-08
0.627	-1.54456e-08
0.628	-1.48858e-08
0.629	-1.42317e-08
0.63	-1.34872e-08
0.631	-1.26567e-08
0.632	-1.17453e-08
0.633	-1.07584e-08
0.634	-9.70202e-09
0.635	-8.58263e-09
0.636	-7.4071e-09
0.637	-6.1827e-09
0.638	-4.91703e-09
0.639	-3.61799e-09
0.64	-2.29371e-09
0.641	-9.52532e-10
0.642	3.97078e-10
0.643	1.74656e-09
0.644	3.0873e-09
0.645	4.41073e-09
0.646	5.70833e-09
0.647	6.97173e-09
0.648	8.19273e-09
0.649	9.36335e-09
0.65	1.04759e-08
0.651	1.15231e-08
0.652	1.24979e-08
0.653	1.33939e-08
0.654	1.42049e-08
0.655	1.49255e-08
0.656	1.55507e-08
0.657	1.60761e-08
0.658	1.64979e-08
0.659	1.68131e-08
0.66	1.70192e-08
0.661	1.71145e-08
0.662	1.7098e-08
0.663	1.69695e-08
0.664	1.67293e-08
0.665	1.63786e-08
0.666	1.59193e-08
0.667	1.53541e-08
0.668	1.46863e-08
0.669	1.39199e-08
0.67	1.30597e-08
0.671	1.21109e-08
0.672	1.10796e-08
0.673	9.97216e-09
0.674	8.79581e-09
0.675	7.55808e-09
0.676	6.26699e-09
0.677	4.93096e-09
0.678	3.55876e-09
0.679	2.15946e-09
0.68	7.42351e-10
0.681	-6.83098e-10
0.682	-2.10731e-09
0.683	-3.52066e-09
0.684	-4.91355e-09
0.685	-6.27643e-09
0.686	-7.59995e-09
0.687	-8.87492e-09
0.688	-1.00925e-08
0.689	-1.1244e-08
0.69	-1.23214e-08
0.691	-1.3317e-08
0.692	-1.42235e-08
0.693	-1.50343e-08
0.694	-1.57435e-08
0.695	-1.63457e-08
0.696	-1.68362e-08
0.697	-1.72111e-08
0.698	-1.74674e-08
0.699	-1.76027e-08
0.7	-1.76154e-08
0.701	-1.7505e-08
0.702	-1.72717e-08
0.703	-1.69164e-08
0.704	-1.64412e-08
0.705	-1.58487e-08
0.706	-1.51427e-08
0.707	-1.43275e-08
0.708	-1.34084e-08
0.709	-1.23914e-08
0.71	-1.12833e-08
0.711	-1.00915e-08
0.712	-8.82406e-09
0.713	-7.48972e-09
0.714	-6.09768e-09
0.715	-4.65767e-09
0.716	-3.17979e-09
0.717	-1.67453e-09
0.718	-1.5262e-10
0.719	1.37499e-09
0.72	2.89724e-09
0.721	4.40302e-09
0.722	5.88126e-09
0.723	7.32099e-09
0.724	8.71147e-09
0.725	1.00422e-08
0.726	1.13031e-08
0.727	1.24844e-08
0.728	1.3577e-08
0.729	1.45723e-08
0.73	1.54623e-08
0.731	1.62398e-08
0.732	1.68984e-08
0.733	1.74325e-08
0.734	1.78373e-08
0.735	1.81091e-08
0.736	1.8245e-08
0.737	1.82433e-08
0.738	1.8103e-08
0.739	1.78245e-08
0.74	1.74091e-08
0.741	1.6859e-08
0.742	1.61778e-08
0.743	1.53698e-08
0.744	1.44405e-08
0.745	1.33964e-08
0.746	1.22446e-08
0.747	1.09937e-08
0.748	9.65252e-09
0.749	8.23112e-09
0.75	6.74006e-09
0.751	5.19057e-09
0.752	3.59447e-09
0.753	1.96404e-09
0.754	3.11948e-10
0.755	-1.34886e-09
0.756	-3.00524e-09
0.757	-4.64394e-09
0.758	-6.25176e-09
0.759	-7.8156e-09
0.76	-9.32257e-09
0.761	-1.07601e-08
0.762	-1.21162e-08
0.763	-1.33792e-08
0.764	-1.45383e-08
0.765	-1.55831e-08
0.766	-1.65044e-08
0.767	-1.72938e-08
0.768	-1.79438e-08
0.769	-1.8448e-08
0.77	-1.88011e-08
0.771	-1.89993e-08
0.772	-1.90396e-08
0.773	-1.89206e-08
0.774	-1.86422e-08
0.775	-1.82054e-08
0.776	-1.76127e-08
0.777	-1.6868e-08
0.778	-1.59765e-08
0.779	-1.49447e-08
0.78	-1.37803e-08
0.781	-1.24922e-08
0.782	-1.10907e-08
0.783	-9.58684e-09
0.784	-7.99294e-09
0.785	-6.32214e-09
0.786	-4.58841e-09
0.787	-2.80642e-09
0.788	-9.91441e-10
0.789	8.40784e-10
0.79	2.67418e-09
0.791	4.49249e-09
0.792	6.27936e-09
0.793	8.01856e-09
0.794	9.69409e-09
0.795	1.12903e-08
0.796	1.27921e-08
0.797	1.41851e-08
0.798	1.54556e-08
0.799	1.65909e-08
0.8	1.75796e-08
0.801	1.84113e-08
0.802	1.90768e-08
0.803	1.95686e-08
0.804	1.98806e-08
0.805	2.00083e-08
0.806	1.9949e-08
0.807	1.97015e-08
0.808	1.92667e-08
0.809	1.8647e-08
0.81	1.78469e-08
0.811	1.68724e-08
0.812	1.57316e-08
0.813	1.44342e-08
0.814	1.29916e-08
0.815	1.14168e-08
0.816	9.72449e-09
0.817	7.93056e-09
0.818	6.05238e-09
0.819	4.10842e-09
0.82	2.11822e-09
0.821	1.0215e-10
0.822	-1.91868e-09
0.823	-3.92264e-09
0.824	-5.88777e-09
0.825	-7.79193e-09
0.826	-9.61302e-09
0.827	-1.13291e-08
0.828	-1.29188e-08
0.829	-1.43611e-08
0.83	-1.56358e-08
0.831	-1.67237e-08
0.832	-1.76065e-08
0.833	-1.82671e-08
0.834	-1.86897e-08
0.835	-1.88598e-08
0.836	-1.87643e-08
0.837	-1.83914e-08
0.838	-1.77307e-08
0.839	-1.67732e-08
0.84	-1.55108e-08
0.841	-1.39367e-08
0.842	-1.20448e-08
0.843	-9.8293e-09
0.844	-7.28483e-09
0.845	-4.40565e-09
0.846	-1.18529e-09
0.847	2.38401e-09
0.848	6.31197e-09
0.849	1.06111e-08
0.85	1.52972e-08
0.851	2.03911e-08
0.852	2.59188e-08
0.853	3.19132e-08
0.854	3.84157e-08
0.855	4.54771e-08
0.856	5.31598e-08
0.857	6.15394e-08
0.858	7.07071e-08
0.859	8.07715e-08
0.86	9.18619e-08
0.861	1.04131e-07
0.862	1.17757e-07
0.863	1.3295e-07
0.864	1.49952e-07
0.865	1.69045e-07
0.866	1.90555e-07
0.867	2.14856e-07
0.868	2.42379e-07
0.869	2.73615e-07
0.87	3.09128e-07
0.871	3.49561e-07
0.872	3.95645e-07
0.873	4.48213e-07
0.874	5.0821e-07
0.875	5.7671e-07
0.876	6.54928e-07
0.877	7.44243e-07
0.878	8.46216e-07
0.879	9.62609e-07
0.88	1.09542e-06
0.881	1.2469e-06
0.882	1.4196e-06
0.883	1.6164e-06
0.884	1.84054e-06
0.885	2.09569e-06
0.886	2.38599e-06
0.887	2.7161e-06
0.888	3.09129e-06
0.889	3.51749e-06
0.89	4.0014e-06
0.891	4.55057e-06
0.892	5.1735e-06
0.893	5.87976e-06
0.894	6.68017e-06
0.895	7.58688e-06
0.896	8.61359e-06
0.897	9.77572e-06
0.898	1.10906e-05
0.899	1.25779e-05
0.9	1.42594e-05
0.901	1.616e-05
0.902	1.83075e-05
0.903	2.07331e-05
0.904	2.3472e-05
0.905	2.65638e-05
0.906	3.00527e-05
0.907	3.39886e-05
0.908	3.84276e-05
0.909	4.34324e-05
0.91	4.90736e-05
0.911	5.54303e-05
0.912	6.25912e-05
0.913	7.06559e-05
0.914	7.97357e-05
0.915	8.99558e-05
0.916	0.000101456
0.917	0.000114393
0.918	0.000128943
0.919	0.000145302
0.92	0.00016369
0.921	0.000184354
0.922	0.000207567
0.923	0.000233639
0.924	0.000262912
0.925	0.000295772
0.926	0.000332647
0.927	0.000374018
0.928	0.00042042
0.929	0.000472451
0.93	0.000530777
0.931	0.000596145
0.932	0.000669383
0.933	0.000751418
0.934	0.000843283
0.935	0.000946129
0.936	0.00106124
0.937	0.00119004
0.938	0.00133412
0.939	0.00149526
0.94	0.00167543
0.941	0.00187683
0.942	0.00210189
0.943	0.00235333
0.944	0.00263418
0.945	0.00294781
0.946	0.00329794
0.947	0.00368872
0.948	0.00412478
0.949	0.00461124
0.95	0.00515379
0.951	0.00575875
0.952	0.00643314
0.953	0.00718475
0.954	0.00802221
0.955	0.00895511
0.956	0.00999409
0.957	0.0111509
0.958	0.0124387
0.959	0.0138719
0.96	0.0154665
0.961	0.0172404
0.962	0.0192132
0.963	0.0214067
0.964	0.0238451
0.965	0.0265551
0.966	0.0295662
0.967	0.0329112
0.968	0.0366262
0.969	0.0407513
0.97	0.0453307
0.971	0.0504133
0.972	0.0560531
0.973	0.0623098
0.974	0.0692495
0.975	0.076945
0.976	0.0854766
0.977	0.0949333
0.978	0.105413
0.979	0.117024
0.98	0.129886
0.981	0.14413
0.982	0.159901
0.983	0.17736
0.984	0.196684
0.985	0.218065
0.986	0.24172
0.987	0.267885
0.988	0.296818
0.989	0.328808
0.99	0.36417
0.991	0.40325
0.992	0.446432
0.993	0.494135
0.994	0.546824
0.995	0.605006
0.996	0.669243
0.997	0.740149
0.998	0.818403
0.999	0.904747
