# Interpolation data for function: (2*x-1)^50
0	1
0.001	0.904747
0.002	0.818402
0.003	0.740149
0.004	0.669243
0.005	0.605006
0.006	0.546824
0.007	0.494135
0.008	0.446432
0.009	0.40325
0.01	0.36417
0.011	0.328808
0.012	0.296818
0.013	0.267885
0.014	0.24172
0.015	0.218065
0.016	0.196683
0.017	0.17736
0.018	0.159901
0.019	0.14413
0.02	0.129886
0.021	0.117024
0.022	0.105413
0.023	0.0949333
0.024	0.0854766
0.025	0.076945
0.026	0.0692495
0.027	0.0623099
0.028	0.0560531
0.029	0.0504133
0.03	0.0453307
0.031	0.0407513
0.032	0.0366262
0.033	0.0329112
0.034	0.0295662
0.035	0.0265551
0.036	0.0238451
0.037	0.0214067
0.038	0.0192131
0.039	0.0172403
0.04	0.0154665
0.041	0.0138718
0.042	0.0124387
0.043	0.0111509
0.044	0.00999406
0.045	0.00895508
0.046	0.00802218
0.047	0.00718472
0.048	0.00643312
0.049	0.00575873
0.05	0.00515378
0.051	0.00461123
0.052	0.00412478
0.053	0.00368872
0.054	0.00329794
0.055	0.00294782
0.056	0.0026342
0.057	0.00235335
0.058	0.00210191
0.059	0.00187685
0.06	0.00167546
0.061	0.00149529
0.062	0.00133415
0.063	0.00119007
0.064	0.00106127
0.065	0.000946156
0.066	0.000843308
0.067	0.000751441
0.068	0.000669402
0.069	0.000596161
0.07	0.00053079
0.071	0.000472459
0.072	0.000420425
0.073	0.000374019
0.074	0.000332644
0.075	0.000295765
0.076	0.000262901
0.077	0.000233624
0.078	0.00020755
0.079	0.000184334
0.08	0.000163668
0.081	0.000145278
0.082	0.000128918
0.083	0.000114367
0.084	0.00010143
0.085	8.993e-05
0.086	7.97107e-05
0.087	7.06321e-05
0.088	6.25692e-05
0.089	5.54103e-05
0.09	4.90561e-05
0.091	4.34175e-05
0.092	3.84156e-05
0.093	3.39798e-05
0.094	3.0047e-05
0.095	2.65614e-05
0.096	2.3473e-05
0.097	2.07373e-05
0.098	1.83148e-05
0.099	1.61703e-05
0.1	1.42725e-05
0.101	1.25934e-05
0.102	1.11084e-05
0.103	9.79547e-06
0.104	8.63494e-06
0.105	7.60947e-06
0.106	6.70364e-06
0.107	5.90374e-06
0.108	5.1976e-06
0.109	4.57444e-06
0.11	4.02467e-06
0.111	3.53981e-06
0.112	3.11233e-06
0.113	2.73557e-06
0.114	2.40361e-06
0.115	2.11123e-06
0.116	1.85379e-06
0.117	1.62719e-06
0.118	1.4278e-06
0.119	1.25241e-06
0.12	1.09819e-06
0.121	9.62631e-07
0.122	8.43508e-07
0.123	7.38868e-07
0.124	6.46981e-07
0.125	5.66321e-07
0.126	4.95541e-07
0.127	4.33453e-07
0.128	3.79007e-07
0.129	3.31281e-07
0.13	2.89459e-07
0.131	2.52825e-07
0.132	2.20746e-07
0.133	1.92667e-07
0.134	1.68096e-07
0.135	1.46605e-07
0.136	1.27813e-07
0.137	1.11388e-07
0.138	9.70368e-08
0.139	8.45024e-08
0.14	7.35588e-08
0.141	6.40078e-08
0.142	5.56753e-08
0.143	4.84086e-08
0.144	4.20738e-08
0.145	3.65535e-08
0.146	3.17448e-08
0.147	2.75577e-08
0.148	2.39132e-08
0.149	2.07423e-08
0.15	1.79845e-08
0.151	1.55869e-08
0.152	1.35034e-08
0.153	1.16934e-08
0.154	1.01219e-08
0.155	8.7578e-09
0.156	7.57433e-09
0.157	6.54798e-09
0.158	5.65826e-09
0.159	4.88732e-09
0.16	4.21958e-09
0.161	3.64147e-09
0.162	3.1412e-09
0.163	2.70846e-09
0.164	2.33431e-09
0.165	2.01096e-09
0.166	1.73165e-09
0.167	1.49048e-09
0.168	1.28236e-09
0.169	1.10282e-09
0.17	9.4803e-10
0.171	8.14633e-10
0.172	6.99729e-10
0.173	6.00803e-10
0.174	5.15675e-10
0.175	4.42454e-10
0.176	3.79506e-10
0.177	3.25414e-10
0.178	2.78954e-10
0.179	2.39065e-10
0.18	2.04834e-10
0.181	1.75467e-10
0.182	1.50283e-10
0.183	1.28692e-10
0.184	1.10186e-10
0.185	9.43272e-11
0.186	8.07371e-11
0.187	6.90916e-11
0.188	5.91111e-11
0.189	5.05557e-11
0.19	4.32192e-11
0.191	3.69248e-11
0.192	3.1521e-11
0.193	2.68782e-11
0.194	2.28853e-11
0.195	1.9448e-11
0.196	1.64853e-11
0.197	1.39286e-11
0.198	1.17196e-11
0.199	9.80842e-12
0.2	8.1532e-12
0.201	6.71832e-12
0.202	5.4737e-12
0.203	4.39397e-12
0.204	3.4577e-12
0.205	2.64685e-12
0.206	1.94618e-12
0.207	1.34291e-12
0.208	8.26145e-13
0.209	3.8668e-13
0.21	1.66556e-14
0.211	-2.90627e-13
0.212	-5.41024e-13
0.213	-7.39637e-13
0.214	-8.90994e-13
0.215	-9.99171e-13
0.216	-1.06789e-12
0.217	-1.10068e-12
0.218	-1.1007e-12
0.219	-1.07119e-12
0.22	-1.01506e-12
0.221	-9.35344e-13
0.222	-8.34918e-13
0.223	-7.16641e-13
0.224	-5.83315e-13
0.225	-4.37727e-13
0.226	-2.8266e-13
0.227	-1.20818e-13
0.228	4.51933e-14
0.229	2.12755e-13
0.23	3.79417e-13
0.231	5.42777e-13
0.232	7.00567e-13
0.233	8.50683e-13
0.234	9.91136e-13
0.235	1.12012e-12
0.236	1.23602e-12
0.237	1.33741e-12
0.238	1.42308e-12
0.239	1.49199e-12
0.24	1.54341e-12
0.241	1.5767e-12
0.242	1.59161e-12
0.243	1.58799e-12
0.244	1.56597e-12
0.245	1.52585e-12
0.246	1.46824e-12
0.247	1.39384e-12
0.248	1.30362e-12
0.249	1.19868e-12
0.25	1.08032e-12
0.251	9.49943e-13
0.252	8.0912e-13
0.253	6.59492e-13
0.254	5.02831e-13
0.255	3.40918e-13
0.256	1.7564e-13
0.257	8.8607e-15
0.258	-1.57555e-13
0.259	-3.21666e-13
0.26	-4.81722e-13
0.261	-6.35926e-13
0.262	-7.82621e-13
0.263	-9.20159e-13
0.264	-1.0471e-12
0.265	-1.1621e-12
0.266	-1.26393e-12
0.267	-1.35154e-12
0.268	-1.42406e-12
0.269	-1.48076e-12
0.27	-1.52107e-12
0.271	-1.54466e-12
0.272	-1.55137e-12
0.273	-1.54119e-12
0.274	-1.51432e-12
0.275	-1.47112e-12
0.276	-1.41217e-12
0.277	-1.33813e-12
0.278	-1.24989e-12
0.279	-1.14846e-12
0.28	-1.035e-12
0.281	-9.10774e-13
0.282	-7.77145e-13
0.283	-6.35569e-13
0.284	-4.876e-13
0.285	-3.34823e-13
0.286	-1.78888e-13
0.287	-2.14155e-14
0.288	1.35897e-13
0.289	2.91423e-13
0.29	4.43527e-13
0.291	5.90633e-13
0.292	7.31238e-13
0.293	8.63929e-13
0.294	9.87308e-13
0.295	1.10019e-12
0.296	1.20143e-12
0.297	1.29003e-12
0.298	1.36512e-12
0.299	1.42602e-12
0.3	1.47213e-12
0.301	1.50304e-12
0.302	1.5185e-12
0.303	1.51844e-12
0.304	1.50289e-12
0.305	1.4721e-12
0.306	1.4264e-12
0.307	1.36634e-12
0.308	1.29259e-12
0.309	1.20593e-12
0.31	1.10728e-12
0.311	9.97694e-13
0.312	8.78324e-13
0.313	7.50359e-13
0.314	6.15147e-13
0.315	4.74055e-13
0.316	3.28506e-13
0.317	1.79972e-13
0.318	2.99393e-14
0.319	-1.20106e-13
0.32	-2.68682e-13
0.321	-4.14305e-13
0.322	-5.55568e-13
0.323	-6.91086e-13
0.324	-8.19562e-13
0.325	-9.39733e-13
0.326	-1.05047e-12
0.327	-1.15073e-12
0.328	-1.23952e-12
0.329	-1.31606e-12
0.33	-1.37963e-12
0.331	-1.42967e-12
0.332	-1.46573e-12
0.333	-1.48746e-12
0.334	-1.49477e-12
0.335	-1.48758e-12
0.336	-1.46605e-12
0.337	-1.43041e-12
0.338	-1.38104e-12
0.339	-1.31846e-12
0.34	-1.24333e-12
0.341	-1.15639e-12
0.342	-1.05852e-12
0.343	-9.50682e-13
0.344	-8.33945e-13
0.345	-7.09422e-13
0.346	-5.78344e-13
0.347	-4.41965e-13
0.348	-3.01608e-13
0.349	-1.58603e-13
0.35	-1.4314e-14
0.351	1.29903e-13
0.352	2.72661e-13
0.353	4.12633e-13
0.354	5.48518e-13
0.355	6.79028e-13
0.356	8.02967e-13
0.357	9.19196e-13
0.358	1.02663e-12
0.359	1.1243e-12
0.36	1.21133e-12
0.361	1.2869e-12
0.362	1.35037e-12
0.363	1.40116e-12
0.364	1.43884e-12
0.365	1.46308e-12
0.366	1.47372e-12
0.367	1.47067e-12
0.368	1.45398e-12
0.369	1.42389e-12
0.37	1.38065e-12
0.371	1.32473e-12
0.372	1.25666e-12
0.373	1.1771e-12
0.374	1.08679e-12
0.375	9.86607e-13
0.376	8.77496e-13
0.377	7.60468e-13
0.378	6.36614e-13
0.379	5.07078e-13
0.38	3.73048e-13
0.381	2.35784e-13
0.382	9.65196e-14
0.383	-4.34732e-14
0.384	-1.82888e-13
0.385	-3.20471e-13
0.386	-4.55011e-13
0.387	-5.85265e-13
0.388	-7.1007e-13
0.389	-8.28297e-13
0.39	-9.38887e-13
0.391	-1.04087e-12
0.392	-1.13335e-12
0.393	-1.21548e-12
0.394	-1.28655e-12
0.395	-1.34597e-12
0.396	-1.3932e-12
0.397	-1.42785e-12
0.398	-1.44961e-12
0.399	-1.45833e-12
0.4	-1.45396e-12
0.401	-1.43655e-12
0.402	-1.40629e-12
0.403	-1.36347e-12
0.404	-1.30848e-12
0.405	-1.24186e-12
0.406	-1.1642e-12
0.407	-1.07622e-12
0.408	-9.78725e-13
0.409	-8.72575e-13
0.41	-7.58777e-13
0.411	-6.38315e-13
0.412	-5.12273e-13
0.413	-3.81786e-13
0.414	-2.48031e-13
0.415	-1.12178e-13
0.416	2.45551e-14
0.417	1.60979e-13
0.418	2.95848e-13
0.419	4.28001e-13
0.42	5.5627e-13
0.421	6.79518e-13
0.422	7.96681e-13
0.423	9.06721e-13
0.424	1.00867e-12
0.425	1.10169e-12
0.426	1.18492e-12
0.427	1.25766e-12
0.428	1.31929e-12
0.429	1.36928e-12
0.43	1.40721e-12
0.431	1.43274e-12
0.432	1.44569e-12
0.433	1.44595e-12
0.434	1.43353e-12
0.435	1.40855e-12
0.436	1.37126e-12
0.437	1.32199e-12
0.438	1.26119e-12
0.439	1.18938e-12
0.44	1.10723e-12
0.441	1.01545e-12
0.442	9.14845e-13
0.443	8.06334e-13
0.444	6.90832e-13
0.445	5.69369e-13
0.446	4.43e-13
0.447	3.12841e-13
0.448	1.80037e-13
0.449	4.57108e-14
0.45	-8.89352e-14
0.451	-2.22743e-13
0.452	-3.54562e-13
0.453	-4.8323e-13
0.454	-6.07658e-13
0.455	-7.26744e-13
0.456	-8.39485e-13
0.457	-9.44884e-13
0.458	-1.04204e-12
0.459	-1.13013e-12
0.46	-1.20838e-12
0.461	-1.27614e-12
0.462	-1.33282e-12
0.463	-1.37794e-12
0.464	-1.4111e-12
0.465	-1.43205e-12
0.466	-1.4406e-12
0.467	-1.43667e-12
0.468	-1.42033e-12
0.469	-1.39171e-12
0.47	-1.35108e-12
0.471	-1.29879e-12
0.472	-1.23528e-12
0.473	-1.1611e-12
0.474	-1.07694e-12
0.475	-9.83503e-13
0.476	-8.81583e-13
0.477	-7.72089e-13
0.478	-6.55956e-13
0.479	-5.34186e-13
0.48	-4.07836e-13
0.481	-2.77975e-13
0.482	-1.45752e-13
0.483	-1.22846e-14
0.484	1.21265e-13
0.485	2.53739e-13
0.486	3.8401e-13
0.487	5.10963e-13
0.488	6.33493e-13
0.489	7.50539e-13
0.49	8.61113e-13
0.491	9.64293e-13
0.492	1.05909e-12
0.493	1.14481e-12
0.494	1.22065e-12
0.495	1.28598e-12
0.496	1.34025e-12
0.497	1.38295e-12
0.498	1.41372e-12
0.499	1.43235e-12
0.5	1.43863e-12
0.501	1.43253e-12
0.502	1.41408e-12
0.503	1.38347e-12
0.504	1.34093e-12
0.505	1.28685e-12
0.506	1.2217e-12
0.507	1.14599e-12
0.508	1.06041e-12
0.509	9.65695e-13
0.51	8.62671e-13
0.511	7.52207e-13
0.512	6.35226e-13
0.513	5.12776e-13
0.514	3.85885e-13
0.515	2.55653e-13
0.516	1.23195e-13
0.517	-1.03545e-14
0.518	-1.43816e-13
0.519	-2.76076e-13
0.52	-4.0596e-13
0.521	-5.32365e-13
0.522	-6.54209e-13
0.523	-7.7044e-13
0.524	-8.80046e-13
0.525	-9.82075e-13
0.526	-1.07565e-12
0.527	-1.15996e-12
0.528	-1.23426e-12
0.529	-1.29795e-12
0.53	-1.3504e-12
0.531	-1.39122e-12
0.532	-1.42e-12
0.533	-1.43652e-12
0.534	-1.44063e-12
0.535	-1.43226e-12
0.536	-1.41148e-12
0.537	-1.37851e-12
0.538	-1.33355e-12
0.539	-1.27706e-12
0.54	-1.20945e-12
0.541	-1.13133e-12
0.542	-1.04338e-12
0.543	-9.46356e-13
0.544	-8.41067e-13
0.545	-7.28427e-13
0.546	-6.09425e-13
0.547	-4.85078e-13
0.548	-3.56451e-13
0.549	-2.24681e-13
0.55	-9.08999e-14
0.551	4.37556e-14
0.552	1.78087e-13
0.553	3.10936e-13
0.554	4.41143e-13
0.555	5.67566e-13
0.556	6.89097e-13
0.557	8.04688e-13
0.558	9.13338e-13
0.559	1.01404e-12
0.56	1.10597e-12
0.561	1.18826e-12
0.562	1.26022e-12
0.563	1.32119e-12
0.564	1.37064e-12
0.565	1.40811e-12
0.566	1.43325e-12
0.567	1.44587e-12
0.568	1.44579e-12
0.569	1.43302e-12
0.57	1.40766e-12
0.571	1.36993e-12
0.572	1.32013e-12
0.573	1.25865e-12
0.574	1.18606e-12
0.575	1.10298e-12
0.576	1.01012e-12
0.577	9.08271e-13
0.578	7.98343e-13
0.579	6.81293e-13
0.58	5.58112e-13
0.581	4.29916e-13
0.582	2.97811e-13
0.583	1.6297e-13
0.584	2.65864e-14
0.585	-1.10152e-13
0.586	-2.46033e-13
0.587	-3.7983e-13
0.588	-5.10362e-13
0.589	-6.36476e-13
0.59	-7.57038e-13
0.591	-8.70939e-13
0.592	-9.77197e-13
0.593	-1.07483e-12
0.594	-1.16295e-12
0.595	-1.24077e-12
0.596	-1.30756e-12
0.597	-1.36271e-12
0.598	-1.4057e-12
0.599	-1.43617e-12
0.6	-1.45376e-12
0.601	-1.45832e-12
0.602	-1.44979e-12
0.603	-1.42821e-12
0.604	-1.39375e-12
0.605	-1.3467e-12
0.606	-1.28747e-12
0.607	-1.21655e-12
0.608	-1.13458e-12
0.609	-1.04226e-12
0.61	-9.40411e-13
0.611	-8.29931e-13
0.612	-7.11809e-13
0.613	-5.87109e-13
0.614	-4.56928e-13
0.615	-3.22458e-13
0.616	-1.84884e-13
0.617	-4.54862e-14
0.618	9.4493e-14
0.619	2.33782e-13
0.62	3.71083e-13
0.621	5.05155e-13
0.622	6.34752e-13
0.623	7.58712e-13
0.624	8.75843e-13
0.625	9.85078e-13
0.626	1.08538e-12
0.627	1.17583e-12
0.628	1.25555e-12
0.629	1.32379e-12
0.63	1.37991e-12
0.631	1.42333e-12
0.632	1.45362e-12
0.633	1.47049e-12
0.634	1.47373e-12
0.635	1.46331e-12
0.636	1.43924e-12
0.637	1.40177e-12
0.638	1.35116e-12
0.639	1.28789e-12
0.64	1.21247e-12
0.641	1.12562e-12
0.642	1.0281e-12
0.643	9.2079e-13
0.644	8.04699e-13
0.645	6.80856e-13
0.646	5.50429e-13
0.647	4.1463e-13
0.648	2.74699e-13
0.649	1.31983e-13
0.65	-1.22123e-14
0.651	-1.56509e-13
0.652	-2.99542e-13
0.653	-4.39956e-13
0.654	-5.76376e-13
0.655	-7.07542e-13
0.656	-8.32161e-13
0.657	-9.49026e-13
0.658	-1.057e-12
0.659	-1.15502e-12
0.66	-1.24213e-12
0.661	-1.31744e-12
0.662	-1.38019e-12
0.663	-1.42975e-12
0.664	-1.4656e-12
0.665	-1.48734e-12
0.666	-1.49473e-12
0.667	-1.48765e-12
0.668	-1.4661e-12
0.669	-1.43025e-12
0.67	-1.38043e-12
0.671	-1.31706e-12
0.672	-1.2407e-12
0.673	-1.15207e-12
0.674	-1.05198e-12
0.675	-9.41407e-13
0.676	-8.21358e-13
0.677	-6.93003e-13
0.678	-5.57577e-13
0.679	-4.1639e-13
0.68	-2.70817e-13
0.681	-1.22296e-13
0.682	2.77323e-14
0.683	1.77799e-13
0.684	3.26355e-13
0.685	4.71948e-13
0.686	6.13099e-13
0.687	7.48394e-13
0.688	8.76458e-13
0.689	9.9597e-13
0.69	1.1057e-12
0.691	1.20451e-12
0.692	1.29134e-12
0.693	1.36528e-12
0.694	1.42553e-12
0.695	1.47144e-12
0.696	1.50246e-12
0.697	1.51824e-12
0.698	1.51851e-12
0.699	1.50328e-12
0.7	1.47257e-12
0.701	1.42668e-12
0.702	1.36601e-12
0.703	1.29112e-12
0.704	1.20272e-12
0.705	1.10166e-12
0.706	9.88935e-13
0.707	8.65692e-13
0.708	7.33158e-13
0.709	5.92654e-13
0.71	4.45635e-13
0.711	2.93597e-13
0.712	1.3813e-13
0.713	-1.91754e-14
0.714	-1.76631e-13
0.715	-3.3261e-13
0.716	-4.85425e-13
0.717	-6.33466e-13
0.718	-7.75128e-13
0.719	-9.08878e-13
0.72	-1.03324e-12
0.721	-1.14686e-12
0.722	-1.24845e-12
0.723	-1.33688e-12
0.724	-1.41112e-12
0.725	-1.47031e-12
0.726	-1.51372e-12
0.727	-1.54085e-12
0.728	-1.55125e-12
0.729	-1.54479e-12
0.73	-1.52144e-12
0.731	-1.48134e-12
0.732	-1.4249e-12
0.733	-1.3526e-12
0.734	-1.26521e-12
0.735	-1.16357e-12
0.736	-1.04877e-12
0.737	-9.21987e-13
0.738	-7.84606e-13
0.739	-6.38048e-13
0.74	-4.8395e-13
0.741	-3.23961e-13
0.742	-1.59895e-13
0.743	6.45919e-15
0.744	1.73242e-13
0.745	3.38556e-13
0.746	5.00511e-13
0.747	6.57263e-13
0.748	8.06994e-13
0.749	9.47949e-13
0.75	1.07847e-12
0.751	1.19699e-12
0.752	1.30214e-12
0.753	1.39256e-12
0.754	1.46718e-12
0.755	1.52505e-12
0.756	1.56539e-12
0.757	1.58769e-12
0.758	1.59157e-12
0.759	1.57695e-12
0.76	1.5439e-12
0.761	1.49274e-12
0.762	1.42407e-12
0.763	1.33865e-12
0.764	1.2375e-12
0.765	1.1218e-12
0.766	9.92997e-13
0.767	8.5275e-13
0.768	7.02779e-13
0.769	5.45101e-13
0.77	3.81842e-13
0.771	2.15257e-13
0.772	4.77119e-14
0.773	-1.18298e-13
0.774	-2.80163e-13
0.775	-4.35286e-13
0.776	-5.80946e-13
0.777	-7.14403e-13
0.778	-8.32844e-13
0.779	-9.33442e-13
0.78	-1.01336e-12
0.781	-1.06968e-12
0.782	-1.09947e-12
0.783	-1.09967e-12
0.784	-1.06718e-12
0.785	-9.98716e-13
0.786	-8.90826e-13
0.787	-7.39784e-13
0.788	-5.4146e-13
0.789	-2.91339e-13
0.79	1.565e-14
0.791	3.8538e-13
0.792	8.24593e-13
0.793	1.34112e-12
0.794	1.94418e-12
0.795	2.64463e-12
0.796	3.45532e-12
0.797	4.39145e-12
0.798	5.47107e-12
0.799	6.71563e-12
0.8	8.15049e-12
0.801	9.8057e-12
0.802	1.17169e-11
0.803	1.3926e-11
0.804	1.64828e-11
0.805	1.94456e-11
0.806	2.28832e-11
0.807	2.68762e-11
0.808	3.15193e-11
0.809	3.69233e-11
0.81	4.3218e-11
0.811	5.05548e-11
0.812	5.91105e-11
0.813	6.90913e-11
0.814	8.07372e-11
0.815	9.43276e-11
0.816	1.10187e-10
0.817	1.28694e-10
0.818	1.50285e-10
0.819	1.75469e-10
0.82	2.04836e-10
0.821	2.39068e-10
0.822	2.78956e-10
0.823	3.25417e-10
0.824	3.79509e-10
0.825	4.42457e-10
0.826	5.15678e-10
0.827	6.00806e-10
0.828	6.99732e-10
0.829	8.14636e-10
0.83	9.48033e-10
0.831	1.10283e-09
0.832	1.28236e-09
0.833	1.49049e-09
0.834	1.73165e-09
0.835	2.01096e-09
0.836	2.33431e-09
0.837	2.70846e-09
0.838	3.1412e-09
0.839	3.64147e-09
0.84	4.21958e-09
0.841	4.88732e-09
0.842	5.65826e-09
0.843	6.54798e-09
0.844	7.57433e-09
0.845	8.75779e-09
0.846	1.01219e-08
0.847	1.16934e-08
0.848	1.35033e-08
0.849	1.55869e-08
0.85	1.79845e-08
0.851	2.07423e-08
0.852	2.39132e-08
0.853	2.75577e-08
0.854	3.17448e-08
0.855	3.65535e-08
0.856	4.20738e-08
0.857	4.84086e-08
0.858	5.56753e-08
0.859	6.40078e-08
0.86	7.35588e-08
0.861	8.45024e-08
0.862	9.70368e-08
0.863	1.11388e-07
0.864	1.27813e-07
0.865	1.46605e-07
0.866	1.68096e-07
0.867	1.92667e-07
0.868	2.20746e-07
0.869	2.52825e-07
0.87	2.89459e-07
0.871	3.31281e-07
0.872	3.79007e-07
0.873	4.33453e-07
0.874	4.95541e-07
0.875	5.66321e-07
0.876	6.46981e-07
0.877	7.38868e-07
0.878	8.43508e-07
0.879	9.62631e-07
0.88	1.09819e-06
0.881	1.25241e-06
0.882	1.4278e-06
0.883	1.62719e-06
0.884	1.85379e-06
0.885	2.11123e-06
0.886	2.40361e-06
0.887	2.73557e-06
0.888	3.11233e-06
0.889	3.53981e-06
0.89	4.02467e-06
0.891	4.57444e-06
0.892	5.1976e-06
0.893	5.90374e-06
0.894	6.70364e-06
0.895	7.60947e-06
0.896	8.63494e-06
0.897	9.79547e-06
0.898	1.11084e-05
0.899	1.25934e-05
0.9	1.42725e-05
0.901	1.61703e-05
0.902	1.83148e-05
0.903	2.07373e-05
0.904	2.3473e-05
0.905	2.65614e-05
0.906	3.0047e-05
0.907	3.39798e-05
0.908	3.84156e-05
0.909	4.34175e-05
0.91	4.90561e-05
0.911	5.54103e-05
0.912	6.25692e-05
0.913	7.06321e-05
0.914	7.97107e-05
0.915	8.993e-05
0.916	0.00010143
0.917	0.000114367
0.918	0.000128918
0.919	0.000145278
0.92	0.000163668
0.921	0.000184334
0.922	0.00020755
0.923	0.000233624
0.924	0.000262901
0.925	0.000295765
0.926	0.000332644
0.927	0.000374019
0.928	0.000420425
0.929	0.000472459
0.93	0.00053079
0.931	0.000596161
0.932	0.000669402
0.933	0.000751441
0.934	0.000843308
0.935	0.000946156
0.936	0.00106127
0.937	0.00119007
0.938	0.00133415
0.939	0.00149529
0.94	0.00167546
0.941	0.00187685
0.942	0.00210191
0.943	0.00235335
0.944	0.0026342
0.945	0.00294782
0.946	0.00329794
0.947	0.00368872
0.948	0.00412478
0.949	0.00461123
0.95	0.00515378
0.951	0.00575873
0.952	0.00643312
0.953	0.00718472
0.954	0.00802218
0.955	0.00895508
0.956	0.00999406
0.957	0.0111509
0.958	0.0124387
0.959	0.0138718
0.96	0.0154665
0.961	0.0172403
0.962	0.0192131
0.963	0.0214067
0.964	0.0238451
0.965	0.0265551
0.966	0.0295662
0.967	0.0329112
0.968	0.0366262
0.969	0.0407513
0.97	0.0453307
0.971	0.0504133
0.972	0.0560531
0.973	0.0623099
0.974	0.0692495
0.975	0.076945
0.976	0.0854766
0.977	0.0949333
0.978	0.105413
0.979	0.117024
0.98	0.129886
0.981	0.14413
0.982	0.159901
0.983	0.17736
0.984	0.196683
0.985	0.218065
0.986	0.24172
0.987	0.267885
0.988	0.296818
0.989	0.328808
0.99	0.36417
0.991	0.40325
0.992	0.446432
0.993	0.494135
0.994	0.546824
0.995	0.605006
0.996	0.669243
0.997	0.740149
0.998	0.818402
0.999	0.904747
