# Interpolation data for function: (exp(-100*x)-1)/(exp(-100)-1)
0	0.9606
0.001	0.960659
0.002	0.960718
0.003	0.960776
0.004	0.960835
0.005	0.960894
0.006	0.960953
0.007	0.961012
0.008	0.96107
0.009	0.961129
0.01	0.961188
0.011	0.961247
0.012	0.961306
0.013	0.961364
0.014	0.961423
0.015	0.961482
0.016	0.961541
0.017	0.9616
0.018	0.961658
0.019	0.961717
0.02	0.961776
0.021	0.961835
0.022	0.961894
0.023	0.961952
0.024	0.962011
0.025	0.96207
0.026	0.962129
0.027	0.962188
0.028	0.962246
0.029	0.962305
0.03	0.962364
0.031	0.962423
0.032	0.962482
0.033	0.96254
0.034	0.962599
0.035	0.962658
0.036	0.962717
0.037	0.962776
0.038	0.962834
0.039	0.962893
0.04	0.962952
0.041	0.963011
0.042	0.96307
0.043	0.963128
0.044	0.963187
0.045	0.963246
0.046	0.963305
0.047	0.963364
0.048	0.963422
0.049	0.963481
0.05	0.96354
0.051	0.963599
0.052	0.963658
0.053	0.963716
0.054	0.963775
0.055	0.963834
0.056	0.963893
0.057	0.963952
0.058	0.96401
0.059	0.964069
0.06	0.964128
0.061	0.964187
0.062	0.964246
0.063	0.964304
0.064	0.964363
0.065	0.964422
0.066	0.964481
0.067	0.96454
0.068	0.964598
0.069	0.964657
0.07	0.964716
0.071	0.964775
0.072	0.964834
0.073	0.964892
0.074	0.964951
0.075	0.96501
0.076	0.965069
0.077	0.965128
0.078	0.965186
0.079	0.965245
0.08	0.965304
0.081	0.965363
0.082	0.965422
0.083	0.96548
0.084	0.965539
0.085	0.965598
0.086	0.965657
0.087	0.965716
0.088	0.965774
0.089	0.965833
0.09	0.965892
0.091	0.965951
0.092	0.96601
0.093	0.966068
0.094	0.966127
0.095	0.966186
0.096	0.966245
0.097	0.966304
0.098	0.966362
0.099	0.966421
0.1	0.96648
0.101	0.966539
0.102	0.966598
0.103	0.966656
0.104	0.966715
0.105	0.966774
0.106	0.966833
0.107	0.966892
0.108	0.96695
0.109	0.967009
0.11	0.967068
0.111	0.967127
0.112	0.967186
0.113	0.967244
0.114	0.967303
0.115	0.967362
0.116	0.967421
0.117	0.96748
0.118	0.967538
0.119	0.967597
0.12	0.967656
0.121	0.967715
0.122	0.967774
0.123	0.967832
0.124	0.967891
0.125	0.96795
0.126	0.968009
0.127	0.968068
0.128	0.968126
0.129	0.968185
0.13	0.968244
0.131	0.968303
0.132	0.968362
0.133	0.96842
0.134	0.968479
0.135	0.968538
0.136	0.968597
0.137	0.968656
0.138	0.968714
0.139	0.968773
0.14	0.968832
0.141	0.968891
0.142	0.96895
0.143	0.969008
0.144	0.969067
0.145	0.969126
0.146	0.969185
0.147	0.969244
0.148	0.969302
0.149	0.969361
0.15	0.96942
0.151	0.969479
0.152	0.969538
0.153	0.969596
0.154	0.969655
0.155	0.969714
0.156	0.969773
0.157	0.969832
0.158	0.96989
0.159	0.969949
0.16	0.970008
0.161	0.970067
0.162	0.970126
0.163	0.970184
0.164	0.970243
0.165	0.970302
0.166	0.970361
0.167	0.97042
0.168	0.970478
0.169	0.970537
0.17	0.970596
0.171	0.970655
0.172	0.970714
0.173	0.970772
0.174	0.970831
0.175	0.97089
0.176	0.970949
0.177	0.971008
0.178	0.971066
0.179	0.971125
0.18	0.971184
0.181	0.971243
0.182	0.971302
0.183	0.97136
0.184	0.971419
0.185	0.971478
0.186	0.971537
0.187	0.971596
0.188	0.971654
0.189	0.971713
0.19	0.971772
0.191	0.971831
0.192	0.97189
0.193	0.971948
0.194	0.972007
0.195	0.972066
0.196	0.972125
0.197	0.972184
0.198	0.972242
0.199	0.972301
0.2	0.97236
0.201	0.972419
0.202	0.972478
0.203	0.972536
0.204	0.972595
0.205	0.972654
0.206	0.972713
0.207	0.972772
0.208	0.97283
0.209	0.972889
0.21	0.972948
0.211	0.973007
0.212	0.973066
0.213	0.973124
0.214	0.973183
0.215	0.973242
0.216	0.973301
0.217	0.97336
0.218	0.973418
0.219	0.973477
0.22	0.973536
0.221	0.973595
0.222	0.973654
0.223	0.973712
0.224	0.973771
0.225	0.97383
0.226	0.973889
0.227	0.973948
0.228	0.974006
0.229	0.974065
0.23	0.974124
0.231	0.974183
0.232	0.974242
0.233	0.9743
0.234	0.974359
0.235	0.974418
0.236	0.974477
0.237	0.974536
0.238	0.974594
0.239	0.974653
0.24	0.974712
0.241	0.974771
0.242	0.97483
0.243	0.974888
0.244	0.974947
0.245	0.975006
0.246	0.975065
0.247	0.975124
0.248	0.975182
0.249	0.975241
0.25	0.9753
0.251	0.975359
0.252	0.975418
0.253	0.975476
0.254	0.975535
0.255	0.975594
0.256	0.975653
0.257	0.975712
0.258	0.97577
0.259	0.975829
0.26	0.975888
0.261	0.975947
0.262	0.976006
0.263	0.976064
0.264	0.976123
0.265	0.976182
0.266	0.976241
0.267	0.9763
0.268	0.976358
0.269	0.976417
0.27	0.976476
0.271	0.976535
0.272	0.976594
0.273	0.976652
0.274	0.976711
0.275	0.97677
0.276	0.976829
0.277	0.976888
0.278	0.976946
0.279	0.977005
0.28	0.977064
0.281	0.977123
0.282	0.977182
0.283	0.97724
0.284	0.977299
0.285	0.977358
0.286	0.977417
0.287	0.977476
0.288	0.977534
0.289	0.977593
0.29	0.977652
0.291	0.977711
0.292	0.97777
0.293	0.977828
0.294	0.977887
0.295	0.977946
0.296	0.978005
0.297	0.978064
0.298	0.978122
0.299	0.978181
0.3	0.97824
0.301	0.978299
0.302	0.978358
0.303	0.978416
0.304	0.978475
0.305	0.978534
0.306	0.978593
0.307	0.978652
0.308	0.97871
0.309	0.978769
0.31	0.978828
0.311	0.978887
0.312	0.978946
0.313	0.979004
0.314	0.979063
0.315	0.979122
0.316	0.979181
0.317	0.97924
0.318	0.979298
0.319	0.979357
0.32	0.979416
0.321	0.979475
0.322	0.979534
0.323	0.979592
0.324	0.979651
0.325	0.97971
0.326	0.979769
0.327	0.979828
0.328	0.979886
0.329	0.979945
0.33	0.980004
0.331	0.980063
0.332	0.980122
0.333	0.98018
0.334	0.980239
0.335	0.980298
0.336	0.980357
0.337	0.980416
0.338	0.980474
0.339	0.980533
0.34	0.980592
0.341	0.980651
0.342	0.98071
0.343	0.980768
0.344	0.980827
0.345	0.980886
0.346	0.980945
0.347	0.981004
0.348	0.981062
0.349	0.981121
0.35	0.98118
0.351	0.981239
0.352	0.981298
0.353	0.981356
0.354	0.981415
0.355	0.981474
0.356	0.981533
0.357	0.981592
0.358	0.98165
0.359	0.981709
0.36	0.981768
0.361	0.981827
0.362	0.981886
0.363	0.981944
0.364	0.982003
0.365	0.982062
0.366	0.982121
0.367	0.98218
0.368	0.982238
0.369	0.982297
0.37	0.982356
0.371	0.982415
0.372	0.982474
0.373	0.982532
0.374	0.982591
0.375	0.98265
0.376	0.982709
0.377	0.982768
0.378	0.982826
0.379	0.982885
0.38	0.982944
0.381	0.983003
0.382	0.983062
0.383	0.98312
0.384	0.983179
0.385	0.983238
0.386	0.983297
0.387	0.983356
0.388	0.983414
0.389	0.983473
0.39	0.983532
0.391	0.983591
0.392	0.98365
0.393	0.983708
0.394	0.983767
0.395	0.983826
0.396	0.983885
0.397	0.983944
0.398	0.984002
0.399	0.984061
0.4	0.98412
0.401	0.984179
0.402	0.984238
0.403	0.984296
0.404	0.984355
0.405	0.984414
0.406	0.984473
0.407	0.984532
0.408	0.98459
0.409	0.984649
0.41	0.984708
0.411	0.984767
0.412	0.984826
0.413	0.984884
0.414	0.984943
0.415	0.985002
0.416	0.985061
0.417	0.98512
0.418	0.985178
0.419	0.985237
0.42	0.985296
0.421	0.985355
0.422	0.985414
0.423	0.985472
0.424	0.985531
0.425	0.98559
0.426	0.985649
0.427	0.985708
0.428	0.985766
0.429	0.985825
0.43	0.985884
0.431	0.985943
0.432	0.986002
0.433	0.98606
0.434	0.986119
0.435	0.986178
0.436	0.986237
0.437	0.986296
0.438	0.986354
0.439	0.986413
0.44	0.986472
0.441	0.986531
0.442	0.98659
0.443	0.986648
0.444	0.986707
0.445	0.986766
0.446	0.986825
0.447	0.986884
0.448	0.986942
0.449	0.987001
0.45	0.98706
0.451	0.987119
0.452	0.987178
0.453	0.987236
0.454	0.987295
0.455	0.987354
0.456	0.987413
0.457	0.987472
0.458	0.98753
0.459	0.987589
0.46	0.987648
0.461	0.987707
0.462	0.987766
0.463	0.987824
0.464	0.987883
0.465	0.987942
0.466	0.988001
0.467	0.98806
0.468	0.988118
0.469	0.988177
0.47	0.988236
0.471	0.988295
0.472	0.988354
0.473	0.988412
0.474	0.988471
0.475	0.98853
0.476	0.988589
0.477	0.988648
0.478	0.988706
0.479	0.988765
0.48	0.988824
0.481	0.988883
0.482	0.988942
0.483	0.989
0.484	0.989059
0.485	0.989118
0.486	0.989177
0.487	0.989236
0.488	0.989294
0.489	0.989353
0.49	0.989412
0.491	0.989471
0.492	0.98953
0.493	0.989588
0.494	0.989647
0.495	0.989706
0.496	0.989765
0.497	0.989824
0.498	0.989882
0.499	0.989941
0.5	0.99
0.501	0.990059
0.502	0.990118
0.503	0.990176
0.504	0.990235
0.505	0.990294
0.506	0.990353
0.507	0.990412
0.508	0.99047
0.509	0.990529
0.51	0.990588
0.511	0.990647
0.512	0.990706
0.513	0.990764
0.514	0.990823
0.515	0.990882
0.516	0.990941
0.517	0.991
0.518	0.991058
0.519	0.991117
0.52	0.991176
0.521	0.991235
0.522	0.991294
0.523	0.991352
0.524	0.991411
0.525	0.99147
0.526	0.991529
0.527	0.991588
0.528	0.991646
0.529	0.991705
0.53	0.991764
0.531	0.991823
0.532	0.991882
0.533	0.99194
0.534	0.991999
0.535	0.992058
0.536	0.992117
0.537	0.992176
0.538	0.992234
0.539	0.992293
0.54	0.992352
0.541	0.992411
0.542	0.99247
0.543	0.992528
0.544	0.992587
0.545	0.992646
0.546	0.992705
0.547	0.992764
0.548	0.992822
0.549	0.992881
0.55	0.99294
0.551	0.992999
0.552	0.993058
0.553	0.993116
0.554	0.993175
0.555	0.993234
0.556	0.993293
0.557	0.993352
0.558	0.99341
0.559	0.993469
0.56	0.993528
0.561	0.993587
0.562	0.993646
0.563	0.993704
0.564	0.993763
0.565	0.993822
0.566	0.993881
0.567	0.99394
0.568	0.993998
0.569	0.994057
0.57	0.994116
0.571	0.994175
0.572	0.994234
0.573	0.994292
0.574	0.994351
0.575	0.99441
0.576	0.994469
0.577	0.994528
0.578	0.994586
0.579	0.994645
0.58	0.994704
0.581	0.994763
0.582	0.994822
0.583	0.99488
0.584	0.994939
0.585	0.994998
0.586	0.995057
0.587	0.995116
0.588	0.995174
0.589	0.995233
0.59	0.995292
0.591	0.995351
0.592	0.99541
0.593	0.995468
0.594	0.995527
0.595	0.995586
0.596	0.995645
0.597	0.995704
0.598	0.995762
0.599	0.995821
0.6	0.99588
0.601	0.995939
0.602	0.995998
0.603	0.996056
0.604	0.996115
0.605	0.996174
0.606	0.996233
0.607	0.996292
0.608	0.99635
0.609	0.996409
0.61	0.996468
0.611	0.996527
0.612	0.996586
0.613	0.996644
0.614	0.996703
0.615	0.996762
0.616	0.996821
0.617	0.99688
0.618	0.996938
0.619	0.996997
0.62	0.997056
0.621	0.997115
0.622	0.997174
0.623	0.997232
0.624	0.997291
0.625	0.99735
0.626	0.997409
0.627	0.997468
0.628	0.997526
0.629	0.997585
0.63	0.997644
0.631	0.997703
0.632	0.997762
0.633	0.99782
0.634	0.997879
0.635	0.997938
0.636	0.997997
0.637	0.998056
0.638	0.998114
0.639	0.998173
0.64	0.998232
0.641	0.998291
0.642	0.99835
0.643	0.998408
0.644	0.998467
0.645	0.998526
0.646	0.998585
0.647	0.998644
0.648	0.998702
0.649	0.998761
0.65	0.99882
0.651	0.998879
0.652	0.998938
0.653	0.998996
0.654	0.999055
0.655	0.999114
0.656	0.999173
0.657	0.999232
0.658	0.99929
0.659	0.999349
0.66	0.999408
0.661	0.999467
0.662	0.999526
0.663	0.999584
0.664	0.999643
0.665	0.999702
0.666	0.999761
0.667	0.99982
0.668	0.999878
0.669	0.999937
0.67	0.999996
0.671	1.00005
0.672	1.00011
0.673	1.00017
0.674	1.00023
0.675	1.00029
0.676	1.00035
0.677	1.00041
0.678	1.00047
0.679	1.00053
0.68	1.00058
0.681	1.00064
0.682	1.0007
0.683	1.00076
0.684	1.00082
0.685	1.00088
0.686	1.00094
0.687	1.001
0.688	1.00105
0.689	1.00111
0.69	1.00117
0.691	1.00123
0.692	1.00129
0.693	1.00135
0.694	1.00141
0.695	1.00147
0.696	1.00152
0.697	1.00158
0.698	1.00164
0.699	1.0017
0.7	1.00176
0.701	1.00182
0.702	1.00188
0.703	1.00194
0.704	1.002
0.705	1.00205
0.706	1.00211
0.707	1.00217
0.708	1.00223
0.709	1.00229
0.71	1.00235
0.711	1.00241
0.712	1.00247
0.713	1.00252
0.714	1.00258
0.715	1.00264
0.716	1.0027
0.717	1.00276
0.718	1.00282
0.719	1.00288
0.72	1.00294
0.721	1.00299
0.722	1.00305
0.723	1.00311
0.724	1.00317
0.725	1.00323
0.726	1.00329
0.727	1.00335
0.728	1.00341
0.729	1.00347
0.73	1.00352
0.731	1.00358
0.732	1.00364
0.733	1.0037
0.734	1.00376
0.735	1.00382
0.736	1.00388
0.737	1.00394
0.738	1.00399
0.739	1.00405
0.74	1.00411
0.741	1.00417
0.742	1.00423
0.743	1.00429
0.744	1.00435
0.745	1.00441
0.746	1.00446
0.747	1.00452
0.748	1.00458
0.749	1.00464
0.75	1.0047
0.751	1.00476
0.752	1.00482
0.753	1.00488
0.754	1.00494
0.755	1.00499
0.756	1.00505
0.757	1.00511
0.758	1.00517
0.759	1.00523
0.76	1.00529
0.761	1.00535
0.762	1.00541
0.763	1.00546
0.764	1.00552
0.765	1.00558
0.766	1.00564
0.767	1.0057
0.768	1.00576
0.769	1.00582
0.77	1.00588
0.771	1.00593
0.772	1.00599
0.773	1.00605
0.774	1.00611
0.775	1.00617
0.776	1.00623
0.777	1.00629
0.778	1.00635
0.779	1.00641
0.78	1.00646
0.781	1.00652
0.782	1.00658
0.783	1.00664
0.784	1.0067
0.785	1.00676
0.786	1.00682
0.787	1.00688
0.788	1.00693
0.789	1.00699
0.79	1.00705
0.791	1.00711
0.792	1.00717
0.793	1.00723
0.794	1.00729
0.795	1.00735
0.796	1.0074
0.797	1.00746
0.798	1.00752
0.799	1.00758
0.8	1.00764
0.801	1.0077
0.802	1.00776
0.803	1.00782
0.804	1.00788
0.805	1.00793
0.806	1.00799
0.807	1.00805
0.808	1.00811
0.809	1.00817
0.81	1.00823
0.811	1.00829
0.812	1.00835
0.813	1.0084
0.814	1.00846
0.815	1.00852
0.816	1.00858
0.817	1.00864
0.818	1.0087
0.819	1.00876
0.82	1.00882
0.821	1.00887
0.822	1.00893
0.823	1.00899
0.824	1.00905
0.825	1.00911
0.826	1.00917
0.827	1.00923
0.828	1.00929
0.829	1.00935
0.83	1.0094
0.831	1.00946
0.832	1.00952
0.833	1.00958
0.834	1.00964
0.835	1.0097
0.836	1.00976
0.837	1.00982
0.838	1.00987
0.839	1.00993
0.84	1.00999
0.841	1.01005
0.842	1.01011
0.843	1.01017
0.844	1.01023
0.845	1.01029
0.846	1.01034
0.847	1.0104
0.848	1.01046
0.849	1.01052
0.85	1.01058
0.851	1.01064
0.852	1.0107
0.853	1.01076
0.854	1.01082
0.855	1.01087
0.856	1.01093
0.857	1.01099
0.858	1.01105
0.859	1.01111
0.86	1.01117
0.861	1.01123
0.862	1.01129
0.863	1.01134
0.864	1.0114
0.865	1.01146
0.866	1.01152
0.867	1.01158
0.868	1.01164
0.869	1.0117
0.87	1.01176
0.871	1.01181
0.872	1.01187
0.873	1.01193
0.874	1.01199
0.875	1.01205
0.876	1.01211
0.877	1.01217
0.878	1.01223
0.879	1.01229
0.88	1.01234
0.881	1.0124
0.882	1.01246
0.883	1.01252
0.884	1.01258
0.885	1.01264
0.886	1.0127
0.887	1.01276
0.888	1.01281
0.889	1.01287
0.89	1.01293
0.891	1.01299
0.892	1.01305
0.893	1.01311
0.894	1.01317
0.895	1.01323
0.896	1.01328
0.897	1.01334
0.898	1.0134
0.899	1.01346
0.9	1.01352
0.901	1.01358
0.902	1.01364
0.903	1.0137
0.904	1.01376
0.905	1.01381
0.906	1.01387
0.907	1.01393
0.908	1.01399
0.909	1.01405
0.91	1.01411
0.911	1.01417
0.912	1.01423
0.913	1.01428
0.914	1.01434
0.915	1.0144
0.916	1.01446
0.917	1.01452
0.918	1.01458
0.919	1.01464
0.92	1.0147
0.921	1.01475
0.922	1.01481
0.923	1.01487
0.924	1.01493
0.925	1.01499
0.926	1.01505
0.927	1.01511
0.928	1.01517
0.929	1.01523
0.93	1.01528
0.931	1.01534
0.932	1.0154
0.933	1.01546
0.934	1.01552
0.935	1.01558
0.936	1.01564
0.937	1.0157
0.938	1.01575
0.939	1.01581
0.94	1.01587
0.941	1.01593
0.942	1.01599
0.943	1.01605
0.944	1.01611
0.945	1.01617
0.946	1.01622
0.947	1.01628
0.948	1.01634
0.949	1.0164
0.95	1.01646
0.951	1.01652
0.952	1.01658
0.953	1.01664
0.954	1.0167
0.955	1.01675
0.956	1.01681
0.957	1.01687
0.958	1.01693
0.959	1.01699
0.96	1.01705
0.961	1.01711
0.962	1.01717
0.963	1.01722
0.964	1.01728
0.965	1.01734
0.966	1.0174
0.967	1.01746
0.968	1.01752
0.969	1.01758
0.97	1.01764
0.971	1.01769
0.972	1.01775
0.973	1.01781
0.974	1.01787
0.975	1.01793
0.976	1.01799
0.977	1.01805
0.978	1.01811
0.979	1.01817
0.98	1.01822
0.981	1.01828
0.982	1.01834
0.983	1.0184
0.984	1.01846
0.985	1.01852
0.986	1.01858
0.987	1.01864
0.988	1.01869
0.989	1.01875
0.99	1.01881
0.991	1.01887
0.992	1.01893
0.993	1.01899
0.994	1.01905
0.995	1.01911
0.996	1.01916
0.997	1.01922
0.998	1.01928
0.999	1.01934
