# Interpolation data for function: (exp(-100*x)-1)/(exp(-100)-1)
0	0.91354
0.001	0.913881
0.002	0.914221
0.003	0.914561
0.004	0.9149
0.005	0.915239
0.006	0.915577
0.007	0.915914
0.008	0.916251
0.009	0.916588
0.01	0.916923
0.011	0.917259
0.012	0.917593
0.013	0.917927
0.014	0.918261
0.015	0.918594
0.016	0.918926
0.017	0.919258
0.018	0.919589
0.019	0.91992
0.02	0.92025
0.021	0.92058
0.022	0.920909
0.023	0.921237
0.024	0.921565
0.025	0.921893
0.026	0.922219
0.027	0.922545
0.028	0.922871
0.029	0.923196
0.03	0.923521
0.031	0.923845
0.032	0.924168
0.033	0.924491
0.034	0.924813
0.035	0.925135
0.036	0.925456
0.037	0.925776
0.038	0.926096
0.039	0.926416
0.04	0.926735
0.041	0.927053
0.042	0.927371
0.043	0.927688
0.044	0.928004
0.045	0.92832
0.046	0.928636
0.047	0.928951
0.048	0.929265
0.049	0.929579
0.05	0.929892
0.051	0.930205
0.052	0.930517
0.053	0.930828
0.054	0.931139
0.055	0.93145
0.056	0.931759
0.057	0.932069
0.058	0.932377
0.059	0.932686
0.06	0.932993
0.061	0.9333
0.062	0.933607
0.063	0.933912
0.064	0.934218
0.065	0.934522
0.066	0.934827
0.067	0.93513
0.068	0.935433
0.069	0.935736
0.07	0.936038
0.071	0.936339
0.072	0.93664
0.073	0.93694
0.074	0.93724
0.075	0.937539
0.076	0.937837
0.077	0.938135
0.078	0.938433
0.079	0.938729
0.08	0.939026
0.081	0.939321
0.082	0.939617
0.083	0.939911
0.084	0.940205
0.085	0.940499
0.086	0.940791
0.087	0.941084
0.088	0.941375
0.089	0.941667
0.09	0.941957
0.091	0.942247
0.092	0.942537
0.093	0.942826
0.094	0.943114
0.095	0.943402
0.096	0.943689
0.097	0.943976
0.098	0.944262
0.099	0.944547
0.1	0.944832
0.101	0.945117
0.102	0.945401
0.103	0.945684
0.104	0.945967
0.105	0.946249
0.106	0.94653
0.107	0.946811
0.108	0.947092
0.109	0.947372
0.11	0.947651
0.111	0.94793
0.112	0.948208
0.113	0.948486
0.114	0.948763
0.115	0.949039
0.116	0.949315
0.117	0.94959
0.118	0.949865
0.119	0.95014
0.12	0.950413
0.121	0.950686
0.122	0.950959
0.123	0.951231
0.124	0.951502
0.125	0.951773
0.126	0.952043
0.127	0.952313
0.128	0.952582
0.129	0.952851
0.13	0.953119
0.131	0.953386
0.132	0.953653
0.133	0.95392
0.134	0.954185
0.135	0.954451
0.136	0.954715
0.137	0.954979
0.138	0.955243
0.139	0.955506
0.14	0.955768
0.141	0.95603
0.142	0.956291
0.143	0.956552
0.144	0.956812
0.145	0.957072
0.146	0.957331
0.147	0.957589
0.148	0.957847
0.149	0.958104
0.15	0.958361
0.151	0.958617
0.152	0.958873
0.153	0.959128
0.154	0.959382
0.155	0.959636
0.156	0.959889
0.157	0.960142
0.158	0.960394
0.159	0.960646
0.16	0.960897
0.161	0.961148
0.162	0.961398
0.163	0.961647
0.164	0.961896
0.165	0.962144
0.166	0.962392
0.167	0.962639
0.168	0.962886
0.169	0.963132
0.17	0.963377
0.171	0.963622
0.172	0.963866
0.173	0.96411
0.174	0.964353
0.175	0.964596
0.176	0.964838
0.177	0.965079
0.178	0.96532
0.179	0.965561
0.18	0.9658
0.181	0.96604
0.182	0.966278
0.183	0.966516
0.184	0.966754
0.185	0.966991
0.186	0.967227
0.187	0.967463
0.188	0.967698
0.189	0.967933
0.19	0.968167
0.191	0.968401
0.192	0.968634
0.193	0.968866
0.194	0.969098
0.195	0.969329
0.196	0.96956
0.197	0.96979
0.198	0.97002
0.199	0.970249
0.2	0.970478
0.201	0.970706
0.202	0.970933
0.203	0.97116
0.204	0.971386
0.205	0.971612
0.206	0.971837
0.207	0.972061
0.208	0.972285
0.209	0.972509
0.21	0.972732
0.211	0.972954
0.212	0.973176
0.213	0.973397
0.214	0.973617
0.215	0.973837
0.216	0.974057
0.217	0.974276
0.218	0.974494
0.219	0.974712
0.22	0.974929
0.221	0.975146
0.222	0.975362
0.223	0.975577
0.224	0.975792
0.225	0.976007
0.226	0.97622
0.227	0.976434
0.228	0.976646
0.229	0.976858
0.23	0.97707
0.231	0.977281
0.232	0.977491
0.233	0.977701
0.234	0.977911
0.235	0.978119
0.236	0.978327
0.237	0.978535
0.238	0.978742
0.239	0.978949
0.24	0.979154
0.241	0.97936
0.242	0.979565
0.243	0.979769
0.244	0.979972
0.245	0.980176
0.246	0.980378
0.247	0.98058
0.248	0.980781
0.249	0.980982
0.25	0.981183
0.251	0.981382
0.252	0.981581
0.253	0.98178
0.254	0.981978
0.255	0.982175
0.256	0.982372
0.257	0.982569
0.258	0.982764
0.259	0.982959
0.26	0.983154
0.261	0.983348
0.262	0.983542
0.263	0.983735
0.264	0.983927
0.265	0.984119
0.266	0.98431
0.267	0.984501
0.268	0.984691
0.269	0.98488
0.27	0.985069
0.271	0.985258
0.272	0.985445
0.273	0.985633
0.274	0.985819
0.275	0.986006
0.276	0.986191
0.277	0.986376
0.278	0.986561
0.279	0.986744
0.28	0.986928
0.281	0.987111
0.282	0.987293
0.283	0.987474
0.284	0.987655
0.285	0.987836
0.286	0.988016
0.287	0.988195
0.288	0.988374
0.289	0.988552
0.29	0.98873
0.291	0.988907
0.292	0.989084
0.293	0.98926
0.294	0.989435
0.295	0.98961
0.296	0.989784
0.297	0.989958
0.298	0.990131
0.299	0.990304
0.3	0.990476
0.301	0.990647
0.302	0.990818
0.303	0.990988
0.304	0.991158
0.305	0.991327
0.306	0.991496
0.307	0.991664
0.308	0.991831
0.309	0.991998
0.31	0.992165
0.311	0.992331
0.312	0.992496
0.313	0.992661
0.314	0.992825
0.315	0.992988
0.316	0.993151
0.317	0.993314
0.318	0.993476
0.319	0.993637
0.32	0.993798
0.321	0.993958
0.322	0.994117
0.323	0.994276
0.324	0.994435
0.325	0.994593
0.326	0.99475
0.327	0.994907
0.328	0.995063
0.329	0.995219
0.33	0.995374
0.331	0.995528
0.332	0.995682
0.333	0.995836
0.334	0.995988
0.335	0.996141
0.336	0.996292
0.337	0.996444
0.338	0.996594
0.339	0.996744
0.34	0.996894
0.341	0.997042
0.342	0.997191
0.343	0.997339
0.344	0.997486
0.345	0.997632
0.346	0.997778
0.347	0.997924
0.348	0.998069
0.349	0.998213
0.35	0.998357
0.351	0.9985
0.352	0.998643
0.353	0.998785
0.354	0.998926
0.355	0.999067
0.356	0.999208
0.357	0.999348
0.358	0.999487
0.359	0.999626
0.36	0.999764
0.361	0.999901
0.362	1.00004
0.363	1.00017
0.364	1.00031
0.365	1.00045
0.366	1.00058
0.367	1.00071
0.368	1.00085
0.369	1.00098
0.37	1.00111
0.371	1.00125
0.372	1.00138
0.373	1.00151
0.374	1.00164
0.375	1.00177
0.376	1.0019
0.377	1.00203
0.378	1.00215
0.379	1.00228
0.38	1.00241
0.381	1.00253
0.382	1.00266
0.383	1.00279
0.384	1.00291
0.385	1.00303
0.386	1.00316
0.387	1.00328
0.388	1.0034
0.389	1.00352
0.39	1.00365
0.391	1.00377
0.392	1.00389
0.393	1.00401
0.394	1.00412
0.395	1.00424
0.396	1.00436
0.397	1.00448
0.398	1.00459
0.399	1.00471
0.4	1.00483
0.401	1.00494
0.402	1.00506
0.403	1.00517
0.404	1.00528
0.405	1.0054
0.406	1.00551
0.407	1.00562
0.408	1.00573
0.409	1.00584
0.41	1.00595
0.411	1.00606
0.412	1.00617
0.413	1.00628
0.414	1.00638
0.415	1.00649
0.416	1.0066
0.417	1.0067
0.418	1.00681
0.419	1.00691
0.42	1.00702
0.421	1.00712
0.422	1.00723
0.423	1.00733
0.424	1.00743
0.425	1.00753
0.426	1.00763
0.427	1.00773
0.428	1.00783
0.429	1.00793
0.43	1.00803
0.431	1.00813
0.432	1.00823
0.433	1.00832
0.434	1.00842
0.435	1.00852
0.436	1.00861
0.437	1.0087
0.438	1.0088
0.439	1.00889
0.44	1.00899
0.441	1.00908
0.442	1.00917
0.443	1.00926
0.444	1.00935
0.445	1.00944
0.446	1.00953
0.447	1.00962
0.448	1.00971
0.449	1.0098
0.45	1.00988
0.451	1.00997
0.452	1.01006
0.453	1.01014
0.454	1.01023
0.455	1.01031
0.456	1.0104
0.457	1.01048
0.458	1.01056
0.459	1.01064
0.46	1.01073
0.461	1.01081
0.462	1.01089
0.463	1.01097
0.464	1.01105
0.465	1.01113
0.466	1.0112
0.467	1.01128
0.468	1.01136
0.469	1.01144
0.47	1.01151
0.471	1.01159
0.472	1.01166
0.473	1.01174
0.474	1.01181
0.475	1.01188
0.476	1.01196
0.477	1.01203
0.478	1.0121
0.479	1.01217
0.48	1.01224
0.481	1.01231
0.482	1.01238
0.483	1.01245
0.484	1.01252
0.485	1.01258
0.486	1.01265
0.487	1.01272
0.488	1.01278
0.489	1.01285
0.49	1.01291
0.491	1.01298
0.492	1.01304
0.493	1.0131
0.494	1.01317
0.495	1.01323
0.496	1.01329
0.497	1.01335
0.498	1.01341
0.499	1.01347
0.5	1.01353
0.501	1.01359
0.502	1.01365
0.503	1.0137
0.504	1.01376
0.505	1.01382
0.506	1.01387
0.507	1.01393
0.508	1.01398
0.509	1.01404
0.51	1.01409
0.511	1.01414
0.512	1.01419
0.513	1.01425
0.514	1.0143
0.515	1.01435
0.516	1.0144
0.517	1.01445
0.518	1.0145
0.519	1.01455
0.52	1.01459
0.521	1.01464
0.522	1.01469
0.523	1.01473
0.524	1.01478
0.525	1.01482
0.526	1.01487
0.527	1.01491
0.528	1.01496
0.529	1.015
0.53	1.01504
0.531	1.01508
0.532	1.01512
0.533	1.01516
0.534	1.0152
0.535	1.01524
0.536	1.01528
0.537	1.01532
0.538	1.01536
0.539	1.01539
0.54	1.01543
0.541	1.01547
0.542	1.0155
0.543	1.01554
0.544	1.01557
0.545	1.0156
0.546	1.01564
0.547	1.01567
0.548	1.0157
0.549	1.01573
0.55	1.01576
0.551	1.01579
0.552	1.01582
0.553	1.01585
0.554	1.01588
0.555	1.01591
0.556	1.01594
0.557	1.01596
0.558	1.01599
0.559	1.01602
0.56	1.01604
0.561	1.01607
0.562	1.01609
0.563	1.01611
0.564	1.01614
0.565	1.01616
0.566	1.01618
0.567	1.0162
0.568	1.01622
0.569	1.01624
0.57	1.01626
0.571	1.01628
0.572	1.0163
0.573	1.01632
0.574	1.01633
0.575	1.01635
0.576	1.01637
0.577	1.01638
0.578	1.0164
0.579	1.01641
0.58	1.01643
0.581	1.01644
0.582	1.01645
0.583	1.01647
0.584	1.01648
0.585	1.01649
0.586	1.0165
0.587	1.01651
0.588	1.01652
0.589	1.01653
0.59	1.01653
0.591	1.01654
0.592	1.01655
0.593	1.01656
0.594	1.01656
0.595	1.01657
0.596	1.01657
0.597	1.01658
0.598	1.01658
0.599	1.01658
0.6	1.01659
0.601	1.01659
0.602	1.01659
0.603	1.01659
0.604	1.01659
0.605	1.01659
0.606	1.01659
0.607	1.01659
0.608	1.01659
0.609	1.01658
0.61	1.01658
0.611	1.01658
0.612	1.01657
0.613	1.01657
0.614	1.01656
0.615	1.01656
0.616	1.01655
0.617	1.01654
0.618	1.01654
0.619	1.01653
0.62	1.01652
0.621	1.01651
0.622	1.0165
0.623	1.01649
0.624	1.01648
0.625	1.01647
0.626	1.01646
0.627	1.01644
0.628	1.01643
0.629	1.01642
0.63	1.0164
0.631	1.01639
0.632	1.01637
0.633	1.01636
0.634	1.01634
0.635	1.01632
0.636	1.0163
0.637	1.01629
0.638	1.01627
0.639	1.01625
0.64	1.01623
0.641	1.01621
0.642	1.01619
0.643	1.01616
0.644	1.01614
0.645	1.01612
0.646	1.0161
0.647	1.01607
0.648	1.01605
0.649	1.01602
0.65	1.016
0.651	1.01597
0.652	1.01594
0.653	1.01592
0.654	1.01589
0.655	1.01586
0.656	1.01583
0.657	1.0158
0.658	1.01577
0.659	1.01574
0.66	1.01571
0.661	1.01568
0.662	1.01565
0.663	1.01561
0.664	1.01558
0.665	1.01554
0.666	1.01551
0.667	1.01547
0.668	1.01544
0.669	1.0154
0.67	1.01537
0.671	1.01533
0.672	1.01529
0.673	1.01525
0.674	1.01521
0.675	1.01517
0.676	1.01513
0.677	1.01509
0.678	1.01505
0.679	1.01501
0.68	1.01497
0.681	1.01492
0.682	1.01488
0.683	1.01483
0.684	1.01479
0.685	1.01474
0.686	1.0147
0.687	1.01465
0.688	1.0146
0.689	1.01456
0.69	1.01451
0.691	1.01446
0.692	1.01441
0.693	1.01436
0.694	1.01431
0.695	1.01426
0.696	1.01421
0.697	1.01416
0.698	1.0141
0.699	1.01405
0.7	1.014
0.701	1.01394
0.702	1.01389
0.703	1.01383
0.704	1.01377
0.705	1.01372
0.706	1.01366
0.707	1.0136
0.708	1.01354
0.709	1.01349
0.71	1.01343
0.711	1.01337
0.712	1.01331
0.713	1.01324
0.714	1.01318
0.715	1.01312
0.716	1.01306
0.717	1.01299
0.718	1.01293
0.719	1.01286
0.72	1.0128
0.721	1.01273
0.722	1.01267
0.723	1.0126
0.724	1.01253
0.725	1.01247
0.726	1.0124
0.727	1.01233
0.728	1.01226
0.729	1.01219
0.73	1.01212
0.731	1.01205
0.732	1.01197
0.733	1.0119
0.734	1.01183
0.735	1.01175
0.736	1.01168
0.737	1.01161
0.738	1.01153
0.739	1.01145
0.74	1.01138
0.741	1.0113
0.742	1.01122
0.743	1.01115
0.744	1.01107
0.745	1.01099
0.746	1.01091
0.747	1.01083
0.748	1.01075
0.749	1.01066
0.75	1.01058
0.751	1.0105
0.752	1.01042
0.753	1.01033
0.754	1.01025
0.755	1.01016
0.756	1.01008
0.757	1.00999
0.758	1.00991
0.759	1.00982
0.76	1.00973
0.761	1.00964
0.762	1.00955
0.763	1.00946
0.764	1.00937
0.765	1.00928
0.766	1.00919
0.767	1.0091
0.768	1.00901
0.769	1.00892
0.77	1.00882
0.771	1.00873
0.772	1.00863
0.773	1.00854
0.774	1.00844
0.775	1.00835
0.776	1.00825
0.777	1.00815
0.778	1.00805
0.779	1.00796
0.78	1.00786
0.781	1.00776
0.782	1.00766
0.783	1.00756
0.784	1.00746
0.785	1.00735
0.786	1.00725
0.787	1.00715
0.788	1.00704
0.789	1.00694
0.79	1.00684
0.791	1.00673
0.792	1.00662
0.793	1.00652
0.794	1.00641
0.795	1.0063
0.796	1.0062
0.797	1.00609
0.798	1.00598
0.799	1.00587
0.8	1.00576
0.801	1.00565
0.802	1.00554
0.803	1.00542
0.804	1.00531
0.805	1.0052
0.806	1.00508
0.807	1.00497
0.808	1.00485
0.809	1.00474
0.81	1.00462
0.811	1.00451
0.812	1.00439
0.813	1.00427
0.814	1.00415
0.815	1.00403
0.816	1.00392
0.817	1.0038
0.818	1.00368
0.819	1.00355
0.82	1.00343
0.821	1.00331
0.822	1.00319
0.823	1.00306
0.824	1.00294
0.825	1.00282
0.826	1.00269
0.827	1.00257
0.828	1.00244
0.829	1.00231
0.83	1.00218
0.831	1.00206
0.832	1.00193
0.833	1.0018
0.834	1.00167
0.835	1.00154
0.836	1.00141
0.837	1.00128
0.838	1.00115
0.839	1.00101
0.84	1.00088
0.841	1.00075
0.842	1.00061
0.843	1.00048
0.844	1.00034
0.845	1.00021
0.846	1.00007
0.847	0.999935
0.848	0.999797
0.849	0.999659
0.85	0.999521
0.851	0.999382
0.852	0.999242
0.853	0.999102
0.854	0.998961
0.855	0.99882
0.856	0.998678
0.857	0.998535
0.858	0.998392
0.859	0.998248
0.86	0.998104
0.861	0.997959
0.862	0.997814
0.863	0.997668
0.864	0.997522
0.865	0.997375
0.866	0.997227
0.867	0.997079
0.868	0.99693
0.869	0.996781
0.87	0.996631
0.871	0.99648
0.872	0.996329
0.873	0.996178
0.874	0.996026
0.875	0.995873
0.876	0.99572
0.877	0.995566
0.878	0.995412
0.879	0.995257
0.88	0.995101
0.881	0.994945
0.882	0.994788
0.883	0.994631
0.884	0.994474
0.885	0.994315
0.886	0.994156
0.887	0.993997
0.888	0.993837
0.889	0.993676
0.89	0.993515
0.891	0.993353
0.892	0.993191
0.893	0.993028
0.894	0.992865
0.895	0.992701
0.896	0.992536
0.897	0.992371
0.898	0.992205
0.899	0.992039
0.9	0.991872
0.901	0.991705
0.902	0.991537
0.903	0.991369
0.904	0.9912
0.905	0.99103
0.906	0.99086
0.907	0.990689
0.908	0.990518
0.909	0.990346
0.91	0.990173
0.911	0.99
0.912	0.989827
0.913	0.989653
0.914	0.989478
0.915	0.989303
0.916	0.989127
0.917	0.98895
0.918	0.988773
0.919	0.988596
0.92	0.988418
0.921	0.988239
0.922	0.98806
0.923	0.98788
0.924	0.9877
0.925	0.987519
0.926	0.987337
0.927	0.987155
0.928	0.986973
0.929	0.986789
0.93	0.986606
0.931	0.986421
0.932	0.986236
0.933	0.986051
0.934	0.985865
0.935	0.985678
0.936	0.985491
0.937	0.985304
0.938	0.985115
0.939	0.984926
0.94	0.984737
0.941	0.984547
0.942	0.984357
0.943	0.984166
0.944	0.983974
0.945	0.983782
0.946	0.983589
0.947	0.983396
0.948	0.983202
0.949	0.983007
0.95	0.982812
0.951	0.982616
0.952	0.98242
0.953	0.982224
0.954	0.982026
0.955	0.981828
0.956	0.98163
0.957	0.981431
0.958	0.981231
0.959	0.981031
0.96	0.980831
0.961	0.980629
0.962	0.980428
0.963	0.980225
0.964	0.980022
0.965	0.979819
0.966	0.979615
0.967	0.97941
0.968	0.979205
0.969	0.978999
0.97	0.978793
0.971	0.978586
0.972	0.978378
0.973	0.97817
0.974	0.977962
0.975	0.977753
0.976	0.977543
0.977	0.977333
0.978	0.977122
0.979	0.97691
0.98	0.976698
0.981	0.976486
0.982	0.976273
0.983	0.976059
0.984	0.975845
0.985	0.97563
0.986	0.975414
0.987	0.975199
0.988	0.974982
0.989	0.974765
0.99	0.974547
0.991	0.974329
0.992	0.97411
0.993	0.973891
0.994	0.973671
0.995	0.973451
0.996	0.97323
0.997	0.973008
0.998	0.972786
0.999	0.972563
