#Function: x^10
0	0.19838
1	0.148785
2	0.09156
3	0.0354181
4	0.00938878
5	0.00187016
6	0.000368171
7	0.000158482
8	2.36223e-05
9	1.18111e-06
10	1.7878e-15
11	2.01147e-15
12	2.20513e-15
13	2.28884e-15
14	2.3079e-15
15	2.30888e-15
16	2.31248e-15
17	2.31748e-15
18	2.37078e-15
19	2.54115e-15
20	2.85394e-15
21	1.86168e-15
22	2.03407e-15
23	2.18562e-15
24	2.26063e-15
25	2.26542e-15
26	2.27562e-15
27	2.28663e-15
28	2.2917e-15
29	2.40753e-15
30	2.60286e-15
31	2.81306e-15
32	2.08541e-15
33	2.1124e-15
34	2.14962e-15
35	2.19675e-15
36	2.20721e-15
37	2.28544e-15
38	2.46166e-15
39	2.52252e-15
40	2.54014e-15
