# Interpolation data for function: x^10
0	0.125874
0.001	0.124757
0.002	0.123643
0.003	0.122532
0.004	0.121424
0.005	0.120319
0.006	0.119217
0.007	0.118119
0.008	0.117024
0.009	0.115932
0.01	0.114843
0.011	0.113757
0.012	0.112674
0.013	0.111595
0.014	0.110518
0.015	0.109445
0.016	0.108375
0.017	0.107308
0.018	0.106244
0.019	0.105183
0.02	0.104126
0.021	0.103072
0.022	0.10202
0.023	0.100972
0.024	0.0999273
0.025	0.0988855
0.026	0.0978469
0.027	0.0968114
0.028	0.095779
0.029	0.0947498
0.03	0.0937238
0.031	0.0927009
0.032	0.0916811
0.033	0.0906645
0.034	0.089651
0.035	0.0886407
0.036	0.0876336
0.037	0.0866295
0.038	0.0856287
0.039	0.0846309
0.04	0.0836364
0.041	0.0826449
0.042	0.0816566
0.043	0.0806715
0.044	0.0796895
0.045	0.0787107
0.046	0.077735
0.047	0.0767624
0.048	0.075793
0.049	0.0748267
0.05	0.0738636
0.051	0.0729037
0.052	0.0719469
0.053	0.0709932
0.054	0.0700427
0.055	0.0690953
0.056	0.068151
0.057	0.06721
0.058	0.066272
0.059	0.0653372
0.06	0.0644056
0.061	0.0634771
0.062	0.0625517
0.063	0.0616295
0.064	0.0607105
0.065	0.0597946
0.066	0.0588818
0.067	0.0579722
0.068	0.0570657
0.069	0.0561624
0.07	0.0552622
0.071	0.0543652
0.072	0.0534713
0.073	0.0525806
0.074	0.051693
0.075	0.0508086
0.076	0.0499273
0.077	0.0490491
0.078	0.0481741
0.079	0.0473023
0.08	0.0464336
0.081	0.045568
0.082	0.0447056
0.083	0.0438463
0.084	0.0429902
0.085	0.0421372
0.086	0.0412874
0.087	0.0404407
0.088	0.0395972
0.089	0.0387568
0.09	0.0379196
0.091	0.0370855
0.092	0.0362545
0.093	0.0354267
0.094	0.0346021
0.095	0.0337806
0.096	0.0329622
0.097	0.032147
0.098	0.031335
0.099	0.030526
0.1	0.0297203
0.101	0.0289177
0.102	0.0281182
0.103	0.0273219
0.104	0.0265287
0.105	0.0257386
0.106	0.0249517
0.107	0.024168
0.108	0.0233874
0.109	0.02261
0.11	0.0218357
0.111	0.0210645
0.112	0.0202965
0.113	0.0195316
0.114	0.0187699
0.115	0.0180114
0.116	0.0172559
0.117	0.0165037
0.118	0.0157545
0.119	0.0150086
0.12	0.0142657
0.121	0.013526
0.122	0.0127895
0.123	0.0120561
0.124	0.0113259
0.125	0.0105988
0.126	0.00987483
0.127	0.00915402
0.128	0.00843636
0.129	0.00772185
0.13	0.00701049
0.131	0.00630227
0.132	0.0055972
0.133	0.00489528
0.134	0.0041965
0.135	0.00350087
0.136	0.00280839
0.137	0.00211906
0.138	0.00143287
0.139	0.000749825
0.14	6.99301e-05
0.141	-0.000606818
0.142	-0.00128042
0.143	-0.00195087
0.144	-0.00261818
0.145	-0.00328234
0.146	-0.00394336
0.147	-0.00460122
0.148	-0.00525594
0.149	-0.00590752
0.15	-0.00655594
0.151	-0.00720122
0.152	-0.00784336
0.153	-0.00848234
0.154	-0.00911818
0.155	-0.00975087
0.156	-0.0103804
0.157	-0.0110068
0.158	-0.0116301
0.159	-0.0122502
0.16	-0.0128671
0.161	-0.0134809
0.162	-0.0140916
0.163	-0.0146991
0.164	-0.0153035
0.165	-0.0159047
0.166	-0.0165028
0.167	-0.0170977
0.168	-0.0176895
0.169	-0.0182781
0.17	-0.0188636
0.171	-0.019446
0.172	-0.0200252
0.173	-0.0206012
0.174	-0.0211741
0.175	-0.0217439
0.176	-0.0223105
0.177	-0.022874
0.178	-0.0234343
0.179	-0.0239914
0.18	-0.0245455
0.181	-0.0250963
0.182	-0.0256441
0.183	-0.0261886
0.184	-0.0267301
0.185	-0.0272684
0.186	-0.0278035
0.187	-0.0283355
0.188	-0.0288643
0.189	-0.02939
0.19	-0.0299126
0.191	-0.030432
0.192	-0.0309483
0.193	-0.0314614
0.194	-0.0319713
0.195	-0.0324781
0.196	-0.0329818
0.197	-0.0334823
0.198	-0.0339797
0.199	-0.034474
0.2	-0.034965
0.201	-0.035453
0.202	-0.0359378
0.203	-0.0364194
0.204	-0.0368979
0.205	-0.0373733
0.206	-0.0378455
0.207	-0.0383145
0.208	-0.0387804
0.209	-0.0392432
0.21	-0.0397028
0.211	-0.0401593
0.212	-0.0406126
0.213	-0.0410628
0.214	-0.0415098
0.215	-0.0419537
0.216	-0.0423944
0.217	-0.042832
0.218	-0.0432664
0.219	-0.0436977
0.22	-0.0441259
0.221	-0.0445509
0.222	-0.0449727
0.223	-0.0453914
0.224	-0.045807
0.225	-0.0462194
0.226	-0.0466287
0.227	-0.0470348
0.228	-0.0474378
0.229	-0.0478376
0.23	-0.0482343
0.231	-0.0486278
0.232	-0.0490182
0.233	-0.0494054
0.234	-0.0497895
0.235	-0.0501705
0.236	-0.0505483
0.237	-0.0509229
0.238	-0.0512944
0.239	-0.0516628
0.24	-0.052028
0.241	-0.05239
0.242	-0.052749
0.243	-0.0531047
0.244	-0.0534573
0.245	-0.0538068
0.246	-0.0541531
0.247	-0.0544963
0.248	-0.0548364
0.249	-0.0551733
0.25	-0.055507
0.251	-0.0558376
0.252	-0.056165
0.253	-0.0564893
0.254	-0.0568105
0.255	-0.0571285
0.256	-0.0574434
0.257	-0.0577551
0.258	-0.0580636
0.259	-0.0583691
0.26	-0.0586713
0.261	-0.0589705
0.262	-0.0592664
0.263	-0.0595593
0.264	-0.059849
0.265	-0.0601355
0.266	-0.0604189
0.267	-0.0606991
0.268	-0.0609762
0.269	-0.0612502
0.27	-0.061521
0.271	-0.0617886
0.272	-0.0620531
0.273	-0.0623145
0.274	-0.0625727
0.275	-0.0628278
0.276	-0.0630797
0.277	-0.0633285
0.278	-0.0635741
0.279	-0.0638166
0.28	-0.0640559
0.281	-0.0642921
0.282	-0.0645252
0.283	-0.0647551
0.284	-0.0649818
0.285	-0.0652054
0.286	-0.0654259
0.287	-0.0656432
0.288	-0.0658573
0.289	-0.0660684
0.29	-0.0662762
0.291	-0.0664809
0.292	-0.0666825
0.293	-0.0668809
0.294	-0.0670762
0.295	-0.0672684
0.296	-0.0674573
0.297	-0.0676432
0.298	-0.0678259
0.299	-0.0680054
0.3	-0.0681818
0.301	-0.0683551
0.302	-0.0685252
0.303	-0.0686921
0.304	-0.0688559
0.305	-0.0690166
0.306	-0.0691741
0.307	-0.0693285
0.308	-0.0694797
0.309	-0.0696278
0.31	-0.0697727
0.311	-0.0699145
0.312	-0.0700531
0.313	-0.0701886
0.314	-0.070321
0.315	-0.0704502
0.316	-0.0705762
0.317	-0.0706991
0.318	-0.0708189
0.319	-0.0709355
0.32	-0.071049
0.321	-0.0711593
0.322	-0.0712664
0.323	-0.0713705
0.324	-0.0714713
0.325	-0.0715691
0.326	-0.0716636
0.327	-0.0717551
0.328	-0.0718434
0.329	-0.0719285
0.33	-0.0720105
0.331	-0.0720893
0.332	-0.072165
0.333	-0.0722376
0.334	-0.072307
0.335	-0.0723733
0.336	-0.0724364
0.337	-0.0724963
0.338	-0.0725531
0.339	-0.0726068
0.34	-0.0726573
0.341	-0.0727047
0.342	-0.072749
0.343	-0.07279
0.344	-0.072828
0.345	-0.0728628
0.346	-0.0728944
0.347	-0.0729229
0.348	-0.0729483
0.349	-0.0729705
0.35	-0.0729895
0.351	-0.0730054
0.352	-0.0730182
0.353	-0.0730278
0.354	-0.0730343
0.355	-0.0730376
0.356	-0.0730378
0.357	-0.0730348
0.358	-0.0730287
0.359	-0.0730194
0.36	-0.073007
0.361	-0.0729914
0.362	-0.0729727
0.363	-0.0729509
0.364	-0.0729259
0.365	-0.0728977
0.366	-0.0728664
0.367	-0.072832
0.368	-0.0727944
0.369	-0.0727537
0.37	-0.0727098
0.371	-0.0726628
0.372	-0.0726126
0.373	-0.0725593
0.374	-0.0725028
0.375	-0.0724432
0.376	-0.0723804
0.377	-0.0723145
0.378	-0.0722455
0.379	-0.0721733
0.38	-0.0720979
0.381	-0.0720194
0.382	-0.0719378
0.383	-0.071853
0.384	-0.071765
0.385	-0.071674
0.386	-0.0715797
0.387	-0.0714823
0.388	-0.0713818
0.389	-0.0712781
0.39	-0.0711713
0.391	-0.0710614
0.392	-0.0709483
0.393	-0.070832
0.394	-0.0707126
0.395	-0.07059
0.396	-0.0704643
0.397	-0.0703355
0.398	-0.0702035
0.399	-0.0700684
0.4	-0.0699301
0.401	-0.0697886
0.402	-0.0696441
0.403	-0.0694963
0.404	-0.0693455
0.405	-0.0691914
0.406	-0.0690343
0.407	-0.068874
0.408	-0.0687105
0.409	-0.0685439
0.41	-0.0683741
0.411	-0.0682012
0.412	-0.0680252
0.413	-0.067846
0.414	-0.0676636
0.415	-0.0674781
0.416	-0.0672895
0.417	-0.0670977
0.418	-0.0669028
0.419	-0.0667047
0.42	-0.0665035
0.421	-0.0662991
0.422	-0.0660916
0.423	-0.0658809
0.424	-0.0656671
0.425	-0.0654502
0.426	-0.0652301
0.427	-0.0650068
0.428	-0.0647804
0.429	-0.0645509
0.43	-0.0643182
0.431	-0.0640823
0.432	-0.0638434
0.433	-0.0636012
0.434	-0.0633559
0.435	-0.0631075
0.436	-0.0628559
0.437	-0.0626012
0.438	-0.0623434
0.439	-0.0620823
0.44	-0.0618182
0.441	-0.0615509
0.442	-0.0612804
0.443	-0.0610068
0.444	-0.0607301
0.445	-0.0604502
0.446	-0.0601671
0.447	-0.0598809
0.448	-0.0595916
0.449	-0.0592991
0.45	-0.0590035
0.451	-0.0587047
0.452	-0.0584028
0.453	-0.0580977
0.454	-0.0577895
0.455	-0.0574781
0.456	-0.0571636
0.457	-0.056846
0.458	-0.0565252
0.459	-0.0562012
0.46	-0.0558741
0.461	-0.0555439
0.462	-0.0552105
0.463	-0.054874
0.464	-0.0545343
0.465	-0.0541914
0.466	-0.0538455
0.467	-0.0534963
0.468	-0.0531441
0.469	-0.0527886
0.47	-0.0524301
0.471	-0.0520684
0.472	-0.0517035
0.473	-0.0513355
0.474	-0.0509643
0.475	-0.05059
0.476	-0.0502126
0.477	-0.049832
0.478	-0.0494483
0.479	-0.0490614
0.48	-0.0486713
0.481	-0.0482781
0.482	-0.0478818
0.483	-0.0474823
0.484	-0.0470797
0.485	-0.046674
0.486	-0.046265
0.487	-0.045853
0.488	-0.0454378
0.489	-0.0450194
0.49	-0.0445979
0.491	-0.0441733
0.492	-0.0437455
0.493	-0.0433145
0.494	-0.0428804
0.495	-0.0424432
0.496	-0.0420028
0.497	-0.0415593
0.498	-0.0411126
0.499	-0.0406628
0.5	-0.0402098
0.501	-0.0397537
0.502	-0.0392944
0.503	-0.038832
0.504	-0.0383664
0.505	-0.0378977
0.506	-0.0374259
0.507	-0.0369509
0.508	-0.0364727
0.509	-0.0359914
0.51	-0.035507
0.511	-0.0350194
0.512	-0.0345287
0.513	-0.0340348
0.514	-0.0335378
0.515	-0.0330376
0.516	-0.0325343
0.517	-0.0320278
0.518	-0.0315182
0.519	-0.0310054
0.52	-0.0304895
0.521	-0.0299705
0.522	-0.0294483
0.523	-0.0289229
0.524	-0.0283944
0.525	-0.0278628
0.526	-0.027328
0.527	-0.02679
0.528	-0.026249
0.529	-0.0257047
0.53	-0.0251573
0.531	-0.0246068
0.532	-0.0240531
0.533	-0.0234963
0.534	-0.0229364
0.535	-0.0223733
0.536	-0.021807
0.537	-0.0212376
0.538	-0.020665
0.539	-0.0200893
0.54	-0.0195105
0.541	-0.0189285
0.542	-0.0183434
0.543	-0.0177551
0.544	-0.0171636
0.545	-0.0165691
0.546	-0.0159713
0.547	-0.0153705
0.548	-0.0147664
0.549	-0.0141593
0.55	-0.013549
0.551	-0.0129355
0.552	-0.0123189
0.553	-0.0116991
0.554	-0.0110762
0.555	-0.0104502
0.556	-0.00982098
0.557	-0.00918864
0.558	-0.00855315
0.559	-0.00791451
0.56	-0.00727273
0.561	-0.0066278
0.562	-0.00597972
0.563	-0.0053285
0.564	-0.00467413
0.565	-0.00401661
0.566	-0.00335594
0.567	-0.00269213
0.568	-0.00202517
0.569	-0.00135507
0.57	-0.000681818
0.571	-5.41958e-06
0.572	0.000674126
0.573	0.00135682
0.574	0.00204266
0.575	0.00273164
0.576	0.00342378
0.577	0.00411906
0.578	0.00481748
0.579	0.00551906
0.58	0.00622378
0.581	0.00693164
0.582	0.00764266
0.583	0.00835682
0.584	0.00907413
0.585	0.00979458
0.586	0.0105182
0.587	0.0112449
0.588	0.0119748
0.589	0.0127079
0.59	0.0134441
0.591	0.0141834
0.592	0.0149259
0.593	0.0156715
0.594	0.0164203
0.595	0.0171722
0.596	0.0179273
0.597	0.0186855
0.598	0.0194469
0.599	0.0202114
0.6	0.020979
0.601	0.0217498
0.602	0.0225238
0.603	0.0233009
0.604	0.0240811
0.605	0.0248645
0.606	0.025651
0.607	0.0264407
0.608	0.0272336
0.609	0.0280295
0.61	0.0288287
0.611	0.0296309
0.612	0.0304364
0.613	0.0312449
0.614	0.0320566
0.615	0.0328715
0.616	0.0336895
0.617	0.0345107
0.618	0.035335
0.619	0.0361624
0.62	0.036993
0.621	0.0378267
0.622	0.0386636
0.623	0.0395037
0.624	0.0403469
0.625	0.0411932
0.626	0.0420427
0.627	0.0428953
0.628	0.043751
0.629	0.04461
0.63	0.045472
0.631	0.0463372
0.632	0.0472056
0.633	0.0480771
0.634	0.0489517
0.635	0.0498295
0.636	0.0507105
0.637	0.0515946
0.638	0.0524818
0.639	0.0533722
0.64	0.0542657
0.641	0.0551624
0.642	0.0560622
0.643	0.0569652
0.644	0.0578713
0.645	0.0587806
0.646	0.059693
0.647	0.0606086
0.648	0.0615273
0.649	0.0624491
0.65	0.0633741
0.651	0.0643023
0.652	0.0652336
0.653	0.066168
0.654	0.0671056
0.655	0.0680463
0.656	0.0689902
0.657	0.0699372
0.658	0.0708874
0.659	0.0718407
0.66	0.0727972
0.661	0.0737568
0.662	0.0747196
0.663	0.0756855
0.664	0.0766545
0.665	0.0776267
0.666	0.0786021
0.667	0.0795806
0.668	0.0805622
0.669	0.081547
0.67	0.082535
0.671	0.083526
0.672	0.0845203
0.673	0.0855177
0.674	0.0865182
0.675	0.0875219
0.676	0.0885287
0.677	0.0895386
0.678	0.0905517
0.679	0.091568
0.68	0.0925874
0.681	0.09361
0.682	0.0946357
0.683	0.0956645
0.684	0.0966965
0.685	0.0977316
0.686	0.0987699
0.687	0.0998114
0.688	0.100856
0.689	0.101904
0.69	0.102955
0.691	0.104009
0.692	0.105066
0.693	0.106126
0.694	0.10719
0.695	0.108256
0.696	0.109326
0.697	0.110399
0.698	0.111475
0.699	0.112554
0.7	0.113636
0.701	0.114722
0.702	0.11581
0.703	0.116902
0.704	0.117997
0.705	0.119095
0.706	0.120197
0.707	0.121301
0.708	0.122408
0.709	0.123519
0.71	0.124633
0.711	0.12575
0.712	0.12687
0.713	0.127993
0.714	0.12912
0.715	0.130249
0.716	0.131382
0.717	0.132518
0.718	0.133657
0.719	0.134799
0.72	0.135944
0.721	0.137092
0.722	0.138244
0.723	0.139399
0.724	0.140557
0.725	0.141718
0.726	0.142882
0.727	0.144049
0.728	0.14522
0.729	0.146393
0.73	0.14757
0.731	0.14875
0.732	0.149933
0.733	0.151119
0.734	0.152308
0.735	0.153501
0.736	0.154697
0.737	0.155895
0.738	0.157097
0.739	0.158302
0.74	0.15951
0.741	0.160722
0.742	0.161936
0.743	0.163154
0.744	0.164375
0.745	0.165599
0.746	0.166826
0.747	0.168056
0.748	0.16929
0.749	0.170526
0.75	0.171766
0.751	0.173009
0.752	0.174255
0.753	0.175504
0.754	0.176756
0.755	0.178011
0.756	0.17927
0.757	0.180532
0.758	0.181797
0.759	0.183065
0.76	0.184336
0.761	0.18561
0.762	0.186887
0.763	0.188168
0.764	0.189452
0.765	0.190739
0.766	0.192029
0.767	0.193322
0.768	0.194618
0.769	0.195918
0.77	0.19722
0.771	0.198526
0.772	0.199835
0.773	0.201147
0.774	0.202462
0.775	0.203781
0.776	0.205102
0.777	0.206427
0.778	0.207755
0.779	0.209085
0.78	0.21042
0.781	0.211757
0.782	0.213097
0.783	0.214441
0.784	0.215787
0.785	0.217137
0.786	0.21849
0.787	0.219846
0.788	0.221206
0.789	0.222568
0.79	0.223934
0.791	0.225302
0.792	0.226674
0.793	0.228049
0.794	0.229427
0.795	0.230809
0.796	0.232193
0.797	0.233581
0.798	0.234971
0.799	0.236365
0.8	0.237762
0.801	0.239162
0.802	0.240566
0.803	0.241972
0.804	0.243382
0.805	0.244795
0.806	0.24621
0.807	0.24763
0.808	0.249052
0.809	0.250477
0.81	0.251906
0.811	0.253337
0.812	0.254772
0.813	0.25621
0.814	0.257651
0.815	0.259095
0.816	0.260543
0.817	0.261993
0.818	0.263447
0.819	0.264904
0.82	0.266364
0.821	0.267827
0.822	0.269293
0.823	0.270762
0.824	0.272235
0.825	0.273711
0.826	0.27519
0.827	0.276672
0.828	0.278157
0.829	0.279645
0.83	0.281136
0.831	0.282631
0.832	0.284129
0.833	0.28563
0.834	0.287134
0.835	0.288641
0.836	0.290151
0.837	0.291665
0.838	0.293181
0.839	0.294701
0.84	0.296224
0.841	0.29775
0.842	0.299279
0.843	0.300811
0.844	0.302347
0.845	0.303885
0.846	0.305427
0.847	0.306972
0.848	0.30852
0.849	0.310072
0.85	0.311626
0.851	0.313183
0.852	0.314744
0.853	0.316308
0.854	0.317875
0.855	0.319445
0.856	0.321018
0.857	0.322595
0.858	0.324174
0.859	0.325757
0.86	0.327343
0.861	0.328932
0.862	0.330524
0.863	0.332119
0.864	0.333717
0.865	0.335319
0.866	0.336924
0.867	0.338532
0.868	0.340143
0.869	0.341757
0.87	0.343374
0.871	0.344995
0.872	0.346618
0.873	0.348245
0.874	0.349875
0.875	0.351508
0.876	0.353144
0.877	0.354783
0.878	0.356426
0.879	0.358072
0.88	0.35972
0.881	0.361372
0.882	0.363027
0.883	0.364685
0.884	0.366347
0.885	0.368011
0.886	0.369679
0.887	0.37135
0.888	0.373024
0.889	0.374701
0.89	0.376381
0.891	0.378065
0.892	0.379751
0.893	0.381441
0.894	0.383134
0.895	0.38483
0.896	0.386529
0.897	0.388231
0.898	0.389936
0.899	0.391645
0.9	0.393357
0.901	0.395072
0.902	0.39679
0.903	0.398511
0.904	0.400235
0.905	0.401962
0.906	0.403693
0.907	0.405427
0.908	0.407164
0.909	0.408904
0.91	0.410647
0.911	0.412393
0.912	0.414143
0.913	0.415895
0.914	0.417651
0.915	0.41941
0.916	0.421172
0.917	0.422937
0.918	0.424706
0.919	0.426477
0.92	0.428252
0.921	0.43003
0.922	0.43181
0.923	0.433595
0.924	0.435382
0.925	0.437172
0.926	0.438966
0.927	0.440762
0.928	0.442562
0.929	0.444365
0.93	0.446171
0.931	0.447981
0.932	0.449793
0.933	0.451609
0.934	0.453427
0.935	0.455249
0.936	0.457074
0.937	0.458902
0.938	0.460734
0.939	0.462568
0.94	0.464406
0.941	0.466246
0.942	0.46809
0.943	0.469937
0.944	0.471787
0.945	0.473641
0.946	0.475497
0.947	0.477357
0.948	0.47922
0.949	0.481085
0.95	0.482955
0.951	0.484827
0.952	0.486702
0.953	0.488581
0.954	0.490462
0.955	0.492347
0.956	0.494235
0.957	0.496126
0.958	0.49802
0.959	0.499918
0.96	0.501818
0.961	0.503722
0.962	0.505629
0.963	0.507539
0.964	0.509452
0.965	0.511368
0.966	0.513287
0.967	0.51521
0.968	0.517136
0.969	0.519065
0.97	0.520997
0.971	0.522932
0.972	0.52487
0.973	0.526811
0.974	0.528756
0.975	0.530704
0.976	0.532655
0.977	0.534609
0.978	0.536566
0.979	0.538526
0.98	0.54049
0.981	0.542456
0.982	0.544426
0.983	0.546399
0.984	0.548375
0.985	0.550354
0.986	0.552336
0.987	0.554322
0.988	0.55631
0.989	0.558302
0.99	0.560297
0.991	0.562295
0.992	0.564297
0.993	0.566301
0.994	0.568308
0.995	0.570319
0.996	0.572333
0.997	0.57435
0.998	0.57637
0.999	0.578393
