#Function: x^20*(x>0.5)
0	0.148737
1	0.128455
2	0.10053
3	0.0624716
4	0.0246172
5	0.00711507
6	0.00182037
7	0.000613872
8	0.000304194
9	6.17952e-05
10	1.05565e-05
11	1.51285e-06
12	1.81002e-07
13	1.794e-08
14	1.4561e-09
15	9.51625e-11
16	4.88528e-12
17	1.89709e-13
18	5.50696e-15
19	1.80312e-15
20	1.99658e-15
21	2.27593e-15
22	2.63863e-15
23	3.07732e-15
24	3.57305e-15
25	4.05373e-15
26	4.42019e-15
27	4.60492e-15
28	4.63674e-15
29	4.64403e-15
30	4.72669e-15
31	2.58641e-15
32	2.67196e-15
33	1.89029e-15
34	1.92298e-15
35	1.92248e-15
36	1.93302e-15
37	1.9395e-15
38	1.93821e-15
39	1.93766e-15
40	1.93957e-15
41	1.94068e-15
42	1.91558e-15
43	1.84076e-15
44	1.85143e-15
45	1.92968e-15
46	2.12365e-15
47	2.31653e-15
48	2.33839e-15
49	2.41056e-15
50	2.27592e-15
