# Interpolation data for function: x^20*(x>0.5)
0	0
0.001	0
0.002	0
0.003	0
0.004	0
0.005	0
0.006	0
0.007	0
0.008	0
0.009	0
0.01	0
0.011	0
0.012	0
0.013	0
0.014	0
0.015	0
0.016	0
0.017	0
0.018	0
0.019	0
0.02	0
0.021	0
0.022	0
0.023	0
0.024	0
0.025	0
0.026	0
0.027	0
0.028	0
0.029	0
0.03	0
0.031	0
0.032	0
0.033	0
0.034	0
0.035	0
0.036	0
0.037	0
0.038	0
0.039	0
0.04	0
0.041	0
0.042	0
0.043	0
0.044	0
0.045	0
0.046	0
0.047	0
0.048	0
0.049	0
0.05	0
0.051	0
0.052	0
0.053	0
0.054	0
0.055	0
0.056	0
0.057	0
0.058	0
0.059	0
0.06	0
0.061	0
0.062	0
0.063	0
0.064	0
0.065	0
0.066	0
0.067	0
0.068	0
0.069	0
0.07	0
0.071	0
0.072	0
0.073	0
0.074	0
0.075	0
0.076	0
0.077	0
0.078	0
0.079	0
0.08	0
0.081	0
0.082	0
0.083	0
0.084	0
0.085	0
0.086	0
0.087	0
0.088	0
0.089	0
0.09	0
0.091	0
0.092	0
0.093	0
0.094	0
0.095	0
0.096	0
0.097	0
0.098	0
0.099	0
0.1	0
0.101	0
0.102	0
0.103	0
0.104	0
0.105	0
0.106	0
0.107	0
0.108	0
0.109	0
0.11	0
0.111	0
0.112	0
0.113	0
0.114	0
0.115	0
0.116	0
0.117	0
0.118	0
0.119	0
0.12	0
0.121	0
0.122	0
0.123	0
0.124	0
0.125	0
0.126	0
0.127	0
0.128	0
0.129	0
0.13	0
0.131	0
0.132	0
0.133	0
0.134	0
0.135	0
0.136	0
0.137	0
0.138	0
0.139	0
0.14	0
0.141	0
0.142	0
0.143	0
0.144	0
0.145	0
0.146	0
0.147	0
0.148	0
0.149	0
0.15	0
0.151	0
0.152	0
0.153	0
0.154	0
0.155	0
0.156	0
0.157	0
0.158	0
0.159	0
0.16	0
0.161	0
0.162	0
0.163	0
0.164	0
0.165	0
0.166	0
0.167	0
0.168	0
0.169	0
0.17	0
0.171	0
0.172	0
0.173	0
0.174	0
0.175	0
0.176	0
0.177	0
0.178	0
0.179	0
0.18	0
0.181	0
0.182	0
0.183	0
0.184	0
0.185	0
0.186	0
0.187	0
0.188	0
0.189	0
0.19	0
0.191	0
0.192	0
0.193	0
0.194	0
0.195	0
0.196	0
0.197	0
0.198	0
0.199	0
0.2	0
0.201	0
0.202	0
0.203	0
0.204	0
0.205	0
0.206	0
0.207	0
0.208	0
0.209	0
0.21	0
0.211	0
0.212	0
0.213	0
0.214	0
0.215	0
0.216	0
0.217	0
0.218	0
0.219	0
0.22	0
0.221	0
0.222	0
0.223	0
0.224	0
0.225	0
0.226	0
0.227	0
0.228	0
0.229	0
0.23	0
0.231	0
0.232	0
0.233	0
0.234	0
0.235	0
0.236	0
0.237	0
0.238	0
0.239	0
0.24	0
0.241	0
0.242	0
0.243	0
0.244	0
0.245	0
0.246	0
0.247	0
0.248	0
0.249	0
0.25	0
0.251	0
0.252	0
0.253	0
0.254	0
0.255	0
0.256	0
0.257	0
0.258	0
0.259	0
0.26	0
0.261	0
0.262	0
0.263	0
0.264	0
0.265	0
0.266	0
0.267	0
0.268	0
0.269	0
0.27	0
0.271	0
0.272	0
0.273	0
0.274	0
0.275	0
0.276	0
0.277	0
0.278	0
0.279	0
0.28	0
0.281	0
0.282	0
0.283	0
0.284	0
0.285	0
0.286	0
0.287	0
0.288	0
0.289	0
0.29	0
0.291	0
0.292	0
0.293	0
0.294	0
0.295	0
0.296	0
0.297	0
0.298	0
0.299	0
0.3	0
0.301	0
0.302	0
0.303	0
0.304	0
0.305	0
0.306	0
0.307	0
0.308	0
0.309	0
0.31	0
0.311	0
0.312	0
0.313	0
0.314	0
0.315	0
0.316	0
0.317	0
0.318	0
0.319	0
0.32	0
0.321	0
0.322	0
0.323	0
0.324	0
0.325	0
0.326	0
0.327	0
0.328	0
0.329	0
0.33	0
0.331	0
0.332	0
0.333	0
0.334	0
0.335	0
0.336	0
0.337	0
0.338	0
0.339	0
0.34	0
0.341	0
0.342	0
0.343	0
0.344	0
0.345	0
0.346	0
0.347	0
0.348	0
0.349	0
0.35	0
0.351	0
0.352	0
0.353	0
0.354	0
0.355	0
0.356	0
0.357	0
0.358	0
0.359	0
0.36	0
0.361	0
0.362	0
0.363	0
0.364	0
0.365	0
0.366	0
0.367	0
0.368	0
0.369	0
0.37	0
0.371	0
0.372	0
0.373	0
0.374	0
0.375	0
0.376	0
0.377	0
0.378	0
0.379	0
0.38	0
0.381	0
0.382	0
0.383	0
0.384	0
0.385	0
0.386	0
0.387	0
0.388	0
0.389	0
0.39	0
0.391	0
0.392	0
0.393	0
0.394	0
0.395	0
0.396	0
0.397	0
0.398	0
0.399	0
0.4	0
0.401	0
0.402	0
0.403	0
0.404	0
0.405	0
0.406	0
0.407	0
0.408	0
0.409	0
0.41	0
0.411	0
0.412	0
0.413	0
0.414	0
0.415	0
0.416	0
0.417	0
0.418	0
0.419	0
0.42	0
0.421	0
0.422	0
0.423	0
0.424	0
0.425	0
0.426	0
0.427	0
0.428	0
0.429	0
0.43	0
0.431	0
0.432	0
0.433	0
0.434	0
0.435	0
0.436	0
0.437	0
0.438	0
0.439	0
0.44	0
0.441	0
0.442	0
0.443	0
0.444	0
0.445	0
0.446	0
0.447	0
0.448	0
0.449	0
0.45	0
0.451	0
0.452	0
0.453	0
0.454	0
0.455	0
0.456	0
0.457	0
0.458	0
0.459	0
0.46	0
0.461	0
0.462	0
0.463	0
0.464	0
0.465	0
0.466	0
0.467	0
0.468	0
0.469	0
0.47	0
0.471	0
0.472	0
0.473	0
0.474	0
0.475	0
0.476	0
0.477	0
0.478	0
0.479	0
0.48	0
0.481	0
0.482	0
0.483	0
0.484	0
0.485	0
0.486	0
0.487	0
0.488	0
0.489	0
0.49	0
0.491	0
0.492	0
0.493	0
0.494	0
0.495	0
0.496	0
0.497	0
0.498	0
0.499	0
0.5	0.000452939
0.501	0.000452939
0.502	0.000452939
0.503	0.000452939
0.504	0.000452939
0.505	0.000452939
0.506	0.000452939
0.507	0.000452939
0.508	0.000452939
0.509	0.000452939
0.51	0.000452939
0.511	0.000452939
0.512	0.000452939
0.513	0.000452939
0.514	0.000452939
0.515	0.000452939
0.516	0.000452939
0.517	0.000452939
0.518	0.000452939
0.519	0.000452939
0.52	0.000452939
0.521	0.000452939
0.522	0.000452939
0.523	0.000452939
0.524	0.000452939
0.525	0.000452939
0.526	0.000452939
0.527	0.000452939
0.528	0.000452939
0.529	0.000452939
0.53	0.000452939
0.531	0.000452939
0.532	0.000452939
0.533	0.000452939
0.534	0.000452939
0.535	0.000452939
0.536	0.000452939
0.537	0.000452939
0.538	0.000452939
0.539	0.000452939
0.54	0.000452939
0.541	0.000452939
0.542	0.000452939
0.543	0.000452939
0.544	0.000452939
0.545	0.000452939
0.546	0.000452939
0.547	0.000452939
0.548	0.000452939
0.549	0.000452939
0.55	0.000452939
0.551	0.000452939
0.552	0.000452939
0.553	0.000452939
0.554	0.000452939
0.555	0.000452939
0.556	0.000452939
0.557	0.000452939
0.558	0.000452939
0.559	0.000452939
0.56	0.000452939
0.561	0.000452939
0.562	0.000452939
0.563	0.000452939
0.564	0.000452939
0.565	0.000452939
0.566	0.000452939
0.567	0.000452939
0.568	0.000452939
0.569	0.000452939
0.57	0.000452939
0.571	0.000452939
0.572	0.000452939
0.573	0.000452939
0.574	0.000452939
0.575	0.000452939
0.576	0.000452939
0.577	0.000452939
0.578	0.000452939
0.579	0.000452939
0.58	0.000452939
0.581	0.000452939
0.582	0.000452939
0.583	0.000452939
0.584	0.000452939
0.585	0.000452939
0.586	0.000452939
0.587	0.000452939
0.588	0.000452939
0.589	0.000452939
0.59	0.000452939
0.591	0.000452939
0.592	0.000452939
0.593	0.000452939
0.594	0.000452939
0.595	0.000452939
0.596	0.000452939
0.597	0.000452939
0.598	0.000452939
0.599	0.000452939
0.6	0.000452939
0.601	0.000452939
0.602	0.000452939
0.603	0.000452939
0.604	0.000452939
0.605	0.000452939
0.606	0.000452939
0.607	0.000452939
0.608	0.000452939
0.609	0.000452939
0.61	0.000452939
0.611	0.000452939
0.612	0.000452939
0.613	0.000452939
0.614	0.000452939
0.615	0.000452939
0.616	0.000452939
0.617	0.000452939
0.618	0.000452939
0.619	0.000452939
0.62	0.000452939
0.621	0.000452939
0.622	0.000452939
0.623	0.000452939
0.624	0.000452939
0.625	0.000452939
0.626	0.000452939
0.627	0.000452939
0.628	0.000452939
0.629	0.000452939
0.63	0.000452939
0.631	0.000452939
0.632	0.000452939
0.633	0.000452939
0.634	0.000452939
0.635	0.000452939
0.636	0.000452939
0.637	0.000452939
0.638	0.000452939
0.639	0.000452939
0.64	0.000452939
0.641	0.000452939
0.642	0.000452939
0.643	0.000452939
0.644	0.000452939
0.645	0.000452939
0.646	0.000452939
0.647	0.000452939
0.648	0.000452939
0.649	0.000452939
0.65	0.000452939
0.651	0.000452939
0.652	0.000452939
0.653	0.000452939
0.654	0.000452939
0.655	0.000452939
0.656	0.000452939
0.657	0.000452939
0.658	0.000452939
0.659	0.000452939
0.66	0.000452939
0.661	0.000452939
0.662	0.000452939
0.663	0.000452939
0.664	0.000452939
0.665	0.000452939
0.666	0.000452939
0.667	0.000452939
0.668	0.000452939
0.669	0.000452939
0.67	0.000452939
0.671	0.000452939
0.672	0.000452939
0.673	0.000452939
0.674	0.000452939
0.675	0.000452939
0.676	0.000452939
0.677	0.000452939
0.678	0.000452939
0.679	0.000452939
0.68	0.000452939
0.681	0.000452939
0.682	0.000452939
0.683	0.000452939
0.684	0.000452939
0.685	0.000452939
0.686	0.000452939
0.687	0.000452939
0.688	0.000452939
0.689	0.000452939
0.69	0.000452939
0.691	0.000452939
0.692	0.000452939
0.693	0.000452939
0.694	0.000452939
0.695	0.000452939
0.696	0.000452939
0.697	0.000452939
0.698	0.000452939
0.699	0.000452939
0.7	0.000452939
0.701	0.000452939
0.702	0.000452939
0.703	0.000452939
0.704	0.000452939
0.705	0.000452939
0.706	0.000452939
0.707	0.000452939
0.708	0.000452939
0.709	0.000452939
0.71	0.000452939
0.711	0.000452939
0.712	0.000452939
0.713	0.000452939
0.714	0.000452939
0.715	0.000452939
0.716	0.000452939
0.717	0.000452939
0.718	0.000452939
0.719	0.000452939
0.72	0.000452939
0.721	0.000452939
0.722	0.000452939
0.723	0.000452939
0.724	0.000452939
0.725	0.000452939
0.726	0.000452939
0.727	0.000452939
0.728	0.000452939
0.729	0.000452939
0.73	0.000452939
0.731	0.000452939
0.732	0.000452939
0.733	0.000452939
0.734	0.000452939
0.735	0.000452939
0.736	0.000452939
0.737	0.000452939
0.738	0.000452939
0.739	0.000452939
0.74	0.000452939
0.741	0.000452939
0.742	0.000452939
0.743	0.000452939
0.744	0.000452939
0.745	0.000452939
0.746	0.000452939
0.747	0.000452939
0.748	0.000452939
0.749	0.000452939
0.75	0.0111415
0.751	0.0103557
0.752	0.00961628
0.753	0.00892195
0.754	0.00827162
0.755	0.00766415
0.756	0.00709846
0.757	0.00657345
0.758	0.00608805
0.759	0.00564122
0.76	0.00523191
0.761	0.00485911
0.762	0.00452182
0.763	0.00421905
0.764	0.00394985
0.765	0.00371324
0.766	0.00350832
0.767	0.00333415
0.768	0.00318984
0.769	0.00307451
0.77	0.00298729
0.771	0.00292733
0.772	0.00289381
0.773	0.00288591
0.774	0.00290283
0.775	0.00294379
0.776	0.00300803
0.777	0.00309481
0.778	0.00320339
0.779	0.00333307
0.78	0.00348314
0.781	0.00365294
0.782	0.00384179
0.783	0.00404907
0.784	0.00427413
0.785	0.00451637
0.786	0.00477519
0.787	0.00505003
0.788	0.00534032
0.789	0.00564552
0.79	0.00596511
0.791	0.00629857
0.792	0.00664543
0.793	0.00700519
0.794	0.00737742
0.795	0.00776166
0.796	0.00815749
0.797	0.00856451
0.798	0.00898234
0.799	0.00941059
0.8	0.00984892
0.801	0.010297
0.802	0.0107545
0.803	0.011221
0.804	0.0116965
0.805	0.0121804
0.806	0.0126727
0.807	0.0131731
0.808	0.0136812
0.809	0.0141971
0.81	0.0147204
0.811	0.015251
0.812	0.0157887
0.813	0.0163335
0.814	0.0168851
0.815	0.0174436
0.816	0.0180088
0.817	0.0185806
0.818	0.019159
0.819	0.019744
0.82	0.0203355
0.821	0.0209336
0.822	0.0215382
0.823	0.0221495
0.824	0.0227674
0.825	0.0233921
0.826	0.0240236
0.827	0.0246621
0.828	0.0253075
0.829	0.0259602
0.83	0.0266202
0.831	0.0272878
0.832	0.027963
0.833	0.0286462
0.834	0.0293374
0.835	0.0300371
0.836	0.0307454
0.837	0.0314626
0.838	0.0321891
0.839	0.032925
0.84	0.0336708
0.841	0.0344267
0.842	0.0351932
0.843	0.0359706
0.844	0.0367593
0.845	0.0375598
0.846	0.0383723
0.847	0.0391975
0.848	0.0400358
0.849	0.0408875
0.85	0.0417533
0.851	0.0426337
0.852	0.0435291
0.853	0.0444401
0.854	0.0453674
0.855	0.0463113
0.856	0.0472727
0.857	0.048252
0.858	0.04925
0.859	0.0502672
0.86	0.0513043
0.861	0.052362
0.862	0.0534411
0.863	0.0545421
0.864	0.055666
0.865	0.0568133
0.866	0.0579849
0.867	0.0591816
0.868	0.0604041
0.869	0.0616534
0.87	0.0629301
0.871	0.0642352
0.872	0.0655696
0.873	0.0669341
0.874	0.0683296
0.875	0.0697571
0.876	0.0712175
0.877	0.0727117
0.878	0.0742408
0.879	0.0758056
0.88	0.0774073
0.881	0.0790468
0.882	0.0807252
0.883	0.0824436
0.884	0.0842029
0.885	0.0860044
0.886	0.087849
0.887	0.089738
0.888	0.0916725
0.889	0.0936536
0.89	0.0956826
0.891	0.0977605
0.892	0.0998887
0.893	0.102068
0.894	0.104301
0.895	0.106587
0.896	0.108928
0.897	0.111326
0.898	0.113782
0.899	0.116297
0.9	0.118873
0.901	0.12151
0.902	0.124211
0.903	0.126976
0.904	0.129807
0.905	0.132706
0.906	0.135674
0.907	0.138712
0.908	0.141822
0.909	0.145006
0.91	0.148264
0.911	0.151599
0.912	0.155012
0.913	0.158505
0.914	0.162078
0.915	0.165735
0.916	0.169475
0.917	0.173302
0.918	0.177216
0.919	0.18122
0.92	0.185315
0.921	0.189502
0.922	0.193784
0.923	0.198162
0.924	0.202638
0.925	0.207214
0.926	0.211891
0.927	0.216671
0.928	0.221557
0.929	0.22655
0.93	0.231651
0.931	0.236863
0.932	0.242188
0.933	0.247627
0.934	0.253182
0.935	0.258856
0.936	0.26465
0.937	0.270567
0.938	0.276607
0.939	0.282775
0.94	0.28907
0.941	0.295496
0.942	0.302054
0.943	0.308746
0.944	0.315576
0.945	0.322544
0.946	0.329652
0.947	0.336904
0.948	0.344301
0.949	0.351845
0.95	0.359539
0.951	0.367385
0.952	0.375384
0.953	0.38354
0.954	0.391854
0.955	0.400329
0.956	0.408967
0.957	0.41777
0.958	0.426741
0.959	0.435882
0.96	0.445196
0.961	0.454684
0.962	0.46435
0.963	0.474195
0.964	0.484222
0.965	0.494434
0.966	0.504833
0.967	0.515421
0.968	0.526201
0.969	0.537176
0.97	0.548348
0.971	0.559719
0.972	0.571292
0.973	0.583071
0.974	0.595056
0.975	0.607252
0.976	0.61966
0.977	0.632283
0.978	0.645125
0.979	0.658187
0.98	0.671472
0.981	0.684983
0.982	0.698723
0.983	0.712695
0.984	0.726901
0.985	0.741345
0.986	0.756028
0.987	0.770954
0.988	0.786125
0.989	0.801545
0.99	0.817217
0.991	0.833142
0.992	0.849325
0.993	0.865768
0.994	0.882474
0.995	0.899445
0.996	0.916686
0.997	0.934199
0.998	0.951987
0.999	0.970052
