# Interpolation data for function: x^20*(x>0.5)
0	0.0965557
0.001	0.0957436
0.002	0.0949338
0.003	0.094126
0.004	0.0933204
0.005	0.092517
0.006	0.0917157
0.007	0.0909165
0.008	0.0901195
0.009	0.0893247
0.01	0.088532
0.011	0.0877414
0.012	0.086953
0.013	0.0861667
0.014	0.0853825
0.015	0.0846006
0.016	0.0838207
0.017	0.083043
0.018	0.0822675
0.019	0.0814941
0.02	0.0807228
0.021	0.0799537
0.022	0.0791867
0.023	0.0784219
0.024	0.0776592
0.025	0.0768987
0.026	0.0761403
0.027	0.0753841
0.028	0.07463
0.029	0.073878
0.03	0.0731282
0.031	0.0723806
0.032	0.071635
0.033	0.0708917
0.034	0.0701505
0.035	0.0694114
0.036	0.0686745
0.037	0.0679397
0.038	0.067207
0.039	0.0664765
0.04	0.0657482
0.041	0.065022
0.042	0.0642979
0.043	0.063576
0.044	0.0628563
0.045	0.0621387
0.046	0.0614232
0.047	0.0607099
0.048	0.0599987
0.049	0.0592896
0.05	0.0585827
0.051	0.057878
0.052	0.0571754
0.053	0.056475
0.054	0.0557766
0.055	0.0550805
0.056	0.0543865
0.057	0.0536946
0.058	0.0530049
0.059	0.0523173
0.06	0.0516319
0.061	0.0509486
0.062	0.0502674
0.063	0.0495884
0.064	0.0489116
0.065	0.0482369
0.066	0.0475643
0.067	0.0468939
0.068	0.0462257
0.069	0.0455595
0.07	0.0448956
0.071	0.0442337
0.072	0.043574
0.073	0.0429165
0.074	0.0422611
0.075	0.0416079
0.076	0.0409568
0.077	0.0403078
0.078	0.039661
0.079	0.0390163
0.08	0.0383738
0.081	0.0377334
0.082	0.0370952
0.083	0.0364591
0.084	0.0358252
0.085	0.0351934
0.086	0.0345638
0.087	0.0339363
0.088	0.0333109
0.089	0.0326877
0.09	0.0320666
0.091	0.0314477
0.092	0.030831
0.093	0.0302163
0.094	0.0296038
0.095	0.0289935
0.096	0.0283853
0.097	0.0277793
0.098	0.0271754
0.099	0.0265736
0.1	0.025974
0.101	0.0253766
0.102	0.0247813
0.103	0.0241881
0.104	0.0235971
0.105	0.0230082
0.106	0.0224215
0.107	0.0218369
0.108	0.0212544
0.109	0.0206741
0.11	0.020096
0.111	0.01952
0.112	0.0189461
0.113	0.0183744
0.114	0.0178049
0.115	0.0172374
0.116	0.0166722
0.117	0.016109
0.118	0.015548
0.119	0.0149892
0.12	0.0144325
0.121	0.013878
0.122	0.0133256
0.123	0.0127753
0.124	0.0122272
0.125	0.0116812
0.126	0.0111374
0.127	0.0105958
0.128	0.0100562
0.129	0.00951885
0.13	0.00898362
0.131	0.00845053
0.132	0.00791958
0.133	0.00739078
0.134	0.00686413
0.135	0.00633963
0.136	0.00581727
0.137	0.00529705
0.138	0.00477898
0.139	0.00426306
0.14	0.00374928
0.141	0.00323765
0.142	0.00272816
0.143	0.00222082
0.144	0.00171563
0.145	0.00121258
0.146	0.000711672
0.147	0.000212913
0.148	-0.000283699
0.149	-0.000778166
0.15	-0.00127049
0.151	-0.00176066
0.152	-0.00224869
0.153	-0.00273458
0.154	-0.00321831
0.155	-0.00369991
0.156	-0.00417935
0.157	-0.00465666
0.158	-0.00513181
0.159	-0.00560482
0.16	-0.00607569
0.161	-0.0065444
0.162	-0.00701098
0.163	-0.0074754
0.164	-0.00793769
0.165	-0.00839782
0.166	-0.00885581
0.167	-0.00931166
0.168	-0.00976536
0.169	-0.0102169
0.17	-0.0106663
0.171	-0.0111136
0.172	-0.0115587
0.173	-0.0120017
0.174	-0.0124425
0.175	-0.0128812
0.176	-0.0133177
0.177	-0.0137521
0.178	-0.0141843
0.179	-0.0146144
0.18	-0.0150424
0.181	-0.0154682
0.182	-0.0158918
0.183	-0.0163134
0.184	-0.0167327
0.185	-0.0171499
0.186	-0.017565
0.187	-0.017978
0.188	-0.0183887
0.189	-0.0187974
0.19	-0.0192039
0.191	-0.0196082
0.192	-0.0200104
0.193	-0.0204105
0.194	-0.0208084
0.195	-0.0212042
0.196	-0.0215978
0.197	-0.0219893
0.198	-0.0223786
0.199	-0.0227658
0.2	-0.0231508
0.201	-0.0235337
0.202	-0.0239144
0.203	-0.024293
0.204	-0.0246695
0.205	-0.0250438
0.206	-0.025416
0.207	-0.025786
0.208	-0.0261539
0.209	-0.0265196
0.21	-0.0268832
0.211	-0.0272446
0.212	-0.0276039
0.213	-0.027961
0.214	-0.028316
0.215	-0.0286689
0.216	-0.0290196
0.217	-0.0293681
0.218	-0.0297146
0.219	-0.0300588
0.22	-0.0304009
0.221	-0.0307409
0.222	-0.0310788
0.223	-0.0314144
0.224	-0.031748
0.225	-0.0320794
0.226	-0.0324086
0.227	-0.0327357
0.228	-0.0330607
0.229	-0.0333835
0.23	-0.0337042
0.231	-0.0340227
0.232	-0.0343391
0.233	-0.0346533
0.234	-0.0349654
0.235	-0.0352753
0.236	-0.0355831
0.237	-0.0358888
0.238	-0.0361923
0.239	-0.0364936
0.24	-0.0367928
0.241	-0.0370899
0.242	-0.0373848
0.243	-0.0376776
0.244	-0.0379682
0.245	-0.0382567
0.246	-0.038543
0.247	-0.0388272
0.248	-0.0391093
0.249	-0.0393892
0.25	-0.0396669
0.251	-0.0399425
0.252	-0.040216
0.253	-0.0404873
0.254	-0.0407565
0.255	-0.0410235
0.256	-0.0412884
0.257	-0.0415511
0.258	-0.0418117
0.259	-0.0420701
0.26	-0.0423264
0.261	-0.0425806
0.262	-0.0428326
0.263	-0.0430824
0.264	-0.0433302
0.265	-0.0435757
0.266	-0.0438191
0.267	-0.0440604
0.268	-0.0442995
0.269	-0.0445365
0.27	-0.0447714
0.271	-0.0450041
0.272	-0.0452346
0.273	-0.045463
0.274	-0.0456893
0.275	-0.0459134
0.276	-0.0461354
0.277	-0.0463552
0.278	-0.0465728
0.279	-0.0467884
0.28	-0.0470018
0.281	-0.047213
0.282	-0.0474221
0.283	-0.047629
0.284	-0.0478338
0.285	-0.0480365
0.286	-0.048237
0.287	-0.0484354
0.288	-0.0486316
0.289	-0.0488256
0.29	-0.0490176
0.291	-0.0492073
0.292	-0.049395
0.293	-0.0495805
0.294	-0.0497638
0.295	-0.049945
0.296	-0.0501241
0.297	-0.050301
0.298	-0.0504757
0.299	-0.0506483
0.3	-0.0508188
0.301	-0.0509871
0.302	-0.0511533
0.303	-0.0513173
0.304	-0.0514792
0.305	-0.051639
0.306	-0.0517966
0.307	-0.051952
0.308	-0.0521053
0.309	-0.0522565
0.31	-0.0524055
0.311	-0.0525524
0.312	-0.0526971
0.313	-0.0528397
0.314	-0.0529801
0.315	-0.0531184
0.316	-0.0532545
0.317	-0.0533885
0.318	-0.0535203
0.319	-0.05365
0.32	-0.0537776
0.321	-0.053903
0.322	-0.0540263
0.323	-0.0541474
0.324	-0.0542664
0.325	-0.0543832
0.326	-0.0544979
0.327	-0.0546104
0.328	-0.0547208
0.329	-0.054829
0.33	-0.0549351
0.331	-0.0550391
0.332	-0.0551409
0.333	-0.0552406
0.334	-0.0553381
0.335	-0.0554334
0.336	-0.0555267
0.337	-0.0556177
0.338	-0.0557067
0.339	-0.0557935
0.34	-0.0558781
0.341	-0.0559606
0.342	-0.056041
0.343	-0.0561192
0.344	-0.0561952
0.345	-0.0562691
0.346	-0.0563409
0.347	-0.0564105
0.348	-0.056478
0.349	-0.0565433
0.35	-0.0566065
0.351	-0.0566676
0.352	-0.0567264
0.353	-0.0567832
0.354	-0.0568378
0.355	-0.0568903
0.356	-0.0569406
0.357	-0.0569887
0.358	-0.0570347
0.359	-0.0570786
0.36	-0.0571203
0.361	-0.0571599
0.362	-0.0571974
0.363	-0.0572327
0.364	-0.0572658
0.365	-0.0572968
0.366	-0.0573257
0.367	-0.0573524
0.368	-0.0573769
0.369	-0.0573993
0.37	-0.0574196
0.371	-0.0574377
0.372	-0.0574537
0.373	-0.0574676
0.374	-0.0574792
0.375	-0.0574888
0.376	-0.0574962
0.377	-0.0575014
0.378	-0.0575045
0.379	-0.0575055
0.38	-0.0575043
0.381	-0.057501
0.382	-0.0574955
0.383	-0.0574879
0.384	-0.0574781
0.385	-0.0574662
0.386	-0.0574521
0.387	-0.0574359
0.388	-0.0574176
0.389	-0.0573971
0.39	-0.0573744
0.391	-0.0573497
0.392	-0.0573227
0.393	-0.0572936
0.394	-0.0572624
0.395	-0.057229
0.396	-0.0571935
0.397	-0.0571559
0.398	-0.0571161
0.399	-0.0570741
0.4	-0.05703
0.401	-0.0569838
0.402	-0.0569354
0.403	-0.0568848
0.404	-0.0568322
0.405	-0.0567773
0.406	-0.0567204
0.407	-0.0566612
0.408	-0.0566
0.409	-0.0565366
0.41	-0.056471
0.411	-0.0564033
0.412	-0.0563335
0.413	-0.0562615
0.414	-0.0561873
0.415	-0.056111
0.416	-0.0560326
0.417	-0.055952
0.418	-0.0558693
0.419	-0.0557844
0.42	-0.0556974
0.421	-0.0556083
0.422	-0.055517
0.423	-0.0554235
0.424	-0.0553279
0.425	-0.0552302
0.426	-0.0551303
0.427	-0.0550283
0.428	-0.0549241
0.429	-0.0548178
0.43	-0.0547093
0.431	-0.0545987
0.432	-0.0544859
0.433	-0.054371
0.434	-0.054254
0.435	-0.0541348
0.436	-0.0540134
0.437	-0.0538899
0.438	-0.0537643
0.439	-0.0536365
0.44	-0.0535066
0.441	-0.0533745
0.442	-0.0532403
0.443	-0.0531039
0.444	-0.0529654
0.445	-0.0528248
0.446	-0.052682
0.447	-0.052537
0.448	-0.0523899
0.449	-0.0522407
0.45	-0.0520893
0.451	-0.0519358
0.452	-0.0517801
0.453	-0.0516223
0.454	-0.0514623
0.455	-0.0513002
0.456	-0.0511359
0.457	-0.0509695
0.458	-0.050801
0.459	-0.0506303
0.46	-0.0504575
0.461	-0.0502825
0.462	-0.0501053
0.463	-0.0499261
0.464	-0.0497446
0.465	-0.0495611
0.466	-0.0493754
0.467	-0.0491875
0.468	-0.0489975
0.469	-0.0488053
0.47	-0.048611
0.471	-0.0484146
0.472	-0.048216
0.473	-0.0480153
0.474	-0.0478124
0.475	-0.0476074
0.476	-0.0474002
0.477	-0.0471909
0.478	-0.0469794
0.479	-0.0467658
0.48	-0.0465501
0.481	-0.0463322
0.482	-0.0461121
0.483	-0.0458899
0.484	-0.0456656
0.485	-0.0454391
0.486	-0.0452105
0.487	-0.0449797
0.488	-0.0447468
0.489	-0.0445117
0.49	-0.0442745
0.491	-0.0440352
0.492	-0.0437937
0.493	-0.04355
0.494	-0.0433042
0.495	-0.0430563
0.496	-0.0428062
0.497	-0.042554
0.498	-0.0422996
0.499	-0.0420431
0.5	-0.0417844
0.501	-0.0415236
0.502	-0.0412606
0.503	-0.0409955
0.504	-0.0407283
0.505	-0.0404589
0.506	-0.0401873
0.507	-0.0399136
0.508	-0.0396378
0.509	-0.0393598
0.51	-0.0390797
0.511	-0.0387974
0.512	-0.038513
0.513	-0.0382265
0.514	-0.0379378
0.515	-0.0376469
0.516	-0.0373539
0.517	-0.0370588
0.518	-0.0367615
0.519	-0.036462
0.52	-0.0361604
0.521	-0.0358567
0.522	-0.0355509
0.523	-0.0352428
0.524	-0.0349327
0.525	-0.0346204
0.526	-0.0343059
0.527	-0.0339893
0.528	-0.0336706
0.529	-0.0333497
0.53	-0.0330266
0.531	-0.0327014
0.532	-0.0323741
0.533	-0.0320446
0.534	-0.031713
0.535	-0.0313793
0.536	-0.0310433
0.537	-0.0307053
0.538	-0.0303651
0.539	-0.0300227
0.54	-0.0296782
0.541	-0.0293316
0.542	-0.0289828
0.543	-0.0286319
0.544	-0.0282788
0.545	-0.0279236
0.546	-0.0275662
0.547	-0.0272067
0.548	-0.026845
0.549	-0.0264812
0.55	-0.0261153
0.551	-0.0257472
0.552	-0.0253769
0.553	-0.0250045
0.554	-0.02463
0.555	-0.0242533
0.556	-0.0238745
0.557	-0.0234935
0.558	-0.0231104
0.559	-0.0227252
0.56	-0.0223377
0.561	-0.0219482
0.562	-0.0215565
0.563	-0.0211626
0.564	-0.0207667
0.565	-0.0203685
0.566	-0.0199682
0.567	-0.0195658
0.568	-0.0191612
0.569	-0.0187545
0.57	-0.0183457
0.571	-0.0179346
0.572	-0.0175215
0.573	-0.0171062
0.574	-0.0166887
0.575	-0.0162691
0.576	-0.0158474
0.577	-0.0154235
0.578	-0.0149975
0.579	-0.0145693
0.58	-0.014139
0.581	-0.0137065
0.582	-0.0132719
0.583	-0.0128351
0.584	-0.0123962
0.585	-0.0119552
0.586	-0.011512
0.587	-0.0110667
0.588	-0.0106192
0.589	-0.0101695
0.59	-0.00971776
0.591	-0.00926383
0.592	-0.00880776
0.593	-0.00834955
0.594	-0.00788918
0.595	-0.00742668
0.596	-0.00696202
0.597	-0.00649523
0.598	-0.00602628
0.599	-0.00555519
0.6	-0.00508196
0.601	-0.00460658
0.602	-0.00412905
0.603	-0.00364938
0.604	-0.00316756
0.605	-0.00268359
0.606	-0.00219748
0.607	-0.00170923
0.608	-0.00121883
0.609	-0.000726281
0.61	-0.000231588
0.611	0.00026525
0.612	0.000764234
0.613	0.00126536
0.614	0.00176864
0.615	0.00227406
0.616	0.00278163
0.617	0.00329134
0.618	0.0038032
0.619	0.0043172
0.62	0.00483335
0.621	0.00535164
0.622	0.00587208
0.623	0.00639467
0.624	0.0069194
0.625	0.00744628
0.626	0.0079753
0.627	0.00850647
0.628	0.00903979
0.629	0.00957525
0.63	0.0101129
0.631	0.0106526
0.632	0.0111945
0.633	0.0117385
0.634	0.0122847
0.635	0.0128331
0.636	0.0133835
0.637	0.0139362
0.638	0.0144909
0.639	0.0150479
0.64	0.0156069
0.641	0.0161681
0.642	0.0167315
0.643	0.017297
0.644	0.0178646
0.645	0.0184344
0.646	0.0190064
0.647	0.0195804
0.648	0.0201567
0.649	0.020735
0.65	0.0213156
0.651	0.0218982
0.652	0.022483
0.653	0.02307
0.654	0.0236591
0.655	0.0242504
0.656	0.0248437
0.657	0.0254393
0.658	0.026037
0.659	0.0266368
0.66	0.0272388
0.661	0.0278429
0.662	0.0284492
0.663	0.0290576
0.664	0.0296681
0.665	0.0302808
0.666	0.0308957
0.667	0.0315127
0.668	0.0321318
0.669	0.0327531
0.67	0.0333766
0.671	0.0340021
0.672	0.0346299
0.673	0.0352597
0.674	0.0358917
0.675	0.0365259
0.676	0.0371622
0.677	0.0378007
0.678	0.0384413
0.679	0.039084
0.68	0.0397289
0.681	0.0403759
0.682	0.0410251
0.683	0.0416764
0.684	0.0423299
0.685	0.0429855
0.686	0.0436433
0.687	0.0443032
0.688	0.0449653
0.689	0.0456295
0.69	0.0462958
0.691	0.0469643
0.692	0.0476349
0.693	0.0483077
0.694	0.0489827
0.695	0.0496597
0.696	0.050339
0.697	0.0510203
0.698	0.0517038
0.699	0.0523895
0.7	0.0530773
0.701	0.0537672
0.702	0.0544593
0.703	0.0551536
0.704	0.05585
0.705	0.0565485
0.706	0.0572492
0.707	0.057952
0.708	0.058657
0.709	0.0593641
0.71	0.0600733
0.711	0.0607847
0.712	0.0614983
0.713	0.062214
0.714	0.0629318
0.715	0.0636518
0.716	0.064374
0.717	0.0650982
0.718	0.0658247
0.719	0.0665532
0.72	0.067284
0.721	0.0680168
0.722	0.0687518
0.723	0.069489
0.724	0.0702283
0.725	0.0709697
0.726	0.0717133
0.727	0.0724591
0.728	0.0732069
0.729	0.073957
0.73	0.0747091
0.731	0.0754635
0.732	0.0762199
0.733	0.0769785
0.734	0.0777393
0.735	0.0785022
0.736	0.0792673
0.737	0.0800344
0.738	0.0808038
0.739	0.0815753
0.74	0.0823489
0.741	0.0831247
0.742	0.0839026
0.743	0.0846827
0.744	0.0854649
0.745	0.0862492
0.746	0.0870357
0.747	0.0878244
0.748	0.0886152
0.749	0.0894081
0.75	0.0902032
0.751	0.0910005
0.752	0.0917998
0.753	0.0926014
0.754	0.093405
0.755	0.0942108
0.756	0.0950188
0.757	0.0958289
0.758	0.0966412
0.759	0.0974556
0.76	0.0982721
0.761	0.0990908
0.762	0.0999116
0.763	0.100735
0.764	0.10156
0.765	0.102387
0.766	0.103216
0.767	0.104048
0.768	0.104882
0.769	0.105718
0.77	0.106556
0.771	0.107396
0.772	0.108238
0.773	0.109082
0.774	0.109929
0.775	0.110778
0.776	0.111629
0.777	0.112482
0.778	0.113337
0.779	0.114194
0.78	0.115054
0.781	0.115915
0.782	0.116779
0.783	0.117645
0.784	0.118513
0.785	0.119383
0.786	0.120255
0.787	0.12113
0.788	0.122007
0.789	0.122885
0.79	0.123766
0.791	0.124649
0.792	0.125534
0.793	0.126422
0.794	0.127311
0.795	0.128203
0.796	0.129097
0.797	0.129993
0.798	0.130891
0.799	0.131791
0.8	0.132693
0.801	0.133598
0.802	0.134505
0.803	0.135413
0.804	0.136324
0.805	0.137237
0.806	0.138153
0.807	0.13907
0.808	0.13999
0.809	0.140911
0.81	0.141835
0.811	0.142761
0.812	0.143689
0.813	0.144619
0.814	0.145552
0.815	0.146486
0.816	0.147423
0.817	0.148362
0.818	0.149303
0.819	0.150246
0.82	0.151191
0.821	0.152139
0.822	0.153088
0.823	0.15404
0.824	0.154994
0.825	0.15595
0.826	0.156908
0.827	0.157868
0.828	0.158831
0.829	0.159796
0.83	0.160762
0.831	0.161731
0.832	0.162702
0.833	0.163675
0.834	0.164651
0.835	0.165628
0.836	0.166608
0.837	0.16759
0.838	0.168573
0.839	0.169559
0.84	0.170548
0.841	0.171538
0.842	0.172531
0.843	0.173525
0.844	0.174522
0.845	0.175521
0.846	0.176522
0.847	0.177525
0.848	0.178531
0.849	0.179538
0.85	0.180548
0.851	0.18156
0.852	0.182573
0.853	0.18359
0.854	0.184608
0.855	0.185628
0.856	0.186651
0.857	0.187675
0.858	0.188702
0.859	0.189731
0.86	0.190762
0.861	0.191796
0.862	0.192831
0.863	0.193868
0.864	0.194908
0.865	0.19595
0.866	0.196994
0.867	0.19804
0.868	0.199088
0.869	0.200139
0.87	0.201191
0.871	0.202246
0.872	0.203303
0.873	0.204362
0.874	0.205423
0.875	0.206486
0.876	0.207552
0.877	0.208619
0.878	0.209689
0.879	0.210761
0.88	0.211835
0.881	0.212911
0.882	0.21399
0.883	0.21507
0.884	0.216153
0.885	0.217237
0.886	0.218324
0.887	0.219413
0.888	0.220505
0.889	0.221598
0.89	0.222693
0.891	0.223791
0.892	0.224891
0.893	0.225993
0.894	0.227097
0.895	0.228203
0.896	0.229311
0.897	0.230422
0.898	0.231535
0.899	0.232649
0.9	0.233766
0.901	0.234885
0.902	0.236007
0.903	0.23713
0.904	0.238255
0.905	0.239383
0.906	0.240513
0.907	0.241645
0.908	0.242779
0.909	0.243915
0.91	0.245054
0.911	0.246194
0.912	0.247337
0.913	0.248482
0.914	0.249629
0.915	0.250778
0.916	0.251929
0.917	0.253083
0.918	0.254238
0.919	0.255396
0.92	0.256556
0.921	0.257718
0.922	0.258882
0.923	0.260048
0.924	0.261217
0.925	0.262387
0.926	0.26356
0.927	0.264735
0.928	0.265912
0.929	0.267091
0.93	0.268272
0.931	0.269456
0.932	0.270641
0.933	0.271829
0.934	0.273019
0.935	0.274211
0.936	0.275405
0.937	0.276601
0.938	0.2778
0.939	0.279001
0.94	0.280203
0.941	0.281408
0.942	0.282615
0.943	0.283824
0.944	0.285036
0.945	0.286249
0.946	0.287465
0.947	0.288683
0.948	0.289903
0.949	0.291125
0.95	0.292349
0.951	0.293575
0.952	0.294804
0.953	0.296035
0.954	0.297267
0.955	0.298502
0.956	0.299739
0.957	0.300979
0.958	0.30222
0.959	0.303464
0.96	0.304709
0.961	0.305957
0.962	0.307207
0.963	0.308459
0.964	0.309713
0.965	0.31097
0.966	0.312228
0.967	0.313489
0.968	0.314752
0.969	0.316017
0.97	0.317284
0.971	0.318553
0.972	0.319825
0.973	0.321098
0.974	0.322374
0.975	0.323652
0.976	0.324932
0.977	0.326214
0.978	0.327498
0.979	0.328785
0.98	0.330073
0.981	0.331364
0.982	0.332657
0.983	0.333952
0.984	0.335249
0.985	0.336549
0.986	0.33785
0.987	0.339154
0.988	0.340459
0.989	0.341767
0.99	0.343077
0.991	0.34439
0.992	0.345704
0.993	0.34702
0.994	0.348339
0.995	0.34966
0.996	0.350983
0.997	0.352308
0.998	0.353635
0.999	0.354964
