# Interpolation data for function: x^20*(x>0.5)
0	0
0.001	0
0.002	0
0.003	0
0.004	0
0.005	0
0.006	0
0.007	0
0.008	0
0.009	0
0.01	0
0.011	0
0.012	0
0.013	0
0.014	0
0.015	0
0.016	0
0.017	0
0.018	0
0.019	0
0.02	0
0.021	0
0.022	0
0.023	0
0.024	0
0.025	0
0.026	0
0.027	0
0.028	0
0.029	0
0.03	0
0.031	0
0.032	0
0.033	0
0.034	0
0.035	0
0.036	0
0.037	0
0.038	0
0.039	0
0.04	0
0.041	0
0.042	0
0.043	0
0.044	0
0.045	0
0.046	0
0.047	0
0.048	0
0.049	0
0.05	0
0.051	0
0.052	0
0.053	0
0.054	0
0.055	0
0.056	0
0.057	0
0.058	0
0.059	0
0.06	0
0.061	0
0.062	0
0.063	0
0.064	0
0.065	0
0.066	0
0.067	0
0.068	0
0.069	0
0.07	0
0.071	0
0.072	0
0.073	0
0.074	0
0.075	0
0.076	0
0.077	0
0.078	0
0.079	0
0.08	0
0.081	0
0.082	0
0.083	0
0.084	0
0.085	0
0.086	0
0.087	0
0.088	0
0.089	0
0.09	0
0.091	0
0.092	0
0.093	0
0.094	0
0.095	0
0.096	0
0.097	0
0.098	0
0.099	0
0.1	0
0.101	0
0.102	0
0.103	0
0.104	0
0.105	0
0.106	0
0.107	0
0.108	0
0.109	0
0.11	0
0.111	0
0.112	0
0.113	0
0.114	0
0.115	0
0.116	0
0.117	0
0.118	0
0.119	0
0.12	0
0.121	0
0.122	0
0.123	0
0.124	0
0.125	0
0.126	0
0.127	0
0.128	0
0.129	0
0.13	0
0.131	0
0.132	0
0.133	0
0.134	0
0.135	0
0.136	0
0.137	0
0.138	0
0.139	0
0.14	0
0.141	0
0.142	0
0.143	0
0.144	0
0.145	0
0.146	0
0.147	0
0.148	0
0.149	0
0.15	0
0.151	0
0.152	0
0.153	0
0.154	0
0.155	0
0.156	0
0.157	0
0.158	0
0.159	0
0.16	0
0.161	0
0.162	0
0.163	0
0.164	0
0.165	0
0.166	0
0.167	0
0.168	0
0.169	0
0.17	0
0.171	0
0.172	0
0.173	0
0.174	0
0.175	0
0.176	0
0.177	0
0.178	0
0.179	0
0.18	0
0.181	0
0.182	0
0.183	0
0.184	0
0.185	0
0.186	0
0.187	0
0.188	0
0.189	0
0.19	0
0.191	0
0.192	0
0.193	0
0.194	0
0.195	0
0.196	0
0.197	0
0.198	0
0.199	0
0.2	0
0.201	0
0.202	0
0.203	0
0.204	0
0.205	0
0.206	0
0.207	0
0.208	0
0.209	0
0.21	0
0.211	0
0.212	0
0.213	0
0.214	0
0.215	0
0.216	0
0.217	0
0.218	0
0.219	0
0.22	0
0.221	0
0.222	0
0.223	0
0.224	0
0.225	0
0.226	0
0.227	0
0.228	0
0.229	0
0.23	0
0.231	0
0.232	0
0.233	0
0.234	0
0.235	0
0.236	0
0.237	0
0.238	0
0.239	0
0.24	0
0.241	0
0.242	0
0.243	0
0.244	0
0.245	0
0.246	0
0.247	0
0.248	0
0.249	0
0.25	0
0.251	0
0.252	0
0.253	0
0.254	0
0.255	0
0.256	0
0.257	0
0.258	0
0.259	0
0.26	0
0.261	0
0.262	0
0.263	0
0.264	0
0.265	0
0.266	0
0.267	0
0.268	0
0.269	0
0.27	0
0.271	0
0.272	0
0.273	0
0.274	0
0.275	0
0.276	0
0.277	0
0.278	0
0.279	0
0.28	0
0.281	0
0.282	0
0.283	0
0.284	0
0.285	0
0.286	0
0.287	0
0.288	0
0.289	0
0.29	0
0.291	0
0.292	0
0.293	0
0.294	0
0.295	0
0.296	0
0.297	0
0.298	0
0.299	0
0.3	0
0.301	0
0.302	0
0.303	0
0.304	0
0.305	0
0.306	0
0.307	0
0.308	0
0.309	0
0.31	0
0.311	0
0.312	0
0.313	0
0.314	0
0.315	0
0.316	0
0.317	0
0.318	0
0.319	0
0.32	0
0.321	0
0.322	0
0.323	0
0.324	0
0.325	0
0.326	0
0.327	0
0.328	0
0.329	0
0.33	0
0.331	0
0.332	0
0.333	0
0.334	0
0.335	0
0.336	0
0.337	0
0.338	0
0.339	0
0.34	0
0.341	0
0.342	0
0.343	0
0.344	0
0.345	0
0.346	0
0.347	0
0.348	0
0.349	0
0.35	0
0.351	0
0.352	0
0.353	0
0.354	0
0.355	0
0.356	0
0.357	0
0.358	0
0.359	0
0.36	0
0.361	0
0.362	0
0.363	0
0.364	0
0.365	0
0.366	0
0.367	0
0.368	0
0.369	0
0.37	0
0.371	0
0.372	0
0.373	0
0.374	0
0.375	0
0.376	0
0.377	0
0.378	0
0.379	0
0.38	0
0.381	0
0.382	0
0.383	0
0.384	0
0.385	0
0.386	0
0.387	0
0.388	0
0.389	0
0.39	0
0.391	0
0.392	0
0.393	0
0.394	0
0.395	0
0.396	0
0.397	0
0.398	0
0.399	0
0.4	0
0.401	0
0.402	0
0.403	0
0.404	0
0.405	0
0.406	0
0.407	0
0.408	0
0.409	0
0.41	0
0.411	0
0.412	0
0.413	0
0.414	0
0.415	0
0.416	0
0.417	0
0.418	0
0.419	0
0.42	0
0.421	0
0.422	0
0.423	0
0.424	0
0.425	0
0.426	0
0.427	0
0.428	0
0.429	0
0.43	0
0.431	0
0.432	0
0.433	0
0.434	0
0.435	0
0.436	0
0.437	0
0.438	0
0.439	0
0.44	0
0.441	0
0.442	0
0.443	0
0.444	0
0.445	0
0.446	0
0.447	0
0.448	0
0.449	0
0.45	0
0.451	0
0.452	0
0.453	0
0.454	0
0.455	0
0.456	0
0.457	0
0.458	0
0.459	0
0.46	0
0.461	0
0.462	0
0.463	0
0.464	0
0.465	0
0.466	0
0.467	0
0.468	0
0.469	0
0.47	0
0.471	0
0.472	0
0.473	0
0.474	0
0.475	0
0.476	0
0.477	0
0.478	0
0.479	0
0.48	0
0.481	0
0.482	0
0.483	0
0.484	0
0.485	0
0.486	0
0.487	0
0.488	0
0.489	0
0.49	0
0.491	0
0.492	0
0.493	0
0.494	0
0.495	0
0.496	0
0.497	0
0.498	0
0.499	0
0.5	-1.98862e-07
0.501	1.67977e-07
0.502	4.87867e-07
0.503	7.65565e-07
0.504	1.0055e-06
0.505	1.2118e-06
0.506	1.38828e-06
0.507	1.53849e-06
0.508	1.66572e-06
0.509	1.77302e-06
0.51	1.86318e-06
0.511	1.93879e-06
0.512	2.00225e-06
0.513	2.05573e-06
0.514	2.10124e-06
0.515	2.14062e-06
0.516	2.17554e-06
0.517	2.20752e-06
0.518	2.23796e-06
0.519	2.26812e-06
0.52	2.29911e-06
0.521	2.33198e-06
0.522	2.36763e-06
0.523	2.40688e-06
0.524	2.45048e-06
0.525	2.49907e-06
0.526	2.55322e-06
0.527	2.61344e-06
0.528	2.68018e-06
0.529	2.75381e-06
0.53	2.83467e-06
0.531	2.92305e-06
0.532	3.01919e-06
0.533	3.12329e-06
0.534	3.23553e-06
0.535	3.35604e-06
0.536	3.48496e-06
0.537	3.62237e-06
0.538	3.76835e-06
0.539	3.92296e-06
0.54	4.08626e-06
0.541	4.25829e-06
0.542	4.43907e-06
0.543	4.62864e-06
0.544	4.82703e-06
0.545	5.03426e-06
0.546	5.25036e-06
0.547	5.47537e-06
0.548	5.70932e-06
0.549	5.95226e-06
0.55	6.20426e-06
0.551	6.46536e-06
0.552	6.73565e-06
0.553	7.01522e-06
0.554	7.30418e-06
0.555	7.60263e-06
0.556	7.91071e-06
0.557	8.22857e-06
0.558	8.55638e-06
0.559	8.89432e-06
0.56	9.2426e-06
0.561	9.60143e-06
0.562	9.97106e-06
0.563	1.03517e-05
0.564	1.07438e-05
0.565	1.11475e-05
0.566	1.15631e-05
0.567	1.1991e-05
0.568	1.24317e-05
0.569	1.28854e-05
0.57	1.33526e-05
0.571	1.38337e-05
0.572	1.43291e-05
0.573	1.48394e-05
0.574	1.53651e-05
0.575	1.59067e-05
0.576	1.64647e-05
0.577	1.70396e-05
0.578	1.76322e-05
0.579	1.8243e-05
0.58	1.88727e-05
0.581	1.95219e-05
0.582	2.01913e-05
0.583	2.08817e-05
0.584	2.15938e-05
0.585	2.23283e-05
0.586	2.30861e-05
0.587	2.38679e-05
0.588	2.46747e-05
0.589	2.55072e-05
0.59	2.63665e-05
0.591	2.72533e-05
0.592	2.81687e-05
0.593	2.91136e-05
0.594	3.00891e-05
0.595	3.10962e-05
0.596	3.21358e-05
0.597	3.32093e-05
0.598	3.43175e-05
0.599	3.54618e-05
0.6	3.66433e-05
0.601	3.78632e-05
0.602	3.91227e-05
0.603	4.04232e-05
0.604	4.17659e-05
0.605	4.31521e-05
0.606	4.45834e-05
0.607	4.6061e-05
0.608	4.75865e-05
0.609	4.91613e-05
0.61	5.07869e-05
0.611	5.2465e-05
0.612	5.41971e-05
0.613	5.59849e-05
0.614	5.783e-05
0.615	5.97343e-05
0.616	6.16994e-05
0.617	6.37272e-05
0.618	6.58197e-05
0.619	6.79786e-05
0.62	7.0206e-05
0.621	7.25039e-05
0.622	7.48743e-05
0.623	7.73195e-05
0.624	7.98415e-05
0.625	8.24426e-05
0.626	8.51252e-05
0.627	8.78915e-05
0.628	9.07439e-05
0.629	9.36851e-05
0.63	9.67174e-05
0.631	9.98436e-05
0.632	0.000103066
0.633	0.000106388
0.634	0.000109812
0.635	0.000113341
0.636	0.000116978
0.637	0.000120726
0.638	0.000124588
0.639	0.000128568
0.64	0.000132668
0.641	0.000136892
0.642	0.000141244
0.643	0.000145727
0.644	0.000150345
0.645	0.000155101
0.646	0.00016
0.647	0.000165046
0.648	0.000170241
0.649	0.000175592
0.65	0.000181101
0.651	0.000186774
0.652	0.000192615
0.653	0.000198628
0.654	0.000204819
0.655	0.000211192
0.656	0.000217753
0.657	0.000224505
0.658	0.000231456
0.659	0.00023861
0.66	0.000245972
0.661	0.000253549
0.662	0.000261347
0.663	0.000269371
0.664	0.000277628
0.665	0.000286123
0.666	0.000294865
0.667	0.000303858
0.668	0.000313111
0.669	0.000322629
0.67	0.000332422
0.671	0.000342495
0.672	0.000352856
0.673	0.000363514
0.674	0.000374476
0.675	0.000385751
0.676	0.000397347
0.677	0.000409272
0.678	0.000421536
0.679	0.000434148
0.68	0.000447116
0.681	0.000460451
0.682	0.000474163
0.683	0.000488261
0.684	0.000502756
0.685	0.000517658
0.686	0.000532978
0.687	0.000548728
0.688	0.000564919
0.689	0.000581563
0.69	0.00059867
0.691	0.000616255
0.692	0.00063433
0.693	0.000652906
0.694	0.000671999
0.695	0.00069162
0.696	0.000711785
0.697	0.000732508
0.698	0.000753802
0.699	0.000775684
0.7	0.000798168
0.701	0.00082127
0.702	0.000845007
0.703	0.000869394
0.704	0.00089445
0.705	0.00092019
0.706	0.000946633
0.707	0.000973798
0.708	0.0010017
0.709	0.00103036
0.71	0.00105981
0.711	0.00109005
0.712	0.0011211
0.713	0.001153
0.714	0.00118576
0.715	0.00121941
0.716	0.00125396
0.717	0.00128944
0.718	0.00132587
0.719	0.00136328
0.72	0.00140169
0.721	0.00144113
0.722	0.00148162
0.723	0.0015232
0.724	0.00156588
0.725	0.00160969
0.726	0.00165467
0.727	0.00170085
0.728	0.00174824
0.729	0.00179689
0.73	0.00184683
0.731	0.00189808
0.732	0.00195069
0.733	0.00200467
0.734	0.00206008
0.735	0.00211694
0.736	0.00217529
0.737	0.00223516
0.738	0.0022966
0.739	0.00235965
0.74	0.00242433
0.741	0.0024907
0.742	0.0025588
0.743	0.00262866
0.744	0.00270033
0.745	0.00277385
0.746	0.00284928
0.747	0.00292665
0.748	0.00300602
0.749	0.00308743
0.75	0.00317093
0.751	0.00325657
0.752	0.00334441
0.753	0.0034345
0.754	0.00352689
0.755	0.00362164
0.756	0.0037188
0.757	0.00381844
0.758	0.00392061
0.759	0.00402538
0.76	0.0041328
0.761	0.00424294
0.762	0.00435586
0.763	0.00447164
0.764	0.00459034
0.765	0.00471202
0.766	0.00483677
0.767	0.00496465
0.768	0.00509574
0.769	0.00523011
0.77	0.00536785
0.771	0.00550902
0.772	0.00565372
0.773	0.00580202
0.774	0.00595401
0.775	0.00610978
0.776	0.00626942
0.777	0.00643301
0.778	0.00660065
0.779	0.00677244
0.78	0.00694847
0.781	0.00712884
0.782	0.00731365
0.783	0.007503
0.784	0.00769701
0.785	0.00789577
0.786	0.0080994
0.787	0.00830802
0.788	0.00852173
0.789	0.00874066
0.79	0.00896492
0.791	0.00919464
0.792	0.00942995
0.793	0.00967097
0.794	0.00991783
0.795	0.0101707
0.796	0.0104296
0.797	0.0106948
0.798	0.0109664
0.799	0.0112446
0.8	0.0115294
0.801	0.0118211
0.802	0.0121198
0.803	0.0124257
0.804	0.0127388
0.805	0.0130595
0.806	0.0133878
0.807	0.013724
0.808	0.0140681
0.809	0.0144205
0.81	0.0147812
0.811	0.0151504
0.812	0.0155285
0.813	0.0159155
0.814	0.0163116
0.815	0.0167171
0.816	0.0171321
0.817	0.0175569
0.818	0.0179917
0.819	0.0184368
0.82	0.0188922
0.821	0.0193584
0.822	0.0198355
0.823	0.0203237
0.824	0.0208233
0.825	0.0213346
0.826	0.0218578
0.827	0.0223931
0.828	0.0229409
0.829	0.0235014
0.83	0.024075
0.831	0.0246617
0.832	0.0252621
0.833	0.0258763
0.834	0.0265047
0.835	0.0271476
0.836	0.0278053
0.837	0.0284781
0.838	0.0291663
0.839	0.0298704
0.84	0.0305905
0.841	0.0313271
0.842	0.0320806
0.843	0.0328512
0.844	0.0336394
0.845	0.0344456
0.846	0.0352701
0.847	0.0361133
0.848	0.0369757
0.849	0.0378576
0.85	0.0387594
0.851	0.0396817
0.852	0.0406247
0.853	0.0415891
0.854	0.0425751
0.855	0.0435833
0.856	0.0446142
0.857	0.0456683
0.858	0.0467459
0.859	0.0478477
0.86	0.0489741
0.861	0.0501257
0.862	0.051303
0.863	0.0525066
0.864	0.0537369
0.865	0.0549946
0.866	0.0562802
0.867	0.0575943
0.868	0.0589376
0.869	0.0603105
0.87	0.0617139
0.871	0.0631482
0.872	0.0646141
0.873	0.0661124
0.874	0.0676436
0.875	0.0692084
0.876	0.0708077
0.877	0.0724419
0.878	0.074112
0.879	0.0758186
0.88	0.0775625
0.881	0.0793445
0.882	0.0811653
0.883	0.0830257
0.884	0.0849267
0.885	0.0868689
0.886	0.0888533
0.887	0.0908806
0.888	0.0929519
0.889	0.095068
0.89	0.0972298
0.891	0.0994382
0.892	0.101694
0.893	0.103999
0.894	0.106353
0.895	0.108758
0.896	0.111214
0.897	0.113723
0.898	0.116286
0.899	0.118903
0.9	0.121577
0.901	0.124307
0.902	0.127096
0.903	0.129944
0.904	0.132852
0.905	0.135823
0.906	0.138856
0.907	0.141954
0.908	0.145117
0.909	0.148347
0.91	0.151645
0.911	0.155013
0.912	0.158452
0.913	0.161963
0.914	0.165548
0.915	0.169209
0.916	0.172946
0.917	0.176761
0.918	0.180657
0.919	0.184634
0.92	0.188694
0.921	0.192838
0.922	0.197069
0.923	0.201389
0.924	0.205798
0.925	0.210298
0.926	0.214892
0.927	0.219581
0.928	0.224368
0.929	0.229253
0.93	0.234239
0.931	0.239328
0.932	0.244522
0.933	0.249824
0.934	0.255234
0.935	0.260755
0.936	0.26639
0.937	0.27214
0.938	0.278008
0.939	0.283996
0.94	0.290106
0.941	0.296342
0.942	0.302704
0.943	0.309196
0.944	0.31582
0.945	0.322579
0.946	0.329475
0.947	0.336511
0.948	0.34369
0.949	0.351014
0.95	0.358486
0.951	0.366109
0.952	0.373886
0.953	0.381819
0.954	0.389912
0.955	0.398169
0.956	0.406591
0.957	0.415182
0.958	0.423945
0.959	0.432884
0.96	0.442002
0.961	0.451302
0.962	0.460788
0.963	0.470463
0.964	0.480331
0.965	0.490395
0.966	0.500659
0.967	0.511127
0.968	0.521803
0.969	0.532691
0.97	0.543794
0.971	0.555117
0.972	0.566663
0.973	0.578438
0.974	0.590444
0.975	0.602688
0.976	0.615172
0.977	0.627901
0.978	0.640881
0.979	0.654115
0.98	0.667608
0.981	0.681366
0.982	0.695392
0.983	0.709693
0.984	0.724273
0.985	0.739137
0.986	0.75429
0.987	0.769739
0.988	0.785487
0.989	0.801542
0.99	0.817907
0.991	0.83459
0.992	0.851596
0.993	0.868931
0.994	0.8866
0.995	0.904611
0.996	0.922968
0.997	0.941679
0.998	0.96075
0.999	0.980188
