# Interpolation data for function: x^20*(x>0.5)
0	0
0.001	0
0.002	0
0.003	0
0.004	0
0.005	0
0.006	0
0.007	0
0.008	0
0.009	0
0.01	0
0.011	0
0.012	0
0.013	0
0.014	0
0.015	0
0.016	0
0.017	0
0.018	0
0.019	0
0.02	0
0.021	0
0.022	0
0.023	0
0.024	0
0.025	0
0.026	0
0.027	0
0.028	0
0.029	0
0.03	0
0.031	0
0.032	0
0.033	0
0.034	0
0.035	0
0.036	0
0.037	0
0.038	0
0.039	0
0.04	0
0.041	0
0.042	0
0.043	0
0.044	0
0.045	0
0.046	0
0.047	0
0.048	0
0.049	0
0.05	0
0.051	0
0.052	0
0.053	0
0.054	0
0.055	0
0.056	0
0.057	0
0.058	0
0.059	0
0.06	0
0.061	0
0.062	0
0.063	0
0.064	0
0.065	0
0.066	0
0.067	0
0.068	0
0.069	0
0.07	0
0.071	0
0.072	0
0.073	0
0.074	0
0.075	0
0.076	0
0.077	0
0.078	0
0.079	0
0.08	0
0.081	0
0.082	0
0.083	0
0.084	0
0.085	0
0.086	0
0.087	0
0.088	0
0.089	0
0.09	0
0.091	0
0.092	0
0.093	0
0.094	0
0.095	0
0.096	0
0.097	0
0.098	0
0.099	0
0.1	0
0.101	0
0.102	0
0.103	0
0.104	0
0.105	0
0.106	0
0.107	0
0.108	0
0.109	0
0.11	0
0.111	0
0.112	0
0.113	0
0.114	0
0.115	0
0.116	0
0.117	0
0.118	0
0.119	0
0.12	0
0.121	0
0.122	0
0.123	0
0.124	0
0.125	0
0.126	0
0.127	0
0.128	0
0.129	0
0.13	0
0.131	0
0.132	0
0.133	0
0.134	0
0.135	0
0.136	0
0.137	0
0.138	0
0.139	0
0.14	0
0.141	0
0.142	0
0.143	0
0.144	0
0.145	0
0.146	0
0.147	0
0.148	0
0.149	0
0.15	0
0.151	0
0.152	0
0.153	0
0.154	0
0.155	0
0.156	0
0.157	0
0.158	0
0.159	0
0.16	0
0.161	0
0.162	0
0.163	0
0.164	0
0.165	0
0.166	0
0.167	0
0.168	0
0.169	0
0.17	0
0.171	0
0.172	0
0.173	0
0.174	0
0.175	0
0.176	0
0.177	0
0.178	0
0.179	0
0.18	0
0.181	0
0.182	0
0.183	0
0.184	0
0.185	0
0.186	0
0.187	0
0.188	0
0.189	0
0.19	0
0.191	0
0.192	0
0.193	0
0.194	0
0.195	0
0.196	0
0.197	0
0.198	0
0.199	0
0.2	0
0.201	0
0.202	0
0.203	0
0.204	0
0.205	0
0.206	0
0.207	0
0.208	0
0.209	0
0.21	0
0.211	0
0.212	0
0.213	0
0.214	0
0.215	0
0.216	0
0.217	0
0.218	0
0.219	0
0.22	0
0.221	0
0.222	0
0.223	0
0.224	0
0.225	0
0.226	0
0.227	0
0.228	0
0.229	0
0.23	0
0.231	0
0.232	0
0.233	0
0.234	0
0.235	0
0.236	0
0.237	0
0.238	0
0.239	0
0.24	0
0.241	0
0.242	0
0.243	0
0.244	0
0.245	0
0.246	0
0.247	0
0.248	0
0.249	0
0.25	0
0.251	0
0.252	0
0.253	0
0.254	0
0.255	0
0.256	0
0.257	0
0.258	0
0.259	0
0.26	0
0.261	0
0.262	0
0.263	0
0.264	0
0.265	0
0.266	0
0.267	0
0.268	0
0.269	0
0.27	0
0.271	0
0.272	0
0.273	0
0.274	0
0.275	0
0.276	0
0.277	0
0.278	0
0.279	0
0.28	0
0.281	0
0.282	0
0.283	0
0.284	0
0.285	0
0.286	0
0.287	0
0.288	0
0.289	0
0.29	0
0.291	0
0.292	0
0.293	0
0.294	0
0.295	0
0.296	0
0.297	0
0.298	0
0.299	0
0.3	0
0.301	0
0.302	0
0.303	0
0.304	0
0.305	0
0.306	0
0.307	0
0.308	0
0.309	0
0.31	0
0.311	0
0.312	0
0.313	0
0.314	0
0.315	0
0.316	0
0.317	0
0.318	0
0.319	0
0.32	0
0.321	0
0.322	0
0.323	0
0.324	0
0.325	0
0.326	0
0.327	0
0.328	0
0.329	0
0.33	0
0.331	0
0.332	0
0.333	0
0.334	0
0.335	0
0.336	0
0.337	0
0.338	0
0.339	0
0.34	0
0.341	0
0.342	0
0.343	0
0.344	0
0.345	0
0.346	0
0.347	0
0.348	0
0.349	0
0.35	0
0.351	0
0.352	0
0.353	0
0.354	0
0.355	0
0.356	0
0.357	0
0.358	0
0.359	0
0.36	0
0.361	0
0.362	0
0.363	0
0.364	0
0.365	0
0.366	0
0.367	0
0.368	0
0.369	0
0.37	0
0.371	0
0.372	0
0.373	0
0.374	0
0.375	0
0.376	0
0.377	0
0.378	0
0.379	0
0.38	0
0.381	0
0.382	0
0.383	0
0.384	0
0.385	0
0.386	0
0.387	0
0.388	0
0.389	0
0.39	0
0.391	0
0.392	0
0.393	0
0.394	0
0.395	0
0.396	0
0.397	0
0.398	0
0.399	0
0.4	0
0.401	0
0.402	0
0.403	0
0.404	0
0.405	0
0.406	0
0.407	0
0.408	0
0.409	0
0.41	0
0.411	0
0.412	0
0.413	0
0.414	0
0.415	0
0.416	0
0.417	0
0.418	0
0.419	0
0.42	0
0.421	0
0.422	0
0.423	0
0.424	0
0.425	0
0.426	0
0.427	0
0.428	0
0.429	0
0.43	0
0.431	0
0.432	0
0.433	0
0.434	0
0.435	0
0.436	0
0.437	0
0.438	0
0.439	0
0.44	0
0.441	0
0.442	0
0.443	0
0.444	0
0.445	0
0.446	0
0.447	0
0.448	0
0.449	0
0.45	0
0.451	0
0.452	0
0.453	0
0.454	0
0.455	0
0.456	0
0.457	0
0.458	0
0.459	0
0.46	0
0.461	0
0.462	0
0.463	0
0.464	0
0.465	0
0.466	0
0.467	0
0.468	0
0.469	0
0.47	0
0.471	0
0.472	0
0.473	0
0.474	0
0.475	0
0.476	0
0.477	0
0.478	0
0.479	0
0.48	0
0.481	0
0.482	0
0.483	0
0.484	0
0.485	0
0.486	0
0.487	0
0.488	0
0.489	0
0.49	0
0.491	0
0.492	0
0.493	0
0.494	0
0.495	0
0.496	0
0.497	0
0.498	0
0.499	0
0.5	0.000317612
0.501	0.000264927
0.502	0.000216636
0.503	0.000172506
0.504	0.000132314
0.505	9.58437e-05
0.506	6.28876e-05
0.507	3.32458e-05
0.508	6.72623e-06
0.509	-1.68558e-05
0.51	-3.76778e-05
0.511	-5.59102e-05
0.512	-7.17168e-05
0.513	-8.52544e-05
0.514	-9.66735e-05
0.515	-0.000106118
0.516	-0.000113727
0.517	-0.000119632
0.518	-0.000123959
0.519	-0.000126829
0.52	-0.000128358
0.521	-0.000128656
0.522	-0.000127827
0.523	-0.000125971
0.524	-0.000123184
0.525	-0.000119557
0.526	-0.000115174
0.527	-0.000110119
0.528	-0.000104467
0.529	-9.82933e-05
0.53	-9.16659e-05
0.531	-8.46508e-05
0.532	-7.73096e-05
0.533	-6.97004e-05
0.534	-6.18781e-05
0.535	-5.38939e-05
0.536	-4.5796e-05
0.537	-3.76293e-05
0.538	-2.9436e-05
0.539	-2.12552e-05
0.54	-1.31232e-05
0.541	-5.07372e-06
0.542	2.86217e-06
0.543	1.06558e-05
0.544	1.8281e-05
0.545	2.57137e-05
0.546	3.29322e-05
0.547	3.99168e-05
0.548	4.66498e-05
0.549	5.31155e-05
0.55	5.93e-05
0.551	6.51912e-05
0.552	7.07786e-05
0.553	7.60533e-05
0.554	8.10081e-05
0.555	8.56371e-05
0.556	8.99357e-05
0.557	9.39008e-05
0.558	9.75306e-05
0.559	0.000100824
0.56	0.000103782
0.561	0.000106405
0.562	0.000108697
0.563	0.00011066
0.564	0.000112299
0.565	0.000113618
0.566	0.000114624
0.567	0.000115323
0.568	0.000115723
0.569	0.000115831
0.57	0.000115655
0.571	0.000115206
0.572	0.000114491
0.573	0.000113521
0.574	0.000112307
0.575	0.000110858
0.576	0.000109187
0.577	0.000107304
0.578	0.00010522
0.579	0.000102948
0.58	0.0001005
0.581	9.78872e-05
0.582	9.51224e-05
0.583	9.22178e-05
0.584	8.91859e-05
0.585	8.60391e-05
0.586	8.27899e-05
0.587	7.94509e-05
0.588	7.60344e-05
0.589	7.25529e-05
0.59	6.90189e-05
0.591	6.54445e-05
0.592	6.18419e-05
0.593	5.82232e-05
0.594	5.46003e-05
0.595	5.09849e-05
0.596	4.73887e-05
0.597	4.38231e-05
0.598	4.02993e-05
0.599	3.68284e-05
0.6	3.3421e-05
0.601	3.00879e-05
0.602	2.68393e-05
0.603	2.36854e-05
0.604	2.0636e-05
0.605	1.77008e-05
0.606	1.48889e-05
0.607	1.22096e-05
0.608	9.67154e-06
0.609	7.2833e-06
0.61	5.0531e-06
0.611	2.98888e-06
0.612	1.09831e-06
0.613	-6.1125e-07
0.614	-2.1327e-06
0.615	-3.45924e-06
0.616	-4.58437e-06
0.617	-5.50186e-06
0.618	-6.20577e-06
0.619	-6.69045e-06
0.62	-6.95052e-06
0.621	-6.98089e-06
0.622	-6.77674e-06
0.623	-6.33352e-06
0.624	-5.64694e-06
0.625	-4.71298e-06
0.626	-3.52789e-06
0.627	-2.08814e-06
0.628	-3.90477e-07
0.629	1.56813e-06
0.63	3.79048e-06
0.631	6.27913e-06
0.632	9.03643e-06
0.633	1.20645e-05
0.634	1.53654e-05
0.635	1.89407e-05
0.636	2.2792e-05
0.637	2.69207e-05
0.638	3.1328e-05
0.639	3.6015e-05
0.64	4.09825e-05
0.641	4.62313e-05
0.642	5.17621e-05
0.643	5.75752e-05
0.644	6.36712e-05
0.645	7.00503e-05
0.646	7.67127e-05
0.647	8.36586e-05
0.648	9.08879e-05
0.649	9.84007e-05
0.65	0.000106197
0.651	0.000114277
0.652	0.000122639
0.653	0.000131285
0.654	0.000140214
0.655	0.000149426
0.656	0.000158921
0.657	0.000168699
0.658	0.000178759
0.659	0.000189102
0.66	0.000199728
0.661	0.000210637
0.662	0.00022183
0.663	0.000233306
0.664	0.000245067
0.665	0.000257113
0.666	0.000269445
0.667	0.000282063
0.668	0.000294969
0.669	0.000308165
0.67	0.000321651
0.671	0.00033543
0.672	0.000349503
0.673	0.000363872
0.674	0.000378541
0.675	0.00039351
0.676	0.000408784
0.677	0.000424366
0.678	0.000440258
0.679	0.000456465
0.68	0.000472991
0.681	0.00048984
0.682	0.000507017
0.683	0.000524527
0.684	0.000542376
0.685	0.000560568
0.686	0.000579111
0.687	0.000598011
0.688	0.000617274
0.689	0.00063691
0.69	0.000656924
0.691	0.000677325
0.692	0.000698123
0.693	0.000719326
0.694	0.000740944
0.695	0.000762987
0.696	0.000785466
0.697	0.000808391
0.698	0.000831776
0.699	0.00085563
0.7	0.000879969
0.701	0.000904803
0.702	0.000930149
0.703	0.000956019
0.704	0.000982429
0.705	0.0010094
0.706	0.00103693
0.707	0.00106506
0.708	0.00109379
0.709	0.00112315
0.71	0.00115315
0.711	0.00118381
0.712	0.00121515
0.713	0.0012472
0.714	0.00127997
0.715	0.00131348
0.716	0.00134777
0.717	0.00138285
0.718	0.00141874
0.719	0.00145548
0.72	0.00149309
0.721	0.00153159
0.722	0.00157102
0.723	0.00161139
0.724	0.00165275
0.725	0.00169511
0.726	0.00173851
0.727	0.00178299
0.728	0.00182856
0.729	0.00187528
0.73	0.00192316
0.731	0.00197225
0.732	0.00202259
0.733	0.0020742
0.734	0.00212713
0.735	0.00218141
0.736	0.00223709
0.737	0.0022942
0.738	0.00235279
0.739	0.0024129
0.74	0.00247457
0.741	0.00253785
0.742	0.00260278
0.743	0.00266941
0.744	0.00273779
0.745	0.00280797
0.746	0.00287999
0.747	0.00295391
0.748	0.00302978
0.749	0.00310766
0.75	0.00318759
0.751	0.00326964
0.752	0.00335385
0.753	0.0034403
0.754	0.00352903
0.755	0.00362012
0.756	0.00371361
0.757	0.00380958
0.758	0.00390809
0.759	0.00400921
0.76	0.00411299
0.761	0.00421952
0.762	0.00432886
0.763	0.00444109
0.764	0.00455627
0.765	0.00467448
0.766	0.0047958
0.767	0.00492031
0.768	0.00504808
0.769	0.0051792
0.77	0.00531374
0.771	0.0054518
0.772	0.00559346
0.773	0.0057388
0.774	0.00588792
0.775	0.00604091
0.776	0.00619785
0.777	0.00635885
0.778	0.006524
0.779	0.0066934
0.78	0.00686716
0.781	0.00704536
0.782	0.00722813
0.783	0.00741556
0.784	0.00760776
0.785	0.00780485
0.786	0.00800694
0.787	0.00821414
0.788	0.00842657
0.789	0.00864436
0.79	0.00886762
0.791	0.00909648
0.792	0.00933107
0.793	0.00957152
0.794	0.00981796
0.795	0.0100705
0.796	0.0103294
0.797	0.0105946
0.798	0.0108664
0.799	0.0111448
0.8	0.0114302
0.801	0.0117225
0.802	0.0120219
0.803	0.0123287
0.804	0.012643
0.805	0.0129649
0.806	0.0132946
0.807	0.0136322
0.808	0.0139781
0.809	0.0143322
0.81	0.0146949
0.811	0.0150663
0.812	0.0154465
0.813	0.0158359
0.814	0.0162345
0.815	0.0166426
0.816	0.0170604
0.817	0.0174881
0.818	0.0179259
0.819	0.0183741
0.82	0.0188328
0.821	0.0193023
0.822	0.0197828
0.823	0.0202745
0.824	0.0207778
0.825	0.0212928
0.826	0.0218198
0.827	0.022359
0.828	0.0229107
0.829	0.0234753
0.83	0.0240528
0.831	0.0246438
0.832	0.0252483
0.833	0.0258667
0.834	0.0264994
0.835	0.0271466
0.836	0.0278085
0.837	0.0284856
0.838	0.0291782
0.839	0.0298866
0.84	0.030611
0.841	0.031352
0.842	0.0321097
0.843	0.0328846
0.844	0.0336771
0.845	0.0344874
0.846	0.035316
0.847	0.0361633
0.848	0.0370297
0.849	0.0379155
0.85	0.0388212
0.851	0.0397472
0.852	0.040694
0.853	0.0416619
0.854	0.0426514
0.855	0.043663
0.856	0.0446971
0.857	0.0457542
0.858	0.0468348
0.859	0.0479394
0.86	0.0490685
0.861	0.0502226
0.862	0.0514023
0.863	0.052608
0.864	0.0538403
0.865	0.0550999
0.866	0.0563871
0.867	0.0577027
0.868	0.0590472
0.869	0.0604212
0.87	0.0618254
0.871	0.0632604
0.872	0.0647268
0.873	0.0662252
0.874	0.0677564
0.875	0.0693211
0.876	0.0709199
0.877	0.0725535
0.878	0.0742227
0.879	0.0759281
0.88	0.0776707
0.881	0.0794511
0.882	0.0812701
0.883	0.0831285
0.884	0.0850272
0.885	0.0869669
0.886	0.0889486
0.887	0.090973
0.888	0.0930412
0.889	0.0951539
0.89	0.0973121
0.891	0.0995168
0.892	0.101769
0.893	0.104069
0.894	0.106419
0.895	0.108819
0.896	0.111271
0.897	0.113775
0.898	0.116333
0.899	0.118945
0.9	0.121613
0.901	0.124338
0.902	0.127121
0.903	0.129963
0.904	0.132866
0.905	0.13583
0.906	0.138858
0.907	0.141949
0.908	0.145106
0.909	0.14833
0.91	0.151622
0.911	0.154984
0.912	0.158417
0.913	0.161922
0.914	0.165501
0.915	0.169155
0.916	0.172887
0.917	0.176696
0.918	0.180586
0.919	0.184557
0.92	0.188612
0.921	0.192751
0.922	0.196977
0.923	0.201291
0.924	0.205695
0.925	0.210192
0.926	0.214781
0.927	0.219467
0.928	0.224249
0.929	0.229131
0.93	0.234114
0.931	0.239201
0.932	0.244393
0.933	0.249692
0.934	0.2551
0.935	0.260621
0.936	0.266254
0.937	0.272004
0.938	0.277873
0.939	0.283861
0.94	0.289973
0.941	0.29621
0.942	0.302574
0.943	0.309069
0.944	0.315696
0.945	0.322459
0.946	0.329359
0.947	0.3364
0.948	0.343584
0.949	0.350914
0.95	0.358392
0.951	0.366022
0.952	0.373806
0.953	0.381747
0.954	0.389849
0.955	0.398114
0.956	0.406545
0.957	0.415146
0.958	0.423919
0.959	0.432869
0.96	0.441997
0.961	0.451308
0.962	0.460805
0.963	0.470492
0.964	0.480371
0.965	0.490447
0.966	0.500723
0.967	0.511203
0.968	0.521891
0.969	0.53279
0.97	0.543904
0.971	0.555237
0.972	0.566794
0.973	0.578578
0.974	0.590594
0.975	0.602845
0.976	0.615337
0.977	0.628072
0.978	0.641057
0.979	0.654294
0.98	0.66779
0.981	0.681548
0.982	0.695573
0.983	0.70987
0.984	0.724444
0.985	0.739299
0.986	0.754442
0.987	0.769876
0.988	0.785607
0.989	0.801641
0.99	0.817982
0.991	0.834636
0.992	0.851608
0.993	0.868905
0.994	0.886532
0.995	0.904494
0.996	0.922797
0.997	0.941448
0.998	0.960452
0.999	0.979816
