# Interpolation data for function: x^20*(x>0.5)
0	-0.0822511
0.001	-0.0819914
0.002	-0.0817316
0.003	-0.0814719
0.004	-0.0812122
0.005	-0.0809524
0.006	-0.0806927
0.007	-0.0804329
0.008	-0.0801732
0.009	-0.0799135
0.01	-0.0796537
0.011	-0.079394
0.012	-0.0791342
0.013	-0.0788745
0.014	-0.0786148
0.015	-0.078355
0.016	-0.0780953
0.017	-0.0778355
0.018	-0.0775758
0.019	-0.0773161
0.02	-0.0770563
0.021	-0.0767966
0.022	-0.0765368
0.023	-0.0762771
0.024	-0.0760174
0.025	-0.0757576
0.026	-0.0754979
0.027	-0.0752381
0.028	-0.0749784
0.029	-0.0747187
0.03	-0.0744589
0.031	-0.0741992
0.032	-0.0739394
0.033	-0.0736797
0.034	-0.07342
0.035	-0.0731602
0.036	-0.0729005
0.037	-0.0726407
0.038	-0.072381
0.039	-0.0721213
0.04	-0.0718615
0.041	-0.0716018
0.042	-0.071342
0.043	-0.0710823
0.044	-0.0708226
0.045	-0.0705628
0.046	-0.0703031
0.047	-0.0700433
0.048	-0.0697836
0.049	-0.0695239
0.05	-0.0692641
0.051	-0.0690044
0.052	-0.0687446
0.053	-0.0684849
0.054	-0.0682252
0.055	-0.0679654
0.056	-0.0677057
0.057	-0.0674459
0.058	-0.0671862
0.059	-0.0669264
0.06	-0.0666667
0.061	-0.066407
0.062	-0.0661472
0.063	-0.0658875
0.064	-0.0656277
0.065	-0.065368
0.066	-0.0651083
0.067	-0.0648485
0.068	-0.0645888
0.069	-0.064329
0.07	-0.0640693
0.071	-0.0638096
0.072	-0.0635498
0.073	-0.0632901
0.074	-0.0630303
0.075	-0.0627706
0.076	-0.0625109
0.077	-0.0622511
0.078	-0.0619914
0.079	-0.0617316
0.08	-0.0614719
0.081	-0.0612122
0.082	-0.0609524
0.083	-0.0606927
0.084	-0.0604329
0.085	-0.0601732
0.086	-0.0599135
0.087	-0.0596537
0.088	-0.059394
0.089	-0.0591342
0.09	-0.0588745
0.091	-0.0586148
0.092	-0.058355
0.093	-0.0580953
0.094	-0.0578355
0.095	-0.0575758
0.096	-0.0573161
0.097	-0.0570563
0.098	-0.0567966
0.099	-0.0565368
0.1	-0.0562771
0.101	-0.0560174
0.102	-0.0557576
0.103	-0.0554979
0.104	-0.0552381
0.105	-0.0549784
0.106	-0.0547187
0.107	-0.0544589
0.108	-0.0541992
0.109	-0.0539394
0.11	-0.0536797
0.111	-0.05342
0.112	-0.0531602
0.113	-0.0529005
0.114	-0.0526407
0.115	-0.052381
0.116	-0.0521213
0.117	-0.0518615
0.118	-0.0516018
0.119	-0.051342
0.12	-0.0510823
0.121	-0.0508226
0.122	-0.0505628
0.123	-0.0503031
0.124	-0.0500433
0.125	-0.0497836
0.126	-0.0495239
0.127	-0.0492641
0.128	-0.0490044
0.129	-0.0487446
0.13	-0.0484849
0.131	-0.0482251
0.132	-0.0479654
0.133	-0.0477057
0.134	-0.0474459
0.135	-0.0471862
0.136	-0.0469264
0.137	-0.0466667
0.138	-0.046407
0.139	-0.0461472
0.14	-0.0458875
0.141	-0.0456277
0.142	-0.045368
0.143	-0.0451083
0.144	-0.0448485
0.145	-0.0445888
0.146	-0.044329
0.147	-0.0440693
0.148	-0.0438096
0.149	-0.0435498
0.15	-0.0432901
0.151	-0.0430303
0.152	-0.0427706
0.153	-0.0425109
0.154	-0.0422511
0.155	-0.0419914
0.156	-0.0417316
0.157	-0.0414719
0.158	-0.0412122
0.159	-0.0409524
0.16	-0.0406927
0.161	-0.0404329
0.162	-0.0401732
0.163	-0.0399135
0.164	-0.0396537
0.165	-0.039394
0.166	-0.0391342
0.167	-0.0388745
0.168	-0.0386148
0.169	-0.038355
0.17	-0.0380953
0.171	-0.0378355
0.172	-0.0375758
0.173	-0.0373161
0.174	-0.0370563
0.175	-0.0367966
0.176	-0.0365368
0.177	-0.0362771
0.178	-0.0360174
0.179	-0.0357576
0.18	-0.0354979
0.181	-0.0352381
0.182	-0.0349784
0.183	-0.0347187
0.184	-0.0344589
0.185	-0.0341992
0.186	-0.0339394
0.187	-0.0336797
0.188	-0.03342
0.189	-0.0331602
0.19	-0.0329005
0.191	-0.0326407
0.192	-0.032381
0.193	-0.0321213
0.194	-0.0318615
0.195	-0.0316018
0.196	-0.031342
0.197	-0.0310823
0.198	-0.0308226
0.199	-0.0305628
0.2	-0.0303031
0.201	-0.0300433
0.202	-0.0297836
0.203	-0.0295239
0.204	-0.0292641
0.205	-0.0290044
0.206	-0.0287446
0.207	-0.0284849
0.208	-0.0282251
0.209	-0.0279654
0.21	-0.0277057
0.211	-0.0274459
0.212	-0.0271862
0.213	-0.0269264
0.214	-0.0266667
0.215	-0.026407
0.216	-0.0261472
0.217	-0.0258875
0.218	-0.0256277
0.219	-0.025368
0.22	-0.0251083
0.221	-0.0248485
0.222	-0.0245888
0.223	-0.024329
0.224	-0.0240693
0.225	-0.0238096
0.226	-0.0235498
0.227	-0.0232901
0.228	-0.0230303
0.229	-0.0227706
0.23	-0.0225109
0.231	-0.0222511
0.232	-0.0219914
0.233	-0.0217316
0.234	-0.0214719
0.235	-0.0212122
0.236	-0.0209524
0.237	-0.0206927
0.238	-0.0204329
0.239	-0.0201732
0.24	-0.0199135
0.241	-0.0196537
0.242	-0.019394
0.243	-0.0191342
0.244	-0.0188745
0.245	-0.0186148
0.246	-0.018355
0.247	-0.0180953
0.248	-0.0178355
0.249	-0.0175758
0.25	-0.0173161
0.251	-0.0170563
0.252	-0.0167966
0.253	-0.0165368
0.254	-0.0162771
0.255	-0.0160174
0.256	-0.0157576
0.257	-0.0154979
0.258	-0.0152381
0.259	-0.0149784
0.26	-0.0147187
0.261	-0.0144589
0.262	-0.0141992
0.263	-0.0139394
0.264	-0.0136797
0.265	-0.01342
0.266	-0.0131602
0.267	-0.0129005
0.268	-0.0126407
0.269	-0.012381
0.27	-0.0121213
0.271	-0.0118615
0.272	-0.0116018
0.273	-0.011342
0.274	-0.0110823
0.275	-0.0108226
0.276	-0.0105628
0.277	-0.0103031
0.278	-0.0100433
0.279	-0.00978359
0.28	-0.00952385
0.281	-0.00926411
0.282	-0.00900437
0.283	-0.00874463
0.284	-0.00848489
0.285	-0.00822515
0.286	-0.00796541
0.287	-0.00770567
0.288	-0.00744593
0.289	-0.00718619
0.29	-0.00692645
0.291	-0.00666671
0.292	-0.00640697
0.293	-0.00614723
0.294	-0.00588749
0.295	-0.00562775
0.296	-0.00536801
0.297	-0.00510827
0.298	-0.00484853
0.299	-0.00458879
0.3	-0.00432904
0.301	-0.0040693
0.302	-0.00380956
0.303	-0.00354982
0.304	-0.00329008
0.305	-0.00303034
0.306	-0.0027706
0.307	-0.00251086
0.308	-0.00225112
0.309	-0.00199138
0.31	-0.00173164
0.311	-0.0014719
0.312	-0.00121216
0.313	-0.000952421
0.314	-0.000692681
0.315	-0.000432941
0.316	-0.000173201
0.317	8.65397e-05
0.318	0.00034628
0.319	0.00060602
0.32	0.00086576
0.321	0.0011255
0.322	0.00138524
0.323	0.00164498
0.324	0.00190472
0.325	0.00216446
0.326	0.0024242
0.327	0.00268394
0.328	0.00294368
0.329	0.00320342
0.33	0.00346316
0.331	0.0037229
0.332	0.00398264
0.333	0.00424238
0.334	0.00450212
0.335	0.00476186
0.336	0.0050216
0.337	0.00528135
0.338	0.00554109
0.339	0.00580083
0.34	0.00606057
0.341	0.00632031
0.342	0.00658005
0.343	0.00683979
0.344	0.00709953
0.345	0.00735927
0.346	0.00761901
0.347	0.00787875
0.348	0.00813849
0.349	0.00839823
0.35	0.00865797
0.351	0.00891771
0.352	0.00917745
0.353	0.00943719
0.354	0.00969693
0.355	0.00995667
0.356	0.0102164
0.357	0.0104762
0.358	0.0107359
0.359	0.0109956
0.36	0.0112554
0.361	0.0115151
0.362	0.0117749
0.363	0.0120346
0.364	0.0122943
0.365	0.0125541
0.366	0.0128138
0.367	0.0130736
0.368	0.0133333
0.369	0.013593
0.37	0.0138528
0.371	0.0141125
0.372	0.0143723
0.373	0.014632
0.374	0.0148917
0.375	0.0151515
0.376	0.0154112
0.377	0.015671
0.378	0.0159307
0.379	0.0161904
0.38	0.0164502
0.381	0.0167099
0.382	0.0169697
0.383	0.0172294
0.384	0.0174891
0.385	0.0177489
0.386	0.0180086
0.387	0.0182684
0.388	0.0185281
0.389	0.0187878
0.39	0.0190476
0.391	0.0193073
0.392	0.0195671
0.393	0.0198268
0.394	0.0200865
0.395	0.0203463
0.396	0.020606
0.397	0.0208658
0.398	0.0211255
0.399	0.0213852
0.4	0.021645
0.401	0.0219047
0.402	0.0221645
0.403	0.0224242
0.404	0.0226839
0.405	0.0229437
0.406	0.0232034
0.407	0.0234632
0.408	0.0237229
0.409	0.0239826
0.41	0.0242424
0.411	0.0245021
0.412	0.0247619
0.413	0.0250216
0.414	0.0252813
0.415	0.0255411
0.416	0.0258008
0.417	0.0260606
0.418	0.0263203
0.419	0.02658
0.42	0.0268398
0.421	0.0270995
0.422	0.0273593
0.423	0.027619
0.424	0.0278787
0.425	0.0281385
0.426	0.0283982
0.427	0.028658
0.428	0.0289177
0.429	0.0291774
0.43	0.0294372
0.431	0.0296969
0.432	0.0299567
0.433	0.0302164
0.434	0.0304762
0.435	0.0307359
0.436	0.0309956
0.437	0.0312554
0.438	0.0315151
0.439	0.0317749
0.44	0.0320346
0.441	0.0322943
0.442	0.0325541
0.443	0.0328138
0.444	0.0330736
0.445	0.0333333
0.446	0.033593
0.447	0.0338528
0.448	0.0341125
0.449	0.0343723
0.45	0.034632
0.451	0.0348917
0.452	0.0351515
0.453	0.0354112
0.454	0.035671
0.455	0.0359307
0.456	0.0361904
0.457	0.0364502
0.458	0.0367099
0.459	0.0369697
0.46	0.0372294
0.461	0.0374891
0.462	0.0377489
0.463	0.0380086
0.464	0.0382684
0.465	0.0385281
0.466	0.0387878
0.467	0.0390476
0.468	0.0393073
0.469	0.0395671
0.47	0.0398268
0.471	0.0400865
0.472	0.0403463
0.473	0.040606
0.474	0.0408658
0.475	0.0411255
0.476	0.0413852
0.477	0.041645
0.478	0.0419047
0.479	0.0421645
0.48	0.0424242
0.481	0.0426839
0.482	0.0429437
0.483	0.0432034
0.484	0.0434632
0.485	0.0437229
0.486	0.0439826
0.487	0.0442424
0.488	0.0445021
0.489	0.0447619
0.49	0.0450216
0.491	0.0452813
0.492	0.0455411
0.493	0.0458008
0.494	0.0460606
0.495	0.0463203
0.496	0.04658
0.497	0.0468398
0.498	0.0470995
0.499	0.0473593
0.5	0.047619
0.501	0.0478787
0.502	0.0481385
0.503	0.0483982
0.504	0.048658
0.505	0.0489177
0.506	0.0491774
0.507	0.0494372
0.508	0.0496969
0.509	0.0499567
0.51	0.0502164
0.511	0.0504762
0.512	0.0507359
0.513	0.0509956
0.514	0.0512554
0.515	0.0515151
0.516	0.0517749
0.517	0.0520346
0.518	0.0522943
0.519	0.0525541
0.52	0.0528138
0.521	0.0530736
0.522	0.0533333
0.523	0.053593
0.524	0.0538528
0.525	0.0541125
0.526	0.0543723
0.527	0.054632
0.528	0.0548917
0.529	0.0551515
0.53	0.0554112
0.531	0.055671
0.532	0.0559307
0.533	0.0561904
0.534	0.0564502
0.535	0.0567099
0.536	0.0569697
0.537	0.0572294
0.538	0.0574891
0.539	0.0577489
0.54	0.0580086
0.541	0.0582684
0.542	0.0585281
0.543	0.0587878
0.544	0.0590476
0.545	0.0593073
0.546	0.0595671
0.547	0.0598268
0.548	0.0600865
0.549	0.0603463
0.55	0.060606
0.551	0.0608658
0.552	0.0611255
0.553	0.0613852
0.554	0.061645
0.555	0.0619047
0.556	0.0621645
0.557	0.0624242
0.558	0.0626839
0.559	0.0629437
0.56	0.0632034
0.561	0.0634632
0.562	0.0637229
0.563	0.0639826
0.564	0.0642424
0.565	0.0645021
0.566	0.0647619
0.567	0.0650216
0.568	0.0652813
0.569	0.0655411
0.57	0.0658008
0.571	0.0660606
0.572	0.0663203
0.573	0.06658
0.574	0.0668398
0.575	0.0670995
0.576	0.0673593
0.577	0.067619
0.578	0.0678787
0.579	0.0681385
0.58	0.0683982
0.581	0.068658
0.582	0.0689177
0.583	0.0691775
0.584	0.0694372
0.585	0.0696969
0.586	0.0699567
0.587	0.0702164
0.588	0.0704762
0.589	0.0707359
0.59	0.0709956
0.591	0.0712554
0.592	0.0715151
0.593	0.0717749
0.594	0.0720346
0.595	0.0722943
0.596	0.0725541
0.597	0.0728138
0.598	0.0730736
0.599	0.0733333
0.6	0.073593
0.601	0.0738528
0.602	0.0741125
0.603	0.0743723
0.604	0.074632
0.605	0.0748917
0.606	0.0751515
0.607	0.0754112
0.608	0.075671
0.609	0.0759307
0.61	0.0761904
0.611	0.0764502
0.612	0.0767099
0.613	0.0769697
0.614	0.0772294
0.615	0.0774891
0.616	0.0777489
0.617	0.0780086
0.618	0.0782684
0.619	0.0785281
0.62	0.0787878
0.621	0.0790476
0.622	0.0793073
0.623	0.0795671
0.624	0.0798268
0.625	0.0800865
0.626	0.0803463
0.627	0.080606
0.628	0.0808658
0.629	0.0811255
0.63	0.0813852
0.631	0.081645
0.632	0.0819047
0.633	0.0821645
0.634	0.0824242
0.635	0.0826839
0.636	0.0829437
0.637	0.0832034
0.638	0.0834632
0.639	0.0837229
0.64	0.0839826
0.641	0.0842424
0.642	0.0845021
0.643	0.0847619
0.644	0.0850216
0.645	0.0852813
0.646	0.0855411
0.647	0.0858008
0.648	0.0860606
0.649	0.0863203
0.65	0.08658
0.651	0.0868398
0.652	0.0870995
0.653	0.0873593
0.654	0.087619
0.655	0.0878787
0.656	0.0881385
0.657	0.0883982
0.658	0.088658
0.659	0.0889177
0.66	0.0891775
0.661	0.0894372
0.662	0.0896969
0.663	0.0899567
0.664	0.0902164
0.665	0.0904762
0.666	0.0907359
0.667	0.0909956
0.668	0.0912554
0.669	0.0915151
0.67	0.0917749
0.671	0.0920346
0.672	0.0922943
0.673	0.0925541
0.674	0.0928138
0.675	0.0930736
0.676	0.0933333
0.677	0.093593
0.678	0.0938528
0.679	0.0941125
0.68	0.0943723
0.681	0.094632
0.682	0.0948917
0.683	0.0951515
0.684	0.0954112
0.685	0.095671
0.686	0.0959307
0.687	0.0961904
0.688	0.0964502
0.689	0.0967099
0.69	0.0969697
0.691	0.0972294
0.692	0.0974891
0.693	0.0977489
0.694	0.0980086
0.695	0.0982684
0.696	0.0985281
0.697	0.0987878
0.698	0.0990476
0.699	0.0993073
0.7	0.0995671
0.701	0.0998268
0.702	0.100087
0.703	0.100346
0.704	0.100606
0.705	0.100866
0.706	0.101126
0.707	0.101385
0.708	0.101645
0.709	0.101905
0.71	0.102164
0.711	0.102424
0.712	0.102684
0.713	0.102944
0.714	0.103203
0.715	0.103463
0.716	0.103723
0.717	0.103983
0.718	0.104242
0.719	0.104502
0.72	0.104762
0.721	0.105022
0.722	0.105281
0.723	0.105541
0.724	0.105801
0.725	0.106061
0.726	0.10632
0.727	0.10658
0.728	0.10684
0.729	0.1071
0.73	0.107359
0.731	0.107619
0.732	0.107879
0.733	0.108138
0.734	0.108398
0.735	0.108658
0.736	0.108918
0.737	0.109177
0.738	0.109437
0.739	0.109697
0.74	0.109957
0.741	0.110216
0.742	0.110476
0.743	0.110736
0.744	0.110996
0.745	0.111255
0.746	0.111515
0.747	0.111775
0.748	0.112035
0.749	0.112294
0.75	0.112554
0.751	0.112814
0.752	0.113074
0.753	0.113333
0.754	0.113593
0.755	0.113853
0.756	0.114113
0.757	0.114372
0.758	0.114632
0.759	0.114892
0.76	0.115151
0.761	0.115411
0.762	0.115671
0.763	0.115931
0.764	0.11619
0.765	0.11645
0.766	0.11671
0.767	0.11697
0.768	0.117229
0.769	0.117489
0.77	0.117749
0.771	0.118009
0.772	0.118268
0.773	0.118528
0.774	0.118788
0.775	0.119048
0.776	0.119307
0.777	0.119567
0.778	0.119827
0.779	0.120087
0.78	0.120346
0.781	0.120606
0.782	0.120866
0.783	0.121126
0.784	0.121385
0.785	0.121645
0.786	0.121905
0.787	0.122164
0.788	0.122424
0.789	0.122684
0.79	0.122944
0.791	0.123203
0.792	0.123463
0.793	0.123723
0.794	0.123983
0.795	0.124242
0.796	0.124502
0.797	0.124762
0.798	0.125022
0.799	0.125281
0.8	0.125541
0.801	0.125801
0.802	0.126061
0.803	0.12632
0.804	0.12658
0.805	0.12684
0.806	0.1271
0.807	0.127359
0.808	0.127619
0.809	0.127879
0.81	0.128138
0.811	0.128398
0.812	0.128658
0.813	0.128918
0.814	0.129177
0.815	0.129437
0.816	0.129697
0.817	0.129957
0.818	0.130216
0.819	0.130476
0.82	0.130736
0.821	0.130996
0.822	0.131255
0.823	0.131515
0.824	0.131775
0.825	0.132035
0.826	0.132294
0.827	0.132554
0.828	0.132814
0.829	0.133074
0.83	0.133333
0.831	0.133593
0.832	0.133853
0.833	0.134113
0.834	0.134372
0.835	0.134632
0.836	0.134892
0.837	0.135151
0.838	0.135411
0.839	0.135671
0.84	0.135931
0.841	0.13619
0.842	0.13645
0.843	0.13671
0.844	0.13697
0.845	0.137229
0.846	0.137489
0.847	0.137749
0.848	0.138009
0.849	0.138268
0.85	0.138528
0.851	0.138788
0.852	0.139048
0.853	0.139307
0.854	0.139567
0.855	0.139827
0.856	0.140087
0.857	0.140346
0.858	0.140606
0.859	0.140866
0.86	0.141126
0.861	0.141385
0.862	0.141645
0.863	0.141905
0.864	0.142164
0.865	0.142424
0.866	0.142684
0.867	0.142944
0.868	0.143203
0.869	0.143463
0.87	0.143723
0.871	0.143983
0.872	0.144242
0.873	0.144502
0.874	0.144762
0.875	0.145022
0.876	0.145281
0.877	0.145541
0.878	0.145801
0.879	0.146061
0.88	0.14632
0.881	0.14658
0.882	0.14684
0.883	0.1471
0.884	0.147359
0.885	0.147619
0.886	0.147879
0.887	0.148138
0.888	0.148398
0.889	0.148658
0.89	0.148918
0.891	0.149177
0.892	0.149437
0.893	0.149697
0.894	0.149957
0.895	0.150216
0.896	0.150476
0.897	0.150736
0.898	0.150996
0.899	0.151255
0.9	0.151515
0.901	0.151775
0.902	0.152035
0.903	0.152294
0.904	0.152554
0.905	0.152814
0.906	0.153074
0.907	0.153333
0.908	0.153593
0.909	0.153853
0.91	0.154113
0.911	0.154372
0.912	0.154632
0.913	0.154892
0.914	0.155151
0.915	0.155411
0.916	0.155671
0.917	0.155931
0.918	0.15619
0.919	0.15645
0.92	0.15671
0.921	0.15697
0.922	0.157229
0.923	0.157489
0.924	0.157749
0.925	0.158009
0.926	0.158268
0.927	0.158528
0.928	0.158788
0.929	0.159048
0.93	0.159307
0.931	0.159567
0.932	0.159827
0.933	0.160087
0.934	0.160346
0.935	0.160606
0.936	0.160866
0.937	0.161126
0.938	0.161385
0.939	0.161645
0.94	0.161905
0.941	0.162164
0.942	0.162424
0.943	0.162684
0.944	0.162944
0.945	0.163203
0.946	0.163463
0.947	0.163723
0.948	0.163983
0.949	0.164242
0.95	0.164502
0.951	0.164762
0.952	0.165022
0.953	0.165281
0.954	0.165541
0.955	0.165801
0.956	0.166061
0.957	0.16632
0.958	0.16658
0.959	0.16684
0.96	0.1671
0.961	0.167359
0.962	0.167619
0.963	0.167879
0.964	0.168138
0.965	0.168398
0.966	0.168658
0.967	0.168918
0.968	0.169177
0.969	0.169437
0.97	0.169697
0.971	0.169957
0.972	0.170216
0.973	0.170476
0.974	0.170736
0.975	0.170996
0.976	0.171255
0.977	0.171515
0.978	0.171775
0.979	0.172035
0.98	0.172294
0.981	0.172554
0.982	0.172814
0.983	0.173074
0.984	0.173333
0.985	0.173593
0.986	0.173853
0.987	0.174113
0.988	0.174372
0.989	0.174632
0.99	0.174892
0.991	0.175151
0.992	0.175411
0.993	0.175671
0.994	0.175931
0.995	0.17619
0.996	0.17645
0.997	0.17671
0.998	0.17697
0.999	0.177229
