# Interpolation data for function: x^20*(x>0.5)
0	0
0.001	0
0.002	0
0.003	0
0.004	0
0.005	0
0.006	0
0.007	0
0.008	0
0.009	0
0.01	0
0.011	0
0.012	0
0.013	0
0.014	0
0.015	0
0.016	0
0.017	0
0.018	0
0.019	0
0.02	0
0.021	0
0.022	0
0.023	0
0.024	0
0.025	0
0.026	0
0.027	0
0.028	0
0.029	0
0.03	0
0.031	0
0.032	0
0.033	0
0.034	0
0.035	0
0.036	0
0.037	0
0.038	0
0.039	0
0.04	0
0.041	0
0.042	0
0.043	0
0.044	0
0.045	0
0.046	0
0.047	0
0.048	0
0.049	0
0.05	0
0.051	0
0.052	0
0.053	0
0.054	0
0.055	0
0.056	0
0.057	0
0.058	0
0.059	0
0.06	0
0.061	0
0.062	0
0.063	0
0.064	0
0.065	0
0.066	0
0.067	0
0.068	0
0.069	0
0.07	0
0.071	0
0.072	0
0.073	0
0.074	0
0.075	0
0.076	0
0.077	0
0.078	0
0.079	0
0.08	0
0.081	0
0.082	0
0.083	0
0.084	0
0.085	0
0.086	0
0.087	0
0.088	0
0.089	0
0.09	0
0.091	0
0.092	0
0.093	0
0.094	0
0.095	0
0.096	0
0.097	0
0.098	0
0.099	0
0.1	0
0.101	0
0.102	0
0.103	0
0.104	0
0.105	0
0.106	0
0.107	0
0.108	0
0.109	0
0.11	0
0.111	0
0.112	0
0.113	0
0.114	0
0.115	0
0.116	0
0.117	0
0.118	0
0.119	0
0.12	0
0.121	0
0.122	0
0.123	0
0.124	0
0.125	0
0.126	0
0.127	0
0.128	0
0.129	0
0.13	0
0.131	0
0.132	0
0.133	0
0.134	0
0.135	0
0.136	0
0.137	0
0.138	0
0.139	0
0.14	0
0.141	0
0.142	0
0.143	0
0.144	0
0.145	0
0.146	0
0.147	0
0.148	0
0.149	0
0.15	0
0.151	0
0.152	0
0.153	0
0.154	0
0.155	0
0.156	0
0.157	0
0.158	0
0.159	0
0.16	0
0.161	0
0.162	0
0.163	0
0.164	0
0.165	0
0.166	0
0.167	0
0.168	0
0.169	0
0.17	0
0.171	0
0.172	0
0.173	0
0.174	0
0.175	0
0.176	0
0.177	0
0.178	0
0.179	0
0.18	0
0.181	0
0.182	0
0.183	0
0.184	0
0.185	0
0.186	0
0.187	0
0.188	0
0.189	0
0.19	0
0.191	0
0.192	0
0.193	0
0.194	0
0.195	0
0.196	0
0.197	0
0.198	0
0.199	0
0.2	0
0.201	0
0.202	0
0.203	0
0.204	0
0.205	0
0.206	0
0.207	0
0.208	0
0.209	0
0.21	0
0.211	0
0.212	0
0.213	0
0.214	0
0.215	0
0.216	0
0.217	0
0.218	0
0.219	0
0.22	0
0.221	0
0.222	0
0.223	0
0.224	0
0.225	0
0.226	0
0.227	0
0.228	0
0.229	0
0.23	0
0.231	0
0.232	0
0.233	0
0.234	0
0.235	0
0.236	0
0.237	0
0.238	0
0.239	0
0.24	0
0.241	0
0.242	0
0.243	0
0.244	0
0.245	0
0.246	0
0.247	0
0.248	0
0.249	0
0.25	0
0.251	0
0.252	0
0.253	0
0.254	0
0.255	0
0.256	0
0.257	0
0.258	0
0.259	0
0.26	0
0.261	0
0.262	0
0.263	0
0.264	0
0.265	0
0.266	0
0.267	0
0.268	0
0.269	0
0.27	0
0.271	0
0.272	0
0.273	0
0.274	0
0.275	0
0.276	0
0.277	0
0.278	0
0.279	0
0.28	0
0.281	0
0.282	0
0.283	0
0.284	0
0.285	0
0.286	0
0.287	0
0.288	0
0.289	0
0.29	0
0.291	0
0.292	0
0.293	0
0.294	0
0.295	0
0.296	0
0.297	0
0.298	0
0.299	0
0.3	0
0.301	0
0.302	0
0.303	0
0.304	0
0.305	0
0.306	0
0.307	0
0.308	0
0.309	0
0.31	0
0.311	0
0.312	0
0.313	0
0.314	0
0.315	0
0.316	0
0.317	0
0.318	0
0.319	0
0.32	0
0.321	0
0.322	0
0.323	0
0.324	0
0.325	0
0.326	0
0.327	0
0.328	0
0.329	0
0.33	0
0.331	0
0.332	0
0.333	0
0.334	0
0.335	0
0.336	0
0.337	0
0.338	0
0.339	0
0.34	0
0.341	0
0.342	0
0.343	0
0.344	0
0.345	0
0.346	0
0.347	0
0.348	0
0.349	0
0.35	0
0.351	0
0.352	0
0.353	0
0.354	0
0.355	0
0.356	0
0.357	0
0.358	0
0.359	0
0.36	0
0.361	0
0.362	0
0.363	0
0.364	0
0.365	0
0.366	0
0.367	0
0.368	0
0.369	0
0.37	0
0.371	0
0.372	0
0.373	0
0.374	0
0.375	0
0.376	0
0.377	0
0.378	0
0.379	0
0.38	0
0.381	0
0.382	0
0.383	0
0.384	0
0.385	0
0.386	0
0.387	0
0.388	0
0.389	0
0.39	0
0.391	0
0.392	0
0.393	0
0.394	0
0.395	0
0.396	0
0.397	0
0.398	0
0.399	0
0.4	0
0.401	0
0.402	0
0.403	0
0.404	0
0.405	0
0.406	0
0.407	0
0.408	0
0.409	0
0.41	0
0.411	0
0.412	0
0.413	0
0.414	0
0.415	0
0.416	0
0.417	0
0.418	0
0.419	0
0.42	0
0.421	0
0.422	0
0.423	0
0.424	0
0.425	0
0.426	0
0.427	0
0.428	0
0.429	0
0.43	0
0.431	0
0.432	0
0.433	0
0.434	0
0.435	0
0.436	0
0.437	0
0.438	0
0.439	0
0.44	0
0.441	0
0.442	0
0.443	0
0.444	0
0.445	0
0.446	0
0.447	0
0.448	0
0.449	0
0.45	0
0.451	0
0.452	0
0.453	0
0.454	0
0.455	0
0.456	0
0.457	0
0.458	0
0.459	0
0.46	0
0.461	0
0.462	0
0.463	0
0.464	0
0.465	0
0.466	0
0.467	0
0.468	0
0.469	0
0.47	0
0.471	0
0.472	0
0.473	0
0.474	0
0.475	0
0.476	0
0.477	0
0.478	0
0.479	0
0.48	0
0.481	0
0.482	0
0.483	0
0.484	0
0.485	0
0.486	0
0.487	0
0.488	0
0.489	0
0.49	0
0.491	0
0.492	0
0.493	0
0.494	0
0.495	0
0.496	0
0.497	0
0.498	0
0.499	0
0.5	-0.00141914
0.501	-0.00123036
0.502	-0.00105394
0.503	-0.000889361
0.504	-0.000736149
0.505	-0.000593821
0.506	-0.000461915
0.507	-0.00033998
0.508	-0.000227579
0.509	-0.000124285
0.51	-2.96864e-05
0.511	5.66187e-05
0.512	0.000135019
0.513	0.000205893
0.514	0.000269607
0.515	0.000326516
0.516	0.000376964
0.517	0.000421285
0.518	0.000459802
0.519	0.000492829
0.52	0.000520668
0.521	0.000543612
0.522	0.000561945
0.523	0.00057594
0.524	0.000585862
0.525	0.000591968
0.526	0.000594503
0.527	0.000593706
0.528	0.000589807
0.529	0.000583026
0.53	0.000573578
0.531	0.000561667
0.532	0.000547491
0.533	0.00053124
0.534	0.000513096
0.535	0.000493235
0.536	0.000471825
0.537	0.000449027
0.538	0.000424996
0.539	0.000399881
0.54	0.000373822
0.541	0.000346955
0.542	0.000319409
0.543	0.000291307
0.544	0.000262768
0.545	0.000233903
0.546	0.000204819
0.547	0.000175615
0.548	0.000146389
0.549	0.000117231
0.55	8.82262e-05
0.551	5.94565e-05
0.552	3.09977e-05
0.553	2.92186e-06
0.554	-2.47038e-05
0.555	-5.1816e-05
0.556	-7.83559e-05
0.557	-0.000104268
0.558	-0.000129503
0.559	-0.000154011
0.56	-0.000177751
0.561	-0.000200681
0.562	-0.000222765
0.563	-0.000243971
0.564	-0.000264267
0.565	-0.000283626
0.566	-0.000302026
0.567	-0.000319445
0.568	-0.000335864
0.569	-0.000351267
0.57	-0.000365643
0.571	-0.00037898
0.572	-0.00039127
0.573	-0.000402508
0.574	-0.000412689
0.575	-0.000421812
0.576	-0.000429879
0.577	-0.00043689
0.578	-0.000442852
0.579	-0.000447768
0.58	-0.000451649
0.581	-0.000454502
0.582	-0.000456339
0.583	-0.000457173
0.584	-0.000457016
0.585	-0.000455884
0.586	-0.000453794
0.587	-0.000450763
0.588	-0.000446809
0.589	-0.000441952
0.59	-0.000436212
0.591	-0.000429612
0.592	-0.000422173
0.593	-0.000413918
0.594	-0.000404871
0.595	-0.000395056
0.596	-0.000384499
0.597	-0.000373225
0.598	-0.000361259
0.599	-0.000348629
0.6	-0.00033536
0.601	-0.000321481
0.602	-0.000307018
0.603	-0.000292
0.604	-0.000276453
0.605	-0.000260406
0.606	-0.000243887
0.607	-0.000226923
0.608	-0.000209543
0.609	-0.000191775
0.61	-0.000173647
0.611	-0.000155186
0.612	-0.000136421
0.613	-0.000117378
0.614	-9.8085e-05
0.615	-7.85688e-05
0.616	-5.88561e-05
0.617	-3.89732e-05
0.618	-1.89463e-05
0.619	1.19912e-06
0.62	2.14378e-05
0.621	4.1745e-05
0.622	6.20964e-05
0.623	8.24681e-05
0.624	0.000102837
0.625	0.00012318
0.626	0.000143475
0.627	0.0001637
0.628	0.000183835
0.629	0.000203859
0.63	0.000223751
0.631	0.000243494
0.632	0.000263068
0.633	0.000282456
0.634	0.000301641
0.635	0.000320606
0.636	0.000339335
0.637	0.000357815
0.638	0.00037603
0.639	0.000393967
0.64	0.000411614
0.641	0.000428958
0.642	0.00044599
0.643	0.000462698
0.644	0.000479073
0.645	0.000495107
0.646	0.000510791
0.647	0.00052612
0.648	0.000541085
0.649	0.000555684
0.65	0.00056991
0.651	0.00058376
0.652	0.000597232
0.653	0.000610323
0.654	0.000623033
0.655	0.00063536
0.656	0.000647307
0.657	0.000658874
0.658	0.000670063
0.659	0.000680877
0.66	0.000691321
0.661	0.0007014
0.662	0.000711118
0.663	0.000720482
0.664	0.0007295
0.665	0.00073818
0.666	0.00074653
0.667	0.000754561
0.668	0.000762282
0.669	0.000769706
0.67	0.000776843
0.671	0.000783708
0.672	0.000790314
0.673	0.000796675
0.674	0.000802806
0.675	0.000808725
0.676	0.000814446
0.677	0.000819988
0.678	0.000825369
0.679	0.000830608
0.68	0.000835725
0.681	0.00084074
0.682	0.000845673
0.683	0.000850548
0.684	0.000855386
0.685	0.000860211
0.686	0.000865046
0.687	0.000869916
0.688	0.000874846
0.689	0.000879862
0.69	0.00088499
0.691	0.000890257
0.692	0.000895691
0.693	0.00090132
0.694	0.000907173
0.695	0.00091328
0.696	0.00091967
0.697	0.000926374
0.698	0.000933422
0.699	0.000940848
0.7	0.000948683
0.701	0.000956959
0.702	0.000965711
0.703	0.000974972
0.704	0.000984775
0.705	0.000995157
0.706	0.00100615
0.707	0.0010178
0.708	0.00103013
0.709	0.00104318
0.71	0.00105699
0.711	0.0010716
0.712	0.00108704
0.713	0.00110335
0.714	0.00112058
0.715	0.00113877
0.716	0.00115794
0.717	0.00117815
0.718	0.00119942
0.719	0.00122182
0.72	0.00124537
0.721	0.00127011
0.722	0.0012961
0.723	0.00132337
0.724	0.00135197
0.725	0.00138194
0.726	0.00141332
0.727	0.00144616
0.728	0.0014805
0.729	0.00151639
0.73	0.00155388
0.731	0.001593
0.732	0.00163382
0.733	0.00167636
0.734	0.00172069
0.735	0.00176685
0.736	0.00181489
0.737	0.00186485
0.738	0.00191679
0.739	0.00197075
0.74	0.00202679
0.741	0.00208495
0.742	0.00214529
0.743	0.00220786
0.744	0.00227271
0.745	0.0023399
0.746	0.00240947
0.747	0.00248148
0.748	0.00255598
0.749	0.00263304
0.75	0.0027127
0.751	0.00279501
0.752	0.00288005
0.753	0.00296786
0.754	0.00305851
0.755	0.00315205
0.756	0.00324853
0.757	0.00334803
0.758	0.0034506
0.759	0.00355631
0.76	0.00366521
0.761	0.00377738
0.762	0.00389286
0.763	0.00401174
0.764	0.00413407
0.765	0.00425992
0.766	0.00438937
0.767	0.00452248
0.768	0.00465931
0.769	0.00479995
0.77	0.00494446
0.771	0.00509291
0.772	0.00524539
0.773	0.00540197
0.774	0.00556273
0.775	0.00572773
0.776	0.00589707
0.777	0.00607083
0.778	0.00624909
0.779	0.00643192
0.78	0.00661943
0.781	0.0068117
0.782	0.00700881
0.783	0.00721085
0.784	0.00741793
0.785	0.00763013
0.786	0.00784756
0.787	0.0080703
0.788	0.00829846
0.789	0.00853215
0.79	0.00877147
0.791	0.00901651
0.792	0.00926741
0.793	0.00952426
0.794	0.00978718
0.795	0.0100563
0.796	0.0103317
0.797	0.0106135
0.798	0.0109019
0.799	0.011197
0.8	0.0114989
0.801	0.0118077
0.802	0.0121236
0.803	0.0124467
0.804	0.0127772
0.805	0.0131152
0.806	0.0134608
0.807	0.0138142
0.808	0.0141756
0.809	0.0145451
0.81	0.014923
0.811	0.0153092
0.812	0.0157041
0.813	0.0161078
0.814	0.0165204
0.815	0.0169423
0.816	0.0173734
0.817	0.0178141
0.818	0.0182646
0.819	0.018725
0.82	0.0191955
0.821	0.0196764
0.822	0.0201679
0.823	0.0206702
0.824	0.0211834
0.825	0.021708
0.826	0.022244
0.827	0.0227918
0.828	0.0233515
0.829	0.0239235
0.83	0.024508
0.831	0.0251053
0.832	0.0257156
0.833	0.0263392
0.834	0.0269765
0.835	0.0276276
0.836	0.028293
0.837	0.0289728
0.838	0.0296675
0.839	0.0303773
0.84	0.0311026
0.841	0.0318437
0.842	0.032601
0.843	0.0333748
0.844	0.0341654
0.845	0.0349733
0.846	0.0357988
0.847	0.0366424
0.848	0.0375043
0.849	0.038385
0.85	0.0392849
0.851	0.0402045
0.852	0.0411442
0.853	0.0421043
0.854	0.0430855
0.855	0.044088
0.856	0.0451125
0.857	0.0461593
0.858	0.0472291
0.859	0.0483222
0.86	0.0494392
0.861	0.0505806
0.862	0.051747
0.863	0.0529389
0.864	0.0541569
0.865	0.0554015
0.866	0.0566734
0.867	0.0579731
0.868	0.0593012
0.869	0.0606585
0.87	0.0620454
0.871	0.0634627
0.872	0.064911
0.873	0.066391
0.874	0.0679034
0.875	0.069449
0.876	0.0710283
0.877	0.0726423
0.878	0.0742915
0.879	0.0759769
0.88	0.0776991
0.881	0.079459
0.882	0.0812573
0.883	0.083095
0.884	0.0849729
0.885	0.0868918
0.886	0.0888526
0.887	0.0908563
0.888	0.0929037
0.889	0.0949957
0.89	0.0971334
0.891	0.0993177
0.892	0.10155
0.893	0.10383
0.894	0.10616
0.895	0.108541
0.896	0.110974
0.897	0.113459
0.898	0.115999
0.899	0.118593
0.9	0.121244
0.901	0.123952
0.902	0.126719
0.903	0.129546
0.904	0.132434
0.905	0.135384
0.906	0.138398
0.907	0.141477
0.908	0.144622
0.909	0.147835
0.91	0.151117
0.911	0.15447
0.912	0.157894
0.913	0.161392
0.914	0.164964
0.915	0.168614
0.916	0.17234
0.917	0.176147
0.918	0.180035
0.919	0.184005
0.92	0.18806
0.921	0.1922
0.922	0.196429
0.923	0.200747
0.924	0.205156
0.925	0.209659
0.926	0.214256
0.927	0.218951
0.928	0.223743
0.929	0.228637
0.93	0.233633
0.931	0.238734
0.932	0.243941
0.933	0.249257
0.934	0.254684
0.935	0.260223
0.936	0.265878
0.937	0.27165
0.938	0.277541
0.939	0.283554
0.94	0.289691
0.941	0.295955
0.942	0.302347
0.943	0.308871
0.944	0.315528
0.945	0.322321
0.946	0.329253
0.947	0.336327
0.948	0.343544
0.949	0.350908
0.95	0.358421
0.951	0.366086
0.952	0.373906
0.953	0.381883
0.954	0.390021
0.955	0.398322
0.956	0.40679
0.957	0.415427
0.958	0.424236
0.959	0.433221
0.96	0.442384
0.961	0.45173
0.962	0.46126
0.963	0.470979
0.964	0.480889
0.965	0.490994
0.966	0.501298
0.967	0.511804
0.968	0.522515
0.969	0.533436
0.97	0.544569
0.971	0.555919
0.972	0.567488
0.973	0.579282
0.974	0.591304
0.975	0.603557
0.976	0.616046
0.977	0.628774
0.978	0.641747
0.979	0.654967
0.98	0.668439
0.981	0.682168
0.982	0.696157
0.983	0.710411
0.984	0.724935
0.985	0.739732
0.986	0.754808
0.987	0.770167
0.988	0.785814
0.989	0.801753
0.99	0.81799
0.991	0.834528
0.992	0.851374
0.993	0.868532
0.994	0.886007
0.995	0.903804
0.996	0.921929
0.997	0.940386
0.998	0.959182
0.999	0.978321
