# Interpolation data for function: x^20*(x>0.5)
0	0
0.001	0
0.002	0
0.003	0
0.004	0
0.005	0
0.006	0
0.007	0
0.008	0
0.009	0
0.01	0
0.011	0
0.012	0
0.013	0
0.014	0
0.015	0
0.016	0
0.017	0
0.018	0
0.019	0
0.02	0
0.021	0
0.022	0
0.023	0
0.024	0
0.025	0
0.026	0
0.027	0
0.028	0
0.029	0
0.03	0
0.031	0
0.032	0
0.033	0
0.034	0
0.035	0
0.036	0
0.037	0
0.038	0
0.039	0
0.04	0
0.041	0
0.042	0
0.043	0
0.044	0
0.045	0
0.046	0
0.047	0
0.048	0
0.049	0
0.05	0
0.051	0
0.052	0
0.053	0
0.054	0
0.055	0
0.056	0
0.057	0
0.058	0
0.059	0
0.06	0
0.061	0
0.062	0
0.063	0
0.064	0
0.065	0
0.066	0
0.067	0
0.068	0
0.069	0
0.07	0
0.071	0
0.072	0
0.073	0
0.074	0
0.075	0
0.076	0
0.077	0
0.078	0
0.079	0
0.08	0
0.081	0
0.082	0
0.083	0
0.084	0
0.085	0
0.086	0
0.087	0
0.088	0
0.089	0
0.09	0
0.091	0
0.092	0
0.093	0
0.094	0
0.095	0
0.096	0
0.097	0
0.098	0
0.099	0
0.1	0
0.101	0
0.102	0
0.103	0
0.104	0
0.105	0
0.106	0
0.107	0
0.108	0
0.109	0
0.11	0
0.111	0
0.112	0
0.113	0
0.114	0
0.115	0
0.116	0
0.117	0
0.118	0
0.119	0
0.12	0
0.121	0
0.122	0
0.123	0
0.124	0
0.125	0
0.126	0
0.127	0
0.128	0
0.129	0
0.13	0
0.131	0
0.132	0
0.133	0
0.134	0
0.135	0
0.136	0
0.137	0
0.138	0
0.139	0
0.14	0
0.141	0
0.142	0
0.143	0
0.144	0
0.145	0
0.146	0
0.147	0
0.148	0
0.149	0
0.15	0
0.151	0
0.152	0
0.153	0
0.154	0
0.155	0
0.156	0
0.157	0
0.158	0
0.159	0
0.16	0
0.161	0
0.162	0
0.163	0
0.164	0
0.165	0
0.166	0
0.167	0
0.168	0
0.169	0
0.17	0
0.171	0
0.172	0
0.173	0
0.174	0
0.175	0
0.176	0
0.177	0
0.178	0
0.179	0
0.18	0
0.181	0
0.182	0
0.183	0
0.184	0
0.185	0
0.186	0
0.187	0
0.188	0
0.189	0
0.19	0
0.191	0
0.192	0
0.193	0
0.194	0
0.195	0
0.196	0
0.197	0
0.198	0
0.199	0
0.2	0
0.201	0
0.202	0
0.203	0
0.204	0
0.205	0
0.206	0
0.207	0
0.208	0
0.209	0
0.21	0
0.211	0
0.212	0
0.213	0
0.214	0
0.215	0
0.216	0
0.217	0
0.218	0
0.219	0
0.22	0
0.221	0
0.222	0
0.223	0
0.224	0
0.225	0
0.226	0
0.227	0
0.228	0
0.229	0
0.23	0
0.231	0
0.232	0
0.233	0
0.234	0
0.235	0
0.236	0
0.237	0
0.238	0
0.239	0
0.24	0
0.241	0
0.242	0
0.243	0
0.244	0
0.245	0
0.246	0
0.247	0
0.248	0
0.249	0
0.25	0
0.251	0
0.252	0
0.253	0
0.254	0
0.255	0
0.256	0
0.257	0
0.258	0
0.259	0
0.26	0
0.261	0
0.262	0
0.263	0
0.264	0
0.265	0
0.266	0
0.267	0
0.268	0
0.269	0
0.27	0
0.271	0
0.272	0
0.273	0
0.274	0
0.275	0
0.276	0
0.277	0
0.278	0
0.279	0
0.28	0
0.281	0
0.282	0
0.283	0
0.284	0
0.285	0
0.286	0
0.287	0
0.288	0
0.289	0
0.29	0
0.291	0
0.292	0
0.293	0
0.294	0
0.295	0
0.296	0
0.297	0
0.298	0
0.299	0
0.3	0
0.301	0
0.302	0
0.303	0
0.304	0
0.305	0
0.306	0
0.307	0
0.308	0
0.309	0
0.31	0
0.311	0
0.312	0
0.313	0
0.314	0
0.315	0
0.316	0
0.317	0
0.318	0
0.319	0
0.32	0
0.321	0
0.322	0
0.323	0
0.324	0
0.325	0
0.326	0
0.327	0
0.328	0
0.329	0
0.33	0
0.331	0
0.332	0
0.333	0
0.334	0
0.335	0
0.336	0
0.337	0
0.338	0
0.339	0
0.34	0
0.341	0
0.342	0
0.343	0
0.344	0
0.345	0
0.346	0
0.347	0
0.348	0
0.349	0
0.35	0
0.351	0
0.352	0
0.353	0
0.354	0
0.355	0
0.356	0
0.357	0
0.358	0
0.359	0
0.36	0
0.361	0
0.362	0
0.363	0
0.364	0
0.365	0
0.366	0
0.367	0
0.368	0
0.369	0
0.37	0
0.371	0
0.372	0
0.373	0
0.374	0
0.375	0
0.376	0
0.377	0
0.378	0
0.379	0
0.38	0
0.381	0
0.382	0
0.383	0
0.384	0
0.385	0
0.386	0
0.387	0
0.388	0
0.389	0
0.39	0
0.391	0
0.392	0
0.393	0
0.394	0
0.395	0
0.396	0
0.397	0
0.398	0
0.399	0
0.4	0
0.401	0
0.402	0
0.403	0
0.404	0
0.405	0
0.406	0
0.407	0
0.408	0
0.409	0
0.41	0
0.411	0
0.412	0
0.413	0
0.414	0
0.415	0
0.416	0
0.417	0
0.418	0
0.419	0
0.42	0
0.421	0
0.422	0
0.423	0
0.424	0
0.425	0
0.426	0
0.427	0
0.428	0
0.429	0
0.43	0
0.431	0
0.432	0
0.433	0
0.434	0
0.435	0
0.436	0
0.437	0
0.438	0
0.439	0
0.44	0
0.441	0
0.442	0
0.443	0
0.444	0
0.445	0
0.446	0
0.447	0
0.448	0
0.449	0
0.45	0
0.451	0
0.452	0
0.453	0
0.454	0
0.455	0
0.456	0
0.457	0
0.458	0
0.459	0
0.46	0
0.461	0
0.462	0
0.463	0
0.464	0
0.465	0
0.466	0
0.467	0
0.468	0
0.469	0
0.47	0
0.471	0
0.472	0
0.473	0
0.474	0
0.475	0
0.476	0
0.477	0
0.478	0
0.479	0
0.48	0
0.481	0
0.482	0
0.483	0
0.484	0
0.485	0
0.486	0
0.487	0
0.488	0
0.489	0
0.49	0
0.491	0
0.492	0
0.493	0
0.494	0
0.495	0
0.496	0
0.497	0
0.498	0
0.499	0
0.5	1.07472e-06
0.501	1.07379e-06
0.502	1.08125e-06
0.503	1.09634e-06
0.504	1.11843e-06
0.505	1.14689e-06
0.506	1.1812e-06
0.507	1.22086e-06
0.508	1.26545e-06
0.509	1.31457e-06
0.51	1.3679e-06
0.511	1.42512e-06
0.512	1.486e-06
0.513	1.55031e-06
0.514	1.61786e-06
0.515	1.68851e-06
0.516	1.76213e-06
0.517	1.83863e-06
0.518	1.91794e-06
0.519	2.00002e-06
0.52	2.08485e-06
0.521	2.17243e-06
0.522	2.26279e-06
0.523	2.35596e-06
0.524	2.45199e-06
0.525	2.55097e-06
0.526	2.65297e-06
0.527	2.75809e-06
0.528	2.86646e-06
0.529	2.97818e-06
0.53	3.09341e-06
0.531	3.21228e-06
0.532	3.33495e-06
0.533	3.46158e-06
0.534	3.59236e-06
0.535	3.72745e-06
0.536	3.86705e-06
0.537	4.01135e-06
0.538	4.16055e-06
0.539	4.31488e-06
0.54	4.47453e-06
0.541	4.63974e-06
0.542	4.81073e-06
0.543	4.98774e-06
0.544	5.171e-06
0.545	5.36077e-06
0.546	5.5573e-06
0.547	5.76084e-06
0.548	5.97166e-06
0.549	6.19003e-06
0.55	6.41623e-06
0.551	6.65054e-06
0.552	6.89325e-06
0.553	7.14465e-06
0.554	7.40506e-06
0.555	7.67477e-06
0.556	7.95412e-06
0.557	8.24342e-06
0.558	8.54301e-06
0.559	8.85323e-06
0.56	9.17444e-06
0.561	9.50698e-06
0.562	9.85124e-06
0.563	1.02076e-05
0.564	1.05764e-05
0.565	1.09581e-05
0.566	1.13531e-05
0.567	1.17618e-05
0.568	1.21847e-05
0.569	1.26221e-05
0.57	1.30746e-05
0.571	1.35426e-05
0.572	1.40267e-05
0.573	1.45272e-05
0.574	1.50447e-05
0.575	1.55798e-05
0.576	1.6133e-05
0.577	1.67048e-05
0.578	1.72959e-05
0.579	1.79068e-05
0.58	1.85381e-05
0.581	1.91904e-05
0.582	1.98645e-05
0.583	2.0561e-05
0.584	2.12805e-05
0.585	2.20238e-05
0.586	2.27917e-05
0.587	2.35847e-05
0.588	2.44039e-05
0.589	2.52498e-05
0.59	2.61234e-05
0.591	2.70256e-05
0.592	2.79571e-05
0.593	2.89188e-05
0.594	2.99118e-05
0.595	3.0937e-05
0.596	3.19952e-05
0.597	3.30877e-05
0.598	3.42153e-05
0.599	3.53791e-05
0.6	3.65804e-05
0.601	3.78201e-05
0.602	3.90995e-05
0.603	4.04198e-05
0.604	4.17822e-05
0.605	4.3188e-05
0.606	4.46384e-05
0.607	4.61349e-05
0.608	4.76789e-05
0.609	4.92717e-05
0.61	5.09149e-05
0.611	5.26099e-05
0.612	5.43582e-05
0.613	5.61616e-05
0.614	5.80217e-05
0.615	5.994e-05
0.616	6.19185e-05
0.617	6.39588e-05
0.618	6.60628e-05
0.619	6.82324e-05
0.62	7.04696e-05
0.621	7.27763e-05
0.622	7.51545e-05
0.623	7.76065e-05
0.624	8.01344e-05
0.625	8.27403e-05
0.626	8.54267e-05
0.627	8.81958e-05
0.628	9.105e-05
0.629	9.39919e-05
0.63	9.70241e-05
0.631	0.000100149
0.632	0.00010337
0.633	0.000106688
0.634	0.000110108
0.635	0.000113632
0.636	0.000117263
0.637	0.000121005
0.638	0.000124859
0.639	0.00012883
0.64	0.000132921
0.641	0.000137136
0.642	0.000141477
0.643	0.000145948
0.644	0.000150554
0.645	0.000155298
0.646	0.000160184
0.647	0.000165216
0.648	0.000170397
0.649	0.000175733
0.65	0.000181228
0.651	0.000186886
0.652	0.000192711
0.653	0.000198709
0.654	0.000204884
0.655	0.000211241
0.656	0.000217785
0.657	0.000224522
0.658	0.000231457
0.659	0.000238594
0.66	0.000245941
0.661	0.000253502
0.662	0.000261284
0.663	0.000269293
0.664	0.000277535
0.665	0.000286016
0.666	0.000294742
0.667	0.000303722
0.668	0.000312961
0.669	0.000322466
0.67	0.000332246
0.671	0.000342307
0.672	0.000352657
0.673	0.000363304
0.674	0.000374256
0.675	0.000385521
0.676	0.000397107
0.677	0.000409024
0.678	0.00042128
0.679	0.000433885
0.68	0.000446847
0.681	0.000460177
0.682	0.000473884
0.683	0.000487977
0.684	0.000502469
0.685	0.000517369
0.686	0.000532688
0.687	0.000548437
0.688	0.000564627
0.689	0.000581271
0.69	0.000598381
0.691	0.000615968
0.692	0.000634045
0.693	0.000652625
0.694	0.000671722
0.695	0.000691349
0.696	0.00071152
0.697	0.000732249
0.698	0.00075355
0.699	0.00077544
0.7	0.000797932
0.701	0.000821043
0.702	0.00084479
0.703	0.000869187
0.704	0.000894253
0.705	0.000920005
0.706	0.00094646
0.707	0.000973636
0.708	0.00100155
0.709	0.00103023
0.71	0.00105968
0.711	0.00108994
0.712	0.00112101
0.713	0.00115292
0.714	0.0011857
0.715	0.00121935
0.716	0.00125392
0.717	0.00128941
0.718	0.00132586
0.719	0.00136329
0.72	0.00140171
0.721	0.00144117
0.722	0.00148167
0.723	0.00152326
0.724	0.00156595
0.725	0.00160978
0.726	0.00165478
0.727	0.00170096
0.728	0.00174837
0.729	0.00179704
0.73	0.00184698
0.731	0.00189825
0.732	0.00195086
0.733	0.00200486
0.734	0.00206028
0.735	0.00211715
0.736	0.00217551
0.737	0.00223539
0.738	0.00229684
0.739	0.00235989
0.74	0.00242458
0.741	0.00249096
0.742	0.00255906
0.743	0.00262893
0.744	0.0027006
0.745	0.00277413
0.746	0.00284956
0.747	0.00292693
0.748	0.0030063
0.749	0.00308771
0.75	0.00317121
0.751	0.00325686
0.752	0.0033447
0.753	0.00343478
0.754	0.00352717
0.755	0.00362192
0.756	0.00371908
0.757	0.00381871
0.758	0.00392088
0.759	0.00402563
0.76	0.00413305
0.761	0.00424318
0.762	0.0043561
0.763	0.00447187
0.764	0.00459056
0.765	0.00471224
0.766	0.00483697
0.767	0.00496484
0.768	0.00509592
0.769	0.00523028
0.77	0.005368
0.771	0.00550916
0.772	0.00565385
0.773	0.00580214
0.774	0.00595412
0.775	0.00610987
0.776	0.00626949
0.777	0.00643307
0.778	0.0066007
0.779	0.00677247
0.78	0.00694849
0.781	0.00712884
0.782	0.00731364
0.783	0.00750298
0.784	0.00769697
0.785	0.00789572
0.786	0.00809934
0.787	0.00830794
0.788	0.00852164
0.789	0.00874055
0.79	0.0089648
0.791	0.00919451
0.792	0.0094298
0.793	0.00967081
0.794	0.00991766
0.795	0.0101705
0.796	0.0104294
0.797	0.0106946
0.798	0.0109662
0.799	0.0112444
0.8	0.0115292
0.801	0.0118209
0.802	0.0121196
0.803	0.0124254
0.804	0.0127386
0.805	0.0130592
0.806	0.0133875
0.807	0.0137237
0.808	0.0140678
0.809	0.0144202
0.81	0.0147809
0.811	0.0151502
0.812	0.0155282
0.813	0.0159152
0.814	0.0163113
0.815	0.0167168
0.816	0.0171318
0.817	0.0175566
0.818	0.0179915
0.819	0.0184365
0.82	0.018892
0.821	0.0193581
0.822	0.0198352
0.823	0.0203234
0.824	0.0208231
0.825	0.0213344
0.826	0.0218575
0.827	0.0223929
0.828	0.0229407
0.829	0.0235013
0.83	0.0240748
0.831	0.0246616
0.832	0.025262
0.833	0.0258762
0.834	0.0265046
0.835	0.0271475
0.836	0.0278052
0.837	0.028478
0.838	0.0291663
0.839	0.0298703
0.84	0.0305905
0.841	0.0313271
0.842	0.0320806
0.843	0.0328512
0.844	0.0336395
0.845	0.0344457
0.846	0.0352702
0.847	0.0361134
0.848	0.0369758
0.849	0.0378577
0.85	0.0387596
0.851	0.0396818
0.852	0.0406249
0.853	0.0415892
0.854	0.0425753
0.855	0.0435835
0.856	0.0446144
0.857	0.0456685
0.858	0.0467462
0.859	0.047848
0.86	0.0489744
0.861	0.050126
0.862	0.0513033
0.863	0.0525068
0.864	0.0537372
0.865	0.0549949
0.866	0.0562805
0.867	0.0575946
0.868	0.0589379
0.869	0.0603109
0.87	0.0617142
0.871	0.0631485
0.872	0.0646144
0.873	0.0661127
0.874	0.0676439
0.875	0.0692087
0.876	0.0708079
0.877	0.0724422
0.878	0.0741123
0.879	0.0758189
0.88	0.0775628
0.881	0.0793447
0.882	0.0811655
0.883	0.083026
0.884	0.0849269
0.885	0.0868691
0.886	0.0888534
0.887	0.0908808
0.888	0.0929521
0.889	0.0950682
0.89	0.0972299
0.891	0.0994384
0.892	0.101694
0.893	0.103999
0.894	0.106353
0.895	0.108758
0.896	0.111214
0.897	0.113723
0.898	0.116286
0.899	0.118903
0.9	0.121577
0.901	0.124307
0.902	0.127096
0.903	0.129944
0.904	0.132852
0.905	0.135822
0.906	0.138856
0.907	0.141953
0.908	0.145117
0.909	0.148347
0.91	0.151645
0.911	0.155013
0.912	0.158452
0.913	0.161963
0.914	0.165548
0.915	0.169208
0.916	0.172946
0.917	0.176761
0.918	0.180657
0.919	0.184633
0.92	0.188693
0.921	0.192838
0.922	0.197069
0.923	0.201388
0.924	0.205797
0.925	0.210298
0.926	0.214892
0.927	0.219581
0.928	0.224367
0.929	0.229253
0.93	0.234239
0.931	0.239328
0.932	0.244522
0.933	0.249823
0.934	0.255233
0.935	0.260755
0.936	0.266389
0.937	0.27214
0.938	0.278008
0.939	0.283996
0.94	0.290106
0.941	0.296342
0.942	0.302704
0.943	0.309196
0.944	0.31582
0.945	0.322579
0.946	0.329475
0.947	0.336511
0.948	0.34369
0.949	0.351014
0.95	0.358486
0.951	0.366109
0.952	0.373886
0.953	0.381819
0.954	0.389913
0.955	0.398169
0.956	0.406591
0.957	0.415182
0.958	0.423946
0.959	0.432885
0.96	0.442002
0.961	0.451302
0.962	0.460788
0.963	0.470463
0.964	0.480331
0.965	0.490395
0.966	0.50066
0.967	0.511128
0.968	0.521804
0.969	0.532691
0.97	0.543794
0.971	0.555117
0.972	0.566664
0.973	0.578438
0.974	0.590445
0.975	0.602688
0.976	0.615172
0.977	0.627901
0.978	0.640881
0.979	0.654115
0.98	0.667608
0.981	0.681366
0.982	0.695392
0.983	0.709693
0.984	0.724272
0.985	0.739136
0.986	0.75429
0.987	0.769738
0.988	0.785487
0.989	0.801541
0.99	0.817907
0.991	0.83459
0.992	0.851596
0.993	0.86893
0.994	0.8866
0.995	0.904611
0.996	0.922968
0.997	0.94168
0.998	0.960751
0.999	0.980189
