# Interpolation data for function: x^20*(x>0.5)
0	0
0.001	0
0.002	0
0.003	0
0.004	0
0.005	0
0.006	0
0.007	0
0.008	0
0.009	0
0.01	0
0.011	0
0.012	0
0.013	0
0.014	0
0.015	0
0.016	0
0.017	0
0.018	0
0.019	0
0.02	0
0.021	0
0.022	0
0.023	0
0.024	0
0.025	0
0.026	0
0.027	0
0.028	0
0.029	0
0.03	0
0.031	0
0.032	0
0.033	0
0.034	0
0.035	0
0.036	0
0.037	0
0.038	0
0.039	0
0.04	0
0.041	0
0.042	0
0.043	0
0.044	0
0.045	0
0.046	0
0.047	0
0.048	0
0.049	0
0.05	0
0.051	0
0.052	0
0.053	0
0.054	0
0.055	0
0.056	0
0.057	0
0.058	0
0.059	0
0.06	0
0.061	0
0.062	0
0.063	0
0.064	0
0.065	0
0.066	0
0.067	0
0.068	0
0.069	0
0.07	0
0.071	0
0.072	0
0.073	0
0.074	0
0.075	0
0.076	0
0.077	0
0.078	0
0.079	0
0.08	0
0.081	0
0.082	0
0.083	0
0.084	0
0.085	0
0.086	0
0.087	0
0.088	0
0.089	0
0.09	0
0.091	0
0.092	0
0.093	0
0.094	0
0.095	0
0.096	0
0.097	0
0.098	0
0.099	0
0.1	0
0.101	0
0.102	0
0.103	0
0.104	0
0.105	0
0.106	0
0.107	0
0.108	0
0.109	0
0.11	0
0.111	0
0.112	0
0.113	0
0.114	0
0.115	0
0.116	0
0.117	0
0.118	0
0.119	0
0.12	0
0.121	0
0.122	0
0.123	0
0.124	0
0.125	0
0.126	0
0.127	0
0.128	0
0.129	0
0.13	0
0.131	0
0.132	0
0.133	0
0.134	0
0.135	0
0.136	0
0.137	0
0.138	0
0.139	0
0.14	0
0.141	0
0.142	0
0.143	0
0.144	0
0.145	0
0.146	0
0.147	0
0.148	0
0.149	0
0.15	0
0.151	0
0.152	0
0.153	0
0.154	0
0.155	0
0.156	0
0.157	0
0.158	0
0.159	0
0.16	0
0.161	0
0.162	0
0.163	0
0.164	0
0.165	0
0.166	0
0.167	0
0.168	0
0.169	0
0.17	0
0.171	0
0.172	0
0.173	0
0.174	0
0.175	0
0.176	0
0.177	0
0.178	0
0.179	0
0.18	0
0.181	0
0.182	0
0.183	0
0.184	0
0.185	0
0.186	0
0.187	0
0.188	0
0.189	0
0.19	0
0.191	0
0.192	0
0.193	0
0.194	0
0.195	0
0.196	0
0.197	0
0.198	0
0.199	0
0.2	0
0.201	0
0.202	0
0.203	0
0.204	0
0.205	0
0.206	0
0.207	0
0.208	0
0.209	0
0.21	0
0.211	0
0.212	0
0.213	0
0.214	0
0.215	0
0.216	0
0.217	0
0.218	0
0.219	0
0.22	0
0.221	0
0.222	0
0.223	0
0.224	0
0.225	0
0.226	0
0.227	0
0.228	0
0.229	0
0.23	0
0.231	0
0.232	0
0.233	0
0.234	0
0.235	0
0.236	0
0.237	0
0.238	0
0.239	0
0.24	0
0.241	0
0.242	0
0.243	0
0.244	0
0.245	0
0.246	0
0.247	0
0.248	0
0.249	0
0.25	0
0.251	0
0.252	0
0.253	0
0.254	0
0.255	0
0.256	0
0.257	0
0.258	0
0.259	0
0.26	0
0.261	0
0.262	0
0.263	0
0.264	0
0.265	0
0.266	0
0.267	0
0.268	0
0.269	0
0.27	0
0.271	0
0.272	0
0.273	0
0.274	0
0.275	0
0.276	0
0.277	0
0.278	0
0.279	0
0.28	0
0.281	0
0.282	0
0.283	0
0.284	0
0.285	0
0.286	0
0.287	0
0.288	0
0.289	0
0.29	0
0.291	0
0.292	0
0.293	0
0.294	0
0.295	0
0.296	0
0.297	0
0.298	0
0.299	0
0.3	0
0.301	0
0.302	0
0.303	0
0.304	0
0.305	0
0.306	0
0.307	0
0.308	0
0.309	0
0.31	0
0.311	0
0.312	0
0.313	0
0.314	0
0.315	0
0.316	0
0.317	0
0.318	0
0.319	0
0.32	0
0.321	0
0.322	0
0.323	0
0.324	0
0.325	0
0.326	0
0.327	0
0.328	0
0.329	0
0.33	0
0.331	0
0.332	0
0.333	0
0.334	0
0.335	0
0.336	0
0.337	0
0.338	0
0.339	0
0.34	0
0.341	0
0.342	0
0.343	0
0.344	0
0.345	0
0.346	0
0.347	0
0.348	0
0.349	0
0.35	0
0.351	0
0.352	0
0.353	0
0.354	0
0.355	0
0.356	0
0.357	0
0.358	0
0.359	0
0.36	0
0.361	0
0.362	0
0.363	0
0.364	0
0.365	0
0.366	0
0.367	0
0.368	0
0.369	0
0.37	0
0.371	0
0.372	0
0.373	0
0.374	0
0.375	0
0.376	0
0.377	0
0.378	0
0.379	0
0.38	0
0.381	0
0.382	0
0.383	0
0.384	0
0.385	0
0.386	0
0.387	0
0.388	0
0.389	0
0.39	0
0.391	0
0.392	0
0.393	0
0.394	0
0.395	0
0.396	0
0.397	0
0.398	0
0.399	0
0.4	0
0.401	0
0.402	0
0.403	0
0.404	0
0.405	0
0.406	0
0.407	0
0.408	0
0.409	0
0.41	0
0.411	0
0.412	0
0.413	0
0.414	0
0.415	0
0.416	0
0.417	0
0.418	0
0.419	0
0.42	0
0.421	0
0.422	0
0.423	0
0.424	0
0.425	0
0.426	0
0.427	0
0.428	0
0.429	0
0.43	0
0.431	0
0.432	0
0.433	0
0.434	0
0.435	0
0.436	0
0.437	0
0.438	0
0.439	0
0.44	0
0.441	0
0.442	0
0.443	0
0.444	0
0.445	0
0.446	0
0.447	0
0.448	0
0.449	0
0.45	0
0.451	0
0.452	0
0.453	0
0.454	0
0.455	0
0.456	0
0.457	0
0.458	0
0.459	0
0.46	0
0.461	0
0.462	0
0.463	0
0.464	0
0.465	0
0.466	0
0.467	0
0.468	0
0.469	0
0.47	0
0.471	0
0.472	0
0.473	0
0.474	0
0.475	0
0.476	0
0.477	0
0.478	0
0.479	0
0.48	0
0.481	0
0.482	0
0.483	0
0.484	0
0.485	0
0.486	0
0.487	0
0.488	0
0.489	0
0.49	0
0.491	0
0.492	0
0.493	0
0.494	0
0.495	0
0.496	0
0.497	0
0.498	0
0.499	0
0.5	-5.772e-05
0.501	-4.57628e-05
0.502	-3.50316e-05
0.503	-2.54449e-05
0.504	-1.6925e-05
0.505	-9.39783e-06
0.506	-2.79294e-06
0.507	2.95677e-06
0.508	7.91509e-06
0.509	1.21426e-05
0.51	1.56968e-05
0.511	1.86323e-05
0.512	2.10007e-05
0.513	2.2851e-05
0.514	2.42295e-05
0.515	2.51799e-05
0.516	2.57436e-05
0.517	2.59595e-05
0.518	2.58643e-05
0.519	2.54924e-05
0.52	2.48764e-05
0.521	2.40466e-05
0.522	2.30315e-05
0.523	2.18578e-05
0.524	2.05503e-05
0.525	1.91323e-05
0.526	1.76254e-05
0.527	1.60495e-05
0.528	1.44233e-05
0.529	1.2764e-05
0.53	1.10873e-05
0.531	9.40771e-06
0.532	7.73867e-06
0.533	6.09226e-06
0.534	4.47956e-06
0.535	2.91055e-06
0.536	1.39426e-06
0.537	-6.12635e-08
0.538	-1.44884e-06
0.539	-2.76213e-06
0.54	-3.99562e-06
0.541	-5.14452e-06
0.542	-6.20476e-06
0.543	-7.17294e-06
0.544	-8.04627e-06
0.545	-8.82256e-06
0.546	-9.50017e-06
0.547	-1.0078e-05
0.548	-1.05553e-05
0.549	-1.09319e-05
0.55	-1.1208e-05
0.551	-1.13842e-05
0.552	-1.14615e-05
0.553	-1.14409e-05
0.554	-1.13242e-05
0.555	-1.11131e-05
0.556	-1.08096e-05
0.557	-1.0416e-05
0.558	-9.9347e-06
0.559	-9.36843e-06
0.56	-8.71991e-06
0.561	-7.99205e-06
0.562	-7.18785e-06
0.563	-6.31043e-06
0.564	-5.36296e-06
0.565	-4.34868e-06
0.566	-3.27087e-06
0.567	-2.13282e-06
0.568	-9.37861e-07
0.569	3.10706e-07
0.57	1.60958e-06
0.571	2.95548e-06
0.572	4.34519e-06
0.573	5.7755e-06
0.574	7.2433e-06
0.575	8.74553e-06
0.576	1.02792e-05
0.577	1.18414e-05
0.578	1.34294e-05
0.579	1.50404e-05
0.58	1.66718e-05
0.581	1.83211e-05
0.582	1.99861e-05
0.583	2.16644e-05
0.584	2.33539e-05
0.585	2.50526e-05
0.586	2.67586e-05
0.587	2.84704e-05
0.588	3.01862e-05
0.589	3.19047e-05
0.59	3.36246e-05
0.591	3.53447e-05
0.592	3.7064e-05
0.593	3.87818e-05
0.594	4.04974e-05
0.595	4.22102e-05
0.596	4.39198e-05
0.597	4.56261e-05
0.598	4.7329e-05
0.599	4.90285e-05
0.6	5.0725e-05
0.601	5.24187e-05
0.602	5.41103e-05
0.603	5.58005e-05
0.604	5.74901e-05
0.605	5.91801e-05
0.606	6.08716e-05
0.607	6.25659e-05
0.608	6.42645e-05
0.609	6.5969e-05
0.61	6.7681e-05
0.611	6.94024e-05
0.612	7.11352e-05
0.613	7.28815e-05
0.614	7.46436e-05
0.615	7.64238e-05
0.616	7.82247e-05
0.617	8.0049e-05
0.618	8.18993e-05
0.619	8.37785e-05
0.62	8.56897e-05
0.621	8.76359e-05
0.622	8.96205e-05
0.623	9.16467e-05
0.624	9.3718e-05
0.625	9.58379e-05
0.626	9.80101e-05
0.627	0.000100238
0.628	0.000102527
0.629	0.000104879
0.63	0.000107299
0.631	0.000109792
0.632	0.00011236
0.633	0.00011501
0.634	0.000117745
0.635	0.000120569
0.636	0.000123488
0.637	0.000126506
0.638	0.000129627
0.639	0.000132858
0.64	0.000136202
0.641	0.000139665
0.642	0.000143252
0.643	0.000146967
0.644	0.000150818
0.645	0.000154807
0.646	0.000158942
0.647	0.000163228
0.648	0.00016767
0.649	0.000172274
0.65	0.000177046
0.651	0.000181991
0.652	0.000187116
0.653	0.000192427
0.654	0.00019793
0.655	0.00020363
0.656	0.000209534
0.657	0.00021565
0.658	0.000221982
0.659	0.000228538
0.66	0.000235324
0.661	0.000242347
0.662	0.000249614
0.663	0.000257132
0.664	0.000264908
0.665	0.000272948
0.666	0.000281262
0.667	0.000289855
0.668	0.000298735
0.669	0.000307911
0.67	0.000317389
0.671	0.000327177
0.672	0.000337285
0.673	0.000347719
0.674	0.000358488
0.675	0.000369601
0.676	0.000381067
0.677	0.000392893
0.678	0.000405089
0.679	0.000417665
0.68	0.000430629
0.681	0.000443991
0.682	0.00045776
0.683	0.000471947
0.684	0.000486561
0.685	0.000501614
0.686	0.000517114
0.687	0.000533074
0.688	0.000549503
0.689	0.000566414
0.69	0.000583817
0.691	0.000601724
0.692	0.000620148
0.693	0.000639101
0.694	0.000658594
0.695	0.000678641
0.696	0.000699255
0.697	0.000720449
0.698	0.000742238
0.699	0.000764634
0.7	0.000787653
0.701	0.000811309
0.702	0.000835618
0.703	0.000860594
0.704	0.000886254
0.705	0.000912613
0.706	0.00093969
0.707	0.000967499
0.708	0.00099606
0.709	0.00102539
0.71	0.00105551
0.711	0.00108643
0.712	0.00111818
0.713	0.00115077
0.714	0.00118423
0.715	0.00121858
0.716	0.00125383
0.717	0.00129002
0.718	0.00132715
0.719	0.00136526
0.72	0.00140437
0.721	0.0014445
0.722	0.00148568
0.723	0.00152794
0.724	0.00157129
0.725	0.00161577
0.726	0.0016614
0.727	0.00170821
0.728	0.00175624
0.729	0.0018055
0.73	0.00185603
0.731	0.00190787
0.732	0.00196104
0.733	0.00201557
0.734	0.00207151
0.735	0.00212888
0.736	0.00218771
0.737	0.00224805
0.738	0.00230994
0.739	0.0023734
0.74	0.00243848
0.741	0.00250522
0.742	0.00257366
0.743	0.00264385
0.744	0.00271581
0.745	0.0027896
0.746	0.00286527
0.747	0.00294285
0.748	0.0030224
0.749	0.00310396
0.75	0.00318759
0.751	0.00327333
0.752	0.00336123
0.753	0.00345136
0.754	0.00354376
0.755	0.00363848
0.756	0.00373559
0.757	0.00383515
0.758	0.00393721
0.759	0.00404183
0.76	0.00414908
0.761	0.00425902
0.762	0.00437171
0.763	0.00448723
0.764	0.00460565
0.765	0.00472702
0.766	0.00485142
0.767	0.00497894
0.768	0.00510963
0.769	0.00524358
0.77	0.00538087
0.771	0.00552158
0.772	0.00566579
0.773	0.00581357
0.774	0.00596503
0.775	0.00612025
0.776	0.00627931
0.777	0.0064423
0.778	0.00660933
0.779	0.00678049
0.78	0.00695587
0.781	0.00713558
0.782	0.00731972
0.783	0.00750839
0.784	0.0077017
0.785	0.00789975
0.786	0.00810267
0.787	0.00831056
0.788	0.00852354
0.789	0.00874174
0.79	0.00896526
0.791	0.00919424
0.792	0.0094288
0.793	0.00966908
0.794	0.0099152
0.795	0.0101673
0.796	0.0104255
0.797	0.01069
0.798	0.0109609
0.799	0.0112383
0.8	0.0115225
0.801	0.0118135
0.802	0.0121115
0.803	0.0124167
0.804	0.0127292
0.805	0.0130492
0.806	0.0133769
0.807	0.0137125
0.808	0.014056
0.809	0.0144078
0.81	0.014768
0.811	0.0151368
0.812	0.0155143
0.813	0.0159008
0.814	0.0162965
0.815	0.0167016
0.816	0.0171162
0.817	0.0175407
0.818	0.0179752
0.819	0.0184199
0.82	0.0188751
0.821	0.0193411
0.822	0.0198179
0.823	0.020306
0.824	0.0208055
0.825	0.0213167
0.826	0.0218398
0.827	0.0223751
0.828	0.022923
0.829	0.0234835
0.83	0.0240571
0.831	0.024644
0.832	0.0252445
0.833	0.025859
0.834	0.0264876
0.835	0.0271307
0.836	0.0277887
0.837	0.0284618
0.838	0.0291504
0.839	0.0298549
0.84	0.0305754
0.841	0.0313125
0.842	0.0320665
0.843	0.0328377
0.844	0.0336264
0.845	0.0344332
0.846	0.0352583
0.847	0.0361022
0.848	0.0369652
0.849	0.0378478
0.85	0.0387504
0.851	0.0396734
0.852	0.0406172
0.853	0.0415823
0.854	0.0425691
0.855	0.0435782
0.856	0.0446099
0.857	0.0456648
0.858	0.0467433
0.859	0.047846
0.86	0.0489733
0.861	0.0501258
0.862	0.051304
0.863	0.0525084
0.864	0.0537396
0.865	0.0549982
0.866	0.0562847
0.867	0.0575997
0.868	0.0589439
0.869	0.0603177
0.87	0.0617219
0.871	0.0631571
0.872	0.0646239
0.873	0.0661229
0.874	0.0676549
0.875	0.0692205
0.876	0.0708205
0.877	0.0724555
0.878	0.0741263
0.879	0.0758335
0.88	0.077578
0.881	0.0793606
0.882	0.081182
0.883	0.083043
0.884	0.0849444
0.885	0.086887
0.886	0.0888718
0.887	0.0908995
0.888	0.0929711
0.889	0.0950875
0.89	0.0972495
0.891	0.0994581
0.892	0.101714
0.893	0.104019
0.894	0.106373
0.895	0.108778
0.896	0.111234
0.897	0.113743
0.898	0.116305
0.899	0.118923
0.9	0.121596
0.901	0.124326
0.902	0.127114
0.903	0.129961
0.904	0.132869
0.905	0.135839
0.906	0.138872
0.907	0.141969
0.908	0.145131
0.909	0.14836
0.91	0.151658
0.911	0.155025
0.912	0.158463
0.913	0.161973
0.914	0.165557
0.915	0.169216
0.916	0.172953
0.917	0.176767
0.918	0.180661
0.919	0.184637
0.92	0.188696
0.921	0.192839
0.922	0.197069
0.923	0.201387
0.924	0.205794
0.925	0.210294
0.926	0.214886
0.927	0.219574
0.928	0.224359
0.929	0.229243
0.93	0.234228
0.931	0.239316
0.932	0.244509
0.933	0.249809
0.934	0.255218
0.935	0.260738
0.936	0.266372
0.937	0.272121
0.938	0.277988
0.939	0.283976
0.94	0.290085
0.941	0.29632
0.942	0.302682
0.943	0.309173
0.944	0.315797
0.945	0.322556
0.946	0.329452
0.947	0.336487
0.948	0.343666
0.949	0.35099
0.95	0.358462
0.951	0.366086
0.952	0.373863
0.953	0.381797
0.954	0.389891
0.955	0.398148
0.956	0.406572
0.957	0.415164
0.958	0.423929
0.959	0.432869
0.96	0.441988
0.961	0.45129
0.962	0.460777
0.963	0.470454
0.964	0.480324
0.965	0.49039
0.966	0.500657
0.967	0.511127
0.968	0.521806
0.969	0.532696
0.97	0.543801
0.971	0.555126
0.972	0.566675
0.973	0.578452
0.974	0.590461
0.975	0.602707
0.976	0.615193
0.977	0.627924
0.978	0.640906
0.979	0.654142
0.98	0.667637
0.981	0.681396
0.982	0.695423
0.983	0.709724
0.984	0.724304
0.985	0.739168
0.986	0.754321
0.987	0.769768
0.988	0.785514
0.989	0.801566
0.99	0.817928
0.991	0.834607
0.992	0.851607
0.993	0.868935
0.994	0.886597
0.995	0.904599
0.996	0.922946
0.997	0.941646
0.998	0.960704
0.999	0.980127
