# Interpolation data for function: (exp(-10*x)-1)/(exp(-10)-1)
0	0.173753
0.001	0.178353
0.002	0.18294
0.003	0.187515
0.004	0.192077
0.005	0.196627
0.006	0.201164
0.007	0.205688
0.008	0.2102
0.009	0.214699
0.01	0.219186
0.011	0.22366
0.012	0.228122
0.013	0.232571
0.014	0.237007
0.015	0.241431
0.016	0.245842
0.017	0.250241
0.018	0.254627
0.019	0.259001
0.02	0.263362
0.021	0.26771
0.022	0.272046
0.023	0.276369
0.024	0.28068
0.025	0.284978
0.026	0.289263
0.027	0.293536
0.028	0.297797
0.029	0.302045
0.03	0.30628
0.031	0.310502
0.032	0.314713
0.033	0.31891
0.034	0.323095
0.035	0.327267
0.036	0.331427
0.037	0.335574
0.038	0.339709
0.039	0.343831
0.04	0.347941
0.041	0.352037
0.042	0.356122
0.043	0.360194
0.044	0.364253
0.045	0.368299
0.046	0.372333
0.047	0.376355
0.048	0.380364
0.049	0.38436
0.05	0.388344
0.051	0.392315
0.052	0.396274
0.053	0.40022
0.054	0.404153
0.055	0.408074
0.056	0.411982
0.057	0.415878
0.058	0.419761
0.059	0.423632
0.06	0.42749
0.061	0.431335
0.062	0.435168
0.063	0.438988
0.064	0.442796
0.065	0.446591
0.066	0.450374
0.067	0.454144
0.068	0.457901
0.069	0.461646
0.07	0.465378
0.071	0.469098
0.072	0.472805
0.073	0.4765
0.074	0.480182
0.075	0.483851
0.076	0.487508
0.077	0.491152
0.078	0.494784
0.079	0.498403
0.08	0.50201
0.081	0.505604
0.082	0.509185
0.083	0.512754
0.084	0.51631
0.085	0.519854
0.086	0.523385
0.087	0.526903
0.088	0.530409
0.089	0.533903
0.09	0.537383
0.091	0.540852
0.092	0.544307
0.093	0.54775
0.094	0.551181
0.095	0.554599
0.096	0.558004
0.097	0.561397
0.098	0.564777
0.099	0.568145
0.1	0.5715
0.101	0.574842
0.102	0.578172
0.103	0.58149
0.104	0.584794
0.105	0.588087
0.106	0.591366
0.107	0.594633
0.108	0.597888
0.109	0.60113
0.11	0.604359
0.111	0.607576
0.112	0.61078
0.113	0.613972
0.114	0.617151
0.115	0.620317
0.116	0.623471
0.117	0.626612
0.118	0.629741
0.119	0.632857
0.12	0.635961
0.121	0.639052
0.122	0.64213
0.123	0.645196
0.124	0.648249
0.125	0.65129
0.126	0.654318
0.127	0.657334
0.128	0.660337
0.129	0.663327
0.13	0.666305
0.131	0.66927
0.132	0.672223
0.133	0.675163
0.134	0.678091
0.135	0.681006
0.136	0.683908
0.137	0.686798
0.138	0.689675
0.139	0.69254
0.14	0.695392
0.141	0.698231
0.142	0.701058
0.143	0.703873
0.144	0.706675
0.145	0.709464
0.146	0.712241
0.147	0.715005
0.148	0.717756
0.149	0.720495
0.15	0.723221
0.151	0.725935
0.152	0.728636
0.153	0.731325
0.154	0.734001
0.155	0.736665
0.156	0.739316
0.157	0.741954
0.158	0.74458
0.159	0.747193
0.16	0.749794
0.161	0.752382
0.162	0.754957
0.163	0.75752
0.164	0.76007
0.165	0.762608
0.166	0.765133
0.167	0.767646
0.168	0.770146
0.169	0.772634
0.17	0.775108
0.171	0.777571
0.172	0.780021
0.173	0.782458
0.174	0.784882
0.175	0.787294
0.176	0.789694
0.177	0.792081
0.178	0.794455
0.179	0.796817
0.18	0.799166
0.181	0.801502
0.182	0.803826
0.183	0.806138
0.184	0.808437
0.185	0.810723
0.186	0.812997
0.187	0.815258
0.188	0.817506
0.189	0.819742
0.19	0.821966
0.191	0.824177
0.192	0.826375
0.193	0.828561
0.194	0.830734
0.195	0.832894
0.196	0.835042
0.197	0.837178
0.198	0.839301
0.199	0.841411
0.2	0.843509
0.201	0.845594
0.202	0.847666
0.203	0.849726
0.204	0.851774
0.205	0.853808
0.206	0.855831
0.207	0.85784
0.208	0.859837
0.209	0.861822
0.21	0.863794
0.211	0.865753
0.212	0.8677
0.213	0.869634
0.214	0.871556
0.215	0.873465
0.216	0.875361
0.217	0.877245
0.218	0.879117
0.219	0.880975
0.22	0.882822
0.221	0.884655
0.222	0.886476
0.223	0.888285
0.224	0.890081
0.225	0.891864
0.226	0.893635
0.227	0.895393
0.228	0.897139
0.229	0.898872
0.23	0.900592
0.231	0.9023
0.232	0.903995
0.233	0.905678
0.234	0.907348
0.235	0.909006
0.236	0.910651
0.237	0.912283
0.238	0.913903
0.239	0.915511
0.24	0.917105
0.241	0.918687
0.242	0.920257
0.243	0.921814
0.244	0.923359
0.245	0.92489
0.246	0.92641
0.247	0.927916
0.248	0.929411
0.249	0.930892
0.25	0.932361
0.251	0.933817
0.252	0.935261
0.253	0.936693
0.254	0.938111
0.255	0.939517
0.256	0.940911
0.257	0.942292
0.258	0.94366
0.259	0.945016
0.26	0.946359
0.261	0.94769
0.262	0.949008
0.263	0.950314
0.264	0.951607
0.265	0.952887
0.266	0.954155
0.267	0.95541
0.268	0.956653
0.269	0.957883
0.27	0.9591
0.271	0.960305
0.272	0.961498
0.273	0.962678
0.274	0.963845
0.275	0.964999
0.276	0.966141
0.277	0.967271
0.278	0.968388
0.279	0.969492
0.28	0.970584
0.281	0.971663
0.282	0.97273
0.283	0.973784
0.284	0.974825
0.285	0.975854
0.286	0.976871
0.287	0.977874
0.288	0.978866
0.289	0.979844
0.29	0.98081
0.291	0.981764
0.292	0.982705
0.293	0.983633
0.294	0.984549
0.295	0.985452
0.296	0.986342
0.297	0.98722
0.298	0.988086
0.299	0.988939
0.3	0.989779
0.301	0.990607
0.302	0.991422
0.303	0.992225
0.304	0.993015
0.305	0.993792
0.306	0.994557
0.307	0.995309
0.308	0.996049
0.309	0.996776
0.31	0.997491
0.311	0.998193
0.312	0.998882
0.313	0.999559
0.314	1.00022
0.315	1.00087
0.316	1.00151
0.317	1.00214
0.318	1.00275
0.319	1.00336
0.32	1.00394
0.321	1.00452
0.322	1.00508
0.323	1.00564
0.324	1.00617
0.325	1.0067
0.326	1.00721
0.327	1.00771
0.328	1.0082
0.329	1.00868
0.33	1.00914
0.331	1.00959
0.332	1.01003
0.333	1.01046
0.334	1.01087
0.335	1.01127
0.336	1.01166
0.337	1.01203
0.338	1.01239
0.339	1.01274
0.34	1.01308
0.341	1.01341
0.342	1.01372
0.343	1.01402
0.344	1.0143
0.345	1.01458
0.346	1.01484
0.347	1.01509
0.348	1.01533
0.349	1.01555
0.35	1.01576
0.351	1.01596
0.352	1.01615
0.353	1.01632
0.354	1.01648
0.355	1.01663
0.356	1.01677
0.357	1.01689
0.358	1.017
0.359	1.0171
0.36	1.01719
0.361	1.01726
0.362	1.01732
0.363	1.01737
0.364	1.0174
0.365	1.01743
0.366	1.01744
0.367	1.01744
0.368	1.01742
0.369	1.01739
0.37	1.01735
0.371	1.0173
0.372	1.01724
0.373	1.01716
0.374	1.01707
0.375	1.01697
0.376	1.01685
0.377	1.01672
0.378	1.01658
0.379	1.01643
0.38	1.01626
0.381	1.01609
0.382	1.0159
0.383	1.01569
0.384	1.01548
0.385	1.01525
0.386	1.01501
0.387	1.01475
0.388	1.01449
0.389	1.01421
0.39	1.01392
0.391	1.01361
0.392	1.0133
0.393	1.01297
0.394	1.01263
0.395	1.01227
0.396	1.0119
0.397	1.01153
0.398	1.01113
0.399	1.01073
0.4	1.01031
0.401	1.00988
0.402	1.00944
0.403	1.00899
0.404	1.00852
0.405	1.00804
0.406	1.00755
0.407	1.00704
0.408	1.00652
0.409	1.00599
0.41	1.00545
0.411	1.00489
0.412	1.00433
0.413	1.00375
0.414	1.00315
0.415	1.00255
0.416	1.00193
0.417	1.0013
0.418	1.00065
0.419	0.999998
0.42	0.99933
0.421	0.998649
0.422	0.997955
0.423	0.997249
0.424	0.99653
0.425	0.995798
0.426	0.995054
0.427	0.994298
0.428	0.993529
0.429	0.992747
0.43	0.991953
0.431	0.991146
0.432	0.990326
0.433	0.989494
0.434	0.98865
0.435	0.987792
0.436	0.986923
0.437	0.98604
0.438	0.985146
0.439	0.984238
0.44	0.983318
0.441	0.982385
0.442	0.98144
0.443	0.980483
0.444	0.979512
0.445	0.978529
0.446	0.977534
0.447	0.976526
0.448	0.975505
0.449	0.974472
0.45	0.973426
0.451	0.972368
0.452	0.971297
0.453	0.970213
0.454	0.969117
0.455	0.968009
0.456	0.966888
0.457	0.965754
0.458	0.964607
0.459	0.963448
0.46	0.962277
0.461	0.961093
0.462	0.959896
0.463	0.958687
0.464	0.957465
0.465	0.956231
0.466	0.954984
0.467	0.953724
0.468	0.952452
0.469	0.951168
0.47	0.94987
0.471	0.948561
0.472	0.947238
0.473	0.945903
0.474	0.944556
0.475	0.943196
0.476	0.941823
0.477	0.940438
0.478	0.93904
0.479	0.937629
0.48	0.936206
0.481	0.934771
0.482	0.933323
0.483	0.931862
0.484	0.930389
0.485	0.928903
0.486	0.927404
0.487	0.925893
0.488	0.92437
0.489	0.922834
0.49	0.921285
0.491	0.919724
0.492	0.91815
0.493	0.916563
0.494	0.914964
0.495	0.913353
0.496	0.911729
0.497	0.910092
0.498	0.908443
0.499	0.906781
0.5	0.998707
0.501	0.998707
0.502	0.998707
0.503	0.998707
0.504	0.998707
0.505	0.998707
0.506	0.998707
0.507	0.998707
0.508	0.998707
0.509	0.998707
0.51	0.998707
0.511	0.998707
0.512	0.998707
0.513	0.998707
0.514	0.998707
0.515	0.998707
0.516	0.998707
0.517	0.998707
0.518	0.998707
0.519	0.998707
0.52	0.998707
0.521	0.998707
0.522	0.998707
0.523	0.998707
0.524	0.998707
0.525	0.998707
0.526	0.998707
0.527	0.998707
0.528	0.998707
0.529	0.998707
0.53	0.998707
0.531	0.998707
0.532	0.998707
0.533	0.998707
0.534	0.998707
0.535	0.998707
0.536	0.998707
0.537	0.998707
0.538	0.998707
0.539	0.998707
0.54	0.998707
0.541	0.998707
0.542	0.998707
0.543	0.998707
0.544	0.998707
0.545	0.998707
0.546	0.998707
0.547	0.998707
0.548	0.998707
0.549	0.998707
0.55	0.998707
0.551	0.998707
0.552	0.998707
0.553	0.998707
0.554	0.998707
0.555	0.998707
0.556	0.998707
0.557	0.998707
0.558	0.998707
0.559	0.998707
0.56	0.998707
0.561	0.998707
0.562	0.998707
0.563	0.998707
0.564	0.998707
0.565	0.998707
0.566	0.998707
0.567	0.998707
0.568	0.998707
0.569	0.998707
0.57	0.998707
0.571	0.998707
0.572	0.998707
0.573	0.998707
0.574	0.998707
0.575	0.998707
0.576	0.998707
0.577	0.998707
0.578	0.998707
0.579	0.998707
0.58	0.998707
0.581	0.998707
0.582	0.998707
0.583	0.998707
0.584	0.998707
0.585	0.998707
0.586	0.998707
0.587	0.998707
0.588	0.998707
0.589	0.998707
0.59	0.998707
0.591	0.998707
0.592	0.998707
0.593	0.998707
0.594	0.998707
0.595	0.998707
0.596	0.998707
0.597	0.998707
0.598	0.998707
0.599	0.998707
0.6	0.998707
0.601	0.998707
0.602	0.998707
0.603	0.998707
0.604	0.998707
0.605	0.998707
0.606	0.998707
0.607	0.998707
0.608	0.998707
0.609	0.998707
0.61	0.998707
0.611	0.998707
0.612	0.998707
0.613	0.998707
0.614	0.998707
0.615	0.998707
0.616	0.998707
0.617	0.998707
0.618	0.998707
0.619	0.998707
0.62	0.998707
0.621	0.998707
0.622	0.998707
0.623	0.998707
0.624	0.998707
0.625	0.998707
0.626	0.998707
0.627	0.998707
0.628	0.998707
0.629	0.998707
0.63	0.998707
0.631	0.998707
0.632	0.998707
0.633	0.998707
0.634	0.998707
0.635	0.998707
0.636	0.998707
0.637	0.998707
0.638	0.998707
0.639	0.998707
0.64	0.998707
0.641	0.998707
0.642	0.998707
0.643	0.998707
0.644	0.998707
0.645	0.998707
0.646	0.998707
0.647	0.998707
0.648	0.998707
0.649	0.998707
0.65	0.998707
0.651	0.998707
0.652	0.998707
0.653	0.998707
0.654	0.998707
0.655	0.998707
0.656	0.998707
0.657	0.998707
0.658	0.998707
0.659	0.998707
0.66	0.998707
0.661	0.998707
0.662	0.998707
0.663	0.998707
0.664	0.998707
0.665	0.998707
0.666	0.998707
0.667	0.998707
0.668	0.998707
0.669	0.998707
0.67	0.998707
0.671	0.998707
0.672	0.998707
0.673	0.998707
0.674	0.998707
0.675	0.998707
0.676	0.998707
0.677	0.998707
0.678	0.998707
0.679	0.998707
0.68	0.998707
0.681	0.998707
0.682	0.998707
0.683	0.998707
0.684	0.998707
0.685	0.998707
0.686	0.998707
0.687	0.998707
0.688	0.998707
0.689	0.998707
0.69	0.998707
0.691	0.998707
0.692	0.998707
0.693	0.998707
0.694	0.998707
0.695	0.998707
0.696	0.998707
0.697	0.998707
0.698	0.998707
0.699	0.998707
0.7	0.998707
0.701	0.998707
0.702	0.998707
0.703	0.998707
0.704	0.998707
0.705	0.998707
0.706	0.998707
0.707	0.998707
0.708	0.998707
0.709	0.998707
0.71	0.998707
0.711	0.998707
0.712	0.998707
0.713	0.998707
0.714	0.998707
0.715	0.998707
0.716	0.998707
0.717	0.998707
0.718	0.998707
0.719	0.998707
0.72	0.998707
0.721	0.998707
0.722	0.998707
0.723	0.998707
0.724	0.998707
0.725	0.998707
0.726	0.998707
0.727	0.998707
0.728	0.998707
0.729	0.998707
0.73	0.998707
0.731	0.998707
0.732	0.998707
0.733	0.998707
0.734	0.998707
0.735	0.998707
0.736	0.998707
0.737	0.998707
0.738	0.998707
0.739	0.998707
0.74	0.998707
0.741	0.998707
0.742	0.998707
0.743	0.998707
0.744	0.998707
0.745	0.998707
0.746	0.998707
0.747	0.998707
0.748	0.998707
0.749	0.998707
0.75	0.998707
0.751	0.998707
0.752	0.998707
0.753	0.998707
0.754	0.998707
0.755	0.998707
0.756	0.998707
0.757	0.998707
0.758	0.998707
0.759	0.998707
0.76	0.998707
0.761	0.998707
0.762	0.998707
0.763	0.998707
0.764	0.998707
0.765	0.998707
0.766	0.998707
0.767	0.998707
0.768	0.998707
0.769	0.998707
0.77	0.998707
0.771	0.998707
0.772	0.998707
0.773	0.998707
0.774	0.998707
0.775	0.998707
0.776	0.998707
0.777	0.998707
0.778	0.998707
0.779	0.998707
0.78	0.998707
0.781	0.998707
0.782	0.998707
0.783	0.998707
0.784	0.998707
0.785	0.998707
0.786	0.998707
0.787	0.998707
0.788	0.998707
0.789	0.998707
0.79	0.998707
0.791	0.998707
0.792	0.998707
0.793	0.998707
0.794	0.998707
0.795	0.998707
0.796	0.998707
0.797	0.998707
0.798	0.998707
0.799	0.998707
0.8	0.998707
0.801	0.998707
0.802	0.998707
0.803	0.998707
0.804	0.998707
0.805	0.998707
0.806	0.998707
0.807	0.998707
0.808	0.998707
0.809	0.998707
0.81	0.998707
0.811	0.998707
0.812	0.998707
0.813	0.998707
0.814	0.998707
0.815	0.998707
0.816	0.998707
0.817	0.998707
0.818	0.998707
0.819	0.998707
0.82	0.998707
0.821	0.998707
0.822	0.998707
0.823	0.998707
0.824	0.998707
0.825	0.998707
0.826	0.998707
0.827	0.998707
0.828	0.998707
0.829	0.998707
0.83	0.998707
0.831	0.998707
0.832	0.998707
0.833	0.998707
0.834	0.998707
0.835	0.998707
0.836	0.998707
0.837	0.998707
0.838	0.998707
0.839	0.998707
0.84	0.998707
0.841	0.998707
0.842	0.998707
0.843	0.998707
0.844	0.998707
0.845	0.998707
0.846	0.998707
0.847	0.998707
0.848	0.998707
0.849	0.998707
0.85	0.998707
0.851	0.998707
0.852	0.998707
0.853	0.998707
0.854	0.998707
0.855	0.998707
0.856	0.998707
0.857	0.998707
0.858	0.998707
0.859	0.998707
0.86	0.998707
0.861	0.998707
0.862	0.998707
0.863	0.998707
0.864	0.998707
0.865	0.998707
0.866	0.998707
0.867	0.998707
0.868	0.998707
0.869	0.998707
0.87	0.998707
0.871	0.998707
0.872	0.998707
0.873	0.998707
0.874	0.998707
0.875	0.998707
0.876	0.998707
0.877	0.998707
0.878	0.998707
0.879	0.998707
0.88	0.998707
0.881	0.998707
0.882	0.998707
0.883	0.998707
0.884	0.998707
0.885	0.998707
0.886	0.998707
0.887	0.998707
0.888	0.998707
0.889	0.998707
0.89	0.998707
0.891	0.998707
0.892	0.998707
0.893	0.998707
0.894	0.998707
0.895	0.998707
0.896	0.998707
0.897	0.998707
0.898	0.998707
0.899	0.998707
0.9	0.998707
0.901	0.998707
0.902	0.998707
0.903	0.998707
0.904	0.998707
0.905	0.998707
0.906	0.998707
0.907	0.998707
0.908	0.998707
0.909	0.998707
0.91	0.998707
0.911	0.998707
0.912	0.998707
0.913	0.998707
0.914	0.998707
0.915	0.998707
0.916	0.998707
0.917	0.998707
0.918	0.998707
0.919	0.998707
0.92	0.998707
0.921	0.998707
0.922	0.998707
0.923	0.998707
0.924	0.998707
0.925	0.998707
0.926	0.998707
0.927	0.998707
0.928	0.998707
0.929	0.998707
0.93	0.998707
0.931	0.998707
0.932	0.998707
0.933	0.998707
0.934	0.998707
0.935	0.998707
0.936	0.998707
0.937	0.998707
0.938	0.998707
0.939	0.998707
0.94	0.998707
0.941	0.998707
0.942	0.998707
0.943	0.998707
0.944	0.998707
0.945	0.998707
0.946	0.998707
0.947	0.998707
0.948	0.998707
0.949	0.998707
0.95	0.998707
0.951	0.998707
0.952	0.998707
0.953	0.998707
0.954	0.998707
0.955	0.998707
0.956	0.998707
0.957	0.998707
0.958	0.998707
0.959	0.998707
0.96	0.998707
0.961	0.998707
0.962	0.998707
0.963	0.998707
0.964	0.998707
0.965	0.998707
0.966	0.998707
0.967	0.998707
0.968	0.998707
0.969	0.998707
0.97	0.998707
0.971	0.998707
0.972	0.998707
0.973	0.998707
0.974	0.998707
0.975	0.998707
0.976	0.998707
0.977	0.998707
0.978	0.998707
0.979	0.998707
0.98	0.998707
0.981	0.998707
0.982	0.998707
0.983	0.998707
0.984	0.998707
0.985	0.998707
0.986	0.998707
0.987	0.998707
0.988	0.998707
0.989	0.998707
0.99	0.998707
0.991	0.998707
0.992	0.998707
0.993	0.998707
0.994	0.998707
0.995	0.998707
0.996	0.998707
0.997	0.998707
0.998	0.998707
0.999	0.998707
