# Interpolation data for function: (exp(-10*x)-1)/(exp(-10)-1)
0	3.0452e-12
0.001	0.00995062
0.002	0.0198022
0.003	0.0295558
0.004	0.0392123
0.005	0.0487728
0.006	0.0582381
0.007	0.0676092
0.008	0.0768871
0.009	0.0860727
0.01	0.0951669
0.011	0.104171
0.012	0.113085
0.013	0.12191
0.014	0.130648
0.015	0.139298
0.016	0.147863
0.017	0.156342
0.018	0.164737
0.019	0.173049
0.02	0.181277
0.021	0.189424
0.022	0.19749
0.023	0.205476
0.024	0.213382
0.025	0.221209
0.026	0.228959
0.027	0.236631
0.028	0.244227
0.029	0.251748
0.03	0.259194
0.031	0.266565
0.032	0.273863
0.033	0.281089
0.034	0.288243
0.035	0.295325
0.036	0.302337
0.037	0.30928
0.038	0.316153
0.039	0.322958
0.04	0.329695
0.041	0.336365
0.042	0.342969
0.043	0.349507
0.044	0.35598
0.045	0.362388
0.046	0.368733
0.047	0.375015
0.048	0.381234
0.049	0.387391
0.05	0.393487
0.051	0.399523
0.052	0.405498
0.053	0.411414
0.054	0.417271
0.055	0.423069
0.056	0.42881
0.057	0.434494
0.058	0.440122
0.059	0.445693
0.06	0.451209
0.061	0.45667
0.062	0.462077
0.063	0.467429
0.064	0.472729
0.065	0.477976
0.066	0.483171
0.067	0.488314
0.068	0.493405
0.069	0.498447
0.07	0.503438
0.071	0.508379
0.072	0.513271
0.073	0.518115
0.074	0.52291
0.075	0.527657
0.076	0.532358
0.077	0.537011
0.078	0.541619
0.079	0.54618
0.08	0.550696
0.081	0.555167
0.082	0.559594
0.083	0.563976
0.084	0.568315
0.085	0.572611
0.086	0.576864
0.087	0.581075
0.088	0.585244
0.089	0.589371
0.09	0.593457
0.091	0.597503
0.092	0.601508
0.093	0.605474
0.094	0.6094
0.095	0.613287
0.096	0.617135
0.097	0.620945
0.098	0.624717
0.099	0.628452
0.1	0.632149
0.101	0.63581
0.102	0.639434
0.103	0.643022
0.104	0.646575
0.105	0.650092
0.106	0.653574
0.107	0.657021
0.108	0.660434
0.109	0.663814
0.11	0.667159
0.111	0.670471
0.112	0.673751
0.113	0.676997
0.114	0.680212
0.115	0.683394
0.116	0.686545
0.117	0.689664
0.118	0.692753
0.119	0.69581
0.12	0.698838
0.121	0.701835
0.122	0.704802
0.123	0.70774
0.124	0.710648
0.125	0.713528
0.126	0.716378
0.127	0.719201
0.128	0.721995
0.129	0.724762
0.13	0.727501
0.131	0.730213
0.132	0.732898
0.133	0.735556
0.134	0.738188
0.135	0.740793
0.136	0.743373
0.137	0.745927
0.138	0.748455
0.139	0.750959
0.14	0.753437
0.141	0.755891
0.142	0.75832
0.143	0.760726
0.144	0.763107
0.145	0.765464
0.146	0.767799
0.147	0.770109
0.148	0.772397
0.149	0.774663
0.15	0.776905
0.151	0.779125
0.152	0.781324
0.153	0.7835
0.154	0.785655
0.155	0.787788
0.156	0.7899
0.157	0.791991
0.158	0.794061
0.159	0.796111
0.16	0.79814
0.161	0.800149
0.162	0.802138
0.163	0.804107
0.164	0.806057
0.165	0.807987
0.166	0.809898
0.167	0.81179
0.168	0.813663
0.169	0.815518
0.17	0.817354
0.171	0.819171
0.172	0.820971
0.173	0.822753
0.174	0.824517
0.175	0.826264
0.176	0.827993
0.177	0.829705
0.178	0.8314
0.179	0.833078
0.18	0.834739
0.181	0.836384
0.182	0.838012
0.183	0.839625
0.184	0.841221
0.185	0.842801
0.186	0.844366
0.187	0.845915
0.188	0.847448
0.189	0.848967
0.19	0.85047
0.191	0.851958
0.192	0.853432
0.193	0.854891
0.194	0.856335
0.195	0.857765
0.196	0.859181
0.197	0.860582
0.198	0.86197
0.199	0.863344
0.2	0.864704
0.201	0.866051
0.202	0.867384
0.203	0.868704
0.204	0.870011
0.205	0.871305
0.206	0.872586
0.207	0.873854
0.208	0.87511
0.209	0.876353
0.21	0.877583
0.211	0.878802
0.212	0.880008
0.213	0.881203
0.214	0.882385
0.215	0.883556
0.216	0.884715
0.217	0.885863
0.218	0.886999
0.219	0.888124
0.22	0.889237
0.221	0.89034
0.222	0.891431
0.223	0.892512
0.224	0.893582
0.225	0.894641
0.226	0.89569
0.227	0.896729
0.228	0.897757
0.229	0.898774
0.23	0.899782
0.231	0.90078
0.232	0.901767
0.233	0.902745
0.234	0.903713
0.235	0.904672
0.236	0.905621
0.237	0.90656
0.238	0.907491
0.239	0.908412
0.24	0.909323
0.241	0.910226
0.242	0.91112
0.243	0.912005
0.244	0.912881
0.245	0.913748
0.246	0.914607
0.247	0.915457
0.248	0.916298
0.249	0.917132
0.25	0.917957
0.251	0.918773
0.252	0.919582
0.253	0.920383
0.254	0.921175
0.255	0.92196
0.256	0.922737
0.257	0.923506
0.258	0.924268
0.259	0.925022
0.26	0.925768
0.261	0.926508
0.262	0.927239
0.263	0.927964
0.264	0.928681
0.265	0.929391
0.266	0.930094
0.267	0.93079
0.268	0.931479
0.269	0.932161
0.27	0.932837
0.271	0.933506
0.272	0.934168
0.273	0.934823
0.274	0.935472
0.275	0.936115
0.276	0.936751
0.277	0.937381
0.278	0.938004
0.279	0.938621
0.28	0.939233
0.281	0.939838
0.282	0.940437
0.283	0.94103
0.284	0.941617
0.285	0.942198
0.286	0.942774
0.287	0.943344
0.288	0.943908
0.289	0.944467
0.29	0.94502
0.291	0.945567
0.292	0.946109
0.293	0.946646
0.294	0.947177
0.295	0.947703
0.296	0.948224
0.297	0.94874
0.298	0.94925
0.299	0.949756
0.3	0.950256
0.301	0.950751
0.302	0.951242
0.303	0.951728
0.304	0.952208
0.305	0.952684
0.306	0.953156
0.307	0.953622
0.308	0.954084
0.309	0.954541
0.31	0.954994
0.311	0.955442
0.312	0.955886
0.313	0.956326
0.314	0.956761
0.315	0.957191
0.316	0.957618
0.317	0.95804
0.318	0.958458
0.319	0.958872
0.32	0.959281
0.321	0.959687
0.322	0.960089
0.323	0.960486
0.324	0.96088
0.325	0.961269
0.326	0.961655
0.327	0.962037
0.328	0.962415
0.329	0.96279
0.33	0.963161
0.331	0.963528
0.332	0.963891
0.333	0.964251
0.334	0.964607
0.335	0.964959
0.336	0.965309
0.337	0.965654
0.338	0.965996
0.339	0.966335
0.34	0.966671
0.341	0.967003
0.342	0.967331
0.343	0.967657
0.344	0.967979
0.345	0.968298
0.346	0.968614
0.347	0.968927
0.348	0.969237
0.349	0.969543
0.35	0.969847
0.351	0.970147
0.352	0.970445
0.353	0.970739
0.354	0.971031
0.355	0.971319
0.356	0.971605
0.357	0.971888
0.358	0.972168
0.359	0.972446
0.36	0.97272
0.361	0.972992
0.362	0.973262
0.363	0.973528
0.364	0.973792
0.365	0.974053
0.366	0.974312
0.367	0.974568
0.368	0.974821
0.369	0.975072
0.37	0.975321
0.371	0.975567
0.372	0.97581
0.373	0.976051
0.374	0.97629
0.375	0.976527
0.376	0.976761
0.377	0.976992
0.378	0.977222
0.379	0.977449
0.38	0.977674
0.381	0.977896
0.382	0.978117
0.383	0.978335
0.384	0.978551
0.385	0.978765
0.386	0.978976
0.387	0.979186
0.388	0.979394
0.389	0.979599
0.39	0.979803
0.391	0.980004
0.392	0.980203
0.393	0.980401
0.394	0.980596
0.395	0.98079
0.396	0.980981
0.397	0.981171
0.398	0.981359
0.399	0.981545
0.4	0.981729
0.401	0.981911
0.402	0.982092
0.403	0.98227
0.404	0.982447
0.405	0.982622
0.406	0.982796
0.407	0.982967
0.408	0.983137
0.409	0.983305
0.41	0.983472
0.411	0.983637
0.412	0.9838
0.413	0.983962
0.414	0.984122
0.415	0.98428
0.416	0.984437
0.417	0.984592
0.418	0.984746
0.419	0.984898
0.42	0.985049
0.421	0.985198
0.422	0.985346
0.423	0.985492
0.424	0.985637
0.425	0.985781
0.426	0.985922
0.427	0.986063
0.428	0.986202
0.429	0.98634
0.43	0.986476
0.431	0.986611
0.432	0.986745
0.433	0.986877
0.434	0.987008
0.435	0.987138
0.436	0.987266
0.437	0.987394
0.438	0.987519
0.439	0.987644
0.44	0.987768
0.441	0.98789
0.442	0.988011
0.443	0.98813
0.444	0.988249
0.445	0.988366
0.446	0.988483
0.447	0.988598
0.448	0.988711
0.449	0.988824
0.45	0.988936
0.451	0.989046
0.452	0.989156
0.453	0.989264
0.454	0.989372
0.455	0.989478
0.456	0.989583
0.457	0.989687
0.458	0.98979
0.459	0.989892
0.46	0.989993
0.461	0.990093
0.462	0.990192
0.463	0.99029
0.464	0.990387
0.465	0.990483
0.466	0.990579
0.467	0.990673
0.468	0.990766
0.469	0.990858
0.47	0.99095
0.471	0.99104
0.472	0.99113
0.473	0.991219
0.474	0.991306
0.475	0.991393
0.476	0.991479
0.477	0.991565
0.478	0.991649
0.479	0.991733
0.48	0.991815
0.481	0.991897
0.482	0.991978
0.483	0.992059
0.484	0.992138
0.485	0.992217
0.486	0.992295
0.487	0.992372
0.488	0.992448
0.489	0.992524
0.49	0.992598
0.491	0.992673
0.492	0.992746
0.493	0.992819
0.494	0.99289
0.495	0.992962
0.496	0.993032
0.497	0.993102
0.498	0.993171
0.499	0.993239
0.5	0.993307
0.501	0.993374
0.502	0.993441
0.503	0.993506
0.504	0.993571
0.505	0.993636
0.506	0.9937
0.507	0.993763
0.508	0.993825
0.509	0.993887
0.51	0.993948
0.511	0.994009
0.512	0.994069
0.513	0.994129
0.514	0.994187
0.515	0.994246
0.516	0.994303
0.517	0.994361
0.518	0.994417
0.519	0.994473
0.52	0.994529
0.521	0.994583
0.522	0.994638
0.523	0.994692
0.524	0.994745
0.525	0.994798
0.526	0.99485
0.527	0.994902
0.528	0.994953
0.529	0.995003
0.53	0.995054
0.531	0.995103
0.532	0.995152
0.533	0.995201
0.534	0.995249
0.535	0.995297
0.536	0.995344
0.537	0.995391
0.538	0.995437
0.539	0.995483
0.54	0.995529
0.541	0.995574
0.542	0.995618
0.543	0.995662
0.544	0.995706
0.545	0.995749
0.546	0.995792
0.547	0.995834
0.548	0.995876
0.549	0.995917
0.55	0.995958
0.551	0.995999
0.552	0.996039
0.553	0.996079
0.554	0.996119
0.555	0.996158
0.556	0.996196
0.557	0.996235
0.558	0.996273
0.559	0.99631
0.56	0.996347
0.561	0.996384
0.562	0.996421
0.563	0.996457
0.564	0.996492
0.565	0.996528
0.566	0.996563
0.567	0.996597
0.568	0.996632
0.569	0.996666
0.57	0.996699
0.571	0.996733
0.572	0.996766
0.573	0.996798
0.574	0.99683
0.575	0.996862
0.576	0.996894
0.577	0.996926
0.578	0.996957
0.579	0.996987
0.58	0.997018
0.581	0.997048
0.582	0.997078
0.583	0.997107
0.584	0.997136
0.585	0.997165
0.586	0.997194
0.587	0.997222
0.588	0.99725
0.589	0.997278
0.59	0.997306
0.591	0.997333
0.592	0.99736
0.593	0.997387
0.594	0.997413
0.595	0.997439
0.596	0.997465
0.597	0.997491
0.598	0.997516
0.599	0.997542
0.6	0.997567
0.601	0.997591
0.602	0.997616
0.603	0.99764
0.604	0.997664
0.605	0.997687
0.606	0.997711
0.607	0.997734
0.608	0.997757
0.609	0.99778
0.61	0.997802
0.611	0.997825
0.612	0.997847
0.613	0.997869
0.614	0.99789
0.615	0.997912
0.616	0.997933
0.617	0.997954
0.618	0.997975
0.619	0.997995
0.62	0.998016
0.621	0.998036
0.622	0.998056
0.623	0.998076
0.624	0.998095
0.625	0.998115
0.626	0.998134
0.627	0.998153
0.628	0.998172
0.629	0.998191
0.63	0.998209
0.631	0.998227
0.632	0.998245
0.633	0.998263
0.634	0.998281
0.635	0.998299
0.636	0.998316
0.637	0.998333
0.638	0.99835
0.639	0.998367
0.64	0.998384
0.641	0.9984
0.642	0.998417
0.643	0.998433
0.644	0.998449
0.645	0.998465
0.646	0.998481
0.647	0.998496
0.648	0.998512
0.649	0.998527
0.65	0.998542
0.651	0.998557
0.652	0.998572
0.653	0.998586
0.654	0.998601
0.655	0.998615
0.656	0.998629
0.657	0.998644
0.658	0.998657
0.659	0.998671
0.66	0.998685
0.661	0.998699
0.662	0.998712
0.663	0.998725
0.664	0.998738
0.665	0.998751
0.666	0.998764
0.667	0.998777
0.668	0.99879
0.669	0.998802
0.67	0.998814
0.671	0.998827
0.672	0.998839
0.673	0.998851
0.674	0.998863
0.675	0.998874
0.676	0.998886
0.677	0.998898
0.678	0.998909
0.679	0.99892
0.68	0.998932
0.681	0.998943
0.682	0.998954
0.683	0.998964
0.684	0.998975
0.685	0.998986
0.686	0.998996
0.687	0.999007
0.688	0.999017
0.689	0.999027
0.69	0.999038
0.691	0.999048
0.692	0.999058
0.693	0.999067
0.694	0.999077
0.695	0.999087
0.696	0.999096
0.697	0.999106
0.698	0.999115
0.699	0.999124
0.7	0.999133
0.701	0.999143
0.702	0.999152
0.703	0.99916
0.704	0.999169
0.705	0.999178
0.706	0.999187
0.707	0.999195
0.708	0.999204
0.709	0.999212
0.71	0.99922
0.711	0.999228
0.712	0.999237
0.713	0.999245
0.714	0.999253
0.715	0.999261
0.716	0.999268
0.717	0.999276
0.718	0.999284
0.719	0.999291
0.72	0.999299
0.721	0.999306
0.722	0.999314
0.723	0.999321
0.724	0.999328
0.725	0.999335
0.726	0.999342
0.727	0.999349
0.728	0.999356
0.729	0.999363
0.73	0.99937
0.731	0.999377
0.732	0.999383
0.733	0.99939
0.734	0.999396
0.735	0.999403
0.736	0.999409
0.737	0.999416
0.738	0.999422
0.739	0.999428
0.74	0.999434
0.741	0.99944
0.742	0.999446
0.743	0.999452
0.744	0.999458
0.745	0.999464
0.746	0.99947
0.747	0.999475
0.748	0.999481
0.749	0.999487
0.75	0.999492
0.751	0.999498
0.752	0.999503
0.753	0.999509
0.754	0.999514
0.755	0.999519
0.756	0.999525
0.757	0.99953
0.758	0.999535
0.759	0.99954
0.76	0.999545
0.761	0.99955
0.762	0.999555
0.763	0.99956
0.764	0.999565
0.765	0.999569
0.766	0.999574
0.767	0.999579
0.768	0.999583
0.769	0.999588
0.77	0.999593
0.771	0.999597
0.772	0.999602
0.773	0.999606
0.774	0.99961
0.775	0.999615
0.776	0.999619
0.777	0.999623
0.778	0.999627
0.779	0.999632
0.78	0.999636
0.781	0.99964
0.782	0.999644
0.783	0.999648
0.784	0.999652
0.785	0.999656
0.786	0.99966
0.787	0.999663
0.788	0.999667
0.789	0.999671
0.79	0.999675
0.791	0.999678
0.792	0.999682
0.793	0.999686
0.794	0.999689
0.795	0.999693
0.796	0.999696
0.797	0.9997
0.798	0.999703
0.799	0.999707
0.8	0.99971
0.801	0.999713
0.802	0.999717
0.803	0.99972
0.804	0.999723
0.805	0.999726
0.806	0.999729
0.807	0.999733
0.808	0.999736
0.809	0.999739
0.81	0.999742
0.811	0.999745
0.812	0.999748
0.813	0.999751
0.814	0.999754
0.815	0.999757
0.816	0.99976
0.817	0.999762
0.818	0.999765
0.819	0.999768
0.82	0.999771
0.821	0.999773
0.822	0.999776
0.823	0.999779
0.824	0.999782
0.825	0.999784
0.826	0.999787
0.827	0.999789
0.828	0.999792
0.829	0.999794
0.83	0.999797
0.831	0.999799
0.832	0.999802
0.833	0.999804
0.834	0.999807
0.835	0.999809
0.836	0.999811
0.837	0.999814
0.838	0.999816
0.839	0.999818
0.84	0.999821
0.841	0.999823
0.842	0.999825
0.843	0.999827
0.844	0.999829
0.845	0.999831
0.846	0.999834
0.847	0.999836
0.848	0.999838
0.849	0.99984
0.85	0.999842
0.851	0.999844
0.852	0.999846
0.853	0.999848
0.854	0.99985
0.855	0.999852
0.856	0.999854
0.857	0.999856
0.858	0.999858
0.859	0.999859
0.86	0.999861
0.861	0.999863
0.862	0.999865
0.863	0.999867
0.864	0.999869
0.865	0.99987
0.866	0.999872
0.867	0.999874
0.868	0.999875
0.869	0.999877
0.87	0.999879
0.871	0.99988
0.872	0.999882
0.873	0.999884
0.874	0.999885
0.875	0.999887
0.876	0.999889
0.877	0.99989
0.878	0.999892
0.879	0.999893
0.88	0.999895
0.881	0.999896
0.882	0.999898
0.883	0.999899
0.884	0.999901
0.885	0.999902
0.886	0.999903
0.887	0.999905
0.888	0.999906
0.889	0.999908
0.89	0.999909
0.891	0.99991
0.892	0.999912
0.893	0.999913
0.894	0.999914
0.895	0.999916
0.896	0.999917
0.897	0.999918
0.898	0.999919
0.899	0.999921
0.9	0.999922
0.901	0.999923
0.902	0.999924
0.903	0.999926
0.904	0.999927
0.905	0.999928
0.906	0.999929
0.907	0.99993
0.908	0.999931
0.909	0.999933
0.91	0.999934
0.911	0.999935
0.912	0.999936
0.913	0.999937
0.914	0.999938
0.915	0.999939
0.916	0.99994
0.917	0.999941
0.918	0.999942
0.919	0.999943
0.92	0.999944
0.921	0.999945
0.922	0.999946
0.923	0.999947
0.924	0.999948
0.925	0.999949
0.926	0.99995
0.927	0.999951
0.928	0.999952
0.929	0.999953
0.93	0.999954
0.931	0.999955
0.932	0.999956
0.933	0.999957
0.934	0.999958
0.935	0.999958
0.936	0.999959
0.937	0.99996
0.938	0.999961
0.939	0.999962
0.94	0.999963
0.941	0.999963
0.942	0.999964
0.943	0.999965
0.944	0.999966
0.945	0.999967
0.946	0.999967
0.947	0.999968
0.948	0.999969
0.949	0.99997
0.95	0.999971
0.951	0.999971
0.952	0.999972
0.953	0.999973
0.954	0.999973
0.955	0.999974
0.956	0.999975
0.957	0.999976
0.958	0.999976
0.959	0.999977
0.96	0.999978
0.961	0.999978
0.962	0.999979
0.963	0.99998
0.964	0.99998
0.965	0.999981
0.966	0.999982
0.967	0.999982
0.968	0.999983
0.969	0.999983
0.97	0.999984
0.971	0.999985
0.972	0.999985
0.973	0.999986
0.974	0.999987
0.975	0.999987
0.976	0.999988
0.977	0.999988
0.978	0.999989
0.979	0.999989
0.98	0.99999
0.981	0.99999
0.982	0.999991
0.983	0.999992
0.984	0.999992
0.985	0.999993
0.986	0.999993
0.987	0.999994
0.988	0.999994
0.989	0.999995
0.99	0.999995
0.991	0.999996
0.992	0.999996
0.993	0.999997
0.994	0.999997
0.995	0.999998
0.996	0.999998
0.997	0.999999
0.998	0.999999
0.999	1
