# Interpolation data for function: (exp(-10*x)-1)/(exp(-10)-1)
0	1.01425e-05
0.001	0.00995918
0.002	0.0198093
0.003	0.0295616
0.004	0.0392169
0.005	0.0487762
0.006	0.0582405
0.007	0.0676108
0.008	0.0768878
0.009	0.0860727
0.01	0.0951662
0.011	0.104169
0.012	0.113083
0.013	0.121908
0.014	0.130645
0.015	0.139295
0.016	0.14786
0.017	0.156339
0.018	0.164734
0.019	0.173045
0.02	0.181274
0.021	0.18942
0.022	0.197486
0.023	0.205472
0.024	0.213378
0.025	0.221205
0.026	0.228955
0.027	0.236627
0.028	0.244224
0.029	0.251744
0.03	0.25919
0.031	0.266562
0.032	0.27386
0.033	0.281086
0.034	0.28824
0.035	0.295323
0.036	0.302335
0.037	0.309278
0.038	0.316151
0.039	0.322956
0.04	0.329694
0.041	0.336364
0.042	0.342968
0.043	0.349506
0.044	0.355979
0.045	0.362388
0.046	0.368733
0.047	0.375015
0.048	0.381234
0.049	0.387392
0.05	0.393488
0.051	0.399523
0.052	0.405499
0.053	0.411415
0.054	0.417272
0.055	0.423071
0.056	0.428812
0.057	0.434496
0.058	0.440124
0.059	0.445695
0.06	0.451211
0.061	0.456672
0.062	0.462079
0.063	0.467432
0.064	0.472732
0.065	0.477979
0.066	0.483173
0.067	0.488316
0.068	0.493408
0.069	0.498449
0.07	0.50344
0.071	0.508382
0.072	0.513274
0.073	0.518118
0.074	0.522913
0.075	0.52766
0.076	0.532361
0.077	0.537014
0.078	0.541622
0.079	0.546183
0.08	0.550699
0.081	0.55517
0.082	0.559597
0.083	0.563979
0.084	0.568318
0.085	0.572614
0.086	0.576867
0.087	0.581077
0.088	0.585246
0.089	0.589373
0.09	0.59346
0.091	0.597505
0.092	0.60151
0.093	0.605476
0.094	0.609402
0.095	0.613289
0.096	0.617137
0.097	0.620947
0.098	0.624719
0.099	0.628453
0.1	0.632151
0.101	0.635811
0.102	0.639435
0.103	0.643023
0.104	0.646576
0.105	0.650093
0.106	0.653574
0.107	0.657022
0.108	0.660435
0.109	0.663814
0.11	0.667159
0.111	0.670472
0.112	0.673751
0.113	0.676997
0.114	0.680212
0.115	0.683394
0.116	0.686545
0.117	0.689664
0.118	0.692752
0.119	0.69581
0.12	0.698837
0.121	0.701834
0.122	0.704801
0.123	0.707738
0.124	0.710647
0.125	0.713526
0.126	0.716377
0.127	0.7192
0.128	0.721994
0.129	0.72476
0.13	0.7275
0.131	0.730211
0.132	0.732896
0.133	0.735554
0.134	0.738186
0.135	0.740791
0.136	0.743371
0.137	0.745925
0.138	0.748453
0.139	0.750957
0.14	0.753435
0.141	0.755889
0.142	0.758318
0.143	0.760723
0.144	0.763105
0.145	0.765462
0.146	0.767796
0.147	0.770107
0.148	0.772395
0.149	0.77466
0.15	0.776903
0.151	0.779123
0.152	0.781321
0.153	0.783497
0.154	0.785652
0.155	0.787785
0.156	0.789897
0.157	0.791988
0.158	0.794059
0.159	0.796108
0.16	0.798137
0.161	0.800146
0.162	0.802135
0.163	0.804105
0.164	0.806054
0.165	0.807985
0.166	0.809896
0.167	0.811788
0.168	0.813661
0.169	0.815515
0.17	0.817352
0.171	0.819169
0.172	0.820969
0.173	0.822751
0.174	0.824515
0.175	0.826262
0.176	0.827991
0.177	0.829703
0.178	0.831398
0.179	0.833076
0.18	0.834738
0.181	0.836382
0.182	0.838011
0.183	0.839623
0.184	0.84122
0.185	0.8428
0.186	0.844365
0.187	0.845914
0.188	0.847447
0.189	0.848966
0.19	0.850469
0.191	0.851958
0.192	0.853431
0.193	0.85489
0.194	0.856334
0.195	0.857764
0.196	0.85918
0.197	0.860582
0.198	0.86197
0.199	0.863344
0.2	0.864704
0.201	0.866051
0.202	0.867384
0.203	0.868704
0.204	0.870011
0.205	0.871305
0.206	0.872586
0.207	0.873854
0.208	0.87511
0.209	0.876353
0.21	0.877584
0.211	0.878803
0.212	0.880009
0.213	0.881204
0.214	0.882386
0.215	0.883557
0.216	0.884716
0.217	0.885864
0.218	0.887
0.219	0.888125
0.22	0.889238
0.221	0.890341
0.222	0.891433
0.223	0.892513
0.224	0.893584
0.225	0.894643
0.226	0.895692
0.227	0.89673
0.228	0.897758
0.229	0.898776
0.23	0.899784
0.231	0.900781
0.232	0.901769
0.233	0.902747
0.234	0.903715
0.235	0.904674
0.236	0.905623
0.237	0.906562
0.238	0.907493
0.239	0.908414
0.24	0.909325
0.241	0.910228
0.242	0.911122
0.243	0.912007
0.244	0.912883
0.245	0.91375
0.246	0.914609
0.247	0.915459
0.248	0.916301
0.249	0.917134
0.25	0.917959
0.251	0.918776
0.252	0.919584
0.253	0.920385
0.254	0.921178
0.255	0.921962
0.256	0.922739
0.257	0.923509
0.258	0.92427
0.259	0.925024
0.26	0.925771
0.261	0.92651
0.262	0.927241
0.263	0.927966
0.264	0.928683
0.265	0.929393
0.266	0.930096
0.267	0.930792
0.268	0.931481
0.269	0.932163
0.27	0.932839
0.271	0.933507
0.272	0.934169
0.273	0.934825
0.274	0.935474
0.275	0.936116
0.276	0.936752
0.277	0.937382
0.278	0.938006
0.279	0.938623
0.28	0.939234
0.281	0.939839
0.282	0.940438
0.283	0.941031
0.284	0.941618
0.285	0.9422
0.286	0.942775
0.287	0.943345
0.288	0.943909
0.289	0.944468
0.29	0.945021
0.291	0.945568
0.292	0.94611
0.293	0.946647
0.294	0.947178
0.295	0.947704
0.296	0.948225
0.297	0.94874
0.298	0.949251
0.299	0.949756
0.3	0.950257
0.301	0.950752
0.302	0.951242
0.303	0.951728
0.304	0.952209
0.305	0.952685
0.306	0.953156
0.307	0.953622
0.308	0.954084
0.309	0.954541
0.31	0.954994
0.311	0.955442
0.312	0.955886
0.313	0.956325
0.314	0.95676
0.315	0.957191
0.316	0.957617
0.317	0.958039
0.318	0.958457
0.319	0.958871
0.32	0.959281
0.321	0.959686
0.322	0.960088
0.323	0.960485
0.324	0.960879
0.325	0.961269
0.326	0.961654
0.327	0.962036
0.328	0.962414
0.329	0.962789
0.33	0.963159
0.331	0.963526
0.332	0.96389
0.333	0.964249
0.334	0.964606
0.335	0.964958
0.336	0.965307
0.337	0.965653
0.338	0.965995
0.339	0.966334
0.34	0.966669
0.341	0.967001
0.342	0.96733
0.343	0.967655
0.344	0.967978
0.345	0.968297
0.346	0.968613
0.347	0.968925
0.348	0.969235
0.349	0.969541
0.35	0.969845
0.351	0.970145
0.352	0.970443
0.353	0.970737
0.354	0.971029
0.355	0.971318
0.356	0.971603
0.357	0.971886
0.358	0.972167
0.359	0.972444
0.36	0.972719
0.361	0.97299
0.362	0.97326
0.363	0.973526
0.364	0.97379
0.365	0.974051
0.366	0.97431
0.367	0.974566
0.368	0.974819
0.369	0.97507
0.37	0.975319
0.371	0.975565
0.372	0.975808
0.373	0.97605
0.374	0.976288
0.375	0.976525
0.376	0.976759
0.377	0.97699
0.378	0.97722
0.379	0.977447
0.38	0.977672
0.381	0.977894
0.382	0.978115
0.383	0.978333
0.384	0.978549
0.385	0.978763
0.386	0.978975
0.387	0.979184
0.388	0.979392
0.389	0.979597
0.39	0.979801
0.391	0.980002
0.392	0.980202
0.393	0.980399
0.394	0.980595
0.395	0.980788
0.396	0.98098
0.397	0.98117
0.398	0.981358
0.399	0.981543
0.4	0.981728
0.401	0.98191
0.402	0.98209
0.403	0.982269
0.404	0.982446
0.405	0.982621
0.406	0.982795
0.407	0.982966
0.408	0.983136
0.409	0.983304
0.41	0.983471
0.411	0.983636
0.412	0.983799
0.413	0.983961
0.414	0.984121
0.415	0.98428
0.416	0.984436
0.417	0.984592
0.418	0.984746
0.419	0.984898
0.42	0.985049
0.421	0.985198
0.422	0.985346
0.423	0.985492
0.424	0.985637
0.425	0.98578
0.426	0.985922
0.427	0.986063
0.428	0.986202
0.429	0.98634
0.43	0.986476
0.431	0.986611
0.432	0.986745
0.433	0.986877
0.434	0.987008
0.435	0.987138
0.436	0.987267
0.437	0.987394
0.438	0.98752
0.439	0.987645
0.44	0.987768
0.441	0.98789
0.442	0.988011
0.443	0.988131
0.444	0.98825
0.445	0.988367
0.446	0.988483
0.447	0.988598
0.448	0.988712
0.449	0.988825
0.45	0.988937
0.451	0.989047
0.452	0.989157
0.453	0.989265
0.454	0.989373
0.455	0.989479
0.456	0.989584
0.457	0.989688
0.458	0.989791
0.459	0.989893
0.46	0.989994
0.461	0.990094
0.462	0.990193
0.463	0.990292
0.464	0.990389
0.465	0.990485
0.466	0.99058
0.467	0.990674
0.468	0.990767
0.469	0.99086
0.47	0.990951
0.471	0.991042
0.472	0.991131
0.473	0.99122
0.474	0.991308
0.475	0.991395
0.476	0.991481
0.477	0.991566
0.478	0.991651
0.479	0.991734
0.48	0.991817
0.481	0.991899
0.482	0.99198
0.483	0.99206
0.484	0.99214
0.485	0.992218
0.486	0.992296
0.487	0.992374
0.488	0.99245
0.489	0.992525
0.49	0.9926
0.491	0.992674
0.492	0.992748
0.493	0.99282
0.494	0.992892
0.495	0.992963
0.496	0.993034
0.497	0.993104
0.498	0.993173
0.499	0.993241
0.5	0.993309
0.501	0.993376
0.502	0.993442
0.503	0.993508
0.504	0.993573
0.505	0.993638
0.506	0.993701
0.507	0.993764
0.508	0.993827
0.509	0.993889
0.51	0.99395
0.511	0.994011
0.512	0.994071
0.513	0.99413
0.514	0.994189
0.515	0.994247
0.516	0.994305
0.517	0.994362
0.518	0.994419
0.519	0.994475
0.52	0.99453
0.521	0.994585
0.522	0.994639
0.523	0.994693
0.524	0.994746
0.525	0.994799
0.526	0.994851
0.527	0.994903
0.528	0.994954
0.529	0.995005
0.53	0.995055
0.531	0.995104
0.532	0.995153
0.533	0.995202
0.534	0.99525
0.535	0.995298
0.536	0.995345
0.537	0.995392
0.538	0.995438
0.539	0.995484
0.54	0.995529
0.541	0.995574
0.542	0.995619
0.543	0.995663
0.544	0.995706
0.545	0.995749
0.546	0.995792
0.547	0.995834
0.548	0.995876
0.549	0.995918
0.55	0.995959
0.551	0.995999
0.552	0.99604
0.553	0.996079
0.554	0.996119
0.555	0.996158
0.556	0.996196
0.557	0.996235
0.558	0.996273
0.559	0.99631
0.56	0.996347
0.561	0.996384
0.562	0.99642
0.563	0.996456
0.564	0.996492
0.565	0.996527
0.566	0.996562
0.567	0.996597
0.568	0.996631
0.569	0.996665
0.57	0.996699
0.571	0.996732
0.572	0.996765
0.573	0.996797
0.574	0.99683
0.575	0.996862
0.576	0.996893
0.577	0.996925
0.578	0.996956
0.579	0.996986
0.58	0.997017
0.581	0.997047
0.582	0.997077
0.583	0.997106
0.584	0.997135
0.585	0.997164
0.586	0.997193
0.587	0.997221
0.588	0.997249
0.589	0.997277
0.59	0.997304
0.591	0.997332
0.592	0.997359
0.593	0.997385
0.594	0.997412
0.595	0.997438
0.596	0.997464
0.597	0.99749
0.598	0.997515
0.599	0.99754
0.6	0.997565
0.601	0.99759
0.602	0.997614
0.603	0.997638
0.604	0.997662
0.605	0.997686
0.606	0.997709
0.607	0.997732
0.608	0.997755
0.609	0.997778
0.61	0.997801
0.611	0.997823
0.612	0.997845
0.613	0.997867
0.614	0.997889
0.615	0.99791
0.616	0.997931
0.617	0.997952
0.618	0.997973
0.619	0.997994
0.62	0.998014
0.621	0.998034
0.622	0.998054
0.623	0.998074
0.624	0.998094
0.625	0.998113
0.626	0.998132
0.627	0.998151
0.628	0.99817
0.629	0.998189
0.63	0.998207
0.631	0.998226
0.632	0.998244
0.633	0.998262
0.634	0.998279
0.635	0.998297
0.636	0.998314
0.637	0.998332
0.638	0.998349
0.639	0.998366
0.64	0.998382
0.641	0.998399
0.642	0.998415
0.643	0.998431
0.644	0.998448
0.645	0.998463
0.646	0.998479
0.647	0.998495
0.648	0.99851
0.649	0.998526
0.65	0.998541
0.651	0.998556
0.652	0.998571
0.653	0.998585
0.654	0.9986
0.655	0.998614
0.656	0.998628
0.657	0.998643
0.658	0.998657
0.659	0.99867
0.66	0.998684
0.661	0.998698
0.662	0.998711
0.663	0.998725
0.664	0.998738
0.665	0.998751
0.666	0.998764
0.667	0.998776
0.668	0.998789
0.669	0.998802
0.67	0.998814
0.671	0.998826
0.672	0.998839
0.673	0.998851
0.674	0.998863
0.675	0.998874
0.676	0.998886
0.677	0.998898
0.678	0.998909
0.679	0.99892
0.68	0.998932
0.681	0.998943
0.682	0.998954
0.683	0.998965
0.684	0.998976
0.685	0.998986
0.686	0.998997
0.687	0.999007
0.688	0.999018
0.689	0.999028
0.69	0.999038
0.691	0.999048
0.692	0.999058
0.693	0.999068
0.694	0.999078
0.695	0.999088
0.696	0.999097
0.697	0.999107
0.698	0.999116
0.699	0.999125
0.7	0.999134
0.701	0.999144
0.702	0.999153
0.703	0.999162
0.704	0.99917
0.705	0.999179
0.706	0.999188
0.707	0.999196
0.708	0.999205
0.709	0.999213
0.71	0.999222
0.711	0.99923
0.712	0.999238
0.713	0.999246
0.714	0.999254
0.715	0.999262
0.716	0.99927
0.717	0.999278
0.718	0.999285
0.719	0.999293
0.72	0.9993
0.721	0.999308
0.722	0.999315
0.723	0.999323
0.724	0.99933
0.725	0.999337
0.726	0.999344
0.727	0.999351
0.728	0.999358
0.729	0.999365
0.73	0.999372
0.731	0.999378
0.732	0.999385
0.733	0.999392
0.734	0.999398
0.735	0.999405
0.736	0.999411
0.737	0.999417
0.738	0.999424
0.739	0.99943
0.74	0.999436
0.741	0.999442
0.742	0.999448
0.743	0.999454
0.744	0.99946
0.745	0.999466
0.746	0.999471
0.747	0.999477
0.748	0.999483
0.749	0.999488
0.75	0.999494
0.751	0.999499
0.752	0.999505
0.753	0.99951
0.754	0.999516
0.755	0.999521
0.756	0.999526
0.757	0.999531
0.758	0.999536
0.759	0.999541
0.76	0.999546
0.761	0.999551
0.762	0.999556
0.763	0.999561
0.764	0.999566
0.765	0.999571
0.766	0.999575
0.767	0.99958
0.768	0.999584
0.769	0.999589
0.77	0.999594
0.771	0.999598
0.772	0.999602
0.773	0.999607
0.774	0.999611
0.775	0.999615
0.776	0.99962
0.777	0.999624
0.778	0.999628
0.779	0.999632
0.78	0.999636
0.781	0.99964
0.782	0.999644
0.783	0.999648
0.784	0.999652
0.785	0.999656
0.786	0.99966
0.787	0.999663
0.788	0.999667
0.789	0.999671
0.79	0.999675
0.791	0.999678
0.792	0.999682
0.793	0.999685
0.794	0.999689
0.795	0.999692
0.796	0.999696
0.797	0.999699
0.798	0.999703
0.799	0.999706
0.8	0.999709
0.801	0.999713
0.802	0.999716
0.803	0.999719
0.804	0.999722
0.805	0.999725
0.806	0.999729
0.807	0.999732
0.808	0.999735
0.809	0.999738
0.81	0.999741
0.811	0.999744
0.812	0.999747
0.813	0.99975
0.814	0.999752
0.815	0.999755
0.816	0.999758
0.817	0.999761
0.818	0.999764
0.819	0.999766
0.82	0.999769
0.821	0.999772
0.822	0.999775
0.823	0.999777
0.824	0.99978
0.825	0.999782
0.826	0.999785
0.827	0.999788
0.828	0.99979
0.829	0.999793
0.83	0.999795
0.831	0.999798
0.832	0.9998
0.833	0.999802
0.834	0.999805
0.835	0.999807
0.836	0.999809
0.837	0.999812
0.838	0.999814
0.839	0.999816
0.84	0.999819
0.841	0.999821
0.842	0.999823
0.843	0.999825
0.844	0.999827
0.845	0.99983
0.846	0.999832
0.847	0.999834
0.848	0.999836
0.849	0.999838
0.85	0.99984
0.851	0.999842
0.852	0.999844
0.853	0.999846
0.854	0.999848
0.855	0.99985
0.856	0.999852
0.857	0.999854
0.858	0.999856
0.859	0.999858
0.86	0.99986
0.861	0.999862
0.862	0.999864
0.863	0.999865
0.864	0.999867
0.865	0.999869
0.866	0.999871
0.867	0.999873
0.868	0.999874
0.869	0.999876
0.87	0.999878
0.871	0.99988
0.872	0.999881
0.873	0.999883
0.874	0.999885
0.875	0.999886
0.876	0.999888
0.877	0.99989
0.878	0.999891
0.879	0.999893
0.88	0.999894
0.881	0.999896
0.882	0.999898
0.883	0.999899
0.884	0.999901
0.885	0.999902
0.886	0.999904
0.887	0.999905
0.888	0.999907
0.889	0.999908
0.89	0.99991
0.891	0.999911
0.892	0.999912
0.893	0.999914
0.894	0.999915
0.895	0.999917
0.896	0.999918
0.897	0.999919
0.898	0.999921
0.899	0.999922
0.9	0.999923
0.901	0.999925
0.902	0.999926
0.903	0.999927
0.904	0.999928
0.905	0.99993
0.906	0.999931
0.907	0.999932
0.908	0.999933
0.909	0.999934
0.91	0.999936
0.911	0.999937
0.912	0.999938
0.913	0.999939
0.914	0.99994
0.915	0.999941
0.916	0.999942
0.917	0.999943
0.918	0.999944
0.919	0.999945
0.92	0.999947
0.921	0.999948
0.922	0.999949
0.923	0.999949
0.924	0.99995
0.925	0.999951
0.926	0.999952
0.927	0.999953
0.928	0.999954
0.929	0.999955
0.93	0.999956
0.931	0.999957
0.932	0.999958
0.933	0.999958
0.934	0.999959
0.935	0.99996
0.936	0.999961
0.937	0.999962
0.938	0.999962
0.939	0.999963
0.94	0.999964
0.941	0.999965
0.942	0.999965
0.943	0.999966
0.944	0.999967
0.945	0.999967
0.946	0.999968
0.947	0.999969
0.948	0.999969
0.949	0.99997
0.95	0.999971
0.951	0.999971
0.952	0.999972
0.953	0.999972
0.954	0.999973
0.955	0.999974
0.956	0.999974
0.957	0.999975
0.958	0.999975
0.959	0.999976
0.96	0.999976
0.961	0.999977
0.962	0.999977
0.963	0.999978
0.964	0.999978
0.965	0.999979
0.966	0.99998
0.967	0.99998
0.968	0.999981
0.969	0.999981
0.97	0.999982
0.971	0.999982
0.972	0.999983
0.973	0.999983
0.974	0.999984
0.975	0.999984
0.976	0.999985
0.977	0.999985
0.978	0.999986
0.979	0.999987
0.98	0.999987
0.981	0.999988
0.982	0.999989
0.983	0.999989
0.984	0.99999
0.985	0.999991
0.986	0.999992
0.987	0.999992
0.988	0.999993
0.989	0.999994
0.99	0.999995
0.991	0.999996
0.992	0.999997
0.993	0.999998
0.994	0.999999
0.995	1
0.996	1
0.997	1
0.998	1
0.999	1.00001
