# Interpolation data for function: (exp(-10*x)-1)/(exp(-10)-1)
0	0.0136465
0.001	0.0227054
0.002	0.0316944
0.003	0.0406138
0.004	0.049464
0.005	0.0582453
0.006	0.0669582
0.007	0.075603
0.008	0.0841802
0.009	0.09269
0.01	0.101133
0.011	0.109509
0.012	0.11782
0.013	0.126064
0.014	0.134243
0.015	0.142357
0.016	0.150406
0.017	0.158391
0.018	0.166312
0.019	0.174169
0.02	0.181963
0.021	0.189694
0.022	0.197363
0.023	0.20497
0.024	0.212515
0.025	0.219998
0.026	0.227421
0.027	0.234782
0.028	0.242084
0.029	0.249325
0.03	0.256507
0.031	0.263629
0.032	0.270693
0.033	0.277698
0.034	0.284645
0.035	0.291534
0.036	0.298365
0.037	0.30514
0.038	0.311857
0.039	0.318518
0.04	0.325123
0.041	0.331672
0.042	0.338166
0.043	0.344604
0.044	0.350988
0.045	0.357317
0.046	0.363593
0.047	0.369814
0.048	0.375982
0.049	0.382097
0.05	0.38816
0.051	0.39417
0.052	0.400127
0.053	0.406033
0.054	0.411888
0.055	0.417692
0.056	0.423444
0.057	0.429147
0.058	0.434799
0.059	0.440401
0.06	0.445954
0.061	0.451458
0.062	0.456913
0.063	0.462319
0.064	0.467677
0.065	0.472988
0.066	0.478251
0.067	0.483466
0.068	0.488635
0.069	0.493757
0.07	0.498833
0.071	0.503862
0.072	0.508846
0.073	0.513785
0.074	0.518679
0.075	0.523527
0.076	0.528332
0.077	0.533092
0.078	0.537808
0.079	0.542481
0.08	0.547111
0.081	0.551697
0.082	0.556241
0.083	0.560743
0.084	0.565203
0.085	0.56962
0.086	0.573997
0.087	0.578332
0.088	0.582626
0.089	0.58688
0.09	0.591093
0.091	0.595267
0.092	0.599401
0.093	0.603495
0.094	0.60755
0.095	0.611566
0.096	0.615544
0.097	0.619483
0.098	0.623385
0.099	0.627248
0.1	0.631074
0.101	0.634863
0.102	0.638615
0.103	0.642331
0.104	0.64601
0.105	0.649653
0.106	0.65326
0.107	0.656832
0.108	0.660368
0.109	0.66387
0.11	0.667337
0.111	0.670769
0.112	0.674167
0.113	0.677531
0.114	0.680862
0.115	0.684159
0.116	0.687423
0.117	0.690654
0.118	0.693852
0.119	0.697018
0.12	0.700152
0.121	0.703254
0.122	0.706325
0.123	0.709364
0.124	0.712372
0.125	0.71535
0.126	0.718296
0.127	0.721213
0.128	0.724099
0.129	0.726956
0.13	0.729783
0.131	0.73258
0.132	0.735349
0.133	0.738089
0.134	0.7408
0.135	0.743482
0.136	0.746137
0.137	0.748764
0.138	0.751363
0.139	0.753934
0.14	0.756479
0.141	0.758996
0.142	0.761487
0.143	0.763951
0.144	0.766389
0.145	0.768801
0.146	0.771188
0.147	0.773548
0.148	0.775884
0.149	0.778194
0.15	0.780479
0.151	0.78274
0.152	0.784977
0.153	0.787189
0.154	0.789377
0.155	0.791541
0.156	0.793682
0.157	0.795799
0.158	0.797894
0.159	0.799965
0.16	0.802014
0.161	0.80404
0.162	0.806044
0.163	0.808026
0.164	0.809987
0.165	0.811925
0.166	0.813842
0.167	0.815738
0.168	0.817613
0.169	0.819467
0.17	0.821301
0.171	0.823114
0.172	0.824906
0.173	0.826679
0.174	0.828432
0.175	0.830166
0.176	0.83188
0.177	0.833575
0.178	0.835251
0.179	0.836908
0.18	0.838546
0.181	0.840166
0.182	0.841767
0.183	0.843351
0.184	0.844917
0.185	0.846465
0.186	0.847995
0.187	0.849509
0.188	0.851005
0.189	0.852484
0.19	0.853946
0.191	0.855392
0.192	0.856822
0.193	0.858235
0.194	0.859632
0.195	0.861013
0.196	0.862379
0.197	0.863729
0.198	0.865064
0.199	0.866383
0.2	0.867688
0.201	0.868977
0.202	0.870252
0.203	0.871513
0.204	0.872759
0.205	0.873991
0.206	0.875209
0.207	0.876413
0.208	0.877604
0.209	0.878781
0.21	0.879944
0.211	0.881095
0.212	0.882232
0.213	0.883356
0.214	0.884468
0.215	0.885567
0.216	0.886654
0.217	0.887729
0.218	0.888791
0.219	0.889841
0.22	0.89088
0.221	0.891907
0.222	0.892922
0.223	0.893926
0.224	0.894919
0.225	0.895901
0.226	0.896871
0.227	0.897831
0.228	0.89878
0.229	0.899719
0.23	0.900647
0.231	0.901566
0.232	0.902473
0.233	0.903371
0.234	0.90426
0.235	0.905138
0.236	0.906007
0.237	0.906866
0.238	0.907716
0.239	0.908557
0.24	0.909389
0.241	0.910212
0.242	0.911026
0.243	0.911831
0.244	0.912628
0.245	0.913417
0.246	0.914197
0.247	0.914969
0.248	0.915732
0.249	0.916488
0.25	0.917236
0.251	0.917976
0.252	0.918709
0.253	0.919434
0.254	0.920152
0.255	0.920862
0.256	0.921565
0.257	0.922261
0.258	0.922951
0.259	0.923633
0.26	0.924309
0.261	0.924978
0.262	0.92564
0.263	0.926296
0.264	0.926946
0.265	0.927589
0.266	0.928227
0.267	0.928858
0.268	0.929483
0.269	0.930103
0.27	0.930717
0.271	0.931325
0.272	0.931927
0.273	0.932524
0.274	0.933116
0.275	0.933703
0.276	0.934284
0.277	0.93486
0.278	0.935431
0.279	0.935997
0.28	0.936559
0.281	0.937115
0.282	0.937667
0.283	0.938214
0.284	0.938757
0.285	0.939295
0.286	0.939829
0.287	0.940359
0.288	0.940884
0.289	0.941405
0.29	0.941922
0.291	0.942436
0.292	0.942945
0.293	0.94345
0.294	0.943952
0.295	0.94445
0.296	0.944944
0.297	0.945434
0.298	0.945921
0.299	0.946405
0.3	0.946885
0.301	0.947362
0.302	0.947836
0.303	0.948306
0.304	0.948773
0.305	0.949237
0.306	0.949698
0.307	0.950156
0.308	0.950611
0.309	0.951064
0.31	0.951513
0.311	0.95196
0.312	0.952404
0.313	0.952845
0.314	0.953283
0.315	0.953719
0.316	0.954153
0.317	0.954583
0.318	0.955012
0.319	0.955438
0.32	0.955861
0.321	0.956283
0.322	0.956702
0.323	0.957118
0.324	0.957533
0.325	0.957945
0.326	0.958355
0.327	0.958763
0.328	0.959169
0.329	0.959573
0.33	0.959975
0.331	0.960374
0.332	0.960772
0.333	0.961168
0.334	0.961562
0.335	0.961954
0.336	0.962344
0.337	0.962733
0.338	0.963119
0.339	0.963504
0.34	0.963887
0.341	0.964268
0.342	0.964647
0.343	0.965025
0.344	0.965401
0.345	0.965775
0.346	0.966147
0.347	0.966518
0.348	0.966887
0.349	0.967254
0.35	0.96762
0.351	0.967984
0.352	0.968347
0.353	0.968707
0.354	0.969066
0.355	0.969424
0.356	0.96978
0.357	0.970134
0.358	0.970487
0.359	0.970838
0.36	0.971187
0.361	0.971535
0.362	0.971881
0.363	0.972225
0.364	0.972568
0.365	0.972909
0.366	0.973248
0.367	0.973586
0.368	0.973922
0.369	0.974256
0.37	0.974588
0.371	0.974919
0.372	0.975248
0.373	0.975575
0.374	0.975901
0.375	0.976225
0.376	0.976546
0.377	0.976866
0.378	0.977184
0.379	0.977501
0.38	0.977815
0.381	0.978127
0.382	0.978437
0.383	0.978746
0.384	0.979052
0.385	0.979356
0.386	0.979658
0.387	0.979959
0.388	0.980256
0.389	0.980552
0.39	0.980846
0.391	0.981137
0.392	0.981426
0.393	0.981712
0.394	0.981996
0.395	0.982278
0.396	0.982558
0.397	0.982834
0.398	0.983109
0.399	0.98338
0.4	0.983649
0.401	0.983916
0.402	0.984179
0.403	0.98444
0.404	0.984698
0.405	0.984953
0.406	0.985205
0.407	0.985455
0.408	0.985701
0.409	0.985944
0.41	0.986184
0.411	0.986421
0.412	0.986654
0.413	0.986884
0.414	0.987111
0.415	0.987334
0.416	0.987554
0.417	0.98777
0.418	0.987982
0.419	0.988191
0.42	0.988396
0.421	0.988597
0.422	0.988794
0.423	0.988988
0.424	0.989177
0.425	0.989362
0.426	0.989543
0.427	0.989719
0.428	0.989891
0.429	0.990059
0.43	0.990222
0.431	0.990381
0.432	0.990535
0.433	0.990684
0.434	0.990828
0.435	0.990967
0.436	0.991102
0.437	0.991231
0.438	0.991355
0.439	0.991474
0.44	0.991587
0.441	0.991695
0.442	0.991798
0.443	0.991894
0.444	0.991985
0.445	0.992071
0.446	0.99215
0.447	0.992223
0.448	0.99229
0.449	0.992351
0.45	0.992406
0.451	0.992454
0.452	0.992496
0.453	0.992531
0.454	0.992559
0.455	0.99258
0.456	0.992595
0.457	0.992602
0.458	0.992603
0.459	0.992596
0.46	0.992581
0.461	0.99256
0.462	0.99253
0.463	0.992493
0.464	0.992448
0.465	0.992395
0.466	0.992334
0.467	0.992265
0.468	0.992187
0.469	0.992101
0.47	0.992007
0.471	0.991904
0.472	0.991792
0.473	0.991671
0.474	0.991541
0.475	0.991402
0.476	0.991253
0.477	0.991095
0.478	0.990928
0.479	0.990751
0.48	0.990564
0.481	0.990367
0.482	0.99016
0.483	0.989943
0.484	0.989715
0.485	0.989477
0.486	0.989228
0.487	0.988968
0.488	0.988698
0.489	0.988416
0.49	0.988124
0.491	0.987819
0.492	0.987504
0.493	0.987176
0.494	0.986837
0.495	0.986486
0.496	0.986123
0.497	0.985748
0.498	0.98536
0.499	0.984959
0.5	0.998707
0.501	0.998707
0.502	0.998707
0.503	0.998707
0.504	0.998707
0.505	0.998707
0.506	0.998707
0.507	0.998707
0.508	0.998707
0.509	0.998707
0.51	0.998707
0.511	0.998707
0.512	0.998707
0.513	0.998707
0.514	0.998707
0.515	0.998707
0.516	0.998707
0.517	0.998707
0.518	0.998707
0.519	0.998707
0.52	0.998707
0.521	0.998707
0.522	0.998707
0.523	0.998707
0.524	0.998707
0.525	0.998707
0.526	0.998707
0.527	0.998707
0.528	0.998707
0.529	0.998707
0.53	0.998707
0.531	0.998707
0.532	0.998707
0.533	0.998707
0.534	0.998707
0.535	0.998707
0.536	0.998707
0.537	0.998707
0.538	0.998707
0.539	0.998707
0.54	0.998707
0.541	0.998707
0.542	0.998707
0.543	0.998707
0.544	0.998707
0.545	0.998707
0.546	0.998707
0.547	0.998707
0.548	0.998707
0.549	0.998707
0.55	0.998707
0.551	0.998707
0.552	0.998707
0.553	0.998707
0.554	0.998707
0.555	0.998707
0.556	0.998707
0.557	0.998707
0.558	0.998707
0.559	0.998707
0.56	0.998707
0.561	0.998707
0.562	0.998707
0.563	0.998707
0.564	0.998707
0.565	0.998707
0.566	0.998707
0.567	0.998707
0.568	0.998707
0.569	0.998707
0.57	0.998707
0.571	0.998707
0.572	0.998707
0.573	0.998707
0.574	0.998707
0.575	0.998707
0.576	0.998707
0.577	0.998707
0.578	0.998707
0.579	0.998707
0.58	0.998707
0.581	0.998707
0.582	0.998707
0.583	0.998707
0.584	0.998707
0.585	0.998707
0.586	0.998707
0.587	0.998707
0.588	0.998707
0.589	0.998707
0.59	0.998707
0.591	0.998707
0.592	0.998707
0.593	0.998707
0.594	0.998707
0.595	0.998707
0.596	0.998707
0.597	0.998707
0.598	0.998707
0.599	0.998707
0.6	0.998707
0.601	0.998707
0.602	0.998707
0.603	0.998707
0.604	0.998707
0.605	0.998707
0.606	0.998707
0.607	0.998707
0.608	0.998707
0.609	0.998707
0.61	0.998707
0.611	0.998707
0.612	0.998707
0.613	0.998707
0.614	0.998707
0.615	0.998707
0.616	0.998707
0.617	0.998707
0.618	0.998707
0.619	0.998707
0.62	0.998707
0.621	0.998707
0.622	0.998707
0.623	0.998707
0.624	0.998707
0.625	0.998707
0.626	0.998707
0.627	0.998707
0.628	0.998707
0.629	0.998707
0.63	0.998707
0.631	0.998707
0.632	0.998707
0.633	0.998707
0.634	0.998707
0.635	0.998707
0.636	0.998707
0.637	0.998707
0.638	0.998707
0.639	0.998707
0.64	0.998707
0.641	0.998707
0.642	0.998707
0.643	0.998707
0.644	0.998707
0.645	0.998707
0.646	0.998707
0.647	0.998707
0.648	0.998707
0.649	0.998707
0.65	0.998707
0.651	0.998707
0.652	0.998707
0.653	0.998707
0.654	0.998707
0.655	0.998707
0.656	0.998707
0.657	0.998707
0.658	0.998707
0.659	0.998707
0.66	0.998707
0.661	0.998707
0.662	0.998707
0.663	0.998707
0.664	0.998707
0.665	0.998707
0.666	0.998707
0.667	0.998707
0.668	0.998707
0.669	0.998707
0.67	0.998707
0.671	0.998707
0.672	0.998707
0.673	0.998707
0.674	0.998707
0.675	0.998707
0.676	0.998707
0.677	0.998707
0.678	0.998707
0.679	0.998707
0.68	0.998707
0.681	0.998707
0.682	0.998707
0.683	0.998707
0.684	0.998707
0.685	0.998707
0.686	0.998707
0.687	0.998707
0.688	0.998707
0.689	0.998707
0.69	0.998707
0.691	0.998707
0.692	0.998707
0.693	0.998707
0.694	0.998707
0.695	0.998707
0.696	0.998707
0.697	0.998707
0.698	0.998707
0.699	0.998707
0.7	0.998707
0.701	0.998707
0.702	0.998707
0.703	0.998707
0.704	0.998707
0.705	0.998707
0.706	0.998707
0.707	0.998707
0.708	0.998707
0.709	0.998707
0.71	0.998707
0.711	0.998707
0.712	0.998707
0.713	0.998707
0.714	0.998707
0.715	0.998707
0.716	0.998707
0.717	0.998707
0.718	0.998707
0.719	0.998707
0.72	0.998707
0.721	0.998707
0.722	0.998707
0.723	0.998707
0.724	0.998707
0.725	0.998707
0.726	0.998707
0.727	0.998707
0.728	0.998707
0.729	0.998707
0.73	0.998707
0.731	0.998707
0.732	0.998707
0.733	0.998707
0.734	0.998707
0.735	0.998707
0.736	0.998707
0.737	0.998707
0.738	0.998707
0.739	0.998707
0.74	0.998707
0.741	0.998707
0.742	0.998707
0.743	0.998707
0.744	0.998707
0.745	0.998707
0.746	0.998707
0.747	0.998707
0.748	0.998707
0.749	0.998707
0.75	0.998707
0.751	0.998707
0.752	0.998707
0.753	0.998707
0.754	0.998707
0.755	0.998707
0.756	0.998707
0.757	0.998707
0.758	0.998707
0.759	0.998707
0.76	0.998707
0.761	0.998707
0.762	0.998707
0.763	0.998707
0.764	0.998707
0.765	0.998707
0.766	0.998707
0.767	0.998707
0.768	0.998707
0.769	0.998707
0.77	0.998707
0.771	0.998707
0.772	0.998707
0.773	0.998707
0.774	0.998707
0.775	0.998707
0.776	0.998707
0.777	0.998707
0.778	0.998707
0.779	0.998707
0.78	0.998707
0.781	0.998707
0.782	0.998707
0.783	0.998707
0.784	0.998707
0.785	0.998707
0.786	0.998707
0.787	0.998707
0.788	0.998707
0.789	0.998707
0.79	0.998707
0.791	0.998707
0.792	0.998707
0.793	0.998707
0.794	0.998707
0.795	0.998707
0.796	0.998707
0.797	0.998707
0.798	0.998707
0.799	0.998707
0.8	0.998707
0.801	0.998707
0.802	0.998707
0.803	0.998707
0.804	0.998707
0.805	0.998707
0.806	0.998707
0.807	0.998707
0.808	0.998707
0.809	0.998707
0.81	0.998707
0.811	0.998707
0.812	0.998707
0.813	0.998707
0.814	0.998707
0.815	0.998707
0.816	0.998707
0.817	0.998707
0.818	0.998707
0.819	0.998707
0.82	0.998707
0.821	0.998707
0.822	0.998707
0.823	0.998707
0.824	0.998707
0.825	0.998707
0.826	0.998707
0.827	0.998707
0.828	0.998707
0.829	0.998707
0.83	0.998707
0.831	0.998707
0.832	0.998707
0.833	0.998707
0.834	0.998707
0.835	0.998707
0.836	0.998707
0.837	0.998707
0.838	0.998707
0.839	0.998707
0.84	0.998707
0.841	0.998707
0.842	0.998707
0.843	0.998707
0.844	0.998707
0.845	0.998707
0.846	0.998707
0.847	0.998707
0.848	0.998707
0.849	0.998707
0.85	0.998707
0.851	0.998707
0.852	0.998707
0.853	0.998707
0.854	0.998707
0.855	0.998707
0.856	0.998707
0.857	0.998707
0.858	0.998707
0.859	0.998707
0.86	0.998707
0.861	0.998707
0.862	0.998707
0.863	0.998707
0.864	0.998707
0.865	0.998707
0.866	0.998707
0.867	0.998707
0.868	0.998707
0.869	0.998707
0.87	0.998707
0.871	0.998707
0.872	0.998707
0.873	0.998707
0.874	0.998707
0.875	0.998707
0.876	0.998707
0.877	0.998707
0.878	0.998707
0.879	0.998707
0.88	0.998707
0.881	0.998707
0.882	0.998707
0.883	0.998707
0.884	0.998707
0.885	0.998707
0.886	0.998707
0.887	0.998707
0.888	0.998707
0.889	0.998707
0.89	0.998707
0.891	0.998707
0.892	0.998707
0.893	0.998707
0.894	0.998707
0.895	0.998707
0.896	0.998707
0.897	0.998707
0.898	0.998707
0.899	0.998707
0.9	0.998707
0.901	0.998707
0.902	0.998707
0.903	0.998707
0.904	0.998707
0.905	0.998707
0.906	0.998707
0.907	0.998707
0.908	0.998707
0.909	0.998707
0.91	0.998707
0.911	0.998707
0.912	0.998707
0.913	0.998707
0.914	0.998707
0.915	0.998707
0.916	0.998707
0.917	0.998707
0.918	0.998707
0.919	0.998707
0.92	0.998707
0.921	0.998707
0.922	0.998707
0.923	0.998707
0.924	0.998707
0.925	0.998707
0.926	0.998707
0.927	0.998707
0.928	0.998707
0.929	0.998707
0.93	0.998707
0.931	0.998707
0.932	0.998707
0.933	0.998707
0.934	0.998707
0.935	0.998707
0.936	0.998707
0.937	0.998707
0.938	0.998707
0.939	0.998707
0.94	0.998707
0.941	0.998707
0.942	0.998707
0.943	0.998707
0.944	0.998707
0.945	0.998707
0.946	0.998707
0.947	0.998707
0.948	0.998707
0.949	0.998707
0.95	0.998707
0.951	0.998707
0.952	0.998707
0.953	0.998707
0.954	0.998707
0.955	0.998707
0.956	0.998707
0.957	0.998707
0.958	0.998707
0.959	0.998707
0.96	0.998707
0.961	0.998707
0.962	0.998707
0.963	0.998707
0.964	0.998707
0.965	0.998707
0.966	0.998707
0.967	0.998707
0.968	0.998707
0.969	0.998707
0.97	0.998707
0.971	0.998707
0.972	0.998707
0.973	0.998707
0.974	0.998707
0.975	0.998707
0.976	0.998707
0.977	0.998707
0.978	0.998707
0.979	0.998707
0.98	0.998707
0.981	0.998707
0.982	0.998707
0.983	0.998707
0.984	0.998707
0.985	0.998707
0.986	0.998707
0.987	0.998707
0.988	0.998707
0.989	0.998707
0.99	0.998707
0.991	0.998707
0.992	0.998707
0.993	0.998707
0.994	0.998707
0.995	0.998707
0.996	0.998707
0.997	0.998707
0.998	0.998707
0.999	0.998707
