# Interpolation data for function: (exp(-10*x)-1)/(exp(-10)-1)
0	0.660018
0.001	0.660498
0.002	0.660978
0.003	0.661458
0.004	0.661938
0.005	0.662418
0.006	0.662898
0.007	0.663379
0.008	0.663859
0.009	0.664339
0.01	0.664819
0.011	0.665299
0.012	0.665779
0.013	0.666259
0.014	0.666739
0.015	0.667219
0.016	0.667699
0.017	0.668179
0.018	0.668659
0.019	0.669139
0.02	0.669619
0.021	0.670099
0.022	0.670579
0.023	0.671059
0.024	0.671539
0.025	0.67202
0.026	0.6725
0.027	0.67298
0.028	0.67346
0.029	0.67394
0.03	0.67442
0.031	0.6749
0.032	0.67538
0.033	0.67586
0.034	0.67634
0.035	0.67682
0.036	0.6773
0.037	0.67778
0.038	0.67826
0.039	0.67874
0.04	0.67922
0.041	0.6797
0.042	0.68018
0.043	0.680661
0.044	0.681141
0.045	0.681621
0.046	0.682101
0.047	0.682581
0.048	0.683061
0.049	0.683541
0.05	0.684021
0.051	0.684501
0.052	0.684981
0.053	0.685461
0.054	0.685941
0.055	0.686421
0.056	0.686901
0.057	0.687381
0.058	0.687861
0.059	0.688341
0.06	0.688821
0.061	0.689301
0.062	0.689782
0.063	0.690262
0.064	0.690742
0.065	0.691222
0.066	0.691702
0.067	0.692182
0.068	0.692662
0.069	0.693142
0.07	0.693622
0.071	0.694102
0.072	0.694582
0.073	0.695062
0.074	0.695542
0.075	0.696022
0.076	0.696502
0.077	0.696982
0.078	0.697462
0.079	0.697942
0.08	0.698423
0.081	0.698903
0.082	0.699383
0.083	0.699863
0.084	0.700343
0.085	0.700823
0.086	0.701303
0.087	0.701783
0.088	0.702263
0.089	0.702743
0.09	0.703223
0.091	0.703703
0.092	0.704183
0.093	0.704663
0.094	0.705143
0.095	0.705623
0.096	0.706103
0.097	0.706583
0.098	0.707064
0.099	0.707544
0.1	0.708024
0.101	0.708504
0.102	0.708984
0.103	0.709464
0.104	0.709944
0.105	0.710424
0.106	0.710904
0.107	0.711384
0.108	0.711864
0.109	0.712344
0.11	0.712824
0.111	0.713304
0.112	0.713784
0.113	0.714264
0.114	0.714744
0.115	0.715224
0.116	0.715704
0.117	0.716185
0.118	0.716665
0.119	0.717145
0.12	0.717625
0.121	0.718105
0.122	0.718585
0.123	0.719065
0.124	0.719545
0.125	0.720025
0.126	0.720505
0.127	0.720985
0.128	0.721465
0.129	0.721945
0.13	0.722425
0.131	0.722905
0.132	0.723385
0.133	0.723865
0.134	0.724345
0.135	0.724826
0.136	0.725306
0.137	0.725786
0.138	0.726266
0.139	0.726746
0.14	0.727226
0.141	0.727706
0.142	0.728186
0.143	0.728666
0.144	0.729146
0.145	0.729626
0.146	0.730106
0.147	0.730586
0.148	0.731066
0.149	0.731546
0.15	0.732026
0.151	0.732506
0.152	0.732986
0.153	0.733466
0.154	0.733947
0.155	0.734427
0.156	0.734907
0.157	0.735387
0.158	0.735867
0.159	0.736347
0.16	0.736827
0.161	0.737307
0.162	0.737787
0.163	0.738267
0.164	0.738747
0.165	0.739227
0.166	0.739707
0.167	0.740187
0.168	0.740667
0.169	0.741147
0.17	0.741627
0.171	0.742107
0.172	0.742588
0.173	0.743068
0.174	0.743548
0.175	0.744028
0.176	0.744508
0.177	0.744988
0.178	0.745468
0.179	0.745948
0.18	0.746428
0.181	0.746908
0.182	0.747388
0.183	0.747868
0.184	0.748348
0.185	0.748828
0.186	0.749308
0.187	0.749788
0.188	0.750268
0.189	0.750748
0.19	0.751229
0.191	0.751709
0.192	0.752189
0.193	0.752669
0.194	0.753149
0.195	0.753629
0.196	0.754109
0.197	0.754589
0.198	0.755069
0.199	0.755549
0.2	0.756029
0.201	0.756509
0.202	0.756989
0.203	0.757469
0.204	0.757949
0.205	0.758429
0.206	0.758909
0.207	0.759389
0.208	0.759869
0.209	0.76035
0.21	0.76083
0.211	0.76131
0.212	0.76179
0.213	0.76227
0.214	0.76275
0.215	0.76323
0.216	0.76371
0.217	0.76419
0.218	0.76467
0.219	0.76515
0.22	0.76563
0.221	0.76611
0.222	0.76659
0.223	0.76707
0.224	0.76755
0.225	0.76803
0.226	0.76851
0.227	0.768991
0.228	0.769471
0.229	0.769951
0.23	0.770431
0.231	0.770911
0.232	0.771391
0.233	0.771871
0.234	0.772351
0.235	0.772831
0.236	0.773311
0.237	0.773791
0.238	0.774271
0.239	0.774751
0.24	0.775231
0.241	0.775711
0.242	0.776191
0.243	0.776671
0.244	0.777151
0.245	0.777632
0.246	0.778112
0.247	0.778592
0.248	0.779072
0.249	0.779552
0.25	0.780032
0.251	0.780512
0.252	0.780992
0.253	0.781472
0.254	0.781952
0.255	0.782432
0.256	0.782912
0.257	0.783392
0.258	0.783872
0.259	0.784352
0.26	0.784832
0.261	0.785312
0.262	0.785792
0.263	0.786272
0.264	0.786753
0.265	0.787233
0.266	0.787713
0.267	0.788193
0.268	0.788673
0.269	0.789153
0.27	0.789633
0.271	0.790113
0.272	0.790593
0.273	0.791073
0.274	0.791553
0.275	0.792033
0.276	0.792513
0.277	0.792993
0.278	0.793473
0.279	0.793953
0.28	0.794433
0.281	0.794913
0.282	0.795394
0.283	0.795874
0.284	0.796354
0.285	0.796834
0.286	0.797314
0.287	0.797794
0.288	0.798274
0.289	0.798754
0.29	0.799234
0.291	0.799714
0.292	0.800194
0.293	0.800674
0.294	0.801154
0.295	0.801634
0.296	0.802114
0.297	0.802594
0.298	0.803074
0.299	0.803554
0.3	0.804035
0.301	0.804515
0.302	0.804995
0.303	0.805475
0.304	0.805955
0.305	0.806435
0.306	0.806915
0.307	0.807395
0.308	0.807875
0.309	0.808355
0.31	0.808835
0.311	0.809315
0.312	0.809795
0.313	0.810275
0.314	0.810755
0.315	0.811235
0.316	0.811715
0.317	0.812195
0.318	0.812675
0.319	0.813156
0.32	0.813636
0.321	0.814116
0.322	0.814596
0.323	0.815076
0.324	0.815556
0.325	0.816036
0.326	0.816516
0.327	0.816996
0.328	0.817476
0.329	0.817956
0.33	0.818436
0.331	0.818916
0.332	0.819396
0.333	0.819876
0.334	0.820356
0.335	0.820836
0.336	0.821316
0.337	0.821797
0.338	0.822277
0.339	0.822757
0.34	0.823237
0.341	0.823717
0.342	0.824197
0.343	0.824677
0.344	0.825157
0.345	0.825637
0.346	0.826117
0.347	0.826597
0.348	0.827077
0.349	0.827557
0.35	0.828037
0.351	0.828517
0.352	0.828997
0.353	0.829477
0.354	0.829957
0.355	0.830438
0.356	0.830918
0.357	0.831398
0.358	0.831878
0.359	0.832358
0.36	0.832838
0.361	0.833318
0.362	0.833798
0.363	0.834278
0.364	0.834758
0.365	0.835238
0.366	0.835718
0.367	0.836198
0.368	0.836678
0.369	0.837158
0.37	0.837638
0.371	0.838118
0.372	0.838598
0.373	0.839078
0.374	0.839559
0.375	0.840039
0.376	0.840519
0.377	0.840999
0.378	0.841479
0.379	0.841959
0.38	0.842439
0.381	0.842919
0.382	0.843399
0.383	0.843879
0.384	0.844359
0.385	0.844839
0.386	0.845319
0.387	0.845799
0.388	0.846279
0.389	0.846759
0.39	0.847239
0.391	0.847719
0.392	0.8482
0.393	0.84868
0.394	0.84916
0.395	0.84964
0.396	0.85012
0.397	0.8506
0.398	0.85108
0.399	0.85156
0.4	0.85204
0.401	0.85252
0.402	0.853
0.403	0.85348
0.404	0.85396
0.405	0.85444
0.406	0.85492
0.407	0.8554
0.408	0.85588
0.409	0.85636
0.41	0.85684
0.411	0.857321
0.412	0.857801
0.413	0.858281
0.414	0.858761
0.415	0.859241
0.416	0.859721
0.417	0.860201
0.418	0.860681
0.419	0.861161
0.42	0.861641
0.421	0.862121
0.422	0.862601
0.423	0.863081
0.424	0.863561
0.425	0.864041
0.426	0.864521
0.427	0.865001
0.428	0.865481
0.429	0.865962
0.43	0.866442
0.431	0.866922
0.432	0.867402
0.433	0.867882
0.434	0.868362
0.435	0.868842
0.436	0.869322
0.437	0.869802
0.438	0.870282
0.439	0.870762
0.44	0.871242
0.441	0.871722
0.442	0.872202
0.443	0.872682
0.444	0.873162
0.445	0.873642
0.446	0.874122
0.447	0.874603
0.448	0.875083
0.449	0.875563
0.45	0.876043
0.451	0.876523
0.452	0.877003
0.453	0.877483
0.454	0.877963
0.455	0.878443
0.456	0.878923
0.457	0.879403
0.458	0.879883
0.459	0.880363
0.46	0.880843
0.461	0.881323
0.462	0.881803
0.463	0.882283
0.464	0.882763
0.465	0.883243
0.466	0.883724
0.467	0.884204
0.468	0.884684
0.469	0.885164
0.47	0.885644
0.471	0.886124
0.472	0.886604
0.473	0.887084
0.474	0.887564
0.475	0.888044
0.476	0.888524
0.477	0.889004
0.478	0.889484
0.479	0.889964
0.48	0.890444
0.481	0.890924
0.482	0.891404
0.483	0.891884
0.484	0.892365
0.485	0.892845
0.486	0.893325
0.487	0.893805
0.488	0.894285
0.489	0.894765
0.49	0.895245
0.491	0.895725
0.492	0.896205
0.493	0.896685
0.494	0.897165
0.495	0.897645
0.496	0.898125
0.497	0.898605
0.498	0.899085
0.499	0.899565
0.5	0.900045
0.501	0.900525
0.502	0.901006
0.503	0.901486
0.504	0.901966
0.505	0.902446
0.506	0.902926
0.507	0.903406
0.508	0.903886
0.509	0.904366
0.51	0.904846
0.511	0.905326
0.512	0.905806
0.513	0.906286
0.514	0.906766
0.515	0.907246
0.516	0.907726
0.517	0.908206
0.518	0.908686
0.519	0.909166
0.52	0.909646
0.521	0.910127
0.522	0.910607
0.523	0.911087
0.524	0.911567
0.525	0.912047
0.526	0.912527
0.527	0.913007
0.528	0.913487
0.529	0.913967
0.53	0.914447
0.531	0.914927
0.532	0.915407
0.533	0.915887
0.534	0.916367
0.535	0.916847
0.536	0.917327
0.537	0.917807
0.538	0.918287
0.539	0.918768
0.54	0.919248
0.541	0.919728
0.542	0.920208
0.543	0.920688
0.544	0.921168
0.545	0.921648
0.546	0.922128
0.547	0.922608
0.548	0.923088
0.549	0.923568
0.55	0.924048
0.551	0.924528
0.552	0.925008
0.553	0.925488
0.554	0.925968
0.555	0.926448
0.556	0.926928
0.557	0.927409
0.558	0.927889
0.559	0.928369
0.56	0.928849
0.561	0.929329
0.562	0.929809
0.563	0.930289
0.564	0.930769
0.565	0.931249
0.566	0.931729
0.567	0.932209
0.568	0.932689
0.569	0.933169
0.57	0.933649
0.571	0.934129
0.572	0.934609
0.573	0.935089
0.574	0.935569
0.575	0.936049
0.576	0.93653
0.577	0.93701
0.578	0.93749
0.579	0.93797
0.58	0.93845
0.581	0.93893
0.582	0.93941
0.583	0.93989
0.584	0.94037
0.585	0.94085
0.586	0.94133
0.587	0.94181
0.588	0.94229
0.589	0.94277
0.59	0.94325
0.591	0.94373
0.592	0.94421
0.593	0.94469
0.594	0.945171
0.595	0.945651
0.596	0.946131
0.597	0.946611
0.598	0.947091
0.599	0.947571
0.6	0.948051
0.601	0.948531
0.602	0.949011
0.603	0.949491
0.604	0.949971
0.605	0.950451
0.606	0.950931
0.607	0.951411
0.608	0.951891
0.609	0.952371
0.61	0.952851
0.611	0.953331
0.612	0.953812
0.613	0.954292
0.614	0.954772
0.615	0.955252
0.616	0.955732
0.617	0.956212
0.618	0.956692
0.619	0.957172
0.62	0.957652
0.621	0.958132
0.622	0.958612
0.623	0.959092
0.624	0.959572
0.625	0.960052
0.626	0.960532
0.627	0.961012
0.628	0.961492
0.629	0.961972
0.63	0.962452
0.631	0.962933
0.632	0.963413
0.633	0.963893
0.634	0.964373
0.635	0.964853
0.636	0.965333
0.637	0.965813
0.638	0.966293
0.639	0.966773
0.64	0.967253
0.641	0.967733
0.642	0.968213
0.643	0.968693
0.644	0.969173
0.645	0.969653
0.646	0.970133
0.647	0.970613
0.648	0.971093
0.649	0.971574
0.65	0.972054
0.651	0.972534
0.652	0.973014
0.653	0.973494
0.654	0.973974
0.655	0.974454
0.656	0.974934
0.657	0.975414
0.658	0.975894
0.659	0.976374
0.66	0.976854
0.661	0.977334
0.662	0.977814
0.663	0.978294
0.664	0.978774
0.665	0.979254
0.666	0.979734
0.667	0.980215
0.668	0.980695
0.669	0.981175
0.67	0.981655
0.671	0.982135
0.672	0.982615
0.673	0.983095
0.674	0.983575
0.675	0.984055
0.676	0.984535
0.677	0.985015
0.678	0.985495
0.679	0.985975
0.68	0.986455
0.681	0.986935
0.682	0.987415
0.683	0.987895
0.684	0.988375
0.685	0.988855
0.686	0.989336
0.687	0.989816
0.688	0.990296
0.689	0.990776
0.69	0.991256
0.691	0.991736
0.692	0.992216
0.693	0.992696
0.694	0.993176
0.695	0.993656
0.696	0.994136
0.697	0.994616
0.698	0.995096
0.699	0.995576
0.7	0.996056
0.701	0.996536
0.702	0.997016
0.703	0.997496
0.704	0.997977
0.705	0.998457
0.706	0.998937
0.707	0.999417
0.708	0.999897
0.709	1.00038
0.71	1.00086
0.711	1.00134
0.712	1.00182
0.713	1.0023
0.714	1.00278
0.715	1.00326
0.716	1.00374
0.717	1.00422
0.718	1.0047
0.719	1.00518
0.72	1.00566
0.721	1.00614
0.722	1.00662
0.723	1.0071
0.724	1.00758
0.725	1.00806
0.726	1.00854
0.727	1.00902
0.728	1.0095
0.729	1.00998
0.73	1.01046
0.731	1.01094
0.732	1.01142
0.733	1.0119
0.734	1.01238
0.735	1.01286
0.736	1.01334
0.737	1.01382
0.738	1.0143
0.739	1.01478
0.74	1.01526
0.741	1.01574
0.742	1.01622
0.743	1.0167
0.744	1.01718
0.745	1.01766
0.746	1.01814
0.747	1.01862
0.748	1.0191
0.749	1.01958
0.75	1.02006
0.751	1.02054
0.752	1.02102
0.753	1.0215
0.754	1.02198
0.755	1.02246
0.756	1.02294
0.757	1.02342
0.758	1.0239
0.759	1.02438
0.76	1.02486
0.761	1.02534
0.762	1.02582
0.763	1.0263
0.764	1.02678
0.765	1.02726
0.766	1.02774
0.767	1.02822
0.768	1.0287
0.769	1.02918
0.77	1.02966
0.771	1.03014
0.772	1.03062
0.773	1.0311
0.774	1.03158
0.775	1.03206
0.776	1.03254
0.777	1.03302
0.778	1.0335
0.779	1.03398
0.78	1.03446
0.781	1.03494
0.782	1.03542
0.783	1.0359
0.784	1.03638
0.785	1.03686
0.786	1.03734
0.787	1.03782
0.788	1.0383
0.789	1.03878
0.79	1.03926
0.791	1.03974
0.792	1.04022
0.793	1.0407
0.794	1.04118
0.795	1.04166
0.796	1.04214
0.797	1.04262
0.798	1.0431
0.799	1.04358
0.8	1.04406
0.801	1.04454
0.802	1.04502
0.803	1.0455
0.804	1.04598
0.805	1.04646
0.806	1.04694
0.807	1.04742
0.808	1.0479
0.809	1.04838
0.81	1.04886
0.811	1.04934
0.812	1.04982
0.813	1.0503
0.814	1.05078
0.815	1.05126
0.816	1.05174
0.817	1.05222
0.818	1.0527
0.819	1.05318
0.82	1.05366
0.821	1.05414
0.822	1.05462
0.823	1.0551
0.824	1.05558
0.825	1.05606
0.826	1.05654
0.827	1.05702
0.828	1.0575
0.829	1.05798
0.83	1.05846
0.831	1.05894
0.832	1.05942
0.833	1.0599
0.834	1.06038
0.835	1.06086
0.836	1.06134
0.837	1.06182
0.838	1.0623
0.839	1.06278
0.84	1.06326
0.841	1.06374
0.842	1.06422
0.843	1.0647
0.844	1.06518
0.845	1.06566
0.846	1.06614
0.847	1.06662
0.848	1.0671
0.849	1.06758
0.85	1.06806
0.851	1.06854
0.852	1.06902
0.853	1.0695
0.854	1.06998
0.855	1.07046
0.856	1.07094
0.857	1.07142
0.858	1.0719
0.859	1.07238
0.86	1.07287
0.861	1.07335
0.862	1.07383
0.863	1.07431
0.864	1.07479
0.865	1.07527
0.866	1.07575
0.867	1.07623
0.868	1.07671
0.869	1.07719
0.87	1.07767
0.871	1.07815
0.872	1.07863
0.873	1.07911
0.874	1.07959
0.875	1.08007
0.876	1.08055
0.877	1.08103
0.878	1.08151
0.879	1.08199
0.88	1.08247
0.881	1.08295
0.882	1.08343
0.883	1.08391
0.884	1.08439
0.885	1.08487
0.886	1.08535
0.887	1.08583
0.888	1.08631
0.889	1.08679
0.89	1.08727
0.891	1.08775
0.892	1.08823
0.893	1.08871
0.894	1.08919
0.895	1.08967
0.896	1.09015
0.897	1.09063
0.898	1.09111
0.899	1.09159
0.9	1.09207
0.901	1.09255
0.902	1.09303
0.903	1.09351
0.904	1.09399
0.905	1.09447
0.906	1.09495
0.907	1.09543
0.908	1.09591
0.909	1.09639
0.91	1.09687
0.911	1.09735
0.912	1.09783
0.913	1.09831
0.914	1.09879
0.915	1.09927
0.916	1.09975
0.917	1.10023
0.918	1.10071
0.919	1.10119
0.92	1.10167
0.921	1.10215
0.922	1.10263
0.923	1.10311
0.924	1.10359
0.925	1.10407
0.926	1.10455
0.927	1.10503
0.928	1.10551
0.929	1.10599
0.93	1.10647
0.931	1.10695
0.932	1.10743
0.933	1.10791
0.934	1.10839
0.935	1.10887
0.936	1.10935
0.937	1.10983
0.938	1.11031
0.939	1.11079
0.94	1.11127
0.941	1.11175
0.942	1.11223
0.943	1.11271
0.944	1.11319
0.945	1.11367
0.946	1.11415
0.947	1.11463
0.948	1.11511
0.949	1.11559
0.95	1.11607
0.951	1.11655
0.952	1.11703
0.953	1.11751
0.954	1.11799
0.955	1.11847
0.956	1.11895
0.957	1.11943
0.958	1.11991
0.959	1.12039
0.96	1.12087
0.961	1.12135
0.962	1.12183
0.963	1.12231
0.964	1.12279
0.965	1.12327
0.966	1.12375
0.967	1.12423
0.968	1.12471
0.969	1.12519
0.97	1.12567
0.971	1.12615
0.972	1.12663
0.973	1.12711
0.974	1.12759
0.975	1.12807
0.976	1.12855
0.977	1.12903
0.978	1.12951
0.979	1.12999
0.98	1.13047
0.981	1.13095
0.982	1.13143
0.983	1.13191
0.984	1.13239
0.985	1.13287
0.986	1.13335
0.987	1.13383
0.988	1.13431
0.989	1.13479
0.99	1.13527
0.991	1.13575
0.992	1.13623
0.993	1.13671
0.994	1.13719
0.995	1.13767
0.996	1.13815
0.997	1.13863
0.998	1.13911
0.999	1.13959
