# Interpolation data for function: (exp(-10*x)-1)/(exp(-10)-1)
0	0.00336246
0.001	0.0130541
0.002	0.0226568
0.003	0.0321714
0.004	0.0415985
0.005	0.0509389
0.006	0.0601932
0.007	0.0693623
0.008	0.0784467
0.009	0.0874472
0.01	0.0963645
0.011	0.105199
0.012	0.113952
0.013	0.122624
0.014	0.131215
0.015	0.139726
0.016	0.148158
0.017	0.156512
0.018	0.164788
0.019	0.172986
0.02	0.181108
0.021	0.189154
0.022	0.197125
0.023	0.205021
0.024	0.212843
0.025	0.220591
0.026	0.228267
0.027	0.235871
0.028	0.243403
0.029	0.250864
0.03	0.258254
0.031	0.265575
0.032	0.272827
0.033	0.28001
0.034	0.287125
0.035	0.294173
0.036	0.301154
0.037	0.308068
0.038	0.314917
0.039	0.321701
0.04	0.32842
0.041	0.335075
0.042	0.341666
0.043	0.348195
0.044	0.354661
0.045	0.361066
0.046	0.367409
0.047	0.373691
0.048	0.379913
0.049	0.386075
0.05	0.392179
0.051	0.398223
0.052	0.404209
0.053	0.410138
0.054	0.416009
0.055	0.421824
0.056	0.427583
0.057	0.433285
0.058	0.438933
0.059	0.444526
0.06	0.450065
0.061	0.45555
0.062	0.460982
0.063	0.466361
0.064	0.471688
0.065	0.476963
0.066	0.482187
0.067	0.487359
0.068	0.492481
0.069	0.497554
0.07	0.502576
0.071	0.50755
0.072	0.512475
0.073	0.517351
0.074	0.52218
0.075	0.526962
0.076	0.531696
0.077	0.536384
0.078	0.541026
0.079	0.545622
0.08	0.550173
0.081	0.554679
0.082	0.559141
0.083	0.563558
0.084	0.567933
0.085	0.572263
0.086	0.576551
0.087	0.580797
0.088	0.585
0.089	0.589162
0.09	0.593283
0.091	0.597362
0.092	0.601401
0.093	0.6054
0.094	0.60936
0.095	0.61328
0.096	0.61716
0.097	0.621002
0.098	0.624806
0.099	0.628572
0.1	0.632301
0.101	0.635992
0.102	0.639646
0.103	0.643263
0.104	0.646845
0.105	0.65039
0.106	0.6539
0.107	0.657375
0.108	0.660815
0.109	0.664221
0.11	0.667592
0.111	0.67093
0.112	0.674233
0.113	0.677504
0.114	0.680742
0.115	0.683947
0.116	0.68712
0.117	0.690261
0.118	0.69337
0.119	0.696448
0.12	0.699495
0.121	0.702511
0.122	0.705496
0.123	0.708452
0.124	0.711377
0.125	0.714273
0.126	0.71714
0.127	0.719977
0.128	0.722786
0.129	0.725567
0.13	0.728319
0.131	0.731043
0.132	0.73374
0.133	0.736409
0.134	0.739051
0.135	0.741667
0.136	0.744256
0.137	0.746818
0.138	0.749355
0.139	0.751865
0.14	0.754351
0.141	0.75681
0.142	0.759245
0.143	0.761655
0.144	0.764041
0.145	0.766402
0.146	0.768739
0.147	0.771053
0.148	0.773342
0.149	0.775609
0.15	0.777852
0.151	0.780073
0.152	0.78227
0.153	0.784446
0.154	0.786599
0.155	0.78873
0.156	0.79084
0.157	0.792928
0.158	0.794994
0.159	0.79704
0.16	0.799064
0.161	0.801068
0.162	0.803052
0.163	0.805015
0.164	0.806958
0.165	0.808881
0.166	0.810785
0.167	0.812669
0.168	0.814534
0.169	0.81638
0.17	0.818207
0.171	0.820016
0.172	0.821805
0.173	0.823577
0.174	0.825331
0.175	0.827066
0.176	0.828784
0.177	0.830484
0.178	0.832167
0.179	0.833833
0.18	0.835482
0.181	0.837114
0.182	0.838729
0.183	0.840328
0.184	0.84191
0.185	0.843477
0.186	0.845027
0.187	0.846561
0.188	0.84808
0.189	0.849584
0.19	0.851072
0.191	0.852545
0.192	0.854002
0.193	0.855445
0.194	0.856874
0.195	0.858288
0.196	0.859687
0.197	0.861072
0.198	0.862443
0.199	0.8638
0.2	0.865144
0.201	0.866473
0.202	0.86779
0.203	0.869092
0.204	0.870382
0.205	0.871658
0.206	0.872922
0.207	0.874173
0.208	0.875411
0.209	0.876636
0.21	0.877849
0.211	0.87905
0.212	0.880239
0.213	0.881415
0.214	0.88258
0.215	0.883733
0.216	0.884875
0.217	0.886004
0.218	0.887123
0.219	0.88823
0.22	0.889326
0.221	0.890411
0.222	0.891485
0.223	0.892548
0.224	0.893601
0.225	0.894643
0.226	0.895674
0.227	0.896695
0.228	0.897706
0.229	0.898707
0.23	0.899698
0.231	0.900679
0.232	0.90165
0.233	0.902611
0.234	0.903563
0.235	0.904505
0.236	0.905438
0.237	0.906362
0.238	0.907276
0.239	0.908181
0.24	0.909077
0.241	0.909965
0.242	0.910843
0.243	0.911713
0.244	0.912574
0.245	0.913427
0.246	0.914271
0.247	0.915107
0.248	0.915934
0.249	0.916754
0.25	0.917565
0.251	0.918368
0.252	0.919164
0.253	0.919951
0.254	0.920731
0.255	0.921503
0.256	0.922268
0.257	0.923025
0.258	0.923775
0.259	0.924517
0.26	0.925252
0.261	0.92598
0.262	0.926701
0.263	0.927415
0.264	0.928121
0.265	0.928821
0.266	0.929514
0.267	0.930201
0.268	0.93088
0.269	0.931553
0.27	0.93222
0.271	0.93288
0.272	0.933534
0.273	0.934181
0.274	0.934822
0.275	0.935457
0.276	0.936086
0.277	0.936709
0.278	0.937325
0.279	0.937936
0.28	0.938541
0.281	0.93914
0.282	0.939734
0.283	0.940321
0.284	0.940903
0.285	0.94148
0.286	0.942051
0.287	0.942616
0.288	0.943176
0.289	0.943731
0.29	0.944281
0.291	0.944825
0.292	0.945364
0.293	0.945898
0.294	0.946427
0.295	0.946951
0.296	0.94747
0.297	0.947984
0.298	0.948493
0.299	0.948998
0.3	0.949497
0.301	0.949992
0.302	0.950482
0.303	0.950968
0.304	0.951449
0.305	0.951926
0.306	0.952398
0.307	0.952865
0.308	0.953328
0.309	0.953787
0.31	0.954242
0.311	0.954692
0.312	0.955138
0.313	0.95558
0.314	0.956018
0.315	0.956452
0.316	0.956882
0.317	0.957307
0.318	0.957729
0.319	0.958147
0.32	0.958561
0.321	0.958971
0.322	0.959377
0.323	0.95978
0.324	0.960178
0.325	0.960574
0.326	0.960965
0.327	0.961353
0.328	0.961737
0.329	0.962117
0.33	0.962495
0.331	0.962868
0.332	0.963238
0.333	0.963605
0.334	0.963968
0.335	0.964328
0.336	0.964685
0.337	0.965039
0.338	0.965389
0.339	0.965736
0.34	0.966079
0.341	0.96642
0.342	0.966757
0.343	0.967091
0.344	0.967423
0.345	0.967751
0.346	0.968076
0.347	0.968398
0.348	0.968717
0.349	0.969033
0.35	0.969347
0.351	0.969657
0.352	0.969965
0.353	0.97027
0.354	0.970571
0.355	0.970871
0.356	0.971167
0.357	0.971461
0.358	0.971752
0.359	0.97204
0.36	0.972326
0.361	0.972608
0.362	0.972889
0.363	0.973167
0.364	0.973442
0.365	0.973715
0.366	0.973985
0.367	0.974252
0.368	0.974517
0.369	0.97478
0.37	0.97504
0.371	0.975298
0.372	0.975554
0.373	0.975807
0.374	0.976058
0.375	0.976306
0.376	0.976552
0.377	0.976796
0.378	0.977038
0.379	0.977277
0.38	0.977514
0.381	0.977749
0.382	0.977981
0.383	0.978212
0.384	0.97844
0.385	0.978666
0.386	0.97889
0.387	0.979112
0.388	0.979332
0.389	0.97955
0.39	0.979766
0.391	0.979979
0.392	0.980191
0.393	0.980401
0.394	0.980608
0.395	0.980814
0.396	0.981018
0.397	0.98122
0.398	0.981419
0.399	0.981617
0.4	0.981813
0.401	0.982008
0.402	0.9822
0.403	0.98239
0.404	0.982579
0.405	0.982766
0.406	0.982951
0.407	0.983134
0.408	0.983315
0.409	0.983495
0.41	0.983673
0.411	0.983849
0.412	0.984024
0.413	0.984196
0.414	0.984367
0.415	0.984537
0.416	0.984704
0.417	0.98487
0.418	0.985035
0.419	0.985197
0.42	0.985359
0.421	0.985518
0.422	0.985676
0.423	0.985832
0.424	0.985987
0.425	0.98614
0.426	0.986292
0.427	0.986442
0.428	0.98659
0.429	0.986737
0.43	0.986883
0.431	0.987027
0.432	0.98717
0.433	0.987311
0.434	0.98745
0.435	0.987589
0.436	0.987725
0.437	0.987861
0.438	0.987995
0.439	0.988127
0.44	0.988258
0.441	0.988388
0.442	0.988516
0.443	0.988643
0.444	0.988769
0.445	0.988893
0.446	0.989016
0.447	0.989138
0.448	0.989258
0.449	0.989378
0.45	0.989495
0.451	0.989612
0.452	0.989727
0.453	0.989841
0.454	0.989954
0.455	0.990065
0.456	0.990175
0.457	0.990284
0.458	0.990392
0.459	0.990499
0.46	0.990604
0.461	0.990708
0.462	0.990811
0.463	0.990913
0.464	0.991014
0.465	0.991113
0.466	0.991212
0.467	0.991309
0.468	0.991405
0.469	0.9915
0.47	0.991594
0.471	0.991687
0.472	0.991779
0.473	0.991869
0.474	0.991959
0.475	0.992047
0.476	0.992135
0.477	0.992221
0.478	0.992307
0.479	0.992391
0.48	0.992474
0.481	0.992557
0.482	0.992638
0.483	0.992718
0.484	0.992798
0.485	0.992876
0.486	0.992953
0.487	0.99303
0.488	0.993105
0.489	0.99318
0.49	0.993253
0.491	0.993326
0.492	0.993398
0.493	0.993468
0.494	0.993538
0.495	0.993607
0.496	0.993676
0.497	0.993743
0.498	0.993809
0.499	0.993875
0.5	0.993939
0.501	0.994003
0.502	0.994066
0.503	0.994128
0.504	0.99419
0.505	0.99425
0.506	0.99431
0.507	0.994369
0.508	0.994427
0.509	0.994484
0.51	0.99454
0.511	0.994596
0.512	0.994651
0.513	0.994705
0.514	0.994759
0.515	0.994811
0.516	0.994863
0.517	0.994915
0.518	0.994965
0.519	0.995015
0.52	0.995064
0.521	0.995113
0.522	0.99516
0.523	0.995207
0.524	0.995254
0.525	0.995299
0.526	0.995344
0.527	0.995389
0.528	0.995432
0.529	0.995476
0.53	0.995518
0.531	0.99556
0.532	0.995601
0.533	0.995642
0.534	0.995682
0.535	0.995721
0.536	0.99576
0.537	0.995798
0.538	0.995836
0.539	0.995873
0.54	0.995909
0.541	0.995945
0.542	0.995981
0.543	0.996016
0.544	0.99605
0.545	0.996084
0.546	0.996117
0.547	0.99615
0.548	0.996182
0.549	0.996214
0.55	0.996245
0.551	0.996276
0.552	0.996307
0.553	0.996336
0.554	0.996366
0.555	0.996395
0.556	0.996423
0.557	0.996451
0.558	0.996479
0.559	0.996506
0.56	0.996533
0.561	0.996559
0.562	0.996585
0.563	0.996611
0.564	0.996636
0.565	0.996661
0.566	0.996685
0.567	0.996709
0.568	0.996733
0.569	0.996756
0.57	0.996779
0.571	0.996801
0.572	0.996823
0.573	0.996845
0.574	0.996867
0.575	0.996888
0.576	0.996909
0.577	0.996929
0.578	0.99695
0.579	0.99697
0.58	0.996989
0.581	0.997009
0.582	0.997028
0.583	0.997046
0.584	0.997065
0.585	0.997083
0.586	0.997101
0.587	0.997119
0.588	0.997136
0.589	0.997154
0.59	0.997171
0.591	0.997187
0.592	0.997204
0.593	0.99722
0.594	0.997236
0.595	0.997252
0.596	0.997268
0.597	0.997283
0.598	0.997299
0.599	0.997314
0.6	0.997329
0.601	0.997343
0.602	0.997358
0.603	0.997372
0.604	0.997387
0.605	0.997401
0.606	0.997415
0.607	0.997428
0.608	0.997442
0.609	0.997456
0.61	0.997469
0.611	0.997482
0.612	0.997495
0.613	0.997508
0.614	0.997521
0.615	0.997534
0.616	0.997547
0.617	0.99756
0.618	0.997572
0.619	0.997584
0.62	0.997597
0.621	0.997609
0.622	0.997621
0.623	0.997633
0.624	0.997645
0.625	0.997657
0.626	0.997669
0.627	0.997681
0.628	0.997693
0.629	0.997705
0.63	0.997717
0.631	0.997728
0.632	0.99774
0.633	0.997752
0.634	0.997763
0.635	0.997775
0.636	0.997787
0.637	0.997798
0.638	0.99781
0.639	0.997821
0.64	0.997833
0.641	0.997844
0.642	0.997856
0.643	0.997868
0.644	0.997879
0.645	0.997891
0.646	0.997902
0.647	0.997914
0.648	0.997926
0.649	0.997937
0.65	0.997949
0.651	0.997961
0.652	0.997972
0.653	0.997984
0.654	0.997996
0.655	0.998008
0.656	0.99802
0.657	0.998032
0.658	0.998044
0.659	0.998056
0.66	0.998068
0.661	0.99808
0.662	0.998092
0.663	0.998105
0.664	0.998117
0.665	0.998129
0.666	0.998142
0.667	0.998154
0.668	0.998167
0.669	0.99818
0.67	0.998192
0.671	0.998205
0.672	0.998218
0.673	0.998231
0.674	0.998244
0.675	0.998257
0.676	0.998271
0.677	0.998284
0.678	0.998297
0.679	0.998311
0.68	0.998324
0.681	0.998338
0.682	0.998352
0.683	0.998365
0.684	0.998379
0.685	0.998393
0.686	0.998407
0.687	0.998422
0.688	0.998436
0.689	0.99845
0.69	0.998465
0.691	0.998479
0.692	0.998494
0.693	0.998508
0.694	0.998523
0.695	0.998538
0.696	0.998553
0.697	0.998568
0.698	0.998583
0.699	0.998598
0.7	0.998614
0.701	0.998629
0.702	0.998645
0.703	0.99866
0.704	0.998676
0.705	0.998691
0.706	0.998707
0.707	0.998723
0.708	0.998739
0.709	0.998755
0.71	0.998771
0.711	0.998788
0.712	0.998804
0.713	0.99882
0.714	0.998837
0.715	0.998853
0.716	0.99887
0.717	0.998887
0.718	0.998903
0.719	0.99892
0.72	0.998937
0.721	0.998954
0.722	0.998971
0.723	0.998988
0.724	0.999005
0.725	0.999022
0.726	0.999039
0.727	0.999057
0.728	0.999074
0.729	0.999091
0.73	0.999109
0.731	0.999126
0.732	0.999144
0.733	0.999161
0.734	0.999179
0.735	0.999196
0.736	0.999214
0.737	0.999231
0.738	0.999249
0.739	0.999267
0.74	0.999284
0.741	0.999302
0.742	0.99932
0.743	0.999337
0.744	0.999355
0.745	0.999373
0.746	0.99939
0.747	0.999408
0.748	0.999426
0.749	0.999443
0.75	0.999461
0.751	0.999479
0.752	0.999496
0.753	0.999514
0.754	0.999531
0.755	0.999549
0.756	0.999566
0.757	0.999584
0.758	0.999601
0.759	0.999618
0.76	0.999635
0.761	0.999653
0.762	0.99967
0.763	0.999687
0.764	0.999704
0.765	0.999721
0.766	0.999738
0.767	0.999754
0.768	0.999771
0.769	0.999788
0.77	0.999804
0.771	0.99982
0.772	0.999837
0.773	0.999853
0.774	0.999869
0.775	0.999885
0.776	0.9999
0.777	0.999916
0.778	0.999932
0.779	0.999947
0.78	0.999962
0.781	0.999977
0.782	0.999992
0.783	1.00001
0.784	1.00002
0.785	1.00004
0.786	1.00005
0.787	1.00006
0.788	1.00008
0.789	1.00009
0.79	1.00011
0.791	1.00012
0.792	1.00013
0.793	1.00015
0.794	1.00016
0.795	1.00017
0.796	1.00018
0.797	1.0002
0.798	1.00021
0.799	1.00022
0.8	1.00023
0.801	1.00024
0.802	1.00025
0.803	1.00026
0.804	1.00027
0.805	1.00028
0.806	1.00029
0.807	1.0003
0.808	1.00031
0.809	1.00032
0.81	1.00033
0.811	1.00034
0.812	1.00035
0.813	1.00036
0.814	1.00036
0.815	1.00037
0.816	1.00038
0.817	1.00039
0.818	1.00039
0.819	1.0004
0.82	1.00041
0.821	1.00041
0.822	1.00042
0.823	1.00042
0.824	1.00043
0.825	1.00043
0.826	1.00043
0.827	1.00044
0.828	1.00044
0.829	1.00045
0.83	1.00045
0.831	1.00045
0.832	1.00045
0.833	1.00045
0.834	1.00046
0.835	1.00046
0.836	1.00046
0.837	1.00046
0.838	1.00046
0.839	1.00046
0.84	1.00046
0.841	1.00046
0.842	1.00045
0.843	1.00045
0.844	1.00045
0.845	1.00045
0.846	1.00044
0.847	1.00044
0.848	1.00044
0.849	1.00043
0.85	1.00043
0.851	1.00042
0.852	1.00042
0.853	1.00041
0.854	1.00041
0.855	1.0004
0.856	1.00039
0.857	1.00039
0.858	1.00038
0.859	1.00037
0.86	1.00036
0.861	1.00036
0.862	1.00035
0.863	1.00034
0.864	1.00033
0.865	1.00032
0.866	1.00031
0.867	1.0003
0.868	1.00029
0.869	1.00028
0.87	1.00026
0.871	1.00025
0.872	1.00024
0.873	1.00023
0.874	1.00022
0.875	1.0002
0.876	1.00019
0.877	1.00017
0.878	1.00016
0.879	1.00015
0.88	1.00013
0.881	1.00012
0.882	1.0001
0.883	1.00009
0.884	1.00007
0.885	1.00006
0.886	1.00004
0.887	1.00002
0.888	1.00001
0.889	0.99999
0.89	0.999973
0.891	0.999955
0.892	0.999938
0.893	0.999921
0.894	0.999903
0.895	0.999885
0.896	0.999867
0.897	0.999849
0.898	0.999831
0.899	0.999813
0.9	0.999794
0.901	0.999776
0.902	0.999757
0.903	0.999739
0.904	0.99972
0.905	0.999702
0.906	0.999683
0.907	0.999664
0.908	0.999646
0.909	0.999627
0.91	0.999609
0.911	0.999591
0.912	0.999572
0.913	0.999554
0.914	0.999536
0.915	0.999518
0.916	0.9995
0.917	0.999483
0.918	0.999466
0.919	0.999449
0.92	0.999432
0.921	0.999415
0.922	0.999399
0.923	0.999383
0.924	0.999368
0.925	0.999352
0.926	0.999338
0.927	0.999323
0.928	0.999309
0.929	0.999296
0.93	0.999283
0.931	0.999271
0.932	0.999259
0.933	0.999247
0.934	0.999237
0.935	0.999227
0.936	0.999217
0.937	0.999209
0.938	0.999201
0.939	0.999193
0.94	0.999187
0.941	0.999182
0.942	0.999177
0.943	0.999173
0.944	0.99917
0.945	0.999168
0.946	0.999168
0.947	0.999168
0.948	0.999169
0.949	0.999171
0.95	0.999175
0.951	0.99918
0.952	0.999185
0.953	0.999193
0.954	0.999201
0.955	0.999211
0.956	0.999223
0.957	0.999235
0.958	0.99925
0.959	0.999265
0.96	0.999283
0.961	0.999302
0.962	0.999323
0.963	0.999345
0.964	0.999369
0.965	0.999395
0.966	0.999423
0.967	0.999453
0.968	0.999485
0.969	0.999519
0.97	0.999555
0.971	0.999593
0.972	0.999633
0.973	0.999676
0.974	0.999721
0.975	0.999768
0.976	0.999818
0.977	0.99987
0.978	0.999925
0.979	0.999982
0.98	1.00004
0.981	1.00011
0.982	1.00017
0.983	1.00024
0.984	1.00031
0.985	1.00039
0.986	1.00046
0.987	1.00054
0.988	1.00063
0.989	1.00072
0.99	1.00081
0.991	1.0009
0.992	1.001
0.993	1.0011
0.994	1.0012
0.995	1.00131
0.996	1.00143
0.997	1.00154
0.998	1.00166
0.999	1.00179
