#Function: x^40
0	0.108401
1	0.100658
2	0.0889537
3	0.0704905
4	0.0434077
5	0.0173414
6	0.00524369
7	0.0015087
8	0.000612978
9	0.000263936
10	6.26782e-05
11	1.37249e-05
12	3.2643e-06
13	1.28602e-06
14	1.10001e-06
15	8.73716e-07
16	4.51881e-07
17	9.57764e-08
18	1.85953e-08
19	3.30621e-09
20	5.38063e-10
21	8.01269e-11
22	1.09513e-11
23	1.41868e-12
24	2.21972e-13
25	8.56909e-14
26	8.07113e-14
27	7.31841e-14
28	6.13102e-14
29	4.3893e-14
30	3.18682e-14
31	1.51047e-14
32	5.34888e-15
33	4.25575e-15
34	4.29557e-15
35	4.41485e-15
36	4.63557e-15
37	4.79532e-15
38	4.83568e-15
39	4.88062e-15
40	4.91295e-15
41	4.3369e-15
42	4.34106e-15
43	4.34473e-15
44	4.38732e-15
45	4.52408e-15
46	4.78143e-15
47	2.47536e-15
48	2.43118e-15
49	2.20671e-15
