# Interpolation data for function: x^40
0	2.21828e-14
0.001	2.21828e-14
0.002	2.21828e-14
0.003	2.21828e-14
0.004	2.21828e-14
0.005	2.21828e-14
0.006	2.21828e-14
0.007	2.21828e-14
0.008	2.21828e-14
0.009	2.21828e-14
0.01	2.21828e-14
0.011	2.21828e-14
0.012	2.21828e-14
0.013	2.21828e-14
0.014	2.21828e-14
0.015	2.21828e-14
0.016	2.21828e-14
0.017	2.21828e-14
0.018	2.21828e-14
0.019	2.21828e-14
0.02	2.21828e-14
0.021	2.21828e-14
0.022	2.21828e-14
0.023	2.21828e-14
0.024	2.21828e-14
0.025	2.21828e-14
0.026	2.21828e-14
0.027	2.21828e-14
0.028	2.21828e-14
0.029	2.21828e-14
0.03	2.21828e-14
0.031	2.21828e-14
0.032	2.21828e-14
0.033	2.21828e-14
0.034	2.21828e-14
0.035	2.21828e-14
0.036	2.21828e-14
0.037	2.21828e-14
0.038	2.21828e-14
0.039	2.21828e-14
0.04	2.21828e-14
0.041	2.21828e-14
0.042	2.21828e-14
0.043	2.21828e-14
0.044	2.21828e-14
0.045	2.21828e-14
0.046	2.21828e-14
0.047	2.21828e-14
0.048	2.21828e-14
0.049	2.21828e-14
0.05	2.21828e-14
0.051	2.21828e-14
0.052	2.21828e-14
0.053	2.21828e-14
0.054	2.21828e-14
0.055	2.21828e-14
0.056	2.21828e-14
0.057	2.21828e-14
0.058	2.21828e-14
0.059	2.21828e-14
0.06	2.21828e-14
0.061	2.21828e-14
0.062	2.21828e-14
0.063	2.21828e-14
0.064	2.21828e-14
0.065	2.21828e-14
0.066	2.21828e-14
0.067	2.21828e-14
0.068	2.21828e-14
0.069	2.21828e-14
0.07	2.21828e-14
0.071	2.21828e-14
0.072	2.21828e-14
0.073	2.21828e-14
0.074	2.21828e-14
0.075	2.21828e-14
0.076	2.21828e-14
0.077	2.21828e-14
0.078	2.21828e-14
0.079	2.21828e-14
0.08	2.21828e-14
0.081	2.21828e-14
0.082	2.21828e-14
0.083	2.21828e-14
0.084	2.21828e-14
0.085	2.21828e-14
0.086	2.21828e-14
0.087	2.21828e-14
0.088	2.21828e-14
0.089	2.21828e-14
0.09	2.21828e-14
0.091	2.21828e-14
0.092	2.21828e-14
0.093	2.21828e-14
0.094	2.21828e-14
0.095	2.21828e-14
0.096	2.21828e-14
0.097	2.21828e-14
0.098	2.21828e-14
0.099	2.21828e-14
0.1	2.21828e-14
0.101	2.21828e-14
0.102	2.21828e-14
0.103	2.21828e-14
0.104	2.21828e-14
0.105	2.21828e-14
0.106	2.21828e-14
0.107	2.21828e-14
0.108	2.21828e-14
0.109	2.21828e-14
0.11	2.21828e-14
0.111	2.21828e-14
0.112	2.21828e-14
0.113	2.21828e-14
0.114	2.21828e-14
0.115	2.21828e-14
0.116	2.21828e-14
0.117	2.21828e-14
0.118	2.21828e-14
0.119	2.21828e-14
0.12	2.21828e-14
0.121	2.21828e-14
0.122	2.21828e-14
0.123	2.21828e-14
0.124	2.21828e-14
0.125	2.21828e-14
0.126	2.21828e-14
0.127	2.21828e-14
0.128	2.21828e-14
0.129	2.21828e-14
0.13	2.21828e-14
0.131	2.21828e-14
0.132	2.21828e-14
0.133	2.21828e-14
0.134	2.21828e-14
0.135	2.21828e-14
0.136	2.21828e-14
0.137	2.21828e-14
0.138	2.21828e-14
0.139	2.21828e-14
0.14	2.21828e-14
0.141	2.21828e-14
0.142	2.21828e-14
0.143	2.21828e-14
0.144	2.21828e-14
0.145	2.21828e-14
0.146	2.21828e-14
0.147	2.21828e-14
0.148	2.21828e-14
0.149	2.21828e-14
0.15	2.21828e-14
0.151	2.21828e-14
0.152	2.21828e-14
0.153	2.21828e-14
0.154	2.21828e-14
0.155	2.21828e-14
0.156	2.21828e-14
0.157	2.21828e-14
0.158	2.21828e-14
0.159	2.21828e-14
0.16	2.21828e-14
0.161	2.21828e-14
0.162	2.21828e-14
0.163	2.21828e-14
0.164	2.21828e-14
0.165	2.21828e-14
0.166	2.21828e-14
0.167	2.21828e-14
0.168	2.21828e-14
0.169	2.21828e-14
0.17	2.21828e-14
0.171	2.21828e-14
0.172	2.21828e-14
0.173	2.21828e-14
0.174	2.21828e-14
0.175	2.21828e-14
0.176	2.21828e-14
0.177	2.21828e-14
0.178	2.21828e-14
0.179	2.21828e-14
0.18	2.21828e-14
0.181	2.21828e-14
0.182	2.21828e-14
0.183	2.21828e-14
0.184	2.21828e-14
0.185	2.21828e-14
0.186	2.21828e-14
0.187	2.21828e-14
0.188	2.21828e-14
0.189	2.21828e-14
0.19	2.21828e-14
0.191	2.21828e-14
0.192	2.21828e-14
0.193	2.21828e-14
0.194	2.21828e-14
0.195	2.21828e-14
0.196	2.21828e-14
0.197	2.21828e-14
0.198	2.21828e-14
0.199	2.21828e-14
0.2	2.21828e-14
0.201	2.21828e-14
0.202	2.21828e-14
0.203	2.21828e-14
0.204	2.21828e-14
0.205	2.21828e-14
0.206	2.21828e-14
0.207	2.21828e-14
0.208	2.21828e-14
0.209	2.21828e-14
0.21	2.21828e-14
0.211	2.21828e-14
0.212	2.21828e-14
0.213	2.21828e-14
0.214	2.21828e-14
0.215	2.21828e-14
0.216	2.21828e-14
0.217	2.21828e-14
0.218	2.21828e-14
0.219	2.21828e-14
0.22	2.21828e-14
0.221	2.21828e-14
0.222	2.21828e-14
0.223	2.21828e-14
0.224	2.21828e-14
0.225	2.21828e-14
0.226	2.21828e-14
0.227	2.21828e-14
0.228	2.21828e-14
0.229	2.21828e-14
0.23	2.21828e-14
0.231	2.21828e-14
0.232	2.21828e-14
0.233	2.21828e-14
0.234	2.21828e-14
0.235	2.21828e-14
0.236	2.21828e-14
0.237	2.21828e-14
0.238	2.21828e-14
0.239	2.21828e-14
0.24	2.21828e-14
0.241	2.21828e-14
0.242	2.21828e-14
0.243	2.21828e-14
0.244	2.21828e-14
0.245	2.21828e-14
0.246	2.21828e-14
0.247	2.21828e-14
0.248	2.21828e-14
0.249	2.21828e-14
0.25	2.21828e-14
0.251	2.21828e-14
0.252	2.21828e-14
0.253	2.21828e-14
0.254	2.21828e-14
0.255	2.21828e-14
0.256	2.21828e-14
0.257	2.21828e-14
0.258	2.21828e-14
0.259	2.21828e-14
0.26	2.21828e-14
0.261	2.21828e-14
0.262	2.21828e-14
0.263	2.21828e-14
0.264	2.21828e-14
0.265	2.21828e-14
0.266	2.21828e-14
0.267	2.21828e-14
0.268	2.21828e-14
0.269	2.21828e-14
0.27	2.21828e-14
0.271	2.21828e-14
0.272	2.21828e-14
0.273	2.21828e-14
0.274	2.21828e-14
0.275	2.21828e-14
0.276	2.21828e-14
0.277	2.21828e-14
0.278	2.21828e-14
0.279	2.21828e-14
0.28	2.21828e-14
0.281	2.21828e-14
0.282	2.21828e-14
0.283	2.21828e-14
0.284	2.21828e-14
0.285	2.21828e-14
0.286	2.21828e-14
0.287	2.21828e-14
0.288	2.21828e-14
0.289	2.21828e-14
0.29	2.21828e-14
0.291	2.21828e-14
0.292	2.21828e-14
0.293	2.21828e-14
0.294	2.21828e-14
0.295	2.21828e-14
0.296	2.21828e-14
0.297	2.21828e-14
0.298	2.21828e-14
0.299	2.21828e-14
0.3	2.21828e-14
0.301	2.21828e-14
0.302	2.21828e-14
0.303	2.21828e-14
0.304	2.21828e-14
0.305	2.21828e-14
0.306	2.21828e-14
0.307	2.21828e-14
0.308	2.21828e-14
0.309	2.21828e-14
0.31	2.21828e-14
0.311	2.21828e-14
0.312	2.21828e-14
0.313	2.21828e-14
0.314	2.21828e-14
0.315	2.21828e-14
0.316	2.21828e-14
0.317	2.21828e-14
0.318	2.21828e-14
0.319	2.21828e-14
0.32	2.21828e-14
0.321	2.21828e-14
0.322	2.21828e-14
0.323	2.21828e-14
0.324	2.21828e-14
0.325	2.21828e-14
0.326	2.21828e-14
0.327	2.21828e-14
0.328	2.21828e-14
0.329	2.21828e-14
0.33	2.21828e-14
0.331	2.21828e-14
0.332	2.21828e-14
0.333	2.21828e-14
0.334	2.21828e-14
0.335	2.21828e-14
0.336	2.21828e-14
0.337	2.21828e-14
0.338	2.21828e-14
0.339	2.21828e-14
0.34	2.21828e-14
0.341	2.21828e-14
0.342	2.21828e-14
0.343	2.21828e-14
0.344	2.21828e-14
0.345	2.21828e-14
0.346	2.21828e-14
0.347	2.21828e-14
0.348	2.21828e-14
0.349	2.21828e-14
0.35	2.21828e-14
0.351	2.21828e-14
0.352	2.21828e-14
0.353	2.21828e-14
0.354	2.21828e-14
0.355	2.21828e-14
0.356	2.21828e-14
0.357	2.21828e-14
0.358	2.21828e-14
0.359	2.21828e-14
0.36	2.21828e-14
0.361	2.21828e-14
0.362	2.21828e-14
0.363	2.21828e-14
0.364	2.21828e-14
0.365	2.21828e-14
0.366	2.21828e-14
0.367	2.21828e-14
0.368	2.21828e-14
0.369	2.21828e-14
0.37	2.21828e-14
0.371	2.21828e-14
0.372	2.21828e-14
0.373	2.21828e-14
0.374	2.21828e-14
0.375	2.21828e-14
0.376	2.21828e-14
0.377	2.21828e-14
0.378	2.21828e-14
0.379	2.21828e-14
0.38	2.21828e-14
0.381	2.21828e-14
0.382	2.21828e-14
0.383	2.21828e-14
0.384	2.21828e-14
0.385	2.21828e-14
0.386	2.21828e-14
0.387	2.21828e-14
0.388	2.21828e-14
0.389	2.21828e-14
0.39	2.21828e-14
0.391	2.21828e-14
0.392	2.21828e-14
0.393	2.21828e-14
0.394	2.21828e-14
0.395	2.21828e-14
0.396	2.21828e-14
0.397	2.21828e-14
0.398	2.21828e-14
0.399	2.21828e-14
0.4	2.21828e-14
0.401	2.21828e-14
0.402	2.21828e-14
0.403	2.21828e-14
0.404	2.21828e-14
0.405	2.21828e-14
0.406	2.21828e-14
0.407	2.21828e-14
0.408	2.21828e-14
0.409	2.21828e-14
0.41	2.21828e-14
0.411	2.21828e-14
0.412	2.21828e-14
0.413	2.21828e-14
0.414	2.21828e-14
0.415	2.21828e-14
0.416	2.21828e-14
0.417	2.21828e-14
0.418	2.21828e-14
0.419	2.21828e-14
0.42	2.21828e-14
0.421	2.21828e-14
0.422	2.21828e-14
0.423	2.21828e-14
0.424	2.21828e-14
0.425	2.21828e-14
0.426	2.21828e-14
0.427	2.21828e-14
0.428	2.21828e-14
0.429	2.21828e-14
0.43	2.21828e-14
0.431	2.21828e-14
0.432	2.21828e-14
0.433	2.21828e-14
0.434	2.21828e-14
0.435	2.21828e-14
0.436	2.21828e-14
0.437	2.21828e-14
0.438	2.21828e-14
0.439	2.21828e-14
0.44	2.21828e-14
0.441	2.21828e-14
0.442	2.21828e-14
0.443	2.21828e-14
0.444	2.21828e-14
0.445	2.21828e-14
0.446	2.21828e-14
0.447	2.21828e-14
0.448	2.21828e-14
0.449	2.21828e-14
0.45	2.21828e-14
0.451	2.21828e-14
0.452	2.21828e-14
0.453	2.21828e-14
0.454	2.21828e-14
0.455	2.21828e-14
0.456	2.21828e-14
0.457	2.21828e-14
0.458	2.21828e-14
0.459	2.21828e-14
0.46	2.21828e-14
0.461	2.21828e-14
0.462	2.21828e-14
0.463	2.21828e-14
0.464	2.21828e-14
0.465	2.21828e-14
0.466	2.21828e-14
0.467	2.21828e-14
0.468	2.21828e-14
0.469	2.21828e-14
0.47	2.21828e-14
0.471	2.21828e-14
0.472	2.21828e-14
0.473	2.21828e-14
0.474	2.21828e-14
0.475	2.21828e-14
0.476	2.21828e-14
0.477	2.21828e-14
0.478	2.21828e-14
0.479	2.21828e-14
0.48	2.21828e-14
0.481	2.21828e-14
0.482	2.21828e-14
0.483	2.21828e-14
0.484	2.21828e-14
0.485	2.21828e-14
0.486	2.21828e-14
0.487	2.21828e-14
0.488	2.21828e-14
0.489	2.21828e-14
0.49	2.21828e-14
0.491	2.21828e-14
0.492	2.21828e-14
0.493	2.21828e-14
0.494	2.21828e-14
0.495	2.21828e-14
0.496	2.21828e-14
0.497	2.21828e-14
0.498	2.21828e-14
0.499	2.21828e-14
0.5	-2.9344e-06
0.501	-1.56835e-06
0.502	-5.47023e-07
0.503	1.87976e-07
0.504	6.87747e-07
0.505	9.96788e-07
0.506	1.15365e-06
0.507	1.19156e-06
0.508	1.13894e-06
0.509	1.01996e-06
0.51	8.54961e-07
0.511	6.60924e-07
0.512	4.51834e-07
0.513	2.39048e-07
0.514	3.16173e-08
0.515	-1.63418e-07
0.516	-3.40761e-07
0.517	-4.96615e-07
0.518	-6.28469e-07
0.519	-7.34897e-07
0.52	-8.15386e-07
0.521	-8.70174e-07
0.522	-9.00118e-07
0.523	-9.0656e-07
0.524	-8.91226e-07
0.525	-8.56126e-07
0.526	-8.03468e-07
0.527	-7.35591e-07
0.528	-6.54896e-07
0.529	-5.63795e-07
0.53	-4.64669e-07
0.531	-3.59823e-07
0.532	-2.51462e-07
0.533	-1.41663e-07
0.534	-3.23551e-08
0.535	7.46935e-08
0.536	1.77887e-07
0.537	2.75807e-07
0.538	3.67219e-07
0.539	4.51068e-07
0.54	5.2648e-07
0.541	5.92758e-07
0.542	6.49372e-07
0.543	6.95955e-07
0.544	7.32296e-07
0.545	7.58324e-07
0.546	7.74102e-07
0.547	7.79818e-07
0.548	7.75769e-07
0.549	7.62351e-07
0.55	7.40048e-07
0.551	7.09422e-07
0.552	6.711e-07
0.553	6.2576e-07
0.554	5.74128e-07
0.555	5.16958e-07
0.556	4.55031e-07
0.557	3.89141e-07
0.558	3.20087e-07
0.559	2.48664e-07
0.56	1.75659e-07
0.561	1.01839e-07
0.562	2.79503e-08
0.563	-4.52923e-08
0.564	-1.17207e-07
0.565	-1.87151e-07
0.566	-2.54523e-07
0.567	-3.18768e-07
0.568	-3.79378e-07
0.569	-4.35896e-07
0.57	-4.87917e-07
0.571	-5.35086e-07
0.572	-5.77105e-07
0.573	-6.13725e-07
0.574	-6.44752e-07
0.575	-6.70044e-07
0.576	-6.8951e-07
0.577	-7.03108e-07
0.578	-7.10843e-07
0.579	-7.12768e-07
0.58	-7.08979e-07
0.581	-6.99611e-07
0.582	-6.84841e-07
0.583	-6.64879e-07
0.584	-6.3997e-07
0.585	-6.10387e-07
0.586	-5.76432e-07
0.587	-5.3843e-07
0.588	-4.96727e-07
0.589	-4.51685e-07
0.59	-4.03683e-07
0.591	-3.53111e-07
0.592	-3.00365e-07
0.593	-2.4585e-07
0.594	-1.8997e-07
0.595	-1.33133e-07
0.596	-7.57406e-08
0.597	-1.81906e-08
0.598	3.91272e-08
0.599	9.58329e-08
0.6	1.51559e-07
0.601	2.05952e-07
0.602	2.58675e-07
0.603	3.09407e-07
0.604	3.57848e-07
0.605	4.03718e-07
0.606	4.46758e-07
0.607	4.86732e-07
0.608	5.23428e-07
0.609	5.56658e-07
0.61	5.86258e-07
0.611	6.12089e-07
0.612	6.34039e-07
0.613	6.52019e-07
0.614	6.65967e-07
0.615	6.75844e-07
0.616	6.81639e-07
0.617	6.83363e-07
0.618	6.81049e-07
0.619	6.74757e-07
0.62	6.64565e-07
0.621	6.50575e-07
0.622	6.32908e-07
0.623	6.11705e-07
0.624	5.87123e-07
0.625	5.59338e-07
0.626	5.2854e-07
0.627	4.94934e-07
0.628	4.58738e-07
0.629	4.2018e-07
0.63	3.79501e-07
0.631	3.36947e-07
0.632	2.92773e-07
0.633	2.4724e-07
0.634	2.00614e-07
0.635	1.53161e-07
0.636	1.05151e-07
0.637	5.68534e-08
0.638	8.53624e-09
0.639	-3.9535e-08
0.64	-8.70986e-08
0.641	-1.33898e-07
0.642	-1.79683e-07
0.643	-2.2421e-07
0.644	-2.67245e-07
0.645	-3.08562e-07
0.646	-3.47947e-07
0.647	-3.85197e-07
0.648	-4.20118e-07
0.649	-4.52534e-07
0.65	-4.82277e-07
0.651	-5.09196e-07
0.652	-5.33155e-07
0.653	-5.5403e-07
0.654	-5.71714e-07
0.655	-5.86115e-07
0.656	-5.97156e-07
0.657	-6.04778e-07
0.658	-6.08934e-07
0.659	-6.09596e-07
0.66	-6.06748e-07
0.661	-6.00393e-07
0.662	-5.90545e-07
0.663	-5.77237e-07
0.664	-5.60512e-07
0.665	-5.4043e-07
0.666	-5.17062e-07
0.667	-4.90492e-07
0.668	-4.60817e-07
0.669	-4.28144e-07
0.67	-3.9259e-07
0.671	-3.54284e-07
0.672	-3.13362e-07
0.673	-2.69967e-07
0.674	-2.24252e-07
0.675	-1.76373e-07
0.676	-1.26494e-07
0.677	-7.47791e-08
0.678	-2.13998e-08
0.679	3.34728e-08
0.68	8.9666e-08
0.681	1.47007e-07
0.682	2.05324e-07
0.683	2.64448e-07
0.684	3.24212e-07
0.685	3.84454e-07
0.686	4.45017e-07
0.687	5.05751e-07
0.688	5.66511e-07
0.689	6.27163e-07
0.69	6.8758e-07
0.691	7.47647e-07
0.692	8.07258e-07
0.693	8.6632e-07
0.694	9.24754e-07
0.695	9.82492e-07
0.696	1.03948e-06
0.697	1.09569e-06
0.698	1.15108e-06
0.699	1.20567e-06
0.7	1.25946e-06
0.701	1.31247e-06
0.702	1.36477e-06
0.703	1.41641e-06
0.704	1.46748e-06
0.705	1.51809e-06
0.706	1.56836e-06
0.707	1.61845e-06
0.708	1.66851e-06
0.709	1.71874e-06
0.71	1.76935e-06
0.711	1.82057e-06
0.712	1.87265e-06
0.713	1.92587e-06
0.714	1.98054e-06
0.715	2.03696e-06
0.716	2.09548e-06
0.717	2.15648e-06
0.718	2.22033e-06
0.719	2.28746e-06
0.72	2.35829e-06
0.721	2.43329e-06
0.722	2.51293e-06
0.723	2.59773e-06
0.724	2.68821e-06
0.725	2.78493e-06
0.726	2.88845e-06
0.727	2.99939e-06
0.728	3.11837e-06
0.729	3.24604e-06
0.73	3.38307e-06
0.731	3.53016e-06
0.732	3.68805e-06
0.733	3.85748e-06
0.734	4.03925e-06
0.735	4.23414e-06
0.736	4.44301e-06
0.737	4.66672e-06
0.738	4.90616e-06
0.739	5.16227e-06
0.74	5.436e-06
0.741	5.72836e-06
0.742	6.04036e-06
0.743	6.37309e-06
0.744	6.72763e-06
0.745	7.10514e-06
0.746	7.50681e-06
0.747	7.93387e-06
0.748	8.38759e-06
0.749	8.86931e-06
0.75	9.38039e-06
0.751	9.92229e-06
0.752	1.04965e-05
0.753	1.11045e-05
0.754	1.1748e-05
0.755	1.24287e-05
0.756	1.31483e-05
0.757	1.39086e-05
0.758	1.47115e-05
0.759	1.55591e-05
0.76	1.64535e-05
0.761	1.73967e-05
0.762	1.83912e-05
0.763	1.94392e-05
0.764	2.05433e-05
0.765	2.17062e-05
0.766	2.29304e-05
0.767	2.4219e-05
0.768	2.5575e-05
0.769	2.70014e-05
0.77	2.85017e-05
0.771	3.00792e-05
0.772	3.17377e-05
0.773	3.34811e-05
0.774	3.53132e-05
0.775	3.72384e-05
0.776	3.92611e-05
0.777	4.1386e-05
0.778	4.36179e-05
0.779	4.59621e-05
0.78	4.8424e-05
0.781	5.10091e-05
0.782	5.37235e-05
0.783	5.65736e-05
0.784	5.95657e-05
0.785	6.2707e-05
0.786	6.60046e-05
0.787	6.94663e-05
0.788	7.30999e-05
0.789	7.6914e-05
0.79	8.09174e-05
0.791	8.51194e-05
0.792	8.95296e-05
0.793	9.41585e-05
0.794	9.90166e-05
0.795	0.000104115
0.796	0.000109466
0.797	0.000115082
0.798	0.000120976
0.799	0.000127161
0.8	0.000133652
0.801	0.000140463
0.802	0.000147611
0.803	0.000155113
0.804	0.000162984
0.805	0.000171244
0.806	0.000179911
0.807	0.000189005
0.808	0.000198548
0.809	0.00020856
0.81	0.000219065
0.811	0.000230087
0.812	0.000241651
0.813	0.000253782
0.814	0.000266509
0.815	0.000279861
0.816	0.000293866
0.817	0.000308558
0.818	0.000323968
0.819	0.000340132
0.82	0.000357085
0.821	0.000374865
0.822	0.000393512
0.823	0.000413067
0.824	0.000433572
0.825	0.000455074
0.826	0.00047762
0.827	0.000501259
0.828	0.000526042
0.829	0.000552023
0.83	0.00057926
0.831	0.000607811
0.832	0.000637738
0.833	0.000669105
0.834	0.00070198
0.835	0.000736432
0.836	0.000772537
0.837	0.00081037
0.838	0.000850013
0.839	0.000891549
0.84	0.000935065
0.841	0.000980654
0.842	0.00102841
0.843	0.00107844
0.844	0.00113084
0.845	0.00118572
0.846	0.0012432
0.847	0.00130339
0.848	0.00136643
0.849	0.00143244
0.85	0.00150155
0.851	0.00157391
0.852	0.00164966
0.853	0.00172897
0.854	0.00181199
0.855	0.0018989
0.856	0.00198986
0.857	0.00208506
0.858	0.00218469
0.859	0.00228896
0.86	0.00239808
0.861	0.00251225
0.862	0.00263172
0.863	0.00275672
0.864	0.00288749
0.865	0.0030243
0.866	0.00316742
0.867	0.00331713
0.868	0.00347372
0.869	0.00363751
0.87	0.00380881
0.871	0.00398797
0.872	0.00417532
0.873	0.00437124
0.874	0.00457611
0.875	0.00479032
0.876	0.00501428
0.877	0.00524844
0.878	0.00549325
0.879	0.00574916
0.88	0.00601668
0.881	0.00629632
0.882	0.00658861
0.883	0.00689411
0.884	0.0072134
0.885	0.00754708
0.886	0.00789579
0.887	0.00826019
0.888	0.00864096
0.889	0.00903882
0.89	0.00945451
0.891	0.00988883
0.892	0.0103426
0.893	0.0108166
0.894	0.0113118
0.895	0.011829
0.896	0.0123693
0.897	0.0129336
0.898	0.013523
0.899	0.0141385
0.9	0.0147814
0.901	0.0154527
0.902	0.0161537
0.903	0.0168856
0.904	0.0176499
0.905	0.0184479
0.906	0.019281
0.907	0.0201507
0.908	0.0210587
0.909	0.0220065
0.91	0.0229959
0.911	0.0240286
0.912	0.0251065
0.913	0.0262315
0.914	0.0274056
0.915	0.0286309
0.916	0.0299095
0.917	0.0312438
0.918	0.032636
0.919	0.0340887
0.92	0.0356043
0.921	0.0371856
0.922	0.0388353
0.923	0.0405563
0.924	0.0423515
0.925	0.0442242
0.926	0.0461775
0.927	0.0482149
0.928	0.0503398
0.929	0.0525559
0.93	0.054867
0.931	0.0572771
0.932	0.0597904
0.933	0.062411
0.934	0.0651435
0.935	0.0679925
0.936	0.0709629
0.937	0.0740596
0.938	0.077288
0.939	0.0806534
0.94	0.0841616
0.941	0.0878183
0.942	0.0916298
0.943	0.0956024
0.944	0.0997428
0.945	0.104058
0.946	0.108554
0.947	0.113241
0.948	0.118124
0.949	0.123212
0.95	0.128513
0.951	0.134037
0.952	0.139792
0.953	0.145787
0.954	0.152033
0.955	0.15854
0.956	0.165317
0.957	0.172377
0.958	0.179731
0.959	0.18739
0.96	0.195367
0.961	0.203675
0.962	0.212327
0.963	0.221336
0.964	0.230718
0.965	0.240488
0.966	0.25066
0.967	0.261252
0.968	0.272279
0.969	0.28376
0.97	0.295712
0.971	0.308154
0.972	0.321107
0.973	0.33459
0.974	0.348624
0.975	0.363231
0.976	0.378435
0.977	0.394259
0.978	0.410727
0.979	0.427865
0.98	0.445699
0.981	0.464258
0.982	0.483569
0.983	0.503663
0.984	0.52457
0.985	0.546322
0.986	0.568953
0.987	0.592497
0.988	0.61699
0.989	0.642469
0.99	0.668973
0.991	0.696542
0.992	0.725217
0.993	0.755042
0.994	0.786061
0.995	0.818322
0.996	0.851872
0.997	0.886761
0.998	0.923042
0.999	0.960768
