# Interpolation data for function: x^40
0	-3.33556e-15
0.001	-3.85995e-16
0.002	9.83134e-16
0.003	1.33181e-15
0.004	1.15095e-15
0.005	6.8922e-16
0.006	1.59233e-16
0.007	-3.23091e-16
0.008	-7.00331e-16
0.009	-9.30945e-16
0.01	-1.02525e-15
0.011	-9.36623e-16
0.012	-8.3674e-16
0.013	-5.94766e-16
0.014	-3.57037e-16
0.015	-8.48725e-17
0.016	1.49282e-16
0.017	3.84267e-16
0.018	5.95459e-16
0.019	7.02847e-16
0.02	7.85294e-16
0.021	8.3296e-16
0.022	8.15517e-16
0.023	7.58807e-16
0.024	6.80912e-16
0.025	5.31601e-16
0.026	3.99032e-16
0.027	2.28554e-16
0.028	4.86772e-17
0.029	-1.14771e-16
0.03	-2.28745e-16
0.031	-3.81374e-16
0.032	-4.88771e-16
0.033	-6.23765e-16
0.034	-6.53372e-16
0.035	-7.16223e-16
0.036	-7.16711e-16
0.037	-7.17141e-16
0.038	-6.9166e-16
0.039	-6.03087e-16
0.04	-5.49973e-16
0.041	-4.68744e-16
0.042	-3.69927e-16
0.043	-2.34404e-16
0.044	-1.16546e-16
0.045	1.00057e-18
0.046	8.07889e-17
0.047	2.19688e-16
0.048	3.4235e-16
0.049	4.04729e-16
0.05	5.09397e-16
0.051	5.77497e-16
0.052	6.27501e-16
0.053	6.53503e-16
0.054	6.86552e-16
0.055	6.87574e-16
0.056	6.67652e-16
0.057	6.35077e-16
0.058	5.97129e-16
0.059	5.64926e-16
0.06	4.85038e-16
0.061	4.22011e-16
0.062	3.29524e-16
0.063	2.66877e-16
0.064	1.68474e-16
0.065	5.85878e-17
0.066	-2.23372e-17
0.067	-1.1192e-16
0.068	-1.87677e-16
0.069	-3.03366e-16
0.07	-3.39689e-16
0.071	-4.35501e-16
0.072	-4.82428e-16
0.073	-5.41145e-16
0.074	-5.76132e-16
0.075	-5.95973e-16
0.076	-6.31254e-16
0.077	-6.22973e-16
0.078	-6.29591e-16
0.079	-6.03791e-16
0.08	-5.94057e-16
0.081	-5.57172e-16
0.082	-5.22282e-16
0.083	-4.35002e-16
0.084	-3.9467e-16
0.085	-3.45357e-16
0.086	-2.64264e-16
0.087	-1.98885e-16
0.088	-1.26897e-16
0.089	-4.70149e-17
0.09	3.09011e-17
0.091	9.13354e-17
0.092	1.6401e-16
0.093	2.43486e-16
0.094	3.10248e-16
0.095	3.73264e-16
0.096	4.23026e-16
0.097	4.69405e-16
0.098	5.09535e-16
0.099	5.57295e-16
0.1	5.77102e-16
0.101	5.958e-16
0.102	6.19727e-16
0.103	6.26224e-16
0.104	6.11081e-16
0.105	5.79977e-16
0.106	5.80771e-16
0.107	5.53405e-16
0.108	5.22996e-16
0.109	4.53883e-16
0.11	4.25102e-16
0.111	3.88091e-16
0.112	3.29903e-16
0.113	2.56409e-16
0.114	1.98143e-16
0.115	1.41403e-16
0.116	6.87794e-17
0.117	-4.89001e-18
0.118	-7.08307e-17
0.119	-1.07252e-16
0.12	-1.82e-16
0.121	-2.49434e-16
0.122	-2.9509e-16
0.123	-3.5872e-16
0.124	-4.02437e-16
0.125	-4.50012e-16
0.126	-4.90239e-16
0.127	-5.20462e-16
0.128	-5.50235e-16
0.129	-5.645e-16
0.13	-5.84841e-16
0.131	-5.90739e-16
0.132	-5.94599e-16
0.133	-5.87626e-16
0.134	-5.77574e-16
0.135	-5.68296e-16
0.136	-5.49853e-16
0.137	-5.21787e-16
0.138	-4.77955e-16
0.139	-4.46077e-16
0.14	-4.06363e-16
0.141	-3.69779e-16
0.142	-3.12114e-16
0.143	-2.71061e-16
0.144	-2.12159e-16
0.145	-1.77068e-16
0.146	-9.70926e-17
0.147	-3.43084e-17
0.148	9.33236e-18
0.149	6.37132e-17
0.15	1.15358e-16
0.151	1.72927e-16
0.152	2.23242e-16
0.153	2.69798e-16
0.154	3.20992e-16
0.155	3.68644e-16
0.156	4.079e-16
0.157	4.30666e-16
0.158	4.80213e-16
0.159	5.03628e-16
0.16	5.2647e-16
0.161	5.25072e-16
0.162	5.55401e-16
0.163	5.61125e-16
0.164	5.58776e-16
0.165	5.55601e-16
0.166	5.44094e-16
0.167	5.49855e-16
0.168	5.15558e-16
0.169	4.9767e-16
0.17	4.77036e-16
0.171	4.45571e-16
0.172	4.10107e-16
0.173	3.70756e-16
0.174	3.37069e-16
0.175	2.86785e-16
0.176	2.45232e-16
0.177	2.01692e-16
0.178	1.53365e-16
0.179	8.9289e-17
0.18	4.50064e-17
0.181	7.99543e-18
0.182	-4.3954e-17
0.183	-9.36202e-17
0.184	-1.54896e-16
0.185	-1.91629e-16
0.186	-2.46578e-16
0.187	-2.84596e-16
0.188	-3.34695e-16
0.189	-3.6648e-16
0.19	-3.98458e-16
0.191	-4.30936e-16
0.192	-4.5783e-16
0.193	-4.8963e-16
0.194	-5.10602e-16
0.195	-5.36678e-16
0.196	-5.51687e-16
0.197	-5.4934e-16
0.198	-5.47545e-16
0.199	-5.56919e-16
0.2	-5.60134e-16
0.201	-5.48238e-16
0.202	-5.41819e-16
0.203	-5.1287e-16
0.204	-5.01956e-16
0.205	-4.63307e-16
0.206	-4.39923e-16
0.207	-4.18841e-16
0.208	-3.85669e-16
0.209	-3.3981e-16
0.21	-3.0774e-16
0.211	-2.75317e-16
0.212	-2.2935e-16
0.213	-1.87273e-16
0.214	-1.36503e-16
0.215	-8.34613e-17
0.216	-4.44008e-17
0.217	1.03889e-17
0.218	4.3705e-17
0.219	7.68052e-17
0.22	1.47271e-16
0.221	1.72002e-16
0.222	2.26331e-16
0.223	2.65899e-16
0.224	3.06677e-16
0.225	3.46084e-16
0.226	3.80131e-16
0.227	4.09442e-16
0.228	4.32509e-16
0.229	4.60512e-16
0.23	4.75374e-16
0.231	4.99991e-16
0.232	5.20281e-16
0.233	5.24656e-16
0.234	5.44042e-16
0.235	5.40485e-16
0.236	5.30539e-16
0.237	5.34279e-16
0.238	5.34662e-16
0.239	5.16057e-16
0.24	5.00357e-16
0.241	4.87305e-16
0.242	4.68178e-16
0.243	4.46086e-16
0.244	4.2142e-16
0.245	3.8525e-16
0.246	3.59767e-16
0.247	3.17947e-16
0.248	2.88463e-16
0.249	2.44889e-16
0.25	2.07913e-16
0.251	1.57679e-16
0.252	1.24705e-16
0.253	8.02623e-17
0.254	4.82487e-17
0.255	-5.11568e-18
0.256	-5.11324e-17
0.257	-8.98065e-17
0.258	-1.38838e-16
0.259	-1.95868e-16
0.26	-2.23827e-16
0.261	-2.70652e-16
0.262	-3.07448e-16
0.263	-3.31269e-16
0.264	-3.67977e-16
0.265	-4.05821e-16
0.266	-4.26301e-16
0.267	-4.57971e-16
0.268	-4.79556e-16
0.269	-5.06463e-16
0.27	-5.21399e-16
0.271	-5.42733e-16
0.272	-5.31351e-16
0.273	-5.48554e-16
0.274	-5.57221e-16
0.275	-5.61181e-16
0.276	-5.68132e-16
0.277	-5.65828e-16
0.278	-5.43581e-16
0.279	-5.26414e-16
0.28	-5.05176e-16
0.281	-4.87711e-16
0.282	-4.72909e-16
0.283	-4.44543e-16
0.284	-4.07967e-16
0.285	-3.9598e-16
0.286	-3.55286e-16
0.287	-3.33938e-16
0.288	-2.9278e-16
0.289	-2.50009e-16
0.29	-2.10338e-16
0.291	-1.8188e-16
0.292	-1.25731e-16
0.293	-8.98527e-17
0.294	-4.29845e-17
0.295	2.22919e-18
0.296	4.77009e-17
0.297	8.61748e-17
0.298	1.22894e-16
0.299	1.66565e-16
0.3	2.17313e-16
0.301	2.52464e-16
0.302	2.90485e-16
0.303	3.21075e-16
0.304	3.61519e-16
0.305	3.90207e-16
0.306	4.231e-16
0.307	4.47744e-16
0.308	4.79956e-16
0.309	5.01509e-16
0.31	5.21232e-16
0.311	5.38002e-16
0.312	5.67831e-16
0.313	5.68744e-16
0.314	5.83418e-16
0.315	5.90634e-16
0.316	5.8669e-16
0.317	5.90017e-16
0.318	5.92106e-16
0.319	5.7258e-16
0.32	5.67978e-16
0.321	5.41509e-16
0.322	5.34136e-16
0.323	5.1114e-16
0.324	4.95852e-16
0.325	4.65674e-16
0.326	4.40929e-16
0.327	4.06125e-16
0.328	3.65876e-16
0.329	3.45261e-16
0.33	3.06052e-16
0.331	2.66746e-16
0.332	2.28559e-16
0.333	1.89364e-16
0.334	1.52658e-16
0.335	1.09148e-16
0.336	7.17915e-17
0.337	1.72853e-17
0.338	-2.54165e-17
0.339	-5.9808e-17
0.34	-1.01262e-16
0.341	-1.41908e-16
0.342	-1.87718e-16
0.343	-2.37838e-16
0.344	-2.67962e-16
0.345	-3.07448e-16
0.346	-3.38982e-16
0.347	-3.85361e-16
0.348	-4.13464e-16
0.349	-4.31424e-16
0.35	-4.59803e-16
0.351	-4.77159e-16
0.352	-5.09217e-16
0.353	-5.21828e-16
0.354	-5.33901e-16
0.355	-5.63136e-16
0.356	-5.66337e-16
0.357	-5.75229e-16
0.358	-5.80017e-16
0.359	-5.78334e-16
0.36	-5.85405e-16
0.361	-5.86262e-16
0.362	-5.75078e-16
0.363	-5.60158e-16
0.364	-5.33477e-16
0.365	-5.27908e-16
0.366	-5.07484e-16
0.367	-4.8551e-16
0.368	-4.58322e-16
0.369	-4.26768e-16
0.37	-4.00295e-16
0.371	-3.63899e-16
0.372	-3.3384e-16
0.373	-2.99726e-16
0.374	-2.65602e-16
0.375	-2.29426e-16
0.376	-1.85111e-16
0.377	-1.48726e-16
0.378	-9.1209e-17
0.379	-5.57164e-17
0.38	-1.3052e-17
0.381	2.40473e-17
0.382	8.08947e-17
0.383	1.24669e-16
0.384	1.73155e-16
0.385	2.18425e-16
0.386	2.48798e-16
0.387	2.91605e-16
0.388	3.34188e-16
0.389	3.72498e-16
0.39	4.18909e-16
0.391	4.54502e-16
0.392	4.8467e-16
0.393	5.1514e-16
0.394	5.51021e-16
0.395	5.79067e-16
0.396	6.10455e-16
0.397	6.4277e-16
0.398	6.70765e-16
0.399	6.90688e-16
0.4	7.11938e-16
0.401	7.24954e-16
0.402	7.6155e-16
0.403	7.8055e-16
0.404	7.82547e-16
0.405	8.04488e-16
0.406	8.03374e-16
0.407	8.23255e-16
0.408	8.40546e-16
0.409	8.53123e-16
0.41	8.49213e-16
0.411	8.65435e-16
0.412	8.83158e-16
0.413	9.03828e-16
0.414	9.04483e-16
0.415	9.28533e-16
0.416	9.46572e-16
0.417	9.7859e-16
0.418	1.01044e-15
0.419	1.03371e-15
0.42	1.07781e-15
0.421	1.11917e-15
0.422	1.1644e-15
0.423	1.23722e-15
0.424	1.29063e-15
0.425	1.37207e-15
0.426	1.4792e-15
0.427	1.56822e-15
0.428	1.69297e-15
0.429	1.83962e-15
0.43	1.98409e-15
0.431	2.15867e-15
0.432	2.35196e-15
0.433	2.56604e-15
0.434	2.81019e-15
0.435	3.08128e-15
0.436	3.37886e-15
0.437	3.71539e-15
0.438	4.0933e-15
0.439	4.48695e-15
0.44	4.95536e-15
0.441	5.44688e-15
0.442	5.99822e-15
0.443	6.60968e-15
0.444	7.26977e-15
0.445	8.00618e-15
0.446	8.79848e-15
0.447	9.67569e-15
0.448	1.06483e-14
0.449	1.16962e-14
0.45	1.28335e-14
0.451	1.41011e-14
0.452	1.54725e-14
0.453	1.69858e-14
0.454	1.86122e-14
0.455	2.0395e-14
0.456	2.23292e-14
0.457	2.44426e-14
0.458	2.67547e-14
0.459	2.92574e-14
0.46	3.20016e-14
0.461	3.49613e-14
0.462	3.82013e-14
0.463	4.17106e-14
0.464	4.55445e-14
0.465	4.96959e-14
0.466	5.4217e-14
0.467	5.91314e-14
0.468	6.44668e-14
0.469	7.02605e-14
0.47	7.65533e-14
0.471	8.33816e-14
0.472	9.0817e-14
0.473	9.88729e-14
0.474	1.07614e-13
0.475	1.17095e-13
0.476	1.27409e-13
0.477	1.38572e-13
0.478	1.5069e-13
0.479	1.63836e-13
0.48	1.78078e-13
0.481	1.93538e-13
0.482	2.10299e-13
0.483	2.28469e-13
0.484	2.48162e-13
0.485	2.695e-13
0.486	2.92616e-13
0.487	3.17664e-13
0.488	3.44784e-13
0.489	3.74168e-13
0.49	4.05977e-13
0.491	4.40446e-13
0.492	4.77713e-13
0.493	5.18098e-13
0.494	5.61777e-13
0.495	6.09045e-13
0.496	6.60202e-13
0.497	7.15521e-13
0.498	7.75351e-13
0.499	8.4007e-13
0.5	9.10038e-13
0.501	9.85688e-13
0.502	1.06746e-12
0.503	1.15584e-12
0.504	1.25133e-12
0.505	1.35452e-12
0.506	1.466e-12
0.507	1.58639e-12
0.508	1.7164e-12
0.509	1.85681e-12
0.51	2.0084e-12
0.511	2.17206e-12
0.512	2.34866e-12
0.513	2.53927e-12
0.514	2.74492e-12
0.515	2.96679e-12
0.516	3.20612e-12
0.517	3.46423e-12
0.518	3.74259e-12
0.519	4.04271e-12
0.52	4.36626e-12
0.521	4.71501e-12
0.522	5.09088e-12
0.523	5.49591e-12
0.524	5.93229e-12
0.525	6.4024e-12
0.526	6.90876e-12
0.527	7.45411e-12
0.528	8.04134e-12
0.529	8.67358e-12
0.53	9.35423e-12
0.531	1.00868e-11
0.532	1.08753e-11
0.533	1.17237e-11
0.534	1.26365e-11
0.535	1.36185e-11
0.536	1.46748e-11
0.537	1.58108e-11
0.538	1.70323e-11
0.539	1.83457e-11
0.54	1.97577e-11
0.541	2.12754e-11
0.542	2.29065e-11
0.543	2.46594e-11
0.544	2.65428e-11
0.545	2.85661e-11
0.546	3.07396e-11
0.547	3.30739e-11
0.548	3.55808e-11
0.549	3.82726e-11
0.55	4.11626e-11
0.551	4.4265e-11
0.552	4.75948e-11
0.553	5.11685e-11
0.554	5.50033e-11
0.555	5.91177e-11
0.556	6.35317e-11
0.557	6.82664e-11
0.558	7.33445e-11
0.559	7.87902e-11
0.56	8.46294e-11
0.561	9.08897e-11
0.562	9.76007e-11
0.563	1.04794e-10
0.564	1.12503e-10
0.565	1.20764e-10
0.566	1.29616e-10
0.567	1.39099e-10
0.568	1.49257e-10
0.569	1.60137e-10
0.57	1.71789e-10
0.571	1.84266e-10
0.572	1.97625e-10
0.573	2.11927e-10
0.574	2.27236e-10
0.575	2.43621e-10
0.576	2.61156e-10
0.577	2.7992e-10
0.578	2.99995e-10
0.579	3.21472e-10
0.58	3.44446e-10
0.581	3.69017e-10
0.582	3.95294e-10
0.583	4.23392e-10
0.584	4.53435e-10
0.585	4.85551e-10
0.586	5.19883e-10
0.587	5.56576e-10
0.588	5.9579e-10
0.589	6.37694e-10
0.59	6.82466e-10
0.591	7.30297e-10
0.592	7.81391e-10
0.593	8.35965e-10
0.594	8.94248e-10
0.595	9.56486e-10
0.596	1.02294e-09
0.597	1.09389e-09
0.598	1.16963e-09
0.599	1.25047e-09
0.6	1.33675e-09
0.601	1.42882e-09
0.602	1.52707e-09
0.603	1.6319e-09
0.604	1.74372e-09
0.605	1.86301e-09
0.606	1.99024e-09
0.607	2.12592e-09
0.608	2.27061e-09
0.609	2.42489e-09
0.61	2.58937e-09
0.611	2.7647e-09
0.612	2.9516e-09
0.613	3.15079e-09
0.614	3.36306e-09
0.615	3.58926e-09
0.616	3.83026e-09
0.617	4.08702e-09
0.618	4.36053e-09
0.619	4.65185e-09
0.62	4.96212e-09
0.621	5.29254e-09
0.622	5.64437e-09
0.623	6.01896e-09
0.624	6.41776e-09
0.625	6.84228e-09
0.626	7.29413e-09
0.627	7.77502e-09
0.628	8.28678e-09
0.629	8.83132e-09
0.63	9.4107e-09
0.631	1.00271e-08
0.632	1.06828e-08
0.633	1.13802e-08
0.634	1.21219e-08
0.635	1.29107e-08
0.636	1.37494e-08
0.637	1.46412e-08
0.638	1.55893e-08
0.639	1.65972e-08
0.64	1.76685e-08
0.641	1.88071e-08
0.642	2.00171e-08
0.643	2.13029e-08
0.644	2.26691e-08
0.645	2.41206e-08
0.646	2.56626e-08
0.647	2.73005e-08
0.648	2.90402e-08
0.649	3.08879e-08
0.65	3.28499e-08
0.651	3.49333e-08
0.652	3.71453e-08
0.653	3.94936e-08
0.654	4.19865e-08
0.655	4.46326e-08
0.656	4.7441e-08
0.657	5.04214e-08
0.658	5.35841e-08
0.659	5.69399e-08
0.66	6.05003e-08
0.661	6.42774e-08
0.662	6.82841e-08
0.663	7.25339e-08
0.664	7.70412e-08
0.665	8.18212e-08
0.666	8.68899e-08
0.667	9.22642e-08
0.668	9.79622e-08
0.669	1.04003e-07
0.67	1.10406e-07
0.671	1.17193e-07
0.672	1.24386e-07
0.673	1.32009e-07
0.674	1.40086e-07
0.675	1.48645e-07
0.676	1.57713e-07
0.677	1.6732e-07
0.678	1.77496e-07
0.679	1.88274e-07
0.68	1.9969e-07
0.681	2.1178e-07
0.682	2.24582e-07
0.683	2.38138e-07
0.684	2.5249e-07
0.685	2.67684e-07
0.686	2.83769e-07
0.687	3.00794e-07
0.688	3.18814e-07
0.689	3.37885e-07
0.69	3.58066e-07
0.691	3.79421e-07
0.692	4.02016e-07
0.693	4.25921e-07
0.694	4.5121e-07
0.695	4.77961e-07
0.696	5.06255e-07
0.697	5.36181e-07
0.698	5.67828e-07
0.699	6.01294e-07
0.7	6.36681e-07
0.701	6.74094e-07
0.702	7.13649e-07
0.703	7.55463e-07
0.704	7.99662e-07
0.705	8.46379e-07
0.706	8.95753e-07
0.707	9.47931e-07
0.708	1.00307e-06
0.709	1.06133e-06
0.71	1.12288e-06
0.711	1.18791e-06
0.712	1.25661e-06
0.713	1.32917e-06
0.714	1.40582e-06
0.715	1.48676e-06
0.716	1.57225e-06
0.717	1.66252e-06
0.718	1.75783e-06
0.719	1.85847e-06
0.72	1.96472e-06
0.721	2.07688e-06
0.722	2.19527e-06
0.723	2.32023e-06
0.724	2.45213e-06
0.725	2.59132e-06
0.726	2.7382e-06
0.727	2.89319e-06
0.728	3.05672e-06
0.729	3.22925e-06
0.73	3.41126e-06
0.731	3.60326e-06
0.732	3.80578e-06
0.733	4.01938e-06
0.734	4.24465e-06
0.735	4.48222e-06
0.736	4.73274e-06
0.737	4.99689e-06
0.738	5.27539e-06
0.739	5.569e-06
0.74	5.87853e-06
0.741	6.20481e-06
0.742	6.54872e-06
0.743	6.91119e-06
0.744	7.29319e-06
0.745	7.69575e-06
0.746	8.11995e-06
0.747	8.56691e-06
0.748	9.03782e-06
0.749	9.53395e-06
0.75	1.00566e-05
0.751	1.06071e-05
0.752	1.1187e-05
0.753	1.17977e-05
0.754	1.2441e-05
0.755	1.31183e-05
0.756	1.38316e-05
0.757	1.45826e-05
0.758	1.53733e-05
0.759	1.62058e-05
0.76	1.70822e-05
0.761	1.80047e-05
0.762	1.89757e-05
0.763	1.99978e-05
0.764	2.10734e-05
0.765	2.22053e-05
0.766	2.33965e-05
0.767	2.46499e-05
0.768	2.59686e-05
0.769	2.73561e-05
0.77	2.88157e-05
0.771	3.03511e-05
0.772	3.19663e-05
0.773	3.36651e-05
0.774	3.54518e-05
0.775	3.73309e-05
0.776	3.93069e-05
0.777	4.13848e-05
0.778	4.35696e-05
0.779	4.58668e-05
0.78	4.82819e-05
0.781	5.08208e-05
0.782	5.34897e-05
0.783	5.62951e-05
0.784	5.92437e-05
0.785	6.23428e-05
0.786	6.55997e-05
0.787	6.90223e-05
0.788	7.26187e-05
0.789	7.63977e-05
0.79	8.03681e-05
0.791	8.45394e-05
0.792	8.89216e-05
0.793	9.3525e-05
0.794	9.83604e-05
0.795	0.000103439
0.796	0.000108773
0.797	0.000114375
0.798	0.000120258
0.799	0.000126436
0.8	0.000132923
0.801	0.000139734
0.802	0.000146884
0.803	0.000154391
0.804	0.000162271
0.805	0.000170544
0.806	0.000179226
0.807	0.000188339
0.808	0.000197904
0.809	0.000207941
0.81	0.000218475
0.811	0.000229527
0.812	0.000241124
0.813	0.000253292
0.814	0.000266058
0.815	0.00027945
0.816	0.000293499
0.817	0.000308235
0.818	0.000323692
0.819	0.000339904
0.82	0.000356906
0.821	0.000374737
0.822	0.000393435
0.823	0.000413041
0.824	0.000433599
0.825	0.000455154
0.826	0.000477751
0.827	0.000501442
0.828	0.000526276
0.829	0.000552308
0.83	0.000579594
0.831	0.000608192
0.832	0.000638165
0.833	0.000669576
0.834	0.000702493
0.835	0.000736986
0.836	0.000773127
0.837	0.000810995
0.838	0.000850669
0.839	0.000892233
0.84	0.000935775
0.841	0.000981386
0.842	0.00102916
0.843	0.0010792
0.844	0.00113161
0.845	0.0011865
0.846	0.00124398
0.847	0.00130418
0.848	0.00136721
0.849	0.0014332
0.85	0.0015023
0.851	0.00157464
0.852	0.00165038
0.853	0.00172966
0.854	0.00181265
0.855	0.00189952
0.856	0.00199045
0.857	0.00208561
0.858	0.0021852
0.859	0.00228943
0.86	0.00239849
0.861	0.00251262
0.862	0.00263203
0.863	0.00275697
0.864	0.00288768
0.865	0.00302444
0.866	0.00316749
0.867	0.00331714
0.868	0.00347367
0.869	0.0036374
0.87	0.00380864
0.871	0.00398773
0.872	0.00417503
0.873	0.00437089
0.874	0.0045757
0.875	0.00478985
0.876	0.00501377
0.877	0.00524788
0.878	0.00549263
0.879	0.00574851
0.88	0.00601599
0.881	0.00629559
0.882	0.00658785
0.883	0.00689332
0.884	0.00721258
0.885	0.00754624
0.886	0.00789494
0.887	0.00825933
0.888	0.0086401
0.889	0.00903796
0.89	0.00945367
0.891	0.00988799
0.892	0.0103418
0.893	0.0108158
0.894	0.011311
0.895	0.0118283
0.896	0.0123686
0.897	0.012933
0.898	0.0135224
0.899	0.014138
0.9	0.0147809
0.901	0.0154522
0.902	0.0161533
0.903	0.0168853
0.904	0.0176497
0.905	0.0184477
0.906	0.0192809
0.907	0.0201508
0.908	0.0210588
0.909	0.0220067
0.91	0.0229962
0.911	0.024029
0.912	0.0251069
0.913	0.026232
0.914	0.0274061
0.915	0.0286315
0.916	0.0299102
0.917	0.0312445
0.918	0.0326368
0.919	0.0340895
0.92	0.0356052
0.921	0.0371865
0.922	0.0388362
0.923	0.0405572
0.924	0.0423525
0.925	0.0442251
0.926	0.0461785
0.927	0.0482158
0.928	0.0503407
0.929	0.0525568
0.93	0.0548678
0.931	0.0572779
0.932	0.0597911
0.933	0.0624117
0.934	0.0651441
0.935	0.067993
0.936	0.0709633
0.937	0.07406
0.938	0.0772883
0.939	0.0806536
0.94	0.0841616
0.941	0.0878183
0.942	0.0916297
0.943	0.0956022
0.944	0.0997424
0.945	0.104057
0.946	0.108554
0.947	0.11324
0.948	0.118123
0.949	0.123211
0.95	0.128512
0.951	0.134036
0.952	0.139791
0.953	0.145786
0.954	0.152032
0.955	0.158539
0.956	0.165316
0.957	0.172376
0.958	0.17973
0.959	0.187389
0.96	0.195366
0.961	0.203674
0.962	0.212326
0.963	0.221336
0.964	0.230718
0.965	0.240488
0.966	0.25066
0.967	0.261252
0.968	0.272279
0.969	0.28376
0.97	0.295712
0.971	0.308155
0.972	0.321108
0.973	0.334591
0.974	0.348625
0.975	0.363232
0.976	0.378436
0.977	0.39426
0.978	0.410728
0.979	0.427866
0.98	0.4457
0.981	0.464259
0.982	0.48357
0.983	0.503664
0.984	0.524571
0.985	0.546323
0.986	0.568953
0.987	0.592497
0.988	0.61699
0.989	0.642468
0.99	0.668972
0.991	0.69654
0.992	0.725215
0.993	0.75504
0.994	0.786059
0.995	0.81832
0.996	0.85187
0.997	0.88676
0.998	0.923042
0.999	0.96077
