# Interpolation data for function: x^40
0	-6.91644e-15
0.001	-2.79809e-16
0.002	2.37836e-15
0.003	2.71388e-15
0.004	1.93351e-15
0.005	7.27005e-16
0.006	-4.45541e-16
0.007	-1.35267e-15
0.008	-1.90718e-15
0.009	-2.08961e-15
0.01	-1.95998e-15
0.011	-1.53225e-15
0.012	-1.03844e-15
0.013	-4.01064e-16
0.014	1.90871e-16
0.015	7.45465e-16
0.016	1.17168e-15
0.017	1.50065e-15
0.018	1.70926e-15
0.019	1.72627e-15
0.02	1.64458e-15
0.021	1.47172e-15
0.022	1.1964e-15
0.023	8.63639e-16
0.024	5.09707e-16
0.025	1.00636e-16
0.026	-2.61703e-16
0.027	-6.21192e-16
0.028	-9.41672e-16
0.029	-1.19278e-15
0.03	-1.33988e-15
0.031	-1.47222e-15
0.032	-1.50937e-15
0.033	-1.52953e-15
0.034	-1.40663e-15
0.035	-1.28727e-15
0.036	-1.08445e-15
0.037	-8.69352e-16
0.038	-6.24885e-16
0.039	-3.22203e-16
0.04	-6.75082e-17
0.041	1.96018e-16
0.042	4.52156e-16
0.043	7.15488e-16
0.044	9.28336e-16
0.045	1.10598e-15
0.046	1.2101e-15
0.047	1.33787e-15
0.048	1.41527e-15
0.049	1.40055e-15
0.05	1.39941e-15
0.051	1.33676e-15
0.052	1.23541e-15
0.053	1.09414e-15
0.054	9.48918e-16
0.055	7.65683e-16
0.056	5.60476e-16
0.057	3.46372e-16
0.058	1.35155e-16
0.059	-5.79306e-17
0.06	-2.82645e-16
0.061	-4.71294e-16
0.062	-6.67616e-16
0.063	-8.10326e-16
0.064	-9.63646e-16
0.065	-1.10254e-15
0.066	-1.18641e-15
0.067	-1.25329e-15
0.068	-1.28165e-15
0.069	-1.32669e-15
0.07	-1.271e-15
0.071	-1.25573e-15
0.072	-1.17507e-15
0.073	-1.09257e-15
0.074	-9.75735e-16
0.075	-8.3631e-16
0.076	-7.08095e-16
0.077	-5.3529e-16
0.078	-3.79497e-16
0.079	-1.96409e-16
0.08	-3.73511e-17
0.081	1.38276e-16
0.082	2.98962e-16
0.083	4.97022e-16
0.084	6.31362e-16
0.085	7.56491e-16
0.086	8.94135e-16
0.087	9.96081e-16
0.088	1.08429e-15
0.089	1.16002e-15
0.09	1.21375e-15
0.091	1.23059e-15
0.092	1.2412e-15
0.093	1.24136e-15
0.094	1.21302e-15
0.095	1.16682e-15
0.096	1.09513e-15
0.097	1.00982e-15
0.098	9.10153e-16
0.099	8.12222e-16
0.1	6.82693e-16
0.101	5.50672e-16
0.102	4.24736e-16
0.103	2.84409e-16
0.104	1.27579e-16
0.105	-3.80898e-17
0.106	-1.62891e-16
0.107	-3.05196e-16
0.108	-4.38379e-16
0.109	-5.96787e-16
0.11	-7.0028e-16
0.111	-7.9653e-16
0.112	-8.97823e-16
0.113	-9.97852e-16
0.114	-1.06587e-15
0.115	-1.11561e-15
0.116	-1.1647e-15
0.117	-1.19875e-15
0.118	-1.20964e-15
0.119	-1.17641e-15
0.12	-1.16791e-15
0.121	-1.13966e-15
0.122	-1.07849e-15
0.123	-1.02559e-15
0.124	-9.44568e-16
0.125	-8.60799e-16
0.126	-7.64725e-16
0.127	-6.55381e-16
0.128	-5.44021e-16
0.129	-4.17284e-16
0.13	-2.98426e-16
0.131	-1.68556e-16
0.132	-4.16427e-17
0.133	8.96213e-17
0.134	2.16093e-16
0.135	3.32634e-16
0.136	4.48023e-16
0.137	5.61687e-16
0.138	6.78881e-16
0.139	7.71141e-16
0.14	8.57669e-16
0.141	9.27069e-16
0.142	1.00328e-15
0.143	1.04849e-15
0.144	1.0972e-15
0.145	1.10796e-15
0.146	1.14979e-15
0.147	1.16113e-15
0.148	1.14062e-15
0.149	1.11892e-15
0.15	1.0834e-15
0.151	1.04371e-15
0.152	9.87714e-16
0.153	9.20067e-16
0.154	8.50376e-16
0.155	7.7173e-16
0.156	6.80584e-16
0.157	5.7018e-16
0.158	4.85142e-16
0.159	3.73904e-16
0.16	2.63363e-16
0.161	1.31164e-16
0.162	3.45454e-17
0.163	-8.16034e-17
0.164	-1.99591e-16
0.165	-3.11078e-16
0.166	-4.22566e-16
0.167	-5.07536e-16
0.168	-6.22491e-16
0.169	-7.10247e-16
0.17	-7.89347e-16
0.171	-8.6738e-16
0.172	-9.37131e-16
0.173	-9.98224e-16
0.174	-1.04096e-15
0.175	-1.08757e-15
0.176	-1.11282e-15
0.177	-1.12763e-15
0.178	-1.13511e-15
0.179	-1.14665e-15
0.18	-1.12721e-15
0.181	-1.08995e-15
0.182	-1.05777e-15
0.183	-1.01425e-15
0.184	-9.74138e-16
0.185	-9.02205e-16
0.186	-8.42194e-16
0.187	-7.59987e-16
0.188	-6.85662e-16
0.189	-5.8992e-16
0.19	-4.92378e-16
0.191	-3.94465e-16
0.192	-2.91219e-16
0.193	-1.94235e-16
0.194	-8.88707e-17
0.195	7.88388e-18
0.196	1.11175e-16
0.197	2.26315e-16
0.198	3.34472e-16
0.199	4.24165e-16
0.2	5.11924e-16
0.201	6.05977e-16
0.202	6.85087e-16
0.203	7.76695e-16
0.204	8.39758e-16
0.205	9.19654e-16
0.206	9.73081e-16
0.207	1.0128e-15
0.208	1.05307e-15
0.209	1.09449e-15
0.21	1.11064e-15
0.211	1.11582e-15
0.212	1.12348e-15
0.213	1.11652e-15
0.214	1.10793e-15
0.215	1.09179e-15
0.216	1.05242e-15
0.217	1.02016e-15
0.218	9.58512e-16
0.219	8.89488e-16
0.22	8.51478e-16
0.221	7.62233e-16
0.222	6.97974e-16
0.223	6.15259e-16
0.224	5.31003e-16
0.225	4.43577e-16
0.226	3.49959e-16
0.227	2.51738e-16
0.228	1.48364e-16
0.229	5.19623e-17
0.23	-5.4619e-17
0.231	-1.47587e-16
0.232	-2.40159e-16
0.233	-3.43098e-16
0.234	-4.247e-16
0.235	-5.2219e-16
0.236	-6.18339e-16
0.237	-6.92459e-16
0.238	-7.61045e-16
0.239	-8.39244e-16
0.24	-9.04752e-16
0.241	-9.57486e-16
0.242	-1.0059e-15
0.243	-1.04671e-15
0.244	-1.07939e-15
0.245	-1.11285e-15
0.246	-1.12493e-15
0.247	-1.14278e-15
0.248	-1.13791e-15
0.249	-1.13702e-15
0.25	-1.11973e-15
0.251	-1.10632e-15
0.252	-1.06672e-15
0.253	-1.03019e-15
0.254	-9.7341e-16
0.255	-9.3079e-16
0.256	-8.7431e-16
0.257	-8.04694e-16
0.258	-7.40401e-16
0.259	-6.79858e-16
0.26	-5.86811e-16
0.261	-5.10029e-16
0.262	-4.21467e-16
0.263	-3.19035e-16
0.264	-2.29453e-16
0.265	-1.41826e-16
0.266	-3.85023e-17
0.267	5.11331e-17
0.268	1.47543e-16
0.269	2.34533e-16
0.27	3.2864e-16
0.271	4.10773e-16
0.272	5.19365e-16
0.273	5.92478e-16
0.274	6.66642e-16
0.275	7.37491e-16
0.276	7.96844e-16
0.277	8.56521e-16
0.278	9.26845e-16
0.279	9.82489e-16
0.28	1.03236e-15
0.281	1.06845e-15
0.282	1.09175e-15
0.283	1.11845e-15
0.284	1.14321e-15
0.285	1.13333e-15
0.286	1.14225e-15
0.287	1.12214e-15
0.288	1.11242e-15
0.289	1.09524e-15
0.29	1.06628e-15
0.291	1.01787e-15
0.292	9.8942e-16
0.293	9.33505e-16
0.294	8.81978e-16
0.295	8.22825e-16
0.296	7.58624e-16
0.297	6.82816e-16
0.298	6.01367e-16
0.299	5.2373e-16
0.3	4.50794e-16
0.301	3.60661e-16
0.302	2.72582e-16
0.303	1.77042e-16
0.304	9.21126e-17
0.305	-3.03889e-18
0.306	-9.16849e-17
0.307	-1.8553e-16
0.308	-2.68025e-16
0.309	-3.56695e-16
0.31	-4.42034e-16
0.311	-5.24524e-16
0.312	-5.87548e-16
0.313	-6.72517e-16
0.314	-7.36233e-16
0.315	-7.99443e-16
0.316	-8.65423e-16
0.317	-9.15371e-16
0.318	-9.57477e-16
0.319	-1.01186e-15
0.32	-1.04176e-15
0.321	-1.08384e-15
0.322	-1.09704e-15
0.323	-1.11605e-15
0.324	-1.11755e-15
0.325	-1.12425e-15
0.326	-1.11597e-15
0.327	-1.10838e-15
0.328	-1.09715e-15
0.329	-1.05749e-15
0.33	-1.02801e-15
0.331	-9.90605e-16
0.332	-9.44526e-16
0.333	-8.92399e-16
0.334	-8.31271e-16
0.335	-7.71013e-16
0.336	-6.9928e-16
0.337	-6.4002e-16
0.338	-5.64947e-16
0.339	-4.78248e-16
0.34	-3.96005e-16
0.341	-3.11073e-16
0.342	-2.30156e-16
0.343	-1.53141e-16
0.344	-5.64605e-17
0.345	2.97877e-17
0.346	1.2219e-16
0.347	1.97229e-16
0.348	2.87324e-16
0.349	3.83657e-16
0.35	4.65009e-16
0.351	5.52187e-16
0.352	6.18865e-16
0.353	6.98623e-16
0.354	7.72025e-16
0.355	8.20877e-16
0.356	8.87928e-16
0.357	9.41052e-16
0.358	9.89689e-16
0.359	1.0359e-15
0.36	1.06421e-15
0.361	1.08937e-15
0.362	1.11708e-15
0.363	1.13893e-15
0.364	1.1629e-15
0.365	1.15613e-15
0.366	1.15466e-15
0.367	1.14531e-15
0.368	1.13192e-15
0.369	1.11386e-15
0.37	1.08197e-15
0.371	1.05157e-15
0.372	1.00679e-15
0.373	9.58421e-16
0.374	9.02889e-16
0.375	8.42736e-16
0.376	7.84583e-16
0.377	7.12933e-16
0.378	6.5745e-16
0.379	5.75605e-16
0.38	4.97247e-16
0.381	4.10311e-16
0.382	3.40799e-16
0.383	2.5659e-16
0.384	1.76179e-16
0.385	9.23507e-17
0.386	-5.85991e-18
0.387	-9.04111e-17
0.388	-1.73257e-16
0.389	-2.57752e-16
0.39	-3.30845e-16
0.391	-4.10794e-16
0.392	-4.91569e-16
0.393	-5.66829e-16
0.394	-6.30884e-16
0.395	-6.96426e-16
0.396	-7.51761e-16
0.397	-7.98828e-16
0.398	-8.42432e-16
0.399	-8.85931e-16
0.4	-9.19574e-16
0.401	-9.52615e-16
0.402	-9.52986e-16
0.403	-9.61654e-16
0.404	-9.7787e-16
0.405	-9.64582e-16
0.406	-9.64734e-16
0.407	-9.34274e-16
0.408	-8.96841e-16
0.409	-8.54659e-16
0.41	-8.19655e-16
0.411	-7.55414e-16
0.412	-6.80819e-16
0.413	-5.94726e-16
0.414	-5.20443e-16
0.415	-4.14951e-16
0.416	-3.08089e-16
0.417	-1.80342e-16
0.418	-4.63672e-17
0.419	8.48843e-17
0.42	2.42249e-16
0.421	4.01533e-16
0.422	5.68745e-16
0.423	7.6693e-16
0.424	9.48423e-16
0.425	1.15999e-15
0.426	1.39859e-15
0.427	1.61973e-15
0.428	1.87652e-15
0.429	2.15443e-15
0.43	2.4287e-15
0.431	2.7309e-15
0.432	3.04896e-15
0.433	3.38429e-15
0.434	3.74551e-15
0.435	4.12887e-15
0.436	4.53332e-15
0.437	4.97073e-15
0.438	5.44302e-15
0.439	5.924e-15
0.44	6.47224e-15
0.441	7.03565e-15
0.442	7.65056e-15
0.443	8.31691e-15
0.444	9.02291e-15
0.445	9.79601e-15
0.446	1.06156e-14
0.447	1.15104e-14
0.448	1.2491e-14
0.449	1.35372e-14
0.45	1.46629e-14
0.451	1.59093e-14
0.452	1.72498e-14
0.453	1.87228e-14
0.454	2.02997e-14
0.455	2.20239e-14
0.456	2.38909e-14
0.457	2.59287e-14
0.458	2.81572e-14
0.459	3.05688e-14
0.46	3.32148e-14
0.461	3.60697e-14
0.462	3.91989e-14
0.463	4.2592e-14
0.464	4.63049e-14
0.465	5.03309e-14
0.466	5.47232e-14
0.467	5.95058e-14
0.468	6.47072e-14
0.469	7.03656e-14
0.47	7.65221e-14
0.471	8.32141e-14
0.472	9.05139e-14
0.473	9.84355e-14
0.474	1.07044e-13
0.475	1.16396e-13
0.476	1.26583e-13
0.477	1.37625e-13
0.478	1.49625e-13
0.479	1.6266e-13
0.48	1.76796e-13
0.481	1.92156e-13
0.482	2.08826e-13
0.483	2.26911e-13
0.484	2.46527e-13
0.485	2.67797e-13
0.486	2.90853e-13
0.487	3.15851e-13
0.488	3.4293e-13
0.489	3.72284e-13
0.49	4.04071e-13
0.491	4.38528e-13
0.492	4.75794e-13
0.493	5.16187e-13
0.494	5.59885e-13
0.495	6.07181e-13
0.496	6.58377e-13
0.497	7.13744e-13
0.498	7.73631e-13
0.499	8.38417e-13
0.5	9.0846e-13
0.501	9.84194e-13
0.502	1.06605e-12
0.503	1.15453e-12
0.504	1.25013e-12
0.505	1.35343e-12
0.506	1.46503e-12
0.507	1.58554e-12
0.508	1.71569e-12
0.509	1.85623e-12
0.51	2.00796e-12
0.511	2.17175e-12
0.512	2.34849e-12
0.513	2.53925e-12
0.514	2.74503e-12
0.515	2.96705e-12
0.516	3.20652e-12
0.517	3.46477e-12
0.518	3.74327e-12
0.519	4.04352e-12
0.52	4.36719e-12
0.521	4.71607e-12
0.522	5.09205e-12
0.523	5.4972e-12
0.524	5.93369e-12
0.525	6.4039e-12
0.526	6.91035e-12
0.527	7.45578e-12
0.528	8.04308e-12
0.529	8.67539e-12
0.53	9.3561e-12
0.531	1.00887e-11
0.532	1.08772e-11
0.533	1.17257e-11
0.534	1.26385e-11
0.535	1.36205e-11
0.536	1.46768e-11
0.537	1.58127e-11
0.538	1.70343e-11
0.539	1.83476e-11
0.54	1.97595e-11
0.541	2.12772e-11
0.542	2.29083e-11
0.543	2.46611e-11
0.544	2.65443e-11
0.545	2.85676e-11
0.546	3.0741e-11
0.547	3.30752e-11
0.548	3.5582e-11
0.549	3.82737e-11
0.55	4.11635e-11
0.551	4.42658e-11
0.552	4.75955e-11
0.553	5.1169e-11
0.554	5.50036e-11
0.555	5.91179e-11
0.556	6.35318e-11
0.557	6.82663e-11
0.558	7.33443e-11
0.559	7.87898e-11
0.56	8.46289e-11
0.561	9.0889e-11
0.562	9.75999e-11
0.563	1.04793e-10
0.564	1.12502e-10
0.565	1.20763e-10
0.566	1.29615e-10
0.567	1.39097e-10
0.568	1.49255e-10
0.569	1.60135e-10
0.57	1.71787e-10
0.571	1.84264e-10
0.572	1.97623e-10
0.573	2.11925e-10
0.574	2.27234e-10
0.575	2.43619e-10
0.576	2.61154e-10
0.577	2.79918e-10
0.578	2.99993e-10
0.579	3.2147e-10
0.58	3.44444e-10
0.581	3.69015e-10
0.582	3.95292e-10
0.583	4.2339e-10
0.584	4.53433e-10
0.585	4.8555e-10
0.586	5.19881e-10
0.587	5.56574e-10
0.588	5.95789e-10
0.589	6.37692e-10
0.59	6.82464e-10
0.591	7.30296e-10
0.592	7.8139e-10
0.593	8.35964e-10
0.594	8.94247e-10
0.595	9.56486e-10
0.596	1.02294e-09
0.597	1.09389e-09
0.598	1.16963e-09
0.599	1.25047e-09
0.6	1.33675e-09
0.601	1.42882e-09
0.602	1.52707e-09
0.603	1.6319e-09
0.604	1.74372e-09
0.605	1.86301e-09
0.606	1.99024e-09
0.607	2.12592e-09
0.608	2.27061e-09
0.609	2.42489e-09
0.61	2.58937e-09
0.611	2.7647e-09
0.612	2.9516e-09
0.613	3.15079e-09
0.614	3.36306e-09
0.615	3.58926e-09
0.616	3.83026e-09
0.617	4.08702e-09
0.618	4.36053e-09
0.619	4.65185e-09
0.62	4.96213e-09
0.621	5.29254e-09
0.622	5.64437e-09
0.623	6.01897e-09
0.624	6.41776e-09
0.625	6.84228e-09
0.626	7.29413e-09
0.627	7.77502e-09
0.628	8.28678e-09
0.629	8.83133e-09
0.63	9.4107e-09
0.631	1.00271e-08
0.632	1.06828e-08
0.633	1.13802e-08
0.634	1.21219e-08
0.635	1.29107e-08
0.636	1.37494e-08
0.637	1.46412e-08
0.638	1.55893e-08
0.639	1.65972e-08
0.64	1.76685e-08
0.641	1.88071e-08
0.642	2.00171e-08
0.643	2.13029e-08
0.644	2.26691e-08
0.645	2.41206e-08
0.646	2.56626e-08
0.647	2.73005e-08
0.648	2.90402e-08
0.649	3.08879e-08
0.65	3.28499e-08
0.651	3.49333e-08
0.652	3.71453e-08
0.653	3.94936e-08
0.654	4.19865e-08
0.655	4.46326e-08
0.656	4.7441e-08
0.657	5.04214e-08
0.658	5.35841e-08
0.659	5.69399e-08
0.66	6.05003e-08
0.661	6.42774e-08
0.662	6.82841e-08
0.663	7.25339e-08
0.664	7.70412e-08
0.665	8.18212e-08
0.666	8.68899e-08
0.667	9.22642e-08
0.668	9.79622e-08
0.669	1.04003e-07
0.67	1.10406e-07
0.671	1.17193e-07
0.672	1.24386e-07
0.673	1.32009e-07
0.674	1.40086e-07
0.675	1.48645e-07
0.676	1.57713e-07
0.677	1.6732e-07
0.678	1.77496e-07
0.679	1.88274e-07
0.68	1.9969e-07
0.681	2.1178e-07
0.682	2.24582e-07
0.683	2.38138e-07
0.684	2.5249e-07
0.685	2.67684e-07
0.686	2.83769e-07
0.687	3.00794e-07
0.688	3.18814e-07
0.689	3.37885e-07
0.69	3.58066e-07
0.691	3.79421e-07
0.692	4.02016e-07
0.693	4.25921e-07
0.694	4.5121e-07
0.695	4.77961e-07
0.696	5.06255e-07
0.697	5.36181e-07
0.698	5.67828e-07
0.699	6.01294e-07
0.7	6.36681e-07
0.701	6.74094e-07
0.702	7.13649e-07
0.703	7.55463e-07
0.704	7.99662e-07
0.705	8.46379e-07
0.706	8.95753e-07
0.707	9.47931e-07
0.708	1.00307e-06
0.709	1.06133e-06
0.71	1.12288e-06
0.711	1.18791e-06
0.712	1.25661e-06
0.713	1.32917e-06
0.714	1.40582e-06
0.715	1.48676e-06
0.716	1.57225e-06
0.717	1.66252e-06
0.718	1.75783e-06
0.719	1.85847e-06
0.72	1.96472e-06
0.721	2.07688e-06
0.722	2.19527e-06
0.723	2.32023e-06
0.724	2.45213e-06
0.725	2.59132e-06
0.726	2.7382e-06
0.727	2.89319e-06
0.728	3.05672e-06
0.729	3.22925e-06
0.73	3.41126e-06
0.731	3.60326e-06
0.732	3.80578e-06
0.733	4.01938e-06
0.734	4.24465e-06
0.735	4.48222e-06
0.736	4.73274e-06
0.737	4.99689e-06
0.738	5.27539e-06
0.739	5.569e-06
0.74	5.87853e-06
0.741	6.20481e-06
0.742	6.54872e-06
0.743	6.91119e-06
0.744	7.29319e-06
0.745	7.69575e-06
0.746	8.11995e-06
0.747	8.56691e-06
0.748	9.03782e-06
0.749	9.53395e-06
0.75	1.00566e-05
0.751	1.06071e-05
0.752	1.1187e-05
0.753	1.17977e-05
0.754	1.2441e-05
0.755	1.31183e-05
0.756	1.38316e-05
0.757	1.45826e-05
0.758	1.53733e-05
0.759	1.62058e-05
0.76	1.70822e-05
0.761	1.80047e-05
0.762	1.89757e-05
0.763	1.99978e-05
0.764	2.10734e-05
0.765	2.22053e-05
0.766	2.33965e-05
0.767	2.46499e-05
0.768	2.59686e-05
0.769	2.73561e-05
0.77	2.88157e-05
0.771	3.03511e-05
0.772	3.19663e-05
0.773	3.36651e-05
0.774	3.54518e-05
0.775	3.73309e-05
0.776	3.93069e-05
0.777	4.13848e-05
0.778	4.35696e-05
0.779	4.58668e-05
0.78	4.82819e-05
0.781	5.08208e-05
0.782	5.34897e-05
0.783	5.62951e-05
0.784	5.92437e-05
0.785	6.23428e-05
0.786	6.55997e-05
0.787	6.90223e-05
0.788	7.26187e-05
0.789	7.63977e-05
0.79	8.03681e-05
0.791	8.45394e-05
0.792	8.89216e-05
0.793	9.3525e-05
0.794	9.83604e-05
0.795	0.000103439
0.796	0.000108773
0.797	0.000114375
0.798	0.000120258
0.799	0.000126436
0.8	0.000132923
0.801	0.000139734
0.802	0.000146884
0.803	0.000154391
0.804	0.000162271
0.805	0.000170544
0.806	0.000179226
0.807	0.000188339
0.808	0.000197904
0.809	0.000207941
0.81	0.000218475
0.811	0.000229527
0.812	0.000241124
0.813	0.000253292
0.814	0.000266058
0.815	0.00027945
0.816	0.000293499
0.817	0.000308235
0.818	0.000323692
0.819	0.000339904
0.82	0.000356906
0.821	0.000374737
0.822	0.000393435
0.823	0.000413041
0.824	0.000433599
0.825	0.000455154
0.826	0.000477751
0.827	0.000501442
0.828	0.000526276
0.829	0.000552308
0.83	0.000579594
0.831	0.000608192
0.832	0.000638165
0.833	0.000669576
0.834	0.000702493
0.835	0.000736986
0.836	0.000773127
0.837	0.000810995
0.838	0.000850669
0.839	0.000892233
0.84	0.000935775
0.841	0.000981386
0.842	0.00102916
0.843	0.0010792
0.844	0.00113161
0.845	0.0011865
0.846	0.00124398
0.847	0.00130418
0.848	0.00136721
0.849	0.0014332
0.85	0.0015023
0.851	0.00157464
0.852	0.00165038
0.853	0.00172966
0.854	0.00181265
0.855	0.00189952
0.856	0.00199045
0.857	0.00208561
0.858	0.0021852
0.859	0.00228943
0.86	0.00239849
0.861	0.00251262
0.862	0.00263203
0.863	0.00275697
0.864	0.00288768
0.865	0.00302444
0.866	0.00316749
0.867	0.00331714
0.868	0.00347367
0.869	0.0036374
0.87	0.00380864
0.871	0.00398773
0.872	0.00417503
0.873	0.00437089
0.874	0.0045757
0.875	0.00478985
0.876	0.00501377
0.877	0.00524788
0.878	0.00549263
0.879	0.00574851
0.88	0.00601599
0.881	0.00629559
0.882	0.00658785
0.883	0.00689332
0.884	0.00721258
0.885	0.00754624
0.886	0.00789494
0.887	0.00825933
0.888	0.0086401
0.889	0.00903796
0.89	0.00945367
0.891	0.00988799
0.892	0.0103418
0.893	0.0108158
0.894	0.011311
0.895	0.0118283
0.896	0.0123686
0.897	0.012933
0.898	0.0135224
0.899	0.014138
0.9	0.0147809
0.901	0.0154522
0.902	0.0161533
0.903	0.0168853
0.904	0.0176497
0.905	0.0184477
0.906	0.0192809
0.907	0.0201508
0.908	0.0210588
0.909	0.0220067
0.91	0.0229962
0.911	0.024029
0.912	0.0251069
0.913	0.026232
0.914	0.0274061
0.915	0.0286315
0.916	0.0299102
0.917	0.0312445
0.918	0.0326368
0.919	0.0340895
0.92	0.0356052
0.921	0.0371865
0.922	0.0388362
0.923	0.0405572
0.924	0.0423525
0.925	0.0442251
0.926	0.0461785
0.927	0.0482158
0.928	0.0503407
0.929	0.0525568
0.93	0.0548678
0.931	0.0572779
0.932	0.0597911
0.933	0.0624117
0.934	0.0651441
0.935	0.067993
0.936	0.0709633
0.937	0.07406
0.938	0.0772883
0.939	0.0806536
0.94	0.0841616
0.941	0.0878183
0.942	0.0916297
0.943	0.0956022
0.944	0.0997424
0.945	0.104057
0.946	0.108554
0.947	0.11324
0.948	0.118123
0.949	0.123211
0.95	0.128512
0.951	0.134036
0.952	0.139791
0.953	0.145786
0.954	0.152032
0.955	0.158539
0.956	0.165316
0.957	0.172376
0.958	0.17973
0.959	0.187389
0.96	0.195366
0.961	0.203674
0.962	0.212326
0.963	0.221336
0.964	0.230718
0.965	0.240488
0.966	0.25066
0.967	0.261252
0.968	0.272279
0.969	0.28376
0.97	0.295712
0.971	0.308155
0.972	0.321108
0.973	0.334591
0.974	0.348625
0.975	0.363232
0.976	0.378436
0.977	0.39426
0.978	0.410728
0.979	0.427866
0.98	0.4457
0.981	0.464259
0.982	0.48357
0.983	0.503664
0.984	0.524571
0.985	0.546323
0.986	0.568953
0.987	0.592497
0.988	0.61699
0.989	0.642468
0.99	0.668972
0.991	0.69654
0.992	0.725215
0.993	0.75504
0.994	0.786059
0.995	0.81832
0.996	0.85187
0.997	0.88676
0.998	0.923042
0.999	0.96077
