# Interpolation data for function: x^40
0	2.21828e-14
0.001	2.21828e-14
0.002	2.21828e-14
0.003	2.21828e-14
0.004	2.21828e-14
0.005	2.21828e-14
0.006	2.21828e-14
0.007	2.21828e-14
0.008	2.21828e-14
0.009	2.21828e-14
0.01	2.21828e-14
0.011	2.21828e-14
0.012	2.21828e-14
0.013	2.21828e-14
0.014	2.21828e-14
0.015	2.21828e-14
0.016	2.21828e-14
0.017	2.21828e-14
0.018	2.21828e-14
0.019	2.21828e-14
0.02	2.21828e-14
0.021	2.21828e-14
0.022	2.21828e-14
0.023	2.21828e-14
0.024	2.21828e-14
0.025	2.21828e-14
0.026	2.21828e-14
0.027	2.21828e-14
0.028	2.21828e-14
0.029	2.21828e-14
0.03	2.21828e-14
0.031	2.21828e-14
0.032	2.21828e-14
0.033	2.21828e-14
0.034	2.21828e-14
0.035	2.21828e-14
0.036	2.21828e-14
0.037	2.21828e-14
0.038	2.21828e-14
0.039	2.21828e-14
0.04	2.21828e-14
0.041	2.21828e-14
0.042	2.21828e-14
0.043	2.21828e-14
0.044	2.21828e-14
0.045	2.21828e-14
0.046	2.21828e-14
0.047	2.21828e-14
0.048	2.21828e-14
0.049	2.21828e-14
0.05	2.21828e-14
0.051	2.21828e-14
0.052	2.21828e-14
0.053	2.21828e-14
0.054	2.21828e-14
0.055	2.21828e-14
0.056	2.21828e-14
0.057	2.21828e-14
0.058	2.21828e-14
0.059	2.21828e-14
0.06	2.21828e-14
0.061	2.21828e-14
0.062	2.21828e-14
0.063	2.21828e-14
0.064	2.21828e-14
0.065	2.21828e-14
0.066	2.21828e-14
0.067	2.21828e-14
0.068	2.21828e-14
0.069	2.21828e-14
0.07	2.21828e-14
0.071	2.21828e-14
0.072	2.21828e-14
0.073	2.21828e-14
0.074	2.21828e-14
0.075	2.21828e-14
0.076	2.21828e-14
0.077	2.21828e-14
0.078	2.21828e-14
0.079	2.21828e-14
0.08	2.21828e-14
0.081	2.21828e-14
0.082	2.21828e-14
0.083	2.21828e-14
0.084	2.21828e-14
0.085	2.21828e-14
0.086	2.21828e-14
0.087	2.21828e-14
0.088	2.21828e-14
0.089	2.21828e-14
0.09	2.21828e-14
0.091	2.21828e-14
0.092	2.21828e-14
0.093	2.21828e-14
0.094	2.21828e-14
0.095	2.21828e-14
0.096	2.21828e-14
0.097	2.21828e-14
0.098	2.21828e-14
0.099	2.21828e-14
0.1	2.21828e-14
0.101	2.21828e-14
0.102	2.21828e-14
0.103	2.21828e-14
0.104	2.21828e-14
0.105	2.21828e-14
0.106	2.21828e-14
0.107	2.21828e-14
0.108	2.21828e-14
0.109	2.21828e-14
0.11	2.21828e-14
0.111	2.21828e-14
0.112	2.21828e-14
0.113	2.21828e-14
0.114	2.21828e-14
0.115	2.21828e-14
0.116	2.21828e-14
0.117	2.21828e-14
0.118	2.21828e-14
0.119	2.21828e-14
0.12	2.21828e-14
0.121	2.21828e-14
0.122	2.21828e-14
0.123	2.21828e-14
0.124	2.21828e-14
0.125	2.21828e-14
0.126	2.21828e-14
0.127	2.21828e-14
0.128	2.21828e-14
0.129	2.21828e-14
0.13	2.21828e-14
0.131	2.21828e-14
0.132	2.21828e-14
0.133	2.21828e-14
0.134	2.21828e-14
0.135	2.21828e-14
0.136	2.21828e-14
0.137	2.21828e-14
0.138	2.21828e-14
0.139	2.21828e-14
0.14	2.21828e-14
0.141	2.21828e-14
0.142	2.21828e-14
0.143	2.21828e-14
0.144	2.21828e-14
0.145	2.21828e-14
0.146	2.21828e-14
0.147	2.21828e-14
0.148	2.21828e-14
0.149	2.21828e-14
0.15	2.21828e-14
0.151	2.21828e-14
0.152	2.21828e-14
0.153	2.21828e-14
0.154	2.21828e-14
0.155	2.21828e-14
0.156	2.21828e-14
0.157	2.21828e-14
0.158	2.21828e-14
0.159	2.21828e-14
0.16	2.21828e-14
0.161	2.21828e-14
0.162	2.21828e-14
0.163	2.21828e-14
0.164	2.21828e-14
0.165	2.21828e-14
0.166	2.21828e-14
0.167	2.21828e-14
0.168	2.21828e-14
0.169	2.21828e-14
0.17	2.21828e-14
0.171	2.21828e-14
0.172	2.21828e-14
0.173	2.21828e-14
0.174	2.21828e-14
0.175	2.21828e-14
0.176	2.21828e-14
0.177	2.21828e-14
0.178	2.21828e-14
0.179	2.21828e-14
0.18	2.21828e-14
0.181	2.21828e-14
0.182	2.21828e-14
0.183	2.21828e-14
0.184	2.21828e-14
0.185	2.21828e-14
0.186	2.21828e-14
0.187	2.21828e-14
0.188	2.21828e-14
0.189	2.21828e-14
0.19	2.21828e-14
0.191	2.21828e-14
0.192	2.21828e-14
0.193	2.21828e-14
0.194	2.21828e-14
0.195	2.21828e-14
0.196	2.21828e-14
0.197	2.21828e-14
0.198	2.21828e-14
0.199	2.21828e-14
0.2	2.21828e-14
0.201	2.21828e-14
0.202	2.21828e-14
0.203	2.21828e-14
0.204	2.21828e-14
0.205	2.21828e-14
0.206	2.21828e-14
0.207	2.21828e-14
0.208	2.21828e-14
0.209	2.21828e-14
0.21	2.21828e-14
0.211	2.21828e-14
0.212	2.21828e-14
0.213	2.21828e-14
0.214	2.21828e-14
0.215	2.21828e-14
0.216	2.21828e-14
0.217	2.21828e-14
0.218	2.21828e-14
0.219	2.21828e-14
0.22	2.21828e-14
0.221	2.21828e-14
0.222	2.21828e-14
0.223	2.21828e-14
0.224	2.21828e-14
0.225	2.21828e-14
0.226	2.21828e-14
0.227	2.21828e-14
0.228	2.21828e-14
0.229	2.21828e-14
0.23	2.21828e-14
0.231	2.21828e-14
0.232	2.21828e-14
0.233	2.21828e-14
0.234	2.21828e-14
0.235	2.21828e-14
0.236	2.21828e-14
0.237	2.21828e-14
0.238	2.21828e-14
0.239	2.21828e-14
0.24	2.21828e-14
0.241	2.21828e-14
0.242	2.21828e-14
0.243	2.21828e-14
0.244	2.21828e-14
0.245	2.21828e-14
0.246	2.21828e-14
0.247	2.21828e-14
0.248	2.21828e-14
0.249	2.21828e-14
0.25	2.21828e-14
0.251	2.21828e-14
0.252	2.21828e-14
0.253	2.21828e-14
0.254	2.21828e-14
0.255	2.21828e-14
0.256	2.21828e-14
0.257	2.21828e-14
0.258	2.21828e-14
0.259	2.21828e-14
0.26	2.21828e-14
0.261	2.21828e-14
0.262	2.21828e-14
0.263	2.21828e-14
0.264	2.21828e-14
0.265	2.21828e-14
0.266	2.21828e-14
0.267	2.21828e-14
0.268	2.21828e-14
0.269	2.21828e-14
0.27	2.21828e-14
0.271	2.21828e-14
0.272	2.21828e-14
0.273	2.21828e-14
0.274	2.21828e-14
0.275	2.21828e-14
0.276	2.21828e-14
0.277	2.21828e-14
0.278	2.21828e-14
0.279	2.21828e-14
0.28	2.21828e-14
0.281	2.21828e-14
0.282	2.21828e-14
0.283	2.21828e-14
0.284	2.21828e-14
0.285	2.21828e-14
0.286	2.21828e-14
0.287	2.21828e-14
0.288	2.21828e-14
0.289	2.21828e-14
0.29	2.21828e-14
0.291	2.21828e-14
0.292	2.21828e-14
0.293	2.21828e-14
0.294	2.21828e-14
0.295	2.21828e-14
0.296	2.21828e-14
0.297	2.21828e-14
0.298	2.21828e-14
0.299	2.21828e-14
0.3	2.21828e-14
0.301	2.21828e-14
0.302	2.21828e-14
0.303	2.21828e-14
0.304	2.21828e-14
0.305	2.21828e-14
0.306	2.21828e-14
0.307	2.21828e-14
0.308	2.21828e-14
0.309	2.21828e-14
0.31	2.21828e-14
0.311	2.21828e-14
0.312	2.21828e-14
0.313	2.21828e-14
0.314	2.21828e-14
0.315	2.21828e-14
0.316	2.21828e-14
0.317	2.21828e-14
0.318	2.21828e-14
0.319	2.21828e-14
0.32	2.21828e-14
0.321	2.21828e-14
0.322	2.21828e-14
0.323	2.21828e-14
0.324	2.21828e-14
0.325	2.21828e-14
0.326	2.21828e-14
0.327	2.21828e-14
0.328	2.21828e-14
0.329	2.21828e-14
0.33	2.21828e-14
0.331	2.21828e-14
0.332	2.21828e-14
0.333	2.21828e-14
0.334	2.21828e-14
0.335	2.21828e-14
0.336	2.21828e-14
0.337	2.21828e-14
0.338	2.21828e-14
0.339	2.21828e-14
0.34	2.21828e-14
0.341	2.21828e-14
0.342	2.21828e-14
0.343	2.21828e-14
0.344	2.21828e-14
0.345	2.21828e-14
0.346	2.21828e-14
0.347	2.21828e-14
0.348	2.21828e-14
0.349	2.21828e-14
0.35	2.21828e-14
0.351	2.21828e-14
0.352	2.21828e-14
0.353	2.21828e-14
0.354	2.21828e-14
0.355	2.21828e-14
0.356	2.21828e-14
0.357	2.21828e-14
0.358	2.21828e-14
0.359	2.21828e-14
0.36	2.21828e-14
0.361	2.21828e-14
0.362	2.21828e-14
0.363	2.21828e-14
0.364	2.21828e-14
0.365	2.21828e-14
0.366	2.21828e-14
0.367	2.21828e-14
0.368	2.21828e-14
0.369	2.21828e-14
0.37	2.21828e-14
0.371	2.21828e-14
0.372	2.21828e-14
0.373	2.21828e-14
0.374	2.21828e-14
0.375	2.21828e-14
0.376	2.21828e-14
0.377	2.21828e-14
0.378	2.21828e-14
0.379	2.21828e-14
0.38	2.21828e-14
0.381	2.21828e-14
0.382	2.21828e-14
0.383	2.21828e-14
0.384	2.21828e-14
0.385	2.21828e-14
0.386	2.21828e-14
0.387	2.21828e-14
0.388	2.21828e-14
0.389	2.21828e-14
0.39	2.21828e-14
0.391	2.21828e-14
0.392	2.21828e-14
0.393	2.21828e-14
0.394	2.21828e-14
0.395	2.21828e-14
0.396	2.21828e-14
0.397	2.21828e-14
0.398	2.21828e-14
0.399	2.21828e-14
0.4	2.21828e-14
0.401	2.21828e-14
0.402	2.21828e-14
0.403	2.21828e-14
0.404	2.21828e-14
0.405	2.21828e-14
0.406	2.21828e-14
0.407	2.21828e-14
0.408	2.21828e-14
0.409	2.21828e-14
0.41	2.21828e-14
0.411	2.21828e-14
0.412	2.21828e-14
0.413	2.21828e-14
0.414	2.21828e-14
0.415	2.21828e-14
0.416	2.21828e-14
0.417	2.21828e-14
0.418	2.21828e-14
0.419	2.21828e-14
0.42	2.21828e-14
0.421	2.21828e-14
0.422	2.21828e-14
0.423	2.21828e-14
0.424	2.21828e-14
0.425	2.21828e-14
0.426	2.21828e-14
0.427	2.21828e-14
0.428	2.21828e-14
0.429	2.21828e-14
0.43	2.21828e-14
0.431	2.21828e-14
0.432	2.21828e-14
0.433	2.21828e-14
0.434	2.21828e-14
0.435	2.21828e-14
0.436	2.21828e-14
0.437	2.21828e-14
0.438	2.21828e-14
0.439	2.21828e-14
0.44	2.21828e-14
0.441	2.21828e-14
0.442	2.21828e-14
0.443	2.21828e-14
0.444	2.21828e-14
0.445	2.21828e-14
0.446	2.21828e-14
0.447	2.21828e-14
0.448	2.21828e-14
0.449	2.21828e-14
0.45	2.21828e-14
0.451	2.21828e-14
0.452	2.21828e-14
0.453	2.21828e-14
0.454	2.21828e-14
0.455	2.21828e-14
0.456	2.21828e-14
0.457	2.21828e-14
0.458	2.21828e-14
0.459	2.21828e-14
0.46	2.21828e-14
0.461	2.21828e-14
0.462	2.21828e-14
0.463	2.21828e-14
0.464	2.21828e-14
0.465	2.21828e-14
0.466	2.21828e-14
0.467	2.21828e-14
0.468	2.21828e-14
0.469	2.21828e-14
0.47	2.21828e-14
0.471	2.21828e-14
0.472	2.21828e-14
0.473	2.21828e-14
0.474	2.21828e-14
0.475	2.21828e-14
0.476	2.21828e-14
0.477	2.21828e-14
0.478	2.21828e-14
0.479	2.21828e-14
0.48	2.21828e-14
0.481	2.21828e-14
0.482	2.21828e-14
0.483	2.21828e-14
0.484	2.21828e-14
0.485	2.21828e-14
0.486	2.21828e-14
0.487	2.21828e-14
0.488	2.21828e-14
0.489	2.21828e-14
0.49	2.21828e-14
0.491	2.21828e-14
0.492	2.21828e-14
0.493	2.21828e-14
0.494	2.21828e-14
0.495	2.21828e-14
0.496	2.21828e-14
0.497	2.21828e-14
0.498	2.21828e-14
0.499	2.21828e-14
0.5	0.0970748
0.501	0.0954404
0.502	0.0938146
0.503	0.0921975
0.504	0.0905891
0.505	0.0889894
0.506	0.0873983
0.507	0.0858159
0.508	0.0842422
0.509	0.0826772
0.51	0.0811208
0.511	0.0795731
0.512	0.0780341
0.513	0.0765038
0.514	0.0749821
0.515	0.0734691
0.516	0.0719648
0.517	0.0704691
0.518	0.0689821
0.519	0.0675038
0.52	0.0660342
0.521	0.0645732
0.522	0.063121
0.523	0.0616773
0.524	0.0602424
0.525	0.0588161
0.526	0.0573986
0.527	0.0559896
0.528	0.0545894
0.529	0.0531978
0.53	0.0518149
0.531	0.0504407
0.532	0.0490752
0.533	0.0477183
0.534	0.0463701
0.535	0.0450305
0.536	0.0436997
0.537	0.0423775
0.538	0.041064
0.539	0.0397592
0.54	0.038463
0.541	0.0371755
0.542	0.0358967
0.543	0.0346266
0.544	0.0333651
0.545	0.0321123
0.546	0.0308682
0.547	0.0296327
0.548	0.028406
0.549	0.0271879
0.55	0.0259784
0.551	0.0247777
0.552	0.0235856
0.553	0.0224022
0.554	0.0212275
0.555	0.0200614
0.556	0.018904
0.557	0.0177553
0.558	0.0166153
0.559	0.0154839
0.56	0.0143612
0.561	0.0132472
0.562	0.0121419
0.563	0.0110452
0.564	0.00995721
0.565	0.00887789
0.566	0.00780724
0.567	0.00674526
0.568	0.00569196
0.569	0.00464733
0.57	0.00361138
0.571	0.0025841
0.572	0.00156549
0.573	0.000555553
0.574	-0.000445708
0.575	-0.0014383
0.576	-0.00242221
0.577	-0.00339745
0.578	-0.00436402
0.579	-0.00532191
0.58	-0.00627113
0.581	-0.00721167
0.582	-0.00814355
0.583	-0.00906675
0.584	-0.00998127
0.585	-0.0108871
0.586	-0.0117843
0.587	-0.0126728
0.588	-0.0135526
0.589	-0.0144238
0.59	-0.0152863
0.591	-0.0161401
0.592	-0.0169852
0.593	-0.0178217
0.594	-0.0186495
0.595	-0.0194686
0.596	-0.020279
0.597	-0.0210808
0.598	-0.0218739
0.599	-0.0226583
0.6	-0.0234341
0.601	-0.0242012
0.602	-0.0249596
0.603	-0.0257093
0.604	-0.0264503
0.605	-0.0271827
0.606	-0.0279064
0.607	-0.0286215
0.608	-0.0293278
0.609	-0.0300255
0.61	-0.0307145
0.611	-0.0313949
0.612	-0.0320665
0.613	-0.0327295
0.614	-0.0333838
0.615	-0.0340295
0.616	-0.0346665
0.617	-0.0352948
0.618	-0.0359144
0.619	-0.0365253
0.62	-0.0371276
0.621	-0.0377212
0.622	-0.0383062
0.623	-0.0388824
0.624	-0.03945
0.625	-0.0400089
0.626	-0.0405592
0.627	-0.0411007
0.628	-0.0416336
0.629	-0.0421578
0.63	-0.0426734
0.631	-0.0431802
0.632	-0.0436784
0.633	-0.044168
0.634	-0.0446488
0.635	-0.045121
0.636	-0.0455845
0.637	-0.0460393
0.638	-0.0464855
0.639	-0.0469229
0.64	-0.0473518
0.641	-0.0477719
0.642	-0.0481833
0.643	-0.0485861
0.644	-0.0489803
0.645	-0.0493657
0.646	-0.0497425
0.647	-0.0501106
0.648	-0.05047
0.649	-0.0508207
0.65	-0.0511628
0.651	-0.0514962
0.652	-0.0518209
0.653	-0.052137
0.654	-0.0524443
0.655	-0.0527431
0.656	-0.0530331
0.657	-0.0533144
0.658	-0.0535871
0.659	-0.0538511
0.66	-0.0541065
0.661	-0.0543531
0.662	-0.0545911
0.663	-0.0548204
0.664	-0.0550411
0.665	-0.0552531
0.666	-0.0554564
0.667	-0.055651
0.668	-0.0558369
0.669	-0.0560142
0.67	-0.0561828
0.671	-0.0563427
0.672	-0.056494
0.673	-0.0566366
0.674	-0.0567705
0.675	-0.0568957
0.676	-0.0570123
0.677	-0.0571202
0.678	-0.0572194
0.679	-0.0573099
0.68	-0.0573918
0.681	-0.057465
0.682	-0.0575295
0.683	-0.0575853
0.684	-0.0576325
0.685	-0.057671
0.686	-0.0577008
0.687	-0.057722
0.688	-0.0577345
0.689	-0.0577383
0.69	-0.0577334
0.691	-0.0577199
0.692	-0.0576977
0.693	-0.0576668
0.694	-0.0576272
0.695	-0.057579
0.696	-0.0575221
0.697	-0.0574565
0.698	-0.0573822
0.699	-0.0572993
0.7	-0.0572077
0.701	-0.0571074
0.702	-0.0569985
0.703	-0.0568808
0.704	-0.0567545
0.705	-0.0566196
0.706	-0.0564759
0.707	-0.0563236
0.708	-0.0561626
0.709	-0.0559929
0.71	-0.0558146
0.711	-0.0556276
0.712	-0.0554319
0.713	-0.0552275
0.714	-0.0550145
0.715	-0.0547928
0.716	-0.0545624
0.717	-0.0543234
0.718	-0.0540756
0.719	-0.0538192
0.72	-0.0535542
0.721	-0.0532804
0.722	-0.052998
0.723	-0.0527069
0.724	-0.0524071
0.725	-0.0520987
0.726	-0.0517816
0.727	-0.0514558
0.728	-0.0511213
0.729	-0.0507782
0.73	-0.0504264
0.731	-0.0500659
0.732	-0.0496967
0.733	-0.0493189
0.734	-0.0489324
0.735	-0.0485372
0.736	-0.0481334
0.737	-0.0477209
0.738	-0.0472997
0.739	-0.0468698
0.74	-0.0464312
0.741	-0.045984
0.742	-0.0455281
0.743	-0.0450636
0.744	-0.0445903
0.745	-0.0441084
0.746	-0.0436178
0.747	-0.0431186
0.748	-0.0426106
0.749	-0.042094
0.75	-0.0415688
0.751	-0.0410348
0.752	-0.0404922
0.753	-0.0399409
0.754	-0.0393809
0.755	-0.0388123
0.756	-0.0382349
0.757	-0.0376489
0.758	-0.0370543
0.759	-0.0364509
0.76	-0.0358389
0.761	-0.0352182
0.762	-0.0345889
0.763	-0.0339508
0.764	-0.0333041
0.765	-0.0326487
0.766	-0.0319847
0.767	-0.0313119
0.768	-0.0306305
0.769	-0.0299405
0.77	-0.0292417
0.771	-0.0285343
0.772	-0.0278182
0.773	-0.0270934
0.774	-0.02636
0.775	-0.0256179
0.776	-0.0248671
0.777	-0.0241076
0.778	-0.0233395
0.779	-0.0225627
0.78	-0.0217772
0.781	-0.020983
0.782	-0.0201802
0.783	-0.0193687
0.784	-0.0185485
0.785	-0.0177196
0.786	-0.0168821
0.787	-0.0160359
0.788	-0.015181
0.789	-0.0143175
0.79	-0.0134453
0.791	-0.0125644
0.792	-0.0116748
0.793	-0.0107766
0.794	-0.00986964
0.795	-0.00895406
0.796	-0.00802979
0.797	-0.00709686
0.798	-0.00615525
0.799	-0.00520497
0.8	-0.00424601
0.801	-0.00327838
0.802	-0.00230208
0.803	-0.0013171
0.804	-0.000323449
0.805	0.000678875
0.806	0.00168987
0.807	0.00270954
0.808	0.00373789
0.809	0.00477491
0.81	0.0058206
0.811	0.00687496
0.812	0.007938
0.813	0.00900971
0.814	0.0100901
0.815	0.0111792
0.816	0.0122769
0.817	0.0133833
0.818	0.0144984
0.819	0.0156221
0.82	0.0167546
0.821	0.0178957
0.822	0.0190454
0.823	0.0202039
0.824	0.021371
0.825	0.0225468
0.826	0.0237313
0.827	0.0249244
0.828	0.0261262
0.829	0.0273367
0.83	0.0285559
0.831	0.0297837
0.832	0.0310202
0.833	0.0322654
0.834	0.0335193
0.835	0.0347818
0.836	0.036053
0.837	0.0373329
0.838	0.0386214
0.839	0.0399186
0.84	0.0412245
0.841	0.0425391
0.842	0.0438624
0.843	0.0451943
0.844	0.0465349
0.845	0.0478841
0.846	0.0492421
0.847	0.0506087
0.848	0.051984
0.849	0.0533679
0.85	0.0547606
0.851	0.0561619
0.852	0.0575718
0.853	0.0589905
0.854	0.0604178
0.855	0.0618538
0.856	0.0632985
0.857	0.0647518
0.858	0.0662139
0.859	0.0676846
0.86	0.0691639
0.861	0.070652
0.862	0.0721487
0.863	0.0736541
0.864	0.0751681
0.865	0.0766909
0.866	0.0782223
0.867	0.0797624
0.868	0.0813111
0.869	0.0828685
0.87	0.0844346
0.871	0.0860094
0.872	0.0875929
0.873	0.089185
0.874	0.0907858
0.875	0.0923953
0.876	0.0940134
0.877	0.0956402
0.878	0.0972757
0.879	0.0989199
0.88	0.100573
0.881	0.102234
0.882	0.103904
0.883	0.105583
0.884	0.107271
0.885	0.108967
0.886	0.110672
0.887	0.112385
0.888	0.114108
0.889	0.115839
0.89	0.117578
0.891	0.119326
0.892	0.121083
0.893	0.122849
0.894	0.124623
0.895	0.126406
0.896	0.128198
0.897	0.129998
0.898	0.131807
0.899	0.133625
0.9	0.135451
0.901	0.137286
0.902	0.13913
0.903	0.140982
0.904	0.142843
0.905	0.144713
0.906	0.146591
0.907	0.148478
0.908	0.150374
0.909	0.152278
0.91	0.154191
0.911	0.156113
0.912	0.158043
0.913	0.159982
0.914	0.16193
0.915	0.163886
0.916	0.165851
0.917	0.167825
0.918	0.169808
0.919	0.171799
0.92	0.173799
0.921	0.175807
0.922	0.177824
0.923	0.17985
0.924	0.181884
0.925	0.183928
0.926	0.185979
0.927	0.18804
0.928	0.190109
0.929	0.192187
0.93	0.194273
0.931	0.196369
0.932	0.198472
0.933	0.200585
0.934	0.202706
0.935	0.204836
0.936	0.206975
0.937	0.209122
0.938	0.211278
0.939	0.213442
0.94	0.215616
0.941	0.217798
0.942	0.219988
0.943	0.222187
0.944	0.224395
0.945	0.226612
0.946	0.228837
0.947	0.231071
0.948	0.233314
0.949	0.235565
0.95	0.237825
0.951	0.240094
0.952	0.242371
0.953	0.244657
0.954	0.246952
0.955	0.249255
0.956	0.251567
0.957	0.253888
0.958	0.256217
0.959	0.258555
0.96	0.260902
0.961	0.263257
0.962	0.265621
0.963	0.267994
0.964	0.270376
0.965	0.272766
0.966	0.275165
0.967	0.277572
0.968	0.279988
0.969	0.282413
0.97	0.284846
0.971	0.287288
0.972	0.289739
0.973	0.292199
0.974	0.294667
0.975	0.297144
0.976	0.299629
0.977	0.302123
0.978	0.304626
0.979	0.307138
0.98	0.309658
0.981	0.312187
0.982	0.314724
0.983	0.317271
0.984	0.319825
0.985	0.322389
0.986	0.324961
0.987	0.327542
0.988	0.330132
0.989	0.33273
0.99	0.335337
0.991	0.337952
0.992	0.340577
0.993	0.34321
0.994	0.345851
0.995	0.348502
0.996	0.351161
0.997	0.353828
0.998	0.356505
0.999	0.359189
