# Interpolation data for function: x^40
0	2.21828e-14
0.001	2.21828e-14
0.002	2.21828e-14
0.003	2.21828e-14
0.004	2.21828e-14
0.005	2.21828e-14
0.006	2.21828e-14
0.007	2.21828e-14
0.008	2.21828e-14
0.009	2.21828e-14
0.01	2.21828e-14
0.011	2.21828e-14
0.012	2.21828e-14
0.013	2.21828e-14
0.014	2.21828e-14
0.015	2.21828e-14
0.016	2.21828e-14
0.017	2.21828e-14
0.018	2.21828e-14
0.019	2.21828e-14
0.02	2.21828e-14
0.021	2.21828e-14
0.022	2.21828e-14
0.023	2.21828e-14
0.024	2.21828e-14
0.025	2.21828e-14
0.026	2.21828e-14
0.027	2.21828e-14
0.028	2.21828e-14
0.029	2.21828e-14
0.03	2.21828e-14
0.031	2.21828e-14
0.032	2.21828e-14
0.033	2.21828e-14
0.034	2.21828e-14
0.035	2.21828e-14
0.036	2.21828e-14
0.037	2.21828e-14
0.038	2.21828e-14
0.039	2.21828e-14
0.04	2.21828e-14
0.041	2.21828e-14
0.042	2.21828e-14
0.043	2.21828e-14
0.044	2.21828e-14
0.045	2.21828e-14
0.046	2.21828e-14
0.047	2.21828e-14
0.048	2.21828e-14
0.049	2.21828e-14
0.05	2.21828e-14
0.051	2.21828e-14
0.052	2.21828e-14
0.053	2.21828e-14
0.054	2.21828e-14
0.055	2.21828e-14
0.056	2.21828e-14
0.057	2.21828e-14
0.058	2.21828e-14
0.059	2.21828e-14
0.06	2.21828e-14
0.061	2.21828e-14
0.062	2.21828e-14
0.063	2.21828e-14
0.064	2.21828e-14
0.065	2.21828e-14
0.066	2.21828e-14
0.067	2.21828e-14
0.068	2.21828e-14
0.069	2.21828e-14
0.07	2.21828e-14
0.071	2.21828e-14
0.072	2.21828e-14
0.073	2.21828e-14
0.074	2.21828e-14
0.075	2.21828e-14
0.076	2.21828e-14
0.077	2.21828e-14
0.078	2.21828e-14
0.079	2.21828e-14
0.08	2.21828e-14
0.081	2.21828e-14
0.082	2.21828e-14
0.083	2.21828e-14
0.084	2.21828e-14
0.085	2.21828e-14
0.086	2.21828e-14
0.087	2.21828e-14
0.088	2.21828e-14
0.089	2.21828e-14
0.09	2.21828e-14
0.091	2.21828e-14
0.092	2.21828e-14
0.093	2.21828e-14
0.094	2.21828e-14
0.095	2.21828e-14
0.096	2.21828e-14
0.097	2.21828e-14
0.098	2.21828e-14
0.099	2.21828e-14
0.1	2.21828e-14
0.101	2.21828e-14
0.102	2.21828e-14
0.103	2.21828e-14
0.104	2.21828e-14
0.105	2.21828e-14
0.106	2.21828e-14
0.107	2.21828e-14
0.108	2.21828e-14
0.109	2.21828e-14
0.11	2.21828e-14
0.111	2.21828e-14
0.112	2.21828e-14
0.113	2.21828e-14
0.114	2.21828e-14
0.115	2.21828e-14
0.116	2.21828e-14
0.117	2.21828e-14
0.118	2.21828e-14
0.119	2.21828e-14
0.12	2.21828e-14
0.121	2.21828e-14
0.122	2.21828e-14
0.123	2.21828e-14
0.124	2.21828e-14
0.125	2.21828e-14
0.126	2.21828e-14
0.127	2.21828e-14
0.128	2.21828e-14
0.129	2.21828e-14
0.13	2.21828e-14
0.131	2.21828e-14
0.132	2.21828e-14
0.133	2.21828e-14
0.134	2.21828e-14
0.135	2.21828e-14
0.136	2.21828e-14
0.137	2.21828e-14
0.138	2.21828e-14
0.139	2.21828e-14
0.14	2.21828e-14
0.141	2.21828e-14
0.142	2.21828e-14
0.143	2.21828e-14
0.144	2.21828e-14
0.145	2.21828e-14
0.146	2.21828e-14
0.147	2.21828e-14
0.148	2.21828e-14
0.149	2.21828e-14
0.15	2.21828e-14
0.151	2.21828e-14
0.152	2.21828e-14
0.153	2.21828e-14
0.154	2.21828e-14
0.155	2.21828e-14
0.156	2.21828e-14
0.157	2.21828e-14
0.158	2.21828e-14
0.159	2.21828e-14
0.16	2.21828e-14
0.161	2.21828e-14
0.162	2.21828e-14
0.163	2.21828e-14
0.164	2.21828e-14
0.165	2.21828e-14
0.166	2.21828e-14
0.167	2.21828e-14
0.168	2.21828e-14
0.169	2.21828e-14
0.17	2.21828e-14
0.171	2.21828e-14
0.172	2.21828e-14
0.173	2.21828e-14
0.174	2.21828e-14
0.175	2.21828e-14
0.176	2.21828e-14
0.177	2.21828e-14
0.178	2.21828e-14
0.179	2.21828e-14
0.18	2.21828e-14
0.181	2.21828e-14
0.182	2.21828e-14
0.183	2.21828e-14
0.184	2.21828e-14
0.185	2.21828e-14
0.186	2.21828e-14
0.187	2.21828e-14
0.188	2.21828e-14
0.189	2.21828e-14
0.19	2.21828e-14
0.191	2.21828e-14
0.192	2.21828e-14
0.193	2.21828e-14
0.194	2.21828e-14
0.195	2.21828e-14
0.196	2.21828e-14
0.197	2.21828e-14
0.198	2.21828e-14
0.199	2.21828e-14
0.2	2.21828e-14
0.201	2.21828e-14
0.202	2.21828e-14
0.203	2.21828e-14
0.204	2.21828e-14
0.205	2.21828e-14
0.206	2.21828e-14
0.207	2.21828e-14
0.208	2.21828e-14
0.209	2.21828e-14
0.21	2.21828e-14
0.211	2.21828e-14
0.212	2.21828e-14
0.213	2.21828e-14
0.214	2.21828e-14
0.215	2.21828e-14
0.216	2.21828e-14
0.217	2.21828e-14
0.218	2.21828e-14
0.219	2.21828e-14
0.22	2.21828e-14
0.221	2.21828e-14
0.222	2.21828e-14
0.223	2.21828e-14
0.224	2.21828e-14
0.225	2.21828e-14
0.226	2.21828e-14
0.227	2.21828e-14
0.228	2.21828e-14
0.229	2.21828e-14
0.23	2.21828e-14
0.231	2.21828e-14
0.232	2.21828e-14
0.233	2.21828e-14
0.234	2.21828e-14
0.235	2.21828e-14
0.236	2.21828e-14
0.237	2.21828e-14
0.238	2.21828e-14
0.239	2.21828e-14
0.24	2.21828e-14
0.241	2.21828e-14
0.242	2.21828e-14
0.243	2.21828e-14
0.244	2.21828e-14
0.245	2.21828e-14
0.246	2.21828e-14
0.247	2.21828e-14
0.248	2.21828e-14
0.249	2.21828e-14
0.25	2.21828e-14
0.251	2.21828e-14
0.252	2.21828e-14
0.253	2.21828e-14
0.254	2.21828e-14
0.255	2.21828e-14
0.256	2.21828e-14
0.257	2.21828e-14
0.258	2.21828e-14
0.259	2.21828e-14
0.26	2.21828e-14
0.261	2.21828e-14
0.262	2.21828e-14
0.263	2.21828e-14
0.264	2.21828e-14
0.265	2.21828e-14
0.266	2.21828e-14
0.267	2.21828e-14
0.268	2.21828e-14
0.269	2.21828e-14
0.27	2.21828e-14
0.271	2.21828e-14
0.272	2.21828e-14
0.273	2.21828e-14
0.274	2.21828e-14
0.275	2.21828e-14
0.276	2.21828e-14
0.277	2.21828e-14
0.278	2.21828e-14
0.279	2.21828e-14
0.28	2.21828e-14
0.281	2.21828e-14
0.282	2.21828e-14
0.283	2.21828e-14
0.284	2.21828e-14
0.285	2.21828e-14
0.286	2.21828e-14
0.287	2.21828e-14
0.288	2.21828e-14
0.289	2.21828e-14
0.29	2.21828e-14
0.291	2.21828e-14
0.292	2.21828e-14
0.293	2.21828e-14
0.294	2.21828e-14
0.295	2.21828e-14
0.296	2.21828e-14
0.297	2.21828e-14
0.298	2.21828e-14
0.299	2.21828e-14
0.3	2.21828e-14
0.301	2.21828e-14
0.302	2.21828e-14
0.303	2.21828e-14
0.304	2.21828e-14
0.305	2.21828e-14
0.306	2.21828e-14
0.307	2.21828e-14
0.308	2.21828e-14
0.309	2.21828e-14
0.31	2.21828e-14
0.311	2.21828e-14
0.312	2.21828e-14
0.313	2.21828e-14
0.314	2.21828e-14
0.315	2.21828e-14
0.316	2.21828e-14
0.317	2.21828e-14
0.318	2.21828e-14
0.319	2.21828e-14
0.32	2.21828e-14
0.321	2.21828e-14
0.322	2.21828e-14
0.323	2.21828e-14
0.324	2.21828e-14
0.325	2.21828e-14
0.326	2.21828e-14
0.327	2.21828e-14
0.328	2.21828e-14
0.329	2.21828e-14
0.33	2.21828e-14
0.331	2.21828e-14
0.332	2.21828e-14
0.333	2.21828e-14
0.334	2.21828e-14
0.335	2.21828e-14
0.336	2.21828e-14
0.337	2.21828e-14
0.338	2.21828e-14
0.339	2.21828e-14
0.34	2.21828e-14
0.341	2.21828e-14
0.342	2.21828e-14
0.343	2.21828e-14
0.344	2.21828e-14
0.345	2.21828e-14
0.346	2.21828e-14
0.347	2.21828e-14
0.348	2.21828e-14
0.349	2.21828e-14
0.35	2.21828e-14
0.351	2.21828e-14
0.352	2.21828e-14
0.353	2.21828e-14
0.354	2.21828e-14
0.355	2.21828e-14
0.356	2.21828e-14
0.357	2.21828e-14
0.358	2.21828e-14
0.359	2.21828e-14
0.36	2.21828e-14
0.361	2.21828e-14
0.362	2.21828e-14
0.363	2.21828e-14
0.364	2.21828e-14
0.365	2.21828e-14
0.366	2.21828e-14
0.367	2.21828e-14
0.368	2.21828e-14
0.369	2.21828e-14
0.37	2.21828e-14
0.371	2.21828e-14
0.372	2.21828e-14
0.373	2.21828e-14
0.374	2.21828e-14
0.375	2.21828e-14
0.376	2.21828e-14
0.377	2.21828e-14
0.378	2.21828e-14
0.379	2.21828e-14
0.38	2.21828e-14
0.381	2.21828e-14
0.382	2.21828e-14
0.383	2.21828e-14
0.384	2.21828e-14
0.385	2.21828e-14
0.386	2.21828e-14
0.387	2.21828e-14
0.388	2.21828e-14
0.389	2.21828e-14
0.39	2.21828e-14
0.391	2.21828e-14
0.392	2.21828e-14
0.393	2.21828e-14
0.394	2.21828e-14
0.395	2.21828e-14
0.396	2.21828e-14
0.397	2.21828e-14
0.398	2.21828e-14
0.399	2.21828e-14
0.4	2.21828e-14
0.401	2.21828e-14
0.402	2.21828e-14
0.403	2.21828e-14
0.404	2.21828e-14
0.405	2.21828e-14
0.406	2.21828e-14
0.407	2.21828e-14
0.408	2.21828e-14
0.409	2.21828e-14
0.41	2.21828e-14
0.411	2.21828e-14
0.412	2.21828e-14
0.413	2.21828e-14
0.414	2.21828e-14
0.415	2.21828e-14
0.416	2.21828e-14
0.417	2.21828e-14
0.418	2.21828e-14
0.419	2.21828e-14
0.42	2.21828e-14
0.421	2.21828e-14
0.422	2.21828e-14
0.423	2.21828e-14
0.424	2.21828e-14
0.425	2.21828e-14
0.426	2.21828e-14
0.427	2.21828e-14
0.428	2.21828e-14
0.429	2.21828e-14
0.43	2.21828e-14
0.431	2.21828e-14
0.432	2.21828e-14
0.433	2.21828e-14
0.434	2.21828e-14
0.435	2.21828e-14
0.436	2.21828e-14
0.437	2.21828e-14
0.438	2.21828e-14
0.439	2.21828e-14
0.44	2.21828e-14
0.441	2.21828e-14
0.442	2.21828e-14
0.443	2.21828e-14
0.444	2.21828e-14
0.445	2.21828e-14
0.446	2.21828e-14
0.447	2.21828e-14
0.448	2.21828e-14
0.449	2.21828e-14
0.45	2.21828e-14
0.451	2.21828e-14
0.452	2.21828e-14
0.453	2.21828e-14
0.454	2.21828e-14
0.455	2.21828e-14
0.456	2.21828e-14
0.457	2.21828e-14
0.458	2.21828e-14
0.459	2.21828e-14
0.46	2.21828e-14
0.461	2.21828e-14
0.462	2.21828e-14
0.463	2.21828e-14
0.464	2.21828e-14
0.465	2.21828e-14
0.466	2.21828e-14
0.467	2.21828e-14
0.468	2.21828e-14
0.469	2.21828e-14
0.47	2.21828e-14
0.471	2.21828e-14
0.472	2.21828e-14
0.473	2.21828e-14
0.474	2.21828e-14
0.475	2.21828e-14
0.476	2.21828e-14
0.477	2.21828e-14
0.478	2.21828e-14
0.479	2.21828e-14
0.48	2.21828e-14
0.481	2.21828e-14
0.482	2.21828e-14
0.483	2.21828e-14
0.484	2.21828e-14
0.485	2.21828e-14
0.486	2.21828e-14
0.487	2.21828e-14
0.488	2.21828e-14
0.489	2.21828e-14
0.49	2.21828e-14
0.491	2.21828e-14
0.492	2.21828e-14
0.493	2.21828e-14
0.494	2.21828e-14
0.495	2.21828e-14
0.496	2.21828e-14
0.497	2.21828e-14
0.498	2.21828e-14
0.499	2.21828e-14
0.5	7.35848e-07
0.501	7.35848e-07
0.502	7.35848e-07
0.503	7.35848e-07
0.504	7.35848e-07
0.505	7.35848e-07
0.506	7.35848e-07
0.507	7.35848e-07
0.508	7.35848e-07
0.509	7.35848e-07
0.51	7.35848e-07
0.511	7.35848e-07
0.512	7.35848e-07
0.513	7.35848e-07
0.514	7.35848e-07
0.515	7.35848e-07
0.516	7.35848e-07
0.517	7.35848e-07
0.518	7.35848e-07
0.519	7.35848e-07
0.52	7.35848e-07
0.521	7.35848e-07
0.522	7.35848e-07
0.523	7.35848e-07
0.524	7.35848e-07
0.525	7.35848e-07
0.526	7.35848e-07
0.527	7.35848e-07
0.528	7.35848e-07
0.529	7.35848e-07
0.53	7.35848e-07
0.531	7.35848e-07
0.532	7.35848e-07
0.533	7.35848e-07
0.534	7.35848e-07
0.535	7.35848e-07
0.536	7.35848e-07
0.537	7.35848e-07
0.538	7.35848e-07
0.539	7.35848e-07
0.54	7.35848e-07
0.541	7.35848e-07
0.542	7.35848e-07
0.543	7.35848e-07
0.544	7.35848e-07
0.545	7.35848e-07
0.546	7.35848e-07
0.547	7.35848e-07
0.548	7.35848e-07
0.549	7.35848e-07
0.55	7.35848e-07
0.551	7.35848e-07
0.552	7.35848e-07
0.553	7.35848e-07
0.554	7.35848e-07
0.555	7.35848e-07
0.556	7.35848e-07
0.557	7.35848e-07
0.558	7.35848e-07
0.559	7.35848e-07
0.56	7.35848e-07
0.561	7.35848e-07
0.562	7.35848e-07
0.563	7.35848e-07
0.564	7.35848e-07
0.565	7.35848e-07
0.566	7.35848e-07
0.567	7.35848e-07
0.568	7.35848e-07
0.569	7.35848e-07
0.57	7.35848e-07
0.571	7.35848e-07
0.572	7.35848e-07
0.573	7.35848e-07
0.574	7.35848e-07
0.575	7.35848e-07
0.576	7.35848e-07
0.577	7.35848e-07
0.578	7.35848e-07
0.579	7.35848e-07
0.58	7.35848e-07
0.581	7.35848e-07
0.582	7.35848e-07
0.583	7.35848e-07
0.584	7.35848e-07
0.585	7.35848e-07
0.586	7.35848e-07
0.587	7.35848e-07
0.588	7.35848e-07
0.589	7.35848e-07
0.59	7.35848e-07
0.591	7.35848e-07
0.592	7.35848e-07
0.593	7.35848e-07
0.594	7.35848e-07
0.595	7.35848e-07
0.596	7.35848e-07
0.597	7.35848e-07
0.598	7.35848e-07
0.599	7.35848e-07
0.6	7.35848e-07
0.601	7.35848e-07
0.602	7.35848e-07
0.603	7.35848e-07
0.604	7.35848e-07
0.605	7.35848e-07
0.606	7.35848e-07
0.607	7.35848e-07
0.608	7.35848e-07
0.609	7.35848e-07
0.61	7.35848e-07
0.611	7.35848e-07
0.612	7.35848e-07
0.613	7.35848e-07
0.614	7.35848e-07
0.615	7.35848e-07
0.616	7.35848e-07
0.617	7.35848e-07
0.618	7.35848e-07
0.619	7.35848e-07
0.62	7.35848e-07
0.621	7.35848e-07
0.622	7.35848e-07
0.623	7.35848e-07
0.624	7.35848e-07
0.625	7.35848e-07
0.626	7.35848e-07
0.627	7.35848e-07
0.628	7.35848e-07
0.629	7.35848e-07
0.63	7.35848e-07
0.631	7.35848e-07
0.632	7.35848e-07
0.633	7.35848e-07
0.634	7.35848e-07
0.635	7.35848e-07
0.636	7.35848e-07
0.637	7.35848e-07
0.638	7.35848e-07
0.639	7.35848e-07
0.64	7.35848e-07
0.641	7.35848e-07
0.642	7.35848e-07
0.643	7.35848e-07
0.644	7.35848e-07
0.645	7.35848e-07
0.646	7.35848e-07
0.647	7.35848e-07
0.648	7.35848e-07
0.649	7.35848e-07
0.65	7.35848e-07
0.651	7.35848e-07
0.652	7.35848e-07
0.653	7.35848e-07
0.654	7.35848e-07
0.655	7.35848e-07
0.656	7.35848e-07
0.657	7.35848e-07
0.658	7.35848e-07
0.659	7.35848e-07
0.66	7.35848e-07
0.661	7.35848e-07
0.662	7.35848e-07
0.663	7.35848e-07
0.664	7.35848e-07
0.665	7.35848e-07
0.666	7.35848e-07
0.667	7.35848e-07
0.668	7.35848e-07
0.669	7.35848e-07
0.67	7.35848e-07
0.671	7.35848e-07
0.672	7.35848e-07
0.673	7.35848e-07
0.674	7.35848e-07
0.675	7.35848e-07
0.676	7.35848e-07
0.677	7.35848e-07
0.678	7.35848e-07
0.679	7.35848e-07
0.68	7.35848e-07
0.681	7.35848e-07
0.682	7.35848e-07
0.683	7.35848e-07
0.684	7.35848e-07
0.685	7.35848e-07
0.686	7.35848e-07
0.687	7.35848e-07
0.688	7.35848e-07
0.689	7.35848e-07
0.69	7.35848e-07
0.691	7.35848e-07
0.692	7.35848e-07
0.693	7.35848e-07
0.694	7.35848e-07
0.695	7.35848e-07
0.696	7.35848e-07
0.697	7.35848e-07
0.698	7.35848e-07
0.699	7.35848e-07
0.7	7.35848e-07
0.701	7.35848e-07
0.702	7.35848e-07
0.703	7.35848e-07
0.704	7.35848e-07
0.705	7.35848e-07
0.706	7.35848e-07
0.707	7.35848e-07
0.708	7.35848e-07
0.709	7.35848e-07
0.71	7.35848e-07
0.711	7.35848e-07
0.712	7.35848e-07
0.713	7.35848e-07
0.714	7.35848e-07
0.715	7.35848e-07
0.716	7.35848e-07
0.717	7.35848e-07
0.718	7.35848e-07
0.719	7.35848e-07
0.72	7.35848e-07
0.721	7.35848e-07
0.722	7.35848e-07
0.723	7.35848e-07
0.724	7.35848e-07
0.725	7.35848e-07
0.726	7.35848e-07
0.727	7.35848e-07
0.728	7.35848e-07
0.729	7.35848e-07
0.73	7.35848e-07
0.731	7.35848e-07
0.732	7.35848e-07
0.733	7.35848e-07
0.734	7.35848e-07
0.735	7.35848e-07
0.736	7.35848e-07
0.737	7.35848e-07
0.738	7.35848e-07
0.739	7.35848e-07
0.74	7.35848e-07
0.741	7.35848e-07
0.742	7.35848e-07
0.743	7.35848e-07
0.744	7.35848e-07
0.745	7.35848e-07
0.746	7.35848e-07
0.747	7.35848e-07
0.748	7.35848e-07
0.749	7.35848e-07
0.75	0.121537
0.751	0.117196
0.752	0.112905
0.753	0.108663
0.754	0.104472
0.755	0.100331
0.756	0.0962405
0.757	0.0921996
0.758	0.0882089
0.759	0.0842683
0.76	0.0803778
0.761	0.0765374
0.762	0.072747
0.763	0.0690068
0.764	0.0653166
0.765	0.0616766
0.766	0.0580866
0.767	0.0545468
0.768	0.051057
0.769	0.0476174
0.77	0.0442278
0.771	0.0408883
0.772	0.0375989
0.773	0.0343596
0.774	0.0311704
0.775	0.0280314
0.776	0.0249424
0.777	0.0219034
0.778	0.0189146
0.779	0.0159759
0.78	0.0130873
0.781	0.0102488
0.782	0.00746036
0.783	0.00472203
0.784	0.00203379
0.785	-0.000604348
0.786	-0.00319239
0.787	-0.00573034
0.788	-0.0082182
0.789	-0.010656
0.79	-0.0130436
0.791	-0.0153812
0.792	-0.0176687
0.793	-0.019906
0.794	-0.0220933
0.795	-0.0242305
0.796	-0.0263176
0.797	-0.0283546
0.798	-0.0303415
0.799	-0.0322783
0.8	-0.034165
0.801	-0.0360016
0.802	-0.0377882
0.803	-0.0395246
0.804	-0.0412109
0.805	-0.0428471
0.806	-0.0444333
0.807	-0.0459693
0.808	-0.0474553
0.809	-0.0488911
0.81	-0.0502769
0.811	-0.0516125
0.812	-0.0528981
0.813	-0.0541336
0.814	-0.0553189
0.815	-0.0564542
0.816	-0.0575394
0.817	-0.0585745
0.818	-0.0595595
0.819	-0.0604944
0.82	-0.0613792
0.821	-0.0622139
0.822	-0.0629985
0.823	-0.063733
0.824	-0.0644174
0.825	-0.0650518
0.826	-0.065636
0.827	-0.0661701
0.828	-0.0666542
0.829	-0.0670881
0.83	-0.067472
0.831	-0.0678057
0.832	-0.0680894
0.833	-0.0683229
0.834	-0.0685064
0.835	-0.0686398
0.836	-0.0687231
0.837	-0.0687562
0.838	-0.0687393
0.839	-0.0686723
0.84	-0.0685552
0.841	-0.068388
0.842	-0.0681707
0.843	-0.0679033
0.844	-0.0675858
0.845	-0.0672183
0.846	-0.0668006
0.847	-0.0663328
0.848	-0.0658149
0.849	-0.065247
0.85	-0.0646289
0.851	-0.0639608
0.852	-0.0632425
0.853	-0.0624742
0.854	-0.0616557
0.855	-0.0607872
0.856	-0.0598686
0.857	-0.0588998
0.858	-0.057881
0.859	-0.0568121
0.86	-0.0556931
0.861	-0.054524
0.862	-0.0533048
0.863	-0.0520355
0.864	-0.0507161
0.865	-0.0493466
0.866	-0.047927
0.867	-0.0464573
0.868	-0.0449376
0.869	-0.0433677
0.87	-0.0417477
0.871	-0.0400777
0.872	-0.0383575
0.873	-0.0365873
0.874	-0.0347669
0.875	-0.0328965
0.876	-0.0309759
0.877	-0.0290053
0.878	-0.0269846
0.879	-0.0249137
0.88	-0.0227928
0.881	-0.0206218
0.882	-0.0184007
0.883	-0.0161295
0.884	-0.0138082
0.885	-0.0114368
0.886	-0.0090153
0.887	-0.00654371
0.888	-0.00402203
0.889	-0.00145025
0.89	0.00117162
0.891	0.00384359
0.892	0.00656566
0.893	0.00933781
0.894	0.0121601
0.895	0.0150324
0.896	0.0179549
0.897	0.0209274
0.898	0.02395
0.899	0.0270228
0.9	0.0301456
0.901	0.0333185
0.902	0.0365415
0.903	0.0398147
0.904	0.0431379
0.905	0.0465112
0.906	0.0499346
0.907	0.0534081
0.908	0.0569317
0.909	0.0605053
0.91	0.0641291
0.911	0.067803
0.912	0.071527
0.913	0.075301
0.914	0.0791252
0.915	0.0829995
0.916	0.0869238
0.917	0.0908983
0.918	0.0949228
0.919	0.0989974
0.92	0.103122
0.921	0.107297
0.922	0.111522
0.923	0.115797
0.924	0.120122
0.925	0.124497
0.926	0.128923
0.927	0.133398
0.928	0.137923
0.929	0.142499
0.93	0.147125
0.931	0.151801
0.932	0.156526
0.933	0.161302
0.934	0.166128
0.935	0.171005
0.936	0.175931
0.937	0.180907
0.938	0.185934
0.939	0.19101
0.94	0.196137
0.941	0.201314
0.942	0.20654
0.943	0.211817
0.944	0.217144
0.945	0.222522
0.946	0.227949
0.947	0.233426
0.948	0.238953
0.949	0.244531
0.95	0.250159
0.951	0.255836
0.952	0.261564
0.953	0.267342
0.954	0.27317
0.955	0.279048
0.956	0.284976
0.957	0.290954
0.958	0.296983
0.959	0.303061
0.96	0.30919
0.961	0.315368
0.962	0.321597
0.963	0.327876
0.964	0.334205
0.965	0.340584
0.966	0.347013
0.967	0.353492
0.968	0.360022
0.969	0.366601
0.97	0.373231
0.971	0.37991
0.972	0.38664
0.973	0.39342
0.974	0.400249
0.975	0.407129
0.976	0.41406
0.977	0.42104
0.978	0.42807
0.979	0.43515
0.98	0.442281
0.981	0.449461
0.982	0.456692
0.983	0.463973
0.984	0.471304
0.985	0.478685
0.986	0.486116
0.987	0.493597
0.988	0.501128
0.989	0.508709
0.99	0.516341
0.991	0.524022
0.992	0.531754
0.993	0.539535
0.994	0.547367
0.995	0.555249
0.996	0.563181
0.997	0.571163
0.998	0.579195
0.999	0.587278
