# Interpolation data for function: x^40
0	2.21828e-14
0.001	2.21828e-14
0.002	2.21828e-14
0.003	2.21828e-14
0.004	2.21828e-14
0.005	2.21828e-14
0.006	2.21828e-14
0.007	2.21828e-14
0.008	2.21828e-14
0.009	2.21828e-14
0.01	2.21828e-14
0.011	2.21828e-14
0.012	2.21828e-14
0.013	2.21828e-14
0.014	2.21828e-14
0.015	2.21828e-14
0.016	2.21828e-14
0.017	2.21828e-14
0.018	2.21828e-14
0.019	2.21828e-14
0.02	2.21828e-14
0.021	2.21828e-14
0.022	2.21828e-14
0.023	2.21828e-14
0.024	2.21828e-14
0.025	2.21828e-14
0.026	2.21828e-14
0.027	2.21828e-14
0.028	2.21828e-14
0.029	2.21828e-14
0.03	2.21828e-14
0.031	2.21828e-14
0.032	2.21828e-14
0.033	2.21828e-14
0.034	2.21828e-14
0.035	2.21828e-14
0.036	2.21828e-14
0.037	2.21828e-14
0.038	2.21828e-14
0.039	2.21828e-14
0.04	2.21828e-14
0.041	2.21828e-14
0.042	2.21828e-14
0.043	2.21828e-14
0.044	2.21828e-14
0.045	2.21828e-14
0.046	2.21828e-14
0.047	2.21828e-14
0.048	2.21828e-14
0.049	2.21828e-14
0.05	2.21828e-14
0.051	2.21828e-14
0.052	2.21828e-14
0.053	2.21828e-14
0.054	2.21828e-14
0.055	2.21828e-14
0.056	2.21828e-14
0.057	2.21828e-14
0.058	2.21828e-14
0.059	2.21828e-14
0.06	2.21828e-14
0.061	2.21828e-14
0.062	2.21828e-14
0.063	2.21828e-14
0.064	2.21828e-14
0.065	2.21828e-14
0.066	2.21828e-14
0.067	2.21828e-14
0.068	2.21828e-14
0.069	2.21828e-14
0.07	2.21828e-14
0.071	2.21828e-14
0.072	2.21828e-14
0.073	2.21828e-14
0.074	2.21828e-14
0.075	2.21828e-14
0.076	2.21828e-14
0.077	2.21828e-14
0.078	2.21828e-14
0.079	2.21828e-14
0.08	2.21828e-14
0.081	2.21828e-14
0.082	2.21828e-14
0.083	2.21828e-14
0.084	2.21828e-14
0.085	2.21828e-14
0.086	2.21828e-14
0.087	2.21828e-14
0.088	2.21828e-14
0.089	2.21828e-14
0.09	2.21828e-14
0.091	2.21828e-14
0.092	2.21828e-14
0.093	2.21828e-14
0.094	2.21828e-14
0.095	2.21828e-14
0.096	2.21828e-14
0.097	2.21828e-14
0.098	2.21828e-14
0.099	2.21828e-14
0.1	2.21828e-14
0.101	2.21828e-14
0.102	2.21828e-14
0.103	2.21828e-14
0.104	2.21828e-14
0.105	2.21828e-14
0.106	2.21828e-14
0.107	2.21828e-14
0.108	2.21828e-14
0.109	2.21828e-14
0.11	2.21828e-14
0.111	2.21828e-14
0.112	2.21828e-14
0.113	2.21828e-14
0.114	2.21828e-14
0.115	2.21828e-14
0.116	2.21828e-14
0.117	2.21828e-14
0.118	2.21828e-14
0.119	2.21828e-14
0.12	2.21828e-14
0.121	2.21828e-14
0.122	2.21828e-14
0.123	2.21828e-14
0.124	2.21828e-14
0.125	2.21828e-14
0.126	2.21828e-14
0.127	2.21828e-14
0.128	2.21828e-14
0.129	2.21828e-14
0.13	2.21828e-14
0.131	2.21828e-14
0.132	2.21828e-14
0.133	2.21828e-14
0.134	2.21828e-14
0.135	2.21828e-14
0.136	2.21828e-14
0.137	2.21828e-14
0.138	2.21828e-14
0.139	2.21828e-14
0.14	2.21828e-14
0.141	2.21828e-14
0.142	2.21828e-14
0.143	2.21828e-14
0.144	2.21828e-14
0.145	2.21828e-14
0.146	2.21828e-14
0.147	2.21828e-14
0.148	2.21828e-14
0.149	2.21828e-14
0.15	2.21828e-14
0.151	2.21828e-14
0.152	2.21828e-14
0.153	2.21828e-14
0.154	2.21828e-14
0.155	2.21828e-14
0.156	2.21828e-14
0.157	2.21828e-14
0.158	2.21828e-14
0.159	2.21828e-14
0.16	2.21828e-14
0.161	2.21828e-14
0.162	2.21828e-14
0.163	2.21828e-14
0.164	2.21828e-14
0.165	2.21828e-14
0.166	2.21828e-14
0.167	2.21828e-14
0.168	2.21828e-14
0.169	2.21828e-14
0.17	2.21828e-14
0.171	2.21828e-14
0.172	2.21828e-14
0.173	2.21828e-14
0.174	2.21828e-14
0.175	2.21828e-14
0.176	2.21828e-14
0.177	2.21828e-14
0.178	2.21828e-14
0.179	2.21828e-14
0.18	2.21828e-14
0.181	2.21828e-14
0.182	2.21828e-14
0.183	2.21828e-14
0.184	2.21828e-14
0.185	2.21828e-14
0.186	2.21828e-14
0.187	2.21828e-14
0.188	2.21828e-14
0.189	2.21828e-14
0.19	2.21828e-14
0.191	2.21828e-14
0.192	2.21828e-14
0.193	2.21828e-14
0.194	2.21828e-14
0.195	2.21828e-14
0.196	2.21828e-14
0.197	2.21828e-14
0.198	2.21828e-14
0.199	2.21828e-14
0.2	2.21828e-14
0.201	2.21828e-14
0.202	2.21828e-14
0.203	2.21828e-14
0.204	2.21828e-14
0.205	2.21828e-14
0.206	2.21828e-14
0.207	2.21828e-14
0.208	2.21828e-14
0.209	2.21828e-14
0.21	2.21828e-14
0.211	2.21828e-14
0.212	2.21828e-14
0.213	2.21828e-14
0.214	2.21828e-14
0.215	2.21828e-14
0.216	2.21828e-14
0.217	2.21828e-14
0.218	2.21828e-14
0.219	2.21828e-14
0.22	2.21828e-14
0.221	2.21828e-14
0.222	2.21828e-14
0.223	2.21828e-14
0.224	2.21828e-14
0.225	2.21828e-14
0.226	2.21828e-14
0.227	2.21828e-14
0.228	2.21828e-14
0.229	2.21828e-14
0.23	2.21828e-14
0.231	2.21828e-14
0.232	2.21828e-14
0.233	2.21828e-14
0.234	2.21828e-14
0.235	2.21828e-14
0.236	2.21828e-14
0.237	2.21828e-14
0.238	2.21828e-14
0.239	2.21828e-14
0.24	2.21828e-14
0.241	2.21828e-14
0.242	2.21828e-14
0.243	2.21828e-14
0.244	2.21828e-14
0.245	2.21828e-14
0.246	2.21828e-14
0.247	2.21828e-14
0.248	2.21828e-14
0.249	2.21828e-14
0.25	2.21828e-14
0.251	2.21828e-14
0.252	2.21828e-14
0.253	2.21828e-14
0.254	2.21828e-14
0.255	2.21828e-14
0.256	2.21828e-14
0.257	2.21828e-14
0.258	2.21828e-14
0.259	2.21828e-14
0.26	2.21828e-14
0.261	2.21828e-14
0.262	2.21828e-14
0.263	2.21828e-14
0.264	2.21828e-14
0.265	2.21828e-14
0.266	2.21828e-14
0.267	2.21828e-14
0.268	2.21828e-14
0.269	2.21828e-14
0.27	2.21828e-14
0.271	2.21828e-14
0.272	2.21828e-14
0.273	2.21828e-14
0.274	2.21828e-14
0.275	2.21828e-14
0.276	2.21828e-14
0.277	2.21828e-14
0.278	2.21828e-14
0.279	2.21828e-14
0.28	2.21828e-14
0.281	2.21828e-14
0.282	2.21828e-14
0.283	2.21828e-14
0.284	2.21828e-14
0.285	2.21828e-14
0.286	2.21828e-14
0.287	2.21828e-14
0.288	2.21828e-14
0.289	2.21828e-14
0.29	2.21828e-14
0.291	2.21828e-14
0.292	2.21828e-14
0.293	2.21828e-14
0.294	2.21828e-14
0.295	2.21828e-14
0.296	2.21828e-14
0.297	2.21828e-14
0.298	2.21828e-14
0.299	2.21828e-14
0.3	2.21828e-14
0.301	2.21828e-14
0.302	2.21828e-14
0.303	2.21828e-14
0.304	2.21828e-14
0.305	2.21828e-14
0.306	2.21828e-14
0.307	2.21828e-14
0.308	2.21828e-14
0.309	2.21828e-14
0.31	2.21828e-14
0.311	2.21828e-14
0.312	2.21828e-14
0.313	2.21828e-14
0.314	2.21828e-14
0.315	2.21828e-14
0.316	2.21828e-14
0.317	2.21828e-14
0.318	2.21828e-14
0.319	2.21828e-14
0.32	2.21828e-14
0.321	2.21828e-14
0.322	2.21828e-14
0.323	2.21828e-14
0.324	2.21828e-14
0.325	2.21828e-14
0.326	2.21828e-14
0.327	2.21828e-14
0.328	2.21828e-14
0.329	2.21828e-14
0.33	2.21828e-14
0.331	2.21828e-14
0.332	2.21828e-14
0.333	2.21828e-14
0.334	2.21828e-14
0.335	2.21828e-14
0.336	2.21828e-14
0.337	2.21828e-14
0.338	2.21828e-14
0.339	2.21828e-14
0.34	2.21828e-14
0.341	2.21828e-14
0.342	2.21828e-14
0.343	2.21828e-14
0.344	2.21828e-14
0.345	2.21828e-14
0.346	2.21828e-14
0.347	2.21828e-14
0.348	2.21828e-14
0.349	2.21828e-14
0.35	2.21828e-14
0.351	2.21828e-14
0.352	2.21828e-14
0.353	2.21828e-14
0.354	2.21828e-14
0.355	2.21828e-14
0.356	2.21828e-14
0.357	2.21828e-14
0.358	2.21828e-14
0.359	2.21828e-14
0.36	2.21828e-14
0.361	2.21828e-14
0.362	2.21828e-14
0.363	2.21828e-14
0.364	2.21828e-14
0.365	2.21828e-14
0.366	2.21828e-14
0.367	2.21828e-14
0.368	2.21828e-14
0.369	2.21828e-14
0.37	2.21828e-14
0.371	2.21828e-14
0.372	2.21828e-14
0.373	2.21828e-14
0.374	2.21828e-14
0.375	2.21828e-14
0.376	2.21828e-14
0.377	2.21828e-14
0.378	2.21828e-14
0.379	2.21828e-14
0.38	2.21828e-14
0.381	2.21828e-14
0.382	2.21828e-14
0.383	2.21828e-14
0.384	2.21828e-14
0.385	2.21828e-14
0.386	2.21828e-14
0.387	2.21828e-14
0.388	2.21828e-14
0.389	2.21828e-14
0.39	2.21828e-14
0.391	2.21828e-14
0.392	2.21828e-14
0.393	2.21828e-14
0.394	2.21828e-14
0.395	2.21828e-14
0.396	2.21828e-14
0.397	2.21828e-14
0.398	2.21828e-14
0.399	2.21828e-14
0.4	2.21828e-14
0.401	2.21828e-14
0.402	2.21828e-14
0.403	2.21828e-14
0.404	2.21828e-14
0.405	2.21828e-14
0.406	2.21828e-14
0.407	2.21828e-14
0.408	2.21828e-14
0.409	2.21828e-14
0.41	2.21828e-14
0.411	2.21828e-14
0.412	2.21828e-14
0.413	2.21828e-14
0.414	2.21828e-14
0.415	2.21828e-14
0.416	2.21828e-14
0.417	2.21828e-14
0.418	2.21828e-14
0.419	2.21828e-14
0.42	2.21828e-14
0.421	2.21828e-14
0.422	2.21828e-14
0.423	2.21828e-14
0.424	2.21828e-14
0.425	2.21828e-14
0.426	2.21828e-14
0.427	2.21828e-14
0.428	2.21828e-14
0.429	2.21828e-14
0.43	2.21828e-14
0.431	2.21828e-14
0.432	2.21828e-14
0.433	2.21828e-14
0.434	2.21828e-14
0.435	2.21828e-14
0.436	2.21828e-14
0.437	2.21828e-14
0.438	2.21828e-14
0.439	2.21828e-14
0.44	2.21828e-14
0.441	2.21828e-14
0.442	2.21828e-14
0.443	2.21828e-14
0.444	2.21828e-14
0.445	2.21828e-14
0.446	2.21828e-14
0.447	2.21828e-14
0.448	2.21828e-14
0.449	2.21828e-14
0.45	2.21828e-14
0.451	2.21828e-14
0.452	2.21828e-14
0.453	2.21828e-14
0.454	2.21828e-14
0.455	2.21828e-14
0.456	2.21828e-14
0.457	2.21828e-14
0.458	2.21828e-14
0.459	2.21828e-14
0.46	2.21828e-14
0.461	2.21828e-14
0.462	2.21828e-14
0.463	2.21828e-14
0.464	2.21828e-14
0.465	2.21828e-14
0.466	2.21828e-14
0.467	2.21828e-14
0.468	2.21828e-14
0.469	2.21828e-14
0.47	2.21828e-14
0.471	2.21828e-14
0.472	2.21828e-14
0.473	2.21828e-14
0.474	2.21828e-14
0.475	2.21828e-14
0.476	2.21828e-14
0.477	2.21828e-14
0.478	2.21828e-14
0.479	2.21828e-14
0.48	2.21828e-14
0.481	2.21828e-14
0.482	2.21828e-14
0.483	2.21828e-14
0.484	2.21828e-14
0.485	2.21828e-14
0.486	2.21828e-14
0.487	2.21828e-14
0.488	2.21828e-14
0.489	2.21828e-14
0.49	2.21828e-14
0.491	2.21828e-14
0.492	2.21828e-14
0.493	2.21828e-14
0.494	2.21828e-14
0.495	2.21828e-14
0.496	2.21828e-14
0.497	2.21828e-14
0.498	2.21828e-14
0.499	2.21828e-14
0.5	1.16611e-06
0.501	1.12573e-06
0.502	1.0858e-06
0.503	1.04631e-06
0.504	1.00727e-06
0.505	9.68678e-07
0.506	9.3053e-07
0.507	8.92827e-07
0.508	8.5557e-07
0.509	8.18759e-07
0.51	7.82394e-07
0.511	7.46475e-07
0.512	7.11002e-07
0.513	6.75974e-07
0.514	6.41393e-07
0.515	6.07257e-07
0.516	5.73568e-07
0.517	5.40324e-07
0.518	5.07526e-07
0.519	4.75174e-07
0.52	4.43268e-07
0.521	4.11808e-07
0.522	3.80794e-07
0.523	3.50226e-07
0.524	3.20104e-07
0.525	2.90427e-07
0.526	2.61197e-07
0.527	2.32412e-07
0.528	2.04074e-07
0.529	1.76181e-07
0.53	1.48734e-07
0.531	1.21733e-07
0.532	9.51779e-08
0.533	6.90687e-08
0.534	4.34055e-08
0.535	1.81882e-08
0.536	-6.58325e-09
0.537	-3.09088e-08
0.538	-5.47884e-08
0.539	-7.8222e-08
0.54	-1.0121e-07
0.541	-1.23752e-07
0.542	-1.45848e-07
0.543	-1.67498e-07
0.544	-1.88702e-07
0.545	-2.0946e-07
0.546	-2.29772e-07
0.547	-2.49639e-07
0.548	-2.69059e-07
0.549	-2.88034e-07
0.55	-3.06563e-07
0.551	-3.24645e-07
0.552	-3.42282e-07
0.553	-3.59473e-07
0.554	-3.76218e-07
0.555	-3.92517e-07
0.556	-4.08371e-07
0.557	-4.23778e-07
0.558	-4.38739e-07
0.559	-4.53255e-07
0.56	-4.67324e-07
0.561	-4.80948e-07
0.562	-4.94126e-07
0.563	-5.06858e-07
0.564	-5.19144e-07
0.565	-5.30984e-07
0.566	-5.42378e-07
0.567	-5.53326e-07
0.568	-5.63829e-07
0.569	-5.73885e-07
0.57	-5.83495e-07
0.571	-5.9266e-07
0.572	-6.01379e-07
0.573	-6.09652e-07
0.574	-6.17478e-07
0.575	-6.24859e-07
0.576	-6.31794e-07
0.577	-6.38284e-07
0.578	-6.44327e-07
0.579	-6.49924e-07
0.58	-6.55076e-07
0.581	-6.59781e-07
0.582	-6.64041e-07
0.583	-6.67854e-07
0.584	-6.71222e-07
0.585	-6.74144e-07
0.586	-6.7662e-07
0.587	-6.7865e-07
0.588	-6.80234e-07
0.589	-6.81372e-07
0.59	-6.82065e-07
0.591	-6.82311e-07
0.592	-6.82112e-07
0.593	-6.81466e-07
0.594	-6.80375e-07
0.595	-6.78838e-07
0.596	-6.76855e-07
0.597	-6.74426e-07
0.598	-6.71551e-07
0.599	-6.6823e-07
0.6	-6.64463e-07
0.601	-6.6025e-07
0.602	-6.55592e-07
0.603	-6.50487e-07
0.604	-6.44937e-07
0.605	-6.38941e-07
0.606	-6.32498e-07
0.607	-6.2561e-07
0.608	-6.18276e-07
0.609	-6.10496e-07
0.61	-6.0227e-07
0.611	-5.93599e-07
0.612	-5.84481e-07
0.613	-5.74917e-07
0.614	-5.64908e-07
0.615	-5.54453e-07
0.616	-5.43551e-07
0.617	-5.32204e-07
0.618	-5.20411e-07
0.619	-5.08172e-07
0.62	-4.95487e-07
0.621	-4.82356e-07
0.622	-4.68779e-07
0.623	-4.54757e-07
0.624	-4.40288e-07
0.625	-4.25374e-07
0.626	-4.10013e-07
0.627	-3.94207e-07
0.628	-3.77955e-07
0.629	-3.61257e-07
0.63	-3.44113e-07
0.631	-3.26523e-07
0.632	-3.08487e-07
0.633	-2.90005e-07
0.634	-2.71077e-07
0.635	-2.51704e-07
0.636	-2.31884e-07
0.637	-2.11619e-07
0.638	-1.90908e-07
0.639	-1.6975e-07
0.64	-1.48147e-07
0.641	-1.26098e-07
0.642	-1.03603e-07
0.643	-8.06625e-08
0.644	-5.72757e-08
0.645	-3.34431e-08
0.646	-9.16449e-09
0.647	1.556e-08
0.648	4.07304e-08
0.649	6.63467e-08
0.65	9.24089e-08
0.651	1.18917e-07
0.652	1.45871e-07
0.653	1.73271e-07
0.654	2.01117e-07
0.655	2.29409e-07
0.656	2.58146e-07
0.657	2.8733e-07
0.658	3.16959e-07
0.659	3.47035e-07
0.66	3.77556e-07
0.661	4.08523e-07
0.662	4.39936e-07
0.663	4.71795e-07
0.664	5.041e-07
0.665	5.36851e-07
0.666	5.70048e-07
0.667	6.03691e-07
0.668	6.37779e-07
0.669	6.72314e-07
0.67	7.07294e-07
0.671	7.4272e-07
0.672	7.78592e-07
0.673	8.14911e-07
0.674	8.51675e-07
0.675	8.88885e-07
0.676	9.2654e-07
0.677	9.64642e-07
0.678	1.00319e-06
0.679	1.04218e-06
0.68	1.08162e-06
0.681	1.12151e-06
0.682	1.16184e-06
0.683	1.20262e-06
0.684	1.24384e-06
0.685	1.28551e-06
0.686	1.32762e-06
0.687	1.37018e-06
0.688	1.41319e-06
0.689	1.45664e-06
0.69	1.50054e-06
0.691	1.54489e-06
0.692	1.58968e-06
0.693	1.63491e-06
0.694	1.6806e-06
0.695	1.72672e-06
0.696	1.7733e-06
0.697	1.82032e-06
0.698	1.86778e-06
0.699	1.9157e-06
0.7	1.96405e-06
0.701	2.01286e-06
0.702	2.06211e-06
0.703	2.1118e-06
0.704	2.16194e-06
0.705	2.21253e-06
0.706	2.26356e-06
0.707	2.31504e-06
0.708	2.36697e-06
0.709	2.41934e-06
0.71	2.47215e-06
0.711	2.52542e-06
0.712	2.57913e-06
0.713	2.63328e-06
0.714	2.68788e-06
0.715	2.74293e-06
0.716	2.79842e-06
0.717	2.85436e-06
0.718	2.91074e-06
0.719	2.96757e-06
0.72	3.02485e-06
0.721	3.08257e-06
0.722	3.14074e-06
0.723	3.19935e-06
0.724	3.25841e-06
0.725	3.31792e-06
0.726	3.37787e-06
0.727	3.43826e-06
0.728	3.49911e-06
0.729	3.5604e-06
0.73	3.62213e-06
0.731	3.68431e-06
0.732	3.74694e-06
0.733	3.81001e-06
0.734	3.87353e-06
0.735	3.93749e-06
0.736	4.0019e-06
0.737	4.06676e-06
0.738	4.13206e-06
0.739	4.19781e-06
0.74	4.26401e-06
0.741	4.33064e-06
0.742	4.39773e-06
0.743	4.46526e-06
0.744	4.53324e-06
0.745	4.60166e-06
0.746	4.67053e-06
0.747	4.73985e-06
0.748	4.80961e-06
0.749	4.87982e-06
0.75	6.71275e-06
0.751	9.01594e-06
0.752	1.08462e-05
0.753	1.2301e-05
0.754	1.34645e-05
0.755	1.44092e-05
0.756	1.51969e-05
0.757	1.588e-05
0.758	1.65028e-05
0.759	1.71023e-05
0.76	1.77089e-05
0.761	1.83477e-05
0.762	1.90388e-05
0.763	1.97983e-05
0.764	2.06388e-05
0.765	2.15697e-05
0.766	2.25982e-05
0.767	2.37294e-05
0.768	2.49667e-05
0.769	2.63123e-05
0.77	2.77674e-05
0.771	2.93325e-05
0.772	3.10078e-05
0.773	3.27931e-05
0.774	3.46882e-05
0.775	3.6693e-05
0.776	3.88077e-05
0.777	4.10328e-05
0.778	4.33692e-05
0.779	4.58184e-05
0.78	4.83826e-05
0.781	5.10643e-05
0.782	5.38671e-05
0.783	5.67949e-05
0.784	5.98526e-05
0.785	6.30456e-05
0.786	6.63804e-05
0.787	6.98639e-05
0.788	7.35039e-05
0.789	7.73089e-05
0.79	8.12881e-05
0.791	8.54514e-05
0.792	8.98095e-05
0.793	9.43738e-05
0.794	9.91563e-05
0.795	0.00010417
0.796	0.000109427
0.797	0.000114943
0.798	0.000120733
0.799	0.00012681
0.8	0.000133192
0.801	0.000139896
0.802	0.000146938
0.803	0.000154337
0.804	0.000162112
0.805	0.000170282
0.806	0.000178867
0.807	0.000187889
0.808	0.000197369
0.809	0.00020733
0.81	0.000217796
0.811	0.000228792
0.812	0.000240342
0.813	0.000252473
0.814	0.000265213
0.815	0.000278591
0.816	0.000292636
0.817	0.00030738
0.818	0.000322856
0.819	0.000339096
0.82	0.000356136
0.821	0.000374014
0.822	0.000392768
0.823	0.000412438
0.824	0.000433066
0.825	0.000454696
0.826	0.000477375
0.827	0.00050115
0.828	0.000526072
0.829	0.000552194
0.83	0.000579571
0.831	0.00060826
0.832	0.000638322
0.833	0.00066982
0.834	0.000702822
0.835	0.000737394
0.836	0.000773612
0.837	0.00081155
0.838	0.000851288
0.839	0.000892909
0.84	0.0009365
0.841	0.000982152
0.842	0.00102996
0.843	0.00108003
0.844	0.00113245
0.845	0.00118735
0.846	0.00124483
0.847	0.00130501
0.848	0.00136802
0.849	0.00143399
0.85	0.00150305
0.851	0.00157535
0.852	0.00165104
0.853	0.00173026
0.854	0.00181319
0.855	0.00189999
0.856	0.00199084
0.857	0.00208593
0.858	0.00218544
0.859	0.00228958
0.86	0.00239856
0.861	0.0025126
0.862	0.00263192
0.863	0.00275678
0.864	0.00288741
0.865	0.00302408
0.866	0.00316707
0.867	0.00331664
0.868	0.00347311
0.869	0.00363677
0.87	0.00380796
0.871	0.003987
0.872	0.00417425
0.873	0.00437008
0.874	0.00457486
0.875	0.004789
0.876	0.0050129
0.877	0.00524701
0.878	0.00549178
0.879	0.00574766
0.88	0.00601517
0.881	0.0062948
0.882	0.0065871
0.883	0.00689262
0.884	0.00721194
0.885	0.00754567
0.886	0.00789443
0.887	0.0082589
0.888	0.00863974
0.889	0.00903769
0.89	0.00945348
0.891	0.00988789
0.892	0.0103417
0.893	0.0108159
0.894	0.0113112
0.895	0.0118285
0.896	0.0123689
0.897	0.0129334
0.898	0.0135229
0.899	0.0141386
0.9	0.0147815
0.901	0.015453
0.902	0.0161541
0.903	0.0168862
0.904	0.0176505
0.905	0.0184486
0.906	0.0192818
0.907	0.0201517
0.908	0.0210597
0.909	0.0220076
0.91	0.0229971
0.911	0.0240298
0.912	0.0251077
0.913	0.0262328
0.914	0.0274069
0.915	0.0286321
0.916	0.0299108
0.917	0.031245
0.918	0.0326372
0.919	0.0340898
0.92	0.0356054
0.921	0.0371866
0.922	0.0388362
0.923	0.0405571
0.924	0.0423523
0.925	0.0442249
0.926	0.0461781
0.927	0.0482153
0.928	0.0503401
0.929	0.0525561
0.93	0.0548671
0.931	0.0572771
0.932	0.0597902
0.933	0.0624107
0.934	0.0651431
0.935	0.0679921
0.936	0.0709623
0.937	0.074059
0.938	0.0772873
0.939	0.0806526
0.94	0.0841607
0.941	0.0878174
0.942	0.0916289
0.943	0.0956014
0.944	0.0997417
0.945	0.104057
0.946	0.108553
0.947	0.11324
0.948	0.118123
0.949	0.123211
0.95	0.128512
0.951	0.134036
0.952	0.139791
0.953	0.145787
0.954	0.152033
0.955	0.158539
0.956	0.165317
0.957	0.172377
0.958	0.179731
0.959	0.18739
0.96	0.195367
0.961	0.203675
0.962	0.212327
0.963	0.221337
0.964	0.230719
0.965	0.240489
0.966	0.250661
0.967	0.261252
0.968	0.27228
0.969	0.28376
0.97	0.295713
0.971	0.308155
0.972	0.321108
0.973	0.33459
0.974	0.348624
0.975	0.363232
0.976	0.378435
0.977	0.394259
0.978	0.410727
0.979	0.427865
0.98	0.445699
0.981	0.464258
0.982	0.483569
0.983	0.503662
0.984	0.524569
0.985	0.546322
0.986	0.568953
0.987	0.592496
0.988	0.616989
0.989	0.642469
0.99	0.668972
0.991	0.696541
0.992	0.725217
0.993	0.755042
0.994	0.786061
0.995	0.818322
0.996	0.851872
0.997	0.886761
0.998	0.923042
0.999	0.960768
