# Interpolation data for function: x^40
0	2.21828e-14
0.001	2.21828e-14
0.002	2.21828e-14
0.003	2.21828e-14
0.004	2.21828e-14
0.005	2.21828e-14
0.006	2.21828e-14
0.007	2.21828e-14
0.008	2.21828e-14
0.009	2.21828e-14
0.01	2.21828e-14
0.011	2.21828e-14
0.012	2.21828e-14
0.013	2.21828e-14
0.014	2.21828e-14
0.015	2.21828e-14
0.016	2.21828e-14
0.017	2.21828e-14
0.018	2.21828e-14
0.019	2.21828e-14
0.02	2.21828e-14
0.021	2.21828e-14
0.022	2.21828e-14
0.023	2.21828e-14
0.024	2.21828e-14
0.025	2.21828e-14
0.026	2.21828e-14
0.027	2.21828e-14
0.028	2.21828e-14
0.029	2.21828e-14
0.03	2.21828e-14
0.031	2.21828e-14
0.032	2.21828e-14
0.033	2.21828e-14
0.034	2.21828e-14
0.035	2.21828e-14
0.036	2.21828e-14
0.037	2.21828e-14
0.038	2.21828e-14
0.039	2.21828e-14
0.04	2.21828e-14
0.041	2.21828e-14
0.042	2.21828e-14
0.043	2.21828e-14
0.044	2.21828e-14
0.045	2.21828e-14
0.046	2.21828e-14
0.047	2.21828e-14
0.048	2.21828e-14
0.049	2.21828e-14
0.05	2.21828e-14
0.051	2.21828e-14
0.052	2.21828e-14
0.053	2.21828e-14
0.054	2.21828e-14
0.055	2.21828e-14
0.056	2.21828e-14
0.057	2.21828e-14
0.058	2.21828e-14
0.059	2.21828e-14
0.06	2.21828e-14
0.061	2.21828e-14
0.062	2.21828e-14
0.063	2.21828e-14
0.064	2.21828e-14
0.065	2.21828e-14
0.066	2.21828e-14
0.067	2.21828e-14
0.068	2.21828e-14
0.069	2.21828e-14
0.07	2.21828e-14
0.071	2.21828e-14
0.072	2.21828e-14
0.073	2.21828e-14
0.074	2.21828e-14
0.075	2.21828e-14
0.076	2.21828e-14
0.077	2.21828e-14
0.078	2.21828e-14
0.079	2.21828e-14
0.08	2.21828e-14
0.081	2.21828e-14
0.082	2.21828e-14
0.083	2.21828e-14
0.084	2.21828e-14
0.085	2.21828e-14
0.086	2.21828e-14
0.087	2.21828e-14
0.088	2.21828e-14
0.089	2.21828e-14
0.09	2.21828e-14
0.091	2.21828e-14
0.092	2.21828e-14
0.093	2.21828e-14
0.094	2.21828e-14
0.095	2.21828e-14
0.096	2.21828e-14
0.097	2.21828e-14
0.098	2.21828e-14
0.099	2.21828e-14
0.1	2.21828e-14
0.101	2.21828e-14
0.102	2.21828e-14
0.103	2.21828e-14
0.104	2.21828e-14
0.105	2.21828e-14
0.106	2.21828e-14
0.107	2.21828e-14
0.108	2.21828e-14
0.109	2.21828e-14
0.11	2.21828e-14
0.111	2.21828e-14
0.112	2.21828e-14
0.113	2.21828e-14
0.114	2.21828e-14
0.115	2.21828e-14
0.116	2.21828e-14
0.117	2.21828e-14
0.118	2.21828e-14
0.119	2.21828e-14
0.12	2.21828e-14
0.121	2.21828e-14
0.122	2.21828e-14
0.123	2.21828e-14
0.124	2.21828e-14
0.125	2.21828e-14
0.126	2.21828e-14
0.127	2.21828e-14
0.128	2.21828e-14
0.129	2.21828e-14
0.13	2.21828e-14
0.131	2.21828e-14
0.132	2.21828e-14
0.133	2.21828e-14
0.134	2.21828e-14
0.135	2.21828e-14
0.136	2.21828e-14
0.137	2.21828e-14
0.138	2.21828e-14
0.139	2.21828e-14
0.14	2.21828e-14
0.141	2.21828e-14
0.142	2.21828e-14
0.143	2.21828e-14
0.144	2.21828e-14
0.145	2.21828e-14
0.146	2.21828e-14
0.147	2.21828e-14
0.148	2.21828e-14
0.149	2.21828e-14
0.15	2.21828e-14
0.151	2.21828e-14
0.152	2.21828e-14
0.153	2.21828e-14
0.154	2.21828e-14
0.155	2.21828e-14
0.156	2.21828e-14
0.157	2.21828e-14
0.158	2.21828e-14
0.159	2.21828e-14
0.16	2.21828e-14
0.161	2.21828e-14
0.162	2.21828e-14
0.163	2.21828e-14
0.164	2.21828e-14
0.165	2.21828e-14
0.166	2.21828e-14
0.167	2.21828e-14
0.168	2.21828e-14
0.169	2.21828e-14
0.17	2.21828e-14
0.171	2.21828e-14
0.172	2.21828e-14
0.173	2.21828e-14
0.174	2.21828e-14
0.175	2.21828e-14
0.176	2.21828e-14
0.177	2.21828e-14
0.178	2.21828e-14
0.179	2.21828e-14
0.18	2.21828e-14
0.181	2.21828e-14
0.182	2.21828e-14
0.183	2.21828e-14
0.184	2.21828e-14
0.185	2.21828e-14
0.186	2.21828e-14
0.187	2.21828e-14
0.188	2.21828e-14
0.189	2.21828e-14
0.19	2.21828e-14
0.191	2.21828e-14
0.192	2.21828e-14
0.193	2.21828e-14
0.194	2.21828e-14
0.195	2.21828e-14
0.196	2.21828e-14
0.197	2.21828e-14
0.198	2.21828e-14
0.199	2.21828e-14
0.2	2.21828e-14
0.201	2.21828e-14
0.202	2.21828e-14
0.203	2.21828e-14
0.204	2.21828e-14
0.205	2.21828e-14
0.206	2.21828e-14
0.207	2.21828e-14
0.208	2.21828e-14
0.209	2.21828e-14
0.21	2.21828e-14
0.211	2.21828e-14
0.212	2.21828e-14
0.213	2.21828e-14
0.214	2.21828e-14
0.215	2.21828e-14
0.216	2.21828e-14
0.217	2.21828e-14
0.218	2.21828e-14
0.219	2.21828e-14
0.22	2.21828e-14
0.221	2.21828e-14
0.222	2.21828e-14
0.223	2.21828e-14
0.224	2.21828e-14
0.225	2.21828e-14
0.226	2.21828e-14
0.227	2.21828e-14
0.228	2.21828e-14
0.229	2.21828e-14
0.23	2.21828e-14
0.231	2.21828e-14
0.232	2.21828e-14
0.233	2.21828e-14
0.234	2.21828e-14
0.235	2.21828e-14
0.236	2.21828e-14
0.237	2.21828e-14
0.238	2.21828e-14
0.239	2.21828e-14
0.24	2.21828e-14
0.241	2.21828e-14
0.242	2.21828e-14
0.243	2.21828e-14
0.244	2.21828e-14
0.245	2.21828e-14
0.246	2.21828e-14
0.247	2.21828e-14
0.248	2.21828e-14
0.249	2.21828e-14
0.25	2.21828e-14
0.251	2.21828e-14
0.252	2.21828e-14
0.253	2.21828e-14
0.254	2.21828e-14
0.255	2.21828e-14
0.256	2.21828e-14
0.257	2.21828e-14
0.258	2.21828e-14
0.259	2.21828e-14
0.26	2.21828e-14
0.261	2.21828e-14
0.262	2.21828e-14
0.263	2.21828e-14
0.264	2.21828e-14
0.265	2.21828e-14
0.266	2.21828e-14
0.267	2.21828e-14
0.268	2.21828e-14
0.269	2.21828e-14
0.27	2.21828e-14
0.271	2.21828e-14
0.272	2.21828e-14
0.273	2.21828e-14
0.274	2.21828e-14
0.275	2.21828e-14
0.276	2.21828e-14
0.277	2.21828e-14
0.278	2.21828e-14
0.279	2.21828e-14
0.28	2.21828e-14
0.281	2.21828e-14
0.282	2.21828e-14
0.283	2.21828e-14
0.284	2.21828e-14
0.285	2.21828e-14
0.286	2.21828e-14
0.287	2.21828e-14
0.288	2.21828e-14
0.289	2.21828e-14
0.29	2.21828e-14
0.291	2.21828e-14
0.292	2.21828e-14
0.293	2.21828e-14
0.294	2.21828e-14
0.295	2.21828e-14
0.296	2.21828e-14
0.297	2.21828e-14
0.298	2.21828e-14
0.299	2.21828e-14
0.3	2.21828e-14
0.301	2.21828e-14
0.302	2.21828e-14
0.303	2.21828e-14
0.304	2.21828e-14
0.305	2.21828e-14
0.306	2.21828e-14
0.307	2.21828e-14
0.308	2.21828e-14
0.309	2.21828e-14
0.31	2.21828e-14
0.311	2.21828e-14
0.312	2.21828e-14
0.313	2.21828e-14
0.314	2.21828e-14
0.315	2.21828e-14
0.316	2.21828e-14
0.317	2.21828e-14
0.318	2.21828e-14
0.319	2.21828e-14
0.32	2.21828e-14
0.321	2.21828e-14
0.322	2.21828e-14
0.323	2.21828e-14
0.324	2.21828e-14
0.325	2.21828e-14
0.326	2.21828e-14
0.327	2.21828e-14
0.328	2.21828e-14
0.329	2.21828e-14
0.33	2.21828e-14
0.331	2.21828e-14
0.332	2.21828e-14
0.333	2.21828e-14
0.334	2.21828e-14
0.335	2.21828e-14
0.336	2.21828e-14
0.337	2.21828e-14
0.338	2.21828e-14
0.339	2.21828e-14
0.34	2.21828e-14
0.341	2.21828e-14
0.342	2.21828e-14
0.343	2.21828e-14
0.344	2.21828e-14
0.345	2.21828e-14
0.346	2.21828e-14
0.347	2.21828e-14
0.348	2.21828e-14
0.349	2.21828e-14
0.35	2.21828e-14
0.351	2.21828e-14
0.352	2.21828e-14
0.353	2.21828e-14
0.354	2.21828e-14
0.355	2.21828e-14
0.356	2.21828e-14
0.357	2.21828e-14
0.358	2.21828e-14
0.359	2.21828e-14
0.36	2.21828e-14
0.361	2.21828e-14
0.362	2.21828e-14
0.363	2.21828e-14
0.364	2.21828e-14
0.365	2.21828e-14
0.366	2.21828e-14
0.367	2.21828e-14
0.368	2.21828e-14
0.369	2.21828e-14
0.37	2.21828e-14
0.371	2.21828e-14
0.372	2.21828e-14
0.373	2.21828e-14
0.374	2.21828e-14
0.375	2.21828e-14
0.376	2.21828e-14
0.377	2.21828e-14
0.378	2.21828e-14
0.379	2.21828e-14
0.38	2.21828e-14
0.381	2.21828e-14
0.382	2.21828e-14
0.383	2.21828e-14
0.384	2.21828e-14
0.385	2.21828e-14
0.386	2.21828e-14
0.387	2.21828e-14
0.388	2.21828e-14
0.389	2.21828e-14
0.39	2.21828e-14
0.391	2.21828e-14
0.392	2.21828e-14
0.393	2.21828e-14
0.394	2.21828e-14
0.395	2.21828e-14
0.396	2.21828e-14
0.397	2.21828e-14
0.398	2.21828e-14
0.399	2.21828e-14
0.4	2.21828e-14
0.401	2.21828e-14
0.402	2.21828e-14
0.403	2.21828e-14
0.404	2.21828e-14
0.405	2.21828e-14
0.406	2.21828e-14
0.407	2.21828e-14
0.408	2.21828e-14
0.409	2.21828e-14
0.41	2.21828e-14
0.411	2.21828e-14
0.412	2.21828e-14
0.413	2.21828e-14
0.414	2.21828e-14
0.415	2.21828e-14
0.416	2.21828e-14
0.417	2.21828e-14
0.418	2.21828e-14
0.419	2.21828e-14
0.42	2.21828e-14
0.421	2.21828e-14
0.422	2.21828e-14
0.423	2.21828e-14
0.424	2.21828e-14
0.425	2.21828e-14
0.426	2.21828e-14
0.427	2.21828e-14
0.428	2.21828e-14
0.429	2.21828e-14
0.43	2.21828e-14
0.431	2.21828e-14
0.432	2.21828e-14
0.433	2.21828e-14
0.434	2.21828e-14
0.435	2.21828e-14
0.436	2.21828e-14
0.437	2.21828e-14
0.438	2.21828e-14
0.439	2.21828e-14
0.44	2.21828e-14
0.441	2.21828e-14
0.442	2.21828e-14
0.443	2.21828e-14
0.444	2.21828e-14
0.445	2.21828e-14
0.446	2.21828e-14
0.447	2.21828e-14
0.448	2.21828e-14
0.449	2.21828e-14
0.45	2.21828e-14
0.451	2.21828e-14
0.452	2.21828e-14
0.453	2.21828e-14
0.454	2.21828e-14
0.455	2.21828e-14
0.456	2.21828e-14
0.457	2.21828e-14
0.458	2.21828e-14
0.459	2.21828e-14
0.46	2.21828e-14
0.461	2.21828e-14
0.462	2.21828e-14
0.463	2.21828e-14
0.464	2.21828e-14
0.465	2.21828e-14
0.466	2.21828e-14
0.467	2.21828e-14
0.468	2.21828e-14
0.469	2.21828e-14
0.47	2.21828e-14
0.471	2.21828e-14
0.472	2.21828e-14
0.473	2.21828e-14
0.474	2.21828e-14
0.475	2.21828e-14
0.476	2.21828e-14
0.477	2.21828e-14
0.478	2.21828e-14
0.479	2.21828e-14
0.48	2.21828e-14
0.481	2.21828e-14
0.482	2.21828e-14
0.483	2.21828e-14
0.484	2.21828e-14
0.485	2.21828e-14
0.486	2.21828e-14
0.487	2.21828e-14
0.488	2.21828e-14
0.489	2.21828e-14
0.49	2.21828e-14
0.491	2.21828e-14
0.492	2.21828e-14
0.493	2.21828e-14
0.494	2.21828e-14
0.495	2.21828e-14
0.496	2.21828e-14
0.497	2.21828e-14
0.498	2.21828e-14
0.499	2.21828e-14
0.5	-1.15633e-06
0.501	-1.14119e-06
0.502	-1.12606e-06
0.503	-1.11092e-06
0.504	-1.09578e-06
0.505	-1.08065e-06
0.506	-1.06551e-06
0.507	-1.05037e-06
0.508	-1.03523e-06
0.509	-1.0201e-06
0.51	-1.00496e-06
0.511	-9.8982e-07
0.512	-9.74683e-07
0.513	-9.59546e-07
0.514	-9.44408e-07
0.515	-9.29271e-07
0.516	-9.14133e-07
0.517	-8.98996e-07
0.518	-8.83858e-07
0.519	-8.68721e-07
0.52	-8.53583e-07
0.521	-8.38446e-07
0.522	-8.23309e-07
0.523	-8.08171e-07
0.524	-7.93034e-07
0.525	-7.77896e-07
0.526	-7.62759e-07
0.527	-7.47621e-07
0.528	-7.32484e-07
0.529	-7.17347e-07
0.53	-7.02209e-07
0.531	-6.87072e-07
0.532	-6.71934e-07
0.533	-6.56797e-07
0.534	-6.41659e-07
0.535	-6.26522e-07
0.536	-6.11384e-07
0.537	-5.96247e-07
0.538	-5.8111e-07
0.539	-5.65972e-07
0.54	-5.50835e-07
0.541	-5.35697e-07
0.542	-5.2056e-07
0.543	-5.05422e-07
0.544	-4.90285e-07
0.545	-4.75148e-07
0.546	-4.6001e-07
0.547	-4.44873e-07
0.548	-4.29735e-07
0.549	-4.14598e-07
0.55	-3.9946e-07
0.551	-3.84323e-07
0.552	-3.69185e-07
0.553	-3.54048e-07
0.554	-3.38911e-07
0.555	-3.23773e-07
0.556	-3.08636e-07
0.557	-2.93498e-07
0.558	-2.78361e-07
0.559	-2.63223e-07
0.56	-2.48086e-07
0.561	-2.32948e-07
0.562	-2.17811e-07
0.563	-2.02674e-07
0.564	-1.87536e-07
0.565	-1.72399e-07
0.566	-1.57261e-07
0.567	-1.42124e-07
0.568	-1.26986e-07
0.569	-1.11849e-07
0.57	-9.67115e-08
0.571	-8.15741e-08
0.572	-6.64366e-08
0.573	-5.12992e-08
0.574	-3.61618e-08
0.575	-2.10243e-08
0.576	-5.88688e-09
0.577	9.25056e-09
0.578	2.4388e-08
0.579	3.95254e-08
0.58	5.46629e-08
0.581	6.98003e-08
0.582	8.49378e-08
0.583	1.00075e-07
0.584	1.15213e-07
0.585	1.3035e-07
0.586	1.45488e-07
0.587	1.60625e-07
0.588	1.75762e-07
0.589	1.909e-07
0.59	2.06037e-07
0.591	2.21175e-07
0.592	2.36312e-07
0.593	2.5145e-07
0.594	2.66587e-07
0.595	2.81724e-07
0.596	2.96862e-07
0.597	3.11999e-07
0.598	3.27137e-07
0.599	3.42274e-07
0.6	3.57412e-07
0.601	3.72549e-07
0.602	3.87687e-07
0.603	4.02824e-07
0.604	4.17961e-07
0.605	4.33099e-07
0.606	4.48236e-07
0.607	4.63374e-07
0.608	4.78511e-07
0.609	4.93649e-07
0.61	5.08786e-07
0.611	5.23923e-07
0.612	5.39061e-07
0.613	5.54198e-07
0.614	5.69336e-07
0.615	5.84473e-07
0.616	5.99611e-07
0.617	6.14748e-07
0.618	6.29886e-07
0.619	6.45023e-07
0.62	6.6016e-07
0.621	6.75298e-07
0.622	6.90435e-07
0.623	7.05573e-07
0.624	7.2071e-07
0.625	7.35848e-07
0.626	7.50985e-07
0.627	7.66123e-07
0.628	7.8126e-07
0.629	7.96397e-07
0.63	8.11535e-07
0.631	8.26672e-07
0.632	8.4181e-07
0.633	8.56947e-07
0.634	8.72085e-07
0.635	8.87222e-07
0.636	9.02359e-07
0.637	9.17497e-07
0.638	9.32634e-07
0.639	9.47772e-07
0.64	9.62909e-07
0.641	9.78047e-07
0.642	9.93184e-07
0.643	1.00832e-06
0.644	1.02346e-06
0.645	1.0386e-06
0.646	1.05373e-06
0.647	1.06887e-06
0.648	1.08401e-06
0.649	1.09915e-06
0.65	1.11428e-06
0.651	1.12942e-06
0.652	1.14456e-06
0.653	1.1597e-06
0.654	1.17483e-06
0.655	1.18997e-06
0.656	1.20511e-06
0.657	1.22025e-06
0.658	1.23538e-06
0.659	1.25052e-06
0.66	1.26566e-06
0.661	1.2808e-06
0.662	1.29593e-06
0.663	1.31107e-06
0.664	1.32621e-06
0.665	1.34135e-06
0.666	1.35648e-06
0.667	1.37162e-06
0.668	1.38676e-06
0.669	1.40189e-06
0.67	1.41703e-06
0.671	1.43217e-06
0.672	1.44731e-06
0.673	1.46244e-06
0.674	1.47758e-06
0.675	1.49272e-06
0.676	1.50786e-06
0.677	1.52299e-06
0.678	1.53813e-06
0.679	1.55327e-06
0.68	1.56841e-06
0.681	1.58354e-06
0.682	1.59868e-06
0.683	1.61382e-06
0.684	1.62896e-06
0.685	1.64409e-06
0.686	1.65923e-06
0.687	1.67437e-06
0.688	1.68951e-06
0.689	1.70464e-06
0.69	1.71978e-06
0.691	1.73492e-06
0.692	1.75006e-06
0.693	1.76519e-06
0.694	1.78033e-06
0.695	1.79547e-06
0.696	1.81061e-06
0.697	1.82574e-06
0.698	1.84088e-06
0.699	1.85602e-06
0.7	1.87116e-06
0.701	1.88629e-06
0.702	1.90143e-06
0.703	1.91657e-06
0.704	1.93171e-06
0.705	1.94684e-06
0.706	1.96198e-06
0.707	1.97712e-06
0.708	1.99226e-06
0.709	2.00739e-06
0.71	2.02253e-06
0.711	2.03767e-06
0.712	2.0528e-06
0.713	2.06794e-06
0.714	2.08308e-06
0.715	2.09822e-06
0.716	2.11335e-06
0.717	2.12849e-06
0.718	2.14363e-06
0.719	2.15877e-06
0.72	2.1739e-06
0.721	2.18904e-06
0.722	2.20418e-06
0.723	2.21932e-06
0.724	2.23445e-06
0.725	2.24959e-06
0.726	2.26473e-06
0.727	2.27987e-06
0.728	2.295e-06
0.729	2.31014e-06
0.73	2.32528e-06
0.731	2.34042e-06
0.732	2.35555e-06
0.733	2.37069e-06
0.734	2.38583e-06
0.735	2.40097e-06
0.736	2.4161e-06
0.737	2.43124e-06
0.738	2.44638e-06
0.739	2.46152e-06
0.74	2.47665e-06
0.741	2.49179e-06
0.742	2.50693e-06
0.743	2.52207e-06
0.744	2.5372e-06
0.745	2.55234e-06
0.746	2.56748e-06
0.747	2.58262e-06
0.748	2.59775e-06
0.749	2.61289e-06
0.75	6.71275e-06
0.751	9.01594e-06
0.752	1.08462e-05
0.753	1.2301e-05
0.754	1.34645e-05
0.755	1.44092e-05
0.756	1.51969e-05
0.757	1.588e-05
0.758	1.65028e-05
0.759	1.71023e-05
0.76	1.77089e-05
0.761	1.83477e-05
0.762	1.90388e-05
0.763	1.97983e-05
0.764	2.06388e-05
0.765	2.15697e-05
0.766	2.25982e-05
0.767	2.37294e-05
0.768	2.49667e-05
0.769	2.63123e-05
0.77	2.77674e-05
0.771	2.93325e-05
0.772	3.10078e-05
0.773	3.27931e-05
0.774	3.46882e-05
0.775	3.6693e-05
0.776	3.88077e-05
0.777	4.10328e-05
0.778	4.33692e-05
0.779	4.58184e-05
0.78	4.83826e-05
0.781	5.10643e-05
0.782	5.38671e-05
0.783	5.67949e-05
0.784	5.98526e-05
0.785	6.30456e-05
0.786	6.63804e-05
0.787	6.98639e-05
0.788	7.35039e-05
0.789	7.73089e-05
0.79	8.12881e-05
0.791	8.54514e-05
0.792	8.98095e-05
0.793	9.43738e-05
0.794	9.91563e-05
0.795	0.00010417
0.796	0.000109427
0.797	0.000114943
0.798	0.000120733
0.799	0.00012681
0.8	0.000133192
0.801	0.000139896
0.802	0.000146938
0.803	0.000154337
0.804	0.000162112
0.805	0.000170282
0.806	0.000178867
0.807	0.000187889
0.808	0.000197369
0.809	0.00020733
0.81	0.000217796
0.811	0.000228792
0.812	0.000240342
0.813	0.000252473
0.814	0.000265213
0.815	0.000278591
0.816	0.000292636
0.817	0.00030738
0.818	0.000322856
0.819	0.000339096
0.82	0.000356136
0.821	0.000374014
0.822	0.000392768
0.823	0.000412438
0.824	0.000433066
0.825	0.000454696
0.826	0.000477375
0.827	0.00050115
0.828	0.000526072
0.829	0.000552194
0.83	0.000579571
0.831	0.00060826
0.832	0.000638322
0.833	0.00066982
0.834	0.000702822
0.835	0.000737394
0.836	0.000773612
0.837	0.00081155
0.838	0.000851288
0.839	0.000892909
0.84	0.0009365
0.841	0.000982152
0.842	0.00102996
0.843	0.00108003
0.844	0.00113245
0.845	0.00118735
0.846	0.00124483
0.847	0.00130501
0.848	0.00136802
0.849	0.00143399
0.85	0.00150305
0.851	0.00157535
0.852	0.00165104
0.853	0.00173026
0.854	0.00181319
0.855	0.00189999
0.856	0.00199084
0.857	0.00208593
0.858	0.00218544
0.859	0.00228958
0.86	0.00239856
0.861	0.0025126
0.862	0.00263192
0.863	0.00275678
0.864	0.00288741
0.865	0.00302408
0.866	0.00316707
0.867	0.00331664
0.868	0.00347311
0.869	0.00363677
0.87	0.00380796
0.871	0.003987
0.872	0.00417425
0.873	0.00437008
0.874	0.00457486
0.875	0.004789
0.876	0.0050129
0.877	0.00524701
0.878	0.00549178
0.879	0.00574766
0.88	0.00601517
0.881	0.0062948
0.882	0.0065871
0.883	0.00689262
0.884	0.00721194
0.885	0.00754567
0.886	0.00789443
0.887	0.0082589
0.888	0.00863974
0.889	0.00903769
0.89	0.00945348
0.891	0.00988789
0.892	0.0103417
0.893	0.0108159
0.894	0.0113112
0.895	0.0118285
0.896	0.0123689
0.897	0.0129334
0.898	0.0135229
0.899	0.0141386
0.9	0.0147815
0.901	0.015453
0.902	0.0161541
0.903	0.0168862
0.904	0.0176505
0.905	0.0184486
0.906	0.0192818
0.907	0.0201517
0.908	0.0210597
0.909	0.0220076
0.91	0.0229971
0.911	0.0240298
0.912	0.0251077
0.913	0.0262328
0.914	0.0274069
0.915	0.0286321
0.916	0.0299108
0.917	0.031245
0.918	0.0326372
0.919	0.0340898
0.92	0.0356054
0.921	0.0371866
0.922	0.0388362
0.923	0.0405571
0.924	0.0423523
0.925	0.0442249
0.926	0.0461781
0.927	0.0482153
0.928	0.0503401
0.929	0.0525561
0.93	0.0548671
0.931	0.0572771
0.932	0.0597902
0.933	0.0624107
0.934	0.0651431
0.935	0.0679921
0.936	0.0709623
0.937	0.074059
0.938	0.0772873
0.939	0.0806526
0.94	0.0841607
0.941	0.0878174
0.942	0.0916289
0.943	0.0956014
0.944	0.0997417
0.945	0.104057
0.946	0.108553
0.947	0.11324
0.948	0.118123
0.949	0.123211
0.95	0.128512
0.951	0.134036
0.952	0.139791
0.953	0.145787
0.954	0.152033
0.955	0.158539
0.956	0.165317
0.957	0.172377
0.958	0.179731
0.959	0.18739
0.96	0.195367
0.961	0.203675
0.962	0.212327
0.963	0.221337
0.964	0.230719
0.965	0.240489
0.966	0.250661
0.967	0.261252
0.968	0.27228
0.969	0.28376
0.97	0.295713
0.971	0.308155
0.972	0.321108
0.973	0.33459
0.974	0.348624
0.975	0.363232
0.976	0.378435
0.977	0.394259
0.978	0.410727
0.979	0.427865
0.98	0.445699
0.981	0.464258
0.982	0.483569
0.983	0.503662
0.984	0.524569
0.985	0.546322
0.986	0.568953
0.987	0.592496
0.988	0.616989
0.989	0.642469
0.99	0.668972
0.991	0.696541
0.992	0.725217
0.993	0.755042
0.994	0.786061
0.995	0.818322
0.996	0.851872
0.997	0.886761
0.998	0.923042
0.999	0.960768
