# Interpolation data for function: x^40
0	2.21828e-14
0.001	2.21828e-14
0.002	2.21828e-14
0.003	2.21828e-14
0.004	2.21828e-14
0.005	2.21828e-14
0.006	2.21828e-14
0.007	2.21828e-14
0.008	2.21828e-14
0.009	2.21828e-14
0.01	2.21828e-14
0.011	2.21828e-14
0.012	2.21828e-14
0.013	2.21828e-14
0.014	2.21828e-14
0.015	2.21828e-14
0.016	2.21828e-14
0.017	2.21828e-14
0.018	2.21828e-14
0.019	2.21828e-14
0.02	2.21828e-14
0.021	2.21828e-14
0.022	2.21828e-14
0.023	2.21828e-14
0.024	2.21828e-14
0.025	2.21828e-14
0.026	2.21828e-14
0.027	2.21828e-14
0.028	2.21828e-14
0.029	2.21828e-14
0.03	2.21828e-14
0.031	2.21828e-14
0.032	2.21828e-14
0.033	2.21828e-14
0.034	2.21828e-14
0.035	2.21828e-14
0.036	2.21828e-14
0.037	2.21828e-14
0.038	2.21828e-14
0.039	2.21828e-14
0.04	2.21828e-14
0.041	2.21828e-14
0.042	2.21828e-14
0.043	2.21828e-14
0.044	2.21828e-14
0.045	2.21828e-14
0.046	2.21828e-14
0.047	2.21828e-14
0.048	2.21828e-14
0.049	2.21828e-14
0.05	2.21828e-14
0.051	2.21828e-14
0.052	2.21828e-14
0.053	2.21828e-14
0.054	2.21828e-14
0.055	2.21828e-14
0.056	2.21828e-14
0.057	2.21828e-14
0.058	2.21828e-14
0.059	2.21828e-14
0.06	2.21828e-14
0.061	2.21828e-14
0.062	2.21828e-14
0.063	2.21828e-14
0.064	2.21828e-14
0.065	2.21828e-14
0.066	2.21828e-14
0.067	2.21828e-14
0.068	2.21828e-14
0.069	2.21828e-14
0.07	2.21828e-14
0.071	2.21828e-14
0.072	2.21828e-14
0.073	2.21828e-14
0.074	2.21828e-14
0.075	2.21828e-14
0.076	2.21828e-14
0.077	2.21828e-14
0.078	2.21828e-14
0.079	2.21828e-14
0.08	2.21828e-14
0.081	2.21828e-14
0.082	2.21828e-14
0.083	2.21828e-14
0.084	2.21828e-14
0.085	2.21828e-14
0.086	2.21828e-14
0.087	2.21828e-14
0.088	2.21828e-14
0.089	2.21828e-14
0.09	2.21828e-14
0.091	2.21828e-14
0.092	2.21828e-14
0.093	2.21828e-14
0.094	2.21828e-14
0.095	2.21828e-14
0.096	2.21828e-14
0.097	2.21828e-14
0.098	2.21828e-14
0.099	2.21828e-14
0.1	2.21828e-14
0.101	2.21828e-14
0.102	2.21828e-14
0.103	2.21828e-14
0.104	2.21828e-14
0.105	2.21828e-14
0.106	2.21828e-14
0.107	2.21828e-14
0.108	2.21828e-14
0.109	2.21828e-14
0.11	2.21828e-14
0.111	2.21828e-14
0.112	2.21828e-14
0.113	2.21828e-14
0.114	2.21828e-14
0.115	2.21828e-14
0.116	2.21828e-14
0.117	2.21828e-14
0.118	2.21828e-14
0.119	2.21828e-14
0.12	2.21828e-14
0.121	2.21828e-14
0.122	2.21828e-14
0.123	2.21828e-14
0.124	2.21828e-14
0.125	2.21828e-14
0.126	2.21828e-14
0.127	2.21828e-14
0.128	2.21828e-14
0.129	2.21828e-14
0.13	2.21828e-14
0.131	2.21828e-14
0.132	2.21828e-14
0.133	2.21828e-14
0.134	2.21828e-14
0.135	2.21828e-14
0.136	2.21828e-14
0.137	2.21828e-14
0.138	2.21828e-14
0.139	2.21828e-14
0.14	2.21828e-14
0.141	2.21828e-14
0.142	2.21828e-14
0.143	2.21828e-14
0.144	2.21828e-14
0.145	2.21828e-14
0.146	2.21828e-14
0.147	2.21828e-14
0.148	2.21828e-14
0.149	2.21828e-14
0.15	2.21828e-14
0.151	2.21828e-14
0.152	2.21828e-14
0.153	2.21828e-14
0.154	2.21828e-14
0.155	2.21828e-14
0.156	2.21828e-14
0.157	2.21828e-14
0.158	2.21828e-14
0.159	2.21828e-14
0.16	2.21828e-14
0.161	2.21828e-14
0.162	2.21828e-14
0.163	2.21828e-14
0.164	2.21828e-14
0.165	2.21828e-14
0.166	2.21828e-14
0.167	2.21828e-14
0.168	2.21828e-14
0.169	2.21828e-14
0.17	2.21828e-14
0.171	2.21828e-14
0.172	2.21828e-14
0.173	2.21828e-14
0.174	2.21828e-14
0.175	2.21828e-14
0.176	2.21828e-14
0.177	2.21828e-14
0.178	2.21828e-14
0.179	2.21828e-14
0.18	2.21828e-14
0.181	2.21828e-14
0.182	2.21828e-14
0.183	2.21828e-14
0.184	2.21828e-14
0.185	2.21828e-14
0.186	2.21828e-14
0.187	2.21828e-14
0.188	2.21828e-14
0.189	2.21828e-14
0.19	2.21828e-14
0.191	2.21828e-14
0.192	2.21828e-14
0.193	2.21828e-14
0.194	2.21828e-14
0.195	2.21828e-14
0.196	2.21828e-14
0.197	2.21828e-14
0.198	2.21828e-14
0.199	2.21828e-14
0.2	2.21828e-14
0.201	2.21828e-14
0.202	2.21828e-14
0.203	2.21828e-14
0.204	2.21828e-14
0.205	2.21828e-14
0.206	2.21828e-14
0.207	2.21828e-14
0.208	2.21828e-14
0.209	2.21828e-14
0.21	2.21828e-14
0.211	2.21828e-14
0.212	2.21828e-14
0.213	2.21828e-14
0.214	2.21828e-14
0.215	2.21828e-14
0.216	2.21828e-14
0.217	2.21828e-14
0.218	2.21828e-14
0.219	2.21828e-14
0.22	2.21828e-14
0.221	2.21828e-14
0.222	2.21828e-14
0.223	2.21828e-14
0.224	2.21828e-14
0.225	2.21828e-14
0.226	2.21828e-14
0.227	2.21828e-14
0.228	2.21828e-14
0.229	2.21828e-14
0.23	2.21828e-14
0.231	2.21828e-14
0.232	2.21828e-14
0.233	2.21828e-14
0.234	2.21828e-14
0.235	2.21828e-14
0.236	2.21828e-14
0.237	2.21828e-14
0.238	2.21828e-14
0.239	2.21828e-14
0.24	2.21828e-14
0.241	2.21828e-14
0.242	2.21828e-14
0.243	2.21828e-14
0.244	2.21828e-14
0.245	2.21828e-14
0.246	2.21828e-14
0.247	2.21828e-14
0.248	2.21828e-14
0.249	2.21828e-14
0.25	2.21828e-14
0.251	2.21828e-14
0.252	2.21828e-14
0.253	2.21828e-14
0.254	2.21828e-14
0.255	2.21828e-14
0.256	2.21828e-14
0.257	2.21828e-14
0.258	2.21828e-14
0.259	2.21828e-14
0.26	2.21828e-14
0.261	2.21828e-14
0.262	2.21828e-14
0.263	2.21828e-14
0.264	2.21828e-14
0.265	2.21828e-14
0.266	2.21828e-14
0.267	2.21828e-14
0.268	2.21828e-14
0.269	2.21828e-14
0.27	2.21828e-14
0.271	2.21828e-14
0.272	2.21828e-14
0.273	2.21828e-14
0.274	2.21828e-14
0.275	2.21828e-14
0.276	2.21828e-14
0.277	2.21828e-14
0.278	2.21828e-14
0.279	2.21828e-14
0.28	2.21828e-14
0.281	2.21828e-14
0.282	2.21828e-14
0.283	2.21828e-14
0.284	2.21828e-14
0.285	2.21828e-14
0.286	2.21828e-14
0.287	2.21828e-14
0.288	2.21828e-14
0.289	2.21828e-14
0.29	2.21828e-14
0.291	2.21828e-14
0.292	2.21828e-14
0.293	2.21828e-14
0.294	2.21828e-14
0.295	2.21828e-14
0.296	2.21828e-14
0.297	2.21828e-14
0.298	2.21828e-14
0.299	2.21828e-14
0.3	2.21828e-14
0.301	2.21828e-14
0.302	2.21828e-14
0.303	2.21828e-14
0.304	2.21828e-14
0.305	2.21828e-14
0.306	2.21828e-14
0.307	2.21828e-14
0.308	2.21828e-14
0.309	2.21828e-14
0.31	2.21828e-14
0.311	2.21828e-14
0.312	2.21828e-14
0.313	2.21828e-14
0.314	2.21828e-14
0.315	2.21828e-14
0.316	2.21828e-14
0.317	2.21828e-14
0.318	2.21828e-14
0.319	2.21828e-14
0.32	2.21828e-14
0.321	2.21828e-14
0.322	2.21828e-14
0.323	2.21828e-14
0.324	2.21828e-14
0.325	2.21828e-14
0.326	2.21828e-14
0.327	2.21828e-14
0.328	2.21828e-14
0.329	2.21828e-14
0.33	2.21828e-14
0.331	2.21828e-14
0.332	2.21828e-14
0.333	2.21828e-14
0.334	2.21828e-14
0.335	2.21828e-14
0.336	2.21828e-14
0.337	2.21828e-14
0.338	2.21828e-14
0.339	2.21828e-14
0.34	2.21828e-14
0.341	2.21828e-14
0.342	2.21828e-14
0.343	2.21828e-14
0.344	2.21828e-14
0.345	2.21828e-14
0.346	2.21828e-14
0.347	2.21828e-14
0.348	2.21828e-14
0.349	2.21828e-14
0.35	2.21828e-14
0.351	2.21828e-14
0.352	2.21828e-14
0.353	2.21828e-14
0.354	2.21828e-14
0.355	2.21828e-14
0.356	2.21828e-14
0.357	2.21828e-14
0.358	2.21828e-14
0.359	2.21828e-14
0.36	2.21828e-14
0.361	2.21828e-14
0.362	2.21828e-14
0.363	2.21828e-14
0.364	2.21828e-14
0.365	2.21828e-14
0.366	2.21828e-14
0.367	2.21828e-14
0.368	2.21828e-14
0.369	2.21828e-14
0.37	2.21828e-14
0.371	2.21828e-14
0.372	2.21828e-14
0.373	2.21828e-14
0.374	2.21828e-14
0.375	2.21828e-14
0.376	2.21828e-14
0.377	2.21828e-14
0.378	2.21828e-14
0.379	2.21828e-14
0.38	2.21828e-14
0.381	2.21828e-14
0.382	2.21828e-14
0.383	2.21828e-14
0.384	2.21828e-14
0.385	2.21828e-14
0.386	2.21828e-14
0.387	2.21828e-14
0.388	2.21828e-14
0.389	2.21828e-14
0.39	2.21828e-14
0.391	2.21828e-14
0.392	2.21828e-14
0.393	2.21828e-14
0.394	2.21828e-14
0.395	2.21828e-14
0.396	2.21828e-14
0.397	2.21828e-14
0.398	2.21828e-14
0.399	2.21828e-14
0.4	2.21828e-14
0.401	2.21828e-14
0.402	2.21828e-14
0.403	2.21828e-14
0.404	2.21828e-14
0.405	2.21828e-14
0.406	2.21828e-14
0.407	2.21828e-14
0.408	2.21828e-14
0.409	2.21828e-14
0.41	2.21828e-14
0.411	2.21828e-14
0.412	2.21828e-14
0.413	2.21828e-14
0.414	2.21828e-14
0.415	2.21828e-14
0.416	2.21828e-14
0.417	2.21828e-14
0.418	2.21828e-14
0.419	2.21828e-14
0.42	2.21828e-14
0.421	2.21828e-14
0.422	2.21828e-14
0.423	2.21828e-14
0.424	2.21828e-14
0.425	2.21828e-14
0.426	2.21828e-14
0.427	2.21828e-14
0.428	2.21828e-14
0.429	2.21828e-14
0.43	2.21828e-14
0.431	2.21828e-14
0.432	2.21828e-14
0.433	2.21828e-14
0.434	2.21828e-14
0.435	2.21828e-14
0.436	2.21828e-14
0.437	2.21828e-14
0.438	2.21828e-14
0.439	2.21828e-14
0.44	2.21828e-14
0.441	2.21828e-14
0.442	2.21828e-14
0.443	2.21828e-14
0.444	2.21828e-14
0.445	2.21828e-14
0.446	2.21828e-14
0.447	2.21828e-14
0.448	2.21828e-14
0.449	2.21828e-14
0.45	2.21828e-14
0.451	2.21828e-14
0.452	2.21828e-14
0.453	2.21828e-14
0.454	2.21828e-14
0.455	2.21828e-14
0.456	2.21828e-14
0.457	2.21828e-14
0.458	2.21828e-14
0.459	2.21828e-14
0.46	2.21828e-14
0.461	2.21828e-14
0.462	2.21828e-14
0.463	2.21828e-14
0.464	2.21828e-14
0.465	2.21828e-14
0.466	2.21828e-14
0.467	2.21828e-14
0.468	2.21828e-14
0.469	2.21828e-14
0.47	2.21828e-14
0.471	2.21828e-14
0.472	2.21828e-14
0.473	2.21828e-14
0.474	2.21828e-14
0.475	2.21828e-14
0.476	2.21828e-14
0.477	2.21828e-14
0.478	2.21828e-14
0.479	2.21828e-14
0.48	2.21828e-14
0.481	2.21828e-14
0.482	2.21828e-14
0.483	2.21828e-14
0.484	2.21828e-14
0.485	2.21828e-14
0.486	2.21828e-14
0.487	2.21828e-14
0.488	2.21828e-14
0.489	2.21828e-14
0.49	2.21828e-14
0.491	2.21828e-14
0.492	2.21828e-14
0.493	2.21828e-14
0.494	2.21828e-14
0.495	2.21828e-14
0.496	2.21828e-14
0.497	2.21828e-14
0.498	2.21828e-14
0.499	2.21828e-14
0.5	7.35848e-07
0.501	7.35848e-07
0.502	7.35848e-07
0.503	7.35848e-07
0.504	7.35848e-07
0.505	7.35848e-07
0.506	7.35848e-07
0.507	7.35848e-07
0.508	7.35848e-07
0.509	7.35848e-07
0.51	7.35848e-07
0.511	7.35848e-07
0.512	7.35848e-07
0.513	7.35848e-07
0.514	7.35848e-07
0.515	7.35848e-07
0.516	7.35848e-07
0.517	7.35848e-07
0.518	7.35848e-07
0.519	7.35848e-07
0.52	7.35848e-07
0.521	7.35848e-07
0.522	7.35848e-07
0.523	7.35848e-07
0.524	7.35848e-07
0.525	7.35848e-07
0.526	7.35848e-07
0.527	7.35848e-07
0.528	7.35848e-07
0.529	7.35848e-07
0.53	7.35848e-07
0.531	7.35848e-07
0.532	7.35848e-07
0.533	7.35848e-07
0.534	7.35848e-07
0.535	7.35848e-07
0.536	7.35848e-07
0.537	7.35848e-07
0.538	7.35848e-07
0.539	7.35848e-07
0.54	7.35848e-07
0.541	7.35848e-07
0.542	7.35848e-07
0.543	7.35848e-07
0.544	7.35848e-07
0.545	7.35848e-07
0.546	7.35848e-07
0.547	7.35848e-07
0.548	7.35848e-07
0.549	7.35848e-07
0.55	7.35848e-07
0.551	7.35848e-07
0.552	7.35848e-07
0.553	7.35848e-07
0.554	7.35848e-07
0.555	7.35848e-07
0.556	7.35848e-07
0.557	7.35848e-07
0.558	7.35848e-07
0.559	7.35848e-07
0.56	7.35848e-07
0.561	7.35848e-07
0.562	7.35848e-07
0.563	7.35848e-07
0.564	7.35848e-07
0.565	7.35848e-07
0.566	7.35848e-07
0.567	7.35848e-07
0.568	7.35848e-07
0.569	7.35848e-07
0.57	7.35848e-07
0.571	7.35848e-07
0.572	7.35848e-07
0.573	7.35848e-07
0.574	7.35848e-07
0.575	7.35848e-07
0.576	7.35848e-07
0.577	7.35848e-07
0.578	7.35848e-07
0.579	7.35848e-07
0.58	7.35848e-07
0.581	7.35848e-07
0.582	7.35848e-07
0.583	7.35848e-07
0.584	7.35848e-07
0.585	7.35848e-07
0.586	7.35848e-07
0.587	7.35848e-07
0.588	7.35848e-07
0.589	7.35848e-07
0.59	7.35848e-07
0.591	7.35848e-07
0.592	7.35848e-07
0.593	7.35848e-07
0.594	7.35848e-07
0.595	7.35848e-07
0.596	7.35848e-07
0.597	7.35848e-07
0.598	7.35848e-07
0.599	7.35848e-07
0.6	7.35848e-07
0.601	7.35848e-07
0.602	7.35848e-07
0.603	7.35848e-07
0.604	7.35848e-07
0.605	7.35848e-07
0.606	7.35848e-07
0.607	7.35848e-07
0.608	7.35848e-07
0.609	7.35848e-07
0.61	7.35848e-07
0.611	7.35848e-07
0.612	7.35848e-07
0.613	7.35848e-07
0.614	7.35848e-07
0.615	7.35848e-07
0.616	7.35848e-07
0.617	7.35848e-07
0.618	7.35848e-07
0.619	7.35848e-07
0.62	7.35848e-07
0.621	7.35848e-07
0.622	7.35848e-07
0.623	7.35848e-07
0.624	7.35848e-07
0.625	7.35848e-07
0.626	7.35848e-07
0.627	7.35848e-07
0.628	7.35848e-07
0.629	7.35848e-07
0.63	7.35848e-07
0.631	7.35848e-07
0.632	7.35848e-07
0.633	7.35848e-07
0.634	7.35848e-07
0.635	7.35848e-07
0.636	7.35848e-07
0.637	7.35848e-07
0.638	7.35848e-07
0.639	7.35848e-07
0.64	7.35848e-07
0.641	7.35848e-07
0.642	7.35848e-07
0.643	7.35848e-07
0.644	7.35848e-07
0.645	7.35848e-07
0.646	7.35848e-07
0.647	7.35848e-07
0.648	7.35848e-07
0.649	7.35848e-07
0.65	7.35848e-07
0.651	7.35848e-07
0.652	7.35848e-07
0.653	7.35848e-07
0.654	7.35848e-07
0.655	7.35848e-07
0.656	7.35848e-07
0.657	7.35848e-07
0.658	7.35848e-07
0.659	7.35848e-07
0.66	7.35848e-07
0.661	7.35848e-07
0.662	7.35848e-07
0.663	7.35848e-07
0.664	7.35848e-07
0.665	7.35848e-07
0.666	7.35848e-07
0.667	7.35848e-07
0.668	7.35848e-07
0.669	7.35848e-07
0.67	7.35848e-07
0.671	7.35848e-07
0.672	7.35848e-07
0.673	7.35848e-07
0.674	7.35848e-07
0.675	7.35848e-07
0.676	7.35848e-07
0.677	7.35848e-07
0.678	7.35848e-07
0.679	7.35848e-07
0.68	7.35848e-07
0.681	7.35848e-07
0.682	7.35848e-07
0.683	7.35848e-07
0.684	7.35848e-07
0.685	7.35848e-07
0.686	7.35848e-07
0.687	7.35848e-07
0.688	7.35848e-07
0.689	7.35848e-07
0.69	7.35848e-07
0.691	7.35848e-07
0.692	7.35848e-07
0.693	7.35848e-07
0.694	7.35848e-07
0.695	7.35848e-07
0.696	7.35848e-07
0.697	7.35848e-07
0.698	7.35848e-07
0.699	7.35848e-07
0.7	7.35848e-07
0.701	7.35848e-07
0.702	7.35848e-07
0.703	7.35848e-07
0.704	7.35848e-07
0.705	7.35848e-07
0.706	7.35848e-07
0.707	7.35848e-07
0.708	7.35848e-07
0.709	7.35848e-07
0.71	7.35848e-07
0.711	7.35848e-07
0.712	7.35848e-07
0.713	7.35848e-07
0.714	7.35848e-07
0.715	7.35848e-07
0.716	7.35848e-07
0.717	7.35848e-07
0.718	7.35848e-07
0.719	7.35848e-07
0.72	7.35848e-07
0.721	7.35848e-07
0.722	7.35848e-07
0.723	7.35848e-07
0.724	7.35848e-07
0.725	7.35848e-07
0.726	7.35848e-07
0.727	7.35848e-07
0.728	7.35848e-07
0.729	7.35848e-07
0.73	7.35848e-07
0.731	7.35848e-07
0.732	7.35848e-07
0.733	7.35848e-07
0.734	7.35848e-07
0.735	7.35848e-07
0.736	7.35848e-07
0.737	7.35848e-07
0.738	7.35848e-07
0.739	7.35848e-07
0.74	7.35848e-07
0.741	7.35848e-07
0.742	7.35848e-07
0.743	7.35848e-07
0.744	7.35848e-07
0.745	7.35848e-07
0.746	7.35848e-07
0.747	7.35848e-07
0.748	7.35848e-07
0.749	7.35848e-07
0.75	0.000440433
0.751	0.000304368
0.752	0.000190689
0.753	9.70559e-05
0.754	2.12947e-05
0.755	-3.86054e-05
0.756	-8.45027e-05
0.757	-0.000118111
0.758	-0.000141006
0.759	-0.000154636
0.76	-0.000160324
0.761	-0.00015928
0.762	-0.000152604
0.763	-0.000141294
0.764	-0.000126251
0.765	-0.000108288
0.766	-8.81297e-05
0.767	-6.64249e-05
0.768	-4.37469e-05
0.769	-2.06002e-05
0.77	2.57473e-06
0.771	2.53972e-05
0.772	4.75419e-05
0.773	6.87344e-05
0.774	8.87475e-05
0.775	0.000107398
0.776	0.000124541
0.777	0.00014007
0.778	0.000153909
0.779	0.000166016
0.78	0.000176371
0.781	0.000184984
0.782	0.000191881
0.783	0.000197113
0.784	0.000200744
0.785	0.000202854
0.786	0.000203537
0.787	0.000202897
0.788	0.000201046
0.789	0.000198105
0.79	0.000194201
0.791	0.000189464
0.792	0.00018403
0.793	0.000178035
0.794	0.000171615
0.795	0.000164908
0.796	0.00015805
0.797	0.000151175
0.798	0.000144414
0.799	0.000137896
0.8	0.000131745
0.801	0.00012608
0.802	0.000121018
0.803	0.000116668
0.804	0.000113133
0.805	0.000110514
0.806	0.000108901
0.807	0.000108383
0.808	0.000109039
0.809	0.000110944
0.81	0.000114165
0.811	0.000118764
0.812	0.000124798
0.813	0.000132317
0.814	0.000141364
0.815	0.000151979
0.816	0.000164195
0.817	0.000178041
0.818	0.000193541
0.819	0.000210715
0.82	0.000229578
0.821	0.000250143
0.822	0.000272418
0.823	0.00029641
0.824	0.000322121
0.825	0.000349554
0.826	0.000378709
0.827	0.000409584
0.828	0.000442179
0.829	0.00047649
0.83	0.000512517
0.831	0.000550259
0.832	0.000589716
0.833	0.000630891
0.834	0.000673787
0.835	0.000718413
0.836	0.000764778
0.837	0.000812897
0.838	0.000862786
0.839	0.00091447
0.84	0.000967975
0.841	0.00102334
0.842	0.00108059
0.843	0.00113978
0.844	0.00120097
0.845	0.00126421
0.846	0.00132956
0.847	0.00139711
0.848	0.00146694
0.849	0.00153914
0.85	0.00161382
0.851	0.00169108
0.852	0.00177104
0.853	0.00185385
0.854	0.00193964
0.855	0.00202857
0.856	0.0021208
0.857	0.00221651
0.858	0.0023159
0.859	0.00241916
0.86	0.0025265
0.861	0.00263817
0.862	0.0027544
0.863	0.00287545
0.864	0.00300158
0.865	0.00313308
0.866	0.00327026
0.867	0.00341343
0.868	0.00356291
0.869	0.00371906
0.87	0.00388224
0.871	0.00405282
0.872	0.00423121
0.873	0.00441782
0.874	0.00461308
0.875	0.00481744
0.876	0.00503136
0.877	0.00525535
0.878	0.0054899
0.879	0.00573555
0.88	0.00599283
0.881	0.00626233
0.882	0.00654463
0.883	0.00684035
0.884	0.00715012
0.885	0.00747462
0.886	0.00781451
0.887	0.00817052
0.888	0.00854338
0.889	0.00893386
0.89	0.00934275
0.891	0.00977087
0.892	0.0102191
0.893	0.0106882
0.894	0.0111793
0.895	0.0116932
0.896	0.0122309
0.897	0.0127935
0.898	0.0133819
0.899	0.0139973
0.9	0.0146409
0.901	0.0153138
0.902	0.0160173
0.903	0.0167526
0.904	0.017521
0.905	0.0183239
0.906	0.0191628
0.907	0.0200391
0.908	0.0209544
0.909	0.0219102
0.91	0.0229083
0.911	0.0239503
0.912	0.0250381
0.913	0.0261735
0.914	0.0273584
0.915	0.028595
0.916	0.0298853
0.917	0.0312314
0.918	0.0326358
0.919	0.0341007
0.92	0.0356286
0.921	0.0372221
0.922	0.0388839
0.923	0.0406168
0.924	0.0424237
0.925	0.0443076
0.926	0.0462718
0.927	0.0483194
0.928	0.0504539
0.929	0.052679
0.93	0.0549983
0.931	0.0574157
0.932	0.0599354
0.933	0.0625614
0.934	0.0652982
0.935	0.0681505
0.936	0.0711229
0.937	0.0742205
0.938	0.0774484
0.939	0.0808121
0.94	0.0843173
0.941	0.0879698
0.942	0.0917756
0.943	0.0957413
0.944	0.0998734
0.945	0.104179
0.946	0.108665
0.947	0.113339
0.948	0.118209
0.949	0.123283
0.95	0.12857
0.951	0.134078
0.952	0.139816
0.953	0.145795
0.954	0.152024
0.955	0.158513
0.956	0.165273
0.957	0.172315
0.958	0.179651
0.959	0.187293
0.96	0.195254
0.961	0.203546
0.962	0.212183
0.963	0.22118
0.964	0.230551
0.965	0.24031
0.966	0.250475
0.967	0.26106
0.968	0.272084
0.969	0.283564
0.97	0.295518
0.971	0.307966
0.972	0.320926
0.973	0.334419
0.974	0.348467
0.975	0.363092
0.976	0.378315
0.977	0.394162
0.978	0.410656
0.979	0.427822
0.98	0.445687
0.981	0.464278
0.982	0.483623
0.983	0.503751
0.984	0.524692
0.985	0.546478
0.986	0.56914
0.987	0.592712
0.988	0.617228
0.989	0.642724
0.99	0.669238
0.991	0.696806
0.992	0.725468
0.993	0.755265
0.994	0.786239
0.995	0.818434
0.996	0.851893
0.997	0.886664
0.998	0.922794
0.999	0.960333
