#Function: x*(x>0.5)
0	0.388653
1	0.102062
2	8.89375e-16
3	1.42195e-15
4	1.93332e-15
5	2.00691e-15
6	2.0074e-15
7	2.11216e-15
8	2.11327e-15
9	2.26189e-15
10	2.41396e-15
11	2.41877e-15
12	3.31315e-15
13	4.4135e-15
14	4.8359e-15
15	4.85164e-15
16	4.85603e-15
17	4.91149e-15
18	5.10854e-15
19	5.22333e-15
20	5.38105e-15
21	5.50342e-15
22	5.7473e-15
23	5.78171e-15
24	6.03613e-15
25	6.44046e-15
26	6.63428e-15
27	6.72979e-15
28	8.55382e-15
29	8.69565e-15
30	8.70311e-15
31	8.79657e-15
32	8.96619e-15
33	9.28208e-15
34	9.31351e-15
35	9.31693e-15
36	9.32393e-15
37	9.3867e-15
38	9.38212e-15
39	9.41471e-15
40	9.5717e-15
