#Function: (exp(100*x)-1)/(exp(100)-1)
0	0.07
1	0.0679108
2	0.0645674
3	0.0588572
4	0.0486828
5	0.0328924
6	0.0152702
7	0.00545561
8	0.00166836
9	0.000497583
10	0.000195465
11	0.00014883
12	4.90912e-05
13	1.32228e-05
14	3.4341e-06
15	9.71884e-07
16	3.9764e-07
17	3.42702e-07
18	2.17887e-07
19	1.53888e-07
20	8.82163e-08
21	4.72566e-08
22	1.30397e-08
23	3.45574e-09
24	8.81221e-10
25	2.16915e-10
26	5.20277e-11
27	1.26055e-11
28	3.51513e-12
29	1.4911e-12
30	1.38063e-12
31	1.22528e-12
32	7.89638e-13
33	5.70342e-13
34	3.25606e-13
35	1.89301e-13
36	9.86532e-14
37	4.6056e-14
38	2.83444e-14
39	1.20847e-14
40	9.98441e-15
41	5.78861e-15
42	5.93148e-15
43	5.28382e-15
44	5.46505e-15
45	4.07988e-15
46	4.18956e-15
47	4.23728e-15
48	4.24807e-15
49	4.24808e-15
