# Interpolation data for function: (exp(100*x)-1)/(exp(100)-1)
0	0.02766
0.001	0.0274367
0.002	0.027214
0.003	0.0269919
0.004	0.0267703
0.005	0.0265493
0.006	0.0263288
0.007	0.0261089
0.008	0.0258896
0.009	0.0256708
0.01	0.0254526
0.011	0.025235
0.012	0.0250179
0.013	0.0248014
0.014	0.0245855
0.015	0.0243701
0.016	0.0241553
0.017	0.0239411
0.018	0.0237274
0.019	0.0235143
0.02	0.0233017
0.021	0.0230898
0.022	0.0228783
0.023	0.0226675
0.024	0.0224572
0.025	0.0222475
0.026	0.0220383
0.027	0.0218297
0.028	0.0216217
0.029	0.0214142
0.03	0.0212073
0.031	0.021001
0.032	0.0207952
0.033	0.02059
0.034	0.0203854
0.035	0.0201813
0.036	0.0199778
0.037	0.0197748
0.038	0.0195724
0.039	0.0193706
0.04	0.0191694
0.041	0.0189687
0.042	0.0187686
0.043	0.018569
0.044	0.01837
0.045	0.0181716
0.046	0.0179737
0.047	0.0177764
0.048	0.0175797
0.049	0.0173835
0.05	0.0171879
0.051	0.0169929
0.052	0.0167984
0.053	0.0166045
0.054	0.0164111
0.055	0.0162183
0.056	0.0160261
0.057	0.0158345
0.058	0.0156434
0.059	0.0154529
0.06	0.0152629
0.061	0.0150735
0.062	0.0148847
0.063	0.0146964
0.064	0.0145087
0.065	0.0143216
0.066	0.014135
0.067	0.013949
0.068	0.0137636
0.069	0.0135787
0.07	0.0133944
0.071	0.0132106
0.072	0.0130274
0.073	0.0128448
0.074	0.0126628
0.075	0.0124813
0.076	0.0123004
0.077	0.01212
0.078	0.0119402
0.079	0.011761
0.08	0.0115823
0.081	0.0114042
0.082	0.0112267
0.083	0.0110497
0.084	0.0108733
0.085	0.0106975
0.086	0.0105222
0.087	0.0103475
0.088	0.0101733
0.089	0.00999973
0.09	0.00982672
0.091	0.00965426
0.092	0.00948238
0.093	0.00931105
0.094	0.00914029
0.095	0.0089701
0.096	0.00880047
0.097	0.00863141
0.098	0.00846291
0.099	0.00829497
0.1	0.0081276
0.101	0.00796079
0.102	0.00779455
0.103	0.00762888
0.104	0.00746377
0.105	0.00729922
0.106	0.00713524
0.107	0.00697182
0.108	0.00680897
0.109	0.00664668
0.11	0.00648496
0.111	0.0063238
0.112	0.0061632
0.113	0.00600317
0.114	0.00584371
0.115	0.00568481
0.116	0.00552648
0.117	0.00536871
0.118	0.0052115
0.119	0.00505486
0.12	0.00489878
0.121	0.00474327
0.122	0.00458833
0.123	0.00443394
0.124	0.00428013
0.125	0.00412687
0.126	0.00397419
0.127	0.00382206
0.128	0.00367051
0.129	0.00351951
0.13	0.00336908
0.131	0.00321922
0.132	0.00306992
0.133	0.00292119
0.134	0.00277302
0.135	0.00262541
0.136	0.00247837
0.137	0.00233189
0.138	0.00218598
0.139	0.00204064
0.14	0.00189586
0.141	0.00175164
0.142	0.00160799
0.143	0.0014649
0.144	0.00132238
0.145	0.00118042
0.146	0.00103903
0.147	0.000898197
0.148	0.000757933
0.149	0.000618234
0.15	0.0004791
0.151	0.00034053
0.152	0.000202525
0.153	6.50852e-05
0.154	-7.17902e-05
0.155	-0.000208101
0.156	-0.000343847
0.157	-0.000479028
0.158	-0.000613645
0.159	-0.000747697
0.16	-0.000881184
0.161	-0.00101411
0.162	-0.00114646
0.163	-0.00127826
0.164	-0.00140949
0.165	-0.00154015
0.166	-0.00167025
0.167	-0.00179978
0.168	-0.00192875
0.169	-0.00205716
0.17	-0.002185
0.171	-0.00231227
0.172	-0.00243898
0.173	-0.00256513
0.174	-0.00269071
0.175	-0.00281573
0.176	-0.00294018
0.177	-0.00306406
0.178	-0.00318739
0.179	-0.00331014
0.18	-0.00343234
0.181	-0.00355396
0.182	-0.00367503
0.183	-0.00379553
0.184	-0.00391546
0.185	-0.00403483
0.186	-0.00415363
0.187	-0.00427187
0.188	-0.00438955
0.189	-0.00450666
0.19	-0.0046232
0.191	-0.00473918
0.192	-0.0048546
0.193	-0.00496945
0.194	-0.00508374
0.195	-0.00519746
0.196	-0.00531062
0.197	-0.00542321
0.198	-0.00553524
0.199	-0.0056467
0.2	-0.0057576
0.201	-0.00586793
0.202	-0.0059777
0.203	-0.00608691
0.204	-0.00619555
0.205	-0.00630362
0.206	-0.00641113
0.207	-0.00651808
0.208	-0.00662446
0.209	-0.00673027
0.21	-0.00683552
0.211	-0.00694021
0.212	-0.00704433
0.213	-0.00714789
0.214	-0.00725088
0.215	-0.00735331
0.216	-0.00745517
0.217	-0.00755647
0.218	-0.0076572
0.219	-0.00775737
0.22	-0.00785698
0.221	-0.00795602
0.222	-0.00805449
0.223	-0.0081524
0.224	-0.00824974
0.225	-0.00834653
0.226	-0.00844274
0.227	-0.00853839
0.228	-0.00863348
0.229	-0.008728
0.23	-0.00882196
0.231	-0.00891535
0.232	-0.00900818
0.233	-0.00910044
0.234	-0.00919214
0.235	-0.00928327
0.236	-0.00937384
0.237	-0.00946384
0.238	-0.00955328
0.239	-0.00964215
0.24	-0.00973046
0.241	-0.00981821
0.242	-0.00990539
0.243	-0.009992
0.244	-0.0100781
0.245	-0.0101635
0.246	-0.0102485
0.247	-0.0103328
0.248	-0.0104166
0.249	-0.0104998
0.25	-0.0105825
0.251	-0.0106646
0.252	-0.0107461
0.253	-0.0108271
0.254	-0.0109075
0.255	-0.0109873
0.256	-0.0110666
0.257	-0.0111453
0.258	-0.0112235
0.259	-0.011301
0.26	-0.0113781
0.261	-0.0114545
0.262	-0.0115304
0.263	-0.0116057
0.264	-0.0116805
0.265	-0.0117547
0.266	-0.0118283
0.267	-0.0119014
0.268	-0.0119739
0.269	-0.0120458
0.27	-0.0121172
0.271	-0.012188
0.272	-0.0122582
0.273	-0.0123279
0.274	-0.012397
0.275	-0.0124655
0.276	-0.0125335
0.277	-0.0126009
0.278	-0.0126678
0.279	-0.0127341
0.28	-0.0127998
0.281	-0.0128649
0.282	-0.0129295
0.283	-0.0129935
0.284	-0.013057
0.285	-0.0131199
0.286	-0.0131822
0.287	-0.013244
0.288	-0.0133052
0.289	-0.0133659
0.29	-0.0134259
0.291	-0.0134854
0.292	-0.0135444
0.293	-0.0136028
0.294	-0.0136606
0.295	-0.0137178
0.296	-0.0137745
0.297	-0.0138306
0.298	-0.0138862
0.299	-0.0139412
0.3	-0.0139956
0.301	-0.0140495
0.302	-0.0141028
0.303	-0.0141555
0.304	-0.0142077
0.305	-0.0142593
0.306	-0.0143103
0.307	-0.0143608
0.308	-0.0144107
0.309	-0.01446
0.31	-0.0145088
0.311	-0.014557
0.312	-0.0146047
0.313	-0.0146518
0.314	-0.0146983
0.315	-0.0147442
0.316	-0.0147896
0.317	-0.0148344
0.318	-0.0148787
0.319	-0.0149224
0.32	-0.0149655
0.321	-0.0150081
0.322	-0.0150501
0.323	-0.0150915
0.324	-0.0151324
0.325	-0.0151727
0.326	-0.0152125
0.327	-0.0152516
0.328	-0.0152903
0.329	-0.0153283
0.33	-0.0153658
0.331	-0.0154027
0.332	-0.0154391
0.333	-0.0154749
0.334	-0.0155101
0.335	-0.0155447
0.336	-0.0155788
0.337	-0.0156124
0.338	-0.0156453
0.339	-0.0156777
0.34	-0.0157096
0.341	-0.0157409
0.342	-0.0157716
0.343	-0.0158017
0.344	-0.0158313
0.345	-0.0158603
0.346	-0.0158888
0.347	-0.0159166
0.348	-0.015944
0.349	-0.0159707
0.35	-0.0159969
0.351	-0.0160225
0.352	-0.0160476
0.353	-0.0160721
0.354	-0.016096
0.355	-0.0161194
0.356	-0.0161422
0.357	-0.0161644
0.358	-0.0161861
0.359	-0.0162072
0.36	-0.0162277
0.361	-0.0162477
0.362	-0.0162671
0.363	-0.016286
0.364	-0.0163043
0.365	-0.016322
0.366	-0.0163391
0.367	-0.0163557
0.368	-0.0163718
0.369	-0.0163872
0.37	-0.0164021
0.371	-0.0164164
0.372	-0.0164302
0.373	-0.0164434
0.374	-0.0164561
0.375	-0.0164681
0.376	-0.0164796
0.377	-0.0164906
0.378	-0.016501
0.379	-0.0165108
0.38	-0.01652
0.381	-0.0165287
0.382	-0.0165368
0.383	-0.0165444
0.384	-0.0165514
0.385	-0.0165578
0.386	-0.0165636
0.387	-0.0165689
0.388	-0.0165737
0.389	-0.0165778
0.39	-0.0165814
0.391	-0.0165845
0.392	-0.016587
0.393	-0.0165889
0.394	-0.0165902
0.395	-0.016591
0.396	-0.0165912
0.397	-0.0165908
0.398	-0.0165899
0.399	-0.0165884
0.4	-0.0165864
0.401	-0.0165838
0.402	-0.0165806
0.403	-0.0165769
0.404	-0.0165726
0.405	-0.0165677
0.406	-0.0165623
0.407	-0.0165563
0.408	-0.0165497
0.409	-0.0165426
0.41	-0.0165349
0.411	-0.0165266
0.412	-0.0165178
0.413	-0.0165084
0.414	-0.0164985
0.415	-0.0164879
0.416	-0.0164769
0.417	-0.0164652
0.418	-0.016453
0.419	-0.0164402
0.42	-0.0164269
0.421	-0.016413
0.422	-0.0163985
0.423	-0.0163835
0.424	-0.0163679
0.425	-0.0163517
0.426	-0.016335
0.427	-0.0163177
0.428	-0.0162998
0.429	-0.0162814
0.43	-0.0162624
0.431	-0.0162429
0.432	-0.0162228
0.433	-0.0162021
0.434	-0.0161808
0.435	-0.016159
0.436	-0.0161367
0.437	-0.0161137
0.438	-0.0160902
0.439	-0.0160661
0.44	-0.0160415
0.441	-0.0160163
0.442	-0.0159905
0.443	-0.0159642
0.444	-0.0159373
0.445	-0.0159099
0.446	-0.0158818
0.447	-0.0158533
0.448	-0.0158241
0.449	-0.0157944
0.45	-0.0157641
0.451	-0.0157333
0.452	-0.0157018
0.453	-0.0156699
0.454	-0.0156373
0.455	-0.0156042
0.456	-0.0155706
0.457	-0.0155363
0.458	-0.0155015
0.459	-0.0154662
0.46	-0.0154302
0.461	-0.0153937
0.462	-0.0153567
0.463	-0.015319
0.464	-0.0152809
0.465	-0.0152421
0.466	-0.0152028
0.467	-0.0151629
0.468	-0.0151225
0.469	-0.0150815
0.47	-0.0150399
0.471	-0.0149977
0.472	-0.014955
0.473	-0.0149118
0.474	-0.0148679
0.475	-0.0148235
0.476	-0.0147786
0.477	-0.014733
0.478	-0.0146869
0.479	-0.0146403
0.48	-0.0145931
0.481	-0.0145453
0.482	-0.0144969
0.483	-0.014448
0.484	-0.0143985
0.485	-0.0143485
0.486	-0.0142979
0.487	-0.0142467
0.488	-0.0141949
0.489	-0.0141426
0.49	-0.0140898
0.491	-0.0140363
0.492	-0.0139823
0.493	-0.0139278
0.494	-0.0138726
0.495	-0.0138169
0.496	-0.0137607
0.497	-0.0137039
0.498	-0.0136465
0.499	-0.0135885
0.5	-0.01353
0.501	-0.0134709
0.502	-0.0134113
0.503	-0.0133511
0.504	-0.0132903
0.505	-0.0132289
0.506	-0.013167
0.507	-0.0131046
0.508	-0.0130415
0.509	-0.0129779
0.51	-0.0129138
0.511	-0.012849
0.512	-0.0127837
0.513	-0.0127179
0.514	-0.0126515
0.515	-0.0125845
0.516	-0.0125169
0.517	-0.0124488
0.518	-0.0123801
0.519	-0.0123109
0.52	-0.0122411
0.521	-0.0121707
0.522	-0.0120997
0.523	-0.0120282
0.524	-0.0119562
0.525	-0.0118835
0.526	-0.0118103
0.527	-0.0117366
0.528	-0.0116622
0.529	-0.0115873
0.53	-0.0115119
0.531	-0.0114359
0.532	-0.0113593
0.533	-0.0112821
0.534	-0.0112044
0.535	-0.0111261
0.536	-0.0110473
0.537	-0.0109678
0.538	-0.0108879
0.539	-0.0108073
0.54	-0.0107262
0.541	-0.0106446
0.542	-0.0105623
0.543	-0.0104795
0.544	-0.0103962
0.545	-0.0103122
0.546	-0.0102277
0.547	-0.0101427
0.548	-0.010057
0.549	-0.00997085
0.55	-0.0098841
0.551	-0.00979678
0.552	-0.0097089
0.553	-0.00962045
0.554	-0.00953144
0.555	-0.00944186
0.556	-0.00935172
0.557	-0.00926101
0.558	-0.00916974
0.559	-0.0090779
0.56	-0.0089855
0.561	-0.00889254
0.562	-0.00879901
0.563	-0.00870491
0.564	-0.00861025
0.565	-0.00851503
0.566	-0.00841924
0.567	-0.00832289
0.568	-0.00822597
0.569	-0.00812848
0.57	-0.00803044
0.571	-0.00793182
0.572	-0.00783265
0.573	-0.0077329
0.574	-0.0076326
0.575	-0.00753172
0.576	-0.00743029
0.577	-0.00732829
0.578	-0.00722572
0.579	-0.00712259
0.58	-0.0070189
0.581	-0.00691464
0.582	-0.00680981
0.583	-0.00670442
0.584	-0.00659847
0.585	-0.00649195
0.586	-0.00638487
0.587	-0.00627722
0.588	-0.006169
0.589	-0.00606023
0.59	-0.00595088
0.591	-0.00584098
0.592	-0.0057305
0.593	-0.00561947
0.594	-0.00550787
0.595	-0.0053957
0.596	-0.00528297
0.597	-0.00516967
0.598	-0.00505581
0.599	-0.00494139
0.6	-0.0048264
0.601	-0.00471085
0.602	-0.00459473
0.603	-0.00447804
0.604	-0.00436079
0.605	-0.00424298
0.606	-0.0041246
0.607	-0.00400566
0.608	-0.00388615
0.609	-0.00376608
0.61	-0.00364544
0.611	-0.00352424
0.612	-0.00340248
0.613	-0.00328015
0.614	-0.00315725
0.615	-0.00303379
0.616	-0.00290976
0.617	-0.00278517
0.618	-0.00266002
0.619	-0.0025343
0.62	-0.00240802
0.621	-0.00228117
0.622	-0.00215375
0.623	-0.00202578
0.624	-0.00189723
0.625	-0.00176812
0.626	-0.00163845
0.627	-0.00150822
0.628	-0.00137741
0.629	-0.00124605
0.63	-0.00111412
0.631	-0.00098162
0.632	-0.000848559
0.633	-0.000714934
0.634	-0.000580744
0.635	-0.000445989
0.636	-0.000310669
0.637	-0.000174785
0.638	-3.83362e-05
0.639	9.86776e-05
0.64	0.000236256
0.641	0.000374399
0.642	0.000513107
0.643	0.00065238
0.644	0.000792217
0.645	0.000932619
0.646	0.00107359
0.647	0.00121512
0.648	0.00135721
0.649	0.00149987
0.65	0.0016431
0.651	0.00178689
0.652	0.00193125
0.653	0.00207617
0.654	0.00222165
0.655	0.0023677
0.656	0.00251431
0.657	0.00266149
0.658	0.00280924
0.659	0.00295754
0.66	0.00310642
0.661	0.00325585
0.662	0.00340586
0.663	0.00355642
0.664	0.00370755
0.665	0.00385925
0.666	0.00401151
0.667	0.00416434
0.668	0.00431773
0.669	0.00447168
0.67	0.0046262
0.671	0.00478129
0.672	0.00493694
0.673	0.00509315
0.674	0.00524993
0.675	0.00540728
0.676	0.00556518
0.677	0.00572366
0.678	0.00588269
0.679	0.0060423
0.68	0.00620246
0.681	0.0063632
0.682	0.00652449
0.683	0.00668635
0.684	0.00684878
0.685	0.00701177
0.686	0.00717533
0.687	0.00733945
0.688	0.00750413
0.689	0.00766938
0.69	0.0078352
0.691	0.00800158
0.692	0.00816852
0.693	0.00833603
0.694	0.0085041
0.695	0.00867274
0.696	0.00884194
0.697	0.00901171
0.698	0.00918204
0.699	0.00935294
0.7	0.0095244
0.701	0.00969643
0.702	0.00986902
0.703	0.0100422
0.704	0.0102159
0.705	0.0103902
0.706	0.010565
0.707	0.0107404
0.708	0.0109164
0.709	0.011093
0.71	0.0112701
0.711	0.0114477
0.712	0.011626
0.713	0.0118048
0.714	0.0119842
0.715	0.0121641
0.716	0.0123446
0.717	0.0125257
0.718	0.0127073
0.719	0.0128895
0.72	0.0130722
0.721	0.0132555
0.722	0.0134394
0.723	0.0136239
0.724	0.0138089
0.725	0.0139945
0.726	0.0141806
0.727	0.0143673
0.728	0.0145546
0.729	0.0147424
0.73	0.0149308
0.731	0.0151198
0.732	0.0153093
0.733	0.0154994
0.734	0.0156901
0.735	0.0158813
0.736	0.0160731
0.737	0.0162655
0.738	0.0164584
0.739	0.0166519
0.74	0.0168459
0.741	0.0170406
0.742	0.0172357
0.743	0.0174315
0.744	0.0176278
0.745	0.0178247
0.746	0.0180221
0.747	0.0182201
0.748	0.0184187
0.749	0.0186178
0.75	0.0188175
0.751	0.0190178
0.752	0.0192186
0.753	0.01942
0.754	0.0196219
0.755	0.0198245
0.756	0.0200275
0.757	0.0202312
0.758	0.0204354
0.759	0.0206402
0.76	0.0208455
0.761	0.0210514
0.762	0.0212579
0.763	0.021465
0.764	0.0216726
0.765	0.0218807
0.766	0.0220895
0.767	0.0222988
0.768	0.0225086
0.769	0.0227191
0.77	0.02293
0.771	0.0231416
0.772	0.0233537
0.773	0.0235664
0.774	0.0237797
0.775	0.0239935
0.776	0.0242079
0.777	0.0244228
0.778	0.0246383
0.779	0.0248544
0.78	0.025071
0.781	0.0252882
0.782	0.025506
0.783	0.0257243
0.784	0.0259432
0.785	0.0261627
0.786	0.0263827
0.787	0.0266033
0.788	0.0268245
0.789	0.0270462
0.79	0.0272685
0.791	0.0274913
0.792	0.0277147
0.793	0.0279387
0.794	0.0281633
0.795	0.0283884
0.796	0.0286141
0.797	0.0288403
0.798	0.0290671
0.799	0.0292945
0.8	0.0295224
0.801	0.0297509
0.802	0.02998
0.803	0.0302096
0.804	0.0304398
0.805	0.0306705
0.806	0.0309019
0.807	0.0311337
0.808	0.0313662
0.809	0.0315992
0.81	0.0318328
0.811	0.0320669
0.812	0.0323017
0.813	0.0325369
0.814	0.0327728
0.815	0.0330092
0.816	0.0332461
0.817	0.0334837
0.818	0.0337218
0.819	0.0339604
0.82	0.0341997
0.821	0.0344395
0.822	0.0346798
0.823	0.0349207
0.824	0.0351622
0.825	0.0354043
0.826	0.0356469
0.827	0.0358901
0.828	0.0361338
0.829	0.0363781
0.83	0.036623
0.831	0.0368684
0.832	0.0371144
0.833	0.037361
0.834	0.0376082
0.835	0.0378559
0.836	0.0381041
0.837	0.0383529
0.838	0.0386023
0.839	0.0388523
0.84	0.0391028
0.841	0.0393539
0.842	0.0396056
0.843	0.0398578
0.844	0.0401106
0.845	0.0403639
0.846	0.0406178
0.847	0.0408723
0.848	0.0411273
0.849	0.0413829
0.85	0.0416391
0.851	0.0418958
0.852	0.0421531
0.853	0.042411
0.854	0.0426694
0.855	0.0429284
0.856	0.043188
0.857	0.0434481
0.858	0.0437088
0.859	0.04397
0.86	0.0442319
0.861	0.0444942
0.862	0.0447572
0.863	0.0450207
0.864	0.0452848
0.865	0.0455494
0.866	0.0458146
0.867	0.0460804
0.868	0.0463467
0.869	0.0466136
0.87	0.0468811
0.871	0.0471491
0.872	0.0474177
0.873	0.0476869
0.874	0.0479566
0.875	0.0482269
0.876	0.0484977
0.877	0.0487691
0.878	0.0490411
0.879	0.0493137
0.88	0.0495868
0.881	0.0498605
0.882	0.0501347
0.883	0.0504095
0.884	0.0506849
0.885	0.0509608
0.886	0.0512373
0.887	0.0515144
0.888	0.051792
0.889	0.0520702
0.89	0.052349
0.891	0.0526283
0.892	0.0529082
0.893	0.0531886
0.894	0.0534696
0.895	0.0537512
0.896	0.0540334
0.897	0.0543161
0.898	0.0545994
0.899	0.0548832
0.9	0.0551676
0.901	0.0554526
0.902	0.0557381
0.903	0.0560242
0.904	0.0563109
0.905	0.0565981
0.906	0.0568859
0.907	0.0571743
0.908	0.0574632
0.909	0.0577527
0.91	0.0580427
0.911	0.0583333
0.912	0.0586245
0.913	0.0589163
0.914	0.0592086
0.915	0.0595015
0.916	0.0597949
0.917	0.0600889
0.918	0.0603835
0.919	0.0606786
0.92	0.0609743
0.921	0.0612706
0.922	0.0615674
0.923	0.0618648
0.924	0.0621628
0.925	0.0624613
0.926	0.0627604
0.927	0.06306
0.928	0.0633602
0.929	0.063661
0.93	0.0639624
0.931	0.0642643
0.932	0.0645668
0.933	0.0648698
0.934	0.0651734
0.935	0.0654776
0.936	0.0657823
0.937	0.0660876
0.938	0.0663935
0.939	0.0666999
0.94	0.0670069
0.941	0.0673145
0.942	0.0676226
0.943	0.0679313
0.944	0.0682405
0.945	0.0685503
0.946	0.0688607
0.947	0.0691717
0.948	0.0694832
0.949	0.0697953
0.95	0.0701079
0.951	0.0704211
0.952	0.0707349
0.953	0.0710492
0.954	0.0713641
0.955	0.0716796
0.956	0.0719956
0.957	0.0723122
0.958	0.0726294
0.959	0.0729471
0.96	0.0732654
0.961	0.0735842
0.962	0.0739036
0.963	0.0742236
0.964	0.0745442
0.965	0.0748653
0.966	0.075187
0.967	0.0755092
0.968	0.075832
0.969	0.0761554
0.97	0.0764793
0.971	0.0768038
0.972	0.0771289
0.973	0.0774545
0.974	0.0777807
0.975	0.0781075
0.976	0.0784348
0.977	0.0787627
0.978	0.0790911
0.979	0.0794202
0.98	0.0797497
0.981	0.0800799
0.982	0.0804106
0.983	0.0807419
0.984	0.0810737
0.985	0.0814061
0.986	0.0817391
0.987	0.0820726
0.988	0.0824067
0.989	0.0827414
0.99	0.0830766
0.991	0.0834124
0.992	0.0837488
0.993	0.0840857
0.994	0.0844232
0.995	0.0847613
0.996	0.0850999
0.997	0.0854391
0.998	0.0857788
0.999	0.0861191
