# Interpolation data for function: (exp(100*x)-1)/(exp(100)-1)
0	3.8575e-24
0.001	3.8575e-24
0.002	3.8575e-24
0.003	3.8575e-24
0.004	3.8575e-24
0.005	3.8575e-24
0.006	3.8575e-24
0.007	3.8575e-24
0.008	3.8575e-24
0.009	3.8575e-24
0.01	3.8575e-24
0.011	3.8575e-24
0.012	3.8575e-24
0.013	3.8575e-24
0.014	3.8575e-24
0.015	3.8575e-24
0.016	3.8575e-24
0.017	3.8575e-24
0.018	3.8575e-24
0.019	3.8575e-24
0.02	3.8575e-24
0.021	3.8575e-24
0.022	3.8575e-24
0.023	3.8575e-24
0.024	3.8575e-24
0.025	3.8575e-24
0.026	3.8575e-24
0.027	3.8575e-24
0.028	3.8575e-24
0.029	3.8575e-24
0.03	3.8575e-24
0.031	3.8575e-24
0.032	3.8575e-24
0.033	3.8575e-24
0.034	3.8575e-24
0.035	3.8575e-24
0.036	3.8575e-24
0.037	3.8575e-24
0.038	3.8575e-24
0.039	3.8575e-24
0.04	3.8575e-24
0.041	3.8575e-24
0.042	3.8575e-24
0.043	3.8575e-24
0.044	3.8575e-24
0.045	3.8575e-24
0.046	3.8575e-24
0.047	3.8575e-24
0.048	3.8575e-24
0.049	3.8575e-24
0.05	3.8575e-24
0.051	3.8575e-24
0.052	3.8575e-24
0.053	3.8575e-24
0.054	3.8575e-24
0.055	3.8575e-24
0.056	3.8575e-24
0.057	3.8575e-24
0.058	3.8575e-24
0.059	3.8575e-24
0.06	3.8575e-24
0.061	3.8575e-24
0.062	3.8575e-24
0.063	3.8575e-24
0.064	3.8575e-24
0.065	3.8575e-24
0.066	3.8575e-24
0.067	3.8575e-24
0.068	3.8575e-24
0.069	3.8575e-24
0.07	3.8575e-24
0.071	3.8575e-24
0.072	3.8575e-24
0.073	3.8575e-24
0.074	3.8575e-24
0.075	3.8575e-24
0.076	3.8575e-24
0.077	3.8575e-24
0.078	3.8575e-24
0.079	3.8575e-24
0.08	3.8575e-24
0.081	3.8575e-24
0.082	3.8575e-24
0.083	3.8575e-24
0.084	3.8575e-24
0.085	3.8575e-24
0.086	3.8575e-24
0.087	3.8575e-24
0.088	3.8575e-24
0.089	3.8575e-24
0.09	3.8575e-24
0.091	3.8575e-24
0.092	3.8575e-24
0.093	3.8575e-24
0.094	3.8575e-24
0.095	3.8575e-24
0.096	3.8575e-24
0.097	3.8575e-24
0.098	3.8575e-24
0.099	3.8575e-24
0.1	3.8575e-24
0.101	3.8575e-24
0.102	3.8575e-24
0.103	3.8575e-24
0.104	3.8575e-24
0.105	3.8575e-24
0.106	3.8575e-24
0.107	3.8575e-24
0.108	3.8575e-24
0.109	3.8575e-24
0.11	3.8575e-24
0.111	3.8575e-24
0.112	3.8575e-24
0.113	3.8575e-24
0.114	3.8575e-24
0.115	3.8575e-24
0.116	3.8575e-24
0.117	3.8575e-24
0.118	3.8575e-24
0.119	3.8575e-24
0.12	3.8575e-24
0.121	3.8575e-24
0.122	3.8575e-24
0.123	3.8575e-24
0.124	3.8575e-24
0.125	3.8575e-24
0.126	3.8575e-24
0.127	3.8575e-24
0.128	3.8575e-24
0.129	3.8575e-24
0.13	3.8575e-24
0.131	3.8575e-24
0.132	3.8575e-24
0.133	3.8575e-24
0.134	3.8575e-24
0.135	3.8575e-24
0.136	3.8575e-24
0.137	3.8575e-24
0.138	3.8575e-24
0.139	3.8575e-24
0.14	3.8575e-24
0.141	3.8575e-24
0.142	3.8575e-24
0.143	3.8575e-24
0.144	3.8575e-24
0.145	3.8575e-24
0.146	3.8575e-24
0.147	3.8575e-24
0.148	3.8575e-24
0.149	3.8575e-24
0.15	3.8575e-24
0.151	3.8575e-24
0.152	3.8575e-24
0.153	3.8575e-24
0.154	3.8575e-24
0.155	3.8575e-24
0.156	3.8575e-24
0.157	3.8575e-24
0.158	3.8575e-24
0.159	3.8575e-24
0.16	3.8575e-24
0.161	3.8575e-24
0.162	3.8575e-24
0.163	3.8575e-24
0.164	3.8575e-24
0.165	3.8575e-24
0.166	3.8575e-24
0.167	3.8575e-24
0.168	3.8575e-24
0.169	3.8575e-24
0.17	3.8575e-24
0.171	3.8575e-24
0.172	3.8575e-24
0.173	3.8575e-24
0.174	3.8575e-24
0.175	3.8575e-24
0.176	3.8575e-24
0.177	3.8575e-24
0.178	3.8575e-24
0.179	3.8575e-24
0.18	3.8575e-24
0.181	3.8575e-24
0.182	3.8575e-24
0.183	3.8575e-24
0.184	3.8575e-24
0.185	3.8575e-24
0.186	3.8575e-24
0.187	3.8575e-24
0.188	3.8575e-24
0.189	3.8575e-24
0.19	3.8575e-24
0.191	3.8575e-24
0.192	3.8575e-24
0.193	3.8575e-24
0.194	3.8575e-24
0.195	3.8575e-24
0.196	3.8575e-24
0.197	3.8575e-24
0.198	3.8575e-24
0.199	3.8575e-24
0.2	3.8575e-24
0.201	3.8575e-24
0.202	3.8575e-24
0.203	3.8575e-24
0.204	3.8575e-24
0.205	3.8575e-24
0.206	3.8575e-24
0.207	3.8575e-24
0.208	3.8575e-24
0.209	3.8575e-24
0.21	3.8575e-24
0.211	3.8575e-24
0.212	3.8575e-24
0.213	3.8575e-24
0.214	3.8575e-24
0.215	3.8575e-24
0.216	3.8575e-24
0.217	3.8575e-24
0.218	3.8575e-24
0.219	3.8575e-24
0.22	3.8575e-24
0.221	3.8575e-24
0.222	3.8575e-24
0.223	3.8575e-24
0.224	3.8575e-24
0.225	3.8575e-24
0.226	3.8575e-24
0.227	3.8575e-24
0.228	3.8575e-24
0.229	3.8575e-24
0.23	3.8575e-24
0.231	3.8575e-24
0.232	3.8575e-24
0.233	3.8575e-24
0.234	3.8575e-24
0.235	3.8575e-24
0.236	3.8575e-24
0.237	3.8575e-24
0.238	3.8575e-24
0.239	3.8575e-24
0.24	3.8575e-24
0.241	3.8575e-24
0.242	3.8575e-24
0.243	3.8575e-24
0.244	3.8575e-24
0.245	3.8575e-24
0.246	3.8575e-24
0.247	3.8575e-24
0.248	3.8575e-24
0.249	3.8575e-24
0.25	3.8575e-24
0.251	3.8575e-24
0.252	3.8575e-24
0.253	3.8575e-24
0.254	3.8575e-24
0.255	3.8575e-24
0.256	3.8575e-24
0.257	3.8575e-24
0.258	3.8575e-24
0.259	3.8575e-24
0.26	3.8575e-24
0.261	3.8575e-24
0.262	3.8575e-24
0.263	3.8575e-24
0.264	3.8575e-24
0.265	3.8575e-24
0.266	3.8575e-24
0.267	3.8575e-24
0.268	3.8575e-24
0.269	3.8575e-24
0.27	3.8575e-24
0.271	3.8575e-24
0.272	3.8575e-24
0.273	3.8575e-24
0.274	3.8575e-24
0.275	3.8575e-24
0.276	3.8575e-24
0.277	3.8575e-24
0.278	3.8575e-24
0.279	3.8575e-24
0.28	3.8575e-24
0.281	3.8575e-24
0.282	3.8575e-24
0.283	3.8575e-24
0.284	3.8575e-24
0.285	3.8575e-24
0.286	3.8575e-24
0.287	3.8575e-24
0.288	3.8575e-24
0.289	3.8575e-24
0.29	3.8575e-24
0.291	3.8575e-24
0.292	3.8575e-24
0.293	3.8575e-24
0.294	3.8575e-24
0.295	3.8575e-24
0.296	3.8575e-24
0.297	3.8575e-24
0.298	3.8575e-24
0.299	3.8575e-24
0.3	3.8575e-24
0.301	3.8575e-24
0.302	3.8575e-24
0.303	3.8575e-24
0.304	3.8575e-24
0.305	3.8575e-24
0.306	3.8575e-24
0.307	3.8575e-24
0.308	3.8575e-24
0.309	3.8575e-24
0.31	3.8575e-24
0.311	3.8575e-24
0.312	3.8575e-24
0.313	3.8575e-24
0.314	3.8575e-24
0.315	3.8575e-24
0.316	3.8575e-24
0.317	3.8575e-24
0.318	3.8575e-24
0.319	3.8575e-24
0.32	3.8575e-24
0.321	3.8575e-24
0.322	3.8575e-24
0.323	3.8575e-24
0.324	3.8575e-24
0.325	3.8575e-24
0.326	3.8575e-24
0.327	3.8575e-24
0.328	3.8575e-24
0.329	3.8575e-24
0.33	3.8575e-24
0.331	3.8575e-24
0.332	3.8575e-24
0.333	3.8575e-24
0.334	3.8575e-24
0.335	3.8575e-24
0.336	3.8575e-24
0.337	3.8575e-24
0.338	3.8575e-24
0.339	3.8575e-24
0.34	3.8575e-24
0.341	3.8575e-24
0.342	3.8575e-24
0.343	3.8575e-24
0.344	3.8575e-24
0.345	3.8575e-24
0.346	3.8575e-24
0.347	3.8575e-24
0.348	3.8575e-24
0.349	3.8575e-24
0.35	3.8575e-24
0.351	3.8575e-24
0.352	3.8575e-24
0.353	3.8575e-24
0.354	3.8575e-24
0.355	3.8575e-24
0.356	3.8575e-24
0.357	3.8575e-24
0.358	3.8575e-24
0.359	3.8575e-24
0.36	3.8575e-24
0.361	3.8575e-24
0.362	3.8575e-24
0.363	3.8575e-24
0.364	3.8575e-24
0.365	3.8575e-24
0.366	3.8575e-24
0.367	3.8575e-24
0.368	3.8575e-24
0.369	3.8575e-24
0.37	3.8575e-24
0.371	3.8575e-24
0.372	3.8575e-24
0.373	3.8575e-24
0.374	3.8575e-24
0.375	3.8575e-24
0.376	3.8575e-24
0.377	3.8575e-24
0.378	3.8575e-24
0.379	3.8575e-24
0.38	3.8575e-24
0.381	3.8575e-24
0.382	3.8575e-24
0.383	3.8575e-24
0.384	3.8575e-24
0.385	3.8575e-24
0.386	3.8575e-24
0.387	3.8575e-24
0.388	3.8575e-24
0.389	3.8575e-24
0.39	3.8575e-24
0.391	3.8575e-24
0.392	3.8575e-24
0.393	3.8575e-24
0.394	3.8575e-24
0.395	3.8575e-24
0.396	3.8575e-24
0.397	3.8575e-24
0.398	3.8575e-24
0.399	3.8575e-24
0.4	3.8575e-24
0.401	3.8575e-24
0.402	3.8575e-24
0.403	3.8575e-24
0.404	3.8575e-24
0.405	3.8575e-24
0.406	3.8575e-24
0.407	3.8575e-24
0.408	3.8575e-24
0.409	3.8575e-24
0.41	3.8575e-24
0.411	3.8575e-24
0.412	3.8575e-24
0.413	3.8575e-24
0.414	3.8575e-24
0.415	3.8575e-24
0.416	3.8575e-24
0.417	3.8575e-24
0.418	3.8575e-24
0.419	3.8575e-24
0.42	3.8575e-24
0.421	3.8575e-24
0.422	3.8575e-24
0.423	3.8575e-24
0.424	3.8575e-24
0.425	3.8575e-24
0.426	3.8575e-24
0.427	3.8575e-24
0.428	3.8575e-24
0.429	3.8575e-24
0.43	3.8575e-24
0.431	3.8575e-24
0.432	3.8575e-24
0.433	3.8575e-24
0.434	3.8575e-24
0.435	3.8575e-24
0.436	3.8575e-24
0.437	3.8575e-24
0.438	3.8575e-24
0.439	3.8575e-24
0.44	3.8575e-24
0.441	3.8575e-24
0.442	3.8575e-24
0.443	3.8575e-24
0.444	3.8575e-24
0.445	3.8575e-24
0.446	3.8575e-24
0.447	3.8575e-24
0.448	3.8575e-24
0.449	3.8575e-24
0.45	3.8575e-24
0.451	3.8575e-24
0.452	3.8575e-24
0.453	3.8575e-24
0.454	3.8575e-24
0.455	3.8575e-24
0.456	3.8575e-24
0.457	3.8575e-24
0.458	3.8575e-24
0.459	3.8575e-24
0.46	3.8575e-24
0.461	3.8575e-24
0.462	3.8575e-24
0.463	3.8575e-24
0.464	3.8575e-24
0.465	3.8575e-24
0.466	3.8575e-24
0.467	3.8575e-24
0.468	3.8575e-24
0.469	3.8575e-24
0.47	3.8575e-24
0.471	3.8575e-24
0.472	3.8575e-24
0.473	3.8575e-24
0.474	3.8575e-24
0.475	3.8575e-24
0.476	3.8575e-24
0.477	3.8575e-24
0.478	3.8575e-24
0.479	3.8575e-24
0.48	3.8575e-24
0.481	3.8575e-24
0.482	3.8575e-24
0.483	3.8575e-24
0.484	3.8575e-24
0.485	3.8575e-24
0.486	3.8575e-24
0.487	3.8575e-24
0.488	3.8575e-24
0.489	3.8575e-24
0.49	3.8575e-24
0.491	3.8575e-24
0.492	3.8575e-24
0.493	3.8575e-24
0.494	3.8575e-24
0.495	3.8575e-24
0.496	3.8575e-24
0.497	3.8575e-24
0.498	3.8575e-24
0.499	3.8575e-24
0.75	1.38889e-11
0.751	1.53484e-11
0.752	1.69631e-11
0.753	1.87468e-11
0.754	2.07181e-11
0.755	2.28971e-11
0.756	2.53055e-11
0.757	2.7967e-11
0.758	3.09084e-11
0.759	3.4159e-11
0.76	3.77513e-11
0.761	4.17215e-11
0.762	4.61094e-11
0.763	5.09589e-11
0.764	5.63184e-11
0.765	6.22416e-11
0.766	6.87877e-11
0.767	7.60221e-11
0.768	8.40173e-11
0.769	9.28534e-11
0.77	1.02619e-10
0.771	1.13411e-10
0.772	1.25339e-10
0.773	1.38521e-10
0.774	1.53089e-10
0.775	1.6919e-10
0.776	1.86984e-10
0.777	2.06649e-10
0.778	2.28383e-10
0.779	2.52402e-10
0.78	2.78947e-10
0.781	3.08284e-10
0.782	3.40706e-10
0.783	3.76539e-10
0.784	4.1614e-10
0.785	4.59905e-10
0.786	5.08274e-10
0.787	5.6173e-10
0.788	6.20807e-10
0.789	6.86098e-10
0.79	7.58256e-10
0.791	8.38003e-10
0.792	9.26136e-10
0.793	1.02354e-09
0.794	1.13119e-09
0.795	1.25015e-09
0.796	1.38163e-09
0.797	1.52694e-09
0.798	1.68753e-09
0.799	1.86501e-09
0.8	2.06115e-09
0.801	2.27793e-09
0.802	2.5175e-09
0.803	2.78227e-09
0.804	3.07488e-09
0.805	3.39827e-09
0.806	3.75567e-09
0.807	4.15065e-09
0.808	4.58718e-09
0.809	5.06962e-09
0.81	5.6028e-09
0.811	6.19205e-09
0.812	6.84327e-09
0.813	7.56298e-09
0.814	8.35839e-09
0.815	9.23745e-09
0.816	1.0209e-08
0.817	1.12826e-08
0.818	1.24693e-08
0.819	1.37807e-08
0.82	1.523e-08
0.821	1.68317e-08
0.822	1.86019e-08
0.823	2.05583e-08
0.824	2.27205e-08
0.825	2.511e-08
0.826	2.77508e-08
0.827	3.06694e-08
0.828	3.38949e-08
0.829	3.74597e-08
0.83	4.13994e-08
0.831	4.57534e-08
0.832	5.05653e-08
0.833	5.58833e-08
0.834	6.17606e-08
0.835	6.8256e-08
0.836	7.54346e-08
0.837	8.33681e-08
0.838	9.2136e-08
0.839	1.01826e-07
0.84	1.12535e-07
0.841	1.24371e-07
0.842	1.37451e-07
0.843	1.51907e-07
0.844	1.67883e-07
0.845	1.85539e-07
0.846	2.05052e-07
0.847	2.26618e-07
0.848	2.50452e-07
0.849	2.76792e-07
0.85	3.05902e-07
0.851	3.38074e-07
0.852	3.7363e-07
0.853	4.12925e-07
0.854	4.56353e-07
0.855	5.04348e-07
0.856	5.5739e-07
0.857	6.16012e-07
0.858	6.80798e-07
0.859	7.52398e-07
0.86	8.31529e-07
0.861	9.18981e-07
0.862	1.01563e-06
0.863	1.12245e-06
0.864	1.2405e-06
0.865	1.37096e-06
0.866	1.51514e-06
0.867	1.67449e-06
0.868	1.8506e-06
0.869	2.04523e-06
0.87	2.26033e-06
0.871	2.49805e-06
0.872	2.76077e-06
0.873	3.05113e-06
0.874	3.37202e-06
0.875	3.72665e-06
0.876	4.11859e-06
0.877	4.55174e-06
0.878	5.03046e-06
0.879	5.55951e-06
0.88	6.14421e-06
0.881	6.7904e-06
0.882	7.50456e-06
0.883	8.29382e-06
0.884	9.16609e-06
0.885	1.01301e-05
0.886	1.11955e-05
0.887	1.23729e-05
0.888	1.36742e-05
0.889	1.51123e-05
0.89	1.67017e-05
0.891	1.84582e-05
0.892	2.03995e-05
0.893	2.25449e-05
0.894	2.4916e-05
0.895	2.75364e-05
0.896	3.04325e-05
0.897	3.36331e-05
0.898	3.71703e-05
0.899	4.10796e-05
0.9	4.53999e-05
0.901	5.01747e-05
0.902	5.54516e-05
0.903	6.12835e-05
0.904	6.77287e-05
0.905	7.48518e-05
0.906	8.27241e-05
0.907	9.14242e-05
0.908	0.000101039
0.909	0.000111666
0.91	0.00012341
0.911	0.000136389
0.912	0.000150733
0.913	0.000166586
0.914	0.000184106
0.915	0.000203468
0.916	0.000224867
0.917	0.000248517
0.918	0.000274654
0.919	0.000303539
0.92	0.000335463
0.921	0.000370744
0.922	0.000409735
0.923	0.000452827
0.924	0.000500451
0.925	0.000553084
0.926	0.000611253
0.927	0.000675539
0.928	0.000746586
0.929	0.000825105
0.93	0.000911882
0.931	0.00100779
0.932	0.00111378
0.933	0.00123091
0.934	0.00136037
0.935	0.00150344
0.936	0.00166156
0.937	0.0018363
0.938	0.00202943
0.939	0.00224287
0.94	0.00247875
0.941	0.00273944
0.942	0.00302755
0.943	0.00334597
0.944	0.00369786
0.945	0.00408677
0.946	0.00451658
0.947	0.00499159
0.948	0.00551656
0.949	0.00609675
0.95	0.00673795
0.951	0.00744658
0.952	0.00822975
0.953	0.00909528
0.954	0.0100518
0.955	0.011109
0.956	0.0122773
0.957	0.0135686
0.958	0.0149956
0.959	0.0165727
0.96	0.0183156
0.961	0.0202419
0.962	0.0223708
0.963	0.0247235
0.964	0.0273237
0.965	0.0301974
0.966	0.0333733
0.967	0.0368832
0.968	0.0407622
0.969	0.0450492
0.97	0.0497871
0.971	0.0550232
0.972	0.0608101
0.973	0.0672055
0.974	0.0742736
0.975	0.082085
0.976	0.090718
0.977	0.100259
0.978	0.110803
0.979	0.122456
0.98	0.135335
0.981	0.149569
0.982	0.165299
0.983	0.182684
0.984	0.201897
0.985	0.22313
0.986	0.246597
0.987	0.272532
0.988	0.301194
0.989	0.332871
0.99	0.367879
0.991	0.40657
0.992	0.449329
0.993	0.496585
0.994	0.548812
0.995	0.606531
0.996	0.67032
0.997	0.740818
0.998	0.818731
0.999	0.904837
0.5	4.14043e-18
0.501	4.14043e-18
0.502	4.14043e-18
0.503	4.14043e-18
0.504	4.14043e-18
0.505	4.14043e-18
0.506	4.14043e-18
0.507	4.14043e-18
0.508	4.14043e-18
0.509	4.14043e-18
0.51	4.14043e-18
0.511	4.14043e-18
0.512	4.14043e-18
0.513	4.14043e-18
0.514	4.14043e-18
0.515	4.14043e-18
0.516	4.14043e-18
0.517	4.14043e-18
0.518	4.14043e-18
0.519	4.14043e-18
0.52	4.14043e-18
0.521	4.14043e-18
0.522	4.14043e-18
0.523	4.14043e-18
0.524	4.14043e-18
0.525	4.14043e-18
0.526	4.14043e-18
0.527	4.14043e-18
0.528	4.14043e-18
0.529	4.14043e-18
0.53	4.14043e-18
0.531	4.14043e-18
0.532	4.14043e-18
0.533	4.14043e-18
0.534	4.14043e-18
0.535	4.14043e-18
0.536	4.14043e-18
0.537	4.14043e-18
0.538	4.14043e-18
0.539	4.14043e-18
0.54	4.14043e-18
0.541	4.14043e-18
0.542	4.14043e-18
0.543	4.14043e-18
0.544	4.14043e-18
0.545	4.14043e-18
0.546	4.14043e-18
0.547	4.14043e-18
0.548	4.14043e-18
0.549	4.14043e-18
0.55	4.14043e-18
0.551	4.14043e-18
0.552	4.14043e-18
0.553	4.14043e-18
0.554	4.14043e-18
0.555	4.14043e-18
0.556	4.14043e-18
0.557	4.14043e-18
0.558	4.14043e-18
0.559	4.14043e-18
0.56	4.14043e-18
0.561	4.14043e-18
0.562	4.14043e-18
0.563	4.14043e-18
0.564	4.14043e-18
0.565	4.14043e-18
0.566	4.14043e-18
0.567	4.14043e-18
0.568	4.14043e-18
0.569	4.14043e-18
0.57	4.14043e-18
0.571	4.14043e-18
0.572	4.14043e-18
0.573	4.14043e-18
0.574	4.14043e-18
0.575	4.14043e-18
0.576	4.14043e-18
0.577	4.14043e-18
0.578	4.14043e-18
0.579	4.14043e-18
0.58	4.14043e-18
0.581	4.14043e-18
0.582	4.14043e-18
0.583	4.14043e-18
0.584	4.14043e-18
0.585	4.14043e-18
0.586	4.14043e-18
0.587	4.14043e-18
0.588	4.14043e-18
0.589	4.14043e-18
0.59	4.14043e-18
0.591	4.14043e-18
0.592	4.14043e-18
0.593	4.14043e-18
0.594	4.14043e-18
0.595	4.14043e-18
0.596	4.14043e-18
0.597	4.14043e-18
0.598	4.14043e-18
0.599	4.14043e-18
0.6	4.14043e-18
0.601	4.14043e-18
0.602	4.14043e-18
0.603	4.14043e-18
0.604	4.14043e-18
0.605	4.14043e-18
0.606	4.14043e-18
0.607	4.14043e-18
0.608	4.14043e-18
0.609	4.14043e-18
0.61	4.14043e-18
0.611	4.14043e-18
0.612	4.14043e-18
0.613	4.14043e-18
0.614	4.14043e-18
0.615	4.14043e-18
0.616	4.14043e-18
0.617	4.14043e-18
0.618	4.14043e-18
0.619	4.14043e-18
0.62	4.14043e-18
0.621	4.14043e-18
0.622	4.14043e-18
0.623	4.14043e-18
0.624	4.14043e-18
0.625	-6.54658e-15
0.626	-2.03313e-15
0.627	7.39861e-16
0.628	2.21952e-15
0.629	2.77112e-15
0.63	2.68907e-15
0.631	2.20678e-15
0.632	1.50557e-15
0.633	7.22613e-16
0.634	-4.19086e-17
0.635	-7.18515e-16
0.636	-1.26283e-15
0.637	-1.65067e-15
0.638	-1.87376e-15
0.639	-1.93602e-15
0.64	-1.85035e-15
0.641	-1.63591e-15
0.642	-1.31583e-15
0.643	-9.15295e-16
0.644	-4.6e-16
0.645	2.51226e-17
0.646	5.16859e-16
0.647	9.94445e-16
0.648	1.44008e-15
0.649	1.83925e-15
0.65	2.18091e-15
0.651	2.45751e-15
0.652	2.66489e-15
0.653	2.80216e-15
0.654	2.8714e-15
0.655	2.87742e-15
0.656	2.82735e-15
0.657	2.73033e-15
0.658	2.59709e-15
0.659	2.4396e-15
0.66	2.27065e-15
0.661	2.10354e-15
0.662	1.95168e-15
0.663	1.82835e-15
0.664	1.74636e-15
0.665	1.71783e-15
0.666	1.75405e-15
0.667	1.86521e-15
0.668	2.06042e-15
0.669	2.34754e-15
0.67	2.73322e-15
0.671	3.22291e-15
0.672	3.82092e-15
0.673	4.53053e-15
0.674	5.35413e-15
0.675	6.29344e-15
0.676	7.34968e-15
0.677	8.52383e-15
0.678	9.81691e-15
0.679	1.12303e-14
0.68	1.2766e-14
0.681	1.44269e-14
0.682	1.62174e-14
0.683	1.81436e-14
0.684	2.02133e-14
0.685	2.24371e-14
0.686	2.48281e-14
0.687	2.74028e-14
0.688	3.01809e-14
0.689	3.31863e-14
0.69	3.64469e-14
0.691	3.99951e-14
0.692	4.38687e-14
0.693	4.81102e-14
0.694	5.27683e-14
0.695	5.78974e-14
0.696	6.35585e-14
0.697	6.98193e-14
0.698	7.67547e-14
0.699	8.44476e-14
0.7	9.29888e-14
0.701	1.02478e-13
0.702	1.13024e-13
0.703	1.24747e-13
0.704	1.37775e-13
0.705	1.52252e-13
0.706	1.68332e-13
0.707	1.86183e-13
0.708	2.05989e-13
0.709	2.27953e-13
0.71	2.52293e-13
0.711	2.7925e-13
0.712	3.09089e-13
0.713	3.42098e-13
0.714	3.78596e-13
0.715	4.18933e-13
0.716	4.63496e-13
0.717	5.1271e-13
0.718	5.67048e-13
0.719	6.2703e-13
0.72	6.93234e-13
0.721	7.663e-13
0.722	8.46939e-13
0.723	9.35939e-13
0.724	1.03417e-12
0.725	1.14262e-12
0.726	1.26235e-12
0.727	1.39456e-12
0.728	1.54059e-12
0.729	1.70191e-12
0.73	1.88016e-12
0.731	2.07715e-12
0.732	2.2949e-12
0.733	2.53562e-12
0.734	2.80179e-12
0.735	3.09612e-12
0.736	3.42161e-12
0.737	3.78159e-12
0.738	4.1797e-12
0.739	4.61998e-12
0.74	5.10683e-12
0.741	5.64513e-12
0.742	6.2402e-12
0.743	6.89791e-12
0.744	7.62466e-12
0.745	8.42745e-12
0.746	9.31397e-12
0.747	1.02926e-11
0.748	1.13724e-11
0.749	1.25633e-11
