# Interpolation data for function: (exp(100*x)-1)/(exp(100)-1)
0	3.8575e-24
0.001	3.8575e-24
0.002	3.8575e-24
0.003	3.8575e-24
0.004	3.8575e-24
0.005	3.8575e-24
0.006	3.8575e-24
0.007	3.8575e-24
0.008	3.8575e-24
0.009	3.8575e-24
0.01	3.8575e-24
0.011	3.8575e-24
0.012	3.8575e-24
0.013	3.8575e-24
0.014	3.8575e-24
0.015	3.8575e-24
0.016	3.8575e-24
0.017	3.8575e-24
0.018	3.8575e-24
0.019	3.8575e-24
0.02	3.8575e-24
0.021	3.8575e-24
0.022	3.8575e-24
0.023	3.8575e-24
0.024	3.8575e-24
0.025	3.8575e-24
0.026	3.8575e-24
0.027	3.8575e-24
0.028	3.8575e-24
0.029	3.8575e-24
0.03	3.8575e-24
0.031	3.8575e-24
0.032	3.8575e-24
0.033	3.8575e-24
0.034	3.8575e-24
0.035	3.8575e-24
0.036	3.8575e-24
0.037	3.8575e-24
0.038	3.8575e-24
0.039	3.8575e-24
0.04	3.8575e-24
0.041	3.8575e-24
0.042	3.8575e-24
0.043	3.8575e-24
0.044	3.8575e-24
0.045	3.8575e-24
0.046	3.8575e-24
0.047	3.8575e-24
0.048	3.8575e-24
0.049	3.8575e-24
0.05	3.8575e-24
0.051	3.8575e-24
0.052	3.8575e-24
0.053	3.8575e-24
0.054	3.8575e-24
0.055	3.8575e-24
0.056	3.8575e-24
0.057	3.8575e-24
0.058	3.8575e-24
0.059	3.8575e-24
0.06	3.8575e-24
0.061	3.8575e-24
0.062	3.8575e-24
0.063	3.8575e-24
0.064	3.8575e-24
0.065	3.8575e-24
0.066	3.8575e-24
0.067	3.8575e-24
0.068	3.8575e-24
0.069	3.8575e-24
0.07	3.8575e-24
0.071	3.8575e-24
0.072	3.8575e-24
0.073	3.8575e-24
0.074	3.8575e-24
0.075	3.8575e-24
0.076	3.8575e-24
0.077	3.8575e-24
0.078	3.8575e-24
0.079	3.8575e-24
0.08	3.8575e-24
0.081	3.8575e-24
0.082	3.8575e-24
0.083	3.8575e-24
0.084	3.8575e-24
0.085	3.8575e-24
0.086	3.8575e-24
0.087	3.8575e-24
0.088	3.8575e-24
0.089	3.8575e-24
0.09	3.8575e-24
0.091	3.8575e-24
0.092	3.8575e-24
0.093	3.8575e-24
0.094	3.8575e-24
0.095	3.8575e-24
0.096	3.8575e-24
0.097	3.8575e-24
0.098	3.8575e-24
0.099	3.8575e-24
0.1	3.8575e-24
0.101	3.8575e-24
0.102	3.8575e-24
0.103	3.8575e-24
0.104	3.8575e-24
0.105	3.8575e-24
0.106	3.8575e-24
0.107	3.8575e-24
0.108	3.8575e-24
0.109	3.8575e-24
0.11	3.8575e-24
0.111	3.8575e-24
0.112	3.8575e-24
0.113	3.8575e-24
0.114	3.8575e-24
0.115	3.8575e-24
0.116	3.8575e-24
0.117	3.8575e-24
0.118	3.8575e-24
0.119	3.8575e-24
0.12	3.8575e-24
0.121	3.8575e-24
0.122	3.8575e-24
0.123	3.8575e-24
0.124	3.8575e-24
0.125	3.8575e-24
0.126	3.8575e-24
0.127	3.8575e-24
0.128	3.8575e-24
0.129	3.8575e-24
0.13	3.8575e-24
0.131	3.8575e-24
0.132	3.8575e-24
0.133	3.8575e-24
0.134	3.8575e-24
0.135	3.8575e-24
0.136	3.8575e-24
0.137	3.8575e-24
0.138	3.8575e-24
0.139	3.8575e-24
0.14	3.8575e-24
0.141	3.8575e-24
0.142	3.8575e-24
0.143	3.8575e-24
0.144	3.8575e-24
0.145	3.8575e-24
0.146	3.8575e-24
0.147	3.8575e-24
0.148	3.8575e-24
0.149	3.8575e-24
0.15	3.8575e-24
0.151	3.8575e-24
0.152	3.8575e-24
0.153	3.8575e-24
0.154	3.8575e-24
0.155	3.8575e-24
0.156	3.8575e-24
0.157	3.8575e-24
0.158	3.8575e-24
0.159	3.8575e-24
0.16	3.8575e-24
0.161	3.8575e-24
0.162	3.8575e-24
0.163	3.8575e-24
0.164	3.8575e-24
0.165	3.8575e-24
0.166	3.8575e-24
0.167	3.8575e-24
0.168	3.8575e-24
0.169	3.8575e-24
0.17	3.8575e-24
0.171	3.8575e-24
0.172	3.8575e-24
0.173	3.8575e-24
0.174	3.8575e-24
0.175	3.8575e-24
0.176	3.8575e-24
0.177	3.8575e-24
0.178	3.8575e-24
0.179	3.8575e-24
0.18	3.8575e-24
0.181	3.8575e-24
0.182	3.8575e-24
0.183	3.8575e-24
0.184	3.8575e-24
0.185	3.8575e-24
0.186	3.8575e-24
0.187	3.8575e-24
0.188	3.8575e-24
0.189	3.8575e-24
0.19	3.8575e-24
0.191	3.8575e-24
0.192	3.8575e-24
0.193	3.8575e-24
0.194	3.8575e-24
0.195	3.8575e-24
0.196	3.8575e-24
0.197	3.8575e-24
0.198	3.8575e-24
0.199	3.8575e-24
0.2	3.8575e-24
0.201	3.8575e-24
0.202	3.8575e-24
0.203	3.8575e-24
0.204	3.8575e-24
0.205	3.8575e-24
0.206	3.8575e-24
0.207	3.8575e-24
0.208	3.8575e-24
0.209	3.8575e-24
0.21	3.8575e-24
0.211	3.8575e-24
0.212	3.8575e-24
0.213	3.8575e-24
0.214	3.8575e-24
0.215	3.8575e-24
0.216	3.8575e-24
0.217	3.8575e-24
0.218	3.8575e-24
0.219	3.8575e-24
0.22	3.8575e-24
0.221	3.8575e-24
0.222	3.8575e-24
0.223	3.8575e-24
0.224	3.8575e-24
0.225	3.8575e-24
0.226	3.8575e-24
0.227	3.8575e-24
0.228	3.8575e-24
0.229	3.8575e-24
0.23	3.8575e-24
0.231	3.8575e-24
0.232	3.8575e-24
0.233	3.8575e-24
0.234	3.8575e-24
0.235	3.8575e-24
0.236	3.8575e-24
0.237	3.8575e-24
0.238	3.8575e-24
0.239	3.8575e-24
0.24	3.8575e-24
0.241	3.8575e-24
0.242	3.8575e-24
0.243	3.8575e-24
0.244	3.8575e-24
0.245	3.8575e-24
0.246	3.8575e-24
0.247	3.8575e-24
0.248	3.8575e-24
0.249	3.8575e-24
0.25	3.8575e-24
0.251	3.8575e-24
0.252	3.8575e-24
0.253	3.8575e-24
0.254	3.8575e-24
0.255	3.8575e-24
0.256	3.8575e-24
0.257	3.8575e-24
0.258	3.8575e-24
0.259	3.8575e-24
0.26	3.8575e-24
0.261	3.8575e-24
0.262	3.8575e-24
0.263	3.8575e-24
0.264	3.8575e-24
0.265	3.8575e-24
0.266	3.8575e-24
0.267	3.8575e-24
0.268	3.8575e-24
0.269	3.8575e-24
0.27	3.8575e-24
0.271	3.8575e-24
0.272	3.8575e-24
0.273	3.8575e-24
0.274	3.8575e-24
0.275	3.8575e-24
0.276	3.8575e-24
0.277	3.8575e-24
0.278	3.8575e-24
0.279	3.8575e-24
0.28	3.8575e-24
0.281	3.8575e-24
0.282	3.8575e-24
0.283	3.8575e-24
0.284	3.8575e-24
0.285	3.8575e-24
0.286	3.8575e-24
0.287	3.8575e-24
0.288	3.8575e-24
0.289	3.8575e-24
0.29	3.8575e-24
0.291	3.8575e-24
0.292	3.8575e-24
0.293	3.8575e-24
0.294	3.8575e-24
0.295	3.8575e-24
0.296	3.8575e-24
0.297	3.8575e-24
0.298	3.8575e-24
0.299	3.8575e-24
0.3	3.8575e-24
0.301	3.8575e-24
0.302	3.8575e-24
0.303	3.8575e-24
0.304	3.8575e-24
0.305	3.8575e-24
0.306	3.8575e-24
0.307	3.8575e-24
0.308	3.8575e-24
0.309	3.8575e-24
0.31	3.8575e-24
0.311	3.8575e-24
0.312	3.8575e-24
0.313	3.8575e-24
0.314	3.8575e-24
0.315	3.8575e-24
0.316	3.8575e-24
0.317	3.8575e-24
0.318	3.8575e-24
0.319	3.8575e-24
0.32	3.8575e-24
0.321	3.8575e-24
0.322	3.8575e-24
0.323	3.8575e-24
0.324	3.8575e-24
0.325	3.8575e-24
0.326	3.8575e-24
0.327	3.8575e-24
0.328	3.8575e-24
0.329	3.8575e-24
0.33	3.8575e-24
0.331	3.8575e-24
0.332	3.8575e-24
0.333	3.8575e-24
0.334	3.8575e-24
0.335	3.8575e-24
0.336	3.8575e-24
0.337	3.8575e-24
0.338	3.8575e-24
0.339	3.8575e-24
0.34	3.8575e-24
0.341	3.8575e-24
0.342	3.8575e-24
0.343	3.8575e-24
0.344	3.8575e-24
0.345	3.8575e-24
0.346	3.8575e-24
0.347	3.8575e-24
0.348	3.8575e-24
0.349	3.8575e-24
0.35	3.8575e-24
0.351	3.8575e-24
0.352	3.8575e-24
0.353	3.8575e-24
0.354	3.8575e-24
0.355	3.8575e-24
0.356	3.8575e-24
0.357	3.8575e-24
0.358	3.8575e-24
0.359	3.8575e-24
0.36	3.8575e-24
0.361	3.8575e-24
0.362	3.8575e-24
0.363	3.8575e-24
0.364	3.8575e-24
0.365	3.8575e-24
0.366	3.8575e-24
0.367	3.8575e-24
0.368	3.8575e-24
0.369	3.8575e-24
0.37	3.8575e-24
0.371	3.8575e-24
0.372	3.8575e-24
0.373	3.8575e-24
0.374	3.8575e-24
0.375	3.8575e-24
0.376	3.8575e-24
0.377	3.8575e-24
0.378	3.8575e-24
0.379	3.8575e-24
0.38	3.8575e-24
0.381	3.8575e-24
0.382	3.8575e-24
0.383	3.8575e-24
0.384	3.8575e-24
0.385	3.8575e-24
0.386	3.8575e-24
0.387	3.8575e-24
0.388	3.8575e-24
0.389	3.8575e-24
0.39	3.8575e-24
0.391	3.8575e-24
0.392	3.8575e-24
0.393	3.8575e-24
0.394	3.8575e-24
0.395	3.8575e-24
0.396	3.8575e-24
0.397	3.8575e-24
0.398	3.8575e-24
0.399	3.8575e-24
0.4	3.8575e-24
0.401	3.8575e-24
0.402	3.8575e-24
0.403	3.8575e-24
0.404	3.8575e-24
0.405	3.8575e-24
0.406	3.8575e-24
0.407	3.8575e-24
0.408	3.8575e-24
0.409	3.8575e-24
0.41	3.8575e-24
0.411	3.8575e-24
0.412	3.8575e-24
0.413	3.8575e-24
0.414	3.8575e-24
0.415	3.8575e-24
0.416	3.8575e-24
0.417	3.8575e-24
0.418	3.8575e-24
0.419	3.8575e-24
0.42	3.8575e-24
0.421	3.8575e-24
0.422	3.8575e-24
0.423	3.8575e-24
0.424	3.8575e-24
0.425	3.8575e-24
0.426	3.8575e-24
0.427	3.8575e-24
0.428	3.8575e-24
0.429	3.8575e-24
0.43	3.8575e-24
0.431	3.8575e-24
0.432	3.8575e-24
0.433	3.8575e-24
0.434	3.8575e-24
0.435	3.8575e-24
0.436	3.8575e-24
0.437	3.8575e-24
0.438	3.8575e-24
0.439	3.8575e-24
0.44	3.8575e-24
0.441	3.8575e-24
0.442	3.8575e-24
0.443	3.8575e-24
0.444	3.8575e-24
0.445	3.8575e-24
0.446	3.8575e-24
0.447	3.8575e-24
0.448	3.8575e-24
0.449	3.8575e-24
0.45	3.8575e-24
0.451	3.8575e-24
0.452	3.8575e-24
0.453	3.8575e-24
0.454	3.8575e-24
0.455	3.8575e-24
0.456	3.8575e-24
0.457	3.8575e-24
0.458	3.8575e-24
0.459	3.8575e-24
0.46	3.8575e-24
0.461	3.8575e-24
0.462	3.8575e-24
0.463	3.8575e-24
0.464	3.8575e-24
0.465	3.8575e-24
0.466	3.8575e-24
0.467	3.8575e-24
0.468	3.8575e-24
0.469	3.8575e-24
0.47	3.8575e-24
0.471	3.8575e-24
0.472	3.8575e-24
0.473	3.8575e-24
0.474	3.8575e-24
0.475	3.8575e-24
0.476	3.8575e-24
0.477	3.8575e-24
0.478	3.8575e-24
0.479	3.8575e-24
0.48	3.8575e-24
0.481	3.8575e-24
0.482	3.8575e-24
0.483	3.8575e-24
0.484	3.8575e-24
0.485	3.8575e-24
0.486	3.8575e-24
0.487	3.8575e-24
0.488	3.8575e-24
0.489	3.8575e-24
0.49	3.8575e-24
0.491	3.8575e-24
0.492	3.8575e-24
0.493	3.8575e-24
0.494	3.8575e-24
0.495	3.8575e-24
0.496	3.8575e-24
0.497	3.8575e-24
0.498	3.8575e-24
0.499	3.8575e-24
0.5	-9.77711e-13
0.501	-9.65445e-13
0.502	-9.5318e-13
0.503	-9.40914e-13
0.504	-9.28648e-13
0.505	-9.16382e-13
0.506	-9.04116e-13
0.507	-8.9185e-13
0.508	-8.79585e-13
0.509	-8.67319e-13
0.51	-8.55053e-13
0.511	-8.42787e-13
0.512	-8.30521e-13
0.513	-8.18255e-13
0.514	-8.0599e-13
0.515	-7.93724e-13
0.516	-7.81458e-13
0.517	-7.69192e-13
0.518	-7.56926e-13
0.519	-7.4466e-13
0.52	-7.32395e-13
0.521	-7.20129e-13
0.522	-7.07863e-13
0.523	-6.95597e-13
0.524	-6.83331e-13
0.525	-6.71065e-13
0.526	-6.588e-13
0.527	-6.46534e-13
0.528	-6.34268e-13
0.529	-6.22002e-13
0.53	-6.09736e-13
0.531	-5.9747e-13
0.532	-5.85205e-13
0.533	-5.72939e-13
0.534	-5.60673e-13
0.535	-5.48407e-13
0.536	-5.36141e-13
0.537	-5.23875e-13
0.538	-5.1161e-13
0.539	-4.99344e-13
0.54	-4.87078e-13
0.541	-4.74812e-13
0.542	-4.62546e-13
0.543	-4.5028e-13
0.544	-4.38015e-13
0.545	-4.25749e-13
0.546	-4.13483e-13
0.547	-4.01217e-13
0.548	-3.88951e-13
0.549	-3.76685e-13
0.55	-3.6442e-13
0.551	-3.52154e-13
0.552	-3.39888e-13
0.553	-3.27622e-13
0.554	-3.15356e-13
0.555	-3.0309e-13
0.556	-2.90825e-13
0.557	-2.78559e-13
0.558	-2.66293e-13
0.559	-2.54027e-13
0.56	-2.41761e-13
0.561	-2.29495e-13
0.562	-2.1723e-13
0.563	-2.04964e-13
0.564	-1.92698e-13
0.565	-1.80432e-13
0.566	-1.68166e-13
0.567	-1.55901e-13
0.568	-1.43635e-13
0.569	-1.31369e-13
0.57	-1.19103e-13
0.571	-1.06837e-13
0.572	-9.45713e-14
0.573	-8.23055e-14
0.574	-7.00397e-14
0.575	-5.77738e-14
0.576	-4.5508e-14
0.577	-3.32422e-14
0.578	-2.09764e-14
0.579	-8.71052e-15
0.58	3.55531e-15
0.581	1.58211e-14
0.582	2.8087e-14
0.583	4.03528e-14
0.584	5.26186e-14
0.585	6.48845e-14
0.586	7.71503e-14
0.587	8.94161e-14
0.588	1.01682e-13
0.589	1.13948e-13
0.59	1.26214e-13
0.591	1.38479e-13
0.592	1.50745e-13
0.593	1.63011e-13
0.594	1.75277e-13
0.595	1.87543e-13
0.596	1.99809e-13
0.597	2.12074e-13
0.598	2.2434e-13
0.599	2.36606e-13
0.6	2.48872e-13
0.601	2.61138e-13
0.602	2.73404e-13
0.603	2.85669e-13
0.604	2.97935e-13
0.605	3.10201e-13
0.606	3.22467e-13
0.607	3.34733e-13
0.608	3.46999e-13
0.609	3.59264e-13
0.61	3.7153e-13
0.611	3.83796e-13
0.612	3.96062e-13
0.613	4.08328e-13
0.614	4.20594e-13
0.615	4.32859e-13
0.616	4.45125e-13
0.617	4.57391e-13
0.618	4.69657e-13
0.619	4.81923e-13
0.62	4.94189e-13
0.621	5.06454e-13
0.622	5.1872e-13
0.623	5.30986e-13
0.624	5.43252e-13
0.625	5.55518e-13
0.626	5.67784e-13
0.627	5.80049e-13
0.628	5.92315e-13
0.629	6.04581e-13
0.63	6.16847e-13
0.631	6.29113e-13
0.632	6.41379e-13
0.633	6.53644e-13
0.634	6.6591e-13
0.635	6.78176e-13
0.636	6.90442e-13
0.637	7.02708e-13
0.638	7.14974e-13
0.639	7.27239e-13
0.64	7.39505e-13
0.641	7.51771e-13
0.642	7.64037e-13
0.643	7.76303e-13
0.644	7.88569e-13
0.645	8.00834e-13
0.646	8.131e-13
0.647	8.25366e-13
0.648	8.37632e-13
0.649	8.49898e-13
0.65	8.62164e-13
0.651	8.74429e-13
0.652	8.86695e-13
0.653	8.98961e-13
0.654	9.11227e-13
0.655	9.23493e-13
0.656	9.35759e-13
0.657	9.48024e-13
0.658	9.6029e-13
0.659	9.72556e-13
0.66	9.84822e-13
0.661	9.97088e-13
0.662	1.00935e-12
0.663	1.02162e-12
0.664	1.03389e-12
0.665	1.04615e-12
0.666	1.05842e-12
0.667	1.07068e-12
0.668	1.08295e-12
0.669	1.09521e-12
0.67	1.10748e-12
0.671	1.11975e-12
0.672	1.13201e-12
0.673	1.14428e-12
0.674	1.15654e-12
0.675	1.16881e-12
0.676	1.18108e-12
0.677	1.19334e-12
0.678	1.20561e-12
0.679	1.21787e-12
0.68	1.23014e-12
0.681	1.2424e-12
0.682	1.25467e-12
0.683	1.26694e-12
0.684	1.2792e-12
0.685	1.29147e-12
0.686	1.30373e-12
0.687	1.316e-12
0.688	1.32827e-12
0.689	1.34053e-12
0.69	1.3528e-12
0.691	1.36506e-12
0.692	1.37733e-12
0.693	1.38959e-12
0.694	1.40186e-12
0.695	1.41413e-12
0.696	1.42639e-12
0.697	1.43866e-12
0.698	1.45092e-12
0.699	1.46319e-12
0.7	1.47546e-12
0.701	1.48772e-12
0.702	1.49999e-12
0.703	1.51225e-12
0.704	1.52452e-12
0.705	1.53678e-12
0.706	1.54905e-12
0.707	1.56132e-12
0.708	1.57358e-12
0.709	1.58585e-12
0.71	1.59811e-12
0.711	1.61038e-12
0.712	1.62265e-12
0.713	1.63491e-12
0.714	1.64718e-12
0.715	1.65944e-12
0.716	1.67171e-12
0.717	1.68397e-12
0.718	1.69624e-12
0.719	1.70851e-12
0.72	1.72077e-12
0.721	1.73304e-12
0.722	1.7453e-12
0.723	1.75757e-12
0.724	1.76984e-12
0.725	1.7821e-12
0.726	1.79437e-12
0.727	1.80663e-12
0.728	1.8189e-12
0.729	1.83116e-12
0.73	1.84343e-12
0.731	1.8557e-12
0.732	1.86796e-12
0.733	1.88023e-12
0.734	1.89249e-12
0.735	1.90476e-12
0.736	1.91703e-12
0.737	1.92929e-12
0.738	1.94156e-12
0.739	1.95382e-12
0.74	1.96609e-12
0.741	1.97835e-12
0.742	1.99062e-12
0.743	2.00289e-12
0.744	2.01515e-12
0.745	2.02742e-12
0.746	2.03968e-12
0.747	2.05195e-12
0.748	2.06422e-12
0.749	2.07648e-12
0.75	7.18515e-12
0.751	1.79716e-11
0.752	1.79931e-11
0.753	1.73547e-11
0.754	1.87157e-11
0.755	2.17962e-11
0.756	2.5596e-11
0.757	2.93177e-11
0.758	3.26158e-11
0.759	3.55362e-11
0.76	3.83574e-11
0.761	4.14325e-11
0.762	4.50769e-11
0.763	4.95089e-11
0.764	5.4836e-11
0.765	6.10712e-11
0.766	6.81662e-11
0.767	7.60484e-11
0.768	8.46545e-11
0.769	9.39555e-11
0.77	1.03971e-10
0.771	1.14776e-10
0.772	1.26495e-10
0.773	1.39296e-10
0.774	1.53382e-10
0.775	1.68974e-10
0.776	1.86305e-10
0.777	2.05613e-10
0.778	2.27134e-10
0.779	2.51104e-10
0.78	2.7776e-10
0.781	3.07347e-10
0.782	3.40121e-10
0.783	3.76363e-10
0.784	4.16384e-10
0.785	4.60534e-10
0.786	5.09214e-10
0.787	5.62878e-10
0.788	6.22045e-10
0.789	6.87302e-10
0.79	7.59311e-10
0.791	8.38812e-10
0.792	9.2663e-10
0.793	1.02368e-09
0.794	1.13096e-09
0.795	1.24959e-09
0.796	1.38079e-09
0.797	1.52589e-09
0.798	1.68636e-09
0.799	1.86382e-09
0.8	2.06004e-09
0.801	2.27697e-09
0.802	2.51678e-09
0.803	2.78184e-09
0.804	3.07477e-09
0.805	3.39848e-09
0.806	3.75618e-09
0.807	4.15144e-09
0.808	4.58817e-09
0.809	5.07074e-09
0.81	5.60397e-09
0.811	6.19319e-09
0.812	6.8443e-09
0.813	7.56384e-09
0.814	8.35901e-09
0.815	9.23779e-09
0.816	1.0209e-08
0.817	1.12824e-08
0.818	1.24687e-08
0.819	1.37799e-08
0.82	1.5229e-08
0.821	1.68306e-08
0.822	1.86008e-08
0.823	2.05572e-08
0.824	2.27194e-08
0.825	2.51091e-08
0.826	2.77501e-08
0.827	3.06689e-08
0.828	3.38947e-08
0.829	3.74598e-08
0.83	4.13997e-08
0.831	4.5754e-08
0.832	5.05661e-08
0.833	5.58843e-08
0.834	6.17617e-08
0.835	6.82572e-08
0.836	7.54357e-08
0.837	8.33692e-08
0.838	9.21369e-08
0.839	1.01827e-07
0.84	1.12536e-07
0.841	1.24371e-07
0.842	1.37451e-07
0.843	1.51906e-07
0.844	1.67882e-07
0.845	1.85538e-07
0.846	2.05051e-07
0.847	2.26617e-07
0.848	2.5045e-07
0.849	2.76791e-07
0.85	3.05901e-07
0.851	3.38073e-07
0.852	3.73629e-07
0.853	4.12924e-07
0.854	4.56352e-07
0.855	5.04348e-07
0.856	5.57391e-07
0.857	6.16012e-07
0.858	6.80799e-07
0.859	7.52399e-07
0.86	8.3153e-07
0.861	9.18982e-07
0.862	1.01563e-06
0.863	1.12245e-06
0.864	1.2405e-06
0.865	1.37096e-06
0.866	1.51514e-06
0.867	1.67449e-06
0.868	1.8506e-06
0.869	2.04523e-06
0.87	2.26033e-06
0.871	2.49805e-06
0.872	2.76077e-06
0.873	3.05112e-06
0.874	3.37201e-06
0.875	3.72665e-06
0.876	4.11859e-06
0.877	4.55174e-06
0.878	5.03045e-06
0.879	5.55951e-06
0.88	6.14421e-06
0.881	6.7904e-06
0.882	7.50456e-06
0.883	8.29382e-06
0.884	9.16609e-06
0.885	1.01301e-05
0.886	1.11955e-05
0.887	1.23729e-05
0.888	1.36742e-05
0.889	1.51123e-05
0.89	1.67017e-05
0.891	1.84582e-05
0.892	2.03995e-05
0.893	2.25449e-05
0.894	2.4916e-05
0.895	2.75364e-05
0.896	3.04325e-05
0.897	3.36331e-05
0.898	3.71703e-05
0.899	4.10796e-05
0.9	4.53999e-05
0.901	5.01747e-05
0.902	5.54516e-05
0.903	6.12835e-05
0.904	6.77287e-05
0.905	7.48518e-05
0.906	8.27241e-05
0.907	9.14242e-05
0.908	0.000101039
0.909	0.000111666
0.91	0.00012341
0.911	0.000136389
0.912	0.000150733
0.913	0.000166586
0.914	0.000184106
0.915	0.000203468
0.916	0.000224867
0.917	0.000248517
0.918	0.000274654
0.919	0.000303539
0.92	0.000335463
0.921	0.000370744
0.922	0.000409735
0.923	0.000452827
0.924	0.000500451
0.925	0.000553084
0.926	0.000611253
0.927	0.000675539
0.928	0.000746586
0.929	0.000825105
0.93	0.000911882
0.931	0.00100779
0.932	0.00111378
0.933	0.00123091
0.934	0.00136037
0.935	0.00150344
0.936	0.00166156
0.937	0.0018363
0.938	0.00202943
0.939	0.00224287
0.94	0.00247875
0.941	0.00273944
0.942	0.00302755
0.943	0.00334597
0.944	0.00369786
0.945	0.00408677
0.946	0.00451658
0.947	0.00499159
0.948	0.00551656
0.949	0.00609675
0.95	0.00673795
0.951	0.00744658
0.952	0.00822975
0.953	0.00909528
0.954	0.0100518
0.955	0.011109
0.956	0.0122773
0.957	0.0135686
0.958	0.0149956
0.959	0.0165727
0.96	0.0183156
0.961	0.0202419
0.962	0.0223708
0.963	0.0247235
0.964	0.0273237
0.965	0.0301974
0.966	0.0333733
0.967	0.0368832
0.968	0.0407622
0.969	0.0450492
0.97	0.0497871
0.971	0.0550232
0.972	0.0608101
0.973	0.0672055
0.974	0.0742736
0.975	0.082085
0.976	0.090718
0.977	0.100259
0.978	0.110803
0.979	0.122456
0.98	0.135335
0.981	0.149569
0.982	0.165299
0.983	0.182684
0.984	0.201897
0.985	0.22313
0.986	0.246597
0.987	0.272532
0.988	0.301194
0.989	0.332871
0.99	0.367879
0.991	0.40657
0.992	0.449329
0.993	0.496585
0.994	0.548812
0.995	0.606531
0.996	0.67032
0.997	0.740818
0.998	0.818731
0.999	0.904837
