# Interpolation data for function: (exp(100*x)-1)/(exp(100)-1)
0	3.8575e-24
0.001	3.8575e-24
0.002	3.8575e-24
0.003	3.8575e-24
0.004	3.8575e-24
0.005	3.8575e-24
0.006	3.8575e-24
0.007	3.8575e-24
0.008	3.8575e-24
0.009	3.8575e-24
0.01	3.8575e-24
0.011	3.8575e-24
0.012	3.8575e-24
0.013	3.8575e-24
0.014	3.8575e-24
0.015	3.8575e-24
0.016	3.8575e-24
0.017	3.8575e-24
0.018	3.8575e-24
0.019	3.8575e-24
0.02	3.8575e-24
0.021	3.8575e-24
0.022	3.8575e-24
0.023	3.8575e-24
0.024	3.8575e-24
0.025	3.8575e-24
0.026	3.8575e-24
0.027	3.8575e-24
0.028	3.8575e-24
0.029	3.8575e-24
0.03	3.8575e-24
0.031	3.8575e-24
0.032	3.8575e-24
0.033	3.8575e-24
0.034	3.8575e-24
0.035	3.8575e-24
0.036	3.8575e-24
0.037	3.8575e-24
0.038	3.8575e-24
0.039	3.8575e-24
0.04	3.8575e-24
0.041	3.8575e-24
0.042	3.8575e-24
0.043	3.8575e-24
0.044	3.8575e-24
0.045	3.8575e-24
0.046	3.8575e-24
0.047	3.8575e-24
0.048	3.8575e-24
0.049	3.8575e-24
0.05	3.8575e-24
0.051	3.8575e-24
0.052	3.8575e-24
0.053	3.8575e-24
0.054	3.8575e-24
0.055	3.8575e-24
0.056	3.8575e-24
0.057	3.8575e-24
0.058	3.8575e-24
0.059	3.8575e-24
0.06	3.8575e-24
0.061	3.8575e-24
0.062	3.8575e-24
0.063	3.8575e-24
0.064	3.8575e-24
0.065	3.8575e-24
0.066	3.8575e-24
0.067	3.8575e-24
0.068	3.8575e-24
0.069	3.8575e-24
0.07	3.8575e-24
0.071	3.8575e-24
0.072	3.8575e-24
0.073	3.8575e-24
0.074	3.8575e-24
0.075	3.8575e-24
0.076	3.8575e-24
0.077	3.8575e-24
0.078	3.8575e-24
0.079	3.8575e-24
0.08	3.8575e-24
0.081	3.8575e-24
0.082	3.8575e-24
0.083	3.8575e-24
0.084	3.8575e-24
0.085	3.8575e-24
0.086	3.8575e-24
0.087	3.8575e-24
0.088	3.8575e-24
0.089	3.8575e-24
0.09	3.8575e-24
0.091	3.8575e-24
0.092	3.8575e-24
0.093	3.8575e-24
0.094	3.8575e-24
0.095	3.8575e-24
0.096	3.8575e-24
0.097	3.8575e-24
0.098	3.8575e-24
0.099	3.8575e-24
0.1	3.8575e-24
0.101	3.8575e-24
0.102	3.8575e-24
0.103	3.8575e-24
0.104	3.8575e-24
0.105	3.8575e-24
0.106	3.8575e-24
0.107	3.8575e-24
0.108	3.8575e-24
0.109	3.8575e-24
0.11	3.8575e-24
0.111	3.8575e-24
0.112	3.8575e-24
0.113	3.8575e-24
0.114	3.8575e-24
0.115	3.8575e-24
0.116	3.8575e-24
0.117	3.8575e-24
0.118	3.8575e-24
0.119	3.8575e-24
0.12	3.8575e-24
0.121	3.8575e-24
0.122	3.8575e-24
0.123	3.8575e-24
0.124	3.8575e-24
0.125	3.8575e-24
0.126	3.8575e-24
0.127	3.8575e-24
0.128	3.8575e-24
0.129	3.8575e-24
0.13	3.8575e-24
0.131	3.8575e-24
0.132	3.8575e-24
0.133	3.8575e-24
0.134	3.8575e-24
0.135	3.8575e-24
0.136	3.8575e-24
0.137	3.8575e-24
0.138	3.8575e-24
0.139	3.8575e-24
0.14	3.8575e-24
0.141	3.8575e-24
0.142	3.8575e-24
0.143	3.8575e-24
0.144	3.8575e-24
0.145	3.8575e-24
0.146	3.8575e-24
0.147	3.8575e-24
0.148	3.8575e-24
0.149	3.8575e-24
0.15	3.8575e-24
0.151	3.8575e-24
0.152	3.8575e-24
0.153	3.8575e-24
0.154	3.8575e-24
0.155	3.8575e-24
0.156	3.8575e-24
0.157	3.8575e-24
0.158	3.8575e-24
0.159	3.8575e-24
0.16	3.8575e-24
0.161	3.8575e-24
0.162	3.8575e-24
0.163	3.8575e-24
0.164	3.8575e-24
0.165	3.8575e-24
0.166	3.8575e-24
0.167	3.8575e-24
0.168	3.8575e-24
0.169	3.8575e-24
0.17	3.8575e-24
0.171	3.8575e-24
0.172	3.8575e-24
0.173	3.8575e-24
0.174	3.8575e-24
0.175	3.8575e-24
0.176	3.8575e-24
0.177	3.8575e-24
0.178	3.8575e-24
0.179	3.8575e-24
0.18	3.8575e-24
0.181	3.8575e-24
0.182	3.8575e-24
0.183	3.8575e-24
0.184	3.8575e-24
0.185	3.8575e-24
0.186	3.8575e-24
0.187	3.8575e-24
0.188	3.8575e-24
0.189	3.8575e-24
0.19	3.8575e-24
0.191	3.8575e-24
0.192	3.8575e-24
0.193	3.8575e-24
0.194	3.8575e-24
0.195	3.8575e-24
0.196	3.8575e-24
0.197	3.8575e-24
0.198	3.8575e-24
0.199	3.8575e-24
0.2	3.8575e-24
0.201	3.8575e-24
0.202	3.8575e-24
0.203	3.8575e-24
0.204	3.8575e-24
0.205	3.8575e-24
0.206	3.8575e-24
0.207	3.8575e-24
0.208	3.8575e-24
0.209	3.8575e-24
0.21	3.8575e-24
0.211	3.8575e-24
0.212	3.8575e-24
0.213	3.8575e-24
0.214	3.8575e-24
0.215	3.8575e-24
0.216	3.8575e-24
0.217	3.8575e-24
0.218	3.8575e-24
0.219	3.8575e-24
0.22	3.8575e-24
0.221	3.8575e-24
0.222	3.8575e-24
0.223	3.8575e-24
0.224	3.8575e-24
0.225	3.8575e-24
0.226	3.8575e-24
0.227	3.8575e-24
0.228	3.8575e-24
0.229	3.8575e-24
0.23	3.8575e-24
0.231	3.8575e-24
0.232	3.8575e-24
0.233	3.8575e-24
0.234	3.8575e-24
0.235	3.8575e-24
0.236	3.8575e-24
0.237	3.8575e-24
0.238	3.8575e-24
0.239	3.8575e-24
0.24	3.8575e-24
0.241	3.8575e-24
0.242	3.8575e-24
0.243	3.8575e-24
0.244	3.8575e-24
0.245	3.8575e-24
0.246	3.8575e-24
0.247	3.8575e-24
0.248	3.8575e-24
0.249	3.8575e-24
0.25	3.8575e-24
0.251	3.8575e-24
0.252	3.8575e-24
0.253	3.8575e-24
0.254	3.8575e-24
0.255	3.8575e-24
0.256	3.8575e-24
0.257	3.8575e-24
0.258	3.8575e-24
0.259	3.8575e-24
0.26	3.8575e-24
0.261	3.8575e-24
0.262	3.8575e-24
0.263	3.8575e-24
0.264	3.8575e-24
0.265	3.8575e-24
0.266	3.8575e-24
0.267	3.8575e-24
0.268	3.8575e-24
0.269	3.8575e-24
0.27	3.8575e-24
0.271	3.8575e-24
0.272	3.8575e-24
0.273	3.8575e-24
0.274	3.8575e-24
0.275	3.8575e-24
0.276	3.8575e-24
0.277	3.8575e-24
0.278	3.8575e-24
0.279	3.8575e-24
0.28	3.8575e-24
0.281	3.8575e-24
0.282	3.8575e-24
0.283	3.8575e-24
0.284	3.8575e-24
0.285	3.8575e-24
0.286	3.8575e-24
0.287	3.8575e-24
0.288	3.8575e-24
0.289	3.8575e-24
0.29	3.8575e-24
0.291	3.8575e-24
0.292	3.8575e-24
0.293	3.8575e-24
0.294	3.8575e-24
0.295	3.8575e-24
0.296	3.8575e-24
0.297	3.8575e-24
0.298	3.8575e-24
0.299	3.8575e-24
0.3	3.8575e-24
0.301	3.8575e-24
0.302	3.8575e-24
0.303	3.8575e-24
0.304	3.8575e-24
0.305	3.8575e-24
0.306	3.8575e-24
0.307	3.8575e-24
0.308	3.8575e-24
0.309	3.8575e-24
0.31	3.8575e-24
0.311	3.8575e-24
0.312	3.8575e-24
0.313	3.8575e-24
0.314	3.8575e-24
0.315	3.8575e-24
0.316	3.8575e-24
0.317	3.8575e-24
0.318	3.8575e-24
0.319	3.8575e-24
0.32	3.8575e-24
0.321	3.8575e-24
0.322	3.8575e-24
0.323	3.8575e-24
0.324	3.8575e-24
0.325	3.8575e-24
0.326	3.8575e-24
0.327	3.8575e-24
0.328	3.8575e-24
0.329	3.8575e-24
0.33	3.8575e-24
0.331	3.8575e-24
0.332	3.8575e-24
0.333	3.8575e-24
0.334	3.8575e-24
0.335	3.8575e-24
0.336	3.8575e-24
0.337	3.8575e-24
0.338	3.8575e-24
0.339	3.8575e-24
0.34	3.8575e-24
0.341	3.8575e-24
0.342	3.8575e-24
0.343	3.8575e-24
0.344	3.8575e-24
0.345	3.8575e-24
0.346	3.8575e-24
0.347	3.8575e-24
0.348	3.8575e-24
0.349	3.8575e-24
0.35	3.8575e-24
0.351	3.8575e-24
0.352	3.8575e-24
0.353	3.8575e-24
0.354	3.8575e-24
0.355	3.8575e-24
0.356	3.8575e-24
0.357	3.8575e-24
0.358	3.8575e-24
0.359	3.8575e-24
0.36	3.8575e-24
0.361	3.8575e-24
0.362	3.8575e-24
0.363	3.8575e-24
0.364	3.8575e-24
0.365	3.8575e-24
0.366	3.8575e-24
0.367	3.8575e-24
0.368	3.8575e-24
0.369	3.8575e-24
0.37	3.8575e-24
0.371	3.8575e-24
0.372	3.8575e-24
0.373	3.8575e-24
0.374	3.8575e-24
0.375	3.8575e-24
0.376	3.8575e-24
0.377	3.8575e-24
0.378	3.8575e-24
0.379	3.8575e-24
0.38	3.8575e-24
0.381	3.8575e-24
0.382	3.8575e-24
0.383	3.8575e-24
0.384	3.8575e-24
0.385	3.8575e-24
0.386	3.8575e-24
0.387	3.8575e-24
0.388	3.8575e-24
0.389	3.8575e-24
0.39	3.8575e-24
0.391	3.8575e-24
0.392	3.8575e-24
0.393	3.8575e-24
0.394	3.8575e-24
0.395	3.8575e-24
0.396	3.8575e-24
0.397	3.8575e-24
0.398	3.8575e-24
0.399	3.8575e-24
0.4	3.8575e-24
0.401	3.8575e-24
0.402	3.8575e-24
0.403	3.8575e-24
0.404	3.8575e-24
0.405	3.8575e-24
0.406	3.8575e-24
0.407	3.8575e-24
0.408	3.8575e-24
0.409	3.8575e-24
0.41	3.8575e-24
0.411	3.8575e-24
0.412	3.8575e-24
0.413	3.8575e-24
0.414	3.8575e-24
0.415	3.8575e-24
0.416	3.8575e-24
0.417	3.8575e-24
0.418	3.8575e-24
0.419	3.8575e-24
0.42	3.8575e-24
0.421	3.8575e-24
0.422	3.8575e-24
0.423	3.8575e-24
0.424	3.8575e-24
0.425	3.8575e-24
0.426	3.8575e-24
0.427	3.8575e-24
0.428	3.8575e-24
0.429	3.8575e-24
0.43	3.8575e-24
0.431	3.8575e-24
0.432	3.8575e-24
0.433	3.8575e-24
0.434	3.8575e-24
0.435	3.8575e-24
0.436	3.8575e-24
0.437	3.8575e-24
0.438	3.8575e-24
0.439	3.8575e-24
0.44	3.8575e-24
0.441	3.8575e-24
0.442	3.8575e-24
0.443	3.8575e-24
0.444	3.8575e-24
0.445	3.8575e-24
0.446	3.8575e-24
0.447	3.8575e-24
0.448	3.8575e-24
0.449	3.8575e-24
0.45	3.8575e-24
0.451	3.8575e-24
0.452	3.8575e-24
0.453	3.8575e-24
0.454	3.8575e-24
0.455	3.8575e-24
0.456	3.8575e-24
0.457	3.8575e-24
0.458	3.8575e-24
0.459	3.8575e-24
0.46	3.8575e-24
0.461	3.8575e-24
0.462	3.8575e-24
0.463	3.8575e-24
0.464	3.8575e-24
0.465	3.8575e-24
0.466	3.8575e-24
0.467	3.8575e-24
0.468	3.8575e-24
0.469	3.8575e-24
0.47	3.8575e-24
0.471	3.8575e-24
0.472	3.8575e-24
0.473	3.8575e-24
0.474	3.8575e-24
0.475	3.8575e-24
0.476	3.8575e-24
0.477	3.8575e-24
0.478	3.8575e-24
0.479	3.8575e-24
0.48	3.8575e-24
0.481	3.8575e-24
0.482	3.8575e-24
0.483	3.8575e-24
0.484	3.8575e-24
0.485	3.8575e-24
0.486	3.8575e-24
0.487	3.8575e-24
0.488	3.8575e-24
0.489	3.8575e-24
0.49	3.8575e-24
0.491	3.8575e-24
0.492	3.8575e-24
0.493	3.8575e-24
0.494	3.8575e-24
0.495	3.8575e-24
0.496	3.8575e-24
0.497	3.8575e-24
0.498	3.8575e-24
0.499	3.8575e-24
0.5	5.55518e-13
0.501	5.55518e-13
0.502	5.55518e-13
0.503	5.55518e-13
0.504	5.55518e-13
0.505	5.55518e-13
0.506	5.55518e-13
0.507	5.55518e-13
0.508	5.55518e-13
0.509	5.55518e-13
0.51	5.55518e-13
0.511	5.55518e-13
0.512	5.55518e-13
0.513	5.55518e-13
0.514	5.55518e-13
0.515	5.55518e-13
0.516	5.55518e-13
0.517	5.55518e-13
0.518	5.55518e-13
0.519	5.55518e-13
0.52	5.55518e-13
0.521	5.55518e-13
0.522	5.55518e-13
0.523	5.55518e-13
0.524	5.55518e-13
0.525	5.55518e-13
0.526	5.55518e-13
0.527	5.55518e-13
0.528	5.55518e-13
0.529	5.55518e-13
0.53	5.55518e-13
0.531	5.55518e-13
0.532	5.55518e-13
0.533	5.55518e-13
0.534	5.55518e-13
0.535	5.55518e-13
0.536	5.55518e-13
0.537	5.55518e-13
0.538	5.55518e-13
0.539	5.55518e-13
0.54	5.55518e-13
0.541	5.55518e-13
0.542	5.55518e-13
0.543	5.55518e-13
0.544	5.55518e-13
0.545	5.55518e-13
0.546	5.55518e-13
0.547	5.55518e-13
0.548	5.55518e-13
0.549	5.55518e-13
0.55	5.55518e-13
0.551	5.55518e-13
0.552	5.55518e-13
0.553	5.55518e-13
0.554	5.55518e-13
0.555	5.55518e-13
0.556	5.55518e-13
0.557	5.55518e-13
0.558	5.55518e-13
0.559	5.55518e-13
0.56	5.55518e-13
0.561	5.55518e-13
0.562	5.55518e-13
0.563	5.55518e-13
0.564	5.55518e-13
0.565	5.55518e-13
0.566	5.55518e-13
0.567	5.55518e-13
0.568	5.55518e-13
0.569	5.55518e-13
0.57	5.55518e-13
0.571	5.55518e-13
0.572	5.55518e-13
0.573	5.55518e-13
0.574	5.55518e-13
0.575	5.55518e-13
0.576	5.55518e-13
0.577	5.55518e-13
0.578	5.55518e-13
0.579	5.55518e-13
0.58	5.55518e-13
0.581	5.55518e-13
0.582	5.55518e-13
0.583	5.55518e-13
0.584	5.55518e-13
0.585	5.55518e-13
0.586	5.55518e-13
0.587	5.55518e-13
0.588	5.55518e-13
0.589	5.55518e-13
0.59	5.55518e-13
0.591	5.55518e-13
0.592	5.55518e-13
0.593	5.55518e-13
0.594	5.55518e-13
0.595	5.55518e-13
0.596	5.55518e-13
0.597	5.55518e-13
0.598	5.55518e-13
0.599	5.55518e-13
0.6	5.55518e-13
0.601	5.55518e-13
0.602	5.55518e-13
0.603	5.55518e-13
0.604	5.55518e-13
0.605	5.55518e-13
0.606	5.55518e-13
0.607	5.55518e-13
0.608	5.55518e-13
0.609	5.55518e-13
0.61	5.55518e-13
0.611	5.55518e-13
0.612	5.55518e-13
0.613	5.55518e-13
0.614	5.55518e-13
0.615	5.55518e-13
0.616	5.55518e-13
0.617	5.55518e-13
0.618	5.55518e-13
0.619	5.55518e-13
0.62	5.55518e-13
0.621	5.55518e-13
0.622	5.55518e-13
0.623	5.55518e-13
0.624	5.55518e-13
0.625	5.55518e-13
0.626	5.55518e-13
0.627	5.55518e-13
0.628	5.55518e-13
0.629	5.55518e-13
0.63	5.55518e-13
0.631	5.55518e-13
0.632	5.55518e-13
0.633	5.55518e-13
0.634	5.55518e-13
0.635	5.55518e-13
0.636	5.55518e-13
0.637	5.55518e-13
0.638	5.55518e-13
0.639	5.55518e-13
0.64	5.55518e-13
0.641	5.55518e-13
0.642	5.55518e-13
0.643	5.55518e-13
0.644	5.55518e-13
0.645	5.55518e-13
0.646	5.55518e-13
0.647	5.55518e-13
0.648	5.55518e-13
0.649	5.55518e-13
0.65	5.55518e-13
0.651	5.55518e-13
0.652	5.55518e-13
0.653	5.55518e-13
0.654	5.55518e-13
0.655	5.55518e-13
0.656	5.55518e-13
0.657	5.55518e-13
0.658	5.55518e-13
0.659	5.55518e-13
0.66	5.55518e-13
0.661	5.55518e-13
0.662	5.55518e-13
0.663	5.55518e-13
0.664	5.55518e-13
0.665	5.55518e-13
0.666	5.55518e-13
0.667	5.55518e-13
0.668	5.55518e-13
0.669	5.55518e-13
0.67	5.55518e-13
0.671	5.55518e-13
0.672	5.55518e-13
0.673	5.55518e-13
0.674	5.55518e-13
0.675	5.55518e-13
0.676	5.55518e-13
0.677	5.55518e-13
0.678	5.55518e-13
0.679	5.55518e-13
0.68	5.55518e-13
0.681	5.55518e-13
0.682	5.55518e-13
0.683	5.55518e-13
0.684	5.55518e-13
0.685	5.55518e-13
0.686	5.55518e-13
0.687	5.55518e-13
0.688	5.55518e-13
0.689	5.55518e-13
0.69	5.55518e-13
0.691	5.55518e-13
0.692	5.55518e-13
0.693	5.55518e-13
0.694	5.55518e-13
0.695	5.55518e-13
0.696	5.55518e-13
0.697	5.55518e-13
0.698	5.55518e-13
0.699	5.55518e-13
0.7	5.55518e-13
0.701	5.55518e-13
0.702	5.55518e-13
0.703	5.55518e-13
0.704	5.55518e-13
0.705	5.55518e-13
0.706	5.55518e-13
0.707	5.55518e-13
0.708	5.55518e-13
0.709	5.55518e-13
0.71	5.55518e-13
0.711	5.55518e-13
0.712	5.55518e-13
0.713	5.55518e-13
0.714	5.55518e-13
0.715	5.55518e-13
0.716	5.55518e-13
0.717	5.55518e-13
0.718	5.55518e-13
0.719	5.55518e-13
0.72	5.55518e-13
0.721	5.55518e-13
0.722	5.55518e-13
0.723	5.55518e-13
0.724	5.55518e-13
0.725	5.55518e-13
0.726	5.55518e-13
0.727	5.55518e-13
0.728	5.55518e-13
0.729	5.55518e-13
0.73	5.55518e-13
0.731	5.55518e-13
0.732	5.55518e-13
0.733	5.55518e-13
0.734	5.55518e-13
0.735	5.55518e-13
0.736	5.55518e-13
0.737	5.55518e-13
0.738	5.55518e-13
0.739	5.55518e-13
0.74	5.55518e-13
0.741	5.55518e-13
0.742	5.55518e-13
0.743	5.55518e-13
0.744	5.55518e-13
0.745	5.55518e-13
0.746	5.55518e-13
0.747	5.55518e-13
0.748	5.55518e-13
0.749	5.55518e-13
0.75	0.08544
0.751	0.082598
0.752	0.0797859
0.753	0.0770038
0.754	0.0742515
0.755	0.0715292
0.756	0.0688368
0.757	0.0661744
0.758	0.0635418
0.759	0.0609392
0.76	0.0583665
0.761	0.0558237
0.762	0.0533108
0.763	0.0508279
0.764	0.0483748
0.765	0.0459517
0.766	0.0435586
0.767	0.0411953
0.768	0.038862
0.769	0.0365586
0.77	0.0342851
0.771	0.0320415
0.772	0.0298278
0.773	0.0276441
0.774	0.0254903
0.775	0.0233664
0.776	0.0212724
0.777	0.0192084
0.778	0.0171743
0.779	0.0151701
0.78	0.0131958
0.781	0.0112514
0.782	0.00933698
0.783	0.00745246
0.784	0.00559786
0.785	0.00377318
0.786	0.00197843
0.787	0.000213596
0.788	-0.00152132
0.789	-0.00322631
0.79	-0.00490138
0.791	-0.00654652
0.792	-0.00816175
0.793	-0.00974706
0.794	-0.0113024
0.795	-0.0128279
0.796	-0.0143234
0.797	-0.0157891
0.798	-0.0172248
0.799	-0.0186305
0.8	-0.0200064
0.801	-0.0213523
0.802	-0.0226683
0.803	-0.0239544
0.804	-0.0252106
0.805	-0.0264369
0.806	-0.0276332
0.807	-0.0287996
0.808	-0.0299361
0.809	-0.0310427
0.81	-0.0321193
0.811	-0.033166
0.812	-0.0341828
0.813	-0.0351697
0.814	-0.0361267
0.815	-0.0370537
0.816	-0.0379508
0.817	-0.038818
0.818	-0.0396553
0.819	-0.0404626
0.82	-0.0412401
0.821	-0.0419876
0.822	-0.0427052
0.823	-0.0433928
0.824	-0.0440506
0.825	-0.0446784
0.826	-0.0452763
0.827	-0.0458443
0.828	-0.0463823
0.829	-0.0468905
0.83	-0.0473687
0.831	-0.047817
0.832	-0.0482354
0.833	-0.0486238
0.834	-0.0489824
0.835	-0.049311
0.836	-0.0496097
0.837	-0.0498784
0.838	-0.0501173
0.839	-0.0503262
0.84	-0.0505052
0.841	-0.0506543
0.842	-0.0507735
0.843	-0.0508627
0.844	-0.050922
0.845	-0.0509514
0.846	-0.0509509
0.847	-0.0509205
0.848	-0.0508601
0.849	-0.0507698
0.85	-0.0506496
0.851	-0.0504995
0.852	-0.0503194
0.853	-0.0501095
0.854	-0.0498696
0.855	-0.0495997
0.856	-0.0493
0.857	-0.0489704
0.858	-0.0486108
0.859	-0.0482213
0.86	-0.0478019
0.861	-0.0473525
0.862	-0.0468733
0.863	-0.0463641
0.864	-0.045825
0.865	-0.0452559
0.866	-0.044657
0.867	-0.0440281
0.868	-0.0433693
0.869	-0.0426806
0.87	-0.041962
0.871	-0.0412134
0.872	-0.040435
0.873	-0.0396266
0.874	-0.0387882
0.875	-0.03792
0.876	-0.0370218
0.877	-0.0360938
0.878	-0.0351358
0.879	-0.0341478
0.88	-0.03313
0.881	-0.0320822
0.882	-0.0310045
0.883	-0.0298969
0.884	-0.0287594
0.885	-0.0275919
0.886	-0.0263946
0.887	-0.0251673
0.888	-0.0239101
0.889	-0.0226229
0.89	-0.0213059
0.891	-0.0199589
0.892	-0.018582
0.893	-0.0171752
0.894	-0.0157384
0.895	-0.0142717
0.896	-0.0127752
0.897	-0.0112487
0.898	-0.00969222
0.899	-0.00810587
0.9	-0.0064896
0.901	-0.00484341
0.902	-0.00316729
0.903	-0.00146126
0.904	0.000274698
0.905	0.00204058
0.906	0.00383638
0.907	0.0056621
0.908	0.00751774
0.909	0.0094033
0.91	0.0113188
0.911	0.0132642
0.912	0.0152395
0.913	0.0172448
0.914	0.0192799
0.915	0.021345
0.916	0.02344
0.917	0.025565
0.918	0.0277198
0.919	0.0299046
0.92	0.0321193
0.921	0.0343639
0.922	0.0366385
0.923	0.0389429
0.924	0.0412773
0.925	0.0436416
0.926	0.0460358
0.927	0.04846
0.928	0.050914
0.929	0.053398
0.93	0.0559119
0.931	0.0584558
0.932	0.0610295
0.933	0.0636332
0.934	0.0662668
0.935	0.0689303
0.936	0.0716237
0.937	0.0743471
0.938	0.0771004
0.939	0.0798836
0.94	0.0826967
0.941	0.0855397
0.942	0.0884127
0.943	0.0913156
0.944	0.0942484
0.945	0.0972111
0.946	0.100204
0.947	0.103226
0.948	0.106279
0.949	0.109361
0.95	0.112474
0.951	0.115616
0.952	0.118788
0.953	0.12199
0.954	0.125222
0.955	0.128484
0.956	0.131776
0.957	0.135098
0.958	0.138449
0.959	0.141831
0.96	0.145243
0.961	0.148684
0.962	0.152155
0.963	0.155657
0.964	0.159188
0.965	0.162749
0.966	0.16634
0.967	0.169961
0.968	0.173612
0.969	0.177293
0.97	0.181004
0.971	0.184744
0.972	0.188515
0.973	0.192316
0.974	0.196146
0.975	0.200006
0.976	0.203897
0.977	0.207817
0.978	0.211767
0.979	0.215747
0.98	0.219757
0.981	0.223797
0.982	0.227867
0.983	0.231967
0.984	0.236096
0.985	0.240256
0.986	0.244445
0.987	0.248665
0.988	0.252914
0.989	0.257193
0.99	0.261502
0.991	0.265842
0.992	0.270211
0.993	0.27461
0.994	0.279038
0.995	0.283497
0.996	0.287986
0.997	0.292505
0.998	0.297053
0.999	0.301632
