# Interpolation data for function: sqrt(x)
0	0.0358954
0.001	0.0427455
0.002	0.0493814
0.003	0.0558111
0.004	0.0620423
0.005	0.0680823
0.006	0.0739384
0.007	0.0796174
0.008	0.0851261
0.009	0.090471
0.01	0.0956584
0.011	0.100694
0.012	0.105585
0.013	0.110335
0.014	0.114951
0.015	0.119438
0.016	0.1238
0.017	0.128044
0.018	0.132173
0.019	0.136193
0.02	0.140107
0.021	0.14392
0.022	0.147636
0.023	0.151259
0.024	0.154793
0.025	0.158242
0.026	0.161608
0.027	0.164897
0.028	0.16811
0.029	0.171251
0.03	0.174323
0.031	0.17733
0.032	0.180273
0.033	0.183156
0.034	0.185981
0.035	0.18875
0.036	0.191467
0.037	0.194133
0.038	0.196751
0.039	0.199322
0.04	0.20185
0.041	0.204335
0.042	0.20678
0.043	0.209186
0.044	0.211555
0.045	0.21389
0.046	0.216191
0.047	0.218459
0.048	0.220697
0.049	0.222906
0.05	0.225087
0.051	0.227241
0.052	0.22937
0.053	0.231475
0.054	0.233556
0.055	0.235615
0.056	0.237653
0.057	0.239671
0.058	0.241669
0.059	0.243649
0.06	0.245611
0.061	0.247557
0.062	0.249486
0.063	0.2514
0.064	0.253299
0.065	0.255184
0.066	0.257055
0.067	0.258913
0.068	0.260759
0.069	0.262593
0.07	0.264415
0.071	0.266226
0.072	0.268027
0.073	0.269817
0.074	0.271597
0.075	0.273368
0.076	0.27513
0.077	0.276882
0.078	0.278626
0.079	0.280362
0.08	0.282089
0.081	0.283809
0.082	0.285521
0.083	0.287226
0.084	0.288923
0.085	0.290613
0.086	0.292296
0.087	0.293972
0.088	0.295642
0.089	0.297305
0.09	0.298961
0.091	0.300612
0.092	0.302256
0.093	0.303893
0.094	0.305525
0.095	0.307151
0.096	0.308771
0.097	0.310385
0.098	0.311993
0.099	0.313595
0.1	0.315191
0.101	0.316782
0.102	0.318367
0.103	0.319946
0.104	0.32152
0.105	0.323088
0.106	0.32465
0.107	0.326207
0.108	0.327758
0.109	0.329304
0.11	0.330844
0.111	0.332378
0.112	0.333906
0.113	0.33543
0.114	0.336947
0.115	0.338459
0.116	0.339965
0.117	0.341466
0.118	0.342961
0.119	0.34445
0.12	0.345934
0.121	0.347412
0.122	0.348884
0.123	0.350351
0.124	0.351812
0.125	0.353268
0.126	0.354717
0.127	0.356161
0.128	0.3576
0.129	0.359033
0.13	0.36046
0.131	0.361881
0.132	0.363297
0.133	0.364707
0.134	0.366111
0.135	0.36751
0.136	0.368903
0.137	0.37029
0.138	0.371672
0.139	0.373048
0.14	0.374419
0.141	0.375784
0.142	0.377143
0.143	0.378497
0.144	0.379845
0.145	0.381188
0.146	0.382525
0.147	0.383857
0.148	0.385183
0.149	0.386504
0.15	0.387819
0.151	0.389129
0.152	0.390434
0.153	0.391733
0.154	0.393027
0.155	0.394316
0.156	0.395599
0.157	0.396878
0.158	0.398151
0.159	0.399419
0.16	0.400682
0.161	0.401939
0.162	0.403192
0.163	0.40444
0.164	0.405683
0.165	0.406921
0.166	0.408154
0.167	0.409383
0.168	0.410606
0.169	0.411825
0.17	0.41304
0.171	0.414249
0.172	0.415454
0.173	0.416655
0.174	0.417851
0.175	0.419043
0.176	0.42023
0.177	0.421413
0.178	0.422592
0.179	0.423767
0.18	0.424937
0.181	0.426104
0.182	0.427266
0.183	0.428424
0.184	0.429579
0.185	0.430729
0.186	0.431876
0.187	0.433019
0.188	0.434158
0.189	0.435293
0.19	0.436425
0.191	0.437553
0.192	0.438678
0.193	0.439799
0.194	0.440917
0.195	0.442032
0.196	0.443143
0.197	0.444251
0.198	0.445356
0.199	0.446457
0.2	0.447556
0.201	0.448651
0.202	0.449744
0.203	0.450833
0.204	0.45192
0.205	0.453004
0.206	0.454085
0.207	0.455163
0.208	0.456239
0.209	0.457311
0.21	0.458382
0.211	0.459449
0.212	0.460514
0.213	0.461577
0.214	0.462637
0.215	0.463695
0.216	0.464751
0.217	0.465804
0.218	0.466855
0.219	0.467903
0.22	0.46895
0.221	0.469994
0.222	0.471036
0.223	0.472076
0.224	0.473114
0.225	0.47415
0.226	0.475184
0.227	0.476217
0.228	0.477247
0.229	0.478275
0.23	0.479301
0.231	0.480326
0.232	0.481349
0.233	0.48237
0.234	0.483389
0.235	0.484407
0.236	0.485423
0.237	0.486437
0.238	0.48745
0.239	0.488461
0.24	0.48947
0.241	0.490478
0.242	0.491484
0.243	0.492489
0.244	0.493492
0.245	0.494494
0.246	0.495494
0.247	0.496493
0.248	0.49749
0.249	0.498486
0.25	0.499481
0.251	0.500474
0.252	0.501465
0.253	0.502456
0.254	0.503445
0.255	0.504432
0.256	0.505419
0.257	0.506403
0.258	0.507387
0.259	0.508369
0.26	0.50935
0.261	0.51033
0.262	0.511308
0.263	0.512285
0.264	0.513261
0.265	0.514235
0.266	0.515209
0.267	0.516181
0.268	0.517151
0.269	0.51812
0.27	0.519088
0.271	0.520055
0.272	0.521021
0.273	0.521985
0.274	0.522948
0.275	0.52391
0.276	0.52487
0.277	0.525829
0.278	0.526787
0.279	0.527743
0.28	0.528699
0.281	0.529652
0.282	0.530605
0.283	0.531556
0.284	0.532506
0.285	0.533455
0.286	0.534403
0.287	0.535349
0.288	0.536293
0.289	0.537237
0.29	0.538179
0.291	0.53912
0.292	0.540059
0.293	0.540997
0.294	0.541934
0.295	0.542869
0.296	0.543803
0.297	0.544736
0.298	0.545667
0.299	0.546597
0.3	0.547525
0.301	0.548452
0.302	0.549378
0.303	0.550302
0.304	0.551224
0.305	0.552146
0.306	0.553065
0.307	0.553984
0.308	0.554901
0.309	0.555816
0.31	0.55673
0.311	0.557643
0.312	0.558554
0.313	0.559463
0.314	0.560371
0.315	0.561278
0.316	0.562183
0.317	0.563086
0.318	0.563988
0.319	0.564888
0.32	0.565787
0.321	0.566685
0.322	0.56758
0.323	0.568475
0.324	0.569367
0.325	0.570258
0.326	0.571148
0.327	0.572036
0.328	0.572922
0.329	0.573807
0.33	0.574691
0.331	0.575572
0.332	0.576452
0.333	0.577331
0.334	0.578208
0.335	0.579083
0.336	0.579957
0.337	0.580829
0.338	0.581699
0.339	0.582568
0.34	0.583436
0.341	0.584301
0.342	0.585165
0.343	0.586028
0.344	0.586889
0.345	0.587748
0.346	0.588606
0.347	0.589462
0.348	0.590316
0.349	0.591169
0.35	0.592021
0.351	0.59287
0.352	0.593719
0.353	0.594565
0.354	0.59541
0.355	0.596254
0.356	0.597095
0.357	0.597936
0.358	0.598774
0.359	0.599611
0.36	0.600447
0.361	0.601281
0.362	0.602114
0.363	0.602944
0.364	0.603774
0.365	0.604602
0.366	0.605428
0.367	0.606253
0.368	0.607076
0.369	0.607898
0.37	0.608719
0.371	0.609537
0.372	0.610355
0.373	0.611171
0.374	0.611985
0.375	0.612798
0.376	0.61361
0.377	0.61442
0.378	0.615229
0.379	0.616036
0.38	0.616842
0.381	0.617647
0.382	0.61845
0.383	0.619252
0.384	0.620053
0.385	0.620852
0.386	0.62165
0.387	0.622446
0.388	0.623241
0.389	0.624035
0.39	0.624828
0.391	0.625619
0.392	0.626409
0.393	0.627198
0.394	0.627986
0.395	0.628772
0.396	0.629558
0.397	0.630342
0.398	0.631124
0.399	0.631906
0.4	0.632687
0.401	0.633466
0.402	0.634244
0.403	0.635021
0.404	0.635797
0.405	0.636572
0.406	0.637346
0.407	0.638119
0.408	0.63889
0.409	0.639661
0.41	0.640431
0.411	0.641199
0.412	0.641967
0.413	0.642734
0.414	0.643499
0.415	0.644264
0.416	0.645028
0.417	0.64579
0.418	0.646552
0.419	0.647313
0.42	0.648073
0.421	0.648833
0.422	0.649591
0.423	0.650349
0.424	0.651105
0.425	0.651861
0.426	0.652616
0.427	0.65337
0.428	0.654124
0.429	0.654876
0.43	0.655628
0.431	0.656379
0.432	0.657129
0.433	0.657879
0.434	0.658628
0.435	0.659376
0.436	0.660123
0.437	0.66087
0.438	0.661616
0.439	0.662361
0.44	0.663106
0.441	0.66385
0.442	0.664594
0.443	0.665336
0.444	0.666079
0.445	0.66682
0.446	0.667561
0.447	0.668301
0.448	0.669041
0.449	0.66978
0.45	0.670519
0.451	0.671257
0.452	0.671994
0.453	0.672731
0.454	0.673467
0.455	0.674203
0.456	0.674938
0.457	0.675673
0.458	0.676407
0.459	0.677141
0.46	0.677874
0.461	0.678607
0.462	0.679339
0.463	0.680071
0.464	0.680802
0.465	0.681533
0.466	0.682263
0.467	0.682993
0.468	0.683722
0.469	0.684451
0.47	0.685179
0.471	0.685907
0.472	0.686634
0.473	0.687361
0.474	0.688088
0.475	0.688814
0.476	0.689539
0.477	0.690265
0.478	0.690989
0.479	0.691713
0.48	0.692437
0.481	0.693161
0.482	0.693883
0.483	0.694606
0.484	0.695328
0.485	0.696049
0.486	0.69677
0.487	0.697491
0.488	0.698211
0.489	0.698931
0.49	0.69965
0.491	0.700369
0.492	0.701087
0.493	0.701805
0.494	0.702522
0.495	0.703239
0.496	0.703955
0.497	0.704671
0.498	0.705387
0.499	0.706102
0.5	0.706816
0.501	0.70753
0.502	0.708244
0.503	0.708957
0.504	0.709669
0.505	0.710381
0.506	0.711093
0.507	0.711804
0.508	0.712514
0.509	0.713224
0.51	0.713933
0.511	0.714642
0.512	0.715351
0.513	0.716058
0.514	0.716766
0.515	0.717472
0.516	0.718178
0.517	0.718884
0.518	0.719589
0.519	0.720293
0.52	0.720997
0.521	0.7217
0.522	0.722403
0.523	0.723105
0.524	0.723806
0.525	0.724507
0.526	0.725207
0.527	0.725906
0.528	0.726605
0.529	0.727303
0.53	0.728001
0.531	0.728698
0.532	0.729394
0.533	0.730089
0.534	0.730784
0.535	0.731478
0.536	0.732172
0.537	0.732865
0.538	0.733557
0.539	0.734248
0.54	0.734939
0.541	0.735629
0.542	0.736318
0.543	0.737007
0.544	0.737695
0.545	0.738382
0.546	0.739068
0.547	0.739753
0.548	0.740438
0.549	0.741122
0.55	0.741805
0.551	0.742488
0.552	0.74317
0.553	0.743851
0.554	0.744531
0.555	0.74521
0.556	0.745889
0.557	0.746566
0.558	0.747243
0.559	0.747919
0.56	0.748595
0.561	0.749269
0.562	0.749943
0.563	0.750616
0.564	0.751288
0.565	0.751959
0.566	0.752629
0.567	0.753299
0.568	0.753968
0.569	0.754636
0.57	0.755303
0.571	0.755969
0.572	0.756634
0.573	0.757299
0.574	0.757962
0.575	0.758625
0.576	0.759287
0.577	0.759948
0.578	0.760608
0.579	0.761268
0.58	0.761926
0.581	0.762584
0.582	0.763241
0.583	0.763897
0.584	0.764552
0.585	0.765206
0.586	0.76586
0.587	0.766512
0.588	0.767164
0.589	0.767815
0.59	0.768465
0.591	0.769114
0.592	0.769763
0.593	0.77041
0.594	0.771057
0.595	0.771703
0.596	0.772348
0.597	0.772992
0.598	0.773636
0.599	0.774278
0.6	0.77492
0.601	0.775561
0.602	0.776202
0.603	0.776841
0.604	0.77748
0.605	0.778118
0.606	0.778755
0.607	0.779391
0.608	0.780027
0.609	0.780661
0.61	0.781296
0.611	0.781929
0.612	0.782562
0.613	0.783193
0.614	0.783825
0.615	0.784455
0.616	0.785085
0.617	0.785714
0.618	0.786342
0.619	0.78697
0.62	0.787597
0.621	0.788223
0.622	0.788849
0.623	0.789473
0.624	0.790098
0.625	0.790721
0.626	0.791345
0.627	0.791967
0.628	0.792589
0.629	0.79321
0.63	0.793831
0.631	0.794451
0.632	0.79507
0.633	0.795689
0.634	0.796307
0.635	0.796925
0.636	0.797542
0.637	0.798159
0.638	0.798775
0.639	0.799391
0.64	0.800006
0.641	0.800621
0.642	0.801235
0.643	0.801849
0.644	0.802462
0.645	0.803075
0.646	0.803687
0.647	0.804299
0.648	0.804911
0.649	0.805522
0.65	0.806133
0.651	0.806743
0.652	0.807353
0.653	0.807963
0.654	0.808572
0.655	0.809181
0.656	0.809789
0.657	0.810397
0.658	0.811005
0.659	0.811613
0.66	0.81222
0.661	0.812827
0.662	0.813433
0.663	0.81404
0.664	0.814646
0.665	0.815251
0.666	0.815857
0.667	0.816462
0.668	0.817067
0.669	0.817672
0.67	0.818276
0.671	0.818881
0.672	0.819485
0.673	0.820089
0.674	0.820692
0.675	0.821296
0.676	0.821899
0.677	0.822502
0.678	0.823105
0.679	0.823708
0.68	0.82431
0.681	0.824913
0.682	0.825515
0.683	0.826117
0.684	0.826719
0.685	0.827321
0.686	0.827922
0.687	0.828524
0.688	0.829125
0.689	0.829726
0.69	0.830327
0.691	0.830928
0.692	0.831529
0.693	0.83213
0.694	0.832731
0.695	0.833331
0.696	0.833931
0.697	0.834532
0.698	0.835132
0.699	0.835732
0.7	0.836332
0.701	0.836931
0.702	0.837531
0.703	0.838131
0.704	0.83873
0.705	0.839329
0.706	0.839928
0.707	0.840528
0.708	0.841126
0.709	0.841725
0.71	0.842324
0.711	0.842922
0.712	0.843521
0.713	0.844119
0.714	0.844717
0.715	0.845315
0.716	0.845913
0.717	0.84651
0.718	0.847108
0.719	0.847705
0.72	0.848302
0.721	0.848899
0.722	0.849496
0.723	0.850092
0.724	0.850689
0.725	0.851285
0.726	0.851881
0.727	0.852477
0.728	0.853072
0.729	0.853667
0.73	0.854262
0.731	0.854857
0.732	0.855451
0.733	0.856046
0.734	0.85664
0.735	0.857233
0.736	0.857827
0.737	0.85842
0.738	0.859012
0.739	0.859605
0.74	0.860197
0.741	0.860788
0.742	0.86138
0.743	0.861971
0.744	0.862561
0.745	0.863152
0.746	0.863742
0.747	0.864331
0.748	0.86492
0.749	0.865509
0.75	0.866097
0.751	0.866684
0.752	0.867272
0.753	0.867859
0.754	0.868445
0.755	0.869031
0.756	0.869616
0.757	0.870201
0.758	0.870785
0.759	0.871369
0.76	0.871952
0.761	0.872535
0.762	0.873117
0.763	0.873699
0.764	0.87428
0.765	0.87486
0.766	0.87544
0.767	0.876019
0.768	0.876598
0.769	0.877176
0.77	0.877753
0.771	0.87833
0.772	0.878906
0.773	0.879481
0.774	0.880056
0.775	0.88063
0.776	0.881203
0.777	0.881776
0.778	0.882348
0.779	0.882919
0.78	0.883489
0.781	0.884059
0.782	0.884628
0.783	0.885197
0.784	0.885764
0.785	0.886331
0.786	0.886898
0.787	0.887463
0.788	0.888028
0.789	0.888592
0.79	0.889155
0.791	0.889717
0.792	0.890279
0.793	0.89084
0.794	0.8914
0.795	0.89196
0.796	0.892518
0.797	0.893076
0.798	0.893633
0.799	0.89419
0.8	0.894745
0.801	0.8953
0.802	0.895854
0.803	0.896408
0.804	0.89696
0.805	0.897512
0.806	0.898064
0.807	0.898614
0.808	0.899164
0.809	0.899713
0.81	0.900261
0.811	0.900809
0.812	0.901356
0.813	0.901902
0.814	0.902448
0.815	0.902992
0.816	0.903537
0.817	0.90408
0.818	0.904623
0.819	0.905166
0.82	0.905708
0.821	0.906249
0.822	0.906789
0.823	0.907329
0.824	0.907869
0.825	0.908408
0.826	0.908946
0.827	0.909484
0.828	0.910021
0.829	0.910558
0.83	0.911095
0.831	0.911631
0.832	0.912166
0.833	0.912702
0.834	0.913236
0.835	0.913771
0.836	0.914305
0.837	0.914838
0.838	0.915372
0.839	0.915905
0.84	0.916438
0.841	0.91697
0.842	0.917503
0.843	0.918035
0.844	0.918566
0.845	0.919098
0.846	0.91963
0.847	0.920161
0.848	0.920692
0.849	0.921224
0.85	0.921755
0.851	0.922286
0.852	0.922817
0.853	0.923348
0.854	0.923879
0.855	0.92441
0.856	0.924941
0.857	0.925472
0.858	0.926003
0.859	0.926534
0.86	0.927066
0.861	0.927597
0.862	0.928129
0.863	0.928661
0.864	0.929193
0.865	0.929725
0.866	0.930257
0.867	0.93079
0.868	0.931323
0.869	0.931856
0.87	0.932389
0.871	0.932923
0.872	0.933457
0.873	0.933992
0.874	0.934526
0.875	0.935061
0.876	0.935596
0.877	0.936132
0.878	0.936668
0.879	0.937204
0.88	0.937741
0.881	0.938278
0.882	0.938816
0.883	0.939353
0.884	0.939892
0.885	0.94043
0.886	0.940969
0.887	0.941508
0.888	0.942048
0.889	0.942588
0.89	0.943128
0.891	0.943668
0.892	0.944209
0.893	0.94475
0.894	0.945292
0.895	0.945833
0.896	0.946375
0.897	0.946917
0.898	0.94746
0.899	0.948002
0.9	0.948545
0.901	0.949088
0.902	0.94963
0.903	0.950173
0.904	0.950716
0.905	0.951259
0.906	0.951802
0.907	0.952345
0.908	0.952888
0.909	0.953431
0.91	0.953974
0.911	0.954516
0.912	0.955058
0.913	0.9556
0.914	0.956142
0.915	0.956683
0.916	0.957223
0.917	0.957764
0.918	0.958303
0.919	0.958842
0.92	0.959381
0.921	0.959919
0.922	0.960456
0.923	0.960992
0.924	0.961527
0.925	0.962062
0.926	0.962595
0.927	0.963128
0.928	0.963659
0.929	0.96419
0.93	0.964719
0.931	0.965247
0.932	0.965774
0.933	0.966299
0.934	0.966823
0.935	0.967346
0.936	0.967867
0.937	0.968386
0.938	0.968904
0.939	0.969421
0.94	0.969935
0.941	0.970448
0.942	0.97096
0.943	0.971469
0.944	0.971977
0.945	0.972483
0.946	0.972987
0.947	0.973489
0.948	0.97399
0.949	0.974488
0.95	0.974985
0.951	0.97548
0.952	0.975973
0.953	0.976464
0.954	0.976954
0.955	0.977441
0.956	0.977928
0.957	0.978412
0.958	0.978895
0.959	0.979376
0.96	0.979856
0.961	0.980335
0.962	0.980813
0.963	0.981289
0.964	0.981765
0.965	0.98224
0.966	0.982714
0.967	0.983188
0.968	0.983662
0.969	0.984135
0.97	0.98461
0.971	0.985084
0.972	0.98556
0.973	0.986037
0.974	0.986515
0.975	0.986995
0.976	0.987477
0.977	0.987962
0.978	0.98845
0.979	0.988941
0.98	0.989437
0.981	0.989937
0.982	0.990442
0.983	0.990952
0.984	0.991469
0.985	0.991993
0.986	0.992525
0.987	0.993065
0.988	0.993614
0.989	0.994174
0.99	0.994744
0.991	0.995325
0.992	0.99592
0.993	0.996528
0.994	0.997151
0.995	0.99779
0.996	0.998446
0.997	0.999121
0.998	0.999815
0.999	1.00053
