# Interpolation data for function: sqrt(x)
0	0.126995
0.001	0.128898
0.002	0.130797
0.003	0.132692
0.004	0.134583
0.005	0.136471
0.006	0.138355
0.007	0.140235
0.008	0.142111
0.009	0.143983
0.01	0.145852
0.011	0.147717
0.012	0.149578
0.013	0.151436
0.014	0.15329
0.015	0.15514
0.016	0.156986
0.017	0.158828
0.018	0.160667
0.019	0.162502
0.02	0.164334
0.021	0.166162
0.022	0.167986
0.023	0.169806
0.024	0.171622
0.025	0.173435
0.026	0.175245
0.027	0.17705
0.028	0.178852
0.029	0.180651
0.03	0.182445
0.031	0.184236
0.032	0.186024
0.033	0.187807
0.034	0.189587
0.035	0.191364
0.036	0.193137
0.037	0.194906
0.038	0.196671
0.039	0.198433
0.04	0.200192
0.041	0.201946
0.042	0.203698
0.043	0.205445
0.044	0.207189
0.045	0.20893
0.046	0.210667
0.047	0.2124
0.048	0.21413
0.049	0.215856
0.05	0.217579
0.051	0.219298
0.052	0.221013
0.053	0.222725
0.054	0.224434
0.055	0.226139
0.056	0.22784
0.057	0.229538
0.058	0.231233
0.059	0.232924
0.06	0.234611
0.061	0.236295
0.062	0.237976
0.063	0.239653
0.064	0.241326
0.065	0.242996
0.066	0.244663
0.067	0.246326
0.068	0.247986
0.069	0.249642
0.07	0.251295
0.071	0.252944
0.072	0.25459
0.073	0.256233
0.074	0.257872
0.075	0.259508
0.076	0.26114
0.077	0.262769
0.078	0.264394
0.079	0.266016
0.08	0.267635
0.081	0.26925
0.082	0.270862
0.083	0.272471
0.084	0.274076
0.085	0.275678
0.086	0.277276
0.087	0.278872
0.088	0.280463
0.089	0.282052
0.09	0.283637
0.091	0.285219
0.092	0.286797
0.093	0.288372
0.094	0.289944
0.095	0.291513
0.096	0.293078
0.097	0.29464
0.098	0.296198
0.099	0.297754
0.1	0.299306
0.101	0.300855
0.102	0.3024
0.103	0.303942
0.104	0.305481
0.105	0.307017
0.106	0.30855
0.107	0.310079
0.108	0.311605
0.109	0.313128
0.11	0.314647
0.111	0.316163
0.112	0.317677
0.113	0.319186
0.114	0.320693
0.115	0.322197
0.116	0.323697
0.117	0.325194
0.118	0.326688
0.119	0.328179
0.12	0.329666
0.121	0.331151
0.122	0.332632
0.123	0.33411
0.124	0.335585
0.125	0.337057
0.126	0.338525
0.127	0.339991
0.128	0.341453
0.129	0.342912
0.13	0.344368
0.131	0.345821
0.132	0.347271
0.133	0.348718
0.134	0.350162
0.135	0.351602
0.136	0.35304
0.137	0.354474
0.138	0.355905
0.139	0.357334
0.14	0.358759
0.141	0.360181
0.142	0.3616
0.143	0.363016
0.144	0.364429
0.145	0.365839
0.146	0.367246
0.147	0.36865
0.148	0.370051
0.149	0.371448
0.15	0.372843
0.151	0.374235
0.152	0.375624
0.153	0.37701
0.154	0.378392
0.155	0.379772
0.156	0.381149
0.157	0.382523
0.158	0.383894
0.159	0.385262
0.16	0.386627
0.161	0.387989
0.162	0.389348
0.163	0.390704
0.164	0.392057
0.165	0.393407
0.166	0.394754
0.167	0.396099
0.168	0.39744
0.169	0.398779
0.17	0.400114
0.171	0.401447
0.172	0.402777
0.173	0.404104
0.174	0.405428
0.175	0.406749
0.176	0.408067
0.177	0.409383
0.178	0.410695
0.179	0.412005
0.18	0.413312
0.181	0.414616
0.182	0.415917
0.183	0.417215
0.184	0.418511
0.185	0.419803
0.186	0.421093
0.187	0.42238
0.188	0.423664
0.189	0.424946
0.19	0.426224
0.191	0.4275
0.192	0.428773
0.193	0.430043
0.194	0.431311
0.195	0.432576
0.196	0.433837
0.197	0.435097
0.198	0.436353
0.199	0.437607
0.2	0.438857
0.201	0.440106
0.202	0.441351
0.203	0.442594
0.204	0.443834
0.205	0.445071
0.206	0.446305
0.207	0.447537
0.208	0.448766
0.209	0.449992
0.21	0.451216
0.211	0.452437
0.212	0.453655
0.213	0.454871
0.214	0.456084
0.215	0.457294
0.216	0.458502
0.217	0.459707
0.218	0.460909
0.219	0.462109
0.22	0.463306
0.221	0.4645
0.222	0.465692
0.223	0.466881
0.224	0.468068
0.225	0.469252
0.226	0.470433
0.227	0.471612
0.228	0.472788
0.229	0.473961
0.23	0.475132
0.231	0.4763
0.232	0.477466
0.233	0.478629
0.234	0.47979
0.235	0.480948
0.236	0.482104
0.237	0.483257
0.238	0.484407
0.239	0.485555
0.24	0.4867
0.241	0.487843
0.242	0.488983
0.243	0.490121
0.244	0.491256
0.245	0.492389
0.246	0.493519
0.247	0.494647
0.248	0.495772
0.249	0.496895
0.25	0.498015
0.251	0.499133
0.252	0.500248
0.253	0.501361
0.254	0.502471
0.255	0.503579
0.256	0.504685
0.257	0.505788
0.258	0.506889
0.259	0.507987
0.26	0.509082
0.261	0.510176
0.262	0.511267
0.263	0.512355
0.264	0.513441
0.265	0.514525
0.266	0.515606
0.267	0.516685
0.268	0.517762
0.269	0.518836
0.27	0.519908
0.271	0.520977
0.272	0.522044
0.273	0.523109
0.274	0.524171
0.275	0.525231
0.276	0.526289
0.277	0.527344
0.278	0.528397
0.279	0.529447
0.28	0.530496
0.281	0.531542
0.282	0.532585
0.283	0.533627
0.284	0.534666
0.285	0.535703
0.286	0.536737
0.287	0.537769
0.288	0.538799
0.289	0.539827
0.29	0.540852
0.291	0.541875
0.292	0.542896
0.293	0.543915
0.294	0.544931
0.295	0.545945
0.296	0.546957
0.297	0.547967
0.298	0.548974
0.299	0.54998
0.3	0.550983
0.301	0.551983
0.302	0.552982
0.303	0.553978
0.304	0.554973
0.305	0.555965
0.306	0.556954
0.307	0.557942
0.308	0.558928
0.309	0.559911
0.31	0.560892
0.311	0.561871
0.312	0.562848
0.313	0.563823
0.314	0.564795
0.315	0.565766
0.316	0.566734
0.317	0.5677
0.318	0.568664
0.319	0.569626
0.32	0.570586
0.321	0.571544
0.322	0.572499
0.323	0.573453
0.324	0.574404
0.325	0.575353
0.326	0.576301
0.327	0.577246
0.328	0.578189
0.329	0.57913
0.33	0.580069
0.331	0.581006
0.332	0.581941
0.333	0.582874
0.334	0.583805
0.335	0.584734
0.336	0.585661
0.337	0.586585
0.338	0.587508
0.339	0.588429
0.34	0.589348
0.341	0.590265
0.342	0.591179
0.343	0.592092
0.344	0.593003
0.345	0.593912
0.346	0.594819
0.347	0.595724
0.348	0.596627
0.349	0.597528
0.35	0.598427
0.351	0.599324
0.352	0.600219
0.353	0.601112
0.354	0.602004
0.355	0.602893
0.356	0.603781
0.357	0.604666
0.358	0.60555
0.359	0.606432
0.36	0.607311
0.361	0.608189
0.362	0.609066
0.363	0.60994
0.364	0.610812
0.365	0.611683
0.366	0.612551
0.367	0.613418
0.368	0.614283
0.369	0.615146
0.37	0.616007
0.371	0.616867
0.372	0.617724
0.373	0.61858
0.374	0.619434
0.375	0.620286
0.376	0.621136
0.377	0.621985
0.378	0.622831
0.379	0.623676
0.38	0.624519
0.381	0.625361
0.382	0.6262
0.383	0.627038
0.384	0.627874
0.385	0.628708
0.386	0.629541
0.387	0.630371
0.388	0.6312
0.389	0.632028
0.39	0.632853
0.391	0.633677
0.392	0.634499
0.393	0.635319
0.394	0.636138
0.395	0.636955
0.396	0.63777
0.397	0.638584
0.398	0.639396
0.399	0.640206
0.4	0.641014
0.401	0.641821
0.402	0.642626
0.403	0.643429
0.404	0.644231
0.405	0.645031
0.406	0.64583
0.407	0.646627
0.408	0.647422
0.409	0.648216
0.41	0.649007
0.411	0.649798
0.412	0.650586
0.413	0.651374
0.414	0.652159
0.415	0.652943
0.416	0.653725
0.417	0.654506
0.418	0.655285
0.419	0.656063
0.42	0.656838
0.421	0.657613
0.422	0.658386
0.423	0.659157
0.424	0.659927
0.425	0.660695
0.426	0.661461
0.427	0.662227
0.428	0.66299
0.429	0.663752
0.43	0.664513
0.431	0.665272
0.432	0.666029
0.433	0.666785
0.434	0.667539
0.435	0.668292
0.436	0.669044
0.437	0.669794
0.438	0.670542
0.439	0.671289
0.44	0.672035
0.441	0.672779
0.442	0.673522
0.443	0.674263
0.444	0.675003
0.445	0.675741
0.446	0.676478
0.447	0.677213
0.448	0.677947
0.449	0.67868
0.45	0.679411
0.451	0.680141
0.452	0.680869
0.453	0.681596
0.454	0.682322
0.455	0.683046
0.456	0.683769
0.457	0.68449
0.458	0.68521
0.459	0.685929
0.46	0.686646
0.461	0.687362
0.462	0.688077
0.463	0.68879
0.464	0.689502
0.465	0.690213
0.466	0.690922
0.467	0.69163
0.468	0.692337
0.469	0.693042
0.47	0.693746
0.471	0.694449
0.472	0.69515
0.473	0.69585
0.474	0.696549
0.475	0.697247
0.476	0.697943
0.477	0.698638
0.478	0.699332
0.479	0.700024
0.48	0.700715
0.481	0.701405
0.482	0.702094
0.483	0.702782
0.484	0.703468
0.485	0.704153
0.486	0.704837
0.487	0.705519
0.488	0.706201
0.489	0.706881
0.49	0.70756
0.491	0.708238
0.492	0.708914
0.493	0.70959
0.494	0.710264
0.495	0.710937
0.496	0.711609
0.497	0.71228
0.498	0.712949
0.499	0.713617
0.5	0.714285
0.501	0.714951
0.502	0.715616
0.503	0.71628
0.504	0.716942
0.505	0.717604
0.506	0.718264
0.507	0.718924
0.508	0.719582
0.509	0.720239
0.51	0.720895
0.511	0.72155
0.512	0.722204
0.513	0.722857
0.514	0.723509
0.515	0.724159
0.516	0.724809
0.517	0.725457
0.518	0.726105
0.519	0.726751
0.52	0.727397
0.521	0.728041
0.522	0.728684
0.523	0.729327
0.524	0.729968
0.525	0.730608
0.526	0.731248
0.527	0.731886
0.528	0.732523
0.529	0.733159
0.53	0.733795
0.531	0.734429
0.532	0.735062
0.533	0.735695
0.534	0.736326
0.535	0.736957
0.536	0.737586
0.537	0.738215
0.538	0.738842
0.539	0.739469
0.54	0.740094
0.541	0.740719
0.542	0.741343
0.543	0.741966
0.544	0.742588
0.545	0.743209
0.546	0.743829
0.547	0.744449
0.548	0.745067
0.549	0.745684
0.55	0.746301
0.551	0.746917
0.552	0.747532
0.553	0.748146
0.554	0.748759
0.555	0.749371
0.556	0.749983
0.557	0.750593
0.558	0.751203
0.559	0.751812
0.56	0.75242
0.561	0.753028
0.562	0.753634
0.563	0.75424
0.564	0.754845
0.565	0.755449
0.566	0.756052
0.567	0.756654
0.568	0.757256
0.569	0.757857
0.57	0.758457
0.571	0.759056
0.572	0.759655
0.573	0.760253
0.574	0.76085
0.575	0.761446
0.576	0.762042
0.577	0.762637
0.578	0.763231
0.579	0.763824
0.58	0.764417
0.581	0.765009
0.582	0.7656
0.583	0.766191
0.584	0.76678
0.585	0.76737
0.586	0.767958
0.587	0.768546
0.588	0.769133
0.589	0.769719
0.59	0.770305
0.591	0.77089
0.592	0.771475
0.593	0.772058
0.594	0.772642
0.595	0.773224
0.596	0.773806
0.597	0.774387
0.598	0.774968
0.599	0.775548
0.6	0.776127
0.601	0.776706
0.602	0.777284
0.603	0.777862
0.604	0.778439
0.605	0.779015
0.606	0.779591
0.607	0.780166
0.608	0.780741
0.609	0.781315
0.61	0.781888
0.611	0.782461
0.612	0.783033
0.613	0.783605
0.614	0.784177
0.615	0.784747
0.616	0.785318
0.617	0.785887
0.618	0.786457
0.619	0.787025
0.62	0.787593
0.621	0.788161
0.622	0.788728
0.623	0.789295
0.624	0.789861
0.625	0.790427
0.626	0.790992
0.627	0.791557
0.628	0.792121
0.629	0.792685
0.63	0.793249
0.631	0.793812
0.632	0.794374
0.633	0.794936
0.634	0.795498
0.635	0.796059
0.636	0.79662
0.637	0.79718
0.638	0.79774
0.639	0.7983
0.64	0.798859
0.641	0.799417
0.642	0.799976
0.643	0.800534
0.644	0.801091
0.645	0.801649
0.646	0.802205
0.647	0.802762
0.648	0.803318
0.649	0.803874
0.65	0.804429
0.651	0.804984
0.652	0.805539
0.653	0.806093
0.654	0.806648
0.655	0.807201
0.656	0.807755
0.657	0.808308
0.658	0.808861
0.659	0.809413
0.66	0.809965
0.661	0.810517
0.662	0.811069
0.663	0.81162
0.664	0.812172
0.665	0.812722
0.666	0.813273
0.667	0.813823
0.668	0.814373
0.669	0.814923
0.67	0.815473
0.671	0.816022
0.672	0.816571
0.673	0.81712
0.674	0.817669
0.675	0.818217
0.676	0.818765
0.677	0.819313
0.678	0.819861
0.679	0.820409
0.68	0.820956
0.681	0.821504
0.682	0.822051
0.683	0.822598
0.684	0.823144
0.685	0.823691
0.686	0.824237
0.687	0.824784
0.688	0.82533
0.689	0.825876
0.69	0.826422
0.691	0.826967
0.692	0.827513
0.693	0.828059
0.694	0.828604
0.695	0.829149
0.696	0.829694
0.697	0.830239
0.698	0.830784
0.699	0.831329
0.7	0.831874
0.701	0.832419
0.702	0.832963
0.703	0.833508
0.704	0.834053
0.705	0.834597
0.706	0.835142
0.707	0.835686
0.708	0.83623
0.709	0.836775
0.71	0.837319
0.711	0.837863
0.712	0.838407
0.713	0.838952
0.714	0.839496
0.715	0.84004
0.716	0.840584
0.717	0.841128
0.718	0.841673
0.719	0.842217
0.72	0.842761
0.721	0.843306
0.722	0.84385
0.723	0.844394
0.724	0.844939
0.725	0.845483
0.726	0.846028
0.727	0.846573
0.728	0.847117
0.729	0.847662
0.73	0.848207
0.731	0.848752
0.732	0.849297
0.733	0.849842
0.734	0.850387
0.735	0.850932
0.736	0.851478
0.737	0.852023
0.738	0.852569
0.739	0.853115
0.74	0.853661
0.741	0.854207
0.742	0.854753
0.743	0.855299
0.744	0.855846
0.745	0.856392
0.746	0.856939
0.747	0.857486
0.748	0.858033
0.749	0.858581
0.75	0.859128
0.751	0.859676
0.752	0.860224
0.753	0.860772
0.754	0.86132
0.755	0.861869
0.756	0.862418
0.757	0.862967
0.758	0.863516
0.759	0.864065
0.76	0.864615
0.761	0.865165
0.762	0.865715
0.763	0.866265
0.764	0.866816
0.765	0.867367
0.766	0.867918
0.767	0.86847
0.768	0.869022
0.769	0.869574
0.77	0.870126
0.771	0.870679
0.772	0.871232
0.773	0.871785
0.774	0.872338
0.775	0.872892
0.776	0.873446
0.777	0.874001
0.778	0.874556
0.779	0.875111
0.78	0.875667
0.781	0.876223
0.782	0.876779
0.783	0.877335
0.784	0.877892
0.785	0.87845
0.786	0.879007
0.787	0.879566
0.788	0.880124
0.789	0.880683
0.79	0.881242
0.791	0.881802
0.792	0.882362
0.793	0.882923
0.794	0.883484
0.795	0.884045
0.796	0.884607
0.797	0.885169
0.798	0.885732
0.799	0.886295
0.8	0.886858
0.801	0.887422
0.802	0.887987
0.803	0.888552
0.804	0.889117
0.805	0.889683
0.806	0.89025
0.807	0.890817
0.808	0.891384
0.809	0.891952
0.81	0.89252
0.811	0.893089
0.812	0.893659
0.813	0.894228
0.814	0.894799
0.815	0.89537
0.816	0.895941
0.817	0.896514
0.818	0.897086
0.819	0.897659
0.82	0.898233
0.821	0.898807
0.822	0.899382
0.823	0.899958
0.824	0.900534
0.825	0.90111
0.826	0.901687
0.827	0.902265
0.828	0.902844
0.829	0.903423
0.83	0.904002
0.831	0.904583
0.832	0.905163
0.833	0.905745
0.834	0.906327
0.835	0.90691
0.836	0.907493
0.837	0.908077
0.838	0.908662
0.839	0.909247
0.84	0.909833
0.841	0.91042
0.842	0.911007
0.843	0.911595
0.844	0.912184
0.845	0.912773
0.846	0.913364
0.847	0.913954
0.848	0.914546
0.849	0.915138
0.85	0.915731
0.851	0.916325
0.852	0.916919
0.853	0.917514
0.854	0.91811
0.855	0.918707
0.856	0.919304
0.857	0.919902
0.858	0.920501
0.859	0.921101
0.86	0.921701
0.861	0.922303
0.862	0.922905
0.863	0.923507
0.864	0.924111
0.865	0.924715
0.866	0.925321
0.867	0.925927
0.868	0.926533
0.869	0.927141
0.87	0.927749
0.871	0.928359
0.872	0.928969
0.873	0.92958
0.874	0.930192
0.875	0.930804
0.876	0.931418
0.877	0.932032
0.878	0.932647
0.879	0.933263
0.88	0.93388
0.881	0.934498
0.882	0.935117
0.883	0.935737
0.884	0.936357
0.885	0.936979
0.886	0.937601
0.887	0.938224
0.888	0.938849
0.889	0.939474
0.89	0.9401
0.891	0.940727
0.892	0.941355
0.893	0.941984
0.894	0.942614
0.895	0.943244
0.896	0.943876
0.897	0.944509
0.898	0.945143
0.899	0.945777
0.9	0.946413
0.901	0.94705
0.902	0.947687
0.903	0.948326
0.904	0.948966
0.905	0.949606
0.906	0.950248
0.907	0.950891
0.908	0.951534
0.909	0.952179
0.91	0.952825
0.911	0.953472
0.912	0.95412
0.913	0.954769
0.914	0.955419
0.915	0.95607
0.916	0.956722
0.917	0.957375
0.918	0.95803
0.919	0.958685
0.92	0.959342
0.921	0.959999
0.922	0.960658
0.923	0.961318
0.924	0.961979
0.925	0.962641
0.926	0.963304
0.927	0.963968
0.928	0.964633
0.929	0.9653
0.93	0.965968
0.931	0.966637
0.932	0.967307
0.933	0.967978
0.934	0.96865
0.935	0.969324
0.936	0.969998
0.937	0.970674
0.938	0.971351
0.939	0.972029
0.94	0.972709
0.941	0.97339
0.942	0.974071
0.943	0.974754
0.944	0.975439
0.945	0.976124
0.946	0.976811
0.947	0.977499
0.948	0.978188
0.949	0.978879
0.95	0.97957
0.951	0.980263
0.952	0.980958
0.953	0.981653
0.954	0.98235
0.955	0.983048
0.956	0.983747
0.957	0.984448
0.958	0.98515
0.959	0.985853
0.96	0.986558
0.961	0.987264
0.962	0.987971
0.963	0.988679
0.964	0.989389
0.965	0.9901
0.966	0.990813
0.967	0.991526
0.968	0.992242
0.969	0.992958
0.97	0.993676
0.971	0.994395
0.972	0.995116
0.973	0.995838
0.974	0.996561
0.975	0.997286
0.976	0.998012
0.977	0.99874
0.978	0.999469
0.979	1.0002
0.98	1.00093
0.981	1.00166
0.982	1.0024
0.983	1.00313
0.984	1.00387
0.985	1.00461
0.986	1.00535
0.987	1.00609
0.988	1.00684
0.989	1.00758
0.99	1.00833
0.991	1.00907
0.992	1.00982
0.993	1.01057
0.994	1.01133
0.995	1.01208
0.996	1.01283
0.997	1.01359
0.998	1.01435
0.999	1.01511
