# Interpolation data for function: sqrt(x)
0	0.027319
0.001	0.036211
0.002	0.0446322
0.003	0.0526124
0.004	0.0601793
0.005	0.0673594
0.006	0.0741778
0.007	0.0806579
0.008	0.086822
0.009	0.0926911
0.01	0.0982849
0.011	0.103622
0.012	0.10872
0.013	0.113595
0.014	0.118264
0.015	0.122739
0.016	0.127035
0.017	0.131165
0.018	0.135141
0.019	0.138974
0.02	0.142674
0.021	0.146251
0.022	0.149715
0.023	0.153073
0.024	0.156334
0.025	0.159505
0.026	0.162593
0.027	0.165604
0.028	0.168544
0.029	0.171419
0.03	0.174234
0.031	0.176993
0.032	0.1797
0.033	0.18236
0.034	0.184976
0.035	0.187552
0.036	0.19009
0.037	0.192593
0.038	0.195064
0.039	0.197505
0.04	0.199918
0.041	0.202305
0.042	0.204669
0.043	0.207009
0.044	0.209328
0.045	0.211627
0.046	0.213907
0.047	0.216169
0.048	0.218414
0.049	0.220642
0.05	0.222855
0.051	0.225052
0.052	0.227234
0.053	0.229403
0.054	0.231557
0.055	0.233698
0.056	0.235825
0.057	0.237939
0.058	0.24004
0.059	0.242128
0.06	0.244203
0.061	0.246266
0.062	0.248316
0.063	0.250353
0.064	0.252377
0.065	0.254388
0.066	0.256387
0.067	0.258373
0.068	0.260346
0.069	0.262307
0.07	0.264254
0.071	0.266189
0.072	0.26811
0.073	0.270019
0.074	0.271915
0.075	0.273798
0.076	0.275667
0.077	0.277524
0.078	0.279368
0.079	0.281199
0.08	0.283017
0.081	0.284821
0.082	0.286613
0.083	0.288393
0.084	0.290159
0.085	0.291913
0.086	0.293654
0.087	0.295383
0.088	0.2971
0.089	0.298804
0.09	0.300496
0.091	0.302176
0.092	0.303844
0.093	0.305501
0.094	0.307146
0.095	0.308779
0.096	0.310402
0.097	0.312013
0.098	0.313614
0.099	0.315204
0.1	0.316784
0.101	0.318353
0.102	0.319912
0.103	0.321462
0.104	0.323002
0.105	0.324532
0.106	0.326054
0.107	0.327566
0.108	0.32907
0.109	0.330565
0.11	0.332052
0.111	0.333531
0.112	0.335002
0.113	0.336466
0.114	0.337922
0.115	0.339371
0.116	0.340812
0.117	0.342248
0.118	0.343676
0.119	0.345098
0.12	0.346514
0.121	0.347924
0.122	0.349328
0.123	0.350727
0.124	0.35212
0.125	0.353507
0.126	0.35489
0.127	0.356268
0.128	0.357641
0.129	0.359009
0.13	0.360373
0.131	0.361732
0.132	0.363087
0.133	0.364438
0.134	0.365785
0.135	0.367128
0.136	0.368468
0.137	0.369804
0.138	0.371136
0.139	0.372464
0.14	0.37379
0.141	0.375112
0.142	0.37643
0.143	0.377746
0.144	0.379058
0.145	0.380367
0.146	0.381673
0.147	0.382976
0.148	0.384276
0.149	0.385574
0.15	0.386868
0.151	0.388159
0.152	0.389448
0.153	0.390733
0.154	0.392016
0.155	0.393296
0.156	0.394573
0.157	0.395847
0.158	0.397118
0.159	0.398386
0.16	0.399652
0.161	0.400914
0.162	0.402174
0.163	0.40343
0.164	0.404684
0.165	0.405934
0.166	0.407182
0.167	0.408426
0.168	0.409667
0.169	0.410905
0.17	0.41214
0.171	0.413372
0.172	0.4146
0.173	0.415825
0.174	0.417047
0.175	0.418266
0.176	0.419481
0.177	0.420692
0.178	0.4219
0.179	0.423105
0.18	0.424306
0.181	0.425504
0.182	0.426698
0.183	0.427888
0.184	0.429075
0.185	0.430258
0.186	0.431437
0.187	0.432613
0.188	0.433785
0.189	0.434953
0.19	0.436117
0.191	0.437278
0.192	0.438434
0.193	0.439587
0.194	0.440736
0.195	0.441882
0.196	0.443023
0.197	0.444161
0.198	0.445295
0.199	0.446425
0.2	0.447551
0.201	0.448673
0.202	0.449792
0.203	0.450906
0.204	0.452018
0.205	0.453125
0.206	0.454229
0.207	0.455328
0.208	0.456425
0.209	0.457517
0.21	0.458606
0.211	0.459692
0.212	0.460774
0.213	0.461852
0.214	0.462928
0.215	0.463999
0.216	0.465068
0.217	0.466133
0.218	0.467194
0.219	0.468253
0.22	0.469308
0.221	0.470361
0.222	0.47141
0.223	0.472456
0.224	0.4735
0.225	0.47454
0.226	0.475578
0.227	0.476613
0.228	0.477645
0.229	0.478674
0.23	0.479701
0.231	0.480726
0.232	0.481748
0.233	0.482768
0.234	0.483785
0.235	0.4848
0.236	0.485813
0.237	0.486824
0.238	0.487832
0.239	0.488839
0.24	0.489844
0.241	0.490846
0.242	0.491847
0.243	0.492846
0.244	0.493844
0.245	0.494839
0.246	0.495834
0.247	0.496826
0.248	0.497817
0.249	0.498807
0.25	0.499795
0.251	0.500781
0.252	0.501767
0.253	0.502751
0.254	0.503733
0.255	0.504715
0.256	0.505695
0.257	0.506674
0.258	0.507652
0.259	0.508629
0.26	0.509605
0.261	0.51058
0.262	0.511554
0.263	0.512527
0.264	0.513498
0.265	0.514469
0.266	0.515439
0.267	0.516408
0.268	0.517376
0.269	0.518343
0.27	0.519308
0.271	0.520274
0.272	0.521238
0.273	0.522201
0.274	0.523163
0.275	0.524124
0.276	0.525084
0.277	0.526043
0.278	0.527002
0.279	0.527959
0.28	0.528915
0.281	0.52987
0.282	0.530824
0.283	0.531777
0.284	0.532729
0.285	0.533679
0.286	0.534629
0.287	0.535577
0.288	0.536524
0.289	0.537469
0.29	0.538414
0.291	0.539357
0.292	0.540298
0.293	0.541239
0.294	0.542177
0.295	0.543115
0.296	0.54405
0.297	0.544985
0.298	0.545917
0.299	0.546848
0.3	0.547778
0.301	0.548705
0.302	0.549631
0.303	0.550555
0.304	0.551477
0.305	0.552398
0.306	0.553316
0.307	0.554233
0.308	0.555148
0.309	0.556061
0.31	0.556971
0.311	0.55788
0.312	0.558787
0.313	0.559691
0.314	0.560594
0.315	0.561494
0.316	0.562392
0.317	0.563289
0.318	0.564182
0.319	0.565074
0.32	0.565964
0.321	0.566851
0.322	0.567736
0.323	0.568619
0.324	0.5695
0.325	0.570378
0.326	0.571254
0.327	0.572128
0.328	0.573
0.329	0.57387
0.33	0.574737
0.331	0.575603
0.332	0.576466
0.333	0.577327
0.334	0.578185
0.335	0.579042
0.336	0.579897
0.337	0.58075
0.338	0.5816
0.339	0.582449
0.34	0.583296
0.341	0.584141
0.342	0.584984
0.343	0.585825
0.344	0.586664
0.345	0.587502
0.346	0.588338
0.347	0.589173
0.348	0.590005
0.349	0.590837
0.35	0.591667
0.351	0.592495
0.352	0.593322
0.353	0.594148
0.354	0.594973
0.355	0.595796
0.356	0.596618
0.357	0.597439
0.358	0.598259
0.359	0.599079
0.36	0.599897
0.361	0.600714
0.362	0.601531
0.363	0.602347
0.364	0.603162
0.365	0.603977
0.366	0.604791
0.367	0.605605
0.368	0.606418
0.369	0.607231
0.37	0.608043
0.371	0.608855
0.372	0.609667
0.373	0.610479
0.374	0.61129
0.375	0.612102
0.376	0.612913
0.377	0.613724
0.378	0.614535
0.379	0.615346
0.38	0.616157
0.381	0.616968
0.382	0.617779
0.383	0.61859
0.384	0.619401
0.385	0.620212
0.386	0.621023
0.387	0.621834
0.388	0.622645
0.389	0.623456
0.39	0.624267
0.391	0.625078
0.392	0.625888
0.393	0.626699
0.394	0.62751
0.395	0.62832
0.396	0.62913
0.397	0.62994
0.398	0.630749
0.399	0.631558
0.4	0.632367
0.401	0.633175
0.402	0.633982
0.403	0.634789
0.404	0.635595
0.405	0.636401
0.406	0.637205
0.407	0.638008
0.408	0.638811
0.409	0.639612
0.41	0.640412
0.411	0.641211
0.412	0.642008
0.413	0.642804
0.414	0.643599
0.415	0.644391
0.416	0.645182
0.417	0.645971
0.418	0.646759
0.419	0.647544
0.42	0.648327
0.421	0.649109
0.422	0.649888
0.423	0.650664
0.424	0.651439
0.425	0.652211
0.426	0.652981
0.427	0.653748
0.428	0.654513
0.429	0.655275
0.43	0.656034
0.431	0.656791
0.432	0.657546
0.433	0.658298
0.434	0.659047
0.435	0.659794
0.436	0.660538
0.437	0.66128
0.438	0.66202
0.439	0.662757
0.44	0.663492
0.441	0.664225
0.442	0.664955
0.443	0.665684
0.444	0.666411
0.445	0.667136
0.446	0.66786
0.447	0.668582
0.448	0.669303
0.449	0.670023
0.45	0.670742
0.451	0.67146
0.452	0.672178
0.453	0.672896
0.454	0.673614
0.455	0.674332
0.456	0.67505
0.457	0.67577
0.458	0.67649
0.459	0.677211
0.46	0.677934
0.461	0.678658
0.462	0.679385
0.463	0.680113
0.464	0.680844
0.465	0.681577
0.466	0.682314
0.467	0.683052
0.468	0.683794
0.469	0.684539
0.47	0.685287
0.471	0.686039
0.472	0.686793
0.473	0.687551
0.474	0.688311
0.475	0.689074
0.476	0.68984
0.477	0.690607
0.478	0.691377
0.479	0.692147
0.48	0.692918
0.481	0.693689
0.482	0.694459
0.483	0.695226
0.484	0.695991
0.485	0.69675
0.486	0.697504
0.487	0.69825
0.488	0.698987
0.489	0.699712
0.49	0.700423
0.491	0.701117
0.492	0.701793
0.493	0.702446
0.494	0.703073
0.495	0.703671
0.496	0.704236
0.497	0.704762
0.498	0.705247
0.499	0.705683
0.5	0.707227
0.501	0.707928
0.502	0.708629
0.503	0.70933
0.504	0.710029
0.505	0.710729
0.506	0.711427
0.507	0.712125
0.508	0.712823
0.509	0.71352
0.51	0.714216
0.511	0.714912
0.512	0.715607
0.513	0.716301
0.514	0.716995
0.515	0.717688
0.516	0.718381
0.517	0.719073
0.518	0.719765
0.519	0.720456
0.52	0.721146
0.521	0.721836
0.522	0.722525
0.523	0.723214
0.524	0.723902
0.525	0.724589
0.526	0.725276
0.527	0.725962
0.528	0.726648
0.529	0.727333
0.53	0.728018
0.531	0.728702
0.532	0.729385
0.533	0.730068
0.534	0.73075
0.535	0.731432
0.536	0.732113
0.537	0.732794
0.538	0.733474
0.539	0.734153
0.54	0.734832
0.541	0.73551
0.542	0.736188
0.543	0.736865
0.544	0.737542
0.545	0.738218
0.546	0.738893
0.547	0.739568
0.548	0.740242
0.549	0.740916
0.55	0.741589
0.551	0.742262
0.552	0.742934
0.553	0.743606
0.554	0.744277
0.555	0.744947
0.556	0.745617
0.557	0.746286
0.558	0.746955
0.559	0.747623
0.56	0.748291
0.561	0.748958
0.562	0.749624
0.563	0.75029
0.564	0.750956
0.565	0.751621
0.566	0.752285
0.567	0.752949
0.568	0.753612
0.569	0.754275
0.57	0.754937
0.571	0.755599
0.572	0.75626
0.573	0.75692
0.574	0.75758
0.575	0.75824
0.576	0.758899
0.577	0.759557
0.578	0.760215
0.579	0.760872
0.58	0.761529
0.581	0.762185
0.582	0.762841
0.583	0.763496
0.584	0.76415
0.585	0.764805
0.586	0.765458
0.587	0.766111
0.588	0.766764
0.589	0.767416
0.59	0.768067
0.591	0.768718
0.592	0.769368
0.593	0.770018
0.594	0.770668
0.595	0.771316
0.596	0.771965
0.597	0.772612
0.598	0.77326
0.599	0.773906
0.6	0.774553
0.601	0.775198
0.602	0.775844
0.603	0.776488
0.604	0.777132
0.605	0.777776
0.606	0.778419
0.607	0.779062
0.608	0.779704
0.609	0.780345
0.61	0.780986
0.611	0.781627
0.612	0.782267
0.613	0.782906
0.614	0.783546
0.615	0.784184
0.616	0.784822
0.617	0.78546
0.618	0.786097
0.619	0.786733
0.62	0.787369
0.621	0.788004
0.622	0.788639
0.623	0.789274
0.624	0.789908
0.625	0.790541
0.626	0.791174
0.627	0.791807
0.628	0.792439
0.629	0.79307
0.63	0.793701
0.631	0.794332
0.632	0.794962
0.633	0.795591
0.634	0.79622
0.635	0.796849
0.636	0.797477
0.637	0.798104
0.638	0.798731
0.639	0.799358
0.64	0.799984
0.641	0.80061
0.642	0.801235
0.643	0.801859
0.644	0.802484
0.645	0.803107
0.646	0.80373
0.647	0.804353
0.648	0.804975
0.649	0.805597
0.65	0.806218
0.651	0.806839
0.652	0.807459
0.653	0.808079
0.654	0.808699
0.655	0.809317
0.656	0.809936
0.657	0.810554
0.658	0.811171
0.659	0.811788
0.66	0.812405
0.661	0.813021
0.662	0.813636
0.663	0.814251
0.664	0.814866
0.665	0.81548
0.666	0.816094
0.667	0.816707
0.668	0.81732
0.669	0.817932
0.67	0.818544
0.671	0.819155
0.672	0.819766
0.673	0.820377
0.674	0.820987
0.675	0.821596
0.676	0.822205
0.677	0.822814
0.678	0.823422
0.679	0.82403
0.68	0.824637
0.681	0.825244
0.682	0.82585
0.683	0.826456
0.684	0.827062
0.685	0.827667
0.686	0.828271
0.687	0.828875
0.688	0.829479
0.689	0.830082
0.69	0.830685
0.691	0.831287
0.692	0.831889
0.693	0.832491
0.694	0.833091
0.695	0.833692
0.696	0.834292
0.697	0.834892
0.698	0.835491
0.699	0.83609
0.7	0.836688
0.701	0.837286
0.702	0.837883
0.703	0.83848
0.704	0.839077
0.705	0.839673
0.706	0.840269
0.707	0.840864
0.708	0.841459
0.709	0.842053
0.71	0.842647
0.711	0.843241
0.712	0.843834
0.713	0.844427
0.714	0.845019
0.715	0.845611
0.716	0.846202
0.717	0.846793
0.718	0.847384
0.719	0.847974
0.72	0.848564
0.721	0.849153
0.722	0.849742
0.723	0.850331
0.724	0.850919
0.725	0.851506
0.726	0.852094
0.727	0.85268
0.728	0.853267
0.729	0.853853
0.73	0.854438
0.731	0.855023
0.732	0.855608
0.733	0.856192
0.734	0.856776
0.735	0.85736
0.736	0.857943
0.737	0.858526
0.738	0.859108
0.739	0.85969
0.74	0.860271
0.741	0.860852
0.742	0.861433
0.743	0.862013
0.744	0.862593
0.745	0.863172
0.746	0.863752
0.747	0.86433
0.748	0.864908
0.749	0.865486
0.75	0.866064
0.751	0.866641
0.752	0.867217
0.753	0.867794
0.754	0.86837
0.755	0.868945
0.756	0.86952
0.757	0.870095
0.758	0.870669
0.759	0.871243
0.76	0.871816
0.761	0.87239
0.762	0.872962
0.763	0.873535
0.764	0.874107
0.765	0.874678
0.766	0.875249
0.767	0.87582
0.768	0.876391
0.769	0.876961
0.77	0.87753
0.771	0.8781
0.772	0.878669
0.773	0.879237
0.774	0.879805
0.775	0.880373
0.776	0.88094
0.777	0.881507
0.778	0.882074
0.779	0.88264
0.78	0.883206
0.781	0.883772
0.782	0.884337
0.783	0.884902
0.784	0.885466
0.785	0.88603
0.786	0.886594
0.787	0.887157
0.788	0.88772
0.789	0.888283
0.79	0.888845
0.791	0.889407
0.792	0.889968
0.793	0.890529
0.794	0.89109
0.795	0.89165
0.796	0.89221
0.797	0.89277
0.798	0.893329
0.799	0.893888
0.8	0.894447
0.801	0.895005
0.802	0.895563
0.803	0.896121
0.804	0.896678
0.805	0.897235
0.806	0.897791
0.807	0.898347
0.808	0.898903
0.809	0.899458
0.81	0.900013
0.811	0.900568
0.812	0.901123
0.813	0.901677
0.814	0.90223
0.815	0.902784
0.816	0.903337
0.817	0.903889
0.818	0.904442
0.819	0.904994
0.82	0.905545
0.821	0.906096
0.822	0.906647
0.823	0.907198
0.824	0.907748
0.825	0.908298
0.826	0.908848
0.827	0.909397
0.828	0.909946
0.829	0.910495
0.83	0.911043
0.831	0.911591
0.832	0.912138
0.833	0.912686
0.834	0.913233
0.835	0.913779
0.836	0.914326
0.837	0.914871
0.838	0.915417
0.839	0.915962
0.84	0.916507
0.841	0.917052
0.842	0.917596
0.843	0.91814
0.844	0.918684
0.845	0.919227
0.846	0.919771
0.847	0.920313
0.848	0.920856
0.849	0.921398
0.85	0.92194
0.851	0.922481
0.852	0.923022
0.853	0.923563
0.854	0.924104
0.855	0.924644
0.856	0.925184
0.857	0.925723
0.858	0.926263
0.859	0.926801
0.86	0.92734
0.861	0.927879
0.862	0.928417
0.863	0.928954
0.864	0.929492
0.865	0.930029
0.866	0.930566
0.867	0.931102
0.868	0.931638
0.869	0.932174
0.87	0.93271
0.871	0.933245
0.872	0.93378
0.873	0.934315
0.874	0.93485
0.875	0.935384
0.876	0.935918
0.877	0.936451
0.878	0.936984
0.879	0.937517
0.88	0.93805
0.881	0.938582
0.882	0.939114
0.883	0.939646
0.884	0.940178
0.885	0.940709
0.886	0.94124
0.887	0.941771
0.888	0.942301
0.889	0.942831
0.89	0.943361
0.891	0.94389
0.892	0.94442
0.893	0.944949
0.894	0.945477
0.895	0.946006
0.896	0.946534
0.897	0.947062
0.898	0.947589
0.899	0.948116
0.9	0.948643
0.901	0.94917
0.902	0.949697
0.903	0.950223
0.904	0.950749
0.905	0.951274
0.906	0.9518
0.907	0.952325
0.908	0.95285
0.909	0.953374
0.91	0.953898
0.911	0.954422
0.912	0.954946
0.913	0.95547
0.914	0.955993
0.915	0.956516
0.916	0.957039
0.917	0.957561
0.918	0.958083
0.919	0.958605
0.92	0.959127
0.921	0.959648
0.922	0.960169
0.923	0.96069
0.924	0.961211
0.925	0.961731
0.926	0.962251
0.927	0.962771
0.928	0.963291
0.929	0.96381
0.93	0.964329
0.931	0.964848
0.932	0.965367
0.933	0.965885
0.934	0.966403
0.935	0.966921
0.936	0.967439
0.937	0.967956
0.938	0.968473
0.939	0.96899
0.94	0.969507
0.941	0.970023
0.942	0.970539
0.943	0.971055
0.944	0.971571
0.945	0.972086
0.946	0.972602
0.947	0.973117
0.948	0.973631
0.949	0.974146
0.95	0.97466
0.951	0.975174
0.952	0.975688
0.953	0.976201
0.954	0.976715
0.955	0.977228
0.956	0.977741
0.957	0.978253
0.958	0.978766
0.959	0.979278
0.96	0.97979
0.961	0.980302
0.962	0.980813
0.963	0.981324
0.964	0.981836
0.965	0.982346
0.966	0.982857
0.967	0.983367
0.968	0.983878
0.969	0.984387
0.97	0.984897
0.971	0.985407
0.972	0.985916
0.973	0.986425
0.974	0.986934
0.975	0.987443
0.976	0.987951
0.977	0.988459
0.978	0.988967
0.979	0.989475
0.98	0.989983
0.981	0.99049
0.982	0.990997
0.983	0.991504
0.984	0.992011
0.985	0.992518
0.986	0.993024
0.987	0.99353
0.988	0.994036
0.989	0.994542
0.99	0.995047
0.991	0.995553
0.992	0.996058
0.993	0.996563
0.994	0.997067
0.995	0.997572
0.996	0.998076
0.997	0.99858
0.998	0.999084
0.999	0.999588
