# Interpolation data for function: sqrt(x)
0	0.0501935
0.001	0.0551131
0.002	0.0599549
0.003	0.0647202
0.004	0.0694104
0.005	0.074027
0.006	0.0785712
0.007	0.0830443
0.008	0.0874478
0.009	0.0917829
0.01	0.0960508
0.011	0.100253
0.012	0.10439
0.013	0.108464
0.014	0.112476
0.015	0.116426
0.016	0.120317
0.017	0.124148
0.018	0.127922
0.019	0.13164
0.02	0.135302
0.021	0.138909
0.022	0.142463
0.023	0.145965
0.024	0.149415
0.025	0.152815
0.026	0.156166
0.027	0.159468
0.028	0.162723
0.029	0.165931
0.03	0.169094
0.031	0.172212
0.032	0.175286
0.033	0.178317
0.034	0.181307
0.035	0.184255
0.036	0.187162
0.037	0.190031
0.038	0.19286
0.039	0.195651
0.04	0.198405
0.041	0.201123
0.042	0.203805
0.043	0.206452
0.044	0.209065
0.045	0.211645
0.046	0.214191
0.047	0.216706
0.048	0.219189
0.049	0.221641
0.05	0.224063
0.051	0.226456
0.052	0.22882
0.053	0.231155
0.054	0.233463
0.055	0.235744
0.056	0.237999
0.057	0.240227
0.058	0.24243
0.059	0.244609
0.06	0.246763
0.061	0.248894
0.062	0.251001
0.063	0.253086
0.064	0.255148
0.065	0.257189
0.066	0.259209
0.067	0.261208
0.068	0.263186
0.069	0.265145
0.07	0.267085
0.071	0.269006
0.072	0.270908
0.073	0.272792
0.074	0.274658
0.075	0.276508
0.076	0.27834
0.077	0.280156
0.078	0.281956
0.079	0.28374
0.08	0.285509
0.081	0.287263
0.082	0.289002
0.083	0.290727
0.084	0.292438
0.085	0.294135
0.086	0.295819
0.087	0.29749
0.088	0.299148
0.089	0.300794
0.09	0.302428
0.091	0.30405
0.092	0.30566
0.093	0.30726
0.094	0.308848
0.095	0.310426
0.096	0.311993
0.097	0.31355
0.098	0.315096
0.099	0.316634
0.1	0.318161
0.101	0.31968
0.102	0.321189
0.103	0.32269
0.104	0.324182
0.105	0.325666
0.106	0.327141
0.107	0.328608
0.108	0.330068
0.109	0.33152
0.11	0.332965
0.111	0.334402
0.112	0.335832
0.113	0.337255
0.114	0.338672
0.115	0.340082
0.116	0.341486
0.117	0.342883
0.118	0.344274
0.119	0.34566
0.12	0.347039
0.121	0.348413
0.122	0.349781
0.123	0.351144
0.124	0.352501
0.125	0.353853
0.126	0.355201
0.127	0.356543
0.128	0.35788
0.129	0.359213
0.13	0.360541
0.131	0.361865
0.132	0.363184
0.133	0.364499
0.134	0.36581
0.135	0.367116
0.136	0.368419
0.137	0.369717
0.138	0.371012
0.139	0.372303
0.14	0.37359
0.141	0.374874
0.142	0.376154
0.143	0.377431
0.144	0.378704
0.145	0.379974
0.146	0.38124
0.147	0.382503
0.148	0.383764
0.149	0.385021
0.15	0.386275
0.151	0.387525
0.152	0.388774
0.153	0.390019
0.154	0.391261
0.155	0.3925
0.156	0.393737
0.157	0.394971
0.158	0.396202
0.159	0.397431
0.16	0.398657
0.161	0.399881
0.162	0.401101
0.163	0.40232
0.164	0.403536
0.165	0.404749
0.166	0.405961
0.167	0.407169
0.168	0.408376
0.169	0.40958
0.17	0.410781
0.171	0.411981
0.172	0.413178
0.173	0.414373
0.174	0.415566
0.175	0.416756
0.176	0.417944
0.177	0.41913
0.178	0.420314
0.179	0.421496
0.18	0.422676
0.181	0.423853
0.182	0.425028
0.183	0.426202
0.184	0.427373
0.185	0.428542
0.186	0.429709
0.187	0.430874
0.188	0.432036
0.189	0.433197
0.19	0.434356
0.191	0.435513
0.192	0.436667
0.193	0.43782
0.194	0.43897
0.195	0.440118
0.196	0.441265
0.197	0.442409
0.198	0.443551
0.199	0.444692
0.2	0.44583
0.201	0.446966
0.202	0.4481
0.203	0.449232
0.204	0.450362
0.205	0.45149
0.206	0.452616
0.207	0.45374
0.208	0.454862
0.209	0.455982
0.21	0.457099
0.211	0.458215
0.212	0.459329
0.213	0.46044
0.214	0.461549
0.215	0.462657
0.216	0.463762
0.217	0.464865
0.218	0.465966
0.219	0.467065
0.22	0.468162
0.221	0.469257
0.222	0.47035
0.223	0.47144
0.224	0.472528
0.225	0.473615
0.226	0.474699
0.227	0.475781
0.228	0.476861
0.229	0.477939
0.23	0.479014
0.231	0.480088
0.232	0.481159
0.233	0.482228
0.234	0.483295
0.235	0.48436
0.236	0.485422
0.237	0.486483
0.238	0.487541
0.239	0.488597
0.24	0.489651
0.241	0.490702
0.242	0.491752
0.243	0.492799
0.244	0.493844
0.245	0.494887
0.246	0.495927
0.247	0.496966
0.248	0.498002
0.249	0.499036
0.25	0.500067
0.251	0.501097
0.252	0.502124
0.253	0.503149
0.254	0.504171
0.255	0.505192
0.256	0.50621
0.257	0.507226
0.258	0.50824
0.259	0.509251
0.26	0.510261
0.261	0.511268
0.262	0.512272
0.263	0.513275
0.264	0.514275
0.265	0.515273
0.266	0.516269
0.267	0.517262
0.268	0.518254
0.269	0.519243
0.27	0.52023
0.271	0.521214
0.272	0.522196
0.273	0.523176
0.274	0.524154
0.275	0.52513
0.276	0.526103
0.277	0.527074
0.278	0.528043
0.279	0.52901
0.28	0.529974
0.281	0.530937
0.282	0.531897
0.283	0.532855
0.284	0.53381
0.285	0.534764
0.286	0.535715
0.287	0.536664
0.288	0.537611
0.289	0.538556
0.29	0.539498
0.291	0.540439
0.292	0.541377
0.293	0.542313
0.294	0.543247
0.295	0.544179
0.296	0.545108
0.297	0.546036
0.298	0.546961
0.299	0.547884
0.3	0.548806
0.301	0.549725
0.302	0.550642
0.303	0.551557
0.304	0.55247
0.305	0.553381
0.306	0.554289
0.307	0.555196
0.308	0.556101
0.309	0.557003
0.31	0.557904
0.311	0.558803
0.312	0.5597
0.313	0.560594
0.314	0.561487
0.315	0.562378
0.316	0.563267
0.317	0.564153
0.318	0.565038
0.319	0.565921
0.32	0.566803
0.321	0.567682
0.322	0.568559
0.323	0.569435
0.324	0.570308
0.325	0.57118
0.326	0.57205
0.327	0.572918
0.328	0.573784
0.329	0.574649
0.33	0.575512
0.331	0.576373
0.332	0.577232
0.333	0.578089
0.334	0.578945
0.335	0.579799
0.336	0.580651
0.337	0.581502
0.338	0.582351
0.339	0.583198
0.34	0.584043
0.341	0.584887
0.342	0.58573
0.343	0.58657
0.344	0.587409
0.345	0.588247
0.346	0.589083
0.347	0.589917
0.348	0.59075
0.349	0.591581
0.35	0.592411
0.351	0.593239
0.352	0.594066
0.353	0.594891
0.354	0.595715
0.355	0.596537
0.356	0.597358
0.357	0.598178
0.358	0.598996
0.359	0.599813
0.36	0.600628
0.361	0.601442
0.362	0.602255
0.363	0.603066
0.364	0.603876
0.365	0.604684
0.366	0.605492
0.367	0.606298
0.368	0.607103
0.369	0.607906
0.37	0.608708
0.371	0.60951
0.372	0.610309
0.373	0.611108
0.374	0.611905
0.375	0.612702
0.376	0.613497
0.377	0.614291
0.378	0.615084
0.379	0.615876
0.38	0.616666
0.381	0.617456
0.382	0.618244
0.383	0.619032
0.384	0.619818
0.385	0.620603
0.386	0.621388
0.387	0.622171
0.388	0.622953
0.389	0.623734
0.39	0.624515
0.391	0.625294
0.392	0.626072
0.393	0.62685
0.394	0.627626
0.395	0.628402
0.396	0.629177
0.397	0.629951
0.398	0.630724
0.399	0.631496
0.4	0.632267
0.401	0.633037
0.402	0.633807
0.403	0.634575
0.404	0.635343
0.405	0.636111
0.406	0.636877
0.407	0.637642
0.408	0.638407
0.409	0.639171
0.41	0.639934
0.411	0.640697
0.412	0.641459
0.413	0.64222
0.414	0.64298
0.415	0.64374
0.416	0.644499
0.417	0.645257
0.418	0.646015
0.419	0.646772
0.42	0.647528
0.421	0.648284
0.422	0.649039
0.423	0.649794
0.424	0.650547
0.425	0.651301
0.426	0.652053
0.427	0.652805
0.428	0.653557
0.429	0.654307
0.43	0.655058
0.431	0.655807
0.432	0.656556
0.433	0.657305
0.434	0.658053
0.435	0.658801
0.436	0.659548
0.437	0.660294
0.438	0.66104
0.439	0.661785
0.44	0.66253
0.441	0.663275
0.442	0.664019
0.443	0.664762
0.444	0.665505
0.445	0.666247
0.446	0.666989
0.447	0.667731
0.448	0.668472
0.449	0.669212
0.45	0.669953
0.451	0.670692
0.452	0.671431
0.453	0.67217
0.454	0.672908
0.455	0.673646
0.456	0.674384
0.457	0.675121
0.458	0.675857
0.459	0.676593
0.46	0.677329
0.461	0.678064
0.462	0.678799
0.463	0.679534
0.464	0.680268
0.465	0.681001
0.466	0.681734
0.467	0.682467
0.468	0.6832
0.469	0.683931
0.47	0.684663
0.471	0.685394
0.472	0.686125
0.473	0.686855
0.474	0.687585
0.475	0.688314
0.476	0.689043
0.477	0.689772
0.478	0.6905
0.479	0.691228
0.48	0.691956
0.481	0.692683
0.482	0.693409
0.483	0.694135
0.484	0.694861
0.485	0.695587
0.486	0.696311
0.487	0.697036
0.488	0.69776
0.489	0.698484
0.49	0.699207
0.491	0.69993
0.492	0.700652
0.493	0.701374
0.494	0.702096
0.495	0.702817
0.496	0.703538
0.497	0.704258
0.498	0.704978
0.499	0.705697
0.5	0.706416
0.501	0.707135
0.502	0.707853
0.503	0.70857
0.504	0.709287
0.505	0.710004
0.506	0.71072
0.507	0.711436
0.508	0.712151
0.509	0.712866
0.51	0.71358
0.511	0.714294
0.512	0.715008
0.513	0.71572
0.514	0.716433
0.515	0.717145
0.516	0.717856
0.517	0.718567
0.518	0.719277
0.519	0.719987
0.52	0.720696
0.521	0.721405
0.522	0.722113
0.523	0.722821
0.524	0.723528
0.525	0.724235
0.526	0.724941
0.527	0.725646
0.528	0.726351
0.529	0.727056
0.53	0.72776
0.531	0.728463
0.532	0.729166
0.533	0.729868
0.534	0.730569
0.535	0.73127
0.536	0.731971
0.537	0.73267
0.538	0.733369
0.539	0.734068
0.54	0.734766
0.541	0.735463
0.542	0.73616
0.543	0.736856
0.544	0.737551
0.545	0.738246
0.546	0.73894
0.547	0.739634
0.548	0.740326
0.549	0.741018
0.55	0.74171
0.551	0.742401
0.552	0.743091
0.553	0.74378
0.554	0.744469
0.555	0.745157
0.556	0.745844
0.557	0.746531
0.558	0.747217
0.559	0.747902
0.56	0.748587
0.561	0.74927
0.562	0.749954
0.563	0.750636
0.564	0.751317
0.565	0.751998
0.566	0.752678
0.567	0.753358
0.568	0.754036
0.569	0.754714
0.57	0.755391
0.571	0.756068
0.572	0.756743
0.573	0.757418
0.574	0.758092
0.575	0.758765
0.576	0.759438
0.577	0.760109
0.578	0.76078
0.579	0.76145
0.58	0.762119
0.581	0.762788
0.582	0.763456
0.583	0.764122
0.584	0.764788
0.585	0.765454
0.586	0.766118
0.587	0.766781
0.588	0.767444
0.589	0.768106
0.59	0.768767
0.591	0.769427
0.592	0.770087
0.593	0.770745
0.594	0.771403
0.595	0.77206
0.596	0.772716
0.597	0.773371
0.598	0.774025
0.599	0.774679
0.6	0.775332
0.601	0.775983
0.602	0.776634
0.603	0.777284
0.604	0.777934
0.605	0.778582
0.606	0.779229
0.607	0.779876
0.608	0.780522
0.609	0.781167
0.61	0.781811
0.611	0.782454
0.612	0.783096
0.613	0.783738
0.614	0.784378
0.615	0.785018
0.616	0.785657
0.617	0.786295
0.618	0.786932
0.619	0.787568
0.62	0.788204
0.621	0.788838
0.622	0.789472
0.623	0.790105
0.624	0.790737
0.625	0.791368
0.626	0.791998
0.627	0.792628
0.628	0.793256
0.629	0.793884
0.63	0.794511
0.631	0.795137
0.632	0.795763
0.633	0.796387
0.634	0.797011
0.635	0.797633
0.636	0.798255
0.637	0.798876
0.638	0.799497
0.639	0.800116
0.64	0.800735
0.641	0.801353
0.642	0.80197
0.643	0.802586
0.644	0.803201
0.645	0.803816
0.646	0.80443
0.647	0.805043
0.648	0.805655
0.649	0.806267
0.65	0.806877
0.651	0.807487
0.652	0.808097
0.653	0.808705
0.654	0.809313
0.655	0.80992
0.656	0.810526
0.657	0.811131
0.658	0.811736
0.659	0.81234
0.66	0.812944
0.661	0.813546
0.662	0.814148
0.663	0.814749
0.664	0.81535
0.665	0.81595
0.666	0.816549
0.667	0.817148
0.668	0.817745
0.669	0.818343
0.67	0.818939
0.671	0.819535
0.672	0.82013
0.673	0.820725
0.674	0.821319
0.675	0.821912
0.676	0.822505
0.677	0.823097
0.678	0.823689
0.679	0.82428
0.68	0.82487
0.681	0.82546
0.682	0.82605
0.683	0.826638
0.684	0.827227
0.685	0.827814
0.686	0.828402
0.687	0.828988
0.688	0.829574
0.689	0.83016
0.69	0.830745
0.691	0.83133
0.692	0.831914
0.693	0.832498
0.694	0.833081
0.695	0.833664
0.696	0.834246
0.697	0.834828
0.698	0.83541
0.699	0.835991
0.7	0.836572
0.701	0.837152
0.702	0.837732
0.703	0.838312
0.704	0.838891
0.705	0.83947
0.706	0.840048
0.707	0.840627
0.708	0.841205
0.709	0.841782
0.71	0.842359
0.711	0.842936
0.712	0.843513
0.713	0.844089
0.714	0.844665
0.715	0.845241
0.716	0.845817
0.717	0.846392
0.718	0.846967
0.719	0.847542
0.72	0.848116
0.721	0.848691
0.722	0.849265
0.723	0.849839
0.724	0.850413
0.725	0.850986
0.726	0.85156
0.727	0.852133
0.728	0.852706
0.729	0.853279
0.73	0.853852
0.731	0.854424
0.732	0.854997
0.733	0.855569
0.734	0.856142
0.735	0.856714
0.736	0.857286
0.737	0.857858
0.738	0.85843
0.739	0.859002
0.74	0.859574
0.741	0.860146
0.742	0.860717
0.743	0.861289
0.744	0.861861
0.745	0.862432
0.746	0.863004
0.747	0.863576
0.748	0.864147
0.749	0.864719
0.75	0.86529
0.751	0.865862
0.752	0.866433
0.753	0.867005
0.754	0.867577
0.755	0.868148
0.756	0.86872
0.757	0.869291
0.758	0.869863
0.759	0.870435
0.76	0.871007
0.761	0.871579
0.762	0.87215
0.763	0.872722
0.764	0.873294
0.765	0.873866
0.766	0.874439
0.767	0.875011
0.768	0.875583
0.769	0.876155
0.77	0.876728
0.771	0.8773
0.772	0.877873
0.773	0.878445
0.774	0.879018
0.775	0.879591
0.776	0.880164
0.777	0.880737
0.778	0.88131
0.779	0.881883
0.78	0.882456
0.781	0.883029
0.782	0.883602
0.783	0.884176
0.784	0.884749
0.785	0.885323
0.786	0.885896
0.787	0.88647
0.788	0.887044
0.789	0.887617
0.79	0.888191
0.791	0.888765
0.792	0.889339
0.793	0.889913
0.794	0.890487
0.795	0.891061
0.796	0.891635
0.797	0.892209
0.798	0.892783
0.799	0.893357
0.8	0.893932
0.801	0.894506
0.802	0.89508
0.803	0.895654
0.804	0.896228
0.805	0.896802
0.806	0.897376
0.807	0.89795
0.808	0.898524
0.809	0.899098
0.81	0.899672
0.811	0.900246
0.812	0.900819
0.813	0.901393
0.814	0.901966
0.815	0.90254
0.816	0.903113
0.817	0.903686
0.818	0.904259
0.819	0.904832
0.82	0.905404
0.821	0.905977
0.822	0.906549
0.823	0.907121
0.824	0.907693
0.825	0.908264
0.826	0.908836
0.827	0.909407
0.828	0.909978
0.829	0.910548
0.83	0.911118
0.831	0.911688
0.832	0.912258
0.833	0.912827
0.834	0.913396
0.835	0.913965
0.836	0.914533
0.837	0.9151
0.838	0.915668
0.839	0.916235
0.84	0.916801
0.841	0.917367
0.842	0.917933
0.843	0.918498
0.844	0.919062
0.845	0.919626
0.846	0.92019
0.847	0.920753
0.848	0.921315
0.849	0.921877
0.85	0.922438
0.851	0.922999
0.852	0.923559
0.853	0.924118
0.854	0.924677
0.855	0.925234
0.856	0.925792
0.857	0.926348
0.858	0.926904
0.859	0.927459
0.86	0.928013
0.861	0.928567
0.862	0.929119
0.863	0.929671
0.864	0.930222
0.865	0.930772
0.866	0.931321
0.867	0.93187
0.868	0.932417
0.869	0.932964
0.87	0.933509
0.871	0.934054
0.872	0.934598
0.873	0.93514
0.874	0.935682
0.875	0.936223
0.876	0.936763
0.877	0.937301
0.878	0.937839
0.879	0.938376
0.88	0.938911
0.881	0.939446
0.882	0.939979
0.883	0.940511
0.884	0.941042
0.885	0.941572
0.886	0.942101
0.887	0.942629
0.888	0.943156
0.889	0.943681
0.89	0.944205
0.891	0.944728
0.892	0.94525
0.893	0.945771
0.894	0.946291
0.895	0.946809
0.896	0.947326
0.897	0.947842
0.898	0.948357
0.899	0.948871
0.9	0.949383
0.901	0.949894
0.902	0.950404
0.903	0.950913
0.904	0.951421
0.905	0.951927
0.906	0.952432
0.907	0.952936
0.908	0.953439
0.909	0.953941
0.91	0.954442
0.911	0.954941
0.912	0.95544
0.913	0.955937
0.914	0.956434
0.915	0.956929
0.916	0.957423
0.917	0.957916
0.918	0.958408
0.919	0.9589
0.92	0.95939
0.921	0.959879
0.922	0.960368
0.923	0.960855
0.924	0.961342
0.925	0.961828
0.926	0.962314
0.927	0.962798
0.928	0.963282
0.929	0.963765
0.93	0.964248
0.931	0.96473
0.932	0.965212
0.933	0.965693
0.934	0.966174
0.935	0.966654
0.936	0.967135
0.937	0.967615
0.938	0.968094
0.939	0.968574
0.94	0.969054
0.941	0.969534
0.942	0.970014
0.943	0.970494
0.944	0.970975
0.945	0.971456
0.946	0.971937
0.947	0.972419
0.948	0.972901
0.949	0.973385
0.95	0.973869
0.951	0.974354
0.952	0.97484
0.953	0.975327
0.954	0.975816
0.955	0.976306
0.956	0.976797
0.957	0.97729
0.958	0.977785
0.959	0.978282
0.96	0.97878
0.961	0.979281
0.962	0.979784
0.963	0.98029
0.964	0.980798
0.965	0.981309
0.966	0.981822
0.967	0.982339
0.968	0.982859
0.969	0.983383
0.97	0.98391
0.971	0.984441
0.972	0.984976
0.973	0.985515
0.974	0.986058
0.975	0.986606
0.976	0.987159
0.977	0.987716
0.978	0.988279
0.979	0.988848
0.98	0.989422
0.981	0.990001
0.982	0.990587
0.983	0.99118
0.984	0.991779
0.985	0.992385
0.986	0.992998
0.987	0.993618
0.988	0.994247
0.989	0.994883
0.99	0.995528
0.991	0.996181
0.992	0.996843
0.993	0.997514
0.994	0.998195
0.995	0.998886
0.996	0.999587
0.997	1.0003
0.998	1.00102
0.999	1.00175
