# Interpolation data for function: sqrt(x)
0	0.666667
0.001	0.666667
0.002	0.666667
0.003	0.666667
0.004	0.666667
0.005	0.666667
0.006	0.666667
0.007	0.666667
0.008	0.666667
0.009	0.666667
0.01	0.666667
0.011	0.666667
0.012	0.666667
0.013	0.666667
0.014	0.666667
0.015	0.666667
0.016	0.666667
0.017	0.666667
0.018	0.666667
0.019	0.666667
0.02	0.666667
0.021	0.666667
0.022	0.666667
0.023	0.666667
0.024	0.666667
0.025	0.666667
0.026	0.666667
0.027	0.666667
0.028	0.666667
0.029	0.666667
0.03	0.666667
0.031	0.666667
0.032	0.666667
0.033	0.666667
0.034	0.666667
0.035	0.666667
0.036	0.666667
0.037	0.666667
0.038	0.666667
0.039	0.666667
0.04	0.666667
0.041	0.666667
0.042	0.666667
0.043	0.666667
0.044	0.666667
0.045	0.666667
0.046	0.666667
0.047	0.666667
0.048	0.666667
0.049	0.666667
0.05	0.666667
0.051	0.666667
0.052	0.666667
0.053	0.666667
0.054	0.666667
0.055	0.666667
0.056	0.666667
0.057	0.666667
0.058	0.666667
0.059	0.666667
0.06	0.666667
0.061	0.666667
0.062	0.666667
0.063	0.666667
0.064	0.666667
0.065	0.666667
0.066	0.666667
0.067	0.666667
0.068	0.666667
0.069	0.666667
0.07	0.666667
0.071	0.666667
0.072	0.666667
0.073	0.666667
0.074	0.666667
0.075	0.666667
0.076	0.666667
0.077	0.666667
0.078	0.666667
0.079	0.666667
0.08	0.666667
0.081	0.666667
0.082	0.666667
0.083	0.666667
0.084	0.666667
0.085	0.666667
0.086	0.666667
0.087	0.666667
0.088	0.666667
0.089	0.666667
0.09	0.666667
0.091	0.666667
0.092	0.666667
0.093	0.666667
0.094	0.666667
0.095	0.666667
0.096	0.666667
0.097	0.666667
0.098	0.666667
0.099	0.666667
0.1	0.666667
0.101	0.666667
0.102	0.666667
0.103	0.666667
0.104	0.666667
0.105	0.666667
0.106	0.666667
0.107	0.666667
0.108	0.666667
0.109	0.666667
0.11	0.666667
0.111	0.666667
0.112	0.666667
0.113	0.666667
0.114	0.666667
0.115	0.666667
0.116	0.666667
0.117	0.666667
0.118	0.666667
0.119	0.666667
0.12	0.666667
0.121	0.666667
0.122	0.666667
0.123	0.666667
0.124	0.666667
0.125	0.666667
0.126	0.666667
0.127	0.666667
0.128	0.666667
0.129	0.666667
0.13	0.666667
0.131	0.666667
0.132	0.666667
0.133	0.666667
0.134	0.666667
0.135	0.666667
0.136	0.666667
0.137	0.666667
0.138	0.666667
0.139	0.666667
0.14	0.666667
0.141	0.666667
0.142	0.666667
0.143	0.666667
0.144	0.666667
0.145	0.666667
0.146	0.666667
0.147	0.666667
0.148	0.666667
0.149	0.666667
0.15	0.666667
0.151	0.666667
0.152	0.666667
0.153	0.666667
0.154	0.666667
0.155	0.666667
0.156	0.666667
0.157	0.666667
0.158	0.666667
0.159	0.666667
0.16	0.666667
0.161	0.666667
0.162	0.666667
0.163	0.666667
0.164	0.666667
0.165	0.666667
0.166	0.666667
0.167	0.666667
0.168	0.666667
0.169	0.666667
0.17	0.666667
0.171	0.666667
0.172	0.666667
0.173	0.666667
0.174	0.666667
0.175	0.666667
0.176	0.666667
0.177	0.666667
0.178	0.666667
0.179	0.666667
0.18	0.666667
0.181	0.666667
0.182	0.666667
0.183	0.666667
0.184	0.666667
0.185	0.666667
0.186	0.666667
0.187	0.666667
0.188	0.666667
0.189	0.666667
0.19	0.666667
0.191	0.666667
0.192	0.666667
0.193	0.666667
0.194	0.666667
0.195	0.666667
0.196	0.666667
0.197	0.666667
0.198	0.666667
0.199	0.666667
0.2	0.666667
0.201	0.666667
0.202	0.666667
0.203	0.666667
0.204	0.666667
0.205	0.666667
0.206	0.666667
0.207	0.666667
0.208	0.666667
0.209	0.666667
0.21	0.666667
0.211	0.666667
0.212	0.666667
0.213	0.666667
0.214	0.666667
0.215	0.666667
0.216	0.666667
0.217	0.666667
0.218	0.666667
0.219	0.666667
0.22	0.666667
0.221	0.666667
0.222	0.666667
0.223	0.666667
0.224	0.666667
0.225	0.666667
0.226	0.666667
0.227	0.666667
0.228	0.666667
0.229	0.666667
0.23	0.666667
0.231	0.666667
0.232	0.666667
0.233	0.666667
0.234	0.666667
0.235	0.666667
0.236	0.666667
0.237	0.666667
0.238	0.666667
0.239	0.666667
0.24	0.666667
0.241	0.666667
0.242	0.666667
0.243	0.666667
0.244	0.666667
0.245	0.666667
0.246	0.666667
0.247	0.666667
0.248	0.666667
0.249	0.666667
0.25	0.666667
0.251	0.666667
0.252	0.666667
0.253	0.666667
0.254	0.666667
0.255	0.666667
0.256	0.666667
0.257	0.666667
0.258	0.666667
0.259	0.666667
0.26	0.666667
0.261	0.666667
0.262	0.666667
0.263	0.666667
0.264	0.666667
0.265	0.666667
0.266	0.666667
0.267	0.666667
0.268	0.666667
0.269	0.666667
0.27	0.666667
0.271	0.666667
0.272	0.666667
0.273	0.666667
0.274	0.666667
0.275	0.666667
0.276	0.666667
0.277	0.666667
0.278	0.666667
0.279	0.666667
0.28	0.666667
0.281	0.666667
0.282	0.666667
0.283	0.666667
0.284	0.666667
0.285	0.666667
0.286	0.666667
0.287	0.666667
0.288	0.666667
0.289	0.666667
0.29	0.666667
0.291	0.666667
0.292	0.666667
0.293	0.666667
0.294	0.666667
0.295	0.666667
0.296	0.666667
0.297	0.666667
0.298	0.666667
0.299	0.666667
0.3	0.666667
0.301	0.666667
0.302	0.666667
0.303	0.666667
0.304	0.666667
0.305	0.666667
0.306	0.666667
0.307	0.666667
0.308	0.666667
0.309	0.666667
0.31	0.666667
0.311	0.666667
0.312	0.666667
0.313	0.666667
0.314	0.666667
0.315	0.666667
0.316	0.666667
0.317	0.666667
0.318	0.666667
0.319	0.666667
0.32	0.666667
0.321	0.666667
0.322	0.666667
0.323	0.666667
0.324	0.666667
0.325	0.666667
0.326	0.666667
0.327	0.666667
0.328	0.666667
0.329	0.666667
0.33	0.666667
0.331	0.666667
0.332	0.666667
0.333	0.666667
0.334	0.666667
0.335	0.666667
0.336	0.666667
0.337	0.666667
0.338	0.666667
0.339	0.666667
0.34	0.666667
0.341	0.666667
0.342	0.666667
0.343	0.666667
0.344	0.666667
0.345	0.666667
0.346	0.666667
0.347	0.666667
0.348	0.666667
0.349	0.666667
0.35	0.666667
0.351	0.666667
0.352	0.666667
0.353	0.666667
0.354	0.666667
0.355	0.666667
0.356	0.666667
0.357	0.666667
0.358	0.666667
0.359	0.666667
0.36	0.666667
0.361	0.666667
0.362	0.666667
0.363	0.666667
0.364	0.666667
0.365	0.666667
0.366	0.666667
0.367	0.666667
0.368	0.666667
0.369	0.666667
0.37	0.666667
0.371	0.666667
0.372	0.666667
0.373	0.666667
0.374	0.666667
0.375	0.666667
0.376	0.666667
0.377	0.666667
0.378	0.666667
0.379	0.666667
0.38	0.666667
0.381	0.666667
0.382	0.666667
0.383	0.666667
0.384	0.666667
0.385	0.666667
0.386	0.666667
0.387	0.666667
0.388	0.666667
0.389	0.666667
0.39	0.666667
0.391	0.666667
0.392	0.666667
0.393	0.666667
0.394	0.666667
0.395	0.666667
0.396	0.666667
0.397	0.666667
0.398	0.666667
0.399	0.666667
0.4	0.666667
0.401	0.666667
0.402	0.666667
0.403	0.666667
0.404	0.666667
0.405	0.666667
0.406	0.666667
0.407	0.666667
0.408	0.666667
0.409	0.666667
0.41	0.666667
0.411	0.666667
0.412	0.666667
0.413	0.666667
0.414	0.666667
0.415	0.666667
0.416	0.666667
0.417	0.666667
0.418	0.666667
0.419	0.666667
0.42	0.666667
0.421	0.666667
0.422	0.666667
0.423	0.666667
0.424	0.666667
0.425	0.666667
0.426	0.666667
0.427	0.666667
0.428	0.666667
0.429	0.666667
0.43	0.666667
0.431	0.666667
0.432	0.666667
0.433	0.666667
0.434	0.666667
0.435	0.666667
0.436	0.666667
0.437	0.666667
0.438	0.666667
0.439	0.666667
0.44	0.666667
0.441	0.666667
0.442	0.666667
0.443	0.666667
0.444	0.666667
0.445	0.666667
0.446	0.666667
0.447	0.666667
0.448	0.666667
0.449	0.666667
0.45	0.666667
0.451	0.666667
0.452	0.666667
0.453	0.666667
0.454	0.666667
0.455	0.666667
0.456	0.666667
0.457	0.666667
0.458	0.666667
0.459	0.666667
0.46	0.666667
0.461	0.666667
0.462	0.666667
0.463	0.666667
0.464	0.666667
0.465	0.666667
0.466	0.666667
0.467	0.666667
0.468	0.666667
0.469	0.666667
0.47	0.666667
0.471	0.666667
0.472	0.666667
0.473	0.666667
0.474	0.666667
0.475	0.666667
0.476	0.666667
0.477	0.666667
0.478	0.666667
0.479	0.666667
0.48	0.666667
0.481	0.666667
0.482	0.666667
0.483	0.666667
0.484	0.666667
0.485	0.666667
0.486	0.666667
0.487	0.666667
0.488	0.666667
0.489	0.666667
0.49	0.666667
0.491	0.666667
0.492	0.666667
0.493	0.666667
0.494	0.666667
0.495	0.666667
0.496	0.666667
0.497	0.666667
0.498	0.666667
0.499	0.666667
0.5	0.666667
0.501	0.666667
0.502	0.666667
0.503	0.666667
0.504	0.666667
0.505	0.666667
0.506	0.666667
0.507	0.666667
0.508	0.666667
0.509	0.666667
0.51	0.666667
0.511	0.666667
0.512	0.666667
0.513	0.666667
0.514	0.666667
0.515	0.666667
0.516	0.666667
0.517	0.666667
0.518	0.666667
0.519	0.666667
0.52	0.666667
0.521	0.666667
0.522	0.666667
0.523	0.666667
0.524	0.666667
0.525	0.666667
0.526	0.666667
0.527	0.666667
0.528	0.666667
0.529	0.666667
0.53	0.666667
0.531	0.666667
0.532	0.666667
0.533	0.666667
0.534	0.666667
0.535	0.666667
0.536	0.666667
0.537	0.666667
0.538	0.666667
0.539	0.666667
0.54	0.666667
0.541	0.666667
0.542	0.666667
0.543	0.666667
0.544	0.666667
0.545	0.666667
0.546	0.666667
0.547	0.666667
0.548	0.666667
0.549	0.666667
0.55	0.666667
0.551	0.666667
0.552	0.666667
0.553	0.666667
0.554	0.666667
0.555	0.666667
0.556	0.666667
0.557	0.666667
0.558	0.666667
0.559	0.666667
0.56	0.666667
0.561	0.666667
0.562	0.666667
0.563	0.666667
0.564	0.666667
0.565	0.666667
0.566	0.666667
0.567	0.666667
0.568	0.666667
0.569	0.666667
0.57	0.666667
0.571	0.666667
0.572	0.666667
0.573	0.666667
0.574	0.666667
0.575	0.666667
0.576	0.666667
0.577	0.666667
0.578	0.666667
0.579	0.666667
0.58	0.666667
0.581	0.666667
0.582	0.666667
0.583	0.666667
0.584	0.666667
0.585	0.666667
0.586	0.666667
0.587	0.666667
0.588	0.666667
0.589	0.666667
0.59	0.666667
0.591	0.666667
0.592	0.666667
0.593	0.666667
0.594	0.666667
0.595	0.666667
0.596	0.666667
0.597	0.666667
0.598	0.666667
0.599	0.666667
0.6	0.666667
0.601	0.666667
0.602	0.666667
0.603	0.666667
0.604	0.666667
0.605	0.666667
0.606	0.666667
0.607	0.666667
0.608	0.666667
0.609	0.666667
0.61	0.666667
0.611	0.666667
0.612	0.666667
0.613	0.666667
0.614	0.666667
0.615	0.666667
0.616	0.666667
0.617	0.666667
0.618	0.666667
0.619	0.666667
0.62	0.666667
0.621	0.666667
0.622	0.666667
0.623	0.666667
0.624	0.666667
0.625	0.666667
0.626	0.666667
0.627	0.666667
0.628	0.666667
0.629	0.666667
0.63	0.666667
0.631	0.666667
0.632	0.666667
0.633	0.666667
0.634	0.666667
0.635	0.666667
0.636	0.666667
0.637	0.666667
0.638	0.666667
0.639	0.666667
0.64	0.666667
0.641	0.666667
0.642	0.666667
0.643	0.666667
0.644	0.666667
0.645	0.666667
0.646	0.666667
0.647	0.666667
0.648	0.666667
0.649	0.666667
0.65	0.666667
0.651	0.666667
0.652	0.666667
0.653	0.666667
0.654	0.666667
0.655	0.666667
0.656	0.666667
0.657	0.666667
0.658	0.666667
0.659	0.666667
0.66	0.666667
0.661	0.666667
0.662	0.666667
0.663	0.666667
0.664	0.666667
0.665	0.666667
0.666	0.666667
0.667	0.666667
0.668	0.666667
0.669	0.666667
0.67	0.666667
0.671	0.666667
0.672	0.666667
0.673	0.666667
0.674	0.666667
0.675	0.666667
0.676	0.666667
0.677	0.666667
0.678	0.666667
0.679	0.666667
0.68	0.666667
0.681	0.666667
0.682	0.666667
0.683	0.666667
0.684	0.666667
0.685	0.666667
0.686	0.666667
0.687	0.666667
0.688	0.666667
0.689	0.666667
0.69	0.666667
0.691	0.666667
0.692	0.666667
0.693	0.666667
0.694	0.666667
0.695	0.666667
0.696	0.666667
0.697	0.666667
0.698	0.666667
0.699	0.666667
0.7	0.666667
0.701	0.666667
0.702	0.666667
0.703	0.666667
0.704	0.666667
0.705	0.666667
0.706	0.666667
0.707	0.666667
0.708	0.666667
0.709	0.666667
0.71	0.666667
0.711	0.666667
0.712	0.666667
0.713	0.666667
0.714	0.666667
0.715	0.666667
0.716	0.666667
0.717	0.666667
0.718	0.666667
0.719	0.666667
0.72	0.666667
0.721	0.666667
0.722	0.666667
0.723	0.666667
0.724	0.666667
0.725	0.666667
0.726	0.666667
0.727	0.666667
0.728	0.666667
0.729	0.666667
0.73	0.666667
0.731	0.666667
0.732	0.666667
0.733	0.666667
0.734	0.666667
0.735	0.666667
0.736	0.666667
0.737	0.666667
0.738	0.666667
0.739	0.666667
0.74	0.666667
0.741	0.666667
0.742	0.666667
0.743	0.666667
0.744	0.666667
0.745	0.666667
0.746	0.666667
0.747	0.666667
0.748	0.666667
0.749	0.666667
0.75	0.666667
0.751	0.666667
0.752	0.666667
0.753	0.666667
0.754	0.666667
0.755	0.666667
0.756	0.666667
0.757	0.666667
0.758	0.666667
0.759	0.666667
0.76	0.666667
0.761	0.666667
0.762	0.666667
0.763	0.666667
0.764	0.666667
0.765	0.666667
0.766	0.666667
0.767	0.666667
0.768	0.666667
0.769	0.666667
0.77	0.666667
0.771	0.666667
0.772	0.666667
0.773	0.666667
0.774	0.666667
0.775	0.666667
0.776	0.666667
0.777	0.666667
0.778	0.666667
0.779	0.666667
0.78	0.666667
0.781	0.666667
0.782	0.666667
0.783	0.666667
0.784	0.666667
0.785	0.666667
0.786	0.666667
0.787	0.666667
0.788	0.666667
0.789	0.666667
0.79	0.666667
0.791	0.666667
0.792	0.666667
0.793	0.666667
0.794	0.666667
0.795	0.666667
0.796	0.666667
0.797	0.666667
0.798	0.666667
0.799	0.666667
0.8	0.666667
0.801	0.666667
0.802	0.666667
0.803	0.666667
0.804	0.666667
0.805	0.666667
0.806	0.666667
0.807	0.666667
0.808	0.666667
0.809	0.666667
0.81	0.666667
0.811	0.666667
0.812	0.666667
0.813	0.666667
0.814	0.666667
0.815	0.666667
0.816	0.666667
0.817	0.666667
0.818	0.666667
0.819	0.666667
0.82	0.666667
0.821	0.666667
0.822	0.666667
0.823	0.666667
0.824	0.666667
0.825	0.666667
0.826	0.666667
0.827	0.666667
0.828	0.666667
0.829	0.666667
0.83	0.666667
0.831	0.666667
0.832	0.666667
0.833	0.666667
0.834	0.666667
0.835	0.666667
0.836	0.666667
0.837	0.666667
0.838	0.666667
0.839	0.666667
0.84	0.666667
0.841	0.666667
0.842	0.666667
0.843	0.666667
0.844	0.666667
0.845	0.666667
0.846	0.666667
0.847	0.666667
0.848	0.666667
0.849	0.666667
0.85	0.666667
0.851	0.666667
0.852	0.666667
0.853	0.666667
0.854	0.666667
0.855	0.666667
0.856	0.666667
0.857	0.666667
0.858	0.666667
0.859	0.666667
0.86	0.666667
0.861	0.666667
0.862	0.666667
0.863	0.666667
0.864	0.666667
0.865	0.666667
0.866	0.666667
0.867	0.666667
0.868	0.666667
0.869	0.666667
0.87	0.666667
0.871	0.666667
0.872	0.666667
0.873	0.666667
0.874	0.666667
0.875	0.666667
0.876	0.666667
0.877	0.666667
0.878	0.666667
0.879	0.666667
0.88	0.666667
0.881	0.666667
0.882	0.666667
0.883	0.666667
0.884	0.666667
0.885	0.666667
0.886	0.666667
0.887	0.666667
0.888	0.666667
0.889	0.666667
0.89	0.666667
0.891	0.666667
0.892	0.666667
0.893	0.666667
0.894	0.666667
0.895	0.666667
0.896	0.666667
0.897	0.666667
0.898	0.666667
0.899	0.666667
0.9	0.666667
0.901	0.666667
0.902	0.666667
0.903	0.666667
0.904	0.666667
0.905	0.666667
0.906	0.666667
0.907	0.666667
0.908	0.666667
0.909	0.666667
0.91	0.666667
0.911	0.666667
0.912	0.666667
0.913	0.666667
0.914	0.666667
0.915	0.666667
0.916	0.666667
0.917	0.666667
0.918	0.666667
0.919	0.666667
0.92	0.666667
0.921	0.666667
0.922	0.666667
0.923	0.666667
0.924	0.666667
0.925	0.666667
0.926	0.666667
0.927	0.666667
0.928	0.666667
0.929	0.666667
0.93	0.666667
0.931	0.666667
0.932	0.666667
0.933	0.666667
0.934	0.666667
0.935	0.666667
0.936	0.666667
0.937	0.666667
0.938	0.666667
0.939	0.666667
0.94	0.666667
0.941	0.666667
0.942	0.666667
0.943	0.666667
0.944	0.666667
0.945	0.666667
0.946	0.666667
0.947	0.666667
0.948	0.666667
0.949	0.666667
0.95	0.666667
0.951	0.666667
0.952	0.666667
0.953	0.666667
0.954	0.666667
0.955	0.666667
0.956	0.666667
0.957	0.666667
0.958	0.666667
0.959	0.666667
0.96	0.666667
0.961	0.666667
0.962	0.666667
0.963	0.666667
0.964	0.666667
0.965	0.666667
0.966	0.666667
0.967	0.666667
0.968	0.666667
0.969	0.666667
0.97	0.666667
0.971	0.666667
0.972	0.666667
0.973	0.666667
0.974	0.666667
0.975	0.666667
0.976	0.666667
0.977	0.666667
0.978	0.666667
0.979	0.666667
0.98	0.666667
0.981	0.666667
0.982	0.666667
0.983	0.666667
0.984	0.666667
0.985	0.666667
0.986	0.666667
0.987	0.666667
0.988	0.666667
0.989	0.666667
0.99	0.666667
0.991	0.666667
0.992	0.666667
0.993	0.666667
0.994	0.666667
0.995	0.666667
0.996	0.666667
0.997	0.666667
0.998	0.666667
0.999	0.666667
