# Interpolation data for function: sqrt(x)
0	0.0295839
0.001	0.0378218
0.002	0.0456875
0.003	0.0532006
0.004	0.0603801
0.005	0.067244
0.006	0.0738095
0.007	0.080093
0.008	0.0861101
0.009	0.0918758
0.01	0.0974041
0.011	0.102709
0.012	0.107802
0.013	0.112697
0.014	0.117404
0.015	0.121935
0.016	0.1263
0.017	0.130509
0.018	0.134572
0.019	0.138497
0.02	0.142293
0.021	0.145968
0.022	0.149528
0.023	0.152982
0.024	0.156337
0.025	0.159597
0.026	0.16277
0.027	0.165861
0.028	0.168876
0.029	0.171818
0.03	0.174694
0.031	0.177507
0.032	0.180262
0.033	0.182962
0.034	0.185611
0.035	0.188212
0.036	0.190769
0.037	0.193285
0.038	0.195761
0.039	0.198202
0.04	0.200609
0.041	0.202984
0.042	0.20533
0.043	0.207648
0.044	0.20994
0.045	0.212208
0.046	0.214453
0.047	0.216677
0.048	0.21888
0.049	0.221065
0.05	0.223232
0.051	0.225381
0.052	0.227515
0.053	0.229633
0.054	0.231737
0.055	0.233826
0.056	0.235902
0.057	0.237966
0.058	0.240016
0.059	0.242055
0.06	0.244082
0.061	0.246098
0.062	0.248102
0.063	0.250096
0.064	0.252079
0.065	0.254052
0.066	0.256014
0.067	0.257965
0.068	0.259907
0.069	0.261838
0.07	0.26376
0.071	0.265671
0.072	0.267573
0.073	0.269464
0.074	0.271345
0.075	0.273216
0.076	0.275078
0.077	0.276929
0.078	0.27877
0.079	0.280601
0.08	0.282421
0.081	0.284232
0.082	0.286032
0.083	0.287822
0.084	0.289602
0.085	0.291372
0.086	0.293131
0.087	0.29488
0.088	0.296618
0.089	0.298346
0.09	0.300064
0.091	0.301771
0.092	0.303468
0.093	0.305154
0.094	0.30683
0.095	0.308496
0.096	0.310152
0.097	0.311797
0.098	0.313432
0.099	0.315057
0.1	0.316672
0.101	0.318276
0.102	0.319871
0.103	0.321456
0.104	0.323031
0.105	0.324596
0.106	0.326152
0.107	0.327698
0.108	0.329234
0.109	0.330762
0.11	0.33228
0.111	0.333789
0.112	0.335289
0.113	0.33678
0.114	0.338263
0.115	0.339737
0.116	0.341202
0.117	0.342659
0.118	0.344108
0.119	0.34555
0.12	0.346983
0.121	0.348408
0.122	0.349826
0.123	0.351237
0.124	0.35264
0.125	0.354037
0.126	0.355426
0.127	0.356809
0.128	0.358185
0.129	0.359555
0.13	0.360918
0.131	0.362275
0.132	0.363626
0.133	0.364972
0.134	0.366312
0.135	0.367646
0.136	0.368975
0.137	0.370298
0.138	0.371617
0.139	0.372931
0.14	0.37424
0.141	0.375544
0.142	0.376844
0.143	0.378139
0.144	0.37943
0.145	0.380717
0.146	0.382
0.147	0.383279
0.148	0.384554
0.149	0.385825
0.15	0.387093
0.151	0.388358
0.152	0.389619
0.153	0.390876
0.154	0.392131
0.155	0.393383
0.156	0.394631
0.157	0.395877
0.158	0.397119
0.159	0.398359
0.16	0.399596
0.161	0.400831
0.162	0.402062
0.163	0.403292
0.164	0.404518
0.165	0.405742
0.166	0.406964
0.167	0.408184
0.168	0.409401
0.169	0.410615
0.17	0.411828
0.171	0.413038
0.172	0.414246
0.173	0.415451
0.174	0.416655
0.175	0.417856
0.176	0.419054
0.177	0.420251
0.178	0.421446
0.179	0.422638
0.18	0.423828
0.181	0.425015
0.182	0.426201
0.183	0.427384
0.184	0.428565
0.185	0.429744
0.186	0.43092
0.187	0.432094
0.188	0.433266
0.189	0.434435
0.19	0.435602
0.191	0.436766
0.192	0.437928
0.193	0.439087
0.194	0.440244
0.195	0.441399
0.196	0.442551
0.197	0.4437
0.198	0.444846
0.199	0.44599
0.2	0.447131
0.201	0.44827
0.202	0.449406
0.203	0.450538
0.204	0.451668
0.205	0.452796
0.206	0.45392
0.207	0.455041
0.208	0.45616
0.209	0.457275
0.21	0.458388
0.211	0.459497
0.212	0.460603
0.213	0.461707
0.214	0.462807
0.215	0.463904
0.216	0.464998
0.217	0.466089
0.218	0.467176
0.219	0.468261
0.22	0.469342
0.221	0.47042
0.222	0.471495
0.223	0.472567
0.224	0.473635
0.225	0.4747
0.226	0.475762
0.227	0.476821
0.228	0.477876
0.229	0.478928
0.23	0.479977
0.231	0.481023
0.232	0.482065
0.233	0.483105
0.234	0.484141
0.235	0.485174
0.236	0.486204
0.237	0.48723
0.238	0.488254
0.239	0.489274
0.24	0.490292
0.241	0.491306
0.242	0.492318
0.243	0.493326
0.244	0.494332
0.245	0.495335
0.246	0.496334
0.247	0.497331
0.248	0.498325
0.249	0.499317
0.25	0.500306
0.251	0.501292
0.252	0.502275
0.253	0.503256
0.254	0.504234
0.255	0.50521
0.256	0.506183
0.257	0.507154
0.258	0.508123
0.259	0.50909
0.26	0.510054
0.261	0.511016
0.262	0.511976
0.263	0.512933
0.264	0.513889
0.265	0.514843
0.266	0.515795
0.267	0.516745
0.268	0.517693
0.269	0.518639
0.27	0.519584
0.271	0.520527
0.272	0.521469
0.273	0.522409
0.274	0.523347
0.275	0.524284
0.276	0.52522
0.277	0.526154
0.278	0.527087
0.279	0.528018
0.28	0.528949
0.281	0.529878
0.282	0.530806
0.283	0.531733
0.284	0.532659
0.285	0.533584
0.286	0.534508
0.287	0.535431
0.288	0.536353
0.289	0.537275
0.29	0.538195
0.291	0.539115
0.292	0.540034
0.293	0.540952
0.294	0.541869
0.295	0.542785
0.296	0.543701
0.297	0.544617
0.298	0.545531
0.299	0.546445
0.3	0.547358
0.301	0.548271
0.302	0.549183
0.303	0.550094
0.304	0.551005
0.305	0.551915
0.306	0.552824
0.307	0.553733
0.308	0.554641
0.309	0.555549
0.31	0.556456
0.311	0.557362
0.312	0.558268
0.313	0.559173
0.314	0.560077
0.315	0.56098
0.316	0.561883
0.317	0.562785
0.318	0.563686
0.319	0.564586
0.32	0.565485
0.321	0.566384
0.322	0.567281
0.323	0.568178
0.324	0.569074
0.325	0.569968
0.326	0.570862
0.327	0.571754
0.328	0.572646
0.329	0.573536
0.33	0.574425
0.331	0.575313
0.332	0.576199
0.333	0.577084
0.334	0.577968
0.335	0.578851
0.336	0.579732
0.337	0.580611
0.338	0.581489
0.339	0.582365
0.34	0.58324
0.341	0.584113
0.342	0.584985
0.343	0.585855
0.344	0.586723
0.345	0.587589
0.346	0.588453
0.347	0.589316
0.348	0.590176
0.349	0.591035
0.35	0.591892
0.351	0.592747
0.352	0.5936
0.353	0.59445
0.354	0.595299
0.355	0.596146
0.356	0.59699
0.357	0.597832
0.358	0.598673
0.359	0.599511
0.36	0.600347
0.361	0.601181
0.362	0.602012
0.363	0.602842
0.364	0.603669
0.365	0.604495
0.366	0.605318
0.367	0.606139
0.368	0.606957
0.369	0.607774
0.37	0.608589
0.371	0.609401
0.372	0.610212
0.373	0.61102
0.374	0.611827
0.375	0.612631
0.376	0.613434
0.377	0.614234
0.378	0.615033
0.379	0.61583
0.38	0.616626
0.381	0.617419
0.382	0.618211
0.383	0.619002
0.384	0.61979
0.385	0.620578
0.386	0.621364
0.387	0.622148
0.388	0.622931
0.389	0.623713
0.39	0.624494
0.391	0.625274
0.392	0.626053
0.393	0.626831
0.394	0.627607
0.395	0.628384
0.396	0.629159
0.397	0.629934
0.398	0.630708
0.399	0.631482
0.4	0.632255
0.401	0.633028
0.402	0.6338
0.403	0.634573
0.404	0.635345
0.405	0.636117
0.406	0.63689
0.407	0.637662
0.408	0.638434
0.409	0.639207
0.41	0.63998
0.411	0.640753
0.412	0.641527
0.413	0.642301
0.414	0.643075
0.415	0.64385
0.416	0.644625
0.417	0.645401
0.418	0.646178
0.419	0.646955
0.42	0.647732
0.421	0.648511
0.422	0.64929
0.423	0.650069
0.424	0.650849
0.425	0.65163
0.426	0.652411
0.427	0.653193
0.428	0.653975
0.429	0.654757
0.43	0.65554
0.431	0.656323
0.432	0.657107
0.433	0.65789
0.434	0.658674
0.435	0.659457
0.436	0.660241
0.437	0.661024
0.438	0.661807
0.439	0.662589
0.44	0.663371
0.441	0.664151
0.442	0.664931
0.443	0.66571
0.444	0.666488
0.445	0.667264
0.446	0.668039
0.447	0.668812
0.448	0.669583
0.449	0.670352
0.45	0.671119
0.451	0.671883
0.452	0.672645
0.453	0.673404
0.454	0.67416
0.455	0.674912
0.456	0.675662
0.457	0.676408
0.458	0.677151
0.459	0.677889
0.46	0.678624
0.461	0.679355
0.462	0.680082
0.463	0.680805
0.464	0.681524
0.465	0.682238
0.466	0.682948
0.467	0.683654
0.468	0.684356
0.469	0.685054
0.47	0.685748
0.471	0.686438
0.472	0.687124
0.473	0.687808
0.474	0.688488
0.475	0.689166
0.476	0.689842
0.477	0.690517
0.478	0.69119
0.479	0.691863
0.48	0.692537
0.481	0.693212
0.482	0.69389
0.483	0.69457
0.484	0.695255
0.485	0.695946
0.486	0.696645
0.487	0.697351
0.488	0.698069
0.489	0.698798
0.49	0.699542
0.491	0.700302
0.492	0.701081
0.493	0.701881
0.494	0.702705
0.495	0.703556
0.496	0.704437
0.497	0.705351
0.498	0.706302
0.499	0.707294
0.5	0.707227
0.501	0.707928
0.502	0.708629
0.503	0.70933
0.504	0.710029
0.505	0.710729
0.506	0.711427
0.507	0.712125
0.508	0.712823
0.509	0.71352
0.51	0.714216
0.511	0.714912
0.512	0.715607
0.513	0.716301
0.514	0.716995
0.515	0.717688
0.516	0.718381
0.517	0.719073
0.518	0.719765
0.519	0.720456
0.52	0.721146
0.521	0.721836
0.522	0.722525
0.523	0.723214
0.524	0.723902
0.525	0.724589
0.526	0.725276
0.527	0.725962
0.528	0.726648
0.529	0.727333
0.53	0.728018
0.531	0.728702
0.532	0.729385
0.533	0.730068
0.534	0.73075
0.535	0.731432
0.536	0.732113
0.537	0.732794
0.538	0.733474
0.539	0.734153
0.54	0.734832
0.541	0.73551
0.542	0.736188
0.543	0.736865
0.544	0.737542
0.545	0.738218
0.546	0.738893
0.547	0.739568
0.548	0.740242
0.549	0.740916
0.55	0.741589
0.551	0.742262
0.552	0.742934
0.553	0.743606
0.554	0.744277
0.555	0.744947
0.556	0.745617
0.557	0.746286
0.558	0.746955
0.559	0.747623
0.56	0.748291
0.561	0.748958
0.562	0.749624
0.563	0.75029
0.564	0.750956
0.565	0.751621
0.566	0.752285
0.567	0.752949
0.568	0.753612
0.569	0.754275
0.57	0.754937
0.571	0.755599
0.572	0.75626
0.573	0.75692
0.574	0.75758
0.575	0.75824
0.576	0.758899
0.577	0.759557
0.578	0.760215
0.579	0.760872
0.58	0.761529
0.581	0.762185
0.582	0.762841
0.583	0.763496
0.584	0.76415
0.585	0.764805
0.586	0.765458
0.587	0.766111
0.588	0.766764
0.589	0.767416
0.59	0.768067
0.591	0.768718
0.592	0.769368
0.593	0.770018
0.594	0.770668
0.595	0.771316
0.596	0.771965
0.597	0.772612
0.598	0.77326
0.599	0.773906
0.6	0.774553
0.601	0.775198
0.602	0.775844
0.603	0.776488
0.604	0.777132
0.605	0.777776
0.606	0.778419
0.607	0.779062
0.608	0.779704
0.609	0.780345
0.61	0.780986
0.611	0.781627
0.612	0.782267
0.613	0.782906
0.614	0.783546
0.615	0.784184
0.616	0.784822
0.617	0.78546
0.618	0.786097
0.619	0.786733
0.62	0.787369
0.621	0.788004
0.622	0.788639
0.623	0.789274
0.624	0.789908
0.625	0.790541
0.626	0.791174
0.627	0.791807
0.628	0.792439
0.629	0.79307
0.63	0.793701
0.631	0.794332
0.632	0.794962
0.633	0.795591
0.634	0.79622
0.635	0.796849
0.636	0.797477
0.637	0.798104
0.638	0.798731
0.639	0.799358
0.64	0.799984
0.641	0.80061
0.642	0.801235
0.643	0.801859
0.644	0.802484
0.645	0.803107
0.646	0.80373
0.647	0.804353
0.648	0.804975
0.649	0.805597
0.65	0.806218
0.651	0.806839
0.652	0.807459
0.653	0.808079
0.654	0.808699
0.655	0.809317
0.656	0.809936
0.657	0.810554
0.658	0.811171
0.659	0.811788
0.66	0.812405
0.661	0.813021
0.662	0.813636
0.663	0.814251
0.664	0.814866
0.665	0.81548
0.666	0.816094
0.667	0.816707
0.668	0.81732
0.669	0.817932
0.67	0.818544
0.671	0.819155
0.672	0.819766
0.673	0.820377
0.674	0.820987
0.675	0.821596
0.676	0.822205
0.677	0.822814
0.678	0.823422
0.679	0.82403
0.68	0.824637
0.681	0.825244
0.682	0.82585
0.683	0.826456
0.684	0.827062
0.685	0.827667
0.686	0.828271
0.687	0.828875
0.688	0.829479
0.689	0.830082
0.69	0.830685
0.691	0.831287
0.692	0.831889
0.693	0.832491
0.694	0.833091
0.695	0.833692
0.696	0.834292
0.697	0.834892
0.698	0.835491
0.699	0.83609
0.7	0.836688
0.701	0.837286
0.702	0.837883
0.703	0.83848
0.704	0.839077
0.705	0.839673
0.706	0.840269
0.707	0.840864
0.708	0.841459
0.709	0.842053
0.71	0.842647
0.711	0.843241
0.712	0.843834
0.713	0.844427
0.714	0.845019
0.715	0.845611
0.716	0.846202
0.717	0.846793
0.718	0.847384
0.719	0.847974
0.72	0.848564
0.721	0.849153
0.722	0.849742
0.723	0.850331
0.724	0.850919
0.725	0.851506
0.726	0.852094
0.727	0.85268
0.728	0.853267
0.729	0.853853
0.73	0.854438
0.731	0.855023
0.732	0.855608
0.733	0.856192
0.734	0.856776
0.735	0.85736
0.736	0.857943
0.737	0.858526
0.738	0.859108
0.739	0.85969
0.74	0.860271
0.741	0.860852
0.742	0.861433
0.743	0.862013
0.744	0.862593
0.745	0.863172
0.746	0.863752
0.747	0.86433
0.748	0.864908
0.749	0.865486
0.75	0.866064
0.751	0.866641
0.752	0.867217
0.753	0.867794
0.754	0.86837
0.755	0.868945
0.756	0.86952
0.757	0.870095
0.758	0.870669
0.759	0.871243
0.76	0.871816
0.761	0.87239
0.762	0.872962
0.763	0.873535
0.764	0.874107
0.765	0.874678
0.766	0.875249
0.767	0.87582
0.768	0.876391
0.769	0.876961
0.77	0.87753
0.771	0.8781
0.772	0.878669
0.773	0.879237
0.774	0.879805
0.775	0.880373
0.776	0.88094
0.777	0.881507
0.778	0.882074
0.779	0.88264
0.78	0.883206
0.781	0.883772
0.782	0.884337
0.783	0.884902
0.784	0.885466
0.785	0.88603
0.786	0.886594
0.787	0.887157
0.788	0.88772
0.789	0.888283
0.79	0.888845
0.791	0.889407
0.792	0.889968
0.793	0.890529
0.794	0.89109
0.795	0.89165
0.796	0.89221
0.797	0.89277
0.798	0.893329
0.799	0.893888
0.8	0.894447
0.801	0.895005
0.802	0.895563
0.803	0.896121
0.804	0.896678
0.805	0.897235
0.806	0.897791
0.807	0.898347
0.808	0.898903
0.809	0.899458
0.81	0.900013
0.811	0.900568
0.812	0.901123
0.813	0.901677
0.814	0.90223
0.815	0.902784
0.816	0.903337
0.817	0.903889
0.818	0.904442
0.819	0.904994
0.82	0.905545
0.821	0.906096
0.822	0.906647
0.823	0.907198
0.824	0.907748
0.825	0.908298
0.826	0.908848
0.827	0.909397
0.828	0.909946
0.829	0.910495
0.83	0.911043
0.831	0.911591
0.832	0.912138
0.833	0.912686
0.834	0.913233
0.835	0.913779
0.836	0.914326
0.837	0.914871
0.838	0.915417
0.839	0.915962
0.84	0.916507
0.841	0.917052
0.842	0.917596
0.843	0.91814
0.844	0.918684
0.845	0.919227
0.846	0.919771
0.847	0.920313
0.848	0.920856
0.849	0.921398
0.85	0.92194
0.851	0.922481
0.852	0.923022
0.853	0.923563
0.854	0.924104
0.855	0.924644
0.856	0.925184
0.857	0.925723
0.858	0.926263
0.859	0.926801
0.86	0.92734
0.861	0.927879
0.862	0.928417
0.863	0.928954
0.864	0.929492
0.865	0.930029
0.866	0.930566
0.867	0.931102
0.868	0.931638
0.869	0.932174
0.87	0.93271
0.871	0.933245
0.872	0.93378
0.873	0.934315
0.874	0.93485
0.875	0.935384
0.876	0.935918
0.877	0.936451
0.878	0.936984
0.879	0.937517
0.88	0.93805
0.881	0.938582
0.882	0.939114
0.883	0.939646
0.884	0.940178
0.885	0.940709
0.886	0.94124
0.887	0.941771
0.888	0.942301
0.889	0.942831
0.89	0.943361
0.891	0.94389
0.892	0.94442
0.893	0.944949
0.894	0.945477
0.895	0.946006
0.896	0.946534
0.897	0.947062
0.898	0.947589
0.899	0.948116
0.9	0.948643
0.901	0.94917
0.902	0.949697
0.903	0.950223
0.904	0.950749
0.905	0.951274
0.906	0.9518
0.907	0.952325
0.908	0.95285
0.909	0.953374
0.91	0.953898
0.911	0.954422
0.912	0.954946
0.913	0.95547
0.914	0.955993
0.915	0.956516
0.916	0.957039
0.917	0.957561
0.918	0.958083
0.919	0.958605
0.92	0.959127
0.921	0.959648
0.922	0.960169
0.923	0.96069
0.924	0.961211
0.925	0.961731
0.926	0.962251
0.927	0.962771
0.928	0.963291
0.929	0.96381
0.93	0.964329
0.931	0.964848
0.932	0.965367
0.933	0.965885
0.934	0.966403
0.935	0.966921
0.936	0.967439
0.937	0.967956
0.938	0.968473
0.939	0.96899
0.94	0.969507
0.941	0.970023
0.942	0.970539
0.943	0.971055
0.944	0.971571
0.945	0.972086
0.946	0.972602
0.947	0.973117
0.948	0.973631
0.949	0.974146
0.95	0.97466
0.951	0.975174
0.952	0.975688
0.953	0.976201
0.954	0.976715
0.955	0.977228
0.956	0.977741
0.957	0.978253
0.958	0.978766
0.959	0.979278
0.96	0.97979
0.961	0.980302
0.962	0.980813
0.963	0.981324
0.964	0.981836
0.965	0.982346
0.966	0.982857
0.967	0.983367
0.968	0.983878
0.969	0.984387
0.97	0.984897
0.971	0.985407
0.972	0.985916
0.973	0.986425
0.974	0.986934
0.975	0.987443
0.976	0.987951
0.977	0.988459
0.978	0.988967
0.979	0.989475
0.98	0.989983
0.981	0.99049
0.982	0.990997
0.983	0.991504
0.984	0.992011
0.985	0.992518
0.986	0.993024
0.987	0.99353
0.988	0.994036
0.989	0.994542
0.99	0.995047
0.991	0.995553
0.992	0.996058
0.993	0.996563
0.994	0.997067
0.995	0.997572
0.996	0.998076
0.997	0.99858
0.998	0.999084
0.999	0.999588
