# Interpolation data for function: sqrt(x)
0	0.266669
0.001	0.267469
0.002	0.268269
0.003	0.269069
0.004	0.269869
0.005	0.270669
0.006	0.271469
0.007	0.272269
0.008	0.273069
0.009	0.273869
0.01	0.274669
0.011	0.275469
0.012	0.276269
0.013	0.277069
0.014	0.277869
0.015	0.278669
0.016	0.279469
0.017	0.280269
0.018	0.281069
0.019	0.281869
0.02	0.282669
0.021	0.283469
0.022	0.284269
0.023	0.285069
0.024	0.285869
0.025	0.286669
0.026	0.287469
0.027	0.288269
0.028	0.289069
0.029	0.289869
0.03	0.290669
0.031	0.291469
0.032	0.292269
0.033	0.293069
0.034	0.293869
0.035	0.294669
0.036	0.295469
0.037	0.296269
0.038	0.297069
0.039	0.297869
0.04	0.298669
0.041	0.299469
0.042	0.300269
0.043	0.301069
0.044	0.301869
0.045	0.302669
0.046	0.303469
0.047	0.304269
0.048	0.305069
0.049	0.305869
0.05	0.306669
0.051	0.307469
0.052	0.308269
0.053	0.309069
0.054	0.309869
0.055	0.310669
0.056	0.311469
0.057	0.312269
0.058	0.313069
0.059	0.313869
0.06	0.314669
0.061	0.315469
0.062	0.316269
0.063	0.317069
0.064	0.317869
0.065	0.318669
0.066	0.319469
0.067	0.320269
0.068	0.321069
0.069	0.321869
0.07	0.322669
0.071	0.323469
0.072	0.324269
0.073	0.325069
0.074	0.325869
0.075	0.326669
0.076	0.327469
0.077	0.328269
0.078	0.329069
0.079	0.329869
0.08	0.330669
0.081	0.331469
0.082	0.332269
0.083	0.333069
0.084	0.333869
0.085	0.334669
0.086	0.335469
0.087	0.336269
0.088	0.337069
0.089	0.337869
0.09	0.338669
0.091	0.339469
0.092	0.340269
0.093	0.341069
0.094	0.341869
0.095	0.342669
0.096	0.343469
0.097	0.344269
0.098	0.345069
0.099	0.345869
0.1	0.346669
0.101	0.347469
0.102	0.348269
0.103	0.349069
0.104	0.349869
0.105	0.350669
0.106	0.351469
0.107	0.352269
0.108	0.353069
0.109	0.353869
0.11	0.354669
0.111	0.355469
0.112	0.356269
0.113	0.357069
0.114	0.357869
0.115	0.358669
0.116	0.359469
0.117	0.360269
0.118	0.361069
0.119	0.361869
0.12	0.362669
0.121	0.363469
0.122	0.364269
0.123	0.365069
0.124	0.365869
0.125	0.366669
0.126	0.367469
0.127	0.368269
0.128	0.369069
0.129	0.369869
0.13	0.370669
0.131	0.371469
0.132	0.372269
0.133	0.373069
0.134	0.373869
0.135	0.374669
0.136	0.375469
0.137	0.376269
0.138	0.377069
0.139	0.377869
0.14	0.378669
0.141	0.379469
0.142	0.380269
0.143	0.381069
0.144	0.381869
0.145	0.382669
0.146	0.383469
0.147	0.384269
0.148	0.385069
0.149	0.385869
0.15	0.386669
0.151	0.387469
0.152	0.388269
0.153	0.389069
0.154	0.389869
0.155	0.390669
0.156	0.391469
0.157	0.392269
0.158	0.393069
0.159	0.393869
0.16	0.394669
0.161	0.395469
0.162	0.396269
0.163	0.397069
0.164	0.397869
0.165	0.398669
0.166	0.399469
0.167	0.400269
0.168	0.401069
0.169	0.401869
0.17	0.402669
0.171	0.403469
0.172	0.404269
0.173	0.405069
0.174	0.405869
0.175	0.406669
0.176	0.407469
0.177	0.408269
0.178	0.409069
0.179	0.409869
0.18	0.410669
0.181	0.411469
0.182	0.412269
0.183	0.413069
0.184	0.413869
0.185	0.414669
0.186	0.415469
0.187	0.416269
0.188	0.417069
0.189	0.417869
0.19	0.418669
0.191	0.419469
0.192	0.420269
0.193	0.421069
0.194	0.421869
0.195	0.422669
0.196	0.423469
0.197	0.424269
0.198	0.425069
0.199	0.425869
0.2	0.426669
0.201	0.427469
0.202	0.428269
0.203	0.429069
0.204	0.429869
0.205	0.430669
0.206	0.431469
0.207	0.432269
0.208	0.433069
0.209	0.433869
0.21	0.434669
0.211	0.435469
0.212	0.436269
0.213	0.437068
0.214	0.437868
0.215	0.438668
0.216	0.439468
0.217	0.440268
0.218	0.441068
0.219	0.441868
0.22	0.442668
0.221	0.443468
0.222	0.444268
0.223	0.445068
0.224	0.445868
0.225	0.446668
0.226	0.447468
0.227	0.448268
0.228	0.449068
0.229	0.449868
0.23	0.450668
0.231	0.451468
0.232	0.452268
0.233	0.453068
0.234	0.453868
0.235	0.454668
0.236	0.455468
0.237	0.456268
0.238	0.457068
0.239	0.457868
0.24	0.458668
0.241	0.459468
0.242	0.460268
0.243	0.461068
0.244	0.461868
0.245	0.462668
0.246	0.463468
0.247	0.464268
0.248	0.465068
0.249	0.465868
0.25	0.466668
0.251	0.467468
0.252	0.468268
0.253	0.469068
0.254	0.469868
0.255	0.470668
0.256	0.471468
0.257	0.472268
0.258	0.473068
0.259	0.473868
0.26	0.474668
0.261	0.475468
0.262	0.476268
0.263	0.477068
0.264	0.477868
0.265	0.478668
0.266	0.479468
0.267	0.480268
0.268	0.481068
0.269	0.481868
0.27	0.482668
0.271	0.483468
0.272	0.484268
0.273	0.485068
0.274	0.485868
0.275	0.486668
0.276	0.487468
0.277	0.488268
0.278	0.489068
0.279	0.489868
0.28	0.490668
0.281	0.491468
0.282	0.492268
0.283	0.493068
0.284	0.493868
0.285	0.494668
0.286	0.495468
0.287	0.496268
0.288	0.497068
0.289	0.497868
0.29	0.498668
0.291	0.499468
0.292	0.500268
0.293	0.501068
0.294	0.501868
0.295	0.502668
0.296	0.503468
0.297	0.504268
0.298	0.505068
0.299	0.505868
0.3	0.506668
0.301	0.507468
0.302	0.508268
0.303	0.509068
0.304	0.509868
0.305	0.510668
0.306	0.511468
0.307	0.512268
0.308	0.513068
0.309	0.513868
0.31	0.514668
0.311	0.515468
0.312	0.516268
0.313	0.517068
0.314	0.517868
0.315	0.518668
0.316	0.519468
0.317	0.520268
0.318	0.521068
0.319	0.521868
0.32	0.522668
0.321	0.523468
0.322	0.524268
0.323	0.525068
0.324	0.525868
0.325	0.526668
0.326	0.527468
0.327	0.528268
0.328	0.529068
0.329	0.529868
0.33	0.530668
0.331	0.531468
0.332	0.532268
0.333	0.533068
0.334	0.533868
0.335	0.534668
0.336	0.535468
0.337	0.536268
0.338	0.537068
0.339	0.537868
0.34	0.538668
0.341	0.539468
0.342	0.540268
0.343	0.541068
0.344	0.541868
0.345	0.542668
0.346	0.543468
0.347	0.544268
0.348	0.545068
0.349	0.545868
0.35	0.546668
0.351	0.547468
0.352	0.548268
0.353	0.549068
0.354	0.549868
0.355	0.550668
0.356	0.551468
0.357	0.552268
0.358	0.553068
0.359	0.553868
0.36	0.554668
0.361	0.555468
0.362	0.556268
0.363	0.557068
0.364	0.557868
0.365	0.558668
0.366	0.559468
0.367	0.560268
0.368	0.561068
0.369	0.561868
0.37	0.562668
0.371	0.563468
0.372	0.564268
0.373	0.565068
0.374	0.565868
0.375	0.566668
0.376	0.567468
0.377	0.568268
0.378	0.569068
0.379	0.569868
0.38	0.570668
0.381	0.571468
0.382	0.572268
0.383	0.573068
0.384	0.573868
0.385	0.574668
0.386	0.575468
0.387	0.576268
0.388	0.577068
0.389	0.577868
0.39	0.578668
0.391	0.579468
0.392	0.580268
0.393	0.581068
0.394	0.581868
0.395	0.582668
0.396	0.583468
0.397	0.584268
0.398	0.585068
0.399	0.585868
0.4	0.586668
0.401	0.587468
0.402	0.588268
0.403	0.589068
0.404	0.589868
0.405	0.590668
0.406	0.591468
0.407	0.592268
0.408	0.593068
0.409	0.593868
0.41	0.594668
0.411	0.595468
0.412	0.596268
0.413	0.597068
0.414	0.597868
0.415	0.598668
0.416	0.599468
0.417	0.600268
0.418	0.601068
0.419	0.601868
0.42	0.602668
0.421	0.603468
0.422	0.604268
0.423	0.605068
0.424	0.605868
0.425	0.606668
0.426	0.607468
0.427	0.608268
0.428	0.609068
0.429	0.609868
0.43	0.610668
0.431	0.611468
0.432	0.612268
0.433	0.613068
0.434	0.613868
0.435	0.614668
0.436	0.615468
0.437	0.616268
0.438	0.617068
0.439	0.617868
0.44	0.618668
0.441	0.619468
0.442	0.620268
0.443	0.621068
0.444	0.621868
0.445	0.622668
0.446	0.623468
0.447	0.624268
0.448	0.625068
0.449	0.625868
0.45	0.626668
0.451	0.627468
0.452	0.628268
0.453	0.629068
0.454	0.629868
0.455	0.630668
0.456	0.631468
0.457	0.632268
0.458	0.633068
0.459	0.633868
0.46	0.634668
0.461	0.635467
0.462	0.636267
0.463	0.637067
0.464	0.637867
0.465	0.638667
0.466	0.639467
0.467	0.640267
0.468	0.641067
0.469	0.641867
0.47	0.642667
0.471	0.643467
0.472	0.644267
0.473	0.645067
0.474	0.645867
0.475	0.646667
0.476	0.647467
0.477	0.648267
0.478	0.649067
0.479	0.649867
0.48	0.650667
0.481	0.651467
0.482	0.652267
0.483	0.653067
0.484	0.653867
0.485	0.654667
0.486	0.655467
0.487	0.656267
0.488	0.657067
0.489	0.657867
0.49	0.658667
0.491	0.659467
0.492	0.660267
0.493	0.661067
0.494	0.661867
0.495	0.662667
0.496	0.663467
0.497	0.664267
0.498	0.665067
0.499	0.665867
0.5	0.666667
0.501	0.667467
0.502	0.668267
0.503	0.669067
0.504	0.669867
0.505	0.670667
0.506	0.671467
0.507	0.672267
0.508	0.673067
0.509	0.673867
0.51	0.674667
0.511	0.675467
0.512	0.676267
0.513	0.677067
0.514	0.677867
0.515	0.678667
0.516	0.679467
0.517	0.680267
0.518	0.681067
0.519	0.681867
0.52	0.682667
0.521	0.683467
0.522	0.684267
0.523	0.685067
0.524	0.685867
0.525	0.686667
0.526	0.687467
0.527	0.688267
0.528	0.689067
0.529	0.689867
0.53	0.690667
0.531	0.691467
0.532	0.692267
0.533	0.693067
0.534	0.693867
0.535	0.694667
0.536	0.695467
0.537	0.696267
0.538	0.697067
0.539	0.697867
0.54	0.698667
0.541	0.699467
0.542	0.700267
0.543	0.701067
0.544	0.701867
0.545	0.702667
0.546	0.703467
0.547	0.704267
0.548	0.705067
0.549	0.705867
0.55	0.706667
0.551	0.707467
0.552	0.708267
0.553	0.709067
0.554	0.709867
0.555	0.710667
0.556	0.711467
0.557	0.712267
0.558	0.713067
0.559	0.713867
0.56	0.714667
0.561	0.715467
0.562	0.716267
0.563	0.717067
0.564	0.717867
0.565	0.718667
0.566	0.719467
0.567	0.720267
0.568	0.721067
0.569	0.721867
0.57	0.722667
0.571	0.723467
0.572	0.724267
0.573	0.725067
0.574	0.725867
0.575	0.726667
0.576	0.727467
0.577	0.728267
0.578	0.729067
0.579	0.729867
0.58	0.730667
0.581	0.731467
0.582	0.732267
0.583	0.733067
0.584	0.733867
0.585	0.734667
0.586	0.735467
0.587	0.736267
0.588	0.737067
0.589	0.737867
0.59	0.738667
0.591	0.739467
0.592	0.740267
0.593	0.741067
0.594	0.741867
0.595	0.742667
0.596	0.743467
0.597	0.744267
0.598	0.745067
0.599	0.745867
0.6	0.746667
0.601	0.747467
0.602	0.748267
0.603	0.749067
0.604	0.749867
0.605	0.750667
0.606	0.751467
0.607	0.752267
0.608	0.753067
0.609	0.753867
0.61	0.754667
0.611	0.755467
0.612	0.756267
0.613	0.757067
0.614	0.757867
0.615	0.758667
0.616	0.759467
0.617	0.760267
0.618	0.761067
0.619	0.761867
0.62	0.762667
0.621	0.763467
0.622	0.764267
0.623	0.765067
0.624	0.765867
0.625	0.766667
0.626	0.767467
0.627	0.768267
0.628	0.769067
0.629	0.769867
0.63	0.770667
0.631	0.771467
0.632	0.772267
0.633	0.773067
0.634	0.773867
0.635	0.774667
0.636	0.775467
0.637	0.776267
0.638	0.777067
0.639	0.777867
0.64	0.778667
0.641	0.779467
0.642	0.780267
0.643	0.781067
0.644	0.781867
0.645	0.782667
0.646	0.783467
0.647	0.784267
0.648	0.785067
0.649	0.785867
0.65	0.786667
0.651	0.787467
0.652	0.788267
0.653	0.789067
0.654	0.789867
0.655	0.790667
0.656	0.791467
0.657	0.792267
0.658	0.793067
0.659	0.793867
0.66	0.794667
0.661	0.795467
0.662	0.796267
0.663	0.797067
0.664	0.797867
0.665	0.798667
0.666	0.799467
0.667	0.800267
0.668	0.801067
0.669	0.801867
0.67	0.802667
0.671	0.803467
0.672	0.804267
0.673	0.805067
0.674	0.805867
0.675	0.806667
0.676	0.807467
0.677	0.808267
0.678	0.809067
0.679	0.809867
0.68	0.810667
0.681	0.811467
0.682	0.812267
0.683	0.813067
0.684	0.813867
0.685	0.814667
0.686	0.815467
0.687	0.816267
0.688	0.817067
0.689	0.817867
0.69	0.818667
0.691	0.819467
0.692	0.820267
0.693	0.821067
0.694	0.821867
0.695	0.822667
0.696	0.823467
0.697	0.824267
0.698	0.825067
0.699	0.825867
0.7	0.826667
0.701	0.827467
0.702	0.828267
0.703	0.829067
0.704	0.829867
0.705	0.830667
0.706	0.831467
0.707	0.832267
0.708	0.833066
0.709	0.833866
0.71	0.834666
0.711	0.835466
0.712	0.836266
0.713	0.837066
0.714	0.837866
0.715	0.838666
0.716	0.839466
0.717	0.840266
0.718	0.841066
0.719	0.841866
0.72	0.842666
0.721	0.843466
0.722	0.844266
0.723	0.845066
0.724	0.845866
0.725	0.846666
0.726	0.847466
0.727	0.848266
0.728	0.849066
0.729	0.849866
0.73	0.850666
0.731	0.851466
0.732	0.852266
0.733	0.853066
0.734	0.853866
0.735	0.854666
0.736	0.855466
0.737	0.856266
0.738	0.857066
0.739	0.857866
0.74	0.858666
0.741	0.859466
0.742	0.860266
0.743	0.861066
0.744	0.861866
0.745	0.862666
0.746	0.863466
0.747	0.864266
0.748	0.865066
0.749	0.865866
0.75	0.866666
0.751	0.867466
0.752	0.868266
0.753	0.869066
0.754	0.869866
0.755	0.870666
0.756	0.871466
0.757	0.872266
0.758	0.873066
0.759	0.873866
0.76	0.874666
0.761	0.875466
0.762	0.876266
0.763	0.877066
0.764	0.877866
0.765	0.878666
0.766	0.879466
0.767	0.880266
0.768	0.881066
0.769	0.881866
0.77	0.882666
0.771	0.883466
0.772	0.884266
0.773	0.885066
0.774	0.885866
0.775	0.886666
0.776	0.887466
0.777	0.888266
0.778	0.889066
0.779	0.889866
0.78	0.890666
0.781	0.891466
0.782	0.892266
0.783	0.893066
0.784	0.893866
0.785	0.894666
0.786	0.895466
0.787	0.896266
0.788	0.897066
0.789	0.897866
0.79	0.898666
0.791	0.899466
0.792	0.900266
0.793	0.901066
0.794	0.901866
0.795	0.902666
0.796	0.903466
0.797	0.904266
0.798	0.905066
0.799	0.905866
0.8	0.906666
0.801	0.907466
0.802	0.908266
0.803	0.909066
0.804	0.909866
0.805	0.910666
0.806	0.911466
0.807	0.912266
0.808	0.913066
0.809	0.913866
0.81	0.914666
0.811	0.915466
0.812	0.916266
0.813	0.917066
0.814	0.917866
0.815	0.918666
0.816	0.919466
0.817	0.920266
0.818	0.921066
0.819	0.921866
0.82	0.922666
0.821	0.923466
0.822	0.924266
0.823	0.925066
0.824	0.925866
0.825	0.926666
0.826	0.927466
0.827	0.928266
0.828	0.929066
0.829	0.929866
0.83	0.930666
0.831	0.931466
0.832	0.932266
0.833	0.933066
0.834	0.933866
0.835	0.934666
0.836	0.935466
0.837	0.936266
0.838	0.937066
0.839	0.937866
0.84	0.938666
0.841	0.939466
0.842	0.940266
0.843	0.941066
0.844	0.941866
0.845	0.942666
0.846	0.943466
0.847	0.944266
0.848	0.945066
0.849	0.945866
0.85	0.946666
0.851	0.947466
0.852	0.948266
0.853	0.949066
0.854	0.949866
0.855	0.950666
0.856	0.951466
0.857	0.952266
0.858	0.953066
0.859	0.953866
0.86	0.954666
0.861	0.955466
0.862	0.956266
0.863	0.957066
0.864	0.957866
0.865	0.958666
0.866	0.959466
0.867	0.960266
0.868	0.961066
0.869	0.961866
0.87	0.962666
0.871	0.963466
0.872	0.964266
0.873	0.965066
0.874	0.965866
0.875	0.966666
0.876	0.967466
0.877	0.968266
0.878	0.969066
0.879	0.969866
0.88	0.970666
0.881	0.971466
0.882	0.972266
0.883	0.973066
0.884	0.973866
0.885	0.974666
0.886	0.975466
0.887	0.976266
0.888	0.977066
0.889	0.977866
0.89	0.978666
0.891	0.979466
0.892	0.980266
0.893	0.981066
0.894	0.981866
0.895	0.982666
0.896	0.983466
0.897	0.984266
0.898	0.985066
0.899	0.985866
0.9	0.986666
0.901	0.987466
0.902	0.988266
0.903	0.989066
0.904	0.989866
0.905	0.990666
0.906	0.991466
0.907	0.992266
0.908	0.993066
0.909	0.993866
0.91	0.994666
0.911	0.995466
0.912	0.996266
0.913	0.997066
0.914	0.997866
0.915	0.998666
0.916	0.999466
0.917	1.00027
0.918	1.00107
0.919	1.00187
0.92	1.00267
0.921	1.00347
0.922	1.00427
0.923	1.00507
0.924	1.00587
0.925	1.00667
0.926	1.00747
0.927	1.00827
0.928	1.00907
0.929	1.00987
0.93	1.01067
0.931	1.01147
0.932	1.01227
0.933	1.01307
0.934	1.01387
0.935	1.01467
0.936	1.01547
0.937	1.01627
0.938	1.01707
0.939	1.01787
0.94	1.01867
0.941	1.01947
0.942	1.02027
0.943	1.02107
0.944	1.02187
0.945	1.02267
0.946	1.02347
0.947	1.02427
0.948	1.02507
0.949	1.02587
0.95	1.02667
0.951	1.02747
0.952	1.02827
0.953	1.02907
0.954	1.02987
0.955	1.03067
0.956	1.03147
0.957	1.03227
0.958	1.03307
0.959	1.03387
0.96	1.03467
0.961	1.03547
0.962	1.03627
0.963	1.03707
0.964	1.03787
0.965	1.03867
0.966	1.03947
0.967	1.04027
0.968	1.04107
0.969	1.04187
0.97	1.04267
0.971	1.04347
0.972	1.04427
0.973	1.04507
0.974	1.04587
0.975	1.04667
0.976	1.04747
0.977	1.04827
0.978	1.04907
0.979	1.04987
0.98	1.05067
0.981	1.05147
0.982	1.05227
0.983	1.05307
0.984	1.05387
0.985	1.05467
0.986	1.05547
0.987	1.05627
0.988	1.05707
0.989	1.05787
0.99	1.05867
0.991	1.05947
0.992	1.06027
0.993	1.06107
0.994	1.06187
0.995	1.06267
0.996	1.06347
0.997	1.06427
0.998	1.06507
0.999	1.06587
