# Interpolation data for function: sqrt(x)
0.5	0.707109
0.501	0.707816
0.502	0.708521
0.503	0.709227
0.504	0.709931
0.505	0.710635
0.506	0.711338
0.507	0.71204
0.508	0.712742
0.509	0.713443
0.51	0.714143
0.511	0.714843
0.512	0.715542
0.513	0.71624
0.514	0.716938
0.515	0.717635
0.516	0.718331
0.517	0.719027
0.518	0.719722
0.519	0.720416
0.52	0.72111
0.521	0.721803
0.522	0.722495
0.523	0.723187
0.524	0.723878
0.525	0.724568
0.526	0.725258
0.527	0.725947
0.528	0.726635
0.529	0.727323
0.53	0.72801
0.531	0.728697
0.532	0.729382
0.533	0.730068
0.534	0.730752
0.535	0.731436
0.536	0.732119
0.537	0.732802
0.538	0.733484
0.539	0.734165
0.54	0.734846
0.541	0.735526
0.542	0.736206
0.543	0.736884
0.544	0.737563
0.545	0.73824
0.546	0.738917
0.547	0.739594
0.548	0.740269
0.549	0.740945
0.55	0.741619
0.551	0.742293
0.552	0.742966
0.553	0.743639
0.554	0.744311
0.555	0.744982
0.556	0.745653
0.557	0.746324
0.558	0.746993
0.559	0.747662
0.56	0.748331
0.561	0.748999
0.562	0.749666
0.563	0.750333
0.564	0.750999
0.565	0.751664
0.566	0.752329
0.567	0.752994
0.568	0.753657
0.569	0.754321
0.57	0.754983
0.571	0.755645
0.572	0.756307
0.573	0.756967
0.574	0.757628
0.575	0.758287
0.576	0.758946
0.577	0.759605
0.578	0.760263
0.579	0.76092
0.58	0.761577
0.581	0.762234
0.582	0.762889
0.583	0.763544
0.584	0.764199
0.585	0.764853
0.586	0.765506
0.587	0.766159
0.588	0.766812
0.589	0.767464
0.59	0.768115
0.591	0.768765
0.592	0.769416
0.593	0.770065
0.594	0.770714
0.595	0.771363
0.596	0.772011
0.597	0.772658
0.598	0.773305
0.599	0.773951
0.6	0.774597
0.601	0.775242
0.602	0.775887
0.603	0.776531
0.604	0.777175
0.605	0.777818
0.606	0.778461
0.607	0.779103
0.608	0.779744
0.609	0.780385
0.61	0.781026
0.611	0.781665
0.612	0.782305
0.613	0.782944
0.614	0.783582
0.615	0.78422
0.616	0.784857
0.617	0.785494
0.618	0.78613
0.619	0.786766
0.62	0.787401
0.621	0.788036
0.622	0.78867
0.623	0.789304
0.624	0.789937
0.625	0.79057
0.626	0.791202
0.627	0.791834
0.628	0.792465
0.629	0.793096
0.63	0.793726
0.631	0.794356
0.632	0.794985
0.633	0.795614
0.634	0.796242
0.635	0.79687
0.636	0.797497
0.637	0.798123
0.638	0.79875
0.639	0.799375
0.64	0.800001
0.641	0.800625
0.642	0.80125
0.643	0.801873
0.644	0.802497
0.645	0.80312
0.646	0.803742
0.647	0.804364
0.648	0.804985
0.649	0.805606
0.65	0.806226
0.651	0.806846
0.652	0.807466
0.653	0.808085
0.654	0.808703
0.655	0.809321
0.656	0.809939
0.657	0.810556
0.658	0.811172
0.659	0.811789
0.66	0.812404
0.661	0.813019
0.662	0.813634
0.663	0.814248
0.664	0.814862
0.665	0.815476
0.666	0.816089
0.667	0.816701
0.668	0.817313
0.669	0.817924
0.67	0.818536
0.671	0.819146
0.672	0.819756
0.673	0.820366
0.674	0.820975
0.675	0.821584
0.676	0.822192
0.677	0.8228
0.678	0.823408
0.679	0.824015
0.68	0.824621
0.681	0.825227
0.682	0.825833
0.683	0.826438
0.684	0.827043
0.685	0.827647
0.686	0.828251
0.687	0.828855
0.688	0.829458
0.689	0.83006
0.69	0.830662
0.691	0.831264
0.692	0.831865
0.693	0.832466
0.694	0.833066
0.695	0.833666
0.696	0.834266
0.697	0.834865
0.698	0.835464
0.699	0.836062
0.7	0.83666
0.701	0.837257
0.702	0.837854
0.703	0.838451
0.704	0.839047
0.705	0.839642
0.706	0.840238
0.707	0.840833
0.708	0.841427
0.709	0.842021
0.71	0.842615
0.711	0.843208
0.712	0.843801
0.713	0.844393
0.714	0.844985
0.715	0.845576
0.716	0.846167
0.717	0.846758
0.718	0.847348
0.719	0.847938
0.72	0.848528
0.721	0.849117
0.722	0.849705
0.723	0.850294
0.724	0.850881
0.725	0.851469
0.726	0.852056
0.727	0.852642
0.728	0.853229
0.729	0.853814
0.73	0.8544
0.731	0.854985
0.732	0.855569
0.733	0.856154
0.734	0.856737
0.735	0.857321
0.736	0.857904
0.737	0.858486
0.738	0.859069
0.739	0.85965
0.74	0.860232
0.741	0.860813
0.742	0.861394
0.743	0.861974
0.744	0.862554
0.745	0.863133
0.746	0.863712
0.747	0.864291
0.748	0.864869
0.749	0.865447
0.75	0.866025
0.751	0.866602
0.752	0.867179
0.753	0.867755
0.754	0.868331
0.755	0.868907
0.756	0.869482
0.757	0.870057
0.758	0.870631
0.759	0.871206
0.76	0.871779
0.761	0.872353
0.762	0.872926
0.763	0.873498
0.764	0.87407
0.765	0.874642
0.766	0.875214
0.767	0.875785
0.768	0.876356
0.769	0.876926
0.77	0.877496
0.771	0.878066
0.772	0.878635
0.773	0.879204
0.774	0.879772
0.775	0.88034
0.776	0.880908
0.777	0.881476
0.778	0.882043
0.779	0.882609
0.78	0.883176
0.781	0.883742
0.782	0.884307
0.783	0.884873
0.784	0.885437
0.785	0.886002
0.786	0.886566
0.787	0.88713
0.788	0.887693
0.789	0.888256
0.79	0.888819
0.791	0.889382
0.792	0.889944
0.793	0.890505
0.794	0.891067
0.795	0.891628
0.796	0.892188
0.797	0.892748
0.798	0.893308
0.799	0.893868
0.8	0.894427
0.801	0.894986
0.802	0.895544
0.803	0.896103
0.804	0.89666
0.805	0.897218
0.806	0.897775
0.807	0.898332
0.808	0.898888
0.809	0.899444
0.81	0.9
0.811	0.900555
0.812	0.901111
0.813	0.901665
0.814	0.90222
0.815	0.902774
0.816	0.903327
0.817	0.903881
0.818	0.904434
0.819	0.904986
0.82	0.905539
0.821	0.906091
0.822	0.906642
0.823	0.907194
0.824	0.907745
0.825	0.908295
0.826	0.908846
0.827	0.909396
0.828	0.909945
0.829	0.910495
0.83	0.911044
0.831	0.911592
0.832	0.912141
0.833	0.912689
0.834	0.913236
0.835	0.913784
0.836	0.914331
0.837	0.914877
0.838	0.915424
0.839	0.91597
0.84	0.916516
0.841	0.917061
0.842	0.917606
0.843	0.918151
0.844	0.918695
0.845	0.919239
0.846	0.919783
0.847	0.920327
0.848	0.92087
0.849	0.921413
0.85	0.921955
0.851	0.922497
0.852	0.923039
0.853	0.923581
0.854	0.924122
0.855	0.924663
0.856	0.925203
0.857	0.925744
0.858	0.926283
0.859	0.926823
0.86	0.927362
0.861	0.927901
0.862	0.92844
0.863	0.928979
0.864	0.929517
0.865	0.930054
0.866	0.930592
0.867	0.931129
0.868	0.931666
0.869	0.932202
0.87	0.932738
0.871	0.933274
0.872	0.93381
0.873	0.934345
0.874	0.93488
0.875	0.935415
0.876	0.935949
0.877	0.936483
0.878	0.937017
0.879	0.937551
0.88	0.938084
0.881	0.938617
0.882	0.939149
0.883	0.939681
0.884	0.940213
0.885	0.940745
0.886	0.941276
0.887	0.941807
0.888	0.942338
0.889	0.942868
0.89	0.943399
0.891	0.943928
0.892	0.944458
0.893	0.944987
0.894	0.945516
0.895	0.946045
0.896	0.946573
0.897	0.947101
0.898	0.947629
0.899	0.948156
0.9	0.948684
0.901	0.94921
0.902	0.949737
0.903	0.950263
0.904	0.950789
0.905	0.951315
0.906	0.95184
0.907	0.952366
0.908	0.95289
0.909	0.953415
0.91	0.953939
0.911	0.954463
0.912	0.954987
0.913	0.95551
0.914	0.956033
0.915	0.956556
0.916	0.957079
0.917	0.957601
0.918	0.958123
0.919	0.958645
0.92	0.959166
0.921	0.959687
0.922	0.960208
0.923	0.960729
0.924	0.961249
0.925	0.961769
0.926	0.962289
0.927	0.962808
0.928	0.963327
0.929	0.963846
0.93	0.964365
0.931	0.964883
0.932	0.965401
0.933	0.965919
0.934	0.966436
0.935	0.966953
0.936	0.96747
0.937	0.967987
0.938	0.968503
0.939	0.96902
0.94	0.969535
0.941	0.970051
0.942	0.970566
0.943	0.971081
0.944	0.971596
0.945	0.97211
0.946	0.972625
0.947	0.973139
0.948	0.973652
0.949	0.974166
0.95	0.974679
0.951	0.975192
0.952	0.975704
0.953	0.976216
0.954	0.976729
0.955	0.97724
0.956	0.977752
0.957	0.978263
0.958	0.978774
0.959	0.979285
0.96	0.979795
0.961	0.980305
0.962	0.980815
0.963	0.981325
0.964	0.981834
0.965	0.982343
0.966	0.982852
0.967	0.983361
0.968	0.983869
0.969	0.984377
0.97	0.984885
0.971	0.985393
0.972	0.9859
0.973	0.986407
0.974	0.986914
0.975	0.987421
0.976	0.987927
0.977	0.988433
0.978	0.988939
0.979	0.989444
0.98	0.989949
0.981	0.990454
0.982	0.990959
0.983	0.991464
0.984	0.991968
0.985	0.992472
0.986	0.992976
0.987	0.993479
0.988	0.993982
0.989	0.994485
0.99	0.994988
0.991	0.99549
0.992	0.995993
0.993	0.996495
0.994	0.996996
0.995	0.997498
0.996	0.997999
0.997	0.9985
0.998	0.999001
0.999	0.999501
0.25	0.500002
0.251	0.501
0.252	0.501997
0.253	0.502992
0.254	0.503985
0.255	0.504976
0.256	0.505965
0.257	0.506952
0.258	0.507937
0.259	0.50892
0.26	0.509902
0.261	0.510881
0.262	0.511859
0.263	0.512835
0.264	0.513809
0.265	0.514781
0.266	0.515751
0.267	0.51672
0.268	0.517687
0.269	0.518651
0.27	0.519615
0.271	0.520576
0.272	0.521536
0.273	0.522493
0.274	0.523449
0.275	0.524404
0.276	0.525356
0.277	0.526307
0.278	0.527257
0.279	0.528204
0.28	0.52915
0.281	0.530094
0.282	0.531036
0.283	0.531977
0.284	0.532916
0.285	0.533854
0.286	0.534789
0.287	0.535724
0.288	0.536656
0.289	0.537587
0.29	0.538516
0.291	0.539444
0.292	0.54037
0.293	0.541295
0.294	0.542218
0.295	0.543139
0.296	0.544059
0.297	0.544977
0.298	0.545894
0.299	0.546809
0.3	0.547723
0.301	0.548635
0.302	0.549546
0.303	0.550455
0.304	0.551362
0.305	0.552268
0.306	0.553173
0.307	0.554076
0.308	0.554978
0.309	0.555878
0.31	0.556777
0.311	0.557674
0.312	0.55857
0.313	0.559465
0.314	0.560358
0.315	0.561249
0.316	0.562139
0.317	0.563028
0.318	0.563915
0.319	0.564801
0.32	0.565686
0.321	0.566569
0.322	0.567451
0.323	0.568331
0.324	0.56921
0.325	0.570088
0.326	0.570964
0.327	0.571839
0.328	0.572713
0.329	0.573586
0.33	0.574457
0.331	0.575326
0.332	0.576195
0.333	0.577062
0.334	0.577928
0.335	0.578792
0.336	0.579655
0.337	0.580517
0.338	0.581378
0.339	0.582237
0.34	0.583095
0.341	0.583952
0.342	0.584808
0.343	0.585662
0.344	0.586515
0.345	0.587367
0.346	0.588218
0.347	0.589067
0.348	0.589915
0.349	0.590762
0.35	0.591608
0.351	0.592452
0.352	0.593296
0.353	0.594138
0.354	0.594979
0.355	0.595818
0.356	0.596657
0.357	0.597494
0.358	0.598331
0.359	0.599166
0.36	0.6
0.361	0.600832
0.362	0.601664
0.363	0.602494
0.364	0.603324
0.365	0.604152
0.366	0.604979
0.367	0.605805
0.368	0.60663
0.369	0.607453
0.37	0.608276
0.371	0.609097
0.372	0.609918
0.373	0.610737
0.374	0.611555
0.375	0.612372
0.376	0.613188
0.377	0.614003
0.378	0.614817
0.379	0.615629
0.38	0.616441
0.381	0.617252
0.382	0.618061
0.383	0.61887
0.384	0.619677
0.385	0.620483
0.386	0.621289
0.387	0.622093
0.388	0.622896
0.389	0.623698
0.39	0.6245
0.391	0.6253
0.392	0.626099
0.393	0.626897
0.394	0.627694
0.395	0.62849
0.396	0.629285
0.397	0.630079
0.398	0.630872
0.399	0.631664
0.4	0.632455
0.401	0.633246
0.402	0.634035
0.403	0.634823
0.404	0.63561
0.405	0.636396
0.406	0.637181
0.407	0.637966
0.408	0.638749
0.409	0.639531
0.41	0.640313
0.411	0.641093
0.412	0.641872
0.413	0.642651
0.414	0.643429
0.415	0.644205
0.416	0.644981
0.417	0.645756
0.418	0.64653
0.419	0.647302
0.42	0.648074
0.421	0.648845
0.422	0.649616
0.423	0.650385
0.424	0.651153
0.425	0.651921
0.426	0.652687
0.427	0.653453
0.428	0.654218
0.429	0.654981
0.43	0.655744
0.431	0.656506
0.432	0.657267
0.433	0.658028
0.434	0.658787
0.435	0.659546
0.436	0.660303
0.437	0.66106
0.438	0.661816
0.439	0.662571
0.44	0.663325
0.441	0.664079
0.442	0.664831
0.443	0.665583
0.444	0.666334
0.445	0.667083
0.446	0.667833
0.447	0.668581
0.448	0.669328
0.449	0.670075
0.45	0.670821
0.451	0.671565
0.452	0.67231
0.453	0.673053
0.454	0.673795
0.455	0.674537
0.456	0.675278
0.457	0.676018
0.458	0.676757
0.459	0.677495
0.46	0.678233
0.461	0.67897
0.462	0.679706
0.463	0.680441
0.464	0.681175
0.465	0.681909
0.466	0.682642
0.467	0.683374
0.468	0.684105
0.469	0.684835
0.47	0.685565
0.471	0.686294
0.472	0.687022
0.473	0.687749
0.474	0.688476
0.475	0.689202
0.476	0.689927
0.477	0.690651
0.478	0.691375
0.479	0.692098
0.48	0.69282
0.481	0.693541
0.482	0.694262
0.483	0.694982
0.484	0.695701
0.485	0.696419
0.486	0.697137
0.487	0.697854
0.488	0.69857
0.489	0.699285
0.49	0.7
0.491	0.700714
0.492	0.701427
0.493	0.70214
0.494	0.702852
0.495	0.703563
0.496	0.704273
0.497	0.704983
0.498	0.705692
0.499	0.7064
0.125	0.353561
0.126	0.354971
0.127	0.356375
0.128	0.357774
0.129	0.359167
0.13	0.360556
0.131	0.361939
0.132	0.363317
0.133	0.36469
0.134	0.366058
0.135	0.367421
0.136	0.368779
0.137	0.370132
0.138	0.37148
0.139	0.372824
0.14	0.374163
0.141	0.375497
0.142	0.376826
0.143	0.378151
0.144	0.379471
0.145	0.380786
0.146	0.382097
0.147	0.383404
0.148	0.384706
0.149	0.386004
0.15	0.387297
0.151	0.388587
0.152	0.389872
0.153	0.391152
0.154	0.392429
0.155	0.393701
0.156	0.394969
0.157	0.396233
0.158	0.397494
0.159	0.39875
0.16	0.400002
0.161	0.40125
0.162	0.402494
0.163	0.403735
0.164	0.404971
0.165	0.406204
0.166	0.407433
0.167	0.408659
0.168	0.409881
0.169	0.411099
0.17	0.412313
0.171	0.413524
0.172	0.414731
0.173	0.415935
0.174	0.417135
0.175	0.418332
0.176	0.419525
0.177	0.420715
0.178	0.421902
0.179	0.423085
0.18	0.424265
0.181	0.425442
0.182	0.426615
0.183	0.427786
0.184	0.428953
0.185	0.430116
0.186	0.431277
0.187	0.432435
0.188	0.433589
0.189	0.434741
0.19	0.435889
0.191	0.437034
0.192	0.438177
0.193	0.439316
0.194	0.440453
0.195	0.441586
0.196	0.442717
0.197	0.443845
0.198	0.44497
0.199	0.446092
0.2	0.447211
0.201	0.448328
0.202	0.449442
0.203	0.450553
0.204	0.451661
0.205	0.452767
0.206	0.45387
0.207	0.45497
0.208	0.456068
0.209	0.457163
0.21	0.458256
0.211	0.459346
0.212	0.460433
0.213	0.461518
0.214	0.4626
0.215	0.46368
0.216	0.464757
0.217	0.465832
0.218	0.466904
0.219	0.467974
0.22	0.469042
0.221	0.470107
0.222	0.471169
0.223	0.472229
0.224	0.473287
0.225	0.474343
0.226	0.475396
0.227	0.476447
0.228	0.477495
0.229	0.478541
0.23	0.479585
0.231	0.480627
0.232	0.481666
0.233	0.482703
0.234	0.483738
0.235	0.484771
0.236	0.485801
0.237	0.486829
0.238	0.487855
0.239	0.488878
0.24	0.4899
0.241	0.490919
0.242	0.491936
0.243	0.492951
0.244	0.493963
0.245	0.494974
0.246	0.495982
0.247	0.496988
0.248	0.497992
0.249	0.498994
0.0625	0.250006
0.0635	0.251995
0.0645	0.25397
0.0655	0.255929
0.0665	0.257875
0.0675	0.259806
0.0685	0.261723
0.0695	0.263626
0.0705	0.265516
0.0715	0.267393
0.0725	0.269257
0.0735	0.271108
0.0745	0.272946
0.0755	0.274772
0.0765	0.276586
0.0775	0.278389
0.0785	0.280179
0.0795	0.281959
0.0805	0.283727
0.0815	0.285484
0.0825	0.28723
0.0835	0.288965
0.0845	0.290691
0.0855	0.292406
0.0865	0.29411
0.0875	0.295805
0.0885	0.297491
0.0895	0.299166
0.0905	0.300833
0.0915	0.30249
0.0925	0.304138
0.0935	0.305778
0.0945	0.307408
0.0955	0.30903
0.0965	0.310644
0.0975	0.312249
0.0985	0.313846
0.0995	0.315435
0.1005	0.317016
0.1015	0.318589
0.1025	0.320155
0.1035	0.321713
0.1045	0.323263
0.1055	0.324806
0.1065	0.326342
0.1075	0.327871
0.1085	0.329393
0.1095	0.330908
0.1105	0.332416
0.1115	0.333917
0.1125	0.335411
0.1135	0.336899
0.1145	0.33838
0.1155	0.339855
0.1165	0.341323
0.1175	0.342785
0.1185	0.34424
0.1195	0.345689
0.1205	0.347132
0.1215	0.348569
0.1225	0.349999
0.1235	0.351424
0.1245	0.352842
0.03125	0.176807
0.03225	0.179595
0.03325	0.182346
0.03425	0.185061
0.03525	0.187739
0.03625	0.190382
0.03725	0.192991
0.03825	0.195567
0.03925	0.19811
0.04025	0.200621
0.04125	0.203101
0.04225	0.205551
0.04325	0.207972
0.04425	0.210365
0.04525	0.21273
0.04625	0.215068
0.04725	0.21738
0.04825	0.219667
0.04925	0.22193
0.05025	0.224169
0.05125	0.226386
0.05225	0.228581
0.05325	0.230756
0.05425	0.23291
0.05525	0.235044
0.05625	0.237161
0.05725	0.23926
0.05825	0.241342
0.05925	0.243408
0.06025	0.245459
0.06125	0.247496
0.06225	0.249519
0.015625	0.125021
0.016625	0.128938
0.017625	0.132751
0.018625	0.136465
0.019625	0.140085
0.020625	0.143614
0.021625	0.147059
0.022625	0.150423
0.023625	0.153711
0.024625	0.156928
0.025625	0.160079
0.026625	0.163169
0.027625	0.166202
0.028625	0.169182
0.029625	0.172115
0.030625	0.175006
0	0.00317273
0.001	0.0316077
0.002	0.0446731
0.003	0.0548054
0.004	0.0632287
0.005	0.0707112
0.006	0.077481
0.007	0.0836485
0.0078125	0.0884033
0.0088125	0.0938695
0.0098125	0.0990549
0.0108125	0.103986
0.0118125	0.10869
0.0128125	0.113193
0.0138125	0.117522
0.0148125	0.121704
