# Interpolation data for function: sqrt(x)
0	0.0253819
0.001	0.0349179
0.002	0.0438705
0.003	0.0522823
0.004	0.0601933
0.005	0.0676407
0.006	0.0746596
0.007	0.0812825
0.008	0.08754
0.009	0.0934605
0.01	0.0990703
0.011	0.104394
0.012	0.109455
0.013	0.114274
0.014	0.118872
0.015	0.123265
0.016	0.127472
0.017	0.131508
0.018	0.135388
0.019	0.139124
0.02	0.142729
0.021	0.146215
0.022	0.149592
0.023	0.15287
0.024	0.156057
0.025	0.159161
0.026	0.162189
0.027	0.165149
0.028	0.168046
0.029	0.170886
0.03	0.173673
0.031	0.176413
0.032	0.179109
0.033	0.181765
0.034	0.184384
0.035	0.18697
0.036	0.189524
0.037	0.192048
0.038	0.194546
0.039	0.197019
0.04	0.199467
0.041	0.201894
0.042	0.204299
0.043	0.206684
0.044	0.20905
0.045	0.211398
0.046	0.213727
0.047	0.216039
0.048	0.218334
0.049	0.220612
0.05	0.222874
0.051	0.225119
0.052	0.227349
0.053	0.229562
0.054	0.23176
0.055	0.233942
0.056	0.236108
0.057	0.238258
0.058	0.240392
0.059	0.24251
0.06	0.244612
0.061	0.246698
0.062	0.248769
0.063	0.250823
0.064	0.252861
0.065	0.254883
0.066	0.25689
0.067	0.25888
0.068	0.260854
0.069	0.262812
0.07	0.264754
0.071	0.266681
0.072	0.268591
0.073	0.270486
0.074	0.272366
0.075	0.27423
0.076	0.276078
0.077	0.277912
0.078	0.279731
0.079	0.281535
0.08	0.283325
0.081	0.2851
0.082	0.286861
0.083	0.288609
0.084	0.290343
0.085	0.292063
0.086	0.293771
0.087	0.295465
0.088	0.297148
0.089	0.298818
0.09	0.300476
0.091	0.302123
0.092	0.303758
0.093	0.305382
0.094	0.306996
0.095	0.308599
0.096	0.310192
0.097	0.311776
0.098	0.313349
0.099	0.314914
0.1	0.31647
0.101	0.318017
0.102	0.319556
0.103	0.321086
0.104	0.322609
0.105	0.324125
0.106	0.325633
0.107	0.327134
0.108	0.328628
0.109	0.330116
0.11	0.331598
0.111	0.333073
0.112	0.334542
0.113	0.336006
0.114	0.337464
0.115	0.338917
0.116	0.340365
0.117	0.341808
0.118	0.343246
0.119	0.344679
0.12	0.346108
0.121	0.347532
0.122	0.348952
0.123	0.350367
0.124	0.351779
0.125	0.353186
0.126	0.35459
0.127	0.355989
0.128	0.357385
0.129	0.358777
0.13	0.360165
0.131	0.36155
0.132	0.36293
0.133	0.364308
0.134	0.365681
0.135	0.367051
0.136	0.368417
0.137	0.36978
0.138	0.371139
0.139	0.372495
0.14	0.373846
0.141	0.375194
0.142	0.376539
0.143	0.37788
0.144	0.379217
0.145	0.38055
0.146	0.381879
0.147	0.383205
0.148	0.384527
0.149	0.385845
0.15	0.387159
0.151	0.388469
0.152	0.389774
0.153	0.391076
0.154	0.392374
0.155	0.393668
0.156	0.394957
0.157	0.396242
0.158	0.397523
0.159	0.3988
0.16	0.400072
0.161	0.40134
0.162	0.402604
0.163	0.403863
0.164	0.405117
0.165	0.406368
0.166	0.407613
0.167	0.408855
0.168	0.410091
0.169	0.411324
0.17	0.412551
0.171	0.413774
0.172	0.414993
0.173	0.416207
0.174	0.417417
0.175	0.418622
0.176	0.419822
0.177	0.421019
0.178	0.42221
0.179	0.423397
0.18	0.42458
0.181	0.425759
0.182	0.426933
0.183	0.428102
0.184	0.429268
0.185	0.430429
0.186	0.431586
0.187	0.432739
0.188	0.433888
0.189	0.435033
0.19	0.436173
0.191	0.43731
0.192	0.438443
0.193	0.439573
0.194	0.440698
0.195	0.44182
0.196	0.442938
0.197	0.444053
0.198	0.445164
0.199	0.446272
0.2	0.447377
0.201	0.448478
0.202	0.449576
0.203	0.450672
0.204	0.451764
0.205	0.452853
0.206	0.453939
0.207	0.455023
0.208	0.456103
0.209	0.457182
0.21	0.458257
0.211	0.45933
0.212	0.460401
0.213	0.461469
0.214	0.462535
0.215	0.463599
0.216	0.464661
0.217	0.46572
0.218	0.466778
0.219	0.467833
0.22	0.468887
0.221	0.469939
0.222	0.470989
0.223	0.472037
0.224	0.473083
0.225	0.474128
0.226	0.475172
0.227	0.476213
0.228	0.477254
0.229	0.478292
0.23	0.47933
0.231	0.480365
0.232	0.4814
0.233	0.482433
0.234	0.483464
0.235	0.484495
0.236	0.485524
0.237	0.486552
0.238	0.487578
0.239	0.488603
0.24	0.489627
0.241	0.49065
0.242	0.491671
0.243	0.492691
0.244	0.49371
0.245	0.494727
0.246	0.495743
0.247	0.496758
0.248	0.497772
0.249	0.498784
0.25	0.499795
0.251	0.500804
0.252	0.501812
0.253	0.502819
0.254	0.503824
0.255	0.504827
0.256	0.505829
0.257	0.50683
0.258	0.507829
0.259	0.508826
0.26	0.509822
0.261	0.510816
0.262	0.511808
0.263	0.512799
0.264	0.513787
0.265	0.514774
0.266	0.515759
0.267	0.516742
0.268	0.517724
0.269	0.518703
0.27	0.51968
0.271	0.520656
0.272	0.521629
0.273	0.5226
0.274	0.523569
0.275	0.524536
0.276	0.5255
0.277	0.526463
0.278	0.527423
0.279	0.528381
0.28	0.529336
0.281	0.53029
0.282	0.531241
0.283	0.532189
0.284	0.533136
0.285	0.53408
0.286	0.535021
0.287	0.53596
0.288	0.536897
0.289	0.537831
0.29	0.538763
0.291	0.539693
0.292	0.54062
0.293	0.541544
0.294	0.542467
0.295	0.543387
0.296	0.544304
0.297	0.54522
0.298	0.546132
0.299	0.547043
0.3	0.547951
0.301	0.548857
0.302	0.549761
0.303	0.550663
0.304	0.551562
0.305	0.552459
0.306	0.553355
0.307	0.554248
0.308	0.555139
0.309	0.556028
0.31	0.556915
0.311	0.5578
0.312	0.558684
0.313	0.559565
0.314	0.560445
0.315	0.561323
0.316	0.562199
0.317	0.563074
0.318	0.563948
0.319	0.564819
0.32	0.56569
0.321	0.566559
0.322	0.567426
0.323	0.568293
0.324	0.569158
0.325	0.570022
0.326	0.570885
0.327	0.571747
0.328	0.572607
0.329	0.573467
0.33	0.574326
0.331	0.575184
0.332	0.576041
0.333	0.576898
0.334	0.577754
0.335	0.578609
0.336	0.579463
0.337	0.580317
0.338	0.58117
0.339	0.582023
0.34	0.582875
0.341	0.583727
0.342	0.584579
0.343	0.585429
0.344	0.58628
0.345	0.58713
0.346	0.58798
0.347	0.588829
0.348	0.589679
0.349	0.590527
0.35	0.591376
0.351	0.592224
0.352	0.593072
0.353	0.593919
0.354	0.594766
0.355	0.595613
0.356	0.596459
0.357	0.597305
0.358	0.598151
0.359	0.598996
0.36	0.59984
0.361	0.600684
0.362	0.601528
0.363	0.602371
0.364	0.603213
0.365	0.604055
0.366	0.604896
0.367	0.605736
0.368	0.606575
0.369	0.607413
0.37	0.608251
0.371	0.609087
0.372	0.609923
0.373	0.610757
0.374	0.611591
0.375	0.612423
0.376	0.613254
0.377	0.614083
0.378	0.614911
0.379	0.615738
0.38	0.616563
0.381	0.617387
0.382	0.618209
0.383	0.619029
0.384	0.619848
0.385	0.620665
0.386	0.62148
0.387	0.622293
0.388	0.623105
0.389	0.623914
0.39	0.624721
0.391	0.625527
0.392	0.62633
0.393	0.627131
0.394	0.62793
0.395	0.628727
0.396	0.629522
0.397	0.630315
0.398	0.631106
0.399	0.631894
0.4	0.63268
0.401	0.633465
0.402	0.634247
0.403	0.635027
0.404	0.635805
0.405	0.636581
0.406	0.637355
0.407	0.638127
0.408	0.638897
0.409	0.639665
0.41	0.640432
0.411	0.641197
0.412	0.64196
0.413	0.642722
0.414	0.643482
0.415	0.644241
0.416	0.644999
0.417	0.645756
0.418	0.646511
0.419	0.647266
0.42	0.648019
0.421	0.648772
0.422	0.649525
0.423	0.650276
0.424	0.651028
0.425	0.651779
0.426	0.65253
0.427	0.653281
0.428	0.654032
0.429	0.654783
0.43	0.655534
0.431	0.656286
0.432	0.657038
0.433	0.657791
0.434	0.658545
0.435	0.659299
0.436	0.660054
0.437	0.66081
0.438	0.661567
0.439	0.662324
0.44	0.663083
0.441	0.663843
0.442	0.664604
0.443	0.665365
0.444	0.666128
0.445	0.666892
0.446	0.667657
0.447	0.668422
0.448	0.669188
0.449	0.669955
0.45	0.670722
0.451	0.67149
0.452	0.672258
0.453	0.673026
0.454	0.673794
0.455	0.674561
0.456	0.675328
0.457	0.676094
0.458	0.676859
0.459	0.677623
0.46	0.678385
0.461	0.679145
0.462	0.679902
0.463	0.680658
0.464	0.68141
0.465	0.682159
0.466	0.682905
0.467	0.683647
0.468	0.684385
0.469	0.685119
0.47	0.685848
0.471	0.686572
0.472	0.687292
0.473	0.688006
0.474	0.688715
0.475	0.689419
0.476	0.690117
0.477	0.690811
0.478	0.691499
0.479	0.692183
0.48	0.692863
0.481	0.693539
0.482	0.694212
0.483	0.694884
0.484	0.695554
0.485	0.696224
0.486	0.696896
0.487	0.697571
0.488	0.698252
0.489	0.69894
0.49	0.699637
0.491	0.700348
0.492	0.701075
0.493	0.701821
0.494	0.702591
0.495	0.70339
0.496	0.704222
0.497	0.705092
0.498	0.706008
0.499	0.706976
0.5	0.707227
0.501	0.707928
0.502	0.708629
0.503	0.70933
0.504	0.710029
0.505	0.710729
0.506	0.711427
0.507	0.712125
0.508	0.712823
0.509	0.71352
0.51	0.714216
0.511	0.714912
0.512	0.715607
0.513	0.716301
0.514	0.716995
0.515	0.717688
0.516	0.718381
0.517	0.719073
0.518	0.719765
0.519	0.720456
0.52	0.721146
0.521	0.721836
0.522	0.722525
0.523	0.723214
0.524	0.723902
0.525	0.724589
0.526	0.725276
0.527	0.725962
0.528	0.726648
0.529	0.727333
0.53	0.728018
0.531	0.728702
0.532	0.729385
0.533	0.730068
0.534	0.73075
0.535	0.731432
0.536	0.732113
0.537	0.732794
0.538	0.733474
0.539	0.734153
0.54	0.734832
0.541	0.73551
0.542	0.736188
0.543	0.736865
0.544	0.737542
0.545	0.738218
0.546	0.738893
0.547	0.739568
0.548	0.740242
0.549	0.740916
0.55	0.741589
0.551	0.742262
0.552	0.742934
0.553	0.743606
0.554	0.744277
0.555	0.744947
0.556	0.745617
0.557	0.746286
0.558	0.746955
0.559	0.747623
0.56	0.748291
0.561	0.748958
0.562	0.749624
0.563	0.75029
0.564	0.750956
0.565	0.751621
0.566	0.752285
0.567	0.752949
0.568	0.753612
0.569	0.754275
0.57	0.754937
0.571	0.755599
0.572	0.75626
0.573	0.75692
0.574	0.75758
0.575	0.75824
0.576	0.758899
0.577	0.759557
0.578	0.760215
0.579	0.760872
0.58	0.761529
0.581	0.762185
0.582	0.762841
0.583	0.763496
0.584	0.76415
0.585	0.764805
0.586	0.765458
0.587	0.766111
0.588	0.766764
0.589	0.767416
0.59	0.768067
0.591	0.768718
0.592	0.769368
0.593	0.770018
0.594	0.770668
0.595	0.771316
0.596	0.771965
0.597	0.772612
0.598	0.77326
0.599	0.773906
0.6	0.774553
0.601	0.775198
0.602	0.775844
0.603	0.776488
0.604	0.777132
0.605	0.777776
0.606	0.778419
0.607	0.779062
0.608	0.779704
0.609	0.780345
0.61	0.780986
0.611	0.781627
0.612	0.782267
0.613	0.782906
0.614	0.783546
0.615	0.784184
0.616	0.784822
0.617	0.78546
0.618	0.786097
0.619	0.786733
0.62	0.787369
0.621	0.788004
0.622	0.788639
0.623	0.789274
0.624	0.789908
0.625	0.790541
0.626	0.791174
0.627	0.791807
0.628	0.792439
0.629	0.79307
0.63	0.793701
0.631	0.794332
0.632	0.794962
0.633	0.795591
0.634	0.79622
0.635	0.796849
0.636	0.797477
0.637	0.798104
0.638	0.798731
0.639	0.799358
0.64	0.799984
0.641	0.80061
0.642	0.801235
0.643	0.801859
0.644	0.802484
0.645	0.803107
0.646	0.80373
0.647	0.804353
0.648	0.804975
0.649	0.805597
0.65	0.806218
0.651	0.806839
0.652	0.807459
0.653	0.808079
0.654	0.808699
0.655	0.809317
0.656	0.809936
0.657	0.810554
0.658	0.811171
0.659	0.811788
0.66	0.812405
0.661	0.813021
0.662	0.813636
0.663	0.814251
0.664	0.814866
0.665	0.81548
0.666	0.816094
0.667	0.816707
0.668	0.81732
0.669	0.817932
0.67	0.818544
0.671	0.819155
0.672	0.819766
0.673	0.820377
0.674	0.820987
0.675	0.821596
0.676	0.822205
0.677	0.822814
0.678	0.823422
0.679	0.82403
0.68	0.824637
0.681	0.825244
0.682	0.82585
0.683	0.826456
0.684	0.827062
0.685	0.827667
0.686	0.828271
0.687	0.828875
0.688	0.829479
0.689	0.830082
0.69	0.830685
0.691	0.831287
0.692	0.831889
0.693	0.832491
0.694	0.833091
0.695	0.833692
0.696	0.834292
0.697	0.834892
0.698	0.835491
0.699	0.83609
0.7	0.836688
0.701	0.837286
0.702	0.837883
0.703	0.83848
0.704	0.839077
0.705	0.839673
0.706	0.840269
0.707	0.840864
0.708	0.841459
0.709	0.842053
0.71	0.842647
0.711	0.843241
0.712	0.843834
0.713	0.844427
0.714	0.845019
0.715	0.845611
0.716	0.846202
0.717	0.846793
0.718	0.847384
0.719	0.847974
0.72	0.848564
0.721	0.849153
0.722	0.849742
0.723	0.850331
0.724	0.850919
0.725	0.851506
0.726	0.852094
0.727	0.85268
0.728	0.853267
0.729	0.853853
0.73	0.854438
0.731	0.855023
0.732	0.855608
0.733	0.856192
0.734	0.856776
0.735	0.85736
0.736	0.857943
0.737	0.858526
0.738	0.859108
0.739	0.85969
0.74	0.860271
0.741	0.860852
0.742	0.861433
0.743	0.862013
0.744	0.862593
0.745	0.863172
0.746	0.863752
0.747	0.86433
0.748	0.864908
0.749	0.865486
0.75	0.866064
0.751	0.866641
0.752	0.867217
0.753	0.867794
0.754	0.86837
0.755	0.868945
0.756	0.86952
0.757	0.870095
0.758	0.870669
0.759	0.871243
0.76	0.871816
0.761	0.87239
0.762	0.872962
0.763	0.873535
0.764	0.874107
0.765	0.874678
0.766	0.875249
0.767	0.87582
0.768	0.876391
0.769	0.876961
0.77	0.87753
0.771	0.8781
0.772	0.878669
0.773	0.879237
0.774	0.879805
0.775	0.880373
0.776	0.88094
0.777	0.881507
0.778	0.882074
0.779	0.88264
0.78	0.883206
0.781	0.883772
0.782	0.884337
0.783	0.884902
0.784	0.885466
0.785	0.88603
0.786	0.886594
0.787	0.887157
0.788	0.88772
0.789	0.888283
0.79	0.888845
0.791	0.889407
0.792	0.889968
0.793	0.890529
0.794	0.89109
0.795	0.89165
0.796	0.89221
0.797	0.89277
0.798	0.893329
0.799	0.893888
0.8	0.894447
0.801	0.895005
0.802	0.895563
0.803	0.896121
0.804	0.896678
0.805	0.897235
0.806	0.897791
0.807	0.898347
0.808	0.898903
0.809	0.899458
0.81	0.900013
0.811	0.900568
0.812	0.901123
0.813	0.901677
0.814	0.90223
0.815	0.902784
0.816	0.903337
0.817	0.903889
0.818	0.904442
0.819	0.904994
0.82	0.905545
0.821	0.906096
0.822	0.906647
0.823	0.907198
0.824	0.907748
0.825	0.908298
0.826	0.908848
0.827	0.909397
0.828	0.909946
0.829	0.910495
0.83	0.911043
0.831	0.911591
0.832	0.912138
0.833	0.912686
0.834	0.913233
0.835	0.913779
0.836	0.914326
0.837	0.914871
0.838	0.915417
0.839	0.915962
0.84	0.916507
0.841	0.917052
0.842	0.917596
0.843	0.91814
0.844	0.918684
0.845	0.919227
0.846	0.919771
0.847	0.920313
0.848	0.920856
0.849	0.921398
0.85	0.92194
0.851	0.922481
0.852	0.923022
0.853	0.923563
0.854	0.924104
0.855	0.924644
0.856	0.925184
0.857	0.925723
0.858	0.926263
0.859	0.926801
0.86	0.92734
0.861	0.927879
0.862	0.928417
0.863	0.928954
0.864	0.929492
0.865	0.930029
0.866	0.930566
0.867	0.931102
0.868	0.931638
0.869	0.932174
0.87	0.93271
0.871	0.933245
0.872	0.93378
0.873	0.934315
0.874	0.93485
0.875	0.935384
0.876	0.935918
0.877	0.936451
0.878	0.936984
0.879	0.937517
0.88	0.93805
0.881	0.938582
0.882	0.939114
0.883	0.939646
0.884	0.940178
0.885	0.940709
0.886	0.94124
0.887	0.941771
0.888	0.942301
0.889	0.942831
0.89	0.943361
0.891	0.94389
0.892	0.94442
0.893	0.944949
0.894	0.945477
0.895	0.946006
0.896	0.946534
0.897	0.947062
0.898	0.947589
0.899	0.948116
0.9	0.948643
0.901	0.94917
0.902	0.949697
0.903	0.950223
0.904	0.950749
0.905	0.951274
0.906	0.9518
0.907	0.952325
0.908	0.95285
0.909	0.953374
0.91	0.953898
0.911	0.954422
0.912	0.954946
0.913	0.95547
0.914	0.955993
0.915	0.956516
0.916	0.957039
0.917	0.957561
0.918	0.958083
0.919	0.958605
0.92	0.959127
0.921	0.959648
0.922	0.960169
0.923	0.96069
0.924	0.961211
0.925	0.961731
0.926	0.962251
0.927	0.962771
0.928	0.963291
0.929	0.96381
0.93	0.964329
0.931	0.964848
0.932	0.965367
0.933	0.965885
0.934	0.966403
0.935	0.966921
0.936	0.967439
0.937	0.967956
0.938	0.968473
0.939	0.96899
0.94	0.969507
0.941	0.970023
0.942	0.970539
0.943	0.971055
0.944	0.971571
0.945	0.972086
0.946	0.972602
0.947	0.973117
0.948	0.973631
0.949	0.974146
0.95	0.97466
0.951	0.975174
0.952	0.975688
0.953	0.976201
0.954	0.976715
0.955	0.977228
0.956	0.977741
0.957	0.978253
0.958	0.978766
0.959	0.979278
0.96	0.97979
0.961	0.980302
0.962	0.980813
0.963	0.981324
0.964	0.981836
0.965	0.982346
0.966	0.982857
0.967	0.983367
0.968	0.983878
0.969	0.984387
0.97	0.984897
0.971	0.985407
0.972	0.985916
0.973	0.986425
0.974	0.986934
0.975	0.987443
0.976	0.987951
0.977	0.988459
0.978	0.988967
0.979	0.989475
0.98	0.989983
0.981	0.99049
0.982	0.990997
0.983	0.991504
0.984	0.992011
0.985	0.992518
0.986	0.993024
0.987	0.99353
0.988	0.994036
0.989	0.994542
0.99	0.995047
0.991	0.995553
0.992	0.996058
0.993	0.996563
0.994	0.997067
0.995	0.997572
0.996	0.998076
0.997	0.99858
0.998	0.999084
0.999	0.999588
