# Interpolation data for function: sqrt(x)
0	0.171435
0.001	0.172805
0.002	0.174175
0.003	0.175544
0.004	0.176911
0.005	0.178277
0.006	0.179642
0.007	0.181006
0.008	0.182369
0.009	0.183731
0.01	0.185092
0.011	0.186451
0.012	0.187809
0.013	0.189166
0.014	0.190522
0.015	0.191877
0.016	0.193231
0.017	0.194583
0.018	0.195935
0.019	0.197285
0.02	0.198634
0.021	0.199982
0.022	0.201329
0.023	0.202675
0.024	0.204019
0.025	0.205363
0.026	0.206705
0.027	0.208046
0.028	0.209386
0.029	0.210725
0.03	0.212062
0.031	0.213399
0.032	0.214734
0.033	0.216069
0.034	0.217402
0.035	0.218734
0.036	0.220065
0.037	0.221394
0.038	0.222723
0.039	0.22405
0.04	0.225377
0.041	0.226702
0.042	0.228026
0.043	0.229348
0.044	0.23067
0.045	0.231991
0.046	0.23331
0.047	0.234628
0.048	0.235946
0.049	0.237261
0.05	0.238576
0.051	0.23989
0.052	0.241203
0.053	0.242514
0.054	0.243824
0.055	0.245133
0.056	0.246441
0.057	0.247748
0.058	0.249054
0.059	0.250358
0.06	0.251662
0.061	0.252964
0.062	0.254265
0.063	0.255565
0.064	0.256864
0.065	0.258162
0.066	0.259458
0.067	0.260754
0.068	0.262048
0.069	0.263341
0.07	0.264633
0.071	0.265924
0.072	0.267214
0.073	0.268502
0.074	0.26979
0.075	0.271076
0.076	0.272361
0.077	0.273645
0.078	0.274928
0.079	0.276209
0.08	0.27749
0.081	0.278769
0.082	0.280048
0.083	0.281325
0.084	0.282601
0.085	0.283876
0.086	0.285149
0.087	0.286422
0.088	0.287693
0.089	0.288963
0.09	0.290233
0.091	0.291501
0.092	0.292767
0.093	0.294033
0.094	0.295298
0.095	0.296561
0.096	0.297823
0.097	0.299084
0.098	0.300344
0.099	0.301603
0.1	0.302861
0.101	0.304118
0.102	0.305373
0.103	0.306627
0.104	0.30788
0.105	0.309132
0.106	0.310383
0.107	0.311633
0.108	0.312881
0.109	0.314129
0.11	0.315375
0.111	0.31662
0.112	0.317864
0.113	0.319107
0.114	0.320349
0.115	0.321589
0.116	0.322829
0.117	0.324067
0.118	0.325304
0.119	0.32654
0.12	0.327775
0.121	0.329009
0.122	0.330241
0.123	0.331473
0.124	0.332703
0.125	0.333932
0.126	0.33516
0.127	0.336387
0.128	0.337612
0.129	0.338837
0.13	0.34006
0.131	0.341283
0.132	0.342504
0.133	0.343724
0.134	0.344943
0.135	0.34616
0.136	0.347377
0.137	0.348592
0.138	0.349807
0.139	0.35102
0.14	0.352232
0.141	0.353442
0.142	0.354652
0.143	0.355861
0.144	0.357068
0.145	0.358274
0.146	0.35948
0.147	0.360684
0.148	0.361886
0.149	0.363088
0.15	0.364289
0.151	0.365488
0.152	0.366686
0.153	0.367883
0.154	0.369079
0.155	0.370274
0.156	0.371468
0.157	0.37266
0.158	0.373852
0.159	0.375042
0.16	0.376231
0.161	0.377419
0.162	0.378606
0.163	0.379792
0.164	0.380976
0.165	0.38216
0.166	0.383342
0.167	0.384523
0.168	0.385703
0.169	0.386882
0.17	0.38806
0.171	0.389236
0.172	0.390412
0.173	0.391586
0.174	0.392759
0.175	0.393931
0.176	0.395102
0.177	0.396272
0.178	0.39744
0.179	0.398608
0.18	0.399774
0.181	0.400939
0.182	0.402103
0.183	0.403266
0.184	0.404427
0.185	0.405588
0.186	0.406747
0.187	0.407906
0.188	0.409063
0.189	0.410219
0.19	0.411374
0.191	0.412527
0.192	0.41368
0.193	0.414831
0.194	0.415982
0.195	0.417131
0.196	0.418279
0.197	0.419425
0.198	0.420571
0.199	0.421716
0.2	0.422859
0.201	0.424001
0.202	0.425143
0.203	0.426283
0.204	0.427421
0.205	0.428559
0.206	0.429696
0.207	0.430831
0.208	0.431965
0.209	0.433098
0.21	0.43423
0.211	0.435361
0.212	0.436491
0.213	0.43762
0.214	0.438747
0.215	0.439873
0.216	0.440998
0.217	0.442122
0.218	0.443245
0.219	0.444367
0.22	0.445487
0.221	0.446607
0.222	0.447725
0.223	0.448842
0.224	0.449958
0.225	0.451073
0.226	0.452187
0.227	0.453299
0.228	0.454411
0.229	0.455521
0.23	0.45663
0.231	0.457738
0.232	0.458845
0.233	0.459951
0.234	0.461055
0.235	0.462159
0.236	0.463261
0.237	0.464362
0.238	0.465462
0.239	0.466561
0.24	0.467659
0.241	0.468755
0.242	0.469851
0.243	0.470945
0.244	0.472038
0.245	0.47313
0.246	0.474221
0.247	0.47531
0.248	0.476399
0.249	0.477486
0.25	0.478573
0.251	0.479658
0.252	0.480742
0.253	0.481825
0.254	0.482906
0.255	0.483987
0.256	0.485066
0.257	0.486145
0.258	0.487222
0.259	0.488298
0.26	0.489373
0.261	0.490446
0.262	0.491519
0.263	0.49259
0.264	0.49366
0.265	0.49473
0.266	0.495798
0.267	0.496864
0.268	0.49793
0.269	0.498995
0.27	0.500058
0.271	0.50112
0.272	0.502182
0.273	0.503242
0.274	0.5043
0.275	0.505358
0.276	0.506415
0.277	0.50747
0.278	0.508524
0.279	0.509577
0.28	0.510629
0.281	0.51168
0.282	0.51273
0.283	0.513779
0.284	0.514826
0.285	0.515872
0.286	0.516917
0.287	0.517961
0.288	0.519004
0.289	0.520046
0.29	0.521086
0.291	0.522126
0.292	0.523164
0.293	0.524201
0.294	0.525237
0.295	0.526272
0.296	0.527306
0.297	0.528338
0.298	0.52937
0.299	0.5304
0.3	0.531429
0.301	0.532457
0.302	0.533484
0.303	0.53451
0.304	0.535534
0.305	0.536558
0.306	0.53758
0.307	0.538601
0.308	0.539621
0.309	0.54064
0.31	0.541658
0.311	0.542674
0.312	0.54369
0.313	0.544704
0.314	0.545717
0.315	0.546729
0.316	0.54774
0.317	0.54875
0.318	0.549758
0.319	0.550766
0.32	0.551772
0.321	0.552777
0.322	0.553781
0.323	0.554784
0.324	0.555785
0.325	0.556786
0.326	0.557785
0.327	0.558784
0.328	0.559781
0.329	0.560777
0.33	0.561772
0.331	0.562765
0.332	0.563758
0.333	0.564749
0.334	0.56574
0.335	0.566729
0.336	0.567717
0.337	0.568704
0.338	0.569689
0.339	0.570674
0.34	0.571657
0.341	0.57264
0.342	0.573621
0.343	0.574601
0.344	0.57558
0.345	0.576557
0.346	0.577534
0.347	0.578509
0.348	0.579483
0.349	0.580457
0.35	0.581429
0.351	0.582399
0.352	0.583369
0.353	0.584338
0.354	0.585305
0.355	0.586271
0.356	0.587237
0.357	0.588201
0.358	0.589163
0.359	0.590125
0.36	0.591086
0.361	0.592045
0.362	0.593003
0.363	0.59396
0.364	0.594916
0.365	0.595871
0.366	0.596825
0.367	0.597778
0.368	0.598729
0.369	0.599679
0.37	0.600628
0.371	0.601576
0.372	0.602523
0.373	0.603469
0.374	0.604414
0.375	0.605357
0.376	0.606299
0.377	0.60724
0.378	0.60818
0.379	0.609119
0.38	0.610057
0.381	0.610993
0.382	0.611929
0.383	0.612863
0.384	0.613796
0.385	0.614728
0.386	0.615659
0.387	0.616589
0.388	0.617517
0.389	0.618445
0.39	0.619371
0.391	0.620296
0.392	0.62122
0.393	0.622143
0.394	0.623065
0.395	0.623985
0.396	0.624905
0.397	0.625823
0.398	0.62674
0.399	0.627656
0.4	0.628571
0.401	0.629485
0.402	0.630397
0.403	0.631309
0.404	0.632219
0.405	0.633128
0.406	0.634036
0.407	0.634943
0.408	0.635849
0.409	0.636753
0.41	0.637657
0.411	0.638559
0.412	0.63946
0.413	0.64036
0.414	0.641259
0.415	0.642157
0.416	0.643053
0.417	0.643949
0.418	0.644843
0.419	0.645736
0.42	0.646628
0.421	0.647519
0.422	0.648409
0.423	0.649297
0.424	0.650185
0.425	0.651071
0.426	0.651956
0.427	0.65284
0.428	0.653723
0.429	0.654605
0.43	0.655485
0.431	0.656365
0.432	0.657243
0.433	0.65812
0.434	0.658996
0.435	0.659871
0.436	0.660744
0.437	0.661617
0.438	0.662488
0.439	0.663359
0.44	0.664228
0.441	0.665096
0.442	0.665963
0.443	0.666828
0.444	0.667693
0.445	0.668556
0.446	0.669419
0.447	0.67028
0.448	0.67114
0.449	0.671999
0.45	0.672856
0.451	0.673713
0.452	0.674568
0.453	0.675423
0.454	0.676276
0.455	0.677128
0.456	0.677979
0.457	0.678828
0.458	0.679677
0.459	0.680524
0.46	0.681371
0.461	0.682216
0.462	0.68306
0.463	0.683903
0.464	0.684744
0.465	0.685585
0.466	0.686424
0.467	0.687263
0.468	0.6881
0.469	0.688936
0.47	0.689771
0.471	0.690604
0.472	0.691437
0.473	0.692268
0.474	0.693099
0.475	0.693928
0.476	0.694756
0.477	0.695583
0.478	0.696408
0.479	0.697233
0.48	0.698056
0.481	0.698879
0.482	0.6997
0.483	0.70052
0.484	0.701338
0.485	0.702156
0.486	0.702973
0.487	0.703788
0.488	0.704602
0.489	0.705416
0.49	0.706228
0.491	0.707038
0.492	0.707848
0.493	0.708657
0.494	0.709464
0.495	0.71027
0.496	0.711076
0.497	0.71188
0.498	0.712682
0.499	0.713484
0.5	0.714285
0.501	0.715084
0.502	0.715882
0.503	0.71668
0.504	0.717476
0.505	0.71827
0.506	0.719064
0.507	0.719857
0.508	0.720648
0.509	0.721438
0.51	0.722228
0.511	0.723016
0.512	0.723802
0.513	0.724588
0.514	0.725373
0.515	0.726156
0.516	0.726938
0.517	0.727719
0.518	0.728499
0.519	0.729278
0.52	0.730056
0.521	0.730833
0.522	0.731608
0.523	0.732382
0.524	0.733155
0.525	0.733927
0.526	0.734698
0.527	0.735468
0.528	0.736237
0.529	0.737004
0.53	0.73777
0.531	0.738535
0.532	0.739299
0.533	0.740062
0.534	0.740824
0.535	0.741585
0.536	0.742344
0.537	0.743102
0.538	0.743859
0.539	0.744615
0.54	0.74537
0.541	0.746124
0.542	0.746877
0.543	0.747628
0.544	0.748378
0.545	0.749127
0.546	0.749875
0.547	0.750622
0.548	0.751368
0.549	0.752113
0.55	0.752856
0.551	0.753598
0.552	0.754339
0.553	0.755079
0.554	0.755818
0.555	0.756556
0.556	0.757293
0.557	0.758028
0.558	0.758762
0.559	0.759495
0.56	0.760227
0.561	0.760958
0.562	0.761688
0.563	0.762417
0.564	0.763144
0.565	0.76387
0.566	0.764595
0.567	0.765319
0.568	0.766042
0.569	0.766764
0.57	0.767485
0.571	0.768204
0.572	0.768922
0.573	0.769639
0.574	0.770355
0.575	0.77107
0.576	0.771784
0.577	0.772497
0.578	0.773208
0.579	0.773918
0.58	0.774627
0.581	0.775335
0.582	0.776042
0.583	0.776748
0.584	0.777453
0.585	0.778156
0.586	0.778858
0.587	0.779559
0.588	0.780259
0.589	0.780958
0.59	0.781656
0.591	0.782353
0.592	0.783048
0.593	0.783742
0.594	0.784435
0.595	0.785127
0.596	0.785818
0.597	0.786508
0.598	0.787197
0.599	0.787884
0.6	0.78857
0.601	0.789255
0.602	0.789939
0.603	0.790622
0.604	0.791304
0.605	0.791985
0.606	0.792664
0.607	0.793342
0.608	0.794019
0.609	0.794695
0.61	0.79537
0.611	0.796044
0.612	0.796717
0.613	0.797388
0.614	0.798058
0.615	0.798727
0.616	0.799395
0.617	0.800062
0.618	0.800728
0.619	0.801393
0.62	0.802056
0.621	0.802718
0.622	0.803379
0.623	0.804039
0.624	0.804698
0.625	0.805356
0.626	0.806013
0.627	0.806668
0.628	0.807322
0.629	0.807975
0.63	0.808627
0.631	0.809278
0.632	0.809928
0.633	0.810577
0.634	0.811224
0.635	0.81187
0.636	0.812515
0.637	0.813159
0.638	0.813802
0.639	0.814444
0.64	0.815085
0.641	0.815724
0.642	0.816362
0.643	0.816999
0.644	0.817635
0.645	0.81827
0.646	0.818904
0.647	0.819537
0.648	0.820168
0.649	0.820798
0.65	0.821427
0.651	0.822055
0.652	0.822682
0.653	0.823308
0.654	0.823933
0.655	0.824556
0.656	0.825178
0.657	0.825799
0.658	0.826419
0.659	0.827038
0.66	0.827656
0.661	0.828273
0.662	0.828888
0.663	0.829502
0.664	0.830115
0.665	0.830727
0.666	0.831338
0.667	0.831948
0.668	0.832557
0.669	0.833164
0.67	0.83377
0.671	0.834375
0.672	0.834979
0.673	0.835582
0.674	0.836184
0.675	0.836785
0.676	0.837384
0.677	0.837982
0.678	0.838579
0.679	0.839175
0.68	0.83977
0.681	0.840364
0.682	0.840957
0.683	0.841548
0.684	0.842138
0.685	0.842728
0.686	0.843316
0.687	0.843902
0.688	0.844488
0.689	0.845073
0.69	0.845656
0.691	0.846238
0.692	0.84682
0.693	0.8474
0.694	0.847978
0.695	0.848556
0.696	0.849133
0.697	0.849708
0.698	0.850282
0.699	0.850856
0.7	0.851428
0.701	0.851998
0.702	0.852568
0.703	0.853137
0.704	0.853704
0.705	0.85427
0.706	0.854836
0.707	0.8554
0.708	0.855962
0.709	0.856524
0.71	0.857085
0.711	0.857644
0.712	0.858202
0.713	0.85876
0.714	0.859316
0.715	0.85987
0.716	0.860424
0.717	0.860977
0.718	0.861528
0.719	0.862079
0.72	0.862628
0.721	0.863176
0.722	0.863723
0.723	0.864268
0.724	0.864813
0.725	0.865356
0.726	0.865899
0.727	0.86644
0.728	0.86698
0.729	0.867519
0.73	0.868056
0.731	0.868593
0.732	0.869128
0.733	0.869663
0.734	0.870196
0.735	0.870728
0.736	0.871259
0.737	0.871788
0.738	0.872317
0.739	0.872844
0.74	0.873371
0.741	0.873896
0.742	0.87442
0.743	0.874943
0.744	0.875464
0.745	0.875985
0.746	0.876504
0.747	0.877023
0.748	0.87754
0.749	0.878056
0.75	0.878571
0.751	0.879084
0.752	0.879597
0.753	0.880108
0.754	0.880619
0.755	0.881128
0.756	0.881636
0.757	0.882143
0.758	0.882648
0.759	0.883153
0.76	0.883656
0.761	0.884159
0.762	0.88466
0.763	0.88516
0.764	0.885659
0.765	0.886156
0.766	0.886653
0.767	0.887148
0.768	0.887643
0.769	0.888136
0.77	0.888628
0.771	0.889119
0.772	0.889609
0.773	0.890097
0.774	0.890585
0.775	0.891071
0.776	0.891556
0.777	0.89204
0.778	0.892523
0.779	0.893005
0.78	0.893485
0.781	0.893965
0.782	0.894443
0.783	0.89492
0.784	0.895396
0.785	0.895871
0.786	0.896345
0.787	0.896817
0.788	0.897289
0.789	0.897759
0.79	0.898228
0.791	0.898696
0.792	0.899163
0.793	0.899629
0.794	0.900093
0.795	0.900557
0.796	0.901019
0.797	0.90148
0.798	0.90194
0.799	0.902399
0.8	0.902857
0.801	0.903313
0.802	0.903769
0.803	0.904223
0.804	0.904676
0.805	0.905128
0.806	0.905579
0.807	0.906029
0.808	0.906477
0.809	0.906925
0.81	0.907371
0.811	0.907816
0.812	0.90826
0.813	0.908703
0.814	0.909145
0.815	0.909585
0.816	0.910025
0.817	0.910463
0.818	0.9109
0.819	0.911336
0.82	0.911771
0.821	0.912205
0.822	0.912637
0.823	0.913069
0.824	0.913499
0.825	0.913928
0.826	0.914356
0.827	0.914783
0.828	0.915209
0.829	0.915634
0.83	0.916057
0.831	0.916479
0.832	0.9169
0.833	0.91732
0.834	0.917739
0.835	0.918157
0.836	0.918574
0.837	0.918989
0.838	0.919403
0.839	0.919817
0.84	0.920229
0.841	0.920639
0.842	0.921049
0.843	0.921458
0.844	0.921865
0.845	0.922271
0.846	0.922677
0.847	0.923081
0.848	0.923483
0.849	0.923885
0.85	0.924286
0.851	0.924685
0.852	0.925083
0.853	0.925481
0.854	0.925877
0.855	0.926272
0.856	0.926665
0.857	0.927058
0.858	0.927449
0.859	0.92784
0.86	0.928229
0.861	0.928617
0.862	0.929004
0.863	0.929389
0.864	0.929774
0.865	0.930157
0.866	0.93054
0.867	0.930921
0.868	0.931301
0.869	0.93168
0.87	0.932057
0.871	0.932434
0.872	0.932809
0.873	0.933184
0.874	0.933557
0.875	0.933929
0.876	0.9343
0.877	0.934669
0.878	0.935038
0.879	0.935406
0.88	0.935772
0.881	0.936137
0.882	0.936501
0.883	0.936864
0.884	0.937226
0.885	0.937586
0.886	0.937946
0.887	0.938304
0.888	0.938661
0.889	0.939017
0.89	0.939372
0.891	0.939726
0.892	0.940078
0.893	0.94043
0.894	0.94078
0.895	0.941129
0.896	0.941477
0.897	0.941824
0.898	0.94217
0.899	0.942514
0.9	0.942858
0.901	0.9432
0.902	0.943541
0.903	0.943881
0.904	0.94422
0.905	0.944558
0.906	0.944894
0.907	0.94523
0.908	0.945564
0.909	0.945897
0.91	0.946229
0.911	0.94656
0.912	0.94689
0.913	0.947218
0.914	0.947546
0.915	0.947872
0.916	0.948197
0.917	0.948521
0.918	0.948844
0.919	0.949166
0.92	0.949487
0.921	0.949806
0.922	0.950124
0.923	0.950441
0.924	0.950757
0.925	0.951072
0.926	0.951386
0.927	0.951699
0.928	0.95201
0.929	0.95232
0.93	0.95263
0.931	0.952938
0.932	0.953244
0.933	0.95355
0.934	0.953855
0.935	0.954158
0.936	0.95446
0.937	0.954762
0.938	0.955062
0.939	0.955361
0.94	0.955658
0.941	0.955955
0.942	0.95625
0.943	0.956545
0.944	0.956838
0.945	0.95713
0.946	0.957421
0.947	0.95771
0.948	0.957999
0.949	0.958286
0.95	0.958573
0.951	0.958858
0.952	0.959142
0.953	0.959425
0.954	0.959706
0.955	0.959987
0.956	0.960266
0.957	0.960545
0.958	0.960822
0.959	0.961098
0.96	0.961373
0.961	0.961647
0.962	0.961919
0.963	0.962191
0.964	0.962461
0.965	0.96273
0.966	0.962998
0.967	0.963265
0.968	0.963531
0.969	0.963795
0.97	0.964059
0.971	0.964321
0.972	0.964582
0.973	0.964842
0.974	0.965101
0.975	0.965359
0.976	0.965615
0.977	0.965871
0.978	0.966125
0.979	0.966378
0.98	0.96663
0.981	0.966881
0.982	0.967131
0.983	0.967379
0.984	0.967627
0.985	0.967873
0.986	0.968118
0.987	0.968362
0.988	0.968605
0.989	0.968847
0.99	0.969088
0.991	0.969327
0.992	0.969565
0.993	0.969802
0.994	0.970038
0.995	0.970273
0.996	0.970507
0.997	0.97074
0.998	0.970971
0.999	0.971201
