# Interpolation data for function: sqrt(x)
0	0.071828
0.001	0.0752605
0.002	0.0786674
0.003	0.0820488
0.004	0.085405
0.005	0.0887362
0.006	0.0920425
0.007	0.0953243
0.008	0.0985816
0.009	0.101815
0.01	0.105024
0.011	0.108209
0.012	0.111371
0.013	0.114509
0.014	0.117624
0.015	0.120716
0.016	0.123785
0.017	0.126831
0.018	0.129855
0.019	0.132856
0.02	0.135836
0.021	0.138793
0.022	0.141729
0.023	0.144643
0.024	0.147536
0.025	0.150407
0.026	0.153258
0.027	0.156088
0.028	0.158897
0.029	0.161685
0.03	0.164453
0.031	0.167201
0.032	0.169929
0.033	0.172637
0.034	0.175326
0.035	0.177995
0.036	0.180644
0.037	0.183275
0.038	0.185886
0.039	0.188479
0.04	0.191053
0.041	0.193609
0.042	0.196146
0.043	0.198665
0.044	0.201166
0.045	0.203649
0.046	0.206115
0.047	0.208563
0.048	0.210993
0.049	0.213407
0.05	0.215803
0.051	0.218182
0.052	0.220545
0.053	0.222891
0.054	0.22522
0.055	0.227533
0.056	0.22983
0.057	0.232111
0.058	0.234376
0.059	0.236625
0.06	0.238859
0.061	0.241077
0.062	0.24328
0.063	0.245467
0.064	0.24764
0.065	0.249797
0.066	0.25194
0.067	0.254069
0.068	0.256182
0.069	0.258282
0.07	0.260367
0.071	0.262438
0.072	0.264495
0.073	0.266538
0.074	0.268568
0.075	0.270584
0.076	0.272586
0.077	0.274575
0.078	0.276551
0.079	0.278514
0.08	0.280464
0.081	0.282401
0.082	0.284326
0.083	0.286238
0.084	0.288137
0.085	0.290024
0.086	0.291899
0.087	0.293762
0.088	0.295612
0.089	0.297451
0.09	0.299279
0.091	0.301094
0.092	0.302898
0.093	0.304691
0.094	0.306472
0.095	0.308242
0.096	0.310001
0.097	0.311749
0.098	0.313486
0.099	0.315213
0.1	0.316928
0.101	0.318634
0.102	0.320328
0.103	0.322013
0.104	0.323687
0.105	0.325351
0.106	0.327006
0.107	0.32865
0.108	0.330284
0.109	0.331909
0.11	0.333524
0.111	0.33513
0.112	0.336726
0.113	0.338313
0.114	0.339891
0.115	0.341459
0.116	0.343019
0.117	0.344569
0.118	0.346111
0.119	0.347644
0.12	0.349168
0.121	0.350684
0.122	0.352191
0.123	0.35369
0.124	0.355181
0.125	0.356663
0.126	0.358138
0.127	0.359604
0.128	0.361062
0.129	0.362513
0.13	0.363955
0.131	0.36539
0.132	0.366818
0.133	0.368238
0.134	0.36965
0.135	0.371055
0.136	0.372453
0.137	0.373844
0.138	0.375227
0.139	0.376603
0.14	0.377973
0.141	0.379335
0.142	0.380691
0.143	0.38204
0.144	0.383383
0.145	0.384718
0.146	0.386048
0.147	0.387371
0.148	0.388687
0.149	0.389997
0.15	0.391301
0.151	0.392599
0.152	0.393891
0.153	0.395176
0.154	0.396456
0.155	0.39773
0.156	0.398998
0.157	0.400261
0.158	0.401517
0.159	0.402769
0.16	0.404014
0.161	0.405254
0.162	0.406489
0.163	0.407718
0.164	0.408942
0.165	0.410161
0.166	0.411375
0.167	0.412583
0.168	0.413787
0.169	0.414986
0.17	0.416179
0.171	0.417368
0.172	0.418552
0.173	0.419731
0.174	0.420906
0.175	0.422076
0.176	0.423241
0.177	0.424402
0.178	0.425558
0.179	0.42671
0.18	0.427858
0.181	0.429001
0.182	0.430141
0.183	0.431275
0.184	0.432406
0.185	0.433533
0.186	0.434656
0.187	0.435774
0.188	0.436889
0.189	0.438
0.19	0.439107
0.191	0.44021
0.192	0.441309
0.193	0.442405
0.194	0.443497
0.195	0.444586
0.196	0.445671
0.197	0.446752
0.198	0.44783
0.199	0.448905
0.2	0.449976
0.201	0.451044
0.202	0.452108
0.203	0.45317
0.204	0.454228
0.205	0.455283
0.206	0.456335
0.207	0.457383
0.208	0.458429
0.209	0.459472
0.21	0.460511
0.211	0.461548
0.212	0.462582
0.213	0.463613
0.214	0.464641
0.215	0.465667
0.216	0.46669
0.217	0.46771
0.218	0.468727
0.219	0.469742
0.22	0.470754
0.221	0.471764
0.222	0.472771
0.223	0.473775
0.224	0.474778
0.225	0.475777
0.226	0.476775
0.227	0.47777
0.228	0.478762
0.229	0.479752
0.23	0.480741
0.231	0.481726
0.232	0.48271
0.233	0.483692
0.234	0.484671
0.235	0.485648
0.236	0.486623
0.237	0.487596
0.238	0.488567
0.239	0.489536
0.24	0.490503
0.241	0.491468
0.242	0.492432
0.243	0.493393
0.244	0.494352
0.245	0.49531
0.246	0.496266
0.247	0.49722
0.248	0.498172
0.249	0.499122
0.25	0.500071
0.251	0.501018
0.252	0.501963
0.253	0.502907
0.254	0.503849
0.255	0.50479
0.256	0.505729
0.257	0.506666
0.258	0.507602
0.259	0.508536
0.26	0.509469
0.261	0.5104
0.262	0.51133
0.263	0.512258
0.264	0.513185
0.265	0.514111
0.266	0.515035
0.267	0.515958
0.268	0.516879
0.269	0.517799
0.27	0.518718
0.271	0.519636
0.272	0.520552
0.273	0.521467
0.274	0.522381
0.275	0.523293
0.276	0.524204
0.277	0.525114
0.278	0.526023
0.279	0.526931
0.28	0.527838
0.281	0.528743
0.282	0.529647
0.283	0.530551
0.284	0.531453
0.285	0.532354
0.286	0.533254
0.287	0.534153
0.288	0.535051
0.289	0.535948
0.29	0.536843
0.291	0.537738
0.292	0.538632
0.293	0.539525
0.294	0.540417
0.295	0.541308
0.296	0.542198
0.297	0.543087
0.298	0.543975
0.299	0.544862
0.3	0.545748
0.301	0.546634
0.302	0.547518
0.303	0.548402
0.304	0.549284
0.305	0.550166
0.306	0.551047
0.307	0.551928
0.308	0.552807
0.309	0.553685
0.31	0.554563
0.311	0.55544
0.312	0.556316
0.313	0.557191
0.314	0.558066
0.315	0.55894
0.316	0.559812
0.317	0.560685
0.318	0.561556
0.319	0.562427
0.32	0.563297
0.321	0.564166
0.322	0.565034
0.323	0.565902
0.324	0.566769
0.325	0.567635
0.326	0.5685
0.327	0.569365
0.328	0.570229
0.329	0.571093
0.33	0.571955
0.331	0.572817
0.332	0.573679
0.333	0.574539
0.334	0.575399
0.335	0.576258
0.336	0.577117
0.337	0.577975
0.338	0.578832
0.339	0.579688
0.34	0.580544
0.341	0.581399
0.342	0.582254
0.343	0.583108
0.344	0.583961
0.345	0.584814
0.346	0.585665
0.347	0.586517
0.348	0.587367
0.349	0.588217
0.35	0.589067
0.351	0.589915
0.352	0.590763
0.353	0.591611
0.354	0.592457
0.355	0.593304
0.356	0.594149
0.357	0.594994
0.358	0.595838
0.359	0.596682
0.36	0.597525
0.361	0.598367
0.362	0.599208
0.363	0.600049
0.364	0.60089
0.365	0.60173
0.366	0.602569
0.367	0.603407
0.368	0.604245
0.369	0.605082
0.37	0.605919
0.371	0.606754
0.372	0.60759
0.373	0.608424
0.374	0.609258
0.375	0.610092
0.376	0.610924
0.377	0.611756
0.378	0.612588
0.379	0.613419
0.38	0.614249
0.381	0.615078
0.382	0.615907
0.383	0.616735
0.384	0.617562
0.385	0.618389
0.386	0.619215
0.387	0.620041
0.388	0.620866
0.389	0.62169
0.39	0.622513
0.391	0.623336
0.392	0.624158
0.393	0.62498
0.394	0.625801
0.395	0.626621
0.396	0.62744
0.397	0.628259
0.398	0.629077
0.399	0.629894
0.4	0.630711
0.401	0.631527
0.402	0.632342
0.403	0.633157
0.404	0.633971
0.405	0.634784
0.406	0.635596
0.407	0.636408
0.408	0.637219
0.409	0.63803
0.41	0.638839
0.411	0.639648
0.412	0.640456
0.413	0.641264
0.414	0.64207
0.415	0.642876
0.416	0.643681
0.417	0.644486
0.418	0.64529
0.419	0.646093
0.42	0.646895
0.421	0.647696
0.422	0.648497
0.423	0.649297
0.424	0.650096
0.425	0.650895
0.426	0.651692
0.427	0.652489
0.428	0.653285
0.429	0.65408
0.43	0.654875
0.431	0.655669
0.432	0.656461
0.433	0.657254
0.434	0.658045
0.435	0.658835
0.436	0.659625
0.437	0.660414
0.438	0.661202
0.439	0.661989
0.44	0.662776
0.441	0.663561
0.442	0.664346
0.443	0.66513
0.444	0.665913
0.445	0.666695
0.446	0.667477
0.447	0.668257
0.448	0.669037
0.449	0.669816
0.45	0.670594
0.451	0.671371
0.452	0.672147
0.453	0.672923
0.454	0.673697
0.455	0.674471
0.456	0.675244
0.457	0.676016
0.458	0.676787
0.459	0.677557
0.46	0.678326
0.461	0.679095
0.462	0.679862
0.463	0.680629
0.464	0.681394
0.465	0.682159
0.466	0.682923
0.467	0.683686
0.468	0.684448
0.469	0.685209
0.47	0.685969
0.471	0.686728
0.472	0.687487
0.473	0.688244
0.474	0.689001
0.475	0.689756
0.476	0.690511
0.477	0.691264
0.478	0.692017
0.479	0.692769
0.48	0.69352
0.481	0.694269
0.482	0.695018
0.483	0.695766
0.484	0.696513
0.485	0.697259
0.486	0.698004
0.487	0.698748
0.488	0.699491
0.489	0.700234
0.49	0.700975
0.491	0.701715
0.492	0.702454
0.493	0.703192
0.494	0.703929
0.495	0.704666
0.496	0.705401
0.497	0.706135
0.498	0.706868
0.499	0.707601
0.5	0.708332
0.501	0.709062
0.502	0.709791
0.503	0.71052
0.504	0.711247
0.505	0.711973
0.506	0.712698
0.507	0.713423
0.508	0.714146
0.509	0.714868
0.51	0.715589
0.511	0.716309
0.512	0.717028
0.513	0.717747
0.514	0.718464
0.515	0.71918
0.516	0.719895
0.517	0.720609
0.518	0.721322
0.519	0.722034
0.52	0.722745
0.521	0.723455
0.522	0.724164
0.523	0.724872
0.524	0.725578
0.525	0.726284
0.526	0.726989
0.527	0.727693
0.528	0.728396
0.529	0.729097
0.53	0.729798
0.531	0.730498
0.532	0.731196
0.533	0.731894
0.534	0.73259
0.535	0.733286
0.536	0.73398
0.537	0.734674
0.538	0.735366
0.539	0.736058
0.54	0.736748
0.541	0.737437
0.542	0.738126
0.543	0.738813
0.544	0.739499
0.545	0.740184
0.546	0.740869
0.547	0.741552
0.548	0.742234
0.549	0.742915
0.55	0.743595
0.551	0.744274
0.552	0.744952
0.553	0.745629
0.554	0.746305
0.555	0.74698
0.556	0.747654
0.557	0.748327
0.558	0.748999
0.559	0.74967
0.56	0.75034
0.561	0.751009
0.562	0.751677
0.563	0.752344
0.564	0.753009
0.565	0.753674
0.566	0.754338
0.567	0.755001
0.568	0.755663
0.569	0.756324
0.57	0.756984
0.571	0.757643
0.572	0.758301
0.573	0.758957
0.574	0.759613
0.575	0.760268
0.576	0.760922
0.577	0.761575
0.578	0.762227
0.579	0.762879
0.58	0.763529
0.581	0.764178
0.582	0.764826
0.583	0.765473
0.584	0.76612
0.585	0.766765
0.586	0.767409
0.587	0.768053
0.588	0.768695
0.589	0.769337
0.59	0.769977
0.591	0.770617
0.592	0.771256
0.593	0.771894
0.594	0.772531
0.595	0.773167
0.596	0.773802
0.597	0.774436
0.598	0.775069
0.599	0.775701
0.6	0.776333
0.601	0.776964
0.602	0.777593
0.603	0.778222
0.604	0.77885
0.605	0.779477
0.606	0.780103
0.607	0.780729
0.608	0.781353
0.609	0.781977
0.61	0.782599
0.611	0.783221
0.612	0.783842
0.613	0.784463
0.614	0.785082
0.615	0.785701
0.616	0.786318
0.617	0.786935
0.618	0.787551
0.619	0.788167
0.62	0.788781
0.621	0.789395
0.622	0.790008
0.623	0.79062
0.624	0.791231
0.625	0.791842
0.626	0.792452
0.627	0.793061
0.628	0.793669
0.629	0.794277
0.63	0.794884
0.631	0.79549
0.632	0.796095
0.633	0.7967
0.634	0.797303
0.635	0.797907
0.636	0.798509
0.637	0.799111
0.638	0.799712
0.639	0.800312
0.64	0.800912
0.641	0.801511
0.642	0.802109
0.643	0.802707
0.644	0.803304
0.645	0.8039
0.646	0.804496
0.647	0.805091
0.648	0.805685
0.649	0.806279
0.65	0.806872
0.651	0.807464
0.652	0.808056
0.653	0.808648
0.654	0.809238
0.655	0.809829
0.656	0.810418
0.657	0.811007
0.658	0.811595
0.659	0.812183
0.66	0.812771
0.661	0.813357
0.662	0.813943
0.663	0.814529
0.664	0.815114
0.665	0.815699
0.666	0.816283
0.667	0.816867
0.668	0.81745
0.669	0.818032
0.67	0.818614
0.671	0.819196
0.672	0.819777
0.673	0.820358
0.674	0.820938
0.675	0.821518
0.676	0.822097
0.677	0.822676
0.678	0.823255
0.679	0.823833
0.68	0.82441
0.681	0.824988
0.682	0.825564
0.683	0.826141
0.684	0.826717
0.685	0.827293
0.686	0.827868
0.687	0.828443
0.688	0.829018
0.689	0.829592
0.69	0.830166
0.691	0.830739
0.692	0.831313
0.693	0.831886
0.694	0.832458
0.695	0.833031
0.696	0.833603
0.697	0.834175
0.698	0.834746
0.699	0.835317
0.7	0.835888
0.701	0.836459
0.702	0.837029
0.703	0.8376
0.704	0.83817
0.705	0.838739
0.706	0.839309
0.707	0.839878
0.708	0.840447
0.709	0.841016
0.71	0.841585
0.711	0.842153
0.712	0.842722
0.713	0.84329
0.714	0.843858
0.715	0.844426
0.716	0.844993
0.717	0.845561
0.718	0.846128
0.719	0.846696
0.72	0.847263
0.721	0.84783
0.722	0.848397
0.723	0.848964
0.724	0.849531
0.725	0.850097
0.726	0.850664
0.727	0.85123
0.728	0.851797
0.729	0.852363
0.73	0.852929
0.731	0.853496
0.732	0.854062
0.733	0.854628
0.734	0.855194
0.735	0.855761
0.736	0.856327
0.737	0.856893
0.738	0.857459
0.739	0.858025
0.74	0.858591
0.741	0.859157
0.742	0.859724
0.743	0.86029
0.744	0.860856
0.745	0.861422
0.746	0.861989
0.747	0.862555
0.748	0.863121
0.749	0.863688
0.75	0.864255
0.751	0.864821
0.752	0.865388
0.753	0.865955
0.754	0.866522
0.755	0.867089
0.756	0.867656
0.757	0.868223
0.758	0.86879
0.759	0.869357
0.76	0.869925
0.761	0.870493
0.762	0.87106
0.763	0.871628
0.764	0.872196
0.765	0.872764
0.766	0.873333
0.767	0.873901
0.768	0.87447
0.769	0.875038
0.77	0.875607
0.771	0.876176
0.772	0.876746
0.773	0.877315
0.774	0.877885
0.775	0.878454
0.776	0.879024
0.777	0.879594
0.778	0.880165
0.779	0.880735
0.78	0.881306
0.781	0.881876
0.782	0.882447
0.783	0.883019
0.784	0.88359
0.785	0.884162
0.786	0.884734
0.787	0.885306
0.788	0.885878
0.789	0.88645
0.79	0.887023
0.791	0.887596
0.792	0.888169
0.793	0.888742
0.794	0.889316
0.795	0.889889
0.796	0.890463
0.797	0.891037
0.798	0.891612
0.799	0.892186
0.8	0.892761
0.801	0.893336
0.802	0.893911
0.803	0.894486
0.804	0.895062
0.805	0.895638
0.806	0.896214
0.807	0.89679
0.808	0.897366
0.809	0.897943
0.81	0.89852
0.811	0.899097
0.812	0.899674
0.813	0.900251
0.814	0.900829
0.815	0.901406
0.816	0.901984
0.817	0.902562
0.818	0.903141
0.819	0.903719
0.82	0.904298
0.821	0.904877
0.822	0.905456
0.823	0.906035
0.824	0.906614
0.825	0.907193
0.826	0.907773
0.827	0.908353
0.828	0.908933
0.829	0.909513
0.83	0.910093
0.831	0.910673
0.832	0.911253
0.833	0.911834
0.834	0.912414
0.835	0.912995
0.836	0.913575
0.837	0.914156
0.838	0.914737
0.839	0.915318
0.84	0.915899
0.841	0.91648
0.842	0.917061
0.843	0.917642
0.844	0.918223
0.845	0.918804
0.846	0.919385
0.847	0.919966
0.848	0.920547
0.849	0.921128
0.85	0.921709
0.851	0.92229
0.852	0.922871
0.853	0.923452
0.854	0.924032
0.855	0.924613
0.856	0.925193
0.857	0.925774
0.858	0.926354
0.859	0.926934
0.86	0.927514
0.861	0.928093
0.862	0.928673
0.863	0.929252
0.864	0.929831
0.865	0.93041
0.866	0.930989
0.867	0.931567
0.868	0.932145
0.869	0.932723
0.87	0.9333
0.871	0.933877
0.872	0.934454
0.873	0.93503
0.874	0.935606
0.875	0.936182
0.876	0.936757
0.877	0.937332
0.878	0.937906
0.879	0.93848
0.88	0.939053
0.881	0.939626
0.882	0.940198
0.883	0.94077
0.884	0.941341
0.885	0.941912
0.886	0.942482
0.887	0.943051
0.888	0.943619
0.889	0.944187
0.89	0.944755
0.891	0.945321
0.892	0.945887
0.893	0.946452
0.894	0.947016
0.895	0.947579
0.896	0.948142
0.897	0.948703
0.898	0.949264
0.899	0.949824
0.9	0.950383
0.901	0.95094
0.902	0.951497
0.903	0.952053
0.904	0.952608
0.905	0.953161
0.906	0.953714
0.907	0.954265
0.908	0.954815
0.909	0.955364
0.91	0.955912
0.911	0.956458
0.912	0.957003
0.913	0.957547
0.914	0.958089
0.915	0.95863
0.916	0.95917
0.917	0.959708
0.918	0.960244
0.919	0.960779
0.92	0.961313
0.921	0.961844
0.922	0.962375
0.923	0.962903
0.924	0.96343
0.925	0.963955
0.926	0.964478
0.927	0.964999
0.928	0.965519
0.929	0.966036
0.93	0.966552
0.931	0.967065
0.932	0.967577
0.933	0.968087
0.934	0.968594
0.935	0.969099
0.936	0.969602
0.937	0.970103
0.938	0.970602
0.939	0.971098
0.94	0.971591
0.941	0.972083
0.942	0.972572
0.943	0.973058
0.944	0.973542
0.945	0.974023
0.946	0.974502
0.947	0.974978
0.948	0.975451
0.949	0.975921
0.95	0.976389
0.951	0.976853
0.952	0.977315
0.953	0.977774
0.954	0.978229
0.955	0.978682
0.956	0.979131
0.957	0.979578
0.958	0.98002
0.959	0.98046
0.96	0.980896
0.961	0.981329
0.962	0.981758
0.963	0.982184
0.964	0.982606
0.965	0.983025
0.966	0.98344
0.967	0.983851
0.968	0.984258
0.969	0.984661
0.97	0.98506
0.971	0.985456
0.972	0.985847
0.973	0.986234
0.974	0.986617
0.975	0.986996
0.976	0.98737
0.977	0.98774
0.978	0.988106
0.979	0.988466
0.98	0.988823
0.981	0.989175
0.982	0.989521
0.983	0.989864
0.984	0.990201
0.985	0.990533
0.986	0.990861
0.987	0.991183
0.988	0.9915
0.989	0.991812
0.99	0.992119
0.991	0.99242
0.992	0.992716
0.993	0.993006
0.994	0.99329
0.995	0.993569
0.996	0.993843
0.997	0.99411
0.998	0.994372
0.999	0.994627
