# Interpolation data for function: sqrt(x)
0	0.101027
0.001	0.103447
0.002	0.105858
0.003	0.108261
0.004	0.110656
0.005	0.113042
0.006	0.115419
0.007	0.117789
0.008	0.12015
0.009	0.122503
0.01	0.124848
0.011	0.127184
0.012	0.129512
0.013	0.131833
0.014	0.134144
0.015	0.136448
0.016	0.138744
0.017	0.141032
0.018	0.143312
0.019	0.145583
0.02	0.147847
0.021	0.150103
0.022	0.152351
0.023	0.154591
0.024	0.156823
0.025	0.159047
0.026	0.161263
0.027	0.163472
0.028	0.165673
0.029	0.167866
0.03	0.170051
0.031	0.172229
0.032	0.174399
0.033	0.176561
0.034	0.178716
0.035	0.180864
0.036	0.183003
0.037	0.185135
0.038	0.18726
0.039	0.189377
0.04	0.191487
0.041	0.193589
0.042	0.195684
0.043	0.197771
0.044	0.199851
0.045	0.201924
0.046	0.20399
0.047	0.206048
0.048	0.208099
0.049	0.210142
0.05	0.212179
0.051	0.214208
0.052	0.21623
0.053	0.218245
0.054	0.220253
0.055	0.222254
0.056	0.224248
0.057	0.226235
0.058	0.228214
0.059	0.230187
0.06	0.232153
0.061	0.234112
0.062	0.236064
0.063	0.238009
0.064	0.239947
0.065	0.241878
0.066	0.243803
0.067	0.245721
0.068	0.247632
0.069	0.249536
0.07	0.251434
0.071	0.253324
0.072	0.255209
0.073	0.257086
0.074	0.258957
0.075	0.260821
0.076	0.262679
0.077	0.264531
0.078	0.266375
0.079	0.268213
0.08	0.270045
0.081	0.27187
0.082	0.273689
0.083	0.275502
0.084	0.277308
0.085	0.279108
0.086	0.280901
0.087	0.282688
0.088	0.284469
0.089	0.286243
0.09	0.288012
0.091	0.289774
0.092	0.29153
0.093	0.293279
0.094	0.295023
0.095	0.29676
0.096	0.298492
0.097	0.300217
0.098	0.301936
0.099	0.303649
0.1	0.305356
0.101	0.307057
0.102	0.308753
0.103	0.310442
0.104	0.312125
0.105	0.313803
0.106	0.315474
0.107	0.31714
0.108	0.3188
0.109	0.320454
0.11	0.322102
0.111	0.323745
0.112	0.325382
0.113	0.327013
0.114	0.328638
0.115	0.330258
0.116	0.331872
0.117	0.33348
0.118	0.335083
0.119	0.33668
0.12	0.338272
0.121	0.339858
0.122	0.341439
0.123	0.343014
0.124	0.344584
0.125	0.346148
0.126	0.347707
0.127	0.34926
0.128	0.350808
0.129	0.352351
0.13	0.353888
0.131	0.35542
0.132	0.356946
0.133	0.358468
0.134	0.359984
0.135	0.361495
0.136	0.363
0.137	0.364501
0.138	0.365996
0.139	0.367486
0.14	0.368971
0.141	0.370451
0.142	0.371926
0.143	0.373396
0.144	0.37486
0.145	0.37632
0.146	0.377775
0.147	0.379224
0.148	0.380669
0.149	0.382109
0.15	0.383544
0.151	0.384974
0.152	0.386399
0.153	0.387819
0.154	0.389234
0.155	0.390645
0.156	0.39205
0.157	0.393451
0.158	0.394848
0.159	0.396239
0.16	0.397626
0.161	0.399008
0.162	0.400385
0.163	0.401758
0.164	0.403126
0.165	0.404489
0.166	0.405848
0.167	0.407202
0.168	0.408552
0.169	0.409897
0.17	0.411238
0.171	0.412574
0.172	0.413906
0.173	0.415233
0.174	0.416556
0.175	0.417874
0.176	0.419188
0.177	0.420498
0.178	0.421803
0.179	0.423104
0.18	0.4244
0.181	0.425692
0.182	0.42698
0.183	0.428264
0.184	0.429543
0.185	0.430819
0.186	0.43209
0.187	0.433356
0.188	0.434619
0.189	0.435878
0.19	0.437132
0.191	0.438382
0.192	0.439628
0.193	0.44087
0.194	0.442108
0.195	0.443342
0.196	0.444572
0.197	0.445798
0.198	0.44702
0.199	0.448238
0.2	0.449452
0.201	0.450663
0.202	0.451869
0.203	0.453071
0.204	0.45427
0.205	0.455464
0.206	0.456655
0.207	0.457842
0.208	0.459025
0.209	0.460204
0.21	0.46138
0.211	0.462552
0.212	0.46372
0.213	0.464885
0.214	0.466045
0.215	0.467202
0.216	0.468356
0.217	0.469506
0.218	0.470652
0.219	0.471794
0.22	0.472933
0.221	0.474069
0.222	0.475201
0.223	0.476329
0.224	0.477454
0.225	0.478575
0.226	0.479693
0.227	0.480807
0.228	0.481918
0.229	0.483026
0.23	0.48413
0.231	0.485231
0.232	0.486328
0.233	0.487422
0.234	0.488512
0.235	0.4896
0.236	0.490684
0.237	0.491764
0.238	0.492842
0.239	0.493916
0.24	0.494987
0.241	0.496055
0.242	0.497119
0.243	0.49818
0.244	0.499238
0.245	0.500293
0.246	0.501345
0.247	0.502394
0.248	0.50344
0.249	0.504482
0.25	0.505521
0.251	0.506558
0.252	0.507591
0.253	0.508621
0.254	0.509649
0.255	0.510673
0.256	0.511694
0.257	0.512713
0.258	0.513728
0.259	0.51474
0.26	0.51575
0.261	0.516757
0.262	0.51776
0.263	0.518761
0.264	0.519759
0.265	0.520754
0.266	0.521747
0.267	0.522736
0.268	0.523723
0.269	0.524707
0.27	0.525688
0.271	0.526667
0.272	0.527643
0.273	0.528616
0.274	0.529586
0.275	0.530554
0.276	0.531519
0.277	0.532481
0.278	0.533441
0.279	0.534398
0.28	0.535352
0.281	0.536304
0.282	0.537254
0.283	0.5382
0.284	0.539144
0.285	0.540086
0.286	0.541025
0.287	0.541962
0.288	0.542896
0.289	0.543828
0.29	0.544757
0.291	0.545684
0.292	0.546608
0.293	0.54753
0.294	0.54845
0.295	0.549367
0.296	0.550281
0.297	0.551194
0.298	0.552104
0.299	0.553012
0.3	0.553917
0.301	0.55482
0.302	0.555721
0.303	0.556619
0.304	0.557516
0.305	0.55841
0.306	0.559302
0.307	0.560191
0.308	0.561079
0.309	0.561964
0.31	0.562847
0.311	0.563728
0.312	0.564606
0.313	0.565483
0.314	0.566357
0.315	0.56723
0.316	0.5681
0.317	0.568968
0.318	0.569834
0.319	0.570698
0.32	0.57156
0.321	0.57242
0.322	0.573278
0.323	0.574134
0.324	0.574988
0.325	0.57584
0.326	0.57669
0.327	0.577538
0.328	0.578384
0.329	0.579228
0.33	0.58007
0.331	0.580911
0.332	0.581749
0.333	0.582586
0.334	0.58342
0.335	0.584253
0.336	0.585084
0.337	0.585913
0.338	0.586741
0.339	0.587566
0.34	0.58839
0.341	0.589212
0.342	0.590033
0.343	0.590851
0.344	0.591668
0.345	0.592483
0.346	0.593296
0.347	0.594108
0.348	0.594918
0.349	0.595726
0.35	0.596533
0.351	0.597338
0.352	0.598141
0.353	0.598943
0.354	0.599743
0.355	0.600541
0.356	0.601338
0.357	0.602133
0.358	0.602927
0.359	0.603719
0.36	0.60451
0.361	0.605299
0.362	0.606086
0.363	0.606872
0.364	0.607657
0.365	0.60844
0.366	0.609221
0.367	0.610001
0.368	0.61078
0.369	0.611557
0.37	0.612333
0.371	0.613107
0.372	0.61388
0.373	0.614652
0.374	0.615422
0.375	0.61619
0.376	0.616958
0.377	0.617724
0.378	0.618488
0.379	0.619252
0.38	0.620014
0.381	0.620774
0.382	0.621533
0.383	0.622292
0.384	0.623048
0.385	0.623804
0.386	0.624558
0.387	0.625311
0.388	0.626063
0.389	0.626813
0.39	0.627562
0.391	0.62831
0.392	0.629057
0.393	0.629803
0.394	0.630547
0.395	0.63129
0.396	0.632033
0.397	0.632774
0.398	0.633513
0.399	0.634252
0.4	0.63499
0.401	0.635726
0.402	0.636461
0.403	0.637196
0.404	0.637929
0.405	0.638661
0.406	0.639392
0.407	0.640122
0.408	0.640851
0.409	0.641578
0.41	0.642305
0.411	0.643031
0.412	0.643756
0.413	0.64448
0.414	0.645203
0.415	0.645924
0.416	0.646645
0.417	0.647365
0.418	0.648084
0.419	0.648802
0.42	0.649519
0.421	0.650235
0.422	0.65095
0.423	0.651665
0.424	0.652378
0.425	0.65309
0.426	0.653802
0.427	0.654513
0.428	0.655222
0.429	0.655931
0.43	0.65664
0.431	0.657347
0.432	0.658053
0.433	0.658759
0.434	0.659464
0.435	0.660168
0.436	0.660871
0.437	0.661573
0.438	0.662275
0.439	0.662976
0.44	0.663676
0.441	0.664375
0.442	0.665074
0.443	0.665771
0.444	0.666468
0.445	0.667165
0.446	0.66786
0.447	0.668555
0.448	0.669249
0.449	0.669943
0.45	0.670636
0.451	0.671328
0.452	0.672019
0.453	0.67271
0.454	0.6734
0.455	0.674089
0.456	0.674778
0.457	0.675466
0.458	0.676154
0.459	0.676841
0.46	0.677527
0.461	0.678213
0.462	0.678898
0.463	0.679582
0.464	0.680266
0.465	0.680949
0.466	0.681632
0.467	0.682314
0.468	0.682996
0.469	0.683677
0.47	0.684357
0.471	0.685037
0.472	0.685717
0.473	0.686395
0.474	0.687074
0.475	0.687752
0.476	0.688429
0.477	0.689106
0.478	0.689782
0.479	0.690458
0.48	0.691133
0.481	0.691808
0.482	0.692482
0.483	0.693156
0.484	0.69383
0.485	0.694503
0.486	0.695175
0.487	0.695847
0.488	0.696519
0.489	0.69719
0.49	0.697861
0.491	0.698531
0.492	0.699201
0.493	0.699871
0.494	0.70054
0.495	0.701209
0.496	0.701877
0.497	0.702545
0.498	0.703213
0.499	0.70388
0.5	0.704547
0.501	0.705213
0.502	0.705879
0.503	0.706545
0.504	0.707211
0.505	0.707876
0.506	0.70854
0.507	0.709205
0.508	0.709869
0.509	0.710533
0.51	0.711196
0.511	0.711859
0.512	0.712522
0.513	0.713185
0.514	0.713847
0.515	0.714509
0.516	0.715171
0.517	0.715832
0.518	0.716493
0.519	0.717154
0.52	0.717814
0.521	0.718475
0.522	0.719135
0.523	0.719794
0.524	0.720454
0.525	0.721113
0.526	0.721772
0.527	0.722431
0.528	0.723089
0.529	0.723748
0.53	0.724406
0.531	0.725064
0.532	0.725721
0.533	0.726379
0.534	0.727036
0.535	0.727693
0.536	0.72835
0.537	0.729006
0.538	0.729663
0.539	0.730319
0.54	0.730975
0.541	0.731631
0.542	0.732286
0.543	0.732942
0.544	0.733597
0.545	0.734252
0.546	0.734907
0.547	0.735562
0.548	0.736217
0.549	0.736871
0.55	0.737526
0.551	0.73818
0.552	0.738834
0.553	0.739488
0.554	0.740141
0.555	0.740795
0.556	0.741448
0.557	0.742102
0.558	0.742755
0.559	0.743408
0.56	0.744061
0.561	0.744714
0.562	0.745366
0.563	0.746019
0.564	0.746672
0.565	0.747324
0.566	0.747976
0.567	0.748628
0.568	0.74928
0.569	0.749932
0.57	0.750584
0.571	0.751236
0.572	0.751887
0.573	0.752539
0.574	0.75319
0.575	0.753842
0.576	0.754493
0.577	0.755144
0.578	0.755795
0.579	0.756446
0.58	0.757097
0.581	0.757748
0.582	0.758399
0.583	0.75905
0.584	0.7597
0.585	0.760351
0.586	0.761002
0.587	0.761652
0.588	0.762302
0.589	0.762953
0.59	0.763603
0.591	0.764253
0.592	0.764903
0.593	0.765553
0.594	0.766203
0.595	0.766853
0.596	0.767503
0.597	0.768153
0.598	0.768803
0.599	0.769453
0.6	0.770103
0.601	0.770752
0.602	0.771402
0.603	0.772051
0.604	0.772701
0.605	0.77335
0.606	0.774
0.607	0.774649
0.608	0.775299
0.609	0.775948
0.61	0.776597
0.611	0.777246
0.612	0.777896
0.613	0.778545
0.614	0.779194
0.615	0.779843
0.616	0.780492
0.617	0.781141
0.618	0.78179
0.619	0.782439
0.62	0.783088
0.621	0.783736
0.622	0.784385
0.623	0.785034
0.624	0.785683
0.625	0.786331
0.626	0.78698
0.627	0.787629
0.628	0.788277
0.629	0.788926
0.63	0.789574
0.631	0.790223
0.632	0.790871
0.633	0.79152
0.634	0.792168
0.635	0.792816
0.636	0.793464
0.637	0.794113
0.638	0.794761
0.639	0.795409
0.64	0.796057
0.641	0.796705
0.642	0.797353
0.643	0.798001
0.644	0.798649
0.645	0.799297
0.646	0.799944
0.647	0.800592
0.648	0.80124
0.649	0.801888
0.65	0.802535
0.651	0.803183
0.652	0.80383
0.653	0.804478
0.654	0.805125
0.655	0.805772
0.656	0.80642
0.657	0.807067
0.658	0.807714
0.659	0.808361
0.66	0.809008
0.661	0.809655
0.662	0.810302
0.663	0.810948
0.664	0.811595
0.665	0.812242
0.666	0.812888
0.667	0.813535
0.668	0.814181
0.669	0.814827
0.67	0.815474
0.671	0.81612
0.672	0.816766
0.673	0.817412
0.674	0.818058
0.675	0.818703
0.676	0.819349
0.677	0.819995
0.678	0.82064
0.679	0.821285
0.68	0.821931
0.681	0.822576
0.682	0.823221
0.683	0.823866
0.684	0.82451
0.685	0.825155
0.686	0.8258
0.687	0.826444
0.688	0.827088
0.689	0.827732
0.69	0.828376
0.691	0.82902
0.692	0.829664
0.693	0.830308
0.694	0.830951
0.695	0.831594
0.696	0.832238
0.697	0.83288
0.698	0.833523
0.699	0.834166
0.7	0.834808
0.701	0.835451
0.702	0.836093
0.703	0.836735
0.704	0.837377
0.705	0.838018
0.706	0.83866
0.707	0.839301
0.708	0.839942
0.709	0.840583
0.71	0.841223
0.711	0.841864
0.712	0.842504
0.713	0.843144
0.714	0.843784
0.715	0.844423
0.716	0.845063
0.717	0.845702
0.718	0.846341
0.719	0.846979
0.72	0.847618
0.721	0.848256
0.722	0.848894
0.723	0.849532
0.724	0.850169
0.725	0.850806
0.726	0.851443
0.727	0.85208
0.728	0.852716
0.729	0.853352
0.73	0.853988
0.731	0.854623
0.732	0.855258
0.733	0.855893
0.734	0.856528
0.735	0.857162
0.736	0.857796
0.737	0.858429
0.738	0.859063
0.739	0.859696
0.74	0.860328
0.741	0.86096
0.742	0.861592
0.743	0.862224
0.744	0.862855
0.745	0.863486
0.746	0.864116
0.747	0.864747
0.748	0.865376
0.749	0.866006
0.75	0.866635
0.751	0.867263
0.752	0.867891
0.753	0.868519
0.754	0.869147
0.755	0.869773
0.756	0.8704
0.757	0.871026
0.758	0.871652
0.759	0.872277
0.76	0.872902
0.761	0.873526
0.762	0.87415
0.763	0.874773
0.764	0.875396
0.765	0.876019
0.766	0.876641
0.767	0.877262
0.768	0.877883
0.769	0.878504
0.77	0.879124
0.771	0.879743
0.772	0.880362
0.773	0.88098
0.774	0.881598
0.775	0.882216
0.776	0.882832
0.777	0.883449
0.778	0.884064
0.779	0.884679
0.78	0.885294
0.781	0.885908
0.782	0.886521
0.783	0.887134
0.784	0.887746
0.785	0.888358
0.786	0.888969
0.787	0.889579
0.788	0.890189
0.789	0.890798
0.79	0.891406
0.791	0.892014
0.792	0.892621
0.793	0.893228
0.794	0.893833
0.795	0.894438
0.796	0.895043
0.797	0.895647
0.798	0.89625
0.799	0.896852
0.8	0.897453
0.801	0.898054
0.802	0.898654
0.803	0.899254
0.804	0.899852
0.805	0.90045
0.806	0.901047
0.807	0.901643
0.808	0.902239
0.809	0.902834
0.81	0.903428
0.811	0.904021
0.812	0.904613
0.813	0.905205
0.814	0.905795
0.815	0.906385
0.816	0.906974
0.817	0.907562
0.818	0.908149
0.819	0.908736
0.82	0.909321
0.821	0.909906
0.822	0.91049
0.823	0.911072
0.824	0.911654
0.825	0.912235
0.826	0.912815
0.827	0.913394
0.828	0.913972
0.829	0.91455
0.83	0.915126
0.831	0.915701
0.832	0.916275
0.833	0.916848
0.834	0.917421
0.835	0.917992
0.836	0.918562
0.837	0.919131
0.838	0.919699
0.839	0.920266
0.84	0.920832
0.841	0.921397
0.842	0.921961
0.843	0.922524
0.844	0.923085
0.845	0.923646
0.846	0.924205
0.847	0.924764
0.848	0.925321
0.849	0.925877
0.85	0.926432
0.851	0.926985
0.852	0.927538
0.853	0.928089
0.854	0.928639
0.855	0.929188
0.856	0.929736
0.857	0.930282
0.858	0.930827
0.859	0.931371
0.86	0.931914
0.861	0.932455
0.862	0.932995
0.863	0.933534
0.864	0.934072
0.865	0.934608
0.866	0.935143
0.867	0.935676
0.868	0.936209
0.869	0.936739
0.87	0.937269
0.871	0.937797
0.872	0.938324
0.873	0.938849
0.874	0.939373
0.875	0.939896
0.876	0.940417
0.877	0.940936
0.878	0.941454
0.879	0.941971
0.88	0.942486
0.881	0.943
0.882	0.943512
0.883	0.944023
0.884	0.944532
0.885	0.94504
0.886	0.945546
0.887	0.946051
0.888	0.946554
0.889	0.947055
0.89	0.947555
0.891	0.948053
0.892	0.94855
0.893	0.949045
0.894	0.949538
0.895	0.95003
0.896	0.95052
0.897	0.951008
0.898	0.951495
0.899	0.95198
0.9	0.952463
0.901	0.952945
0.902	0.953425
0.903	0.953903
0.904	0.954379
0.905	0.954854
0.906	0.955327
0.907	0.955798
0.908	0.956267
0.909	0.956734
0.91	0.9572
0.911	0.957663
0.912	0.958125
0.913	0.958585
0.914	0.959043
0.915	0.9595
0.916	0.959954
0.917	0.960406
0.918	0.960857
0.919	0.961305
0.92	0.961752
0.921	0.962196
0.922	0.962639
0.923	0.963079
0.924	0.963518
0.925	0.963954
0.926	0.964389
0.927	0.964821
0.928	0.965252
0.929	0.96568
0.93	0.966106
0.931	0.96653
0.932	0.966952
0.933	0.967372
0.934	0.96779
0.935	0.968206
0.936	0.968619
0.937	0.96903
0.938	0.969439
0.939	0.969846
0.94	0.970251
0.941	0.970653
0.942	0.971053
0.943	0.971451
0.944	0.971846
0.945	0.97224
0.946	0.97263
0.947	0.973019
0.948	0.973405
0.949	0.973789
0.95	0.974171
0.951	0.97455
0.952	0.974927
0.953	0.975301
0.954	0.975673
0.955	0.976042
0.956	0.976409
0.957	0.976774
0.958	0.977136
0.959	0.977496
0.96	0.977853
0.961	0.978207
0.962	0.978559
0.963	0.978909
0.964	0.979256
0.965	0.9796
0.966	0.979942
0.967	0.980281
0.968	0.980617
0.969	0.980951
0.97	0.981282
0.971	0.981611
0.972	0.981936
0.973	0.982259
0.974	0.98258
0.975	0.982897
0.976	0.983212
0.977	0.983524
0.978	0.983834
0.979	0.98414
0.98	0.984444
0.981	0.984745
0.982	0.985043
0.983	0.985338
0.984	0.98563
0.985	0.98592
0.986	0.986206
0.987	0.98649
0.988	0.98677
0.989	0.987048
0.99	0.987323
0.991	0.987594
0.992	0.987863
0.993	0.988129
0.994	0.988391
0.995	0.988651
0.996	0.988907
0.997	0.989161
0.998	0.989411
0.999	0.989658
