# Interpolation data for function: sqrt(x)
0	0.0418379
0.001	0.0477307
0.002	0.0534882
0.003	0.0591141
0.004	0.0646119
0.005	0.0699851
0.006	0.075237
0.007	0.080371
0.008	0.0853904
0.009	0.0902981
0.01	0.0950974
0.011	0.0997912
0.012	0.104382
0.013	0.108874
0.014	0.113269
0.015	0.117569
0.016	0.121778
0.017	0.125898
0.018	0.129932
0.019	0.133882
0.02	0.13775
0.021	0.141539
0.022	0.145252
0.023	0.14889
0.024	0.152455
0.025	0.15595
0.026	0.159377
0.027	0.162738
0.028	0.166034
0.029	0.169268
0.03	0.172442
0.031	0.175557
0.032	0.178615
0.033	0.181619
0.034	0.184568
0.035	0.187466
0.036	0.190314
0.037	0.193113
0.038	0.195865
0.039	0.198571
0.04	0.201233
0.041	0.203852
0.042	0.206429
0.043	0.208967
0.044	0.211465
0.045	0.213926
0.046	0.21635
0.047	0.218739
0.048	0.221093
0.049	0.223415
0.05	0.225705
0.051	0.227963
0.052	0.230192
0.053	0.232392
0.054	0.234563
0.055	0.236708
0.056	0.238826
0.057	0.240919
0.058	0.242988
0.059	0.245033
0.06	0.247055
0.061	0.249055
0.062	0.251033
0.063	0.252991
0.064	0.254929
0.065	0.256847
0.066	0.258747
0.067	0.260629
0.068	0.262493
0.069	0.264341
0.07	0.266172
0.071	0.267988
0.072	0.269788
0.073	0.271574
0.074	0.273346
0.075	0.275104
0.076	0.276848
0.077	0.27858
0.078	0.2803
0.079	0.282007
0.08	0.283703
0.081	0.285388
0.082	0.287063
0.083	0.288726
0.084	0.29038
0.085	0.292024
0.086	0.293658
0.087	0.295283
0.088	0.2969
0.089	0.298508
0.09	0.300107
0.091	0.301699
0.092	0.303282
0.093	0.304858
0.094	0.306427
0.095	0.307989
0.096	0.309543
0.097	0.311091
0.098	0.312633
0.099	0.314168
0.1	0.315697
0.101	0.31722
0.102	0.318737
0.103	0.320249
0.104	0.321754
0.105	0.323255
0.106	0.32475
0.107	0.32624
0.108	0.327725
0.109	0.329205
0.11	0.33068
0.111	0.33215
0.112	0.333616
0.113	0.335077
0.114	0.336534
0.115	0.337986
0.116	0.339434
0.117	0.340878
0.118	0.342318
0.119	0.343753
0.12	0.345184
0.121	0.346612
0.122	0.348035
0.123	0.349454
0.124	0.35087
0.125	0.352282
0.126	0.353689
0.127	0.355093
0.128	0.356494
0.129	0.35789
0.13	0.359283
0.131	0.360672
0.132	0.362058
0.133	0.36344
0.134	0.364818
0.135	0.366193
0.136	0.367564
0.137	0.368932
0.138	0.370296
0.139	0.371656
0.14	0.373013
0.141	0.374366
0.142	0.375716
0.143	0.377062
0.144	0.378405
0.145	0.379744
0.146	0.381079
0.147	0.382411
0.148	0.38374
0.149	0.385065
0.15	0.386386
0.151	0.387704
0.152	0.389018
0.153	0.390329
0.154	0.391636
0.155	0.39294
0.156	0.39424
0.157	0.395536
0.158	0.396829
0.159	0.398119
0.16	0.399404
0.161	0.400686
0.162	0.401965
0.163	0.40324
0.164	0.404511
0.165	0.405778
0.166	0.407042
0.167	0.408303
0.168	0.409559
0.169	0.410812
0.17	0.412062
0.171	0.413308
0.172	0.41455
0.173	0.415788
0.174	0.417023
0.175	0.418254
0.176	0.419481
0.177	0.420705
0.178	0.421925
0.179	0.423141
0.18	0.424354
0.181	0.425563
0.182	0.426769
0.183	0.42797
0.184	0.429168
0.185	0.430363
0.186	0.431553
0.187	0.43274
0.188	0.433924
0.189	0.435103
0.19	0.43628
0.191	0.437452
0.192	0.438621
0.193	0.439786
0.194	0.440948
0.195	0.442105
0.196	0.44326
0.197	0.444411
0.198	0.445558
0.199	0.446701
0.2	0.447841
0.201	0.448978
0.202	0.450111
0.203	0.45124
0.204	0.452366
0.205	0.453488
0.206	0.454607
0.207	0.455723
0.208	0.456835
0.209	0.457943
0.21	0.459048
0.211	0.46015
0.212	0.461248
0.213	0.462343
0.214	0.463435
0.215	0.464523
0.216	0.465608
0.217	0.466689
0.218	0.467768
0.219	0.468843
0.22	0.469915
0.221	0.470983
0.222	0.472049
0.223	0.473111
0.224	0.47417
0.225	0.475226
0.226	0.476279
0.227	0.477329
0.228	0.478376
0.229	0.479419
0.23	0.48046
0.231	0.481498
0.232	0.482533
0.233	0.483565
0.234	0.484594
0.235	0.48562
0.236	0.486643
0.237	0.487663
0.238	0.488681
0.239	0.489696
0.24	0.490708
0.241	0.491717
0.242	0.492724
0.243	0.493728
0.244	0.494729
0.245	0.495728
0.246	0.496724
0.247	0.497718
0.248	0.498709
0.249	0.499697
0.25	0.500684
0.251	0.501667
0.252	0.502649
0.253	0.503627
0.254	0.504604
0.255	0.505578
0.256	0.50655
0.257	0.50752
0.258	0.508487
0.259	0.509452
0.26	0.510415
0.261	0.511376
0.262	0.512334
0.263	0.513291
0.264	0.514245
0.265	0.515198
0.266	0.516148
0.267	0.517097
0.268	0.518043
0.269	0.518987
0.27	0.51993
0.271	0.52087
0.272	0.521809
0.273	0.522746
0.274	0.523681
0.275	0.524614
0.276	0.525546
0.277	0.526476
0.278	0.527404
0.279	0.52833
0.28	0.529255
0.281	0.530178
0.282	0.531099
0.283	0.532019
0.284	0.532937
0.285	0.533854
0.286	0.534769
0.287	0.535683
0.288	0.536595
0.289	0.537506
0.29	0.538415
0.291	0.539323
0.292	0.540229
0.293	0.541134
0.294	0.542038
0.295	0.54294
0.296	0.543841
0.297	0.544741
0.298	0.545639
0.299	0.546536
0.3	0.547432
0.301	0.548327
0.302	0.549221
0.303	0.550113
0.304	0.551004
0.305	0.551894
0.306	0.552783
0.307	0.55367
0.308	0.554557
0.309	0.555443
0.31	0.556327
0.311	0.55721
0.312	0.558093
0.313	0.558974
0.314	0.559854
0.315	0.560733
0.316	0.561611
0.317	0.562489
0.318	0.563365
0.319	0.56424
0.32	0.565114
0.321	0.565988
0.322	0.56686
0.323	0.567731
0.324	0.568602
0.325	0.569472
0.326	0.57034
0.327	0.571208
0.328	0.572075
0.329	0.572941
0.33	0.573806
0.331	0.574671
0.332	0.575534
0.333	0.576397
0.334	0.577259
0.335	0.57812
0.336	0.57898
0.337	0.579839
0.338	0.580698
0.339	0.581555
0.34	0.582412
0.341	0.583268
0.342	0.584124
0.343	0.584978
0.344	0.585832
0.345	0.586685
0.346	0.587537
0.347	0.588388
0.348	0.589238
0.349	0.590088
0.35	0.590937
0.351	0.591785
0.352	0.592633
0.353	0.593479
0.354	0.594325
0.355	0.59517
0.356	0.596014
0.357	0.596857
0.358	0.5977
0.359	0.598542
0.36	0.599383
0.361	0.600223
0.362	0.601063
0.363	0.601901
0.364	0.602739
0.365	0.603576
0.366	0.604412
0.367	0.605248
0.368	0.606082
0.369	0.606916
0.37	0.607749
0.371	0.608581
0.372	0.609413
0.373	0.610243
0.374	0.611073
0.375	0.611902
0.376	0.61273
0.377	0.613557
0.378	0.614384
0.379	0.615209
0.38	0.616034
0.381	0.616857
0.382	0.61768
0.383	0.618502
0.384	0.619324
0.385	0.620144
0.386	0.620963
0.387	0.621782
0.388	0.6226
0.389	0.623416
0.39	0.624232
0.391	0.625047
0.392	0.625861
0.393	0.626674
0.394	0.627486
0.395	0.628297
0.396	0.629108
0.397	0.629917
0.398	0.630725
0.399	0.631533
0.4	0.632339
0.401	0.633145
0.402	0.633949
0.403	0.634753
0.404	0.635555
0.405	0.636357
0.406	0.637158
0.407	0.637957
0.408	0.638756
0.409	0.639553
0.41	0.64035
0.411	0.641145
0.412	0.64194
0.413	0.642733
0.414	0.643526
0.415	0.644317
0.416	0.645107
0.417	0.645897
0.418	0.646685
0.419	0.647472
0.42	0.648258
0.421	0.649043
0.422	0.649827
0.423	0.65061
0.424	0.651392
0.425	0.652172
0.426	0.652952
0.427	0.653731
0.428	0.654508
0.429	0.655284
0.43	0.656059
0.431	0.656834
0.432	0.657607
0.433	0.658378
0.434	0.659149
0.435	0.659919
0.436	0.660687
0.437	0.661455
0.438	0.662221
0.439	0.662986
0.44	0.66375
0.441	0.664513
0.442	0.665275
0.443	0.666035
0.444	0.666795
0.445	0.667553
0.446	0.66831
0.447	0.669066
0.448	0.669821
0.449	0.670575
0.45	0.671327
0.451	0.672079
0.452	0.672829
0.453	0.673578
0.454	0.674326
0.455	0.675073
0.456	0.675819
0.457	0.676563
0.458	0.677307
0.459	0.678049
0.46	0.67879
0.461	0.67953
0.462	0.680269
0.463	0.681007
0.464	0.681743
0.465	0.682479
0.466	0.683213
0.467	0.683946
0.468	0.684678
0.469	0.685409
0.47	0.686139
0.471	0.686868
0.472	0.687596
0.473	0.688322
0.474	0.689048
0.475	0.689772
0.476	0.690495
0.477	0.691218
0.478	0.691939
0.479	0.692659
0.48	0.693378
0.481	0.694095
0.482	0.694812
0.483	0.695528
0.484	0.696243
0.485	0.696956
0.486	0.697669
0.487	0.69838
0.488	0.699091
0.489	0.6998
0.49	0.700509
0.491	0.701216
0.492	0.701923
0.493	0.702628
0.494	0.703333
0.495	0.704036
0.496	0.704739
0.497	0.70544
0.498	0.706141
0.499	0.70684
0.5	0.707539
0.501	0.708237
0.502	0.708933
0.503	0.709629
0.504	0.710324
0.505	0.711018
0.506	0.711711
0.507	0.712403
0.508	0.713095
0.509	0.713785
0.51	0.714475
0.511	0.715164
0.512	0.715851
0.513	0.716538
0.514	0.717225
0.515	0.71791
0.516	0.718595
0.517	0.719278
0.518	0.719961
0.519	0.720643
0.52	0.721325
0.521	0.722005
0.522	0.722685
0.523	0.723364
0.524	0.724043
0.525	0.72472
0.526	0.725397
0.527	0.726073
0.528	0.726749
0.529	0.727424
0.53	0.728098
0.531	0.728771
0.532	0.729444
0.533	0.730116
0.534	0.730787
0.535	0.731458
0.536	0.732128
0.537	0.732798
0.538	0.733467
0.539	0.734135
0.54	0.734803
0.541	0.73547
0.542	0.736137
0.543	0.736803
0.544	0.737468
0.545	0.738133
0.546	0.738797
0.547	0.739461
0.548	0.740125
0.549	0.740787
0.55	0.74145
0.551	0.742111
0.552	0.742773
0.553	0.743434
0.554	0.744094
0.555	0.744754
0.556	0.745413
0.557	0.746072
0.558	0.746731
0.559	0.747389
0.56	0.748047
0.561	0.748704
0.562	0.749361
0.563	0.750017
0.564	0.750673
0.565	0.751329
0.566	0.751984
0.567	0.752639
0.568	0.753294
0.569	0.753948
0.57	0.754602
0.571	0.755255
0.572	0.755909
0.573	0.756562
0.574	0.757214
0.575	0.757866
0.576	0.758518
0.577	0.75917
0.578	0.759821
0.579	0.760472
0.58	0.761123
0.581	0.761773
0.582	0.762423
0.583	0.763073
0.584	0.763723
0.585	0.764372
0.586	0.765021
0.587	0.76567
0.588	0.766318
0.589	0.766967
0.59	0.767615
0.591	0.768262
0.592	0.76891
0.593	0.769557
0.594	0.770204
0.595	0.770851
0.596	0.771498
0.597	0.772144
0.598	0.77279
0.599	0.773436
0.6	0.774081
0.601	0.774727
0.602	0.775372
0.603	0.776017
0.604	0.776662
0.605	0.777306
0.606	0.777951
0.607	0.778595
0.608	0.779239
0.609	0.779882
0.61	0.780526
0.611	0.781169
0.612	0.781812
0.613	0.782455
0.614	0.783097
0.615	0.783739
0.616	0.784381
0.617	0.785023
0.618	0.785665
0.619	0.786306
0.62	0.786947
0.621	0.787588
0.622	0.788229
0.623	0.78887
0.624	0.78951
0.625	0.79015
0.626	0.790789
0.627	0.791429
0.628	0.792068
0.629	0.792707
0.63	0.793346
0.631	0.793984
0.632	0.794622
0.633	0.79526
0.634	0.795898
0.635	0.796535
0.636	0.797172
0.637	0.797809
0.638	0.798445
0.639	0.799081
0.64	0.799717
0.641	0.800352
0.642	0.800988
0.643	0.801622
0.644	0.802257
0.645	0.802891
0.646	0.803525
0.647	0.804158
0.648	0.804792
0.649	0.805424
0.65	0.806057
0.651	0.806689
0.652	0.807321
0.653	0.807952
0.654	0.808583
0.655	0.809213
0.656	0.809843
0.657	0.810473
0.658	0.811102
0.659	0.811731
0.66	0.81236
0.661	0.812987
0.662	0.813615
0.663	0.814242
0.664	0.814869
0.665	0.815495
0.666	0.816121
0.667	0.816746
0.668	0.81737
0.669	0.817995
0.67	0.818618
0.671	0.819242
0.672	0.819864
0.673	0.820486
0.674	0.821108
0.675	0.821729
0.676	0.82235
0.677	0.82297
0.678	0.823589
0.679	0.824208
0.68	0.824826
0.681	0.825444
0.682	0.826061
0.683	0.826678
0.684	0.827294
0.685	0.827909
0.686	0.828524
0.687	0.829138
0.688	0.829751
0.689	0.830364
0.69	0.830976
0.691	0.831588
0.692	0.832199
0.693	0.832809
0.694	0.833418
0.695	0.834027
0.696	0.834636
0.697	0.835243
0.698	0.83585
0.699	0.836456
0.7	0.837062
0.701	0.837666
0.702	0.83827
0.703	0.838874
0.704	0.839476
0.705	0.840078
0.706	0.84068
0.707	0.84128
0.708	0.84188
0.709	0.842479
0.71	0.843077
0.711	0.843675
0.712	0.844271
0.713	0.844868
0.714	0.845463
0.715	0.846057
0.716	0.846651
0.717	0.847244
0.718	0.847836
0.719	0.848428
0.72	0.849019
0.721	0.849609
0.722	0.850198
0.723	0.850786
0.724	0.851374
0.725	0.851961
0.726	0.852547
0.727	0.853133
0.728	0.853717
0.729	0.854301
0.73	0.854884
0.731	0.855467
0.732	0.856048
0.733	0.856629
0.734	0.857209
0.735	0.857789
0.736	0.858367
0.737	0.858945
0.738	0.859522
0.739	0.860099
0.74	0.860674
0.741	0.861249
0.742	0.861823
0.743	0.862397
0.744	0.86297
0.745	0.863542
0.746	0.864113
0.747	0.864684
0.748	0.865254
0.749	0.865823
0.75	0.866391
0.751	0.866959
0.752	0.867526
0.753	0.868093
0.754	0.868659
0.755	0.869224
0.756	0.869788
0.757	0.870352
0.758	0.870916
0.759	0.871478
0.76	0.87204
0.761	0.872602
0.762	0.873163
0.763	0.873723
0.764	0.874283
0.765	0.874842
0.766	0.8754
0.767	0.875958
0.768	0.876516
0.769	0.877073
0.77	0.877629
0.771	0.878185
0.772	0.878741
0.773	0.879296
0.774	0.87985
0.775	0.880404
0.776	0.880958
0.777	0.881511
0.778	0.882064
0.779	0.882616
0.78	0.883168
0.781	0.88372
0.782	0.884271
0.783	0.884822
0.784	0.885372
0.785	0.885922
0.786	0.886472
0.787	0.887022
0.788	0.887571
0.789	0.88812
0.79	0.888669
0.791	0.889217
0.792	0.889765
0.793	0.890313
0.794	0.890861
0.795	0.891408
0.796	0.891956
0.797	0.892503
0.798	0.89305
0.799	0.893597
0.8	0.894143
0.801	0.89469
0.802	0.895237
0.803	0.895783
0.804	0.896329
0.805	0.896875
0.806	0.897422
0.807	0.897968
0.808	0.898514
0.809	0.89906
0.81	0.899606
0.811	0.900152
0.812	0.900698
0.813	0.901244
0.814	0.90179
0.815	0.902336
0.816	0.902883
0.817	0.903429
0.818	0.903975
0.819	0.904522
0.82	0.905068
0.821	0.905615
0.822	0.906162
0.823	0.906709
0.824	0.907256
0.825	0.907803
0.826	0.90835
0.827	0.908898
0.828	0.909445
0.829	0.909993
0.83	0.910541
0.831	0.911089
0.832	0.911638
0.833	0.912186
0.834	0.912735
0.835	0.913284
0.836	0.913833
0.837	0.914383
0.838	0.914932
0.839	0.915482
0.84	0.916032
0.841	0.916582
0.842	0.917133
0.843	0.917683
0.844	0.918234
0.845	0.918785
0.846	0.919336
0.847	0.919888
0.848	0.92044
0.849	0.920991
0.85	0.921544
0.851	0.922096
0.852	0.922648
0.853	0.923201
0.854	0.923754
0.855	0.924307
0.856	0.92486
0.857	0.925413
0.858	0.925966
0.859	0.92652
0.86	0.927074
0.861	0.927627
0.862	0.928181
0.863	0.928735
0.864	0.929289
0.865	0.929843
0.866	0.930397
0.867	0.930951
0.868	0.931505
0.869	0.93206
0.87	0.932614
0.871	0.933168
0.872	0.933721
0.873	0.934275
0.874	0.934829
0.875	0.935383
0.876	0.935936
0.877	0.936489
0.878	0.937042
0.879	0.937595
0.88	0.938148
0.881	0.9387
0.882	0.939252
0.883	0.939804
0.884	0.940355
0.885	0.940906
0.886	0.941457
0.887	0.942007
0.888	0.942556
0.889	0.943105
0.89	0.943654
0.891	0.944202
0.892	0.94475
0.893	0.945297
0.894	0.945843
0.895	0.946388
0.896	0.946933
0.897	0.947477
0.898	0.948021
0.899	0.948563
0.9	0.949105
0.901	0.949646
0.902	0.950186
0.903	0.950725
0.904	0.951263
0.905	0.9518
0.906	0.952337
0.907	0.952872
0.908	0.953406
0.909	0.953939
0.91	0.95447
0.911	0.955001
0.912	0.95553
0.913	0.956059
0.914	0.956586
0.915	0.957111
0.916	0.957636
0.917	0.958159
0.918	0.95868
0.919	0.959201
0.92	0.95972
0.921	0.960237
0.922	0.960754
0.923	0.961268
0.924	0.961782
0.925	0.962293
0.926	0.962804
0.927	0.963313
0.928	0.96382
0.929	0.964326
0.93	0.96483
0.931	0.965333
0.932	0.965835
0.933	0.966334
0.934	0.966833
0.935	0.96733
0.936	0.967825
0.937	0.96832
0.938	0.968812
0.939	0.969304
0.94	0.969794
0.941	0.970282
0.942	0.97077
0.943	0.971256
0.944	0.971741
0.945	0.972225
0.946	0.972707
0.947	0.973189
0.948	0.97367
0.949	0.974149
0.95	0.974629
0.951	0.975107
0.952	0.975584
0.953	0.976062
0.954	0.976538
0.955	0.977015
0.956	0.977491
0.957	0.977967
0.958	0.978443
0.959	0.978919
0.96	0.979396
0.961	0.979873
0.962	0.98035
0.963	0.980829
0.964	0.981308
0.965	0.981789
0.966	0.982271
0.967	0.982754
0.968	0.98324
0.969	0.983727
0.97	0.984217
0.971	0.984709
0.972	0.985204
0.973	0.985702
0.974	0.986204
0.975	0.986709
0.976	0.987218
0.977	0.987732
0.978	0.98825
0.979	0.988773
0.98	0.989302
0.981	0.989836
0.982	0.990377
0.983	0.990924
0.984	0.991478
0.985	0.99204
0.986	0.99261
0.987	0.993188
0.988	0.993775
0.989	0.994371
0.99	0.994978
0.991	0.995595
0.992	0.996224
0.993	0.996864
0.994	0.997517
0.995	0.998182
0.996	0.998862
0.997	0.999555
0.998	1.00026
0.999	1.00099
