# Interpolation data for function: (2*x-1)^40
0	0.808324
0.001	0.769666
0.002	0.732395
0.003	0.696472
0.004	0.661862
0.005	0.628527
0.006	0.596431
0.007	0.56554
0.008	0.53582
0.009	0.507237
0.01	0.479758
0.011	0.453352
0.012	0.427988
0.013	0.403634
0.014	0.380261
0.015	0.357839
0.016	0.336341
0.017	0.315738
0.018	0.296003
0.019	0.277109
0.02	0.259031
0.021	0.241742
0.022	0.225219
0.023	0.209437
0.024	0.194372
0.025	0.180001
0.026	0.166301
0.027	0.153252
0.028	0.14083
0.029	0.129015
0.03	0.117787
0.031	0.107126
0.032	0.0970125
0.033	0.0874271
0.034	0.0783517
0.035	0.0697681
0.036	0.0616588
0.037	0.0540068
0.038	0.0467953
0.039	0.0400082
0.04	0.0336295
0.041	0.0276441
0.042	0.0220367
0.043	0.016793
0.044	0.0118986
0.045	0.00733977
0.046	0.0031031
0.047	-0.00082449
0.048	-0.0044557
0.049	-0.00780286
0.05	-0.010878
0.051	-0.0136927
0.052	-0.0162584
0.053	-0.0185859
0.054	-0.0206861
0.055	-0.0225693
0.056	-0.0242454
0.057	-0.0257243
0.058	-0.0270155
0.059	-0.028128
0.06	-0.0290709
0.061	-0.0298527
0.062	-0.0304817
0.063	-0.030966
0.064	-0.0313135
0.065	-0.0315318
0.066	-0.0316281
0.067	-0.0316096
0.068	-0.031483
0.069	-0.0312551
0.07	-0.0309322
0.071	-0.0305205
0.072	-0.0300259
0.073	-0.0294542
0.074	-0.0288109
0.075	-0.0281015
0.076	-0.0273309
0.077	-0.0265043
0.078	-0.0256263
0.079	-0.0247015
0.08	-0.0237345
0.081	-0.0227293
0.082	-0.0216902
0.083	-0.0206209
0.084	-0.0195252
0.085	-0.0184068
0.086	-0.0172691
0.087	-0.0161153
0.088	-0.0149487
0.089	-0.0137722
0.09	-0.0125886
0.091	-0.0114008
0.092	-0.0102113
0.093	-0.0090227
0.094	-0.00783724
0.095	-0.00665721
0.096	-0.00548472
0.097	-0.00432179
0.098	-0.00317033
0.099	-0.00203213
0.1	-0.000908892
0.101	0.000197798
0.102	0.00128644
0.103	0.00235563
0.104	0.00340405
0.105	0.00443049
0.106	0.0054338
0.107	0.00641293
0.108	0.00736691
0.109	0.00829484
0.11	0.0091959
0.111	0.0100693
0.112	0.0109145
0.113	0.0117307
0.114	0.0125175
0.115	0.0132743
0.116	0.0140008
0.117	0.0146966
0.118	0.0153613
0.119	0.0159948
0.12	0.0165968
0.121	0.0171672
0.122	0.0177059
0.123	0.0182128
0.124	0.018688
0.125	0.0191314
0.126	0.0195432
0.127	0.0199234
0.128	0.0202723
0.129	0.02059
0.13	0.0208767
0.131	0.0211327
0.132	0.0213583
0.133	0.0215538
0.134	0.0217195
0.135	0.0218559
0.136	0.0219634
0.137	0.0220422
0.138	0.022093
0.139	0.0221162
0.14	0.0221122
0.141	0.0220816
0.142	0.0220249
0.143	0.0219427
0.144	0.0218354
0.145	0.0217037
0.146	0.0215482
0.147	0.0213694
0.148	0.021168
0.149	0.0209446
0.15	0.0206998
0.151	0.0204343
0.152	0.0201486
0.153	0.0198435
0.154	0.0195196
0.155	0.0191776
0.156	0.0188181
0.157	0.0184418
0.158	0.0180493
0.159	0.0176415
0.16	0.0172188
0.161	0.016782
0.162	0.0163318
0.163	0.0158689
0.164	0.0153938
0.165	0.0149074
0.166	0.0144101
0.167	0.0139028
0.168	0.0133861
0.169	0.0128606
0.17	0.012327
0.171	0.0117859
0.172	0.011238
0.173	0.0106839
0.174	0.0101242
0.175	0.00955953
0.176	0.00899055
0.177	0.00841783
0.178	0.00784199
0.179	0.0072636
0.18	0.00668325
0.181	0.0061015
0.182	0.00551893
0.183	0.00493609
0.184	0.00435351
0.185	0.00377173
0.186	0.00319128
0.187	0.00261267
0.188	0.0020364
0.189	0.00146296
0.19	0.00089284
0.191	0.000326502
0.192	-0.000235594
0.193	-0.000792999
0.194	-0.00134528
0.195	-0.00189201
0.196	-0.00243277
0.197	-0.00296717
0.198	-0.00349482
0.199	-0.00401534
0.2	-0.00452836
0.201	-0.00503353
0.202	-0.00553051
0.203	-0.00601897
0.204	-0.0064986
0.205	-0.00696908
0.206	-0.00743012
0.207	-0.00788145
0.208	-0.00832279
0.209	-0.00875388
0.21	-0.00917449
0.211	-0.00958438
0.212	-0.00998332
0.213	-0.0103711
0.214	-0.0107475
0.215	-0.0111124
0.216	-0.0114656
0.217	-0.0118069
0.218	-0.0121362
0.219	-0.0124533
0.22	-0.0127581
0.221	-0.0130506
0.222	-0.0133304
0.223	-0.0135977
0.224	-0.0138523
0.225	-0.014094
0.226	-0.014323
0.227	-0.014539
0.228	-0.0147421
0.229	-0.0149323
0.23	-0.0151094
0.231	-0.0152735
0.232	-0.0154247
0.233	-0.0155628
0.234	-0.0156879
0.235	-0.0158001
0.236	-0.0158993
0.237	-0.0159856
0.238	-0.0160591
0.239	-0.0161198
0.24	-0.0161678
0.241	-0.0162032
0.242	-0.016226
0.243	-0.0162364
0.244	-0.0162344
0.245	-0.0162202
0.246	-0.0161938
0.247	-0.0161554
0.248	-0.0161051
0.249	-0.0160431
0.25	-0.0159695
0.251	-0.0158844
0.252	-0.015788
0.253	-0.0156805
0.254	-0.015562
0.255	-0.0154327
0.256	-0.0152928
0.257	-0.0151425
0.258	-0.0149819
0.259	-0.0148112
0.26	-0.0146307
0.261	-0.0144405
0.262	-0.0142409
0.263	-0.014032
0.264	-0.0138141
0.265	-0.0135875
0.266	-0.0133522
0.267	-0.0131086
0.268	-0.0128568
0.269	-0.0125972
0.27	-0.0123299
0.271	-0.0120552
0.272	-0.0117733
0.273	-0.0114845
0.274	-0.011189
0.275	-0.010887
0.276	-0.0105788
0.277	-0.0102648
0.278	-0.00994497
0.279	-0.00961974
0.28	-0.00928933
0.281	-0.00895399
0.282	-0.00861398
0.283	-0.00826956
0.284	-0.00792098
0.285	-0.0075685
0.286	-0.00721237
0.287	-0.00685287
0.288	-0.00649023
0.289	-0.00612473
0.29	-0.00575662
0.291	-0.00538615
0.292	-0.00501359
0.293	-0.00463918
0.294	-0.00426319
0.295	-0.00388585
0.296	-0.00350743
0.297	-0.00312818
0.298	-0.00274834
0.299	-0.00236817
0.3	-0.0019879
0.301	-0.00160778
0.302	-0.00122806
0.303	-0.000848962
0.304	-0.000470736
0.305	-9.36132e-05
0.306	0.000282174
0.307	0.000656396
0.308	0.00102883
0.309	0.00139924
0.31	0.00176742
0.311	0.00213314
0.312	0.00249619
0.313	0.00285635
0.314	0.00321342
0.315	0.0035672
0.316	0.00391747
0.317	0.00426405
0.318	0.00460673
0.319	0.00494533
0.32	0.00527966
0.321	0.00560953
0.322	0.00593476
0.323	0.00625518
0.324	0.00657062
0.325	0.00688091
0.326	0.00718588
0.327	0.00748537
0.328	0.00777923
0.329	0.00806731
0.33	0.00834946
0.331	0.00862554
0.332	0.00889541
0.333	0.00915894
0.334	0.009416
0.335	0.00966645
0.336	0.0099102
0.337	0.0101471
0.338	0.0103771
0.339	0.0106
0.34	0.0108157
0.341	0.0110243
0.342	0.0112254
0.343	0.0114192
0.344	0.0116054
0.345	0.0117841
0.346	0.0119551
0.347	0.0121183
0.348	0.0122738
0.349	0.0124214
0.35	0.0125611
0.351	0.0126928
0.352	0.0128165
0.353	0.0129322
0.354	0.0130398
0.355	0.0131393
0.356	0.0132307
0.357	0.0133139
0.358	0.0133889
0.359	0.0134558
0.36	0.0135144
0.361	0.0135648
0.362	0.0136071
0.363	0.0136412
0.364	0.013667
0.365	0.0136847
0.366	0.0136943
0.367	0.0136957
0.368	0.0136891
0.369	0.0136743
0.37	0.0136516
0.371	0.0136209
0.372	0.0135822
0.373	0.0135356
0.374	0.0134812
0.375	0.013419
0.376	0.0133491
0.377	0.0132715
0.378	0.0131863
0.379	0.0130937
0.38	0.0129935
0.381	0.0128861
0.382	0.0127713
0.383	0.0126494
0.384	0.0125203
0.385	0.0123843
0.386	0.0122413
0.387	0.0120916
0.388	0.0119351
0.389	0.011772
0.39	0.0116025
0.391	0.0114266
0.392	0.0112444
0.393	0.0110561
0.394	0.0108618
0.395	0.0106616
0.396	0.0104557
0.397	0.0102441
0.398	0.010027
0.399	0.00980451
0.4	0.00957683
0.401	0.00934406
0.402	0.00910635
0.403	0.00886383
0.404	0.00861666
0.405	0.00836499
0.406	0.00810896
0.407	0.00784872
0.408	0.00758444
0.409	0.00731625
0.41	0.00704433
0.411	0.00676882
0.412	0.0064899
0.413	0.00620771
0.414	0.00592242
0.415	0.00563419
0.416	0.00534319
0.417	0.00504959
0.418	0.00475354
0.419	0.00445522
0.42	0.0041548
0.421	0.00385243
0.422	0.0035483
0.423	0.00324257
0.424	0.0029354
0.425	0.00262698
0.426	0.00231746
0.427	0.00200702
0.428	0.00169584
0.429	0.00138407
0.43	0.00107189
0.431	0.00075948
0.432	0.000446995
0.433	0.000134609
0.434	-0.000177508
0.435	-0.000489188
0.436	-0.000800264
0.437	-0.00111057
0.438	-0.00141993
0.439	-0.0017282
0.44	-0.00203519
0.441	-0.00234075
0.442	-0.00264472
0.443	-0.00294693
0.444	-0.00324723
0.445	-0.00354545
0.446	-0.00384144
0.447	-0.00413504
0.448	-0.0044261
0.449	-0.00471446
0.45	-0.00499997
0.451	-0.00528249
0.452	-0.00556186
0.453	-0.00583794
0.454	-0.00611058
0.455	-0.00637965
0.456	-0.006645
0.457	-0.00690649
0.458	-0.007164
0.459	-0.00741738
0.46	-0.0076665
0.461	-0.00791123
0.462	-0.00815146
0.463	-0.00838705
0.464	-0.00861788
0.465	-0.00884384
0.466	-0.0090648
0.467	-0.00928066
0.468	-0.0094913
0.469	-0.00969661
0.47	-0.0098965
0.471	-0.0100909
0.472	-0.0102796
0.473	-0.0104626
0.474	-0.0106397
0.475	-0.010811
0.476	-0.0109762
0.477	-0.0111354
0.478	-0.0112884
0.479	-0.0114351
0.48	-0.0115756
0.481	-0.0117096
0.482	-0.0118372
0.483	-0.0119583
0.484	-0.0120728
0.485	-0.0121806
0.486	-0.0122817
0.487	-0.0123761
0.488	-0.0124637
0.489	-0.0125444
0.49	-0.0126183
0.491	-0.0126852
0.492	-0.0127452
0.493	-0.0127982
0.494	-0.0128442
0.495	-0.0128831
0.496	-0.012915
0.497	-0.0129399
0.498	-0.0129576
0.499	-0.0129683
0.5	-0.0129718
0.501	-0.0129683
0.502	-0.0129576
0.503	-0.0129399
0.504	-0.012915
0.505	-0.0128831
0.506	-0.0128442
0.507	-0.0127982
0.508	-0.0127452
0.509	-0.0126852
0.51	-0.0126183
0.511	-0.0125444
0.512	-0.0124637
0.513	-0.0123761
0.514	-0.0122817
0.515	-0.0121806
0.516	-0.0120728
0.517	-0.0119583
0.518	-0.0118372
0.519	-0.0117096
0.52	-0.0115756
0.521	-0.0114351
0.522	-0.0112884
0.523	-0.0111354
0.524	-0.0109762
0.525	-0.010811
0.526	-0.0106397
0.527	-0.0104626
0.528	-0.0102796
0.529	-0.0100909
0.53	-0.0098965
0.531	-0.00969661
0.532	-0.0094913
0.533	-0.00928066
0.534	-0.0090648
0.535	-0.00884384
0.536	-0.00861788
0.537	-0.00838705
0.538	-0.00815146
0.539	-0.00791123
0.54	-0.0076665
0.541	-0.00741738
0.542	-0.007164
0.543	-0.00690649
0.544	-0.006645
0.545	-0.00637965
0.546	-0.00611058
0.547	-0.00583794
0.548	-0.00556186
0.549	-0.00528249
0.55	-0.00499997
0.551	-0.00471446
0.552	-0.0044261
0.553	-0.00413504
0.554	-0.00384144
0.555	-0.00354545
0.556	-0.00324723
0.557	-0.00294693
0.558	-0.00264472
0.559	-0.00234075
0.56	-0.00203519
0.561	-0.0017282
0.562	-0.00141993
0.563	-0.00111057
0.564	-0.000800264
0.565	-0.000489188
0.566	-0.000177508
0.567	0.000134609
0.568	0.000446995
0.569	0.00075948
0.57	0.00107189
0.571	0.00138407
0.572	0.00169584
0.573	0.00200702
0.574	0.00231746
0.575	0.00262698
0.576	0.0029354
0.577	0.00324257
0.578	0.0035483
0.579	0.00385243
0.58	0.0041548
0.581	0.00445522
0.582	0.00475354
0.583	0.00504959
0.584	0.00534319
0.585	0.00563419
0.586	0.00592242
0.587	0.00620771
0.588	0.0064899
0.589	0.00676882
0.59	0.00704433
0.591	0.00731625
0.592	0.00758444
0.593	0.00784872
0.594	0.00810896
0.595	0.00836499
0.596	0.00861666
0.597	0.00886383
0.598	0.00910635
0.599	0.00934406
0.6	0.00957683
0.601	0.00980451
0.602	0.010027
0.603	0.0102441
0.604	0.0104557
0.605	0.0106616
0.606	0.0108618
0.607	0.0110561
0.608	0.0112444
0.609	0.0114266
0.61	0.0116025
0.611	0.011772
0.612	0.0119351
0.613	0.0120916
0.614	0.0122413
0.615	0.0123843
0.616	0.0125203
0.617	0.0126494
0.618	0.0127713
0.619	0.0128861
0.62	0.0129935
0.621	0.0130937
0.622	0.0131863
0.623	0.0132715
0.624	0.0133491
0.625	0.013419
0.626	0.0134812
0.627	0.0135356
0.628	0.0135822
0.629	0.0136209
0.63	0.0136516
0.631	0.0136743
0.632	0.0136891
0.633	0.0136957
0.634	0.0136943
0.635	0.0136847
0.636	0.013667
0.637	0.0136412
0.638	0.0136071
0.639	0.0135648
0.64	0.0135144
0.641	0.0134558
0.642	0.0133889
0.643	0.0133139
0.644	0.0132307
0.645	0.0131393
0.646	0.0130398
0.647	0.0129322
0.648	0.0128165
0.649	0.0126928
0.65	0.0125611
0.651	0.0124214
0.652	0.0122738
0.653	0.0121183
0.654	0.0119551
0.655	0.0117841
0.656	0.0116054
0.657	0.0114192
0.658	0.0112254
0.659	0.0110243
0.66	0.0108157
0.661	0.0106
0.662	0.0103771
0.663	0.0101471
0.664	0.0099102
0.665	0.00966645
0.666	0.009416
0.667	0.00915894
0.668	0.00889541
0.669	0.00862554
0.67	0.00834946
0.671	0.00806731
0.672	0.00777923
0.673	0.00748537
0.674	0.00718588
0.675	0.00688091
0.676	0.00657062
0.677	0.00625518
0.678	0.00593476
0.679	0.00560953
0.68	0.00527966
0.681	0.00494533
0.682	0.00460673
0.683	0.00426405
0.684	0.00391747
0.685	0.0035672
0.686	0.00321342
0.687	0.00285635
0.688	0.00249619
0.689	0.00213314
0.69	0.00176742
0.691	0.00139924
0.692	0.00102883
0.693	0.000656396
0.694	0.000282174
0.695	-9.36132e-05
0.696	-0.000470736
0.697	-0.000848962
0.698	-0.00122806
0.699	-0.00160778
0.7	-0.0019879
0.701	-0.00236817
0.702	-0.00274834
0.703	-0.00312818
0.704	-0.00350743
0.705	-0.00388585
0.706	-0.00426319
0.707	-0.00463918
0.708	-0.00501359
0.709	-0.00538615
0.71	-0.00575662
0.711	-0.00612473
0.712	-0.00649023
0.713	-0.00685287
0.714	-0.00721237
0.715	-0.0075685
0.716	-0.00792098
0.717	-0.00826956
0.718	-0.00861398
0.719	-0.00895399
0.72	-0.00928933
0.721	-0.00961974
0.722	-0.00994497
0.723	-0.0102648
0.724	-0.0105788
0.725	-0.010887
0.726	-0.011189
0.727	-0.0114845
0.728	-0.0117733
0.729	-0.0120552
0.73	-0.0123299
0.731	-0.0125972
0.732	-0.0128568
0.733	-0.0131086
0.734	-0.0133522
0.735	-0.0135875
0.736	-0.0138141
0.737	-0.014032
0.738	-0.0142409
0.739	-0.0144405
0.74	-0.0146307
0.741	-0.0148112
0.742	-0.0149819
0.743	-0.0151425
0.744	-0.0152928
0.745	-0.0154327
0.746	-0.015562
0.747	-0.0156805
0.748	-0.015788
0.749	-0.0158844
0.75	-0.0159695
0.751	-0.0160431
0.752	-0.0161051
0.753	-0.0161554
0.754	-0.0161938
0.755	-0.0162202
0.756	-0.0162344
0.757	-0.0162364
0.758	-0.016226
0.759	-0.0162032
0.76	-0.0161678
0.761	-0.0161198
0.762	-0.0160591
0.763	-0.0159856
0.764	-0.0158993
0.765	-0.0158001
0.766	-0.0156879
0.767	-0.0155628
0.768	-0.0154247
0.769	-0.0152735
0.77	-0.0151094
0.771	-0.0149323
0.772	-0.0147421
0.773	-0.014539
0.774	-0.014323
0.775	-0.014094
0.776	-0.0138523
0.777	-0.0135977
0.778	-0.0133304
0.779	-0.0130506
0.78	-0.0127581
0.781	-0.0124533
0.782	-0.0121362
0.783	-0.0118069
0.784	-0.0114656
0.785	-0.0111124
0.786	-0.0107475
0.787	-0.0103711
0.788	-0.00998332
0.789	-0.00958438
0.79	-0.00917449
0.791	-0.00875388
0.792	-0.00832279
0.793	-0.00788145
0.794	-0.00743012
0.795	-0.00696908
0.796	-0.0064986
0.797	-0.00601897
0.798	-0.00553051
0.799	-0.00503353
0.8	-0.00452836
0.801	-0.00401534
0.802	-0.00349482
0.803	-0.00296717
0.804	-0.00243277
0.805	-0.00189201
0.806	-0.00134528
0.807	-0.000792999
0.808	-0.000235594
0.809	0.000326502
0.81	0.00089284
0.811	0.00146296
0.812	0.0020364
0.813	0.00261267
0.814	0.00319128
0.815	0.00377173
0.816	0.00435351
0.817	0.00493609
0.818	0.00551893
0.819	0.0061015
0.82	0.00668325
0.821	0.0072636
0.822	0.00784199
0.823	0.00841783
0.824	0.00899055
0.825	0.00955953
0.826	0.0101242
0.827	0.0106839
0.828	0.011238
0.829	0.0117859
0.83	0.012327
0.831	0.0128606
0.832	0.0133861
0.833	0.0139028
0.834	0.0144101
0.835	0.0149074
0.836	0.0153938
0.837	0.0158689
0.838	0.0163318
0.839	0.016782
0.84	0.0172188
0.841	0.0176415
0.842	0.0180493
0.843	0.0184418
0.844	0.0188181
0.845	0.0191776
0.846	0.0195196
0.847	0.0198435
0.848	0.0201486
0.849	0.0204343
0.85	0.0206998
0.851	0.0209446
0.852	0.021168
0.853	0.0213694
0.854	0.0215482
0.855	0.0217037
0.856	0.0218354
0.857	0.0219427
0.858	0.0220249
0.859	0.0220816
0.86	0.0221122
0.861	0.0221162
0.862	0.022093
0.863	0.0220422
0.864	0.0219634
0.865	0.0218559
0.866	0.0217195
0.867	0.0215538
0.868	0.0213583
0.869	0.0211327
0.87	0.0208767
0.871	0.02059
0.872	0.0202723
0.873	0.0199234
0.874	0.0195432
0.875	0.0191314
0.876	0.018688
0.877	0.0182128
0.878	0.0177059
0.879	0.0171672
0.88	0.0165968
0.881	0.0159948
0.882	0.0153613
0.883	0.0146966
0.884	0.0140008
0.885	0.0132743
0.886	0.0125175
0.887	0.0117307
0.888	0.0109145
0.889	0.0100693
0.89	0.0091959
0.891	0.00829484
0.892	0.00736691
0.893	0.00641293
0.894	0.0054338
0.895	0.00443049
0.896	0.00340405
0.897	0.00235563
0.898	0.00128644
0.899	0.000197798
0.9	-0.000908892
0.901	-0.00203213
0.902	-0.00317033
0.903	-0.00432179
0.904	-0.00548472
0.905	-0.00665721
0.906	-0.00783724
0.907	-0.0090227
0.908	-0.0102113
0.909	-0.0114008
0.91	-0.0125886
0.911	-0.0137722
0.912	-0.0149487
0.913	-0.0161153
0.914	-0.0172691
0.915	-0.0184068
0.916	-0.0195252
0.917	-0.0206209
0.918	-0.0216902
0.919	-0.0227293
0.92	-0.0237345
0.921	-0.0247015
0.922	-0.0256263
0.923	-0.0265043
0.924	-0.0273309
0.925	-0.0281015
0.926	-0.0288109
0.927	-0.0294542
0.928	-0.0300259
0.929	-0.0305205
0.93	-0.0309322
0.931	-0.0312551
0.932	-0.031483
0.933	-0.0316096
0.934	-0.0316281
0.935	-0.0315318
0.936	-0.0313135
0.937	-0.030966
0.938	-0.0304817
0.939	-0.0298527
0.94	-0.0290709
0.941	-0.028128
0.942	-0.0270155
0.943	-0.0257243
0.944	-0.0242454
0.945	-0.0225693
0.946	-0.0206861
0.947	-0.0185859
0.948	-0.0162584
0.949	-0.0136927
0.95	-0.010878
0.951	-0.00780286
0.952	-0.0044557
0.953	-0.00082449
0.954	0.0031031
0.955	0.00733977
0.956	0.0118986
0.957	0.016793
0.958	0.0220367
0.959	0.0276441
0.96	0.0336295
0.961	0.0400082
0.962	0.0467953
0.963	0.0540068
0.964	0.0616588
0.965	0.0697681
0.966	0.0783517
0.967	0.0874271
0.968	0.0970125
0.969	0.107126
0.97	0.117787
0.971	0.129015
0.972	0.14083
0.973	0.153252
0.974	0.166301
0.975	0.180001
0.976	0.194372
0.977	0.209437
0.978	0.225219
0.979	0.241742
0.98	0.259031
0.981	0.277109
0.982	0.296003
0.983	0.315738
0.984	0.336341
0.985	0.357839
0.986	0.380261
0.987	0.403634
0.988	0.427988
0.989	0.453352
0.99	0.479758
0.991	0.507237
0.992	0.53582
0.993	0.56554
0.994	0.596431
0.995	0.628527
0.996	0.661862
0.997	0.696472
0.998	0.732395
0.999	0.769666
