# Interpolation data for function: (2*x-1)^40
0	1
0.001	0.923042
0.002	0.85187
0.003	0.786059
0.004	0.725215
0.005	0.668972
0.006	0.61699
0.007	0.568953
0.008	0.524571
0.009	0.48357
0.01	0.4457
0.011	0.410728
0.012	0.378436
0.013	0.348625
0.014	0.321108
0.015	0.295712
0.016	0.272279
0.017	0.25066
0.018	0.230718
0.019	0.212326
0.02	0.195366
0.021	0.17973
0.022	0.165316
0.023	0.152032
0.024	0.139791
0.025	0.128512
0.026	0.118123
0.027	0.108554
0.028	0.0997424
0.029	0.0916297
0.03	0.0841616
0.031	0.0772883
0.032	0.0709633
0.033	0.0651441
0.034	0.0597911
0.035	0.0548678
0.036	0.0503407
0.037	0.0461785
0.038	0.0423525
0.039	0.0388362
0.04	0.0356052
0.041	0.0326368
0.042	0.0299102
0.043	0.0274061
0.044	0.0251069
0.045	0.0229962
0.046	0.0210588
0.047	0.0192809
0.048	0.0176497
0.049	0.0161533
0.05	0.0147809
0.051	0.0135224
0.052	0.0123686
0.053	0.011311
0.054	0.0103418
0.055	0.00945367
0.056	0.0086401
0.057	0.00789494
0.058	0.00721258
0.059	0.00658785
0.06	0.00601599
0.061	0.00549263
0.062	0.00501377
0.063	0.0045757
0.064	0.00417503
0.065	0.00380864
0.066	0.00347367
0.067	0.00316749
0.068	0.00288768
0.069	0.00263203
0.07	0.00239849
0.071	0.0021852
0.072	0.00199045
0.073	0.00181265
0.074	0.00165038
0.075	0.0015023
0.076	0.00136721
0.077	0.00124398
0.078	0.00113161
0.079	0.00102916
0.08	0.000935775
0.081	0.000850669
0.082	0.000773127
0.083	0.000702493
0.084	0.000638165
0.085	0.000579594
0.086	0.000526276
0.087	0.000477751
0.088	0.000433599
0.089	0.000393435
0.09	0.000356906
0.091	0.000323692
0.092	0.000293499
0.093	0.000266058
0.094	0.000241124
0.095	0.000218475
0.096	0.000197904
0.097	0.000179226
0.098	0.000162271
0.099	0.000146884
0.1	0.000132923
0.101	0.000120258
0.102	0.000108773
0.103	9.83604e-05
0.104	8.89216e-05
0.105	8.03681e-05
0.106	7.26187e-05
0.107	6.55997e-05
0.108	5.92437e-05
0.109	5.34897e-05
0.11	4.82819e-05
0.111	4.35696e-05
0.112	3.93069e-05
0.113	3.54518e-05
0.114	3.19663e-05
0.115	2.88157e-05
0.116	2.59686e-05
0.117	2.33965e-05
0.118	2.10734e-05
0.119	1.89757e-05
0.12	1.70822e-05
0.121	1.53733e-05
0.122	1.38316e-05
0.123	1.2441e-05
0.124	1.1187e-05
0.125	1.00566e-05
0.126	9.03782e-06
0.127	8.11995e-06
0.128	7.29319e-06
0.129	6.54872e-06
0.13	5.87853e-06
0.131	5.27539e-06
0.132	4.73274e-06
0.133	4.24465e-06
0.134	3.80578e-06
0.135	3.41126e-06
0.136	3.05672e-06
0.137	2.7382e-06
0.138	2.45213e-06
0.139	2.19527e-06
0.14	1.96472e-06
0.141	1.75783e-06
0.142	1.57225e-06
0.143	1.40582e-06
0.144	1.25661e-06
0.145	1.12288e-06
0.146	1.00307e-06
0.147	8.95753e-07
0.148	7.99662e-07
0.149	7.13649e-07
0.15	6.36681e-07
0.151	5.67828e-07
0.152	5.06255e-07
0.153	4.5121e-07
0.154	4.02016e-07
0.155	3.58066e-07
0.156	3.18814e-07
0.157	2.83769e-07
0.158	2.5249e-07
0.159	2.24582e-07
0.16	1.9969e-07
0.161	1.77496e-07
0.162	1.57713e-07
0.163	1.40086e-07
0.164	1.24386e-07
0.165	1.10406e-07
0.166	9.79622e-08
0.167	8.68899e-08
0.168	7.70412e-08
0.169	6.82841e-08
0.17	6.05003e-08
0.171	5.35841e-08
0.172	4.7441e-08
0.173	4.19865e-08
0.174	3.71453e-08
0.175	3.28499e-08
0.176	2.90402e-08
0.177	2.56626e-08
0.178	2.26691e-08
0.179	2.00171e-08
0.18	1.76685e-08
0.181	1.55893e-08
0.182	1.37494e-08
0.183	1.21219e-08
0.184	1.06828e-08
0.185	9.4107e-09
0.186	8.28678e-09
0.187	7.29413e-09
0.188	6.41776e-09
0.189	5.64437e-09
0.19	4.96212e-09
0.191	4.36052e-09
0.192	3.83026e-09
0.193	3.36306e-09
0.194	2.95159e-09
0.195	2.58936e-09
0.196	2.27061e-09
0.197	1.99023e-09
0.198	1.74372e-09
0.199	1.52707e-09
0.2	1.33674e-09
0.201	1.16962e-09
0.202	1.02294e-09
0.203	8.94243e-10
0.204	7.81387e-10
0.205	6.82461e-10
0.206	5.95786e-10
0.207	5.19879e-10
0.208	4.53431e-10
0.209	3.95291e-10
0.21	3.44443e-10
0.211	2.99994e-10
0.212	2.61155e-10
0.213	2.27235e-10
0.214	1.97625e-10
0.215	1.7179e-10
0.216	1.49258e-10
0.217	1.29618e-10
0.218	1.12506e-10
0.219	9.76036e-11
0.22	8.46327e-11
0.221	7.33483e-11
0.222	6.35359e-11
0.223	5.50078e-11
0.224	4.75996e-11
0.225	4.11676e-11
0.226	3.5586e-11
0.227	3.07448e-11
0.228	2.65481e-11
0.229	2.29118e-11
0.23	1.97629e-11
0.231	1.70374e-11
0.232	1.46797e-11
0.233	1.26412e-11
0.234	1.08796e-11
0.235	9.35818e-12
0.236	8.04489e-12
0.237	6.91188e-12
0.238	5.93494e-12
0.239	5.093e-12
0.24	4.36789e-12
0.241	3.74366e-12
0.242	3.20664e-12
0.243	2.74488e-12
0.244	2.34809e-12
0.245	2.00728e-12
0.246	1.71478e-12
0.247	1.46384e-12
0.248	1.24872e-12
0.249	1.06439e-12
0.25	9.06593e-13
0.251	7.71541e-13
0.252	6.56061e-13
0.253	5.5738e-13
0.254	4.73117e-13
0.255	4.01217e-13
0.256	3.39918e-13
0.257	2.87687e-13
0.258	2.43215e-13
0.259	2.05439e-13
0.26	1.73329e-13
0.261	1.46085e-13
0.262	1.22984e-13
0.263	1.03452e-13
0.264	8.69426e-14
0.265	7.30076e-14
0.266	6.12752e-14
0.267	5.14252e-14
0.268	4.31579e-14
0.269	3.62281e-14
0.27	3.04662e-14
0.271	2.57021e-14
0.272	2.1732e-14
0.273	1.8454e-14
0.274	1.5755e-14
0.275	1.35751e-14
0.276	1.17722e-14
0.277	1.03319e-14
0.278	9.19162e-15
0.279	8.28174e-15
0.28	7.56109e-15
0.281	6.98343e-15
0.282	6.52421e-15
0.283	6.19231e-15
0.284	5.91743e-15
0.285	5.70688e-15
0.286	5.52229e-15
0.287	5.38323e-15
0.288	5.2424e-15
0.289	5.12694e-15
0.29	4.99909e-15
0.291	4.85474e-15
0.292	4.70079e-15
0.293	4.55666e-15
0.294	4.35227e-15
0.295	4.15429e-15
0.296	3.92374e-15
0.297	3.68122e-15
0.298	3.41349e-15
0.299	3.13636e-15
0.3	2.81777e-15
0.301	2.48365e-15
0.302	2.13453e-15
0.303	1.7818e-15
0.304	1.40979e-15
0.305	1.0425e-15
0.306	6.59412e-16
0.307	2.71775e-16
0.308	-1.08864e-16
0.309	-4.89918e-16
0.31	-8.72461e-16
0.311	-1.24496e-15
0.312	-1.57103e-15
0.313	-1.92125e-15
0.314	-2.23082e-15
0.315	-2.52486e-15
0.316	-2.79573e-15
0.317	-3.03598e-15
0.318	-3.26049e-15
0.319	-3.44794e-15
0.32	-3.60605e-15
0.321	-3.72646e-15
0.322	-3.82201e-15
0.323	-3.87652e-15
0.324	-3.90552e-15
0.325	-3.89616e-15
0.326	-3.85599e-15
0.327	-3.78567e-15
0.328	-3.6807e-15
0.329	-3.53583e-15
0.33	-3.36874e-15
0.331	-3.18026e-15
0.332	-2.97567e-15
0.333	-2.70438e-15
0.334	-2.43677e-15
0.335	-2.14334e-15
0.336	-1.83889e-15
0.337	-1.53507e-15
0.338	-1.19651e-15
0.339	-8.49312e-16
0.34	-5.02838e-16
0.341	-1.49034e-16
0.342	2.00002e-16
0.343	5.48629e-16
0.344	8.75281e-16
0.345	1.21591e-15
0.346	1.54086e-15
0.347	1.84976e-15
0.348	2.14373e-15
0.349	2.41682e-15
0.35	2.67119e-15
0.351	2.90402e-15
0.352	3.10968e-15
0.353	3.28627e-15
0.354	3.44719e-15
0.355	3.55156e-15
0.356	3.6581e-15
0.357	3.72054e-15
0.358	3.76033e-15
0.359	3.75534e-15
0.36	3.74221e-15
0.361	3.67362e-15
0.362	3.5846e-15
0.363	3.46958e-15
0.364	3.32524e-15
0.365	3.14454e-15
0.366	2.951e-15
0.367	2.73348e-15
0.368	2.48709e-15
0.369	2.24348e-15
0.37	1.95657e-15
0.371	1.66865e-15
0.372	1.36008e-15
0.373	1.05113e-15
0.374	7.16032e-16
0.375	3.92909e-16
0.376	6.34451e-17
0.377	-2.67128e-16
0.378	-5.81515e-16
0.379	-9.06523e-16
0.38	-1.22614e-15
0.381	-1.52163e-15
0.382	-1.81441e-15
0.383	-2.09107e-15
0.384	-2.33547e-15
0.385	-2.56574e-15
0.386	-2.78324e-15
0.387	-2.97169e-15
0.388	-3.15359e-15
0.389	-3.29899e-15
0.39	-3.40757e-15
0.391	-3.49383e-15
0.392	-3.56445e-15
0.393	-3.59906e-15
0.394	-3.59492e-15
0.395	-3.57901e-15
0.396	-3.52449e-15
0.397	-3.44692e-15
0.398	-3.32317e-15
0.399	-3.1907e-15
0.4	-3.02602e-15
0.401	-2.85148e-15
0.402	-2.65038e-15
0.403	-2.41485e-15
0.404	-2.17367e-15
0.405	-1.918e-15
0.406	-1.64891e-15
0.407	-1.36167e-15
0.408	-1.05731e-15
0.409	-7.40791e-16
0.41	-4.46144e-16
0.411	-1.33377e-16
0.412	1.92214e-16
0.413	5.09339e-16
0.414	8.12e-16
0.415	1.11542e-15
0.416	1.39731e-15
0.417	1.69486e-15
0.418	1.961e-15
0.419	2.21285e-15
0.42	2.45316e-15
0.421	2.66852e-15
0.422	2.86492e-15
0.423	3.03882e-15
0.424	3.1757e-15
0.425	3.3037e-15
0.426	3.41017e-15
0.427	3.47325e-15
0.428	3.52842e-15
0.429	3.54639e-15
0.43	3.54767e-15
0.431	3.51513e-15
0.432	3.44454e-15
0.433	3.36512e-15
0.434	3.25492e-15
0.435	3.11441e-15
0.436	2.95699e-15
0.437	2.78011e-15
0.438	2.57625e-15
0.439	2.35169e-15
0.44	2.11758e-15
0.441	1.85618e-15
0.442	1.58504e-15
0.443	1.31299e-15
0.444	1.0234e-15
0.445	7.29823e-16
0.446	4.15534e-16
0.447	1.1225e-16
0.448	-1.82983e-16
0.449	-4.85591e-16
0.45	-7.8801e-16
0.451	-1.07977e-15
0.452	-1.35626e-15
0.453	-1.61987e-15
0.454	-1.88511e-15
0.455	-2.12346e-15
0.456	-2.35616e-15
0.457	-2.56446e-15
0.458	-2.74788e-15
0.459	-2.91682e-15
0.46	-3.05675e-15
0.461	-3.18732e-15
0.462	-3.27375e-15
0.463	-3.36382e-15
0.464	-3.38916e-15
0.465	-3.41617e-15
0.466	-3.4136e-15
0.467	-3.35643e-15
0.468	-3.31496e-15
0.469	-3.22721e-15
0.47	-3.11694e-15
0.471	-2.98895e-15
0.472	-2.83046e-15
0.473	-2.64247e-15
0.474	-2.45328e-15
0.475	-2.24165e-15
0.476	-2.01443e-15
0.477	-1.7586e-15
0.478	-1.50658e-15
0.479	-1.2266e-15
0.48	-9.60799e-16
0.481	-6.7048e-16
0.482	-3.65091e-16
0.483	-6.27543e-17
0.484	2.38139e-16
0.485	5.32773e-16
0.486	8.25368e-16
0.487	1.11002e-15
0.488	1.39905e-15
0.489	1.65416e-15
0.49	1.89535e-15
0.491	2.16818e-15
0.492	2.35704e-15
0.493	2.57107e-15
0.494	2.76709e-15
0.495	2.92145e-15
0.496	3.0994e-15
0.497	3.21143e-15
0.498	3.27184e-15
0.499	3.37702e-15
0.5	3.41066e-15
0.501	3.44034e-15
0.502	3.431e-15
0.503	3.40899e-15
0.504	3.34867e-15
0.505	3.27987e-15
0.506	3.18443e-15
0.507	3.04467e-15
0.508	2.87781e-15
0.509	2.69929e-15
0.51	2.52918e-15
0.511	2.329e-15
0.512	2.08132e-15
0.513	1.85746e-15
0.514	1.5991e-15
0.515	1.33102e-15
0.516	1.05125e-15
0.517	7.4737e-16
0.518	4.66851e-16
0.519	1.76925e-16
0.52	-1.30077e-16
0.521	-4.10853e-16
0.522	-7.02036e-16
0.523	-9.85924e-16
0.524	-1.25927e-15
0.525	-1.53698e-15
0.526	-1.78234e-15
0.527	-2.02683e-15
0.528	-2.25727e-15
0.529	-2.47982e-15
0.53	-2.65351e-15
0.531	-2.82314e-15
0.532	-2.96039e-15
0.533	-3.09429e-15
0.534	-3.20579e-15
0.535	-3.27702e-15
0.536	-3.31435e-15
0.537	-3.36532e-15
0.538	-3.35737e-15
0.539	-3.3395e-15
0.54	-3.2828e-15
0.541	-3.20681e-15
0.542	-3.09977e-15
0.543	-2.98404e-15
0.544	-2.83905e-15
0.545	-2.65638e-15
0.546	-2.47385e-15
0.547	-2.25937e-15
0.548	-2.0351e-15
0.549	-1.79239e-15
0.55	-1.56157e-15
0.551	-1.28234e-15
0.552	-1.00028e-15
0.553	-7.13225e-16
0.554	-4.17353e-16
0.555	-1.2636e-16
0.556	1.5533e-16
0.557	4.49723e-16
0.558	7.55827e-16
0.559	1.02526e-15
0.56	1.31517e-15
0.561	1.57546e-15
0.562	1.84268e-15
0.563	2.07746e-15
0.564	2.30831e-15
0.565	2.5214e-15
0.566	2.69836e-15
0.567	2.88874e-15
0.568	3.02758e-15
0.569	3.14238e-15
0.57	3.24544e-15
0.571	3.33009e-15
0.572	3.39502e-15
0.573	3.41073e-15
0.574	3.40478e-15
0.575	3.37344e-15
0.576	3.32141e-15
0.577	3.23395e-15
0.578	3.12964e-15
0.579	3.01573e-15
0.58	2.85177e-15
0.581	2.67949e-15
0.582	2.49314e-15
0.583	2.28017e-15
0.584	2.05188e-15
0.585	1.80654e-15
0.586	1.53171e-15
0.587	1.26956e-15
0.588	9.85828e-16
0.589	6.86772e-16
0.59	3.85795e-16
0.591	9.38664e-17
0.592	-2.17208e-16
0.593	-5.19093e-16
0.594	-8.10913e-16
0.595	-1.10026e-15
0.596	-1.37374e-15
0.597	-1.64621e-15
0.598	-1.88612e-15
0.599	-2.14431e-15
0.6	-2.36566e-15
0.601	-2.57043e-15
0.602	-2.76673e-15
0.603	-2.92675e-15
0.604	-3.06751e-15
0.605	-3.18944e-15
0.606	-3.27644e-15
0.607	-3.34453e-15
0.608	-3.39428e-15
0.609	-3.39594e-15
0.61	-3.3839e-15
0.611	-3.33978e-15
0.612	-3.27227e-15
0.613	-3.19137e-15
0.614	-3.05585e-15
0.615	-2.92266e-15
0.616	-2.7466e-15
0.617	-2.5612e-15
0.618	-2.34235e-15
0.619	-2.1017e-15
0.62	-1.86159e-15
0.621	-1.59424e-15
0.622	-1.32723e-15
0.623	-1.02744e-15
0.624	-7.32038e-16
0.625	-4.31293e-16
0.626	-1.33926e-16
0.627	1.87599e-16
0.628	4.867e-16
0.629	7.95854e-16
0.63	1.10582e-15
0.631	1.39931e-15
0.632	1.66627e-15
0.633	1.94109e-15
0.634	2.18055e-15
0.635	2.4165e-15
0.636	2.63319e-15
0.637	2.83823e-15
0.638	3.00682e-15
0.639	3.15662e-15
0.64	3.2744e-15
0.641	3.3779e-15
0.642	3.44215e-15
0.643	3.46974e-15
0.644	3.487e-15
0.645	3.48135e-15
0.646	3.42608e-15
0.647	3.35671e-15
0.648	3.24604e-15
0.649	3.1288e-15
0.65	2.96287e-15
0.651	2.78315e-15
0.652	2.57682e-15
0.653	2.34358e-15
0.654	2.11029e-15
0.655	1.8444e-15
0.656	1.56322e-15
0.657	1.26387e-15
0.658	9.58742e-16
0.659	6.36098e-16
0.66	3.16061e-16
0.661	-6.31024e-18
0.662	-3.31043e-16
0.663	-6.45894e-16
0.664	-9.70759e-16
0.665	-1.28046e-15
0.666	-1.5884e-15
0.667	-1.88738e-15
0.668	-2.15874e-15
0.669	-2.40795e-15
0.67	-2.63523e-15
0.671	-2.86528e-15
0.672	-3.05466e-15
0.673	-3.22136e-15
0.674	-3.35615e-15
0.675	-3.46709e-15
0.676	-3.54286e-15
0.677	-3.59116e-15
0.678	-3.60937e-15
0.679	-3.59594e-15
0.68	-3.55607e-15
0.681	-3.48619e-15
0.682	-3.38254e-15
0.683	-3.22603e-15
0.684	-3.07637e-15
0.685	-2.87723e-15
0.686	-2.67105e-15
0.687	-2.43681e-15
0.688	-2.1693e-15
0.689	-1.88784e-15
0.69	-1.58219e-15
0.691	-1.25947e-15
0.692	-9.32839e-16
0.693	-5.97758e-16
0.694	-2.5824e-16
0.695	1.11767e-16
0.696	4.58885e-16
0.697	8.18848e-16
0.698	1.15568e-15
0.699	1.52388e-15
0.7	1.84312e-15
0.701	2.17796e-15
0.702	2.49594e-15
0.703	2.80459e-15
0.704	3.09601e-15
0.705	3.37034e-15
0.706	3.61177e-15
0.707	3.85596e-15
0.708	4.09714e-15
0.709	4.3155e-15
0.71	4.53066e-15
0.711	4.73906e-15
0.712	4.95432e-15
0.713	5.1535e-15
0.714	5.39306e-15
0.715	5.66063e-15
0.716	5.97445e-15
0.717	6.32936e-15
0.718	6.77162e-15
0.719	7.29687e-15
0.72	7.95772e-15
0.721	8.75498e-15
0.722	9.75766e-15
0.723	1.09864e-14
0.724	1.24908e-14
0.725	1.43262e-14
0.726	1.65809e-14
0.727	1.92991e-14
0.728	2.26147e-14
0.729	2.66081e-14
0.73	3.14141e-14
0.731	3.72034e-14
0.732	4.41114e-14
0.733	5.23796e-14
0.734	6.22186e-14
0.735	7.39337e-14
0.736	8.78337e-14
0.737	1.04306e-13
0.738	1.23776e-13
0.739	1.46825e-13
0.74	1.73996e-13
0.741	2.06056e-13
0.742	2.43752e-13
0.743	2.8813e-13
0.744	3.40261e-13
0.745	4.01483e-13
0.746	4.73305e-13
0.747	5.5747e-13
0.748	6.56053e-13
0.749	7.71424e-13
0.75	9.06377e-13
0.751	1.06408e-12
0.752	1.24832e-12
0.753	1.46335e-12
0.754	1.71419e-12
0.755	2.00664e-12
0.756	2.34734e-12
0.757	2.74409e-12
0.758	3.20576e-12
0.759	3.74274e-12
0.76	4.36691e-12
0.761	5.09199e-12
0.762	5.93389e-12
0.763	6.91082e-12
0.764	8.04384e-12
0.765	9.35713e-12
0.766	1.08786e-11
0.767	1.26402e-11
0.768	1.46787e-11
0.769	1.70365e-11
0.77	1.9762e-11
0.771	2.2911e-11
0.772	2.65473e-11
0.773	3.07442e-11
0.774	3.55855e-11
0.775	4.11672e-11
0.776	4.75993e-11
0.777	5.50075e-11
0.778	6.35357e-11
0.779	7.33482e-11
0.78	8.46328e-11
0.781	9.76038e-11
0.782	1.12506e-10
0.783	1.29618e-10
0.784	1.49259e-10
0.785	1.7179e-10
0.786	1.97626e-10
0.787	2.27236e-10
0.788	2.61156e-10
0.789	2.99995e-10
0.79	3.44444e-10
0.791	3.95292e-10
0.792	4.53432e-10
0.793	5.1988e-10
0.794	5.95788e-10
0.795	6.82463e-10
0.796	7.81388e-10
0.797	8.94244e-10
0.798	1.02294e-09
0.799	1.16962e-09
0.8	1.33675e-09
0.801	1.52707e-09
0.802	1.74372e-09
0.803	1.99023e-09
0.804	2.27061e-09
0.805	2.58936e-09
0.806	2.95159e-09
0.807	3.36306e-09
0.808	3.83026e-09
0.809	4.36052e-09
0.81	4.96212e-09
0.811	5.64437e-09
0.812	6.41776e-09
0.813	7.29412e-09
0.814	8.28678e-09
0.815	9.4107e-09
0.816	1.06828e-08
0.817	1.21219e-08
0.818	1.37494e-08
0.819	1.55893e-08
0.82	1.76685e-08
0.821	2.00171e-08
0.822	2.26691e-08
0.823	2.56626e-08
0.824	2.90402e-08
0.825	3.28499e-08
0.826	3.71453e-08
0.827	4.19865e-08
0.828	4.7441e-08
0.829	5.35841e-08
0.83	6.05003e-08
0.831	6.82841e-08
0.832	7.70412e-08
0.833	8.68899e-08
0.834	9.79622e-08
0.835	1.10406e-07
0.836	1.24386e-07
0.837	1.40086e-07
0.838	1.57713e-07
0.839	1.77496e-07
0.84	1.9969e-07
0.841	2.24582e-07
0.842	2.5249e-07
0.843	2.83769e-07
0.844	3.18814e-07
0.845	3.58066e-07
0.846	4.02016e-07
0.847	4.5121e-07
0.848	5.06255e-07
0.849	5.67828e-07
0.85	6.36681e-07
0.851	7.13649e-07
0.852	7.99662e-07
0.853	8.95753e-07
0.854	1.00307e-06
0.855	1.12288e-06
0.856	1.25661e-06
0.857	1.40582e-06
0.858	1.57225e-06
0.859	1.75783e-06
0.86	1.96472e-06
0.861	2.19527e-06
0.862	2.45213e-06
0.863	2.7382e-06
0.864	3.05672e-06
0.865	3.41126e-06
0.866	3.80578e-06
0.867	4.24465e-06
0.868	4.73274e-06
0.869	5.27539e-06
0.87	5.87853e-06
0.871	6.54872e-06
0.872	7.29319e-06
0.873	8.11995e-06
0.874	9.03782e-06
0.875	1.00566e-05
0.876	1.1187e-05
0.877	1.2441e-05
0.878	1.38316e-05
0.879	1.53733e-05
0.88	1.70822e-05
0.881	1.89757e-05
0.882	2.10734e-05
0.883	2.33965e-05
0.884	2.59686e-05
0.885	2.88157e-05
0.886	3.19663e-05
0.887	3.54518e-05
0.888	3.93069e-05
0.889	4.35696e-05
0.89	4.82819e-05
0.891	5.34897e-05
0.892	5.92437e-05
0.893	6.55997e-05
0.894	7.26187e-05
0.895	8.03681e-05
0.896	8.89216e-05
0.897	9.83604e-05
0.898	0.000108773
0.899	0.000120258
0.9	0.000132923
0.901	0.000146884
0.902	0.000162271
0.903	0.000179226
0.904	0.000197904
0.905	0.000218475
0.906	0.000241124
0.907	0.000266058
0.908	0.000293499
0.909	0.000323692
0.91	0.000356906
0.911	0.000393435
0.912	0.000433599
0.913	0.000477751
0.914	0.000526276
0.915	0.000579594
0.916	0.000638165
0.917	0.000702493
0.918	0.000773127
0.919	0.000850669
0.92	0.000935775
0.921	0.00102916
0.922	0.00113161
0.923	0.00124398
0.924	0.00136721
0.925	0.0015023
0.926	0.00165038
0.927	0.00181265
0.928	0.00199045
0.929	0.0021852
0.93	0.00239849
0.931	0.00263203
0.932	0.00288768
0.933	0.00316749
0.934	0.00347367
0.935	0.00380864
0.936	0.00417503
0.937	0.0045757
0.938	0.00501377
0.939	0.00549263
0.94	0.00601599
0.941	0.00658785
0.942	0.00721258
0.943	0.00789494
0.944	0.0086401
0.945	0.00945367
0.946	0.0103418
0.947	0.011311
0.948	0.0123686
0.949	0.0135224
0.95	0.0147809
0.951	0.0161533
0.952	0.0176497
0.953	0.0192809
0.954	0.0210588
0.955	0.0229962
0.956	0.0251069
0.957	0.0274061
0.958	0.0299102
0.959	0.0326368
0.96	0.0356052
0.961	0.0388362
0.962	0.0423525
0.963	0.0461785
0.964	0.0503407
0.965	0.0548678
0.966	0.0597911
0.967	0.0651441
0.968	0.0709633
0.969	0.0772883
0.97	0.0841616
0.971	0.0916297
0.972	0.0997424
0.973	0.108554
0.974	0.118123
0.975	0.128512
0.976	0.139791
0.977	0.152032
0.978	0.165316
0.979	0.17973
0.98	0.195366
0.981	0.212326
0.982	0.230718
0.983	0.25066
0.984	0.272279
0.985	0.295712
0.986	0.321108
0.987	0.348625
0.988	0.378436
0.989	0.410728
0.99	0.4457
0.991	0.48357
0.992	0.524571
0.993	0.568953
0.994	0.61699
0.995	0.668972
0.996	0.725215
0.997	0.786059
0.998	0.85187
0.999	0.923042
