# Interpolation data for function: (2*x-1)^40
0	0.999999
0.001	0.923042
0.002	0.851871
0.003	0.78606
0.004	0.725216
0.005	0.668972
0.006	0.61699
0.007	0.568953
0.008	0.52457
0.009	0.48357
0.01	0.4457
0.011	0.410728
0.012	0.378436
0.013	0.348625
0.014	0.321107
0.015	0.295712
0.016	0.272279
0.017	0.25066
0.018	0.230718
0.019	0.212326
0.02	0.195366
0.021	0.17973
0.022	0.165317
0.023	0.152032
0.024	0.139791
0.025	0.128512
0.026	0.118123
0.027	0.108554
0.028	0.0997425
0.029	0.0916298
0.03	0.0841617
0.031	0.0772883
0.032	0.0709633
0.033	0.0651441
0.034	0.059791
0.035	0.0548678
0.036	0.0503406
0.037	0.0461783
0.038	0.0423523
0.039	0.038836
0.04	0.035605
0.041	0.0326366
0.042	0.02991
0.043	0.027406
0.044	0.0251068
0.045	0.022996
0.046	0.0210587
0.047	0.0192808
0.048	0.0176496
0.049	0.0161533
0.05	0.0147809
0.051	0.0135224
0.052	0.0123686
0.053	0.011311
0.054	0.0103418
0.055	0.00945376
0.056	0.00864021
0.057	0.00789507
0.058	0.00721272
0.059	0.006588
0.06	0.00601615
0.061	0.0054928
0.062	0.00501394
0.063	0.00457586
0.064	0.00417519
0.065	0.0038088
0.066	0.00347382
0.067	0.00316763
0.068	0.0028878
0.069	0.00263213
0.07	0.00239858
0.071	0.00218527
0.072	0.0019905
0.073	0.00181268
0.074	0.00165039
0.075	0.00150229
0.076	0.00136718
0.077	0.00124394
0.078	0.00113155
0.079	0.00102908
0.08	0.000935678
0.081	0.000850558
0.082	0.000773005
0.083	0.00070236
0.084	0.000638024
0.085	0.000579447
0.086	0.000526125
0.087	0.000477599
0.088	0.000433447
0.089	0.000393285
0.09	0.00035676
0.091	0.000323552
0.092	0.000293367
0.093	0.000265935
0.094	0.000241012
0.095	0.000218374
0.096	0.000197817
0.097	0.000179153
0.098	0.000162213
0.099	0.000146841
0.1	0.000132895
0.101	0.000120247
0.102	0.000108777
0.103	9.83797e-05
0.104	8.89561e-05
0.105	8.04173e-05
0.106	7.26819e-05
0.107	6.56759e-05
0.108	5.93321e-05
0.109	5.35891e-05
0.11	4.83912e-05
0.111	4.36875e-05
0.112	3.94321e-05
0.113	3.55829e-05
0.114	3.21018e-05
0.115	2.89542e-05
0.116	2.61086e-05
0.117	2.35366e-05
0.118	2.12122e-05
0.119	1.91118e-05
0.12	1.72142e-05
0.121	1.54999e-05
0.122	1.39516e-05
0.123	1.25533e-05
0.124	1.12906e-05
0.125	1.01506e-05
0.126	9.12132e-06
0.127	8.19225e-06
0.128	7.3537e-06
0.129	6.59697e-06
0.13	5.91416e-06
0.131	5.29817e-06
0.132	4.74256e-06
0.133	4.24153e-06
0.134	3.78983e-06
0.135	3.38273e-06
0.136	3.01596e-06
0.137	2.68567e-06
0.138	2.38838e-06
0.139	2.12095e-06
0.14	1.88056e-06
0.141	1.66464e-06
0.142	1.4709e-06
0.143	1.29724e-06
0.144	1.14178e-06
0.145	1.00284e-06
0.146	8.78855e-07
0.147	7.68449e-07
0.148	6.70356e-07
0.149	5.83431e-07
0.15	5.06638e-07
0.151	4.3903e-07
0.152	3.7975e-07
0.153	3.28013e-07
0.154	2.83106e-07
0.155	2.44373e-07
0.156	2.11215e-07
0.157	1.83084e-07
0.158	1.59475e-07
0.159	1.39922e-07
0.16	1.23998e-07
0.161	1.11307e-07
0.162	1.01483e-07
0.163	9.41883e-08
0.164	8.911e-08
0.165	8.59579e-08
0.166	8.44631e-08
0.167	8.43763e-08
0.168	8.54666e-08
0.169	8.75205e-08
0.17	9.03403e-08
0.171	9.37438e-08
0.172	9.75632e-08
0.173	1.01644e-07
0.174	1.05847e-07
0.175	1.10042e-07
0.176	1.14113e-07
0.177	1.17957e-07
0.178	1.2148e-07
0.179	1.24599e-07
0.18	1.27244e-07
0.181	1.29351e-07
0.182	1.3087e-07
0.183	1.31758e-07
0.184	1.31981e-07
0.185	1.31515e-07
0.186	1.30343e-07
0.187	1.28457e-07
0.188	1.25856e-07
0.189	1.22546e-07
0.19	1.1854e-07
0.191	1.13858e-07
0.192	1.08525e-07
0.193	1.02572e-07
0.194	9.60331e-08
0.195	8.89502e-08
0.196	8.13671e-08
0.197	7.33319e-08
0.198	6.48955e-08
0.199	5.61117e-08
0.2	4.70366e-08
0.201	3.77279e-08
0.202	2.82444e-08
0.203	1.86461e-08
0.204	8.9932e-09
0.205	-6.54253e-10
0.206	-1.02365e-08
0.207	-1.96948e-08
0.208	-2.89716e-08
0.209	-3.8011e-08
0.21	-4.67589e-08
0.211	-5.51638e-08
0.212	-6.31767e-08
0.213	-7.07513e-08
0.214	-7.78447e-08
0.215	-8.44173e-08
0.216	-9.0433e-08
0.217	-9.58595e-08
0.218	-1.00668e-07
0.219	-1.04835e-07
0.22	-1.0834e-07
0.221	-1.11167e-07
0.222	-1.13303e-07
0.223	-1.14742e-07
0.224	-1.1548e-07
0.225	-1.15518e-07
0.226	-1.14861e-07
0.227	-1.13519e-07
0.228	-1.11503e-07
0.229	-1.08832e-07
0.23	-1.05526e-07
0.231	-1.01608e-07
0.232	-9.71064e-08
0.233	-9.20517e-08
0.234	-8.64772e-08
0.235	-8.0419e-08
0.236	-7.39157e-08
0.237	-6.7008e-08
0.238	-5.97386e-08
0.239	-5.21517e-08
0.24	-4.42933e-08
0.241	-3.62099e-08
0.242	-2.79493e-08
0.243	-1.95597e-08
0.244	-1.10896e-08
0.245	-2.5874e-09
0.246	5.89866e-09
0.247	1.43209e-08
0.248	2.26325e-08
0.249	3.07876e-08
0.25	3.87416e-08
0.251	4.64516e-08
0.252	5.38761e-08
0.253	6.09759e-08
0.254	6.77138e-08
0.255	7.40548e-08
0.256	7.99665e-08
0.257	8.54191e-08
0.258	9.03855e-08
0.259	9.48416e-08
0.26	9.87661e-08
0.261	1.02141e-07
0.262	1.04951e-07
0.263	1.07184e-07
0.264	1.08832e-07
0.265	1.09889e-07
0.266	1.10352e-07
0.267	1.10224e-07
0.268	1.09507e-07
0.269	1.08208e-07
0.27	1.06339e-07
0.271	1.03911e-07
0.272	1.00942e-07
0.273	9.74481e-08
0.274	9.3452e-08
0.275	8.89772e-08
0.276	8.40494e-08
0.277	7.86968e-08
0.278	7.29495e-08
0.279	6.68394e-08
0.28	6.04001e-08
0.281	5.36665e-08
0.282	4.66749e-08
0.283	3.94627e-08
0.284	3.20679e-08
0.285	2.45295e-08
0.286	1.68866e-08
0.287	9.17883e-09
0.288	1.44577e-09
0.289	-6.27318e-09
0.29	-1.39389e-08
0.291	-2.15129e-08
0.292	-2.89574e-08
0.293	-3.62353e-08
0.294	-4.3311e-08
0.295	-5.01498e-08
0.296	-5.67187e-08
0.297	-6.29859e-08
0.298	-6.89216e-08
0.299	-7.44978e-08
0.3	-7.96884e-08
0.301	-8.44694e-08
0.302	-8.8819e-08
0.303	-9.27175e-08
0.304	-9.61478e-08
0.305	-9.9095e-08
0.306	-1.01547e-07
0.307	-1.03493e-07
0.308	-1.04927e-07
0.309	-1.05843e-07
0.31	-1.0624e-07
0.311	-1.06117e-07
0.312	-1.05478e-07
0.313	-1.04327e-07
0.314	-1.02672e-07
0.315	-1.00524e-07
0.316	-9.78943e-08
0.317	-9.4798e-08
0.318	-9.12519e-08
0.319	-8.72747e-08
0.32	-8.28872e-08
0.321	-7.81121e-08
0.322	-7.29736e-08
0.323	-6.74977e-08
0.324	-6.17117e-08
0.325	-5.56444e-08
0.326	-4.93256e-08
0.327	-4.27862e-08
0.328	-3.60579e-08
0.329	-2.91733e-08
0.33	-2.21653e-08
0.331	-1.50675e-08
0.332	-7.91346e-09
0.333	-7.37006e-10
0.334	6.42816e-09
0.335	1.35486e-08
0.336	2.05911e-08
0.337	2.75232e-08
0.338	3.43129e-08
0.339	4.09292e-08
0.34	4.73419e-08
0.341	5.3522e-08
0.342	5.94417e-08
0.343	6.50745e-08
0.344	7.03953e-08
0.345	7.53806e-08
0.346	8.00086e-08
0.347	8.42592e-08
0.348	8.81141e-08
0.349	9.15568e-08
0.35	9.4573e-08
0.351	9.71502e-08
0.352	9.92779e-08
0.353	1.00948e-07
0.354	1.02154e-07
0.355	1.02892e-07
0.356	1.03161e-07
0.357	1.02959e-07
0.358	1.0229e-07
0.359	1.01159e-07
0.36	9.95706e-08
0.361	9.75345e-08
0.362	9.50609e-08
0.363	9.21621e-08
0.364	8.88526e-08
0.365	8.51483e-08
0.366	8.10668e-08
0.367	7.66277e-08
0.368	7.18516e-08
0.369	6.6761e-08
0.37	6.13793e-08
0.371	5.57314e-08
0.372	4.98432e-08
0.373	4.37414e-08
0.374	3.74539e-08
0.375	3.10089e-08
0.376	2.44355e-08
0.377	1.77632e-08
0.378	1.10217e-08
0.379	4.24102e-09
0.38	-2.5488e-09
0.381	-9.31776e-09
0.382	-1.60361e-08
0.383	-2.26743e-08
0.384	-2.92034e-08
0.385	-3.55949e-08
0.386	-4.18212e-08
0.387	-4.78552e-08
0.388	-5.3671e-08
0.389	-5.92437e-08
0.39	-6.45493e-08
0.391	-6.95653e-08
0.392	-7.42705e-08
0.393	-7.8645e-08
0.394	-8.26705e-08
0.395	-8.63302e-08
0.396	-8.96089e-08
0.397	-9.24933e-08
0.398	-9.49716e-08
0.399	-9.70338e-08
0.4	-9.8672e-08
0.401	-9.98799e-08
0.402	-1.00653e-07
0.403	-1.00989e-07
0.404	-1.00887e-07
0.405	-1.00349e-07
0.406	-9.93773e-08
0.407	-9.79773e-08
0.408	-9.61558e-08
0.409	-9.39215e-08
0.41	-9.12847e-08
0.411	-8.82573e-08
0.412	-8.48532e-08
0.413	-8.10876e-08
0.414	-7.69773e-08
0.415	-7.25404e-08
0.416	-6.77966e-08
0.417	-6.27665e-08
0.418	-5.74723e-08
0.419	-5.19369e-08
0.42	-4.61843e-08
0.421	-4.02395e-08
0.422	-3.41281e-08
0.423	-2.78763e-08
0.424	-2.15111e-08
0.425	-1.50597e-08
0.426	-8.54952e-09
0.427	-2.00845e-09
0.428	4.53571e-09
0.429	1.10552e-08
0.43	1.75224e-08
0.431	2.391e-08
0.432	3.01909e-08
0.433	3.63388e-08
0.434	4.23279e-08
0.435	4.81329e-08
0.436	5.37296e-08
0.437	5.90947e-08
0.438	6.42056e-08
0.439	6.90413e-08
0.44	7.35816e-08
0.441	7.78077e-08
0.442	8.17021e-08
0.443	8.5249e-08
0.444	8.84336e-08
0.445	9.1243e-08
0.446	9.36659e-08
0.447	9.56924e-08
0.448	9.73143e-08
0.449	9.85255e-08
0.45	9.93211e-08
0.451	9.96982e-08
0.452	9.96556e-08
0.453	9.9194e-08
0.454	9.83156e-08
0.455	9.70246e-08
0.456	9.53266e-08
0.457	9.32292e-08
0.458	9.07414e-08
0.459	8.7874e-08
0.46	8.46394e-08
0.461	8.10513e-08
0.462	7.7125e-08
0.463	7.28771e-08
0.464	6.83257e-08
0.465	6.349e-08
0.466	5.83903e-08
0.467	5.30482e-08
0.468	4.74861e-08
0.469	4.17273e-08
0.47	3.57959e-08
0.471	2.97169e-08
0.472	2.35156e-08
0.473	1.7218e-08
0.474	1.08504e-08
0.475	4.4393e-09
0.476	-1.98854e-09
0.477	-8.40635e-09
0.478	-1.47874e-08
0.479	-2.11051e-08
0.48	-2.73333e-08
0.481	-3.3446e-08
0.482	-3.94178e-08
0.483	-4.52239e-08
0.484	-5.08403e-08
0.485	-5.62437e-08
0.486	-6.14115e-08
0.487	-6.63225e-08
0.488	-7.09562e-08
0.489	-7.52934e-08
0.49	-7.93163e-08
0.491	-8.3008e-08
0.492	-8.63534e-08
0.493	-8.93386e-08
0.494	-9.19512e-08
0.495	-9.41805e-08
0.496	-9.60171e-08
0.497	-9.74535e-08
0.498	-9.84838e-08
0.499	-9.91037e-08
0.5	-9.93106e-08
0.501	-9.91037e-08
0.502	-9.84838e-08
0.503	-9.74535e-08
0.504	-9.60171e-08
0.505	-9.41805e-08
0.506	-9.19512e-08
0.507	-8.93386e-08
0.508	-8.63534e-08
0.509	-8.3008e-08
0.51	-7.93163e-08
0.511	-7.52934e-08
0.512	-7.09562e-08
0.513	-6.63225e-08
0.514	-6.14115e-08
0.515	-5.62437e-08
0.516	-5.08403e-08
0.517	-4.52239e-08
0.518	-3.94178e-08
0.519	-3.3446e-08
0.52	-2.73333e-08
0.521	-2.11051e-08
0.522	-1.47874e-08
0.523	-8.40635e-09
0.524	-1.98854e-09
0.525	4.4393e-09
0.526	1.08504e-08
0.527	1.72181e-08
0.528	2.35156e-08
0.529	2.97169e-08
0.53	3.57959e-08
0.531	4.17273e-08
0.532	4.74861e-08
0.533	5.30482e-08
0.534	5.83903e-08
0.535	6.349e-08
0.536	6.83257e-08
0.537	7.28771e-08
0.538	7.7125e-08
0.539	8.10513e-08
0.54	8.46394e-08
0.541	8.7874e-08
0.542	9.07414e-08
0.543	9.32292e-08
0.544	9.53266e-08
0.545	9.70246e-08
0.546	9.83156e-08
0.547	9.9194e-08
0.548	9.96556e-08
0.549	9.96982e-08
0.55	9.93211e-08
0.551	9.85255e-08
0.552	9.73143e-08
0.553	9.56924e-08
0.554	9.36659e-08
0.555	9.1243e-08
0.556	8.84336e-08
0.557	8.5249e-08
0.558	8.17021e-08
0.559	7.78077e-08
0.56	7.35816e-08
0.561	6.90413e-08
0.562	6.42056e-08
0.563	5.90947e-08
0.564	5.37296e-08
0.565	4.81329e-08
0.566	4.23279e-08
0.567	3.63388e-08
0.568	3.01909e-08
0.569	2.391e-08
0.57	1.75224e-08
0.571	1.10552e-08
0.572	4.53571e-09
0.573	-2.00845e-09
0.574	-8.54952e-09
0.575	-1.50597e-08
0.576	-2.15111e-08
0.577	-2.78763e-08
0.578	-3.41281e-08
0.579	-4.02395e-08
0.58	-4.61843e-08
0.581	-5.19369e-08
0.582	-5.74723e-08
0.583	-6.27665e-08
0.584	-6.77966e-08
0.585	-7.25404e-08
0.586	-7.69773e-08
0.587	-8.10876e-08
0.588	-8.48532e-08
0.589	-8.82573e-08
0.59	-9.12847e-08
0.591	-9.39215e-08
0.592	-9.61558e-08
0.593	-9.79773e-08
0.594	-9.93773e-08
0.595	-1.00349e-07
0.596	-1.00887e-07
0.597	-1.00989e-07
0.598	-1.00653e-07
0.599	-9.98799e-08
0.6	-9.8672e-08
0.601	-9.70338e-08
0.602	-9.49716e-08
0.603	-9.24933e-08
0.604	-8.96089e-08
0.605	-8.63302e-08
0.606	-8.26705e-08
0.607	-7.8645e-08
0.608	-7.42705e-08
0.609	-6.95653e-08
0.61	-6.45493e-08
0.611	-5.92437e-08
0.612	-5.3671e-08
0.613	-4.78552e-08
0.614	-4.18212e-08
0.615	-3.55949e-08
0.616	-2.92034e-08
0.617	-2.26743e-08
0.618	-1.60361e-08
0.619	-9.31776e-09
0.62	-2.5488e-09
0.621	4.24102e-09
0.622	1.10217e-08
0.623	1.77632e-08
0.624	2.44355e-08
0.625	3.10089e-08
0.626	3.74539e-08
0.627	4.37414e-08
0.628	4.98432e-08
0.629	5.57314e-08
0.63	6.13793e-08
0.631	6.6761e-08
0.632	7.18516e-08
0.633	7.66277e-08
0.634	8.10668e-08
0.635	8.51483e-08
0.636	8.88526e-08
0.637	9.21621e-08
0.638	9.50609e-08
0.639	9.75345e-08
0.64	9.95706e-08
0.641	1.01159e-07
0.642	1.0229e-07
0.643	1.02959e-07
0.644	1.03161e-07
0.645	1.02892e-07
0.646	1.02154e-07
0.647	1.00948e-07
0.648	9.92779e-08
0.649	9.71502e-08
0.65	9.4573e-08
0.651	9.15568e-08
0.652	8.81141e-08
0.653	8.42592e-08
0.654	8.00086e-08
0.655	7.53806e-08
0.656	7.03953e-08
0.657	6.50745e-08
0.658	5.94417e-08
0.659	5.3522e-08
0.66	4.73419e-08
0.661	4.09292e-08
0.662	3.43129e-08
0.663	2.75232e-08
0.664	2.05911e-08
0.665	1.35486e-08
0.666	6.42816e-09
0.667	-7.37007e-10
0.668	-7.91346e-09
0.669	-1.50675e-08
0.67	-2.21653e-08
0.671	-2.91733e-08
0.672	-3.60579e-08
0.673	-4.27862e-08
0.674	-4.93256e-08
0.675	-5.56444e-08
0.676	-6.17117e-08
0.677	-6.74977e-08
0.678	-7.29736e-08
0.679	-7.81121e-08
0.68	-8.28872e-08
0.681	-8.72747e-08
0.682	-9.12519e-08
0.683	-9.4798e-08
0.684	-9.78943e-08
0.685	-1.00524e-07
0.686	-1.02672e-07
0.687	-1.04327e-07
0.688	-1.05478e-07
0.689	-1.06117e-07
0.69	-1.0624e-07
0.691	-1.05843e-07
0.692	-1.04927e-07
0.693	-1.03493e-07
0.694	-1.01547e-07
0.695	-9.9095e-08
0.696	-9.61478e-08
0.697	-9.27175e-08
0.698	-8.8819e-08
0.699	-8.44694e-08
0.7	-7.96884e-08
0.701	-7.44978e-08
0.702	-6.89216e-08
0.703	-6.29859e-08
0.704	-5.67187e-08
0.705	-5.01498e-08
0.706	-4.3311e-08
0.707	-3.62353e-08
0.708	-2.89574e-08
0.709	-2.15129e-08
0.71	-1.39389e-08
0.711	-6.27318e-09
0.712	1.44577e-09
0.713	9.17883e-09
0.714	1.68866e-08
0.715	2.45295e-08
0.716	3.20679e-08
0.717	3.94627e-08
0.718	4.66749e-08
0.719	5.36665e-08
0.72	6.04001e-08
0.721	6.68394e-08
0.722	7.29495e-08
0.723	7.86968e-08
0.724	8.40494e-08
0.725	8.89772e-08
0.726	9.3452e-08
0.727	9.74481e-08
0.728	1.00942e-07
0.729	1.03911e-07
0.73	1.06339e-07
0.731	1.08208e-07
0.732	1.09507e-07
0.733	1.10224e-07
0.734	1.10352e-07
0.735	1.09889e-07
0.736	1.08832e-07
0.737	1.07184e-07
0.738	1.04951e-07
0.739	1.02141e-07
0.74	9.87661e-08
0.741	9.48416e-08
0.742	9.03855e-08
0.743	8.54191e-08
0.744	7.99665e-08
0.745	7.40548e-08
0.746	6.77138e-08
0.747	6.09759e-08
0.748	5.38761e-08
0.749	4.64516e-08
0.75	3.87416e-08
0.751	3.07876e-08
0.752	2.26325e-08
0.753	1.43209e-08
0.754	5.89866e-09
0.755	-2.58741e-09
0.756	-1.10896e-08
0.757	-1.95597e-08
0.758	-2.79493e-08
0.759	-3.62099e-08
0.76	-4.42933e-08
0.761	-5.21517e-08
0.762	-5.97386e-08
0.763	-6.7008e-08
0.764	-7.39157e-08
0.765	-8.0419e-08
0.766	-8.64772e-08
0.767	-9.20517e-08
0.768	-9.71064e-08
0.769	-1.01608e-07
0.77	-1.05526e-07
0.771	-1.08832e-07
0.772	-1.11503e-07
0.773	-1.13519e-07
0.774	-1.14861e-07
0.775	-1.15518e-07
0.776	-1.1548e-07
0.777	-1.14742e-07
0.778	-1.13303e-07
0.779	-1.11167e-07
0.78	-1.0834e-07
0.781	-1.04835e-07
0.782	-1.00668e-07
0.783	-9.58595e-08
0.784	-9.0433e-08
0.785	-8.44173e-08
0.786	-7.78447e-08
0.787	-7.07513e-08
0.788	-6.31767e-08
0.789	-5.51638e-08
0.79	-4.67589e-08
0.791	-3.8011e-08
0.792	-2.89716e-08
0.793	-1.96948e-08
0.794	-1.02365e-08
0.795	-6.54253e-10
0.796	8.9932e-09
0.797	1.86461e-08
0.798	2.82444e-08
0.799	3.77279e-08
0.8	4.70366e-08
0.801	5.61117e-08
0.802	6.48955e-08
0.803	7.33319e-08
0.804	8.13671e-08
0.805	8.89502e-08
0.806	9.60331e-08
0.807	1.02572e-07
0.808	1.08525e-07
0.809	1.13858e-07
0.81	1.18541e-07
0.811	1.22546e-07
0.812	1.25856e-07
0.813	1.28457e-07
0.814	1.30343e-07
0.815	1.31515e-07
0.816	1.31981e-07
0.817	1.31758e-07
0.818	1.3087e-07
0.819	1.29351e-07
0.82	1.27244e-07
0.821	1.24599e-07
0.822	1.2148e-07
0.823	1.17957e-07
0.824	1.14113e-07
0.825	1.10042e-07
0.826	1.05847e-07
0.827	1.01644e-07
0.828	9.75632e-08
0.829	9.37438e-08
0.83	9.03403e-08
0.831	8.75205e-08
0.832	8.54666e-08
0.833	8.43763e-08
0.834	8.44631e-08
0.835	8.59579e-08
0.836	8.911e-08
0.837	9.41883e-08
0.838	1.01483e-07
0.839	1.11307e-07
0.84	1.23998e-07
0.841	1.39922e-07
0.842	1.59475e-07
0.843	1.83084e-07
0.844	2.11215e-07
0.845	2.44373e-07
0.846	2.83106e-07
0.847	3.28013e-07
0.848	3.7975e-07
0.849	4.3903e-07
0.85	5.06638e-07
0.851	5.83431e-07
0.852	6.70356e-07
0.853	7.68449e-07
0.854	8.78855e-07
0.855	1.00284e-06
0.856	1.14178e-06
0.857	1.29724e-06
0.858	1.4709e-06
0.859	1.66464e-06
0.86	1.88056e-06
0.861	2.12095e-06
0.862	2.38838e-06
0.863	2.68567e-06
0.864	3.01596e-06
0.865	3.38273e-06
0.866	3.78983e-06
0.867	4.24153e-06
0.868	4.74256e-06
0.869	5.29817e-06
0.87	5.91416e-06
0.871	6.59697e-06
0.872	7.3537e-06
0.873	8.19225e-06
0.874	9.12132e-06
0.875	1.01506e-05
0.876	1.12906e-05
0.877	1.25533e-05
0.878	1.39516e-05
0.879	1.54999e-05
0.88	1.72142e-05
0.881	1.91118e-05
0.882	2.12122e-05
0.883	2.35366e-05
0.884	2.61086e-05
0.885	2.89542e-05
0.886	3.21018e-05
0.887	3.55829e-05
0.888	3.94321e-05
0.889	4.36875e-05
0.89	4.83912e-05
0.891	5.35891e-05
0.892	5.93321e-05
0.893	6.56759e-05
0.894	7.26819e-05
0.895	8.04173e-05
0.896	8.89561e-05
0.897	9.83797e-05
0.898	0.000108777
0.899	0.000120247
0.9	0.000132895
0.901	0.000146841
0.902	0.000162213
0.903	0.000179153
0.904	0.000197817
0.905	0.000218374
0.906	0.000241012
0.907	0.000265935
0.908	0.000293367
0.909	0.000323552
0.91	0.00035676
0.911	0.000393285
0.912	0.000433447
0.913	0.000477599
0.914	0.000526125
0.915	0.000579447
0.916	0.000638024
0.917	0.00070236
0.918	0.000773005
0.919	0.000850558
0.92	0.000935678
0.921	0.00102908
0.922	0.00113155
0.923	0.00124394
0.924	0.00136718
0.925	0.00150229
0.926	0.00165039
0.927	0.00181268
0.928	0.0019905
0.929	0.00218527
0.93	0.00239858
0.931	0.00263213
0.932	0.0028878
0.933	0.00316763
0.934	0.00347382
0.935	0.0038088
0.936	0.00417519
0.937	0.00457586
0.938	0.00501394
0.939	0.0054928
0.94	0.00601615
0.941	0.006588
0.942	0.00721272
0.943	0.00789507
0.944	0.00864021
0.945	0.00945376
0.946	0.0103418
0.947	0.011311
0.948	0.0123686
0.949	0.0135224
0.95	0.0147809
0.951	0.0161533
0.952	0.0176496
0.953	0.0192808
0.954	0.0210587
0.955	0.022996
0.956	0.0251068
0.957	0.027406
0.958	0.02991
0.959	0.0326366
0.96	0.035605
0.961	0.038836
0.962	0.0423523
0.963	0.0461783
0.964	0.0503406
0.965	0.0548678
0.966	0.059791
0.967	0.0651441
0.968	0.0709633
0.969	0.0772883
0.97	0.0841617
0.971	0.0916298
0.972	0.0997425
0.973	0.108554
0.974	0.118123
0.975	0.128512
0.976	0.139791
0.977	0.152032
0.978	0.165317
0.979	0.17973
0.98	0.195366
0.981	0.212326
0.982	0.230718
0.983	0.25066
0.984	0.272279
0.985	0.295712
0.986	0.321107
0.987	0.348625
0.988	0.378436
0.989	0.410728
0.99	0.4457
0.991	0.48357
0.992	0.52457
0.993	0.568953
0.994	0.61699
0.995	0.668972
0.996	0.725216
0.997	0.78606
0.998	0.851871
0.999	0.923042
