# Interpolation data for function: (2*x-1)^40
0.5	2.21828e-14
0.501	2.21828e-14
0.502	2.21828e-14
0.503	2.21828e-14
0.504	2.21828e-14
0.505	2.21828e-14
0.506	2.21828e-14
0.507	2.21828e-14
0.508	2.21828e-14
0.509	2.21828e-14
0.51	2.21828e-14
0.511	2.21828e-14
0.512	2.21828e-14
0.513	2.21828e-14
0.514	2.21828e-14
0.515	2.21828e-14
0.516	2.21828e-14
0.517	2.21828e-14
0.518	2.21828e-14
0.519	2.21828e-14
0.52	2.21828e-14
0.521	2.21828e-14
0.522	2.21828e-14
0.523	2.21828e-14
0.524	2.21828e-14
0.525	2.21828e-14
0.526	2.21828e-14
0.527	2.21828e-14
0.528	2.21828e-14
0.529	2.21828e-14
0.53	2.21828e-14
0.531	2.21828e-14
0.532	2.21828e-14
0.533	2.21828e-14
0.534	2.21828e-14
0.535	2.21828e-14
0.536	2.21828e-14
0.537	2.21828e-14
0.538	2.21828e-14
0.539	2.21828e-14
0.54	2.21828e-14
0.541	2.21828e-14
0.542	2.21828e-14
0.543	2.21828e-14
0.544	2.21828e-14
0.545	2.21828e-14
0.546	2.21828e-14
0.547	2.21828e-14
0.548	2.21828e-14
0.549	2.21828e-14
0.55	2.21828e-14
0.551	2.21828e-14
0.552	2.21828e-14
0.553	2.21828e-14
0.554	2.21828e-14
0.555	2.21828e-14
0.556	2.21828e-14
0.557	2.21828e-14
0.558	2.21828e-14
0.559	2.21828e-14
0.56	2.21828e-14
0.561	2.21828e-14
0.562	2.21828e-14
0.563	2.21828e-14
0.564	2.21828e-14
0.565	2.21828e-14
0.566	2.21828e-14
0.567	2.21828e-14
0.568	2.21828e-14
0.569	2.21828e-14
0.57	2.21828e-14
0.571	2.21828e-14
0.572	2.21828e-14
0.573	2.21828e-14
0.574	2.21828e-14
0.575	2.21828e-14
0.576	2.21828e-14
0.577	2.21828e-14
0.578	2.21828e-14
0.579	2.21828e-14
0.58	2.21828e-14
0.581	2.21828e-14
0.582	2.21828e-14
0.583	2.21828e-14
0.584	2.21828e-14
0.585	2.21828e-14
0.586	2.21828e-14
0.587	2.21828e-14
0.588	2.21828e-14
0.589	2.21828e-14
0.59	2.21828e-14
0.591	2.21828e-14
0.592	2.21828e-14
0.593	2.21828e-14
0.594	2.21828e-14
0.595	2.21828e-14
0.596	2.21828e-14
0.597	2.21828e-14
0.598	2.21828e-14
0.599	2.21828e-14
0.6	2.21828e-14
0.601	2.21828e-14
0.602	2.21828e-14
0.603	2.21828e-14
0.604	2.21828e-14
0.605	2.21828e-14
0.606	2.21828e-14
0.607	2.21828e-14
0.608	2.21828e-14
0.609	2.21828e-14
0.61	2.21828e-14
0.611	2.21828e-14
0.612	2.21828e-14
0.613	2.21828e-14
0.614	2.21828e-14
0.615	2.21828e-14
0.616	2.21828e-14
0.617	2.21828e-14
0.618	2.21828e-14
0.619	2.21828e-14
0.62	2.21828e-14
0.621	2.21828e-14
0.622	2.21828e-14
0.623	2.21828e-14
0.624	2.21828e-14
0.625	2.21828e-14
0.626	2.21828e-14
0.627	2.21828e-14
0.628	2.21828e-14
0.629	2.21828e-14
0.63	2.21828e-14
0.631	2.21828e-14
0.632	2.21828e-14
0.633	2.21828e-14
0.634	2.21828e-14
0.635	2.21828e-14
0.636	2.21828e-14
0.637	2.21828e-14
0.638	2.21828e-14
0.639	2.21828e-14
0.64	2.21828e-14
0.641	2.21828e-14
0.642	2.21828e-14
0.643	2.21828e-14
0.644	2.21828e-14
0.645	2.21828e-14
0.646	2.21828e-14
0.647	2.21828e-14
0.648	2.21828e-14
0.649	2.21828e-14
0.65	2.21828e-14
0.651	2.21828e-14
0.652	2.21828e-14
0.653	2.21828e-14
0.654	2.21828e-14
0.655	2.21828e-14
0.656	2.21828e-14
0.657	2.21828e-14
0.658	2.21828e-14
0.659	2.21828e-14
0.66	2.21828e-14
0.661	2.21828e-14
0.662	2.21828e-14
0.663	2.21828e-14
0.664	2.21828e-14
0.665	2.21828e-14
0.666	2.21828e-14
0.667	2.21828e-14
0.668	2.21828e-14
0.669	2.21828e-14
0.67	2.21828e-14
0.671	2.21828e-14
0.672	2.21828e-14
0.673	2.21828e-14
0.674	2.21828e-14
0.675	2.21828e-14
0.676	2.21828e-14
0.677	2.21828e-14
0.678	2.21828e-14
0.679	2.21828e-14
0.68	2.21828e-14
0.681	2.21828e-14
0.682	2.21828e-14
0.683	2.21828e-14
0.684	2.21828e-14
0.685	2.21828e-14
0.686	2.21828e-14
0.687	2.21828e-14
0.688	2.21828e-14
0.689	2.21828e-14
0.69	2.21828e-14
0.691	2.21828e-14
0.692	2.21828e-14
0.693	2.21828e-14
0.694	2.21828e-14
0.695	2.21828e-14
0.696	2.21828e-14
0.697	2.21828e-14
0.698	2.21828e-14
0.699	2.21828e-14
0.7	2.21828e-14
0.701	2.21828e-14
0.702	2.21828e-14
0.703	2.21828e-14
0.704	2.21828e-14
0.705	2.21828e-14
0.706	2.21828e-14
0.707	2.21828e-14
0.708	2.21828e-14
0.709	2.21828e-14
0.71	2.21828e-14
0.711	2.21828e-14
0.712	2.21828e-14
0.713	2.21828e-14
0.714	2.21828e-14
0.715	2.21828e-14
0.716	2.21828e-14
0.717	2.21828e-14
0.718	2.21828e-14
0.719	2.21828e-14
0.72	2.21828e-14
0.721	2.21828e-14
0.722	2.21828e-14
0.723	2.21828e-14
0.724	2.21828e-14
0.725	2.21828e-14
0.726	2.21828e-14
0.727	2.21828e-14
0.728	2.21828e-14
0.729	2.21828e-14
0.73	2.21828e-14
0.731	2.21828e-14
0.732	2.21828e-14
0.733	2.21828e-14
0.734	2.21828e-14
0.735	2.21828e-14
0.736	2.21828e-14
0.737	2.21828e-14
0.738	2.21828e-14
0.739	2.21828e-14
0.74	2.21828e-14
0.741	2.21828e-14
0.742	2.21828e-14
0.743	2.21828e-14
0.744	2.21828e-14
0.745	2.21828e-14
0.746	2.21828e-14
0.747	2.21828e-14
0.748	2.21828e-14
0.749	2.21828e-14
0.25	2.21828e-14
0.251	2.21828e-14
0.252	2.21828e-14
0.253	2.21828e-14
0.254	2.21828e-14
0.255	2.21828e-14
0.256	2.21828e-14
0.257	2.21828e-14
0.258	2.21828e-14
0.259	2.21828e-14
0.26	2.21828e-14
0.261	2.21828e-14
0.262	2.21828e-14
0.263	2.21828e-14
0.264	2.21828e-14
0.265	2.21828e-14
0.266	2.21828e-14
0.267	2.21828e-14
0.268	2.21828e-14
0.269	2.21828e-14
0.27	2.21828e-14
0.271	2.21828e-14
0.272	2.21828e-14
0.273	2.21828e-14
0.274	2.21828e-14
0.275	2.21828e-14
0.276	2.21828e-14
0.277	2.21828e-14
0.278	2.21828e-14
0.279	2.21828e-14
0.28	2.21828e-14
0.281	2.21828e-14
0.282	2.21828e-14
0.283	2.21828e-14
0.284	2.21828e-14
0.285	2.21828e-14
0.286	2.21828e-14
0.287	2.21828e-14
0.288	2.21828e-14
0.289	2.21828e-14
0.29	2.21828e-14
0.291	2.21828e-14
0.292	2.21828e-14
0.293	2.21828e-14
0.294	2.21828e-14
0.295	2.21828e-14
0.296	2.21828e-14
0.297	2.21828e-14
0.298	2.21828e-14
0.299	2.21828e-14
0.3	2.21828e-14
0.301	2.21828e-14
0.302	2.21828e-14
0.303	2.21828e-14
0.304	2.21828e-14
0.305	2.21828e-14
0.306	2.21828e-14
0.307	2.21828e-14
0.308	2.21828e-14
0.309	2.21828e-14
0.31	2.21828e-14
0.311	2.21828e-14
0.312	2.21828e-14
0.313	2.21828e-14
0.314	2.21828e-14
0.315	2.21828e-14
0.316	2.21828e-14
0.317	2.21828e-14
0.318	2.21828e-14
0.319	2.21828e-14
0.32	2.21828e-14
0.321	2.21828e-14
0.322	2.21828e-14
0.323	2.21828e-14
0.324	2.21828e-14
0.325	2.21828e-14
0.326	2.21828e-14
0.327	2.21828e-14
0.328	2.21828e-14
0.329	2.21828e-14
0.33	2.21828e-14
0.331	2.21828e-14
0.332	2.21828e-14
0.333	2.21828e-14
0.334	2.21828e-14
0.335	2.21828e-14
0.336	2.21828e-14
0.337	2.21828e-14
0.338	2.21828e-14
0.339	2.21828e-14
0.34	2.21828e-14
0.341	2.21828e-14
0.342	2.21828e-14
0.343	2.21828e-14
0.344	2.21828e-14
0.345	2.21828e-14
0.346	2.21828e-14
0.347	2.21828e-14
0.348	2.21828e-14
0.349	2.21828e-14
0.35	2.21828e-14
0.351	2.21828e-14
0.352	2.21828e-14
0.353	2.21828e-14
0.354	2.21828e-14
0.355	2.21828e-14
0.356	2.21828e-14
0.357	2.21828e-14
0.358	2.21828e-14
0.359	2.21828e-14
0.36	2.21828e-14
0.361	2.21828e-14
0.362	2.21828e-14
0.363	2.21828e-14
0.364	2.21828e-14
0.365	2.21828e-14
0.366	2.21828e-14
0.367	2.21828e-14
0.368	2.21828e-14
0.369	2.21828e-14
0.37	2.21828e-14
0.371	2.21828e-14
0.372	2.21828e-14
0.373	2.21828e-14
0.374	2.21828e-14
0.375	2.21828e-14
0.376	2.21828e-14
0.377	2.21828e-14
0.378	2.21828e-14
0.379	2.21828e-14
0.38	2.21828e-14
0.381	2.21828e-14
0.382	2.21828e-14
0.383	2.21828e-14
0.384	2.21828e-14
0.385	2.21828e-14
0.386	2.21828e-14
0.387	2.21828e-14
0.388	2.21828e-14
0.389	2.21828e-14
0.39	2.21828e-14
0.391	2.21828e-14
0.392	2.21828e-14
0.393	2.21828e-14
0.394	2.21828e-14
0.395	2.21828e-14
0.396	2.21828e-14
0.397	2.21828e-14
0.398	2.21828e-14
0.399	2.21828e-14
0.4	2.21828e-14
0.401	2.21828e-14
0.402	2.21828e-14
0.403	2.21828e-14
0.404	2.21828e-14
0.405	2.21828e-14
0.406	2.21828e-14
0.407	2.21828e-14
0.408	2.21828e-14
0.409	2.21828e-14
0.41	2.21828e-14
0.411	2.21828e-14
0.412	2.21828e-14
0.413	2.21828e-14
0.414	2.21828e-14
0.415	2.21828e-14
0.416	2.21828e-14
0.417	2.21828e-14
0.418	2.21828e-14
0.419	2.21828e-14
0.42	2.21828e-14
0.421	2.21828e-14
0.422	2.21828e-14
0.423	2.21828e-14
0.424	2.21828e-14
0.425	2.21828e-14
0.426	2.21828e-14
0.427	2.21828e-14
0.428	2.21828e-14
0.429	2.21828e-14
0.43	2.21828e-14
0.431	2.21828e-14
0.432	2.21828e-14
0.433	2.21828e-14
0.434	2.21828e-14
0.435	2.21828e-14
0.436	2.21828e-14
0.437	2.21828e-14
0.438	2.21828e-14
0.439	2.21828e-14
0.44	2.21828e-14
0.441	2.21828e-14
0.442	2.21828e-14
0.443	2.21828e-14
0.444	2.21828e-14
0.445	2.21828e-14
0.446	2.21828e-14
0.447	2.21828e-14
0.448	2.21828e-14
0.449	2.21828e-14
0.45	2.21828e-14
0.451	2.21828e-14
0.452	2.21828e-14
0.453	2.21828e-14
0.454	2.21828e-14
0.455	2.21828e-14
0.456	2.21828e-14
0.457	2.21828e-14
0.458	2.21828e-14
0.459	2.21828e-14
0.46	2.21828e-14
0.461	2.21828e-14
0.462	2.21828e-14
0.463	2.21828e-14
0.464	2.21828e-14
0.465	2.21828e-14
0.466	2.21828e-14
0.467	2.21828e-14
0.468	2.21828e-14
0.469	2.21828e-14
0.47	2.21828e-14
0.471	2.21828e-14
0.472	2.21828e-14
0.473	2.21828e-14
0.474	2.21828e-14
0.475	2.21828e-14
0.476	2.21828e-14
0.477	2.21828e-14
0.478	2.21828e-14
0.479	2.21828e-14
0.48	2.21828e-14
0.481	2.21828e-14
0.482	2.21828e-14
0.483	2.21828e-14
0.484	2.21828e-14
0.485	2.21828e-14
0.486	2.21828e-14
0.487	2.21828e-14
0.488	2.21828e-14
0.489	2.21828e-14
0.49	2.21828e-14
0.491	2.21828e-14
0.492	2.21828e-14
0.493	2.21828e-14
0.494	2.21828e-14
0.495	2.21828e-14
0.496	2.21828e-14
0.497	2.21828e-14
0.498	2.21828e-14
0.499	2.21828e-14
0.75	7.35848e-07
0.751	7.35848e-07
0.752	7.35848e-07
0.753	7.35848e-07
0.754	7.35848e-07
0.755	7.35848e-07
0.756	7.35848e-07
0.757	7.35848e-07
0.758	7.35848e-07
0.759	7.35848e-07
0.76	7.35848e-07
0.761	7.35848e-07
0.762	7.35848e-07
0.763	7.35848e-07
0.764	7.35848e-07
0.765	7.35848e-07
0.766	7.35848e-07
0.767	7.35848e-07
0.768	7.35848e-07
0.769	7.35848e-07
0.77	7.35848e-07
0.771	7.35848e-07
0.772	7.35848e-07
0.773	7.35848e-07
0.774	7.35848e-07
0.775	7.35848e-07
0.776	7.35848e-07
0.777	7.35848e-07
0.778	7.35848e-07
0.779	7.35848e-07
0.78	7.35848e-07
0.781	7.35848e-07
0.782	7.35848e-07
0.783	7.35848e-07
0.784	7.35848e-07
0.785	7.35848e-07
0.786	7.35848e-07
0.787	7.35848e-07
0.788	7.35848e-07
0.789	7.35848e-07
0.79	7.35848e-07
0.791	7.35848e-07
0.792	7.35848e-07
0.793	7.35848e-07
0.794	7.35848e-07
0.795	7.35848e-07
0.796	7.35848e-07
0.797	7.35848e-07
0.798	7.35848e-07
0.799	7.35848e-07
0.8	7.35848e-07
0.801	7.35848e-07
0.802	7.35848e-07
0.803	7.35848e-07
0.804	7.35848e-07
0.805	7.35848e-07
0.806	7.35848e-07
0.807	7.35848e-07
0.808	7.35848e-07
0.809	7.35848e-07
0.81	7.35848e-07
0.811	7.35848e-07
0.812	7.35848e-07
0.813	7.35848e-07
0.814	7.35848e-07
0.815	7.35848e-07
0.816	7.35848e-07
0.817	7.35848e-07
0.818	7.35848e-07
0.819	7.35848e-07
0.82	7.35848e-07
0.821	7.35848e-07
0.822	7.35848e-07
0.823	7.35848e-07
0.824	7.35848e-07
0.825	7.35848e-07
0.826	7.35848e-07
0.827	7.35848e-07
0.828	7.35848e-07
0.829	7.35848e-07
0.83	7.35848e-07
0.831	7.35848e-07
0.832	7.35848e-07
0.833	7.35848e-07
0.834	7.35848e-07
0.835	7.35848e-07
0.836	7.35848e-07
0.837	7.35848e-07
0.838	7.35848e-07
0.839	7.35848e-07
0.84	7.35848e-07
0.841	7.35848e-07
0.842	7.35848e-07
0.843	7.35848e-07
0.844	7.35848e-07
0.845	7.35848e-07
0.846	7.35848e-07
0.847	7.35848e-07
0.848	7.35848e-07
0.849	7.35848e-07
0.85	7.35848e-07
0.851	7.35848e-07
0.852	7.35848e-07
0.853	7.35848e-07
0.854	7.35848e-07
0.855	7.35848e-07
0.856	7.35848e-07
0.857	7.35848e-07
0.858	7.35848e-07
0.859	7.35848e-07
0.86	7.35848e-07
0.861	7.35848e-07
0.862	7.35848e-07
0.863	7.35848e-07
0.864	7.35848e-07
0.865	7.35848e-07
0.866	7.35848e-07
0.867	7.35848e-07
0.868	7.35848e-07
0.869	7.35848e-07
0.87	7.35848e-07
0.871	7.35848e-07
0.872	7.35848e-07
0.873	7.35848e-07
0.874	7.35848e-07
0	0.997222
0.001	0.92174
0.002	0.851609
0.003	0.78649
0.004	0.726064
0.005	0.670026
0.006	0.618089
0.007	0.569983
0.008	0.525451
0.009	0.484251
0.01	0.446157
0.011	0.410952
0.012	0.378436
0.013	0.348419
0.014	0.320721
0.015	0.295177
0.016	0.271627
0.017	0.249927
0.018	0.229937
0.019	0.211529
0.02	0.194583
0.021	0.178988
0.022	0.164638
0.023	0.151436
0.024	0.139292
0.025	0.128122
0.026	0.117849
0.027	0.108399
0.028	0.0997065
0.029	0.0917097
0.03	0.0843518
0.031	0.0775801
0.032	0.0713465
0.033	0.0656066
0.034	0.0603196
0.035	0.0554482
0.036	0.0509582
0.037	0.0468183
0.038	0.0429998
0.039	0.0394768
0.04	0.0362254
0.041	0.0332239
0.042	0.0304526
0.043	0.0278936
0.044	0.0255305
0.045	0.0233486
0.046	0.0213344
0.047	0.0194755
0.048	0.0177608
0.049	0.0161802
0.05	0.0147244
0.051	0.0133847
0.052	0.0121536
0.053	0.0110238
0.054	0.00998862
0.055	0.00904201
0.056	0.00817824
0.057	0.00739196
0.058	0.00667816
0.059	0.00603208
0.06	0.00544923
0.061	0.0049253
0.062	0.00445618
0.063	0.00403789
0.064	0.00366661
0.065	0.00333864
0.066	0.00305036
0.067	0.0027983
0.068	0.00257903
0.069	0.00238926
0.07	0.00222577
0.071	0.00208545
0.072	0.00196528
0.073	0.00186235
0.074	0.00177389
0.075	0.00169724
0.076	0.00162987
0.077	0.00156941
0.078	0.00151366
0.079	0.00146058
0.08	0.00140833
0.081	0.00135526
0.082	0.00129992
0.083	0.0012411
0.084	0.00117781
0.085	0.00110931
0.086	0.00103507
0.087	0.00095486
0.088	0.000868657
0.089	0.000776712
0.09	0.000679521
0.091	0.000577822
0.092	0.000472587
0.093	0.000365012
0.094	0.000256497
0.095	0.000148628
0.096	4.31538e-05
0.097	-5.80456e-05
0.098	-0.000152991
0.099	-0.000239645
0.1	-0.000315952
0.101	-0.000379894
0.102	-0.000429539
0.103	-0.000463112
0.104	-0.000479053
0.105	-0.000476103
0.106	-0.000453375
0.107	-0.000410452
0.108	-0.000347478
0.109	-0.000265265
0.11	-0.000165407
0.111	-5.03952e-05
0.112	7.62473e-05
0.113	0.00020983
0.114	0.000344347
0.115	0.000472322
0.116	0.00058464
0.117	0.000670372
0.118	0.000716591
0.119	0.000708172
0.12	0.000627587
0.121	0.000454688
0.122	0.000166473
0.123	-0.000263149
0.124	-0.000863616
0.125	7.35848e-07
0.126	7.35848e-07
0.127	7.35848e-07
0.128	7.35848e-07
0.129	7.35848e-07
0.13	7.35848e-07
0.131	7.35848e-07
0.132	7.35848e-07
0.133	7.35848e-07
0.134	7.35848e-07
0.135	7.35848e-07
0.136	7.35848e-07
0.137	7.35848e-07
0.138	7.35848e-07
0.139	7.35848e-07
0.14	7.35848e-07
0.141	7.35848e-07
0.142	7.35848e-07
0.143	7.35848e-07
0.144	7.35848e-07
0.145	7.35848e-07
0.146	7.35848e-07
0.147	7.35848e-07
0.148	7.35848e-07
0.149	7.35848e-07
0.15	7.35848e-07
0.151	7.35848e-07
0.152	7.35848e-07
0.153	7.35848e-07
0.154	7.35848e-07
0.155	7.35848e-07
0.156	7.35848e-07
0.157	7.35848e-07
0.158	7.35848e-07
0.159	7.35848e-07
0.16	7.35848e-07
0.161	7.35848e-07
0.162	7.35848e-07
0.163	7.35848e-07
0.164	7.35848e-07
0.165	7.35848e-07
0.166	7.35848e-07
0.167	7.35848e-07
0.168	7.35848e-07
0.169	7.35848e-07
0.17	7.35848e-07
0.171	7.35848e-07
0.172	7.35848e-07
0.173	7.35848e-07
0.174	7.35848e-07
0.175	7.35848e-07
0.176	7.35848e-07
0.177	7.35848e-07
0.178	7.35848e-07
0.179	7.35848e-07
0.18	7.35848e-07
0.181	7.35848e-07
0.182	7.35848e-07
0.183	7.35848e-07
0.184	7.35848e-07
0.185	7.35848e-07
0.186	7.35848e-07
0.187	7.35848e-07
0.188	7.35848e-07
0.189	7.35848e-07
0.19	7.35848e-07
0.191	7.35848e-07
0.192	7.35848e-07
0.193	7.35848e-07
0.194	7.35848e-07
0.195	7.35848e-07
0.196	7.35848e-07
0.197	7.35848e-07
0.198	7.35848e-07
0.199	7.35848e-07
0.2	7.35848e-07
0.201	7.35848e-07
0.202	7.35848e-07
0.203	7.35848e-07
0.204	7.35848e-07
0.205	7.35848e-07
0.206	7.35848e-07
0.207	7.35848e-07
0.208	7.35848e-07
0.209	7.35848e-07
0.21	7.35848e-07
0.211	7.35848e-07
0.212	7.35848e-07
0.213	7.35848e-07
0.214	7.35848e-07
0.215	7.35848e-07
0.216	7.35848e-07
0.217	7.35848e-07
0.218	7.35848e-07
0.219	7.35848e-07
0.22	7.35848e-07
0.221	7.35848e-07
0.222	7.35848e-07
0.223	7.35848e-07
0.224	7.35848e-07
0.225	7.35848e-07
0.226	7.35848e-07
0.227	7.35848e-07
0.228	7.35848e-07
0.229	7.35848e-07
0.23	7.35848e-07
0.231	7.35848e-07
0.232	7.35848e-07
0.233	7.35848e-07
0.234	7.35848e-07
0.235	7.35848e-07
0.236	7.35848e-07
0.237	7.35848e-07
0.238	7.35848e-07
0.239	7.35848e-07
0.24	7.35848e-07
0.241	7.35848e-07
0.242	7.35848e-07
0.243	7.35848e-07
0.244	7.35848e-07
0.245	7.35848e-07
0.246	7.35848e-07
0.247	7.35848e-07
0.248	7.35848e-07
0.249	7.35848e-07
0.875	0.000816308
0.876	0.000816308
0.877	0.000816308
0.878	0.000816308
0.879	0.000816308
0.88	0.000816308
0.881	0.000816308
0.882	0.000816308
0.883	0.000816308
0.884	0.000816308
0.885	0.000816308
0.886	0.000816308
0.887	0.000816308
0.888	0.000816308
0.889	0.000816308
0.89	0.000816308
0.891	0.000816308
0.892	0.000816308
0.893	0.000816308
0.894	0.000816308
0.895	0.000816308
0.896	0.000816308
0.897	0.000816308
0.898	0.000816308
0.899	0.000816308
0.9	0.000816308
0.901	0.000816308
0.902	0.000816308
0.903	0.000816308
0.904	0.000816308
0.905	0.000816308
0.906	0.000816308
0.907	0.000816308
0.908	0.000816308
0.909	0.000816308
0.91	0.000816308
0.911	0.000816308
0.912	0.000816308
0.913	0.000816308
0.914	0.000816308
0.915	0.000816308
0.916	0.000816308
0.917	0.000816308
0.918	0.000816308
0.919	0.000816308
0.92	0.000816308
0.921	0.000816308
0.922	0.000816308
0.923	0.000816308
0.924	0.000816308
0.925	0.000816308
0.926	0.000816308
0.927	0.000816308
0.928	0.000816308
0.929	0.000816308
0.93	0.000816308
0.931	0.000816308
0.932	0.000816308
0.933	0.000816308
0.934	0.000816308
0.935	0.000816308
0.936	0.000816308
0.937	0.000816308
0.9375	0.00301853
0.9385	0.00444865
0.9395	0.00563878
0.9405	0.0066428
0.9415	0.00750954
0.9425	0.00828318
0.9435	0.00900348
0.9445	0.00970617
0.9455	0.0104233
0.9465	0.0111833
0.9475	0.0120118
0.9485	0.0129316
0.9495	0.0139628
0.9505	0.0151237
0.9515	0.0164306
0.9525	0.0178985
0.9535	0.019541
0.9545	0.0213711
0.9555	0.0234011
0.9565	0.0256433
0.9575	0.02811
0.9585	0.0308139
0.9595	0.0337688
0.9605	0.0369892
0.9615	0.0404911
0.9625	0.0442926
0.9635	0.0484134
0.9645	0.0528758
0.9655	0.0577048
0.9665	0.0629285
0.9675	0.0685783
0.9685	0.0746891
0.9695	0.0813001
0.9705	0.0884546
0.9715	0.0962007
0.9725	0.104591
0.9735	0.113685
0.9745	0.123545
0.9755	0.134241
0.9765	0.14585
0.9775	0.158454
0.9785	0.172143
0.9795	0.187013
0.9805	0.203169
0.9815	0.220722
0.9825	0.239794
0.9835	0.260513
0.9845	0.283016
0.9855	0.307451
0.9865	0.333974
0.9875	0.362751
0.9885	0.393957
0.9895	0.42778
0.9905	0.464418
0.9915	0.504077
0.9925	0.546979
0.9935	0.593356
0.9945	0.64345
0.9955	0.697517
0.9965	0.755827
0.9975	0.818662
0.9985	0.886315
0.9995	0.959096
