# Interpolation data for function: (2*x-1)^40
0	0.501044
0.001	0.488998
0.002	0.477143
0.003	0.465476
0.004	0.453995
0.005	0.4427
0.006	0.431586
0.007	0.420653
0.008	0.409899
0.009	0.399321
0.01	0.388918
0.011	0.378688
0.012	0.368628
0.013	0.358738
0.014	0.349014
0.015	0.339455
0.016	0.33006
0.017	0.320826
0.018	0.311751
0.019	0.302835
0.02	0.294074
0.021	0.285468
0.022	0.277013
0.023	0.26871
0.024	0.260555
0.025	0.252548
0.026	0.244685
0.027	0.236967
0.028	0.22939
0.029	0.221954
0.03	0.214657
0.031	0.207496
0.032	0.200471
0.033	0.193579
0.034	0.186819
0.035	0.18019
0.036	0.17369
0.037	0.167317
0.038	0.161069
0.039	0.154946
0.04	0.148945
0.041	0.143066
0.042	0.137306
0.043	0.131663
0.044	0.126138
0.045	0.120727
0.046	0.11543
0.047	0.110245
0.048	0.105171
0.049	0.100206
0.05	0.0953487
0.051	0.0905977
0.052	0.0859517
0.053	0.0814093
0.054	0.0769691
0.055	0.0726296
0.056	0.0683897
0.057	0.0642478
0.058	0.0602028
0.059	0.0562532
0.06	0.0523977
0.061	0.0486351
0.062	0.0449641
0.063	0.0413833
0.064	0.0378915
0.065	0.0344875
0.066	0.03117
0.067	0.0279378
0.068	0.0247896
0.069	0.0217243
0.07	0.0187406
0.071	0.0158374
0.072	0.0130134
0.073	0.0102675
0.074	0.00759859
0.075	0.00500543
0.076	0.00248692
0.077	4.19246e-05
0.078	-0.00233067
0.079	-0.00463198
0.08	-0.00686309
0.081	-0.0090251
0.082	-0.0111191
0.083	-0.0131461
0.084	-0.0151072
0.085	-0.0170035
0.086	-0.018836
0.087	-0.0206057
0.088	-0.0223136
0.089	-0.0239607
0.09	-0.0255481
0.091	-0.0270768
0.092	-0.0285476
0.093	-0.0299617
0.094	-0.0313198
0.095	-0.0326231
0.096	-0.0338725
0.097	-0.0350688
0.098	-0.036213
0.099	-0.037306
0.1	-0.0383487
0.101	-0.0393421
0.102	-0.040287
0.103	-0.0411842
0.104	-0.0420348
0.105	-0.0428394
0.106	-0.043599
0.107	-0.0443145
0.108	-0.0449865
0.109	-0.0456161
0.11	-0.046204
0.111	-0.0467509
0.112	-0.0472578
0.113	-0.0477254
0.114	-0.0481545
0.115	-0.0485458
0.116	-0.0489001
0.117	-0.0492183
0.118	-0.0495009
0.119	-0.0497489
0.12	-0.0499629
0.121	-0.0501436
0.122	-0.0502918
0.123	-0.0504081
0.124	-0.0504933
0.125	-0.0505481
0.126	-0.0505732
0.127	-0.0505692
0.128	-0.0505368
0.129	-0.0504766
0.13	-0.0503894
0.131	-0.0502758
0.132	-0.0501364
0.133	-0.0499718
0.134	-0.0497828
0.135	-0.0495698
0.136	-0.0493335
0.137	-0.0490746
0.138	-0.0487935
0.139	-0.048491
0.14	-0.0481676
0.141	-0.0478238
0.142	-0.0474602
0.143	-0.0470774
0.144	-0.046676
0.145	-0.0462564
0.146	-0.0458193
0.147	-0.0453652
0.148	-0.0448945
0.149	-0.0444079
0.15	-0.0439058
0.151	-0.0433887
0.152	-0.0428571
0.153	-0.0423116
0.154	-0.0417526
0.155	-0.0411806
0.156	-0.040596
0.157	-0.0399994
0.158	-0.0393912
0.159	-0.0387719
0.16	-0.0381418
0.161	-0.0375015
0.162	-0.0368514
0.163	-0.0361919
0.164	-0.0355234
0.165	-0.0348463
0.166	-0.0341612
0.167	-0.0334683
0.168	-0.0327681
0.169	-0.0320609
0.17	-0.0313472
0.171	-0.0306274
0.172	-0.0299018
0.173	-0.0291707
0.174	-0.0284346
0.175	-0.0276938
0.176	-0.0269487
0.177	-0.0261996
0.178	-0.0254468
0.179	-0.0246908
0.18	-0.0239318
0.181	-0.0231701
0.182	-0.0224061
0.183	-0.0216401
0.184	-0.0208724
0.185	-0.0201033
0.186	-0.0193332
0.187	-0.0185622
0.188	-0.0177907
0.189	-0.017019
0.19	-0.0162474
0.191	-0.0154761
0.192	-0.0147055
0.193	-0.0139357
0.194	-0.013167
0.195	-0.0123997
0.196	-0.0116341
0.197	-0.0108703
0.198	-0.0101087
0.199	-0.00934948
0.2	-0.00859283
0.201	-0.00783901
0.202	-0.00708823
0.203	-0.00634073
0.204	-0.0055967
0.205	-0.00485637
0.206	-0.00411994
0.207	-0.0033876
0.208	-0.00265956
0.209	-0.001936
0.21	-0.00121712
0.211	-0.000503095
0.212	0.00020589
0.213	0.000909661
0.214	0.00160805
0.215	0.00230088
0.216	0.002988
0.217	0.00366925
0.218	0.00434446
0.219	0.0050135
0.22	0.00567621
0.221	0.00633244
0.222	0.00698206
0.223	0.00762494
0.224	0.00826093
0.225	0.00888992
0.226	0.00951178
0.227	0.0101264
0.228	0.0107336
0.229	0.0113333
0.23	0.0119255
0.231	0.0125099
0.232	0.0130866
0.233	0.0136553
0.234	0.014216
0.235	0.0147687
0.236	0.0153131
0.237	0.0158493
0.238	0.0163771
0.239	0.0168965
0.24	0.0174074
0.241	0.0179096
0.242	0.0184033
0.243	0.0188882
0.244	0.0193643
0.245	0.0198315
0.246	0.0202899
0.247	0.0207393
0.248	0.0211796
0.249	0.0216109
0.25	0.0220331
0.251	0.0224462
0.252	0.02285
0.253	0.0232446
0.254	0.0236299
0.255	0.024006
0.256	0.0243727
0.257	0.02473
0.258	0.0250779
0.259	0.0254165
0.26	0.0257456
0.261	0.0260653
0.262	0.0263755
0.263	0.0266762
0.264	0.0269675
0.265	0.0272492
0.266	0.0275215
0.267	0.0277843
0.268	0.0280376
0.269	0.0282813
0.27	0.0285156
0.271	0.0287405
0.272	0.0289558
0.273	0.0291617
0.274	0.0293581
0.275	0.0295451
0.276	0.0297227
0.277	0.0298909
0.278	0.0300497
0.279	0.0301991
0.28	0.0303392
0.281	0.0304701
0.282	0.0305916
0.283	0.0307039
0.284	0.030807
0.285	0.030901
0.286	0.0309858
0.287	0.0310615
0.288	0.0311281
0.289	0.0311858
0.29	0.0312344
0.291	0.0312742
0.292	0.031305
0.293	0.031327
0.294	0.0313403
0.295	0.0313448
0.296	0.0313407
0.297	0.0313279
0.298	0.0313065
0.299	0.0312767
0.3	0.0312384
0.301	0.0311917
0.302	0.0311367
0.303	0.0310735
0.304	0.031002
0.305	0.0309224
0.306	0.0308348
0.307	0.0307391
0.308	0.0306356
0.309	0.0305241
0.31	0.0304049
0.311	0.030278
0.312	0.0301435
0.313	0.0300014
0.314	0.0298518
0.315	0.0296948
0.316	0.0295305
0.317	0.0293589
0.318	0.0291802
0.319	0.0289944
0.32	0.0288016
0.321	0.0286018
0.322	0.0283953
0.323	0.028182
0.324	0.027962
0.325	0.0277355
0.326	0.0275025
0.327	0.027263
0.328	0.0270173
0.329	0.0267654
0.33	0.0265073
0.331	0.0262432
0.332	0.0259732
0.333	0.0256973
0.334	0.0254156
0.335	0.0251283
0.336	0.0248355
0.337	0.0245371
0.338	0.0242334
0.339	0.0239244
0.34	0.0236102
0.341	0.023291
0.342	0.0229667
0.343	0.0226376
0.344	0.0223037
0.345	0.0219651
0.346	0.0216219
0.347	0.0212742
0.348	0.0209222
0.349	0.0205658
0.35	0.0202052
0.351	0.0198406
0.352	0.019472
0.353	0.0190995
0.354	0.0187232
0.355	0.0183433
0.356	0.0179598
0.357	0.0175728
0.358	0.0171824
0.359	0.0167888
0.36	0.016392
0.361	0.0159921
0.362	0.0155893
0.363	0.0151836
0.364	0.0147752
0.365	0.0143641
0.366	0.0139505
0.367	0.0135345
0.368	0.0131161
0.369	0.0126955
0.37	0.0122728
0.371	0.011848
0.372	0.0114213
0.373	0.0109928
0.374	0.0105626
0.375	0.0101308
0.376	0.00969744
0.377	0.00926269
0.378	0.00882664
0.379	0.00838939
0.38	0.00795104
0.381	0.00751169
0.382	0.00707144
0.383	0.0066304
0.384	0.00618867
0.385	0.00574634
0.386	0.00530352
0.387	0.00486031
0.388	0.0044168
0.389	0.0039731
0.39	0.00352931
0.391	0.00308553
0.392	0.00264184
0.393	0.00219836
0.394	0.00175518
0.395	0.0013124
0.396	0.000870105
0.397	0.000428403
0.398	-1.26135e-05
0.399	-0.00045285
0.4	-0.00089221
0.401	-0.0013306
0.402	-0.00176793
0.403	-0.0022041
0.404	-0.00263902
0.405	-0.00307259
0.406	-0.00350474
0.407	-0.00393536
0.408	-0.00436436
0.409	-0.00479166
0.41	-0.00521716
0.411	-0.00564078
0.412	-0.00606243
0.413	-0.00648202
0.414	-0.00689947
0.415	-0.00731469
0.416	-0.00772759
0.417	-0.00813808
0.418	-0.0085461
0.419	-0.00895154
0.42	-0.00935434
0.421	-0.0097544
0.422	-0.0101516
0.423	-0.010546
0.424	-0.0109374
0.425	-0.0113257
0.426	-0.0117109
0.427	-0.0120929
0.428	-0.0124716
0.429	-0.012847
0.43	-0.0132189
0.431	-0.0135873
0.432	-0.0139521
0.433	-0.0143133
0.434	-0.0146708
0.435	-0.0150244
0.436	-0.0153742
0.437	-0.0157201
0.438	-0.0160619
0.439	-0.0163997
0.44	-0.0167334
0.441	-0.0170629
0.442	-0.0173881
0.443	-0.017709
0.444	-0.0180255
0.445	-0.0183375
0.446	-0.018645
0.447	-0.018948
0.448	-0.0192463
0.449	-0.01954
0.45	-0.0198289
0.451	-0.020113
0.452	-0.0203923
0.453	-0.0206666
0.454	-0.0209361
0.455	-0.0212005
0.456	-0.0214598
0.457	-0.021714
0.458	-0.0219631
0.459	-0.022207
0.46	-0.0224456
0.461	-0.0226789
0.462	-0.0229069
0.463	-0.0231295
0.464	-0.0233467
0.465	-0.0235584
0.466	-0.0237646
0.467	-0.0239652
0.468	-0.0241603
0.469	-0.0243498
0.47	-0.0245336
0.471	-0.0247117
0.472	-0.0248841
0.473	-0.0250507
0.474	-0.0252116
0.475	-0.0253666
0.476	-0.0255158
0.477	-0.0256591
0.478	-0.0257965
0.479	-0.025928
0.48	-0.0260535
0.481	-0.0261731
0.482	-0.0262866
0.483	-0.0263942
0.484	-0.0264957
0.485	-0.0265911
0.486	-0.0266805
0.487	-0.0267638
0.488	-0.026841
0.489	-0.026912
0.49	-0.0269769
0.491	-0.0270357
0.492	-0.0270883
0.493	-0.0271348
0.494	-0.027175
0.495	-0.0272091
0.496	-0.027237
0.497	-0.0272587
0.498	-0.0272743
0.499	-0.0272836
0.5	-0.0272867
0.501	-0.0272836
0.502	-0.0272743
0.503	-0.0272587
0.504	-0.027237
0.505	-0.0272091
0.506	-0.027175
0.507	-0.0271348
0.508	-0.0270883
0.509	-0.0270357
0.51	-0.0269769
0.511	-0.026912
0.512	-0.026841
0.513	-0.0267638
0.514	-0.0266805
0.515	-0.0265911
0.516	-0.0264957
0.517	-0.0263942
0.518	-0.0262866
0.519	-0.0261731
0.52	-0.0260535
0.521	-0.025928
0.522	-0.0257965
0.523	-0.0256591
0.524	-0.0255158
0.525	-0.0253666
0.526	-0.0252116
0.527	-0.0250507
0.528	-0.0248841
0.529	-0.0247117
0.53	-0.0245336
0.531	-0.0243498
0.532	-0.0241603
0.533	-0.0239652
0.534	-0.0237646
0.535	-0.0235584
0.536	-0.0233467
0.537	-0.0231295
0.538	-0.0229069
0.539	-0.0226789
0.54	-0.0224456
0.541	-0.022207
0.542	-0.0219631
0.543	-0.021714
0.544	-0.0214598
0.545	-0.0212005
0.546	-0.0209361
0.547	-0.0206666
0.548	-0.0203923
0.549	-0.020113
0.55	-0.0198289
0.551	-0.01954
0.552	-0.0192463
0.553	-0.018948
0.554	-0.018645
0.555	-0.0183375
0.556	-0.0180255
0.557	-0.017709
0.558	-0.0173881
0.559	-0.0170629
0.56	-0.0167334
0.561	-0.0163997
0.562	-0.0160619
0.563	-0.0157201
0.564	-0.0153742
0.565	-0.0150244
0.566	-0.0146708
0.567	-0.0143133
0.568	-0.0139521
0.569	-0.0135873
0.57	-0.0132189
0.571	-0.012847
0.572	-0.0124716
0.573	-0.0120929
0.574	-0.0117109
0.575	-0.0113257
0.576	-0.0109374
0.577	-0.010546
0.578	-0.0101516
0.579	-0.0097544
0.58	-0.00935434
0.581	-0.00895154
0.582	-0.0085461
0.583	-0.00813808
0.584	-0.00772759
0.585	-0.00731469
0.586	-0.00689947
0.587	-0.00648202
0.588	-0.00606243
0.589	-0.00564078
0.59	-0.00521716
0.591	-0.00479166
0.592	-0.00436436
0.593	-0.00393536
0.594	-0.00350474
0.595	-0.00307259
0.596	-0.00263902
0.597	-0.0022041
0.598	-0.00176793
0.599	-0.0013306
0.6	-0.00089221
0.601	-0.00045285
0.602	-1.26135e-05
0.603	0.000428403
0.604	0.000870105
0.605	0.0013124
0.606	0.00175518
0.607	0.00219836
0.608	0.00264184
0.609	0.00308553
0.61	0.00352931
0.611	0.0039731
0.612	0.0044168
0.613	0.00486031
0.614	0.00530352
0.615	0.00574634
0.616	0.00618867
0.617	0.0066304
0.618	0.00707144
0.619	0.00751169
0.62	0.00795104
0.621	0.00838939
0.622	0.00882664
0.623	0.00926269
0.624	0.00969744
0.625	0.0101308
0.626	0.0105626
0.627	0.0109928
0.628	0.0114213
0.629	0.011848
0.63	0.0122728
0.631	0.0126955
0.632	0.0131161
0.633	0.0135345
0.634	0.0139505
0.635	0.0143641
0.636	0.0147752
0.637	0.0151836
0.638	0.0155893
0.639	0.0159921
0.64	0.016392
0.641	0.0167888
0.642	0.0171824
0.643	0.0175728
0.644	0.0179598
0.645	0.0183433
0.646	0.0187232
0.647	0.0190995
0.648	0.019472
0.649	0.0198406
0.65	0.0202052
0.651	0.0205658
0.652	0.0209222
0.653	0.0212742
0.654	0.0216219
0.655	0.0219651
0.656	0.0223037
0.657	0.0226376
0.658	0.0229667
0.659	0.023291
0.66	0.0236102
0.661	0.0239244
0.662	0.0242334
0.663	0.0245371
0.664	0.0248355
0.665	0.0251283
0.666	0.0254156
0.667	0.0256973
0.668	0.0259732
0.669	0.0262432
0.67	0.0265073
0.671	0.0267654
0.672	0.0270173
0.673	0.027263
0.674	0.0275025
0.675	0.0277355
0.676	0.027962
0.677	0.028182
0.678	0.0283953
0.679	0.0286018
0.68	0.0288016
0.681	0.0289944
0.682	0.0291802
0.683	0.0293589
0.684	0.0295305
0.685	0.0296948
0.686	0.0298518
0.687	0.0300014
0.688	0.0301435
0.689	0.030278
0.69	0.0304049
0.691	0.0305241
0.692	0.0306356
0.693	0.0307391
0.694	0.0308348
0.695	0.0309224
0.696	0.031002
0.697	0.0310735
0.698	0.0311367
0.699	0.0311917
0.7	0.0312384
0.701	0.0312767
0.702	0.0313065
0.703	0.0313279
0.704	0.0313407
0.705	0.0313448
0.706	0.0313403
0.707	0.031327
0.708	0.031305
0.709	0.0312742
0.71	0.0312344
0.711	0.0311858
0.712	0.0311281
0.713	0.0310615
0.714	0.0309858
0.715	0.030901
0.716	0.030807
0.717	0.0307039
0.718	0.0305916
0.719	0.0304701
0.72	0.0303392
0.721	0.0301991
0.722	0.0300497
0.723	0.0298909
0.724	0.0297227
0.725	0.0295451
0.726	0.0293581
0.727	0.0291617
0.728	0.0289558
0.729	0.0287405
0.73	0.0285156
0.731	0.0282813
0.732	0.0280376
0.733	0.0277843
0.734	0.0275215
0.735	0.0272492
0.736	0.0269675
0.737	0.0266762
0.738	0.0263755
0.739	0.0260653
0.74	0.0257456
0.741	0.0254165
0.742	0.0250779
0.743	0.02473
0.744	0.0243727
0.745	0.024006
0.746	0.0236299
0.747	0.0232446
0.748	0.02285
0.749	0.0224462
0.75	0.0220331
0.751	0.0216109
0.752	0.0211796
0.753	0.0207393
0.754	0.0202899
0.755	0.0198315
0.756	0.0193643
0.757	0.0188882
0.758	0.0184033
0.759	0.0179096
0.76	0.0174074
0.761	0.0168965
0.762	0.0163771
0.763	0.0158493
0.764	0.0153131
0.765	0.0147687
0.766	0.014216
0.767	0.0136553
0.768	0.0130866
0.769	0.0125099
0.77	0.0119255
0.771	0.0113333
0.772	0.0107336
0.773	0.0101264
0.774	0.00951178
0.775	0.00888992
0.776	0.00826093
0.777	0.00762494
0.778	0.00698206
0.779	0.00633244
0.78	0.00567621
0.781	0.0050135
0.782	0.00434446
0.783	0.00366925
0.784	0.002988
0.785	0.00230088
0.786	0.00160805
0.787	0.000909661
0.788	0.00020589
0.789	-0.000503095
0.79	-0.00121712
0.791	-0.001936
0.792	-0.00265956
0.793	-0.0033876
0.794	-0.00411994
0.795	-0.00485637
0.796	-0.0055967
0.797	-0.00634073
0.798	-0.00708823
0.799	-0.00783901
0.8	-0.00859283
0.801	-0.00934948
0.802	-0.0101087
0.803	-0.0108703
0.804	-0.0116341
0.805	-0.0123997
0.806	-0.013167
0.807	-0.0139357
0.808	-0.0147055
0.809	-0.0154761
0.81	-0.0162474
0.811	-0.017019
0.812	-0.0177907
0.813	-0.0185622
0.814	-0.0193332
0.815	-0.0201033
0.816	-0.0208724
0.817	-0.0216401
0.818	-0.0224061
0.819	-0.0231701
0.82	-0.0239318
0.821	-0.0246908
0.822	-0.0254468
0.823	-0.0261996
0.824	-0.0269487
0.825	-0.0276938
0.826	-0.0284346
0.827	-0.0291707
0.828	-0.0299018
0.829	-0.0306274
0.83	-0.0313472
0.831	-0.0320609
0.832	-0.0327681
0.833	-0.0334683
0.834	-0.0341612
0.835	-0.0348463
0.836	-0.0355234
0.837	-0.0361919
0.838	-0.0368514
0.839	-0.0375015
0.84	-0.0381418
0.841	-0.0387719
0.842	-0.0393912
0.843	-0.0399994
0.844	-0.040596
0.845	-0.0411806
0.846	-0.0417526
0.847	-0.0423116
0.848	-0.0428571
0.849	-0.0433887
0.85	-0.0439058
0.851	-0.0444079
0.852	-0.0448945
0.853	-0.0453652
0.854	-0.0458193
0.855	-0.0462564
0.856	-0.046676
0.857	-0.0470774
0.858	-0.0474602
0.859	-0.0478238
0.86	-0.0481676
0.861	-0.048491
0.862	-0.0487935
0.863	-0.0490746
0.864	-0.0493335
0.865	-0.0495698
0.866	-0.0497828
0.867	-0.0499718
0.868	-0.0501364
0.869	-0.0502758
0.87	-0.0503894
0.871	-0.0504766
0.872	-0.0505368
0.873	-0.0505692
0.874	-0.0505732
0.875	-0.0505481
0.876	-0.0504933
0.877	-0.0504081
0.878	-0.0502918
0.879	-0.0501436
0.88	-0.0499629
0.881	-0.0497489
0.882	-0.0495009
0.883	-0.0492183
0.884	-0.0489001
0.885	-0.0485458
0.886	-0.0481545
0.887	-0.0477254
0.888	-0.0472578
0.889	-0.0467509
0.89	-0.046204
0.891	-0.0456161
0.892	-0.0449865
0.893	-0.0443145
0.894	-0.043599
0.895	-0.0428394
0.896	-0.0420348
0.897	-0.0411842
0.898	-0.040287
0.899	-0.0393421
0.9	-0.0383487
0.901	-0.037306
0.902	-0.036213
0.903	-0.0350688
0.904	-0.0338725
0.905	-0.0326231
0.906	-0.0313198
0.907	-0.0299617
0.908	-0.0285476
0.909	-0.0270768
0.91	-0.0255481
0.911	-0.0239607
0.912	-0.0223136
0.913	-0.0206057
0.914	-0.018836
0.915	-0.0170035
0.916	-0.0151072
0.917	-0.0131461
0.918	-0.0111191
0.919	-0.0090251
0.92	-0.00686309
0.921	-0.00463198
0.922	-0.00233067
0.923	4.19246e-05
0.924	0.00248692
0.925	0.00500543
0.926	0.00759859
0.927	0.0102675
0.928	0.0130134
0.929	0.0158374
0.93	0.0187406
0.931	0.0217243
0.932	0.0247896
0.933	0.0279378
0.934	0.03117
0.935	0.0344875
0.936	0.0378915
0.937	0.0413833
0.938	0.0449641
0.939	0.0486351
0.94	0.0523977
0.941	0.0562532
0.942	0.0602028
0.943	0.0642478
0.944	0.0683897
0.945	0.0726296
0.946	0.0769691
0.947	0.0814093
0.948	0.0859517
0.949	0.0905977
0.95	0.0953487
0.951	0.100206
0.952	0.105171
0.953	0.110245
0.954	0.11543
0.955	0.120727
0.956	0.126138
0.957	0.131663
0.958	0.137306
0.959	0.143066
0.96	0.148945
0.961	0.154946
0.962	0.161069
0.963	0.167317
0.964	0.17369
0.965	0.18019
0.966	0.186819
0.967	0.193579
0.968	0.200471
0.969	0.207496
0.97	0.214657
0.971	0.221954
0.972	0.22939
0.973	0.236967
0.974	0.244685
0.975	0.252548
0.976	0.260555
0.977	0.26871
0.978	0.277013
0.979	0.285468
0.98	0.294074
0.981	0.302835
0.982	0.311751
0.983	0.320826
0.984	0.33006
0.985	0.339455
0.986	0.349014
0.987	0.358738
0.988	0.368628
0.989	0.378688
0.99	0.388918
0.991	0.399321
0.992	0.409899
0.993	0.420653
0.994	0.431586
0.995	0.4427
0.996	0.453995
0.997	0.465476
0.998	0.477143
0.999	0.488998
