# Interpolation data for function: (2*x-1)^40
0	1
0.001	0.923042
0.002	0.85187
0.003	0.786059
0.004	0.725215
0.005	0.668972
0.006	0.61699
0.007	0.568953
0.008	0.524571
0.009	0.48357
0.01	0.4457
0.011	0.410728
0.012	0.378436
0.013	0.348625
0.014	0.321108
0.015	0.295712
0.016	0.272279
0.017	0.25066
0.018	0.230718
0.019	0.212326
0.02	0.195366
0.021	0.17973
0.022	0.165316
0.023	0.152032
0.024	0.139791
0.025	0.128512
0.026	0.118123
0.027	0.108554
0.028	0.0997424
0.029	0.0916297
0.03	0.0841616
0.031	0.0772883
0.032	0.0709633
0.033	0.0651441
0.034	0.0597911
0.035	0.0548678
0.036	0.0503407
0.037	0.0461785
0.038	0.0423525
0.039	0.0388362
0.04	0.0356052
0.041	0.0326368
0.042	0.0299102
0.043	0.0274061
0.044	0.0251069
0.045	0.0229962
0.046	0.0210588
0.047	0.0192809
0.048	0.0176497
0.049	0.0161533
0.05	0.0147809
0.051	0.0135224
0.052	0.0123686
0.053	0.011311
0.054	0.0103418
0.055	0.00945367
0.056	0.0086401
0.057	0.00789494
0.058	0.00721258
0.059	0.00658785
0.06	0.00601599
0.061	0.00549263
0.062	0.00501377
0.063	0.0045757
0.064	0.00417503
0.065	0.00380864
0.066	0.00347367
0.067	0.00316749
0.068	0.00288768
0.069	0.00263203
0.07	0.00239849
0.071	0.0021852
0.072	0.00199045
0.073	0.00181265
0.074	0.00165038
0.075	0.0015023
0.076	0.00136721
0.077	0.00124398
0.078	0.00113161
0.079	0.00102916
0.08	0.000935775
0.081	0.000850669
0.082	0.000773127
0.083	0.000702493
0.084	0.000638165
0.085	0.000579594
0.086	0.000526276
0.087	0.000477751
0.088	0.000433599
0.089	0.000393435
0.09	0.000356906
0.091	0.000323692
0.092	0.000293499
0.093	0.000266058
0.094	0.000241124
0.095	0.000218474
0.096	0.000197904
0.097	0.000179226
0.098	0.000162271
0.099	0.000146884
0.1	0.000132923
0.101	0.000120258
0.102	0.000108773
0.103	9.83604e-05
0.104	8.89216e-05
0.105	8.03681e-05
0.106	7.26187e-05
0.107	6.55997e-05
0.108	5.92437e-05
0.109	5.34897e-05
0.11	4.82819e-05
0.111	4.35696e-05
0.112	3.93069e-05
0.113	3.54518e-05
0.114	3.19663e-05
0.115	2.88157e-05
0.116	2.59686e-05
0.117	2.33965e-05
0.118	2.10734e-05
0.119	1.89757e-05
0.12	1.70822e-05
0.121	1.53733e-05
0.122	1.38316e-05
0.123	1.2441e-05
0.124	1.1187e-05
0.125	1.00566e-05
0.126	9.03783e-06
0.127	8.11995e-06
0.128	7.29319e-06
0.129	6.54872e-06
0.13	5.87853e-06
0.131	5.27539e-06
0.132	4.73274e-06
0.133	4.24466e-06
0.134	3.80578e-06
0.135	3.41126e-06
0.136	3.05672e-06
0.137	2.7382e-06
0.138	2.45212e-06
0.139	2.19527e-06
0.14	1.96472e-06
0.141	1.75783e-06
0.142	1.57225e-06
0.143	1.40581e-06
0.144	1.25661e-06
0.145	1.12288e-06
0.146	1.00307e-06
0.147	8.95751e-07
0.148	7.9966e-07
0.149	7.13647e-07
0.15	6.36679e-07
0.151	5.67827e-07
0.152	5.06254e-07
0.153	4.51209e-07
0.154	4.02015e-07
0.155	3.58065e-07
0.156	3.18813e-07
0.157	2.83768e-07
0.158	2.52489e-07
0.159	2.24581e-07
0.16	1.99689e-07
0.161	1.77495e-07
0.162	1.57713e-07
0.163	1.40086e-07
0.164	1.24386e-07
0.165	1.10406e-07
0.166	9.79625e-08
0.167	8.68903e-08
0.168	7.70418e-08
0.169	6.82849e-08
0.17	6.05012e-08
0.171	5.35851e-08
0.172	4.74421e-08
0.173	4.19877e-08
0.174	3.71466e-08
0.175	3.28513e-08
0.176	2.90417e-08
0.177	2.5664e-08
0.178	2.26706e-08
0.179	2.00186e-08
0.18	1.76699e-08
0.181	1.55907e-08
0.182	1.37508e-08
0.183	1.21232e-08
0.184	1.0684e-08
0.185	9.41184e-09
0.186	8.28782e-09
0.187	7.29506e-09
0.188	6.41857e-09
0.189	5.64505e-09
0.19	4.96267e-09
0.191	4.36093e-09
0.192	3.83052e-09
0.193	3.36317e-09
0.194	2.95156e-09
0.195	2.58918e-09
0.196	2.27028e-09
0.197	1.98977e-09
0.198	1.74312e-09
0.199	1.52634e-09
0.2	1.3359e-09
0.201	1.16866e-09
0.202	1.02188e-09
0.203	8.93095e-10
0.204	7.80161e-10
0.205	6.81171e-10
0.206	5.94444e-10
0.207	5.18498e-10
0.208	4.52026e-10
0.209	3.93875e-10
0.21	3.43031e-10
0.211	2.98599e-10
0.212	2.59791e-10
0.213	2.25916e-10
0.214	1.96363e-10
0.215	1.70597e-10
0.216	1.48146e-10
0.217	1.28596e-10
0.218	1.11585e-10
0.219	9.67917e-11
0.22	8.39374e-11
0.221	7.27757e-11
0.222	6.30912e-11
0.223	5.46947e-11
0.224	4.74207e-11
0.225	4.11242e-11
0.226	3.5678e-11
0.227	3.0971e-11
0.228	2.69059e-11
0.229	2.33976e-11
0.23	2.03717e-11
0.231	1.77632e-11
0.232	1.55155e-11
0.233	1.3579e-11
0.234	1.19105e-11
0.235	1.04726e-11
0.236	9.23231e-12
0.237	8.16135e-12
0.238	7.23497e-12
0.239	6.43173e-12
0.24	5.73316e-12
0.241	5.12313e-12
0.242	4.58794e-12
0.243	4.11567e-12
0.244	3.6962e-12
0.245	3.32081e-12
0.246	2.9822e-12
0.247	2.67409e-12
0.248	2.3913e-12
0.249	2.12946e-12
0.25	1.88502e-12
0.251	1.65501e-12
0.252	1.43713e-12
0.253	1.22952e-12
0.254	1.0308e-12
0.255	8.39904e-13
0.256	6.56133e-13
0.257	4.7902e-13
0.258	3.08337e-13
0.259	1.44107e-13
0.26	-1.36232e-14
0.261	-1.64589e-13
0.262	-3.08475e-13
0.263	-4.44846e-13
0.264	-5.73283e-13
0.265	-6.93316e-13
0.266	-8.04453e-13
0.267	-9.06214e-13
0.268	-9.98166e-13
0.269	-1.07989e-12
0.27	-1.15099e-12
0.271	-1.21112e-12
0.272	-1.26008e-12
0.273	-1.29765e-12
0.274	-1.3237e-12
0.275	-1.33816e-12
0.276	-1.3411e-12
0.277	-1.3326e-12
0.278	-1.31284e-12
0.279	-1.2821e-12
0.28	-1.24074e-12
0.281	-1.18919e-12
0.282	-1.12793e-12
0.283	-1.05751e-12
0.284	-9.78582e-13
0.285	-8.9183e-13
0.286	-7.98018e-13
0.287	-6.9791e-13
0.288	-5.92379e-13
0.289	-4.82263e-13
0.29	-3.68496e-13
0.291	-2.52003e-13
0.292	-1.33712e-13
0.293	-1.45472e-14
0.294	1.04474e-13
0.295	2.22481e-13
0.296	3.38507e-13
0.297	4.51668e-13
0.298	5.61074e-13
0.299	6.65897e-13
0.3	7.65302e-13
0.301	8.58558e-13
0.302	9.44962e-13
0.303	1.02388e-12
0.304	1.0947e-12
0.305	1.15693e-12
0.306	1.21011e-12
0.307	1.25385e-12
0.308	1.28787e-12
0.309	1.31193e-12
0.31	1.32588e-12
0.311	1.32965e-12
0.312	1.32329e-12
0.313	1.3068e-12
0.314	1.28041e-12
0.315	1.24433e-12
0.316	1.19886e-12
0.317	1.14439e-12
0.318	1.08134e-12
0.319	1.01025e-12
0.32	9.31648e-13
0.321	8.46174e-13
0.322	7.54473e-13
0.323	6.5727e-13
0.324	5.55292e-13
0.325	4.4933e-13
0.326	3.40179e-13
0.327	2.28663e-13
0.328	1.15622e-13
0.329	1.90715e-15
0.33	-1.11653e-13
0.331	-2.24219e-13
0.332	-3.34965e-13
0.333	-4.43027e-13
0.334	-5.47686e-13
0.335	-6.48149e-13
0.336	-7.43704e-13
0.337	-8.33674e-13
0.338	-9.17378e-13
0.339	-9.94245e-13
0.34	-1.06374e-12
0.341	-1.12537e-12
0.342	-1.17871e-12
0.343	-1.2234e-12
0.344	-1.25914e-12
0.345	-1.28568e-12
0.346	-1.30286e-12
0.347	-1.31059e-12
0.348	-1.30883e-12
0.349	-1.29763e-12
0.35	-1.27708e-12
0.351	-1.24737e-12
0.352	-1.20872e-12
0.353	-1.16145e-12
0.354	-1.1059e-12
0.355	-1.04252e-12
0.356	-9.71731e-13
0.357	-8.94101e-13
0.358	-8.1018e-13
0.359	-7.20601e-13
0.36	-6.25979e-13
0.361	-5.27047e-13
0.362	-4.2448e-13
0.363	-3.19023e-13
0.364	-2.11431e-13
0.365	-1.02479e-13
0.366	7.083e-15
0.367	1.16468e-13
0.368	2.24899e-13
0.369	3.31645e-13
0.37	4.35912e-13
0.371	5.37012e-13
0.372	6.34223e-13
0.373	7.2689e-13
0.374	8.14345e-13
0.375	8.96025e-13
0.376	9.71349e-13
0.377	1.03981e-12
0.378	1.10096e-12
0.379	1.15436e-12
0.38	1.19966e-12
0.381	1.23659e-12
0.382	1.26488e-12
0.383	1.28436e-12
0.384	1.29494e-12
0.385	1.29653e-12
0.386	1.28914e-12
0.387	1.27285e-12
0.388	1.24776e-12
0.389	1.2141e-12
0.39	1.17212e-12
0.391	1.12209e-12
0.392	1.06438e-12
0.393	9.99407e-13
0.394	9.2764e-13
0.395	8.49554e-13
0.396	7.65722e-13
0.397	6.76713e-13
0.398	5.83167e-13
0.399	4.85696e-13
0.4	3.84995e-13
0.401	2.81736e-13
0.402	1.76645e-13
0.403	7.04487e-14
0.404	-3.61542e-14
0.405	-1.42428e-13
0.406	-2.47651e-13
0.407	-3.51103e-13
0.408	-4.52085e-13
0.409	-5.49919e-13
0.41	-6.43978e-13
0.411	-7.33589e-13
0.412	-8.18157e-13
0.413	-8.97135e-13
0.414	-9.70002e-13
0.415	-1.03626e-12
0.416	-1.09549e-12
0.417	-1.14726e-12
0.418	-1.19128e-12
0.419	-1.22724e-12
0.42	-1.25491e-12
0.421	-1.27413e-12
0.422	-1.28477e-12
0.423	-1.28677e-12
0.424	-1.28014e-12
0.425	-1.26491e-12
0.426	-1.2412e-12
0.427	-1.20921e-12
0.428	-1.16912e-12
0.429	-1.12123e-12
0.43	-1.06586e-12
0.431	-1.0034e-12
0.432	-9.34285e-13
0.433	-8.58948e-13
0.434	-7.77924e-13
0.435	-6.91759e-13
0.436	-6.0102e-13
0.437	-5.0632e-13
0.438	-4.08302e-13
0.439	-3.07615e-13
0.44	-2.04924e-13
0.441	-1.00931e-13
0.442	3.68759e-15
0.443	1.08243e-13
0.444	2.12023e-13
0.445	3.14353e-13
0.446	4.14535e-13
0.447	5.11937e-13
0.448	6.05912e-13
0.449	6.95822e-13
0.45	7.81082e-13
0.451	8.61139e-13
0.452	9.35471e-13
0.453	1.00359e-12
0.454	1.06502e-12
0.455	1.11941e-12
0.456	1.16636e-12
0.457	1.2056e-12
0.458	1.23687e-12
0.459	1.25995e-12
0.46	1.27472e-12
0.461	1.28106e-12
0.462	1.27896e-12
0.463	1.2684e-12
0.464	1.24953e-12
0.465	1.22239e-12
0.466	1.18721e-12
0.467	1.14426e-12
0.468	1.09373e-12
0.469	1.03605e-12
0.47	9.7155e-13
0.471	9.00672e-13
0.472	8.23893e-13
0.473	7.4172e-13
0.474	6.5467e-13
0.475	5.63337e-13
0.476	4.68319e-13
0.477	3.70255e-13
0.478	2.6976e-13
0.479	1.67527e-13
0.48	6.41869e-14
0.481	-3.95402e-14
0.482	-1.42982e-13
0.483	-2.45475e-13
0.484	-3.46345e-13
0.485	-4.44933e-13
0.486	-5.40587e-13
0.487	-6.32685e-13
0.488	-7.20608e-13
0.489	-8.03819e-13
0.49	-8.81751e-13
0.491	-9.53847e-13
0.492	-1.01975e-12
0.493	-1.07891e-12
0.494	-1.131e-12
0.495	-1.17569e-12
0.496	-1.21262e-12
0.497	-1.24164e-12
0.498	-1.26254e-12
0.499	-1.27509e-12
0.5	-1.27933e-12
0.501	-1.27516e-12
0.502	-1.26264e-12
0.503	-1.24183e-12
0.504	-1.21289e-12
0.505	-1.17598e-12
0.506	-1.13135e-12
0.507	-1.07932e-12
0.508	-1.02022e-12
0.509	-9.54406e-13
0.51	-8.82302e-13
0.511	-8.04415e-13
0.512	-7.21273e-13
0.513	-6.33352e-13
0.514	-5.41286e-13
0.515	-4.45655e-13
0.516	-3.4709e-13
0.517	-2.4625e-13
0.518	-1.4375e-13
0.519	-4.0298e-14
0.52	6.34188e-14
0.521	1.66761e-13
0.522	2.69011e-13
0.523	3.69514e-13
0.524	4.6761e-13
0.525	5.62637e-13
0.526	6.54005e-13
0.527	7.41079e-13
0.528	8.23296e-13
0.529	9.00106e-13
0.53	9.71042e-13
0.531	1.03559e-12
0.532	1.09334e-12
0.533	1.14389e-12
0.534	1.18692e-12
0.535	1.22216e-12
0.536	1.24936e-12
0.537	1.26829e-12
0.538	1.2789e-12
0.539	1.28106e-12
0.54	1.27478e-12
0.541	1.26009e-12
0.542	1.23707e-12
0.543	1.20586e-12
0.544	1.16667e-12
0.545	1.11978e-12
0.546	1.06545e-12
0.547	1.00406e-12
0.548	9.35999e-13
0.549	8.61718e-13
0.55	7.81675e-13
0.551	6.96458e-13
0.552	6.06583e-13
0.553	5.12646e-13
0.554	4.15272e-13
0.555	3.15091e-13
0.556	2.12763e-13
0.557	1.08989e-13
0.558	4.45824e-15
0.559	-1.00182e-13
0.56	-2.04179e-13
0.561	-3.06886e-13
0.562	-4.07583e-13
0.563	-5.05633e-13
0.564	-6.00353e-13
0.565	-6.91118e-13
0.566	-7.77337e-13
0.567	-8.5838e-13
0.568	-9.33763e-13
0.569	-1.00295e-12
0.57	-1.06546e-12
0.571	-1.12086e-12
0.572	-1.16879e-12
0.573	-1.20895e-12
0.574	-1.24102e-12
0.575	-1.26479e-12
0.576	-1.28008e-12
0.577	-1.28679e-12
0.578	-1.28485e-12
0.579	-1.27426e-12
0.58	-1.25512e-12
0.581	-1.22751e-12
0.582	-1.19159e-12
0.583	-1.14763e-12
0.584	-1.0959e-12
0.585	-1.03673e-12
0.586	-9.7054e-13
0.587	-8.97713e-13
0.588	-8.18774e-13
0.589	-7.34241e-13
0.59	-6.4467e-13
0.591	-5.50649e-13
0.592	-4.52839e-13
0.593	-3.51873e-13
0.594	-2.48432e-13
0.595	-1.43225e-13
0.596	-3.69522e-14
0.597	6.96472e-14
0.598	1.75878e-13
0.599	2.80962e-13
0.6	3.84235e-13
0.601	4.84967e-13
0.602	5.82455e-13
0.603	6.76054e-13
0.604	7.65099e-13
0.605	8.4897e-13
0.606	9.27098e-13
0.607	9.98921e-13
0.608	1.06393e-12
0.609	1.1217e-12
0.61	1.17179e-12
0.611	1.21385e-12
0.612	1.24756e-12
0.613	1.27269e-12
0.614	1.28906e-12
0.615	1.29651e-12
0.616	1.295e-12
0.617	1.28449e-12
0.618	1.26508e-12
0.619	1.23686e-12
0.62	1.19999e-12
0.621	1.15474e-12
0.622	1.10139e-12
0.623	1.04032e-12
0.624	9.71905e-13
0.625	8.96625e-13
0.626	8.14983e-13
0.627	7.27566e-13
0.628	6.34931e-13
0.629	5.3775e-13
0.63	4.36689e-13
0.631	3.32434e-13
0.632	2.25705e-13
0.633	1.17284e-13
0.634	7.89036e-15
0.635	-1.01671e-13
0.636	-2.10641e-13
0.637	-3.18237e-13
0.638	-4.23717e-13
0.639	-5.26307e-13
0.64	-6.25286e-13
0.641	-7.19921e-13
0.642	-8.09553e-13
0.643	-8.93526e-13
0.644	-9.71201e-13
0.645	-1.04202e-12
0.646	-1.10548e-12
0.647	-1.16108e-12
0.648	-1.20843e-12
0.649	-1.24713e-12
0.65	-1.27692e-12
0.651	-1.29753e-12
0.652	-1.30881e-12
0.653	-1.31064e-12
0.654	-1.30297e-12
0.655	-1.28586e-12
0.656	-1.25939e-12
0.657	-1.22373e-12
0.658	-1.17911e-12
0.659	-1.12584e-12
0.66	-1.06427e-12
0.661	-9.94825e-13
0.662	-9.18003e-13
0.663	-8.34332e-13
0.664	-7.44428e-13
0.665	-6.48911e-13
0.666	-5.48482e-13
0.667	-4.43863e-13
0.668	-3.35796e-13
0.669	-2.25076e-13
0.67	-1.12519e-13
0.671	1.02231e-15
0.672	1.14748e-13
0.673	2.27794e-13
0.674	3.39325e-13
0.675	4.48494e-13
0.676	5.54489e-13
0.677	6.56498e-13
0.678	7.53747e-13
0.679	8.4549e-13
0.68	9.31015e-13
0.681	1.00966e-12
0.682	1.08082e-12
0.683	1.14394e-12
0.684	1.19847e-12
0.685	1.24401e-12
0.686	1.28016e-12
0.687	1.30662e-12
0.688	1.32317e-12
0.689	1.32963e-12
0.69	1.32592e-12
0.691	1.31205e-12
0.692	1.28806e-12
0.693	1.25411e-12
0.694	1.21042e-12
0.695	1.15733e-12
0.696	1.09516e-12
0.697	1.0244e-12
0.698	9.45538e-13
0.699	8.59204e-13
0.7	7.6597e-13
0.701	6.66606e-13
0.702	5.61834e-13
0.703	4.52466e-13
0.704	3.39336e-13
0.705	2.23323e-13
0.706	1.05316e-13
0.707	-1.37238e-14
0.708	-1.32862e-13
0.709	-2.51171e-13
0.71	-3.67688e-13
0.711	-4.81479e-13
0.712	-5.9161e-13
0.713	-6.97207e-13
0.714	-7.97348e-13
0.715	-8.91216e-13
0.716	-9.7801e-13
0.717	-1.057e-12
0.718	-1.12748e-12
0.719	-1.18882e-12
0.72	-1.24045e-12
0.721	-1.28189e-12
0.722	-1.31268e-12
0.723	-1.33251e-12
0.724	-1.34109e-12
0.725	-1.33825e-12
0.726	-1.32386e-12
0.727	-1.29791e-12
0.728	-1.26042e-12
0.729	-1.21154e-12
0.73	-1.15146e-12
0.731	-1.08042e-12
0.732	-9.98786e-13
0.733	-9.06889e-13
0.734	-8.0518e-13
0.735	-6.94087e-13
0.736	-5.74101e-13
0.737	-4.45697e-13
0.738	-3.09369e-13
0.739	-1.65502e-13
0.74	-1.45607e-14
0.741	1.43182e-13
0.742	3.0741e-13
0.743	4.7809e-13
0.744	6.55205e-13
0.745	8.39013e-13
0.746	1.02995e-12
0.747	1.22872e-12
0.748	1.43637e-12
0.749	1.65429e-12
0.75	1.88436e-12
0.751	2.12886e-12
0.752	2.39079e-12
0.753	2.67365e-12
0.754	2.98183e-12
0.755	3.32055e-12
0.756	3.69599e-12
0.757	4.11557e-12
0.758	4.58791e-12
0.759	5.1232e-12
0.76	5.7333e-12
0.761	6.43197e-12
0.762	7.23529e-12
0.763	8.16175e-12
0.764	9.23281e-12
0.765	1.04731e-11
0.766	1.19112e-11
0.767	1.35797e-11
0.768	1.55163e-11
0.769	1.77641e-11
0.77	2.03726e-11
0.771	2.33985e-11
0.772	2.69068e-11
0.773	3.0972e-11
0.774	3.5679e-11
0.775	4.11252e-11
0.776	4.74217e-11
0.777	5.46956e-11
0.778	6.3092e-11
0.779	7.27766e-11
0.78	8.39382e-11
0.781	9.67925e-11
0.782	1.11585e-10
0.783	1.28597e-10
0.784	1.48146e-10
0.785	1.70597e-10
0.786	1.96363e-10
0.787	2.25916e-10
0.788	2.59791e-10
0.789	2.98599e-10
0.79	3.43031e-10
0.791	3.93875e-10
0.792	4.52025e-10
0.793	5.18497e-10
0.794	5.94443e-10
0.795	6.8117e-10
0.796	7.8016e-10
0.797	8.93095e-10
0.798	1.02188e-09
0.799	1.16866e-09
0.8	1.3359e-09
0.801	1.52634e-09
0.802	1.74312e-09
0.803	1.98977e-09
0.804	2.27028e-09
0.805	2.58918e-09
0.806	2.95156e-09
0.807	3.36317e-09
0.808	3.83052e-09
0.809	4.36093e-09
0.81	4.96267e-09
0.811	5.64505e-09
0.812	6.41857e-09
0.813	7.29506e-09
0.814	8.28782e-09
0.815	9.41184e-09
0.816	1.0684e-08
0.817	1.21232e-08
0.818	1.37508e-08
0.819	1.55907e-08
0.82	1.76699e-08
0.821	2.00186e-08
0.822	2.26706e-08
0.823	2.5664e-08
0.824	2.90417e-08
0.825	3.28513e-08
0.826	3.71466e-08
0.827	4.19877e-08
0.828	4.74421e-08
0.829	5.35851e-08
0.83	6.05012e-08
0.831	6.82849e-08
0.832	7.70418e-08
0.833	8.68903e-08
0.834	9.79625e-08
0.835	1.10406e-07
0.836	1.24386e-07
0.837	1.40086e-07
0.838	1.57713e-07
0.839	1.77495e-07
0.84	1.99689e-07
0.841	2.24581e-07
0.842	2.52489e-07
0.843	2.83768e-07
0.844	3.18813e-07
0.845	3.58065e-07
0.846	4.02015e-07
0.847	4.51209e-07
0.848	5.06254e-07
0.849	5.67827e-07
0.85	6.36679e-07
0.851	7.13647e-07
0.852	7.9966e-07
0.853	8.95751e-07
0.854	1.00307e-06
0.855	1.12288e-06
0.856	1.25661e-06
0.857	1.40581e-06
0.858	1.57225e-06
0.859	1.75783e-06
0.86	1.96472e-06
0.861	2.19527e-06
0.862	2.45212e-06
0.863	2.7382e-06
0.864	3.05672e-06
0.865	3.41126e-06
0.866	3.80578e-06
0.867	4.24466e-06
0.868	4.73274e-06
0.869	5.27539e-06
0.87	5.87853e-06
0.871	6.54872e-06
0.872	7.29319e-06
0.873	8.11995e-06
0.874	9.03783e-06
0.875	1.00566e-05
0.876	1.1187e-05
0.877	1.2441e-05
0.878	1.38316e-05
0.879	1.53733e-05
0.88	1.70822e-05
0.881	1.89757e-05
0.882	2.10734e-05
0.883	2.33965e-05
0.884	2.59686e-05
0.885	2.88157e-05
0.886	3.19663e-05
0.887	3.54518e-05
0.888	3.93069e-05
0.889	4.35696e-05
0.89	4.82819e-05
0.891	5.34897e-05
0.892	5.92437e-05
0.893	6.55997e-05
0.894	7.26187e-05
0.895	8.03681e-05
0.896	8.89216e-05
0.897	9.83604e-05
0.898	0.000108773
0.899	0.000120258
0.9	0.000132923
0.901	0.000146884
0.902	0.000162271
0.903	0.000179226
0.904	0.000197904
0.905	0.000218474
0.906	0.000241124
0.907	0.000266058
0.908	0.000293499
0.909	0.000323692
0.91	0.000356906
0.911	0.000393435
0.912	0.000433599
0.913	0.000477751
0.914	0.000526276
0.915	0.000579594
0.916	0.000638165
0.917	0.000702493
0.918	0.000773127
0.919	0.000850669
0.92	0.000935775
0.921	0.00102916
0.922	0.00113161
0.923	0.00124398
0.924	0.00136721
0.925	0.0015023
0.926	0.00165038
0.927	0.00181265
0.928	0.00199045
0.929	0.0021852
0.93	0.00239849
0.931	0.00263203
0.932	0.00288768
0.933	0.00316749
0.934	0.00347367
0.935	0.00380864
0.936	0.00417503
0.937	0.0045757
0.938	0.00501377
0.939	0.00549263
0.94	0.00601599
0.941	0.00658785
0.942	0.00721258
0.943	0.00789494
0.944	0.0086401
0.945	0.00945367
0.946	0.0103418
0.947	0.011311
0.948	0.0123686
0.949	0.0135224
0.95	0.0147809
0.951	0.0161533
0.952	0.0176497
0.953	0.0192809
0.954	0.0210588
0.955	0.0229962
0.956	0.0251069
0.957	0.0274061
0.958	0.0299102
0.959	0.0326368
0.96	0.0356052
0.961	0.0388362
0.962	0.0423525
0.963	0.0461785
0.964	0.0503407
0.965	0.0548678
0.966	0.0597911
0.967	0.0651441
0.968	0.0709633
0.969	0.0772883
0.97	0.0841616
0.971	0.0916297
0.972	0.0997424
0.973	0.108554
0.974	0.118123
0.975	0.128512
0.976	0.139791
0.977	0.152032
0.978	0.165316
0.979	0.17973
0.98	0.195366
0.981	0.212326
0.982	0.230718
0.983	0.25066
0.984	0.272279
0.985	0.295712
0.986	0.321108
0.987	0.348625
0.988	0.378436
0.989	0.410728
0.99	0.4457
0.991	0.48357
0.992	0.524571
0.993	0.568953
0.994	0.61699
0.995	0.668972
0.996	0.725215
0.997	0.786059
0.998	0.85187
0.999	0.923042
