# Interpolation data for function: (2*x-1)^40
0	1
0.001	0.923042
0.002	0.85187
0.003	0.786059
0.004	0.725215
0.005	0.668972
0.006	0.61699
0.007	0.568953
0.008	0.524571
0.009	0.48357
0.01	0.4457
0.011	0.410728
0.012	0.378436
0.013	0.348625
0.014	0.321108
0.015	0.295712
0.016	0.272279
0.017	0.25066
0.018	0.230718
0.019	0.212326
0.02	0.195366
0.021	0.17973
0.022	0.165316
0.023	0.152032
0.024	0.139791
0.025	0.128512
0.026	0.118123
0.027	0.108554
0.028	0.0997424
0.029	0.0916297
0.03	0.0841616
0.031	0.0772883
0.032	0.0709633
0.033	0.0651441
0.034	0.0597911
0.035	0.0548678
0.036	0.0503407
0.037	0.0461785
0.038	0.0423525
0.039	0.0388362
0.04	0.0356052
0.041	0.0326368
0.042	0.0299102
0.043	0.0274061
0.044	0.0251069
0.045	0.0229962
0.046	0.0210588
0.047	0.0192809
0.048	0.0176497
0.049	0.0161533
0.05	0.0147809
0.051	0.0135224
0.052	0.0123686
0.053	0.011311
0.054	0.0103418
0.055	0.00945367
0.056	0.0086401
0.057	0.00789494
0.058	0.00721258
0.059	0.00658785
0.06	0.00601599
0.061	0.00549263
0.062	0.00501377
0.063	0.0045757
0.064	0.00417503
0.065	0.00380864
0.066	0.00347367
0.067	0.00316749
0.068	0.00288768
0.069	0.00263203
0.07	0.00239849
0.071	0.0021852
0.072	0.00199045
0.073	0.00181265
0.074	0.00165038
0.075	0.0015023
0.076	0.00136721
0.077	0.00124398
0.078	0.00113161
0.079	0.00102916
0.08	0.000935775
0.081	0.000850669
0.082	0.000773128
0.083	0.000702493
0.084	0.000638165
0.085	0.000579594
0.086	0.000526276
0.087	0.000477751
0.088	0.000433599
0.089	0.000393435
0.09	0.000356906
0.091	0.000323692
0.092	0.000293499
0.093	0.000266058
0.094	0.000241124
0.095	0.000218475
0.096	0.000197904
0.097	0.000179226
0.098	0.000162271
0.099	0.000146884
0.1	0.000132923
0.101	0.000120258
0.102	0.000108773
0.103	9.83603e-05
0.104	8.89215e-05
0.105	8.0368e-05
0.106	7.26187e-05
0.107	6.55996e-05
0.108	5.92437e-05
0.109	5.34896e-05
0.11	4.82818e-05
0.111	4.35696e-05
0.112	3.93068e-05
0.113	3.54518e-05
0.114	3.19662e-05
0.115	2.88156e-05
0.116	2.59686e-05
0.117	2.33965e-05
0.118	2.10734e-05
0.119	1.89757e-05
0.12	1.70822e-05
0.121	1.53733e-05
0.122	1.38316e-05
0.123	1.2441e-05
0.124	1.1187e-05
0.125	1.00566e-05
0.126	9.03785e-06
0.127	8.11998e-06
0.128	7.29323e-06
0.129	6.54876e-06
0.13	5.87858e-06
0.131	5.27544e-06
0.132	4.7328e-06
0.133	4.24471e-06
0.134	3.80584e-06
0.135	3.41132e-06
0.136	3.05678e-06
0.137	2.73826e-06
0.138	2.45218e-06
0.139	2.19533e-06
0.14	1.96477e-06
0.141	1.75788e-06
0.142	1.57229e-06
0.143	1.40586e-06
0.144	1.25664e-06
0.145	1.12291e-06
0.146	1.00309e-06
0.147	8.95771e-07
0.148	7.99674e-07
0.149	7.13654e-07
0.15	6.3668e-07
0.151	5.67821e-07
0.152	5.06242e-07
0.153	4.5119e-07
0.154	4.01991e-07
0.155	3.58035e-07
0.156	3.18778e-07
0.157	2.83728e-07
0.158	2.52445e-07
0.159	2.24533e-07
0.16	1.99638e-07
0.161	1.77441e-07
0.162	1.57657e-07
0.163	1.40029e-07
0.164	1.24327e-07
0.165	1.10347e-07
0.166	9.79042e-08
0.167	8.6833e-08
0.168	7.69862e-08
0.169	6.82314e-08
0.17	6.04505e-08
0.171	5.35377e-08
0.172	4.73985e-08
0.173	4.19483e-08
0.174	3.71117e-08
0.175	3.28214e-08
0.176	2.90169e-08
0.177	2.56448e-08
0.178	2.26569e-08
0.179	2.00106e-08
0.18	1.76678e-08
0.181	1.55944e-08
0.182	1.37601e-08
0.183	1.21381e-08
0.184	1.07043e-08
0.185	9.4374e-09
0.186	8.31831e-09
0.187	7.33016e-09
0.188	6.45793e-09
0.189	5.68826e-09
0.19	5.0093e-09
0.191	4.41052e-09
0.192	3.88259e-09
0.193	3.41721e-09
0.194	3.00704e-09
0.195	2.64558e-09
0.196	2.32707e-09
0.197	2.04641e-09
0.198	1.79908e-09
0.199	1.5811e-09
0.2	1.38896e-09
0.201	1.21954e-09
0.202	1.07011e-09
0.203	9.38248e-10
0.204	8.21836e-10
0.205	7.19e-10
0.206	6.28099e-10
0.207	5.47689e-10
0.208	4.76507e-10
0.209	4.13442e-10
0.21	3.57527e-10
0.211	3.07912e-10
0.212	2.63857e-10
0.213	2.24716e-10
0.214	1.89926e-10
0.215	1.58997e-10
0.216	1.31502e-10
0.217	1.07071e-10
0.218	8.53819e-11
0.219	6.61537e-11
0.22	4.91434e-11
0.221	3.41391e-11
0.222	2.09561e-11
0.223	9.43317e-12
0.224	-5.71058e-13
0.225	-9.18097e-12
0.226	-1.65067e-11
0.227	-2.26463e-11
0.228	-2.76877e-11
0.229	-3.17106e-11
0.23	-3.47881e-11
0.231	-3.69873e-11
0.232	-3.83713e-11
0.233	-3.89995e-11
0.234	-3.89284e-11
0.235	-3.82126e-11
0.236	-3.69049e-11
0.237	-3.50569e-11
0.238	-3.27194e-11
0.239	-2.99423e-11
0.24	-2.6775e-11
0.241	-2.32667e-11
0.242	-1.94655e-11
0.243	-1.54197e-11
0.244	-1.11766e-11
0.245	-6.78313e-12
0.246	-2.28517e-12
0.247	2.27207e-12
0.248	6.84463e-12
0.249	1.13897e-11
0.25	1.58661e-11
0.251	2.02341e-11
0.252	2.44559e-11
0.253	2.84957e-11
0.254	3.23199e-11
0.255	3.58973e-11
0.256	3.91992e-11
0.257	4.21994e-11
0.258	4.48749e-11
0.259	4.72053e-11
0.26	4.91732e-11
0.261	5.07644e-11
0.262	5.19678e-11
0.263	5.27755e-11
0.264	5.31827e-11
0.265	5.31877e-11
0.266	5.27921e-11
0.267	5.20005e-11
0.268	5.08204e-11
0.269	4.92623e-11
0.27	4.73396e-11
0.271	4.50683e-11
0.272	4.24666e-11
0.273	3.95556e-11
0.274	3.63581e-11
0.275	3.28991e-11
0.276	2.92054e-11
0.277	2.53052e-11
0.278	2.12281e-11
0.279	1.7005e-11
0.28	1.26673e-11
0.281	8.24721e-12
0.282	3.77743e-12
0.283	-7.09287e-13
0.284	-5.18032e-12
0.285	-9.60332e-12
0.286	-1.39465e-11
0.287	-1.81789e-11
0.288	-2.22704e-11
0.289	-2.61923e-11
0.29	-2.99171e-11
0.291	-3.3419e-11
0.292	-3.6674e-11
0.293	-3.96598e-11
0.294	-4.23564e-11
0.295	-4.47457e-11
0.296	-4.68122e-11
0.297	-4.85424e-11
0.298	-4.99256e-11
0.299	-5.09534e-11
0.3	-5.16201e-11
0.301	-5.19223e-11
0.302	-5.18594e-11
0.303	-5.14332e-11
0.304	-5.06483e-11
0.305	-4.95114e-11
0.306	-4.80318e-11
0.307	-4.62211e-11
0.308	-4.40931e-11
0.309	-4.16638e-11
0.31	-3.8951e-11
0.311	-3.59745e-11
0.312	-3.27558e-11
0.313	-2.93179e-11
0.314	-2.56851e-11
0.315	-2.18831e-11
0.316	-1.79384e-11
0.317	-1.38784e-11
0.318	-9.73129e-12
0.319	-5.52549e-12
0.32	-1.28977e-12
0.321	2.94705e-12
0.322	7.1563e-12
0.323	1.13096e-11
0.324	1.53793e-11
0.325	1.9338e-11
0.326	2.31597e-11
0.327	2.68191e-11
0.328	3.02922e-11
0.329	3.35564e-11
0.33	3.65907e-11
0.331	3.93753e-11
0.332	4.18928e-11
0.333	4.41271e-11
0.334	4.60643e-11
0.335	4.76925e-11
0.336	4.90019e-11
0.337	4.99848e-11
0.338	5.06358e-11
0.339	5.09515e-11
0.34	5.09309e-11
0.341	5.05752e-11
0.342	4.98876e-11
0.343	4.88737e-11
0.344	4.7541e-11
0.345	4.58992e-11
0.346	4.396e-11
0.347	4.17367e-11
0.348	3.92447e-11
0.349	3.65009e-11
0.35	3.35238e-11
0.351	3.03334e-11
0.352	2.6951e-11
0.353	2.33988e-11
0.354	1.97004e-11
0.355	1.588e-11
0.356	1.19624e-11
0.357	7.97317e-12
0.358	3.93811e-12
0.359	-1.16797e-13
0.36	-4.16547e-12
0.361	-8.18207e-12
0.362	-1.2141e-11
0.363	-1.6017e-11
0.364	-1.97857e-11
0.365	-2.34234e-11
0.366	-2.69071e-11
0.367	-3.02151e-11
0.368	-3.3327e-11
0.369	-3.62232e-11
0.37	-3.88862e-11
0.371	-4.12996e-11
0.372	-4.34486e-11
0.373	-4.53204e-11
0.374	-4.69038e-11
0.375	-4.81894e-11
0.376	-4.91699e-11
0.377	-4.98397e-11
0.378	-5.01954e-11
0.379	-5.02354e-11
0.38	-4.99601e-11
0.381	-4.9372e-11
0.382	-4.84754e-11
0.383	-4.72765e-11
0.384	-4.57834e-11
0.385	-4.40061e-11
0.386	-4.19563e-11
0.387	-3.96472e-11
0.388	-3.70937e-11
0.389	-3.43122e-11
0.39	-3.13203e-11
0.391	-2.8137e-11
0.392	-2.47825e-11
0.393	-2.12777e-11
0.394	-1.76447e-11
0.395	-1.39061e-11
0.396	-1.00852e-11
0.397	-6.20566e-12
0.398	-2.29152e-12
0.399	1.63306e-12
0.4	5.54393e-12
0.401	9.41709e-12
0.402	1.32288e-11
0.403	1.69559e-11
0.404	2.05755e-11
0.405	2.40658e-11
0.406	2.74055e-11
0.407	3.05746e-11
0.408	3.35538e-11
0.409	3.63254e-11
0.41	3.88728e-11
0.411	4.11807e-11
0.412	4.32356e-11
0.413	4.50252e-11
0.414	4.65391e-11
0.415	4.77685e-11
0.416	4.87064e-11
0.417	4.93475e-11
0.418	4.96883e-11
0.419	4.97273e-11
0.42	4.94645e-11
0.421	4.89021e-11
0.422	4.80437e-11
0.423	4.68951e-11
0.424	4.54635e-11
0.425	4.3758e-11
0.426	4.17892e-11
0.427	3.95693e-11
0.428	3.7112e-11
0.429	3.44325e-11
0.43	3.15471e-11
0.431	2.84734e-11
0.432	2.52301e-11
0.433	2.1837e-11
0.434	1.83146e-11
0.435	1.46841e-11
0.436	1.09676e-11
0.437	7.18726e-12
0.438	3.36596e-12
0.439	-4.73403e-13
0.44	-4.30782e-12
0.441	-8.11436e-12
0.442	-1.18703e-11
0.443	-1.55531e-11
0.444	-1.9141e-11
0.445	-2.26126e-11
0.446	-2.59472e-11
0.447	-2.91252e-11
0.448	-3.21276e-11
0.449	-3.49367e-11
0.45	-3.7536e-11
0.451	-3.99101e-11
0.452	-4.20452e-11
0.453	-4.39286e-11
0.454	-4.55494e-11
0.455	-4.68981e-11
0.456	-4.79669e-11
0.457	-4.87498e-11
0.458	-4.92422e-11
0.459	-4.94414e-11
0.46	-4.93465e-11
0.461	-4.89582e-11
0.462	-4.82791e-11
0.463	-4.73133e-11
0.464	-4.60667e-11
0.465	-4.4547e-11
0.466	-4.27632e-11
0.467	-4.07262e-11
0.468	-3.84481e-11
0.469	-3.59426e-11
0.47	-3.32246e-11
0.471	-3.03104e-11
0.472	-2.72172e-11
0.473	-2.39634e-11
0.474	-2.05685e-11
0.475	-1.70525e-11
0.476	-1.34362e-11
0.477	-9.74119e-12
0.478	-5.98925e-12
0.479	-2.20258e-12
0.48	1.59641e-12
0.481	5.38529e-12
0.482	9.14168e-12
0.483	1.28434e-11
0.484	1.64686e-11
0.485	1.99958e-11
0.486	2.34043e-11
0.487	2.66741e-11
0.488	2.97857e-11
0.489	3.27209e-11
0.49	3.54624e-11
0.491	3.79941e-11
0.492	4.0301e-11
0.493	4.23695e-11
0.494	4.41876e-11
0.495	4.57444e-11
0.496	4.70308e-11
0.497	4.80393e-11
0.498	4.87639e-11
0.499	4.92004e-11
0.5	4.93461e-11
0.501	4.92003e-11
0.502	4.87638e-11
0.503	4.80391e-11
0.504	4.70305e-11
0.505	4.5744e-11
0.506	4.41871e-11
0.507	4.2369e-11
0.508	4.03004e-11
0.509	3.79934e-11
0.51	3.54617e-11
0.511	3.27202e-11
0.512	2.97849e-11
0.513	2.66732e-11
0.514	2.34034e-11
0.515	1.99948e-11
0.516	1.64676e-11
0.517	1.28423e-11
0.518	9.14064e-12
0.519	5.38425e-12
0.52	1.59535e-12
0.521	-2.20365e-12
0.522	-5.99032e-12
0.523	-9.74226e-12
0.524	-1.34373e-11
0.525	-1.70535e-11
0.526	-2.05695e-11
0.527	-2.39644e-11
0.528	-2.72181e-11
0.529	-3.03113e-11
0.53	-3.32255e-11
0.531	-3.59434e-11
0.532	-3.84489e-11
0.533	-4.07269e-11
0.534	-4.27639e-11
0.535	-4.45476e-11
0.536	-4.60672e-11
0.537	-4.73137e-11
0.538	-4.82795e-11
0.539	-4.89586e-11
0.54	-4.93468e-11
0.541	-4.94416e-11
0.542	-4.92423e-11
0.543	-4.87498e-11
0.544	-4.79669e-11
0.545	-4.68979e-11
0.546	-4.55491e-11
0.547	-4.39283e-11
0.548	-4.20448e-11
0.549	-3.99097e-11
0.55	-3.75355e-11
0.551	-3.49361e-11
0.552	-3.21269e-11
0.553	-2.91244e-11
0.554	-2.59465e-11
0.555	-2.26118e-11
0.556	-1.91402e-11
0.557	-1.55522e-11
0.558	-1.18693e-11
0.559	-8.11338e-12
0.56	-4.30681e-12
0.561	-4.72377e-13
0.562	3.36701e-12
0.563	7.18831e-12
0.564	1.09686e-11
0.565	1.46852e-11
0.566	1.83156e-11
0.567	2.1838e-11
0.568	2.52311e-11
0.569	2.84744e-11
0.57	3.1548e-11
0.571	3.44334e-11
0.572	3.71129e-11
0.573	3.95702e-11
0.574	4.179e-11
0.575	4.37587e-11
0.576	4.54642e-11
0.577	4.68957e-11
0.578	4.80443e-11
0.579	4.89025e-11
0.58	4.94649e-11
0.581	4.97276e-11
0.582	4.96886e-11
0.583	4.93477e-11
0.584	4.87065e-11
0.585	4.77685e-11
0.586	4.6539e-11
0.587	4.5025e-11
0.588	4.32353e-11
0.589	4.11804e-11
0.59	3.88724e-11
0.591	3.6325e-11
0.592	3.35533e-11
0.593	3.0574e-11
0.594	2.74049e-11
0.595	2.40651e-11
0.596	2.05747e-11
0.597	1.6955e-11
0.598	1.3228e-11
0.599	9.41615e-12
0.6	5.54295e-12
0.601	1.63205e-12
0.602	-2.29257e-12
0.603	-6.20671e-12
0.604	-1.00863e-11
0.605	-1.39072e-11
0.606	-1.76458e-11
0.607	-2.12788e-11
0.608	-2.47836e-11
0.609	-2.81381e-11
0.61	-3.13214e-11
0.611	-3.43132e-11
0.612	-3.70947e-11
0.613	-3.96482e-11
0.614	-4.19572e-11
0.615	-4.40071e-11
0.616	-4.57843e-11
0.617	-4.72773e-11
0.618	-4.84761e-11
0.619	-4.93726e-11
0.62	-4.99607e-11
0.621	-5.02359e-11
0.622	-5.01958e-11
0.623	-4.98401e-11
0.624	-4.91701e-11
0.625	-4.81896e-11
0.626	-4.69039e-11
0.627	-4.53204e-11
0.628	-4.34486e-11
0.629	-4.12994e-11
0.63	-3.8886e-11
0.631	-3.62229e-11
0.632	-3.33266e-11
0.633	-3.02147e-11
0.634	-2.69065e-11
0.635	-2.34227e-11
0.636	-1.9785e-11
0.637	-1.60163e-11
0.638	-1.21401e-11
0.639	-8.18119e-12
0.64	-4.16456e-12
0.641	-1.15812e-13
0.642	3.93912e-12
0.643	7.97421e-12
0.644	1.19635e-11
0.645	1.58811e-11
0.646	1.97016e-11
0.647	2.34e-11
0.648	2.69521e-11
0.649	3.03346e-11
0.65	3.35249e-11
0.651	3.6502e-11
0.652	3.92457e-11
0.653	4.17377e-11
0.654	4.3961e-11
0.655	4.59002e-11
0.656	4.75419e-11
0.657	4.88745e-11
0.658	4.98884e-11
0.659	5.05759e-11
0.66	5.09316e-11
0.661	5.09521e-11
0.662	5.06363e-11
0.663	4.99853e-11
0.664	4.90023e-11
0.665	4.76928e-11
0.666	4.60645e-11
0.667	4.41272e-11
0.668	4.18928e-11
0.669	3.93753e-11
0.67	3.65905e-11
0.671	3.35562e-11
0.672	3.02918e-11
0.673	2.68186e-11
0.674	2.31591e-11
0.675	1.93374e-11
0.676	1.53785e-11
0.677	1.13089e-11
0.678	7.15545e-12
0.679	2.94613e-12
0.68	-1.29075e-12
0.681	-5.52652e-12
0.682	-9.73238e-12
0.683	-1.38795e-11
0.684	-1.79395e-11
0.685	-2.18843e-11
0.686	-2.56863e-11
0.687	-2.93191e-11
0.688	-3.27571e-11
0.689	-3.59758e-11
0.69	-3.89522e-11
0.691	-4.1665e-11
0.692	-4.40943e-11
0.693	-4.62223e-11
0.694	-4.8033e-11
0.695	-4.95125e-11
0.696	-5.06493e-11
0.697	-5.14342e-11
0.698	-5.18603e-11
0.699	-5.19231e-11
0.7	-5.16209e-11
0.701	-5.09541e-11
0.702	-4.99262e-11
0.703	-4.85429e-11
0.704	-4.68126e-11
0.705	-4.47461e-11
0.706	-4.23566e-11
0.707	-3.966e-11
0.708	-3.6674e-11
0.709	-3.3419e-11
0.71	-2.99169e-11
0.711	-2.6192e-11
0.712	-2.227e-11
0.713	-1.81784e-11
0.714	-1.3946e-11
0.715	-9.60269e-12
0.716	-5.1796e-12
0.717	-7.0849e-13
0.718	3.77832e-12
0.719	8.24815e-12
0.72	1.26683e-11
0.721	1.7006e-11
0.722	2.12293e-11
0.723	2.53064e-11
0.724	2.92066e-11
0.725	3.29003e-11
0.726	3.63593e-11
0.727	3.95568e-11
0.728	4.24679e-11
0.729	4.50695e-11
0.73	4.73409e-11
0.731	4.92636e-11
0.732	5.08216e-11
0.733	5.20016e-11
0.734	5.27932e-11
0.735	5.31887e-11
0.736	5.31837e-11
0.737	5.27764e-11
0.738	5.19686e-11
0.739	5.07652e-11
0.74	4.91738e-11
0.741	4.72058e-11
0.742	4.48754e-11
0.743	4.21998e-11
0.744	3.91994e-11
0.745	3.58974e-11
0.746	3.232e-11
0.747	2.84956e-11
0.748	2.44557e-11
0.749	2.02338e-11
0.75	1.58657e-11
0.751	1.13892e-11
0.752	6.844e-12
0.753	2.27134e-12
0.754	-2.28602e-12
0.755	-6.78403e-12
0.756	-1.11777e-11
0.757	-1.54208e-11
0.758	-1.94667e-11
0.759	-2.32679e-11
0.76	-2.67763e-11
0.761	-2.99436e-11
0.762	-3.27207e-11
0.763	-3.50583e-11
0.764	-3.69062e-11
0.765	-3.8214e-11
0.766	-3.89298e-11
0.767	-3.90008e-11
0.768	-3.83727e-11
0.769	-3.69886e-11
0.77	-3.47893e-11
0.771	-3.17118e-11
0.772	-2.76888e-11
0.773	-2.26473e-11
0.774	-1.65077e-11
0.775	-9.18187e-12
0.776	-5.71847e-13
0.777	9.43246e-12
0.778	2.09555e-11
0.779	3.41386e-11
0.78	4.9143e-11
0.781	6.61535e-11
0.782	8.53818e-11
0.783	1.07071e-10
0.784	1.31503e-10
0.785	1.58997e-10
0.786	1.89926e-10
0.787	2.24716e-10
0.788	2.63858e-10
0.789	3.07913e-10
0.79	3.57528e-10
0.791	4.13443e-10
0.792	4.76508e-10
0.793	5.4769e-10
0.794	6.281e-10
0.795	7.19001e-10
0.796	8.21837e-10
0.797	9.3825e-10
0.798	1.07011e-09
0.799	1.21954e-09
0.8	1.38896e-09
0.801	1.5811e-09
0.802	1.79908e-09
0.803	2.04641e-09
0.804	2.32707e-09
0.805	2.64559e-09
0.806	3.00704e-09
0.807	3.41721e-09
0.808	3.88259e-09
0.809	4.41052e-09
0.81	5.0093e-09
0.811	5.68826e-09
0.812	6.45793e-09
0.813	7.33016e-09
0.814	8.31831e-09
0.815	9.4374e-09
0.816	1.07043e-08
0.817	1.21381e-08
0.818	1.37601e-08
0.819	1.55944e-08
0.82	1.76678e-08
0.821	2.00106e-08
0.822	2.26569e-08
0.823	2.56448e-08
0.824	2.90169e-08
0.825	3.28214e-08
0.826	3.71117e-08
0.827	4.19483e-08
0.828	4.73985e-08
0.829	5.35377e-08
0.83	6.04505e-08
0.831	6.82314e-08
0.832	7.69862e-08
0.833	8.6833e-08
0.834	9.79042e-08
0.835	1.10347e-07
0.836	1.24327e-07
0.837	1.40029e-07
0.838	1.57657e-07
0.839	1.77441e-07
0.84	1.99638e-07
0.841	2.24533e-07
0.842	2.52445e-07
0.843	2.83728e-07
0.844	3.18778e-07
0.845	3.58035e-07
0.846	4.01991e-07
0.847	4.5119e-07
0.848	5.06242e-07
0.849	5.67821e-07
0.85	6.3668e-07
0.851	7.13654e-07
0.852	7.99674e-07
0.853	8.95771e-07
0.854	1.00309e-06
0.855	1.12291e-06
0.856	1.25664e-06
0.857	1.40586e-06
0.858	1.57229e-06
0.859	1.75788e-06
0.86	1.96477e-06
0.861	2.19533e-06
0.862	2.45218e-06
0.863	2.73826e-06
0.864	3.05678e-06
0.865	3.41132e-06
0.866	3.80584e-06
0.867	4.24471e-06
0.868	4.7328e-06
0.869	5.27544e-06
0.87	5.87858e-06
0.871	6.54876e-06
0.872	7.29323e-06
0.873	8.11998e-06
0.874	9.03785e-06
0.875	1.00566e-05
0.876	1.1187e-05
0.877	1.2441e-05
0.878	1.38316e-05
0.879	1.53733e-05
0.88	1.70822e-05
0.881	1.89757e-05
0.882	2.10734e-05
0.883	2.33965e-05
0.884	2.59686e-05
0.885	2.88156e-05
0.886	3.19662e-05
0.887	3.54518e-05
0.888	3.93068e-05
0.889	4.35696e-05
0.89	4.82818e-05
0.891	5.34896e-05
0.892	5.92437e-05
0.893	6.55996e-05
0.894	7.26187e-05
0.895	8.0368e-05
0.896	8.89215e-05
0.897	9.83603e-05
0.898	0.000108773
0.899	0.000120258
0.9	0.000132923
0.901	0.000146884
0.902	0.000162271
0.903	0.000179226
0.904	0.000197904
0.905	0.000218475
0.906	0.000241124
0.907	0.000266058
0.908	0.000293499
0.909	0.000323692
0.91	0.000356906
0.911	0.000393435
0.912	0.000433599
0.913	0.000477751
0.914	0.000526276
0.915	0.000579594
0.916	0.000638165
0.917	0.000702493
0.918	0.000773128
0.919	0.000850669
0.92	0.000935775
0.921	0.00102916
0.922	0.00113161
0.923	0.00124398
0.924	0.00136721
0.925	0.0015023
0.926	0.00165038
0.927	0.00181265
0.928	0.00199045
0.929	0.0021852
0.93	0.00239849
0.931	0.00263203
0.932	0.00288768
0.933	0.00316749
0.934	0.00347367
0.935	0.00380864
0.936	0.00417503
0.937	0.0045757
0.938	0.00501377
0.939	0.00549263
0.94	0.00601599
0.941	0.00658785
0.942	0.00721258
0.943	0.00789494
0.944	0.0086401
0.945	0.00945367
0.946	0.0103418
0.947	0.011311
0.948	0.0123686
0.949	0.0135224
0.95	0.0147809
0.951	0.0161533
0.952	0.0176497
0.953	0.0192809
0.954	0.0210588
0.955	0.0229962
0.956	0.0251069
0.957	0.0274061
0.958	0.0299102
0.959	0.0326368
0.96	0.0356052
0.961	0.0388362
0.962	0.0423525
0.963	0.0461785
0.964	0.0503407
0.965	0.0548678
0.966	0.0597911
0.967	0.0651441
0.968	0.0709633
0.969	0.0772883
0.97	0.0841616
0.971	0.0916297
0.972	0.0997424
0.973	0.108554
0.974	0.118123
0.975	0.128512
0.976	0.139791
0.977	0.152032
0.978	0.165316
0.979	0.17973
0.98	0.195366
0.981	0.212326
0.982	0.230718
0.983	0.25066
0.984	0.272279
0.985	0.295712
0.986	0.321108
0.987	0.348625
0.988	0.378436
0.989	0.410728
0.99	0.4457
0.991	0.48357
0.992	0.524571
0.993	0.568953
0.994	0.61699
0.995	0.668972
0.996	0.725215
0.997	0.786059
0.998	0.85187
0.999	0.923042
