# Interpolation data for function: (2*x-1)^40
0	0.310267
0.001	0.306153
0.002	0.302073
0.003	0.298024
0.004	0.294007
0.005	0.290022
0.006	0.286069
0.007	0.282147
0.008	0.278256
0.009	0.274397
0.01	0.270569
0.011	0.266772
0.012	0.263006
0.013	0.25927
0.014	0.255565
0.015	0.251891
0.016	0.248246
0.017	0.244632
0.018	0.241048
0.019	0.237493
0.02	0.233969
0.021	0.230474
0.022	0.227008
0.023	0.223571
0.024	0.220164
0.025	0.216786
0.026	0.213436
0.027	0.210116
0.028	0.206824
0.029	0.20356
0.03	0.200325
0.031	0.197117
0.032	0.193938
0.033	0.190787
0.034	0.187664
0.035	0.184568
0.036	0.1815
0.037	0.178459
0.038	0.175445
0.039	0.172459
0.04	0.169499
0.041	0.166566
0.042	0.16366
0.043	0.160781
0.044	0.157928
0.045	0.155101
0.046	0.1523
0.047	0.149526
0.048	0.146777
0.049	0.144055
0.05	0.141357
0.051	0.138686
0.052	0.136039
0.053	0.133418
0.054	0.130823
0.055	0.128252
0.056	0.125706
0.057	0.123184
0.058	0.120688
0.059	0.118216
0.06	0.115768
0.061	0.113344
0.062	0.110945
0.063	0.108569
0.064	0.106218
0.065	0.10389
0.066	0.101586
0.067	0.0993047
0.068	0.0970472
0.069	0.0948129
0.07	0.0926017
0.071	0.0904135
0.072	0.0882481
0.073	0.0861055
0.074	0.0839854
0.075	0.0818879
0.076	0.0798126
0.077	0.0777596
0.078	0.0757288
0.079	0.0737198
0.08	0.0717328
0.081	0.0697675
0.082	0.0678238
0.083	0.0659016
0.084	0.0640008
0.085	0.0621212
0.086	0.0602628
0.087	0.0584253
0.088	0.0566088
0.089	0.0548131
0.09	0.053038
0.091	0.0512834
0.092	0.0495493
0.093	0.0478354
0.094	0.0461418
0.095	0.0444682
0.096	0.0428145
0.097	0.0411807
0.098	0.0395666
0.099	0.0379721
0.1	0.0363971
0.101	0.0348414
0.102	0.033305
0.103	0.0317877
0.104	0.0302894
0.105	0.02881
0.106	0.0273494
0.107	0.0259075
0.108	0.0244842
0.109	0.0230793
0.11	0.0216927
0.111	0.0203244
0.112	0.0189741
0.113	0.0176419
0.114	0.0163275
0.115	0.0150309
0.116	0.0137519
0.117	0.0124905
0.118	0.0112466
0.119	0.0100199
0.12	0.00881052
0.121	0.0076182
0.122	0.00644287
0.123	0.00528443
0.124	0.00414276
0.125	0.00301776
0.126	0.00190932
0.127	0.000817321
0.128	-0.000258334
0.129	-0.00131776
0.13	-0.00236105
0.131	-0.00338834
0.132	-0.00439971
0.133	-0.00539527
0.134	-0.00637514
0.135	-0.00733942
0.136	-0.00828821
0.137	-0.00922162
0.138	-0.0101398
0.139	-0.0110427
0.14	-0.0119306
0.141	-0.0128036
0.142	-0.0136617
0.143	-0.014505
0.144	-0.0153337
0.145	-0.0161478
0.146	-0.0169475
0.147	-0.0177329
0.148	-0.018504
0.149	-0.019261
0.15	-0.020004
0.151	-0.020733
0.152	-0.0214482
0.153	-0.0221497
0.154	-0.0228375
0.155	-0.0235118
0.156	-0.0241727
0.157	-0.0248202
0.158	-0.0254545
0.159	-0.0260757
0.16	-0.0266839
0.161	-0.0272791
0.162	-0.0278615
0.163	-0.0284312
0.164	-0.0289882
0.165	-0.0295327
0.166	-0.0300647
0.167	-0.0305844
0.168	-0.0310918
0.169	-0.0315871
0.17	-0.0320703
0.171	-0.0325416
0.172	-0.033001
0.173	-0.0334486
0.174	-0.0338846
0.175	-0.034309
0.176	-0.0347218
0.177	-0.0351233
0.178	-0.0355135
0.179	-0.0358925
0.18	-0.0362604
0.181	-0.0366172
0.182	-0.0369631
0.183	-0.0372982
0.184	-0.0376226
0.185	-0.0379363
0.186	-0.0382394
0.187	-0.038532
0.188	-0.0388143
0.189	-0.0390863
0.19	-0.0393481
0.191	-0.0395998
0.192	-0.0398415
0.193	-0.0400732
0.194	-0.0402951
0.195	-0.0405073
0.196	-0.0407098
0.197	-0.0409027
0.198	-0.0410861
0.199	-0.0412601
0.2	-0.0414248
0.201	-0.0415803
0.202	-0.0417267
0.203	-0.041864
0.204	-0.0419923
0.205	-0.0421118
0.206	-0.0422225
0.207	-0.0423244
0.208	-0.0424178
0.209	-0.0425026
0.21	-0.0425789
0.211	-0.0426469
0.212	-0.0427066
0.213	-0.042758
0.214	-0.0428014
0.215	-0.0428367
0.216	-0.0428641
0.217	-0.0428836
0.218	-0.0428954
0.219	-0.0428994
0.22	-0.0428957
0.221	-0.0428846
0.222	-0.042866
0.223	-0.04284
0.224	-0.0428067
0.225	-0.0427661
0.226	-0.0427185
0.227	-0.0426637
0.228	-0.042602
0.229	-0.0425334
0.23	-0.0424579
0.231	-0.0423757
0.232	-0.0422869
0.233	-0.0421914
0.234	-0.0420895
0.235	-0.0419811
0.236	-0.0418663
0.237	-0.0417452
0.238	-0.041618
0.239	-0.0414846
0.24	-0.0413452
0.241	-0.0411997
0.242	-0.0410484
0.243	-0.0408912
0.244	-0.0407283
0.245	-0.0405597
0.246	-0.0403855
0.247	-0.0402058
0.248	-0.0400206
0.249	-0.03983
0.25	-0.0396341
0.251	-0.039433
0.252	-0.0392267
0.253	-0.0390153
0.254	-0.0387989
0.255	-0.0385775
0.256	-0.0383512
0.257	-0.0381202
0.258	-0.0378844
0.259	-0.0376439
0.26	-0.0373988
0.261	-0.0371492
0.262	-0.0368951
0.263	-0.0366366
0.264	-0.0363738
0.265	-0.0361068
0.266	-0.0358355
0.267	-0.0355602
0.268	-0.0352808
0.269	-0.0349974
0.27	-0.0347101
0.271	-0.0344189
0.272	-0.034124
0.273	-0.0338253
0.274	-0.033523
0.275	-0.0332171
0.276	-0.0329076
0.277	-0.0325948
0.278	-0.0322785
0.279	-0.0319589
0.28	-0.031636
0.281	-0.03131
0.282	-0.0309808
0.283	-0.0306485
0.284	-0.0303132
0.285	-0.029975
0.286	-0.0296339
0.287	-0.02929
0.288	-0.0289433
0.289	-0.0285939
0.29	-0.0282419
0.291	-0.0278873
0.292	-0.0275302
0.293	-0.0271706
0.294	-0.0268086
0.295	-0.0264443
0.296	-0.0260778
0.297	-0.025709
0.298	-0.025338
0.299	-0.024965
0.3	-0.0245899
0.301	-0.0242128
0.302	-0.0238338
0.303	-0.023453
0.304	-0.0230703
0.305	-0.0226859
0.306	-0.0222998
0.307	-0.021912
0.308	-0.0215227
0.309	-0.0211318
0.31	-0.0207395
0.311	-0.0203457
0.312	-0.0199506
0.313	-0.0195542
0.314	-0.0191565
0.315	-0.0187576
0.316	-0.0183576
0.317	-0.0179565
0.318	-0.0175543
0.319	-0.0171512
0.32	-0.0167471
0.321	-0.0163421
0.322	-0.0159363
0.323	-0.0155298
0.324	-0.0151225
0.325	-0.0147145
0.326	-0.0143059
0.327	-0.0138968
0.328	-0.0134871
0.329	-0.0130769
0.33	-0.0126663
0.331	-0.0122554
0.332	-0.0118441
0.333	-0.0114325
0.334	-0.0110207
0.335	-0.0106088
0.336	-0.0101967
0.337	-0.00978448
0.338	-0.00937226
0.339	-0.00896005
0.34	-0.0085479
0.341	-0.00813585
0.342	-0.00772395
0.343	-0.00731224
0.344	-0.00690078
0.345	-0.0064896
0.346	-0.00607876
0.347	-0.00566829
0.348	-0.00525825
0.349	-0.00484866
0.35	-0.00443959
0.351	-0.00403107
0.352	-0.00362315
0.353	-0.00321586
0.354	-0.00280926
0.355	-0.00240338
0.356	-0.00199827
0.357	-0.00159397
0.358	-0.00119051
0.359	-0.000787948
0.36	-0.000386316
0.361	1.43427e-05
0.362	0.000413988
0.363	0.000812581
0.364	0.00121008
0.365	0.00160645
0.366	0.00200164
0.367	0.00239563
0.368	0.00278836
0.369	0.00317981
0.37	0.00356993
0.371	0.00395868
0.372	0.00434604
0.373	0.00473196
0.374	0.0051164
0.375	0.00549933
0.376	0.00588071
0.377	0.0062605
0.378	0.00663868
0.379	0.0070152
0.38	0.00739003
0.381	0.00776313
0.382	0.00813447
0.383	0.00850402
0.384	0.00887174
0.385	0.0092376
0.386	0.00960156
0.387	0.00996359
0.388	0.0103237
0.389	0.0106817
0.39	0.0110378
0.391	0.0113918
0.392	0.0117437
0.393	0.0120934
0.394	0.0124411
0.395	0.0127865
0.396	0.0131297
0.397	0.0134707
0.398	0.0138094
0.399	0.0141458
0.4	0.0144799
0.401	0.0148116
0.402	0.0151409
0.403	0.0154678
0.404	0.0157922
0.405	0.0161142
0.406	0.0164336
0.407	0.0167505
0.408	0.0170649
0.409	0.0173767
0.41	0.0176859
0.411	0.0179924
0.412	0.0182963
0.413	0.0185974
0.414	0.0188959
0.415	0.0191916
0.416	0.0194846
0.417	0.0197747
0.418	0.0200621
0.419	0.0203466
0.42	0.0206283
0.421	0.020907
0.422	0.0211829
0.423	0.0214558
0.424	0.0217258
0.425	0.0219928
0.426	0.0222568
0.427	0.0225178
0.428	0.0227757
0.429	0.0230306
0.43	0.0232824
0.431	0.0235311
0.432	0.0237767
0.433	0.0240192
0.434	0.0242584
0.435	0.0244945
0.436	0.0247274
0.437	0.0249571
0.438	0.0251836
0.439	0.0254067
0.44	0.0256267
0.441	0.0258433
0.442	0.0260566
0.443	0.0262666
0.444	0.0264732
0.445	0.0266765
0.446	0.0268765
0.447	0.027073
0.448	0.0272661
0.449	0.0274558
0.45	0.0276421
0.451	0.0278249
0.452	0.0280043
0.453	0.0281801
0.454	0.0283525
0.455	0.0285214
0.456	0.0286868
0.457	0.0288486
0.458	0.0290069
0.459	0.0291616
0.46	0.0293128
0.461	0.0294604
0.462	0.0296044
0.463	0.0297448
0.464	0.0298816
0.465	0.0300147
0.466	0.0301442
0.467	0.0302701
0.468	0.0303923
0.469	0.0305109
0.47	0.0306258
0.471	0.030737
0.472	0.0308445
0.473	0.0309483
0.474	0.0310484
0.475	0.0311448
0.476	0.0312375
0.477	0.0313264
0.478	0.0314117
0.479	0.0314931
0.48	0.0315708
0.481	0.0316448
0.482	0.031715
0.483	0.0317815
0.484	0.0318441
0.485	0.0319031
0.486	0.0319582
0.487	0.0320095
0.488	0.0320571
0.489	0.0321008
0.49	0.0321408
0.491	0.032177
0.492	0.0322093
0.493	0.0322379
0.494	0.0322627
0.495	0.0322836
0.496	0.0323008
0.497	0.0323141
0.498	0.0323236
0.499	0.0323293
0.5	0.0323313
0.501	0.0323293
0.502	0.0323236
0.503	0.0323141
0.504	0.0323008
0.505	0.0322836
0.506	0.0322627
0.507	0.0322379
0.508	0.0322093
0.509	0.032177
0.51	0.0321408
0.511	0.0321008
0.512	0.0320571
0.513	0.0320095
0.514	0.0319582
0.515	0.0319031
0.516	0.0318441
0.517	0.0317815
0.518	0.031715
0.519	0.0316448
0.52	0.0315708
0.521	0.0314931
0.522	0.0314117
0.523	0.0313264
0.524	0.0312375
0.525	0.0311448
0.526	0.0310484
0.527	0.0309483
0.528	0.0308445
0.529	0.030737
0.53	0.0306258
0.531	0.0305109
0.532	0.0303923
0.533	0.0302701
0.534	0.0301442
0.535	0.0300147
0.536	0.0298816
0.537	0.0297448
0.538	0.0296044
0.539	0.0294604
0.54	0.0293128
0.541	0.0291616
0.542	0.0290069
0.543	0.0288486
0.544	0.0286868
0.545	0.0285214
0.546	0.0283525
0.547	0.0281801
0.548	0.0280043
0.549	0.0278249
0.55	0.0276421
0.551	0.0274558
0.552	0.0272661
0.553	0.027073
0.554	0.0268765
0.555	0.0266765
0.556	0.0264732
0.557	0.0262666
0.558	0.0260566
0.559	0.0258433
0.56	0.0256267
0.561	0.0254067
0.562	0.0251836
0.563	0.0249571
0.564	0.0247274
0.565	0.0244945
0.566	0.0242584
0.567	0.0240192
0.568	0.0237767
0.569	0.0235311
0.57	0.0232824
0.571	0.0230306
0.572	0.0227757
0.573	0.0225178
0.574	0.0222568
0.575	0.0219928
0.576	0.0217258
0.577	0.0214558
0.578	0.0211829
0.579	0.020907
0.58	0.0206283
0.581	0.0203466
0.582	0.0200621
0.583	0.0197747
0.584	0.0194846
0.585	0.0191916
0.586	0.0188959
0.587	0.0185974
0.588	0.0182963
0.589	0.0179924
0.59	0.0176859
0.591	0.0173767
0.592	0.0170649
0.593	0.0167505
0.594	0.0164336
0.595	0.0161142
0.596	0.0157922
0.597	0.0154678
0.598	0.0151409
0.599	0.0148116
0.6	0.0144799
0.601	0.0141458
0.602	0.0138094
0.603	0.0134707
0.604	0.0131297
0.605	0.0127865
0.606	0.0124411
0.607	0.0120934
0.608	0.0117437
0.609	0.0113918
0.61	0.0110378
0.611	0.0106817
0.612	0.0103237
0.613	0.00996359
0.614	0.00960156
0.615	0.0092376
0.616	0.00887174
0.617	0.00850402
0.618	0.00813447
0.619	0.00776313
0.62	0.00739003
0.621	0.0070152
0.622	0.00663868
0.623	0.0062605
0.624	0.00588071
0.625	0.00549933
0.626	0.0051164
0.627	0.00473196
0.628	0.00434604
0.629	0.00395868
0.63	0.00356993
0.631	0.00317981
0.632	0.00278836
0.633	0.00239563
0.634	0.00200164
0.635	0.00160645
0.636	0.00121008
0.637	0.000812581
0.638	0.000413988
0.639	1.43427e-05
0.64	-0.000386316
0.641	-0.000787948
0.642	-0.00119051
0.643	-0.00159397
0.644	-0.00199827
0.645	-0.00240338
0.646	-0.00280926
0.647	-0.00321586
0.648	-0.00362315
0.649	-0.00403107
0.65	-0.00443959
0.651	-0.00484866
0.652	-0.00525825
0.653	-0.00566829
0.654	-0.00607876
0.655	-0.0064896
0.656	-0.00690078
0.657	-0.00731224
0.658	-0.00772395
0.659	-0.00813585
0.66	-0.0085479
0.661	-0.00896005
0.662	-0.00937226
0.663	-0.00978448
0.664	-0.0101967
0.665	-0.0106088
0.666	-0.0110207
0.667	-0.0114325
0.668	-0.0118441
0.669	-0.0122554
0.67	-0.0126663
0.671	-0.0130769
0.672	-0.0134871
0.673	-0.0138968
0.674	-0.0143059
0.675	-0.0147145
0.676	-0.0151225
0.677	-0.0155298
0.678	-0.0159363
0.679	-0.0163421
0.68	-0.0167471
0.681	-0.0171512
0.682	-0.0175543
0.683	-0.0179565
0.684	-0.0183576
0.685	-0.0187576
0.686	-0.0191565
0.687	-0.0195542
0.688	-0.0199506
0.689	-0.0203457
0.69	-0.0207395
0.691	-0.0211318
0.692	-0.0215227
0.693	-0.021912
0.694	-0.0222998
0.695	-0.0226859
0.696	-0.0230703
0.697	-0.023453
0.698	-0.0238338
0.699	-0.0242128
0.7	-0.0245899
0.701	-0.024965
0.702	-0.025338
0.703	-0.025709
0.704	-0.0260778
0.705	-0.0264443
0.706	-0.0268086
0.707	-0.0271706
0.708	-0.0275302
0.709	-0.0278873
0.71	-0.0282419
0.711	-0.0285939
0.712	-0.0289433
0.713	-0.02929
0.714	-0.0296339
0.715	-0.029975
0.716	-0.0303132
0.717	-0.0306485
0.718	-0.0309808
0.719	-0.03131
0.72	-0.031636
0.721	-0.0319589
0.722	-0.0322785
0.723	-0.0325948
0.724	-0.0329076
0.725	-0.0332171
0.726	-0.033523
0.727	-0.0338253
0.728	-0.034124
0.729	-0.0344189
0.73	-0.0347101
0.731	-0.0349974
0.732	-0.0352808
0.733	-0.0355602
0.734	-0.0358355
0.735	-0.0361068
0.736	-0.0363738
0.737	-0.0366366
0.738	-0.0368951
0.739	-0.0371492
0.74	-0.0373988
0.741	-0.0376439
0.742	-0.0378844
0.743	-0.0381202
0.744	-0.0383512
0.745	-0.0385775
0.746	-0.0387989
0.747	-0.0390153
0.748	-0.0392267
0.749	-0.039433
0.75	-0.0396341
0.751	-0.03983
0.752	-0.0400206
0.753	-0.0402058
0.754	-0.0403855
0.755	-0.0405597
0.756	-0.0407283
0.757	-0.0408912
0.758	-0.0410484
0.759	-0.0411997
0.76	-0.0413452
0.761	-0.0414846
0.762	-0.041618
0.763	-0.0417452
0.764	-0.0418663
0.765	-0.0419811
0.766	-0.0420895
0.767	-0.0421914
0.768	-0.0422869
0.769	-0.0423757
0.77	-0.0424579
0.771	-0.0425334
0.772	-0.042602
0.773	-0.0426637
0.774	-0.0427185
0.775	-0.0427661
0.776	-0.0428067
0.777	-0.04284
0.778	-0.042866
0.779	-0.0428846
0.78	-0.0428957
0.781	-0.0428994
0.782	-0.0428954
0.783	-0.0428836
0.784	-0.0428641
0.785	-0.0428367
0.786	-0.0428014
0.787	-0.042758
0.788	-0.0427066
0.789	-0.0426469
0.79	-0.0425789
0.791	-0.0425026
0.792	-0.0424178
0.793	-0.0423244
0.794	-0.0422225
0.795	-0.0421118
0.796	-0.0419923
0.797	-0.041864
0.798	-0.0417267
0.799	-0.0415803
0.8	-0.0414248
0.801	-0.0412601
0.802	-0.0410861
0.803	-0.0409027
0.804	-0.0407098
0.805	-0.0405073
0.806	-0.0402951
0.807	-0.0400732
0.808	-0.0398415
0.809	-0.0395998
0.81	-0.0393481
0.811	-0.0390863
0.812	-0.0388143
0.813	-0.038532
0.814	-0.0382394
0.815	-0.0379363
0.816	-0.0376226
0.817	-0.0372982
0.818	-0.0369631
0.819	-0.0366172
0.82	-0.0362604
0.821	-0.0358925
0.822	-0.0355135
0.823	-0.0351233
0.824	-0.0347218
0.825	-0.034309
0.826	-0.0338846
0.827	-0.0334486
0.828	-0.033001
0.829	-0.0325416
0.83	-0.0320703
0.831	-0.0315871
0.832	-0.0310918
0.833	-0.0305844
0.834	-0.0300647
0.835	-0.0295327
0.836	-0.0289882
0.837	-0.0284312
0.838	-0.0278615
0.839	-0.0272791
0.84	-0.0266839
0.841	-0.0260757
0.842	-0.0254545
0.843	-0.0248202
0.844	-0.0241727
0.845	-0.0235118
0.846	-0.0228375
0.847	-0.0221497
0.848	-0.0214482
0.849	-0.020733
0.85	-0.020004
0.851	-0.019261
0.852	-0.018504
0.853	-0.0177329
0.854	-0.0169475
0.855	-0.0161478
0.856	-0.0153337
0.857	-0.014505
0.858	-0.0136617
0.859	-0.0128036
0.86	-0.0119306
0.861	-0.0110427
0.862	-0.0101398
0.863	-0.00922162
0.864	-0.00828821
0.865	-0.00733942
0.866	-0.00637514
0.867	-0.00539527
0.868	-0.00439971
0.869	-0.00338834
0.87	-0.00236105
0.871	-0.00131776
0.872	-0.000258334
0.873	0.000817321
0.874	0.00190932
0.875	0.00301776
0.876	0.00414276
0.877	0.00528443
0.878	0.00644287
0.879	0.0076182
0.88	0.00881052
0.881	0.0100199
0.882	0.0112466
0.883	0.0124905
0.884	0.0137519
0.885	0.0150309
0.886	0.0163275
0.887	0.0176419
0.888	0.0189741
0.889	0.0203244
0.89	0.0216927
0.891	0.0230793
0.892	0.0244842
0.893	0.0259075
0.894	0.0273494
0.895	0.02881
0.896	0.0302894
0.897	0.0317877
0.898	0.033305
0.899	0.0348414
0.9	0.0363971
0.901	0.0379721
0.902	0.0395666
0.903	0.0411807
0.904	0.0428145
0.905	0.0444682
0.906	0.0461418
0.907	0.0478354
0.908	0.0495493
0.909	0.0512834
0.91	0.053038
0.911	0.0548131
0.912	0.0566088
0.913	0.0584253
0.914	0.0602628
0.915	0.0621212
0.916	0.0640008
0.917	0.0659016
0.918	0.0678238
0.919	0.0697675
0.92	0.0717328
0.921	0.0737198
0.922	0.0757288
0.923	0.0777596
0.924	0.0798126
0.925	0.0818879
0.926	0.0839854
0.927	0.0861055
0.928	0.0882481
0.929	0.0904135
0.93	0.0926017
0.931	0.0948129
0.932	0.0970472
0.933	0.0993047
0.934	0.101586
0.935	0.10389
0.936	0.106218
0.937	0.108569
0.938	0.110945
0.939	0.113344
0.94	0.115768
0.941	0.118216
0.942	0.120688
0.943	0.123184
0.944	0.125706
0.945	0.128252
0.946	0.130823
0.947	0.133418
0.948	0.136039
0.949	0.138686
0.95	0.141357
0.951	0.144055
0.952	0.146777
0.953	0.149526
0.954	0.1523
0.955	0.155101
0.956	0.157928
0.957	0.160781
0.958	0.16366
0.959	0.166566
0.96	0.169499
0.961	0.172459
0.962	0.175445
0.963	0.178459
0.964	0.1815
0.965	0.184568
0.966	0.187664
0.967	0.190787
0.968	0.193938
0.969	0.197117
0.97	0.200325
0.971	0.20356
0.972	0.206824
0.973	0.210116
0.974	0.213436
0.975	0.216786
0.976	0.220164
0.977	0.223571
0.978	0.227008
0.979	0.230474
0.98	0.233969
0.981	0.237493
0.982	0.241048
0.983	0.244632
0.984	0.248246
0.985	0.251891
0.986	0.255565
0.987	0.25927
0.988	0.263006
0.989	0.266772
0.99	0.270569
0.991	0.274397
0.992	0.278256
0.993	0.282147
0.994	0.286069
0.995	0.290022
0.996	0.294007
0.997	0.298024
0.998	0.302073
0.999	0.306153
