# Interpolation data for function: (2*x-1)^40
0.5	2.21828e-14
0.501	2.21828e-14
0.502	2.21828e-14
0.503	2.21828e-14
0.504	2.21828e-14
0.505	2.21828e-14
0.506	2.21828e-14
0.507	2.21828e-14
0.508	2.21828e-14
0.509	2.21828e-14
0.51	2.21828e-14
0.511	2.21828e-14
0.512	2.21828e-14
0.513	2.21828e-14
0.514	2.21828e-14
0.515	2.21828e-14
0.516	2.21828e-14
0.517	2.21828e-14
0.518	2.21828e-14
0.519	2.21828e-14
0.52	2.21828e-14
0.521	2.21828e-14
0.522	2.21828e-14
0.523	2.21828e-14
0.524	2.21828e-14
0.525	2.21828e-14
0.526	2.21828e-14
0.527	2.21828e-14
0.528	2.21828e-14
0.529	2.21828e-14
0.53	2.21828e-14
0.531	2.21828e-14
0.532	2.21828e-14
0.533	2.21828e-14
0.534	2.21828e-14
0.535	2.21828e-14
0.536	2.21828e-14
0.537	2.21828e-14
0.538	2.21828e-14
0.539	2.21828e-14
0.54	2.21828e-14
0.541	2.21828e-14
0.542	2.21828e-14
0.543	2.21828e-14
0.544	2.21828e-14
0.545	2.21828e-14
0.546	2.21828e-14
0.547	2.21828e-14
0.548	2.21828e-14
0.549	2.21828e-14
0.55	2.21828e-14
0.551	2.21828e-14
0.552	2.21828e-14
0.553	2.21828e-14
0.554	2.21828e-14
0.555	2.21828e-14
0.556	2.21828e-14
0.557	2.21828e-14
0.558	2.21828e-14
0.559	2.21828e-14
0.56	2.21828e-14
0.561	2.21828e-14
0.562	2.21828e-14
0.563	2.21828e-14
0.564	2.21828e-14
0.565	2.21828e-14
0.566	2.21828e-14
0.567	2.21828e-14
0.568	2.21828e-14
0.569	2.21828e-14
0.57	2.21828e-14
0.571	2.21828e-14
0.572	2.21828e-14
0.573	2.21828e-14
0.574	2.21828e-14
0.575	2.21828e-14
0.576	2.21828e-14
0.577	2.21828e-14
0.578	2.21828e-14
0.579	2.21828e-14
0.58	2.21828e-14
0.581	2.21828e-14
0.582	2.21828e-14
0.583	2.21828e-14
0.584	2.21828e-14
0.585	2.21828e-14
0.586	2.21828e-14
0.587	2.21828e-14
0.588	2.21828e-14
0.589	2.21828e-14
0.59	2.21828e-14
0.591	2.21828e-14
0.592	2.21828e-14
0.593	2.21828e-14
0.594	2.21828e-14
0.595	2.21828e-14
0.596	2.21828e-14
0.597	2.21828e-14
0.598	2.21828e-14
0.599	2.21828e-14
0.6	2.21828e-14
0.601	2.21828e-14
0.602	2.21828e-14
0.603	2.21828e-14
0.604	2.21828e-14
0.605	2.21828e-14
0.606	2.21828e-14
0.607	2.21828e-14
0.608	2.21828e-14
0.609	2.21828e-14
0.61	2.21828e-14
0.611	2.21828e-14
0.612	2.21828e-14
0.613	2.21828e-14
0.614	2.21828e-14
0.615	2.21828e-14
0.616	2.21828e-14
0.617	2.21828e-14
0.618	2.21828e-14
0.619	2.21828e-14
0.62	2.21828e-14
0.621	2.21828e-14
0.622	2.21828e-14
0.623	2.21828e-14
0.624	2.21828e-14
0.625	2.21828e-14
0.626	2.21828e-14
0.627	2.21828e-14
0.628	2.21828e-14
0.629	2.21828e-14
0.63	2.21828e-14
0.631	2.21828e-14
0.632	2.21828e-14
0.633	2.21828e-14
0.634	2.21828e-14
0.635	2.21828e-14
0.636	2.21828e-14
0.637	2.21828e-14
0.638	2.21828e-14
0.639	2.21828e-14
0.64	2.21828e-14
0.641	2.21828e-14
0.642	2.21828e-14
0.643	2.21828e-14
0.644	2.21828e-14
0.645	2.21828e-14
0.646	2.21828e-14
0.647	2.21828e-14
0.648	2.21828e-14
0.649	2.21828e-14
0.65	2.21828e-14
0.651	2.21828e-14
0.652	2.21828e-14
0.653	2.21828e-14
0.654	2.21828e-14
0.655	2.21828e-14
0.656	2.21828e-14
0.657	2.21828e-14
0.658	2.21828e-14
0.659	2.21828e-14
0.66	2.21828e-14
0.661	2.21828e-14
0.662	2.21828e-14
0.663	2.21828e-14
0.664	2.21828e-14
0.665	2.21828e-14
0.666	2.21828e-14
0.667	2.21828e-14
0.668	2.21828e-14
0.669	2.21828e-14
0.67	2.21828e-14
0.671	2.21828e-14
0.672	2.21828e-14
0.673	2.21828e-14
0.674	2.21828e-14
0.675	2.21828e-14
0.676	2.21828e-14
0.677	2.21828e-14
0.678	2.21828e-14
0.679	2.21828e-14
0.68	2.21828e-14
0.681	2.21828e-14
0.682	2.21828e-14
0.683	2.21828e-14
0.684	2.21828e-14
0.685	2.21828e-14
0.686	2.21828e-14
0.687	2.21828e-14
0.688	2.21828e-14
0.689	2.21828e-14
0.69	2.21828e-14
0.691	2.21828e-14
0.692	2.21828e-14
0.693	2.21828e-14
0.694	2.21828e-14
0.695	2.21828e-14
0.696	2.21828e-14
0.697	2.21828e-14
0.698	2.21828e-14
0.699	2.21828e-14
0.7	2.21828e-14
0.701	2.21828e-14
0.702	2.21828e-14
0.703	2.21828e-14
0.704	2.21828e-14
0.705	2.21828e-14
0.706	2.21828e-14
0.707	2.21828e-14
0.708	2.21828e-14
0.709	2.21828e-14
0.71	2.21828e-14
0.711	2.21828e-14
0.712	2.21828e-14
0.713	2.21828e-14
0.714	2.21828e-14
0.715	2.21828e-14
0.716	2.21828e-14
0.717	2.21828e-14
0.718	2.21828e-14
0.719	2.21828e-14
0.72	2.21828e-14
0.721	2.21828e-14
0.722	2.21828e-14
0.723	2.21828e-14
0.724	2.21828e-14
0.725	2.21828e-14
0.726	2.21828e-14
0.727	2.21828e-14
0.728	2.21828e-14
0.729	2.21828e-14
0.73	2.21828e-14
0.731	2.21828e-14
0.732	2.21828e-14
0.733	2.21828e-14
0.734	2.21828e-14
0.735	2.21828e-14
0.736	2.21828e-14
0.737	2.21828e-14
0.738	2.21828e-14
0.739	2.21828e-14
0.74	2.21828e-14
0.741	2.21828e-14
0.742	2.21828e-14
0.743	2.21828e-14
0.744	2.21828e-14
0.745	2.21828e-14
0.746	2.21828e-14
0.747	2.21828e-14
0.748	2.21828e-14
0.749	2.21828e-14
0.25	2.21828e-14
0.251	2.21828e-14
0.252	2.21828e-14
0.253	2.21828e-14
0.254	2.21828e-14
0.255	2.21828e-14
0.256	2.21828e-14
0.257	2.21828e-14
0.258	2.21828e-14
0.259	2.21828e-14
0.26	2.21828e-14
0.261	2.21828e-14
0.262	2.21828e-14
0.263	2.21828e-14
0.264	2.21828e-14
0.265	2.21828e-14
0.266	2.21828e-14
0.267	2.21828e-14
0.268	2.21828e-14
0.269	2.21828e-14
0.27	2.21828e-14
0.271	2.21828e-14
0.272	2.21828e-14
0.273	2.21828e-14
0.274	2.21828e-14
0.275	2.21828e-14
0.276	2.21828e-14
0.277	2.21828e-14
0.278	2.21828e-14
0.279	2.21828e-14
0.28	2.21828e-14
0.281	2.21828e-14
0.282	2.21828e-14
0.283	2.21828e-14
0.284	2.21828e-14
0.285	2.21828e-14
0.286	2.21828e-14
0.287	2.21828e-14
0.288	2.21828e-14
0.289	2.21828e-14
0.29	2.21828e-14
0.291	2.21828e-14
0.292	2.21828e-14
0.293	2.21828e-14
0.294	2.21828e-14
0.295	2.21828e-14
0.296	2.21828e-14
0.297	2.21828e-14
0.298	2.21828e-14
0.299	2.21828e-14
0.3	2.21828e-14
0.301	2.21828e-14
0.302	2.21828e-14
0.303	2.21828e-14
0.304	2.21828e-14
0.305	2.21828e-14
0.306	2.21828e-14
0.307	2.21828e-14
0.308	2.21828e-14
0.309	2.21828e-14
0.31	2.21828e-14
0.311	2.21828e-14
0.312	2.21828e-14
0.313	2.21828e-14
0.314	2.21828e-14
0.315	2.21828e-14
0.316	2.21828e-14
0.317	2.21828e-14
0.318	2.21828e-14
0.319	2.21828e-14
0.32	2.21828e-14
0.321	2.21828e-14
0.322	2.21828e-14
0.323	2.21828e-14
0.324	2.21828e-14
0.325	2.21828e-14
0.326	2.21828e-14
0.327	2.21828e-14
0.328	2.21828e-14
0.329	2.21828e-14
0.33	2.21828e-14
0.331	2.21828e-14
0.332	2.21828e-14
0.333	2.21828e-14
0.334	2.21828e-14
0.335	2.21828e-14
0.336	2.21828e-14
0.337	2.21828e-14
0.338	2.21828e-14
0.339	2.21828e-14
0.34	2.21828e-14
0.341	2.21828e-14
0.342	2.21828e-14
0.343	2.21828e-14
0.344	2.21828e-14
0.345	2.21828e-14
0.346	2.21828e-14
0.347	2.21828e-14
0.348	2.21828e-14
0.349	2.21828e-14
0.35	2.21828e-14
0.351	2.21828e-14
0.352	2.21828e-14
0.353	2.21828e-14
0.354	2.21828e-14
0.355	2.21828e-14
0.356	2.21828e-14
0.357	2.21828e-14
0.358	2.21828e-14
0.359	2.21828e-14
0.36	2.21828e-14
0.361	2.21828e-14
0.362	2.21828e-14
0.363	2.21828e-14
0.364	2.21828e-14
0.365	2.21828e-14
0.366	2.21828e-14
0.367	2.21828e-14
0.368	2.21828e-14
0.369	2.21828e-14
0.37	2.21828e-14
0.371	2.21828e-14
0.372	2.21828e-14
0.373	2.21828e-14
0.374	2.21828e-14
0.375	2.21828e-14
0.376	2.21828e-14
0.377	2.21828e-14
0.378	2.21828e-14
0.379	2.21828e-14
0.38	2.21828e-14
0.381	2.21828e-14
0.382	2.21828e-14
0.383	2.21828e-14
0.384	2.21828e-14
0.385	2.21828e-14
0.386	2.21828e-14
0.387	2.21828e-14
0.388	2.21828e-14
0.389	2.21828e-14
0.39	2.21828e-14
0.391	2.21828e-14
0.392	2.21828e-14
0.393	2.21828e-14
0.394	2.21828e-14
0.395	2.21828e-14
0.396	2.21828e-14
0.397	2.21828e-14
0.398	2.21828e-14
0.399	2.21828e-14
0.4	2.21828e-14
0.401	2.21828e-14
0.402	2.21828e-14
0.403	2.21828e-14
0.404	2.21828e-14
0.405	2.21828e-14
0.406	2.21828e-14
0.407	2.21828e-14
0.408	2.21828e-14
0.409	2.21828e-14
0.41	2.21828e-14
0.411	2.21828e-14
0.412	2.21828e-14
0.413	2.21828e-14
0.414	2.21828e-14
0.415	2.21828e-14
0.416	2.21828e-14
0.417	2.21828e-14
0.418	2.21828e-14
0.419	2.21828e-14
0.42	2.21828e-14
0.421	2.21828e-14
0.422	2.21828e-14
0.423	2.21828e-14
0.424	2.21828e-14
0.425	2.21828e-14
0.426	2.21828e-14
0.427	2.21828e-14
0.428	2.21828e-14
0.429	2.21828e-14
0.43	2.21828e-14
0.431	2.21828e-14
0.432	2.21828e-14
0.433	2.21828e-14
0.434	2.21828e-14
0.435	2.21828e-14
0.436	2.21828e-14
0.437	2.21828e-14
0.438	2.21828e-14
0.439	2.21828e-14
0.44	2.21828e-14
0.441	2.21828e-14
0.442	2.21828e-14
0.443	2.21828e-14
0.444	2.21828e-14
0.445	2.21828e-14
0.446	2.21828e-14
0.447	2.21828e-14
0.448	2.21828e-14
0.449	2.21828e-14
0.45	2.21828e-14
0.451	2.21828e-14
0.452	2.21828e-14
0.453	2.21828e-14
0.454	2.21828e-14
0.455	2.21828e-14
0.456	2.21828e-14
0.457	2.21828e-14
0.458	2.21828e-14
0.459	2.21828e-14
0.46	2.21828e-14
0.461	2.21828e-14
0.462	2.21828e-14
0.463	2.21828e-14
0.464	2.21828e-14
0.465	2.21828e-14
0.466	2.21828e-14
0.467	2.21828e-14
0.468	2.21828e-14
0.469	2.21828e-14
0.47	2.21828e-14
0.471	2.21828e-14
0.472	2.21828e-14
0.473	2.21828e-14
0.474	2.21828e-14
0.475	2.21828e-14
0.476	2.21828e-14
0.477	2.21828e-14
0.478	2.21828e-14
0.479	2.21828e-14
0.48	2.21828e-14
0.481	2.21828e-14
0.482	2.21828e-14
0.483	2.21828e-14
0.484	2.21828e-14
0.485	2.21828e-14
0.486	2.21828e-14
0.487	2.21828e-14
0.488	2.21828e-14
0.489	2.21828e-14
0.49	2.21828e-14
0.491	2.21828e-14
0.492	2.21828e-14
0.493	2.21828e-14
0.494	2.21828e-14
0.495	2.21828e-14
0.496	2.21828e-14
0.497	2.21828e-14
0.498	2.21828e-14
0.499	2.21828e-14
0.75	7.35848e-07
0.751	7.35848e-07
0.752	7.35848e-07
0.753	7.35848e-07
0.754	7.35848e-07
0.755	7.35848e-07
0.756	7.35848e-07
0.757	7.35848e-07
0.758	7.35848e-07
0.759	7.35848e-07
0.76	7.35848e-07
0.761	7.35848e-07
0.762	7.35848e-07
0.763	7.35848e-07
0.764	7.35848e-07
0.765	7.35848e-07
0.766	7.35848e-07
0.767	7.35848e-07
0.768	7.35848e-07
0.769	7.35848e-07
0.77	7.35848e-07
0.771	7.35848e-07
0.772	7.35848e-07
0.773	7.35848e-07
0.774	7.35848e-07
0.775	7.35848e-07
0.776	7.35848e-07
0.777	7.35848e-07
0.778	7.35848e-07
0.779	7.35848e-07
0.78	7.35848e-07
0.781	7.35848e-07
0.782	7.35848e-07
0.783	7.35848e-07
0.784	7.35848e-07
0.785	7.35848e-07
0.786	7.35848e-07
0.787	7.35848e-07
0.788	7.35848e-07
0.789	7.35848e-07
0.79	7.35848e-07
0.791	7.35848e-07
0.792	7.35848e-07
0.793	7.35848e-07
0.794	7.35848e-07
0.795	7.35848e-07
0.796	7.35848e-07
0.797	7.35848e-07
0.798	7.35848e-07
0.799	7.35848e-07
0.8	7.35848e-07
0.801	7.35848e-07
0.802	7.35848e-07
0.803	7.35848e-07
0.804	7.35848e-07
0.805	7.35848e-07
0.806	7.35848e-07
0.807	7.35848e-07
0.808	7.35848e-07
0.809	7.35848e-07
0.81	7.35848e-07
0.811	7.35848e-07
0.812	7.35848e-07
0.813	7.35848e-07
0.814	7.35848e-07
0.815	7.35848e-07
0.816	7.35848e-07
0.817	7.35848e-07
0.818	7.35848e-07
0.819	7.35848e-07
0.82	7.35848e-07
0.821	7.35848e-07
0.822	7.35848e-07
0.823	7.35848e-07
0.824	7.35848e-07
0.825	7.35848e-07
0.826	7.35848e-07
0.827	7.35848e-07
0.828	7.35848e-07
0.829	7.35848e-07
0.83	7.35848e-07
0.831	7.35848e-07
0.832	7.35848e-07
0.833	7.35848e-07
0.834	7.35848e-07
0.835	7.35848e-07
0.836	7.35848e-07
0.837	7.35848e-07
0.838	7.35848e-07
0.839	7.35848e-07
0.84	7.35848e-07
0.841	7.35848e-07
0.842	7.35848e-07
0.843	7.35848e-07
0.844	7.35848e-07
0.845	7.35848e-07
0.846	7.35848e-07
0.847	7.35848e-07
0.848	7.35848e-07
0.849	7.35848e-07
0.85	7.35848e-07
0.851	7.35848e-07
0.852	7.35848e-07
0.853	7.35848e-07
0.854	7.35848e-07
0.855	7.35848e-07
0.856	7.35848e-07
0.857	7.35848e-07
0.858	7.35848e-07
0.859	7.35848e-07
0.86	7.35848e-07
0.861	7.35848e-07
0.862	7.35848e-07
0.863	7.35848e-07
0.864	7.35848e-07
0.865	7.35848e-07
0.866	7.35848e-07
0.867	7.35848e-07
0.868	7.35848e-07
0.869	7.35848e-07
0.87	7.35848e-07
0.871	7.35848e-07
0.872	7.35848e-07
0.873	7.35848e-07
0.874	7.35848e-07
0.875	-8.64391e-05
0.876	-1.8805e-05
0.877	2.29636e-05
0.878	4.56494e-05
0.879	5.47757e-05
0.88	5.47788e-05
0.881	4.91633e-05
0.882	4.06413e-05
0.883	3.12568e-05
0.884	2.24964e-05
0.885	1.53876e-05
0.886	1.0585e-05
0.887	8.44592e-06
0.888	9.09642e-06
0.889	1.24881e-05
0.89	1.84467e-05
0.891	2.67139e-05
0.892	3.69815e-05
0.893	4.89204e-05
0.894	6.2204e-05
0.895	7.65268e-05
0.896	9.16186e-05
0.897	0.000107256
0.898	0.000123268
0.899	0.000139545
0.9	0.000156035
0.901	0.000172752
0.902	0.000189768
0.903	0.000207216
0.904	0.000225282
0.905	0.000244209
0.906	0.000264282
0.907	0.000285834
0.908	0.000309236
0.909	0.000334893
0.91	0.000363243
0.911	0.00039475
0.912	0.000429904
0.913	0.000469219
0.914	0.000513227
0.915	0.000562485
0.916	0.000617567
0.917	0.000679074
0.918	0.000747627
0.919	0.000823878
0.92	0.000908509
0.921	0.00100224
0.922	0.00110584
0.923	0.00122011
0.924	0.00134593
0.925	0.00148423
0.926	0.00163604
0.927	0.00180245
0.928	0.00198468
0.929	0.00218404
0.93	0.00240197
0.931	0.00264006
0.932	0.00290005
0.933	0.00318386
0.934	0.0034936
0.935	0.00383158
0.936	0.00420036
0.937	0.00460272
0.938	0.00504173
0.939	0.00552076
0.94	0.00604349
0.941	0.00661394
0.942	0.00723652
0.943	0.00791604
0.944	0.00865772
0.945	0.00946728
0.946	0.0103509
0.947	0.0113154
0.948	0.0123681
0.949	0.0135169
0.95	0.0147705
0.951	0.0161383
0.952	0.0176304
0.953	0.0192579
0.954	0.0210327
0.955	0.0229677
0.956	0.025077
0.957	0.0273756
0.958	0.02988
0.959	0.0326079
0.96	0.0355786
0.961	0.0388129
0.962	0.0423332
0.963	0.046164
0.964	0.0503316
0.965	0.0548646
0.966	0.059794
0.967	0.0651532
0.968	0.0709784
0.969	0.0773089
0.97	0.0841873
0.971	0.0916594
0.972	0.0997751
0.973	0.108588
0.974	0.118157
0.975	0.128546
0.976	0.139821
0.977	0.152058
0.978	0.165337
0.979	0.179743
0.98	0.195371
0.981	0.212322
0.982	0.230705
0.983	0.250639
0.984	0.27225
0.985	0.295676
0.986	0.321067
0.987	0.348583
0.988	0.378396
0.989	0.410693
0.99	0.445674
0.991	0.483557
0.992	0.524573
0.993	0.568973
0.994	0.617026
0.995	0.669023
0.996	0.725272
0.997	0.786109
0.998	0.851892
0.999	0.923004
0	0.999857
0.001	0.923004
0.002	0.851892
0.003	0.786109
0.004	0.725272
0.005	0.669023
0.006	0.617026
0.007	0.568973
0.008	0.524573
0.009	0.483557
0.01	0.445674
0.011	0.410693
0.012	0.378396
0.013	0.348583
0.014	0.321067
0.015	0.295676
0.016	0.27225
0.017	0.250639
0.018	0.230705
0.019	0.212322
0.02	0.195371
0.021	0.179743
0.022	0.165337
0.023	0.152058
0.024	0.139821
0.025	0.128546
0.026	0.118157
0.027	0.108588
0.028	0.0997751
0.029	0.0916594
0.03	0.0841873
0.031	0.0773089
0.032	0.0709784
0.033	0.0651532
0.034	0.059794
0.035	0.0548646
0.036	0.0503316
0.037	0.046164
0.038	0.0423332
0.039	0.0388129
0.04	0.0355786
0.041	0.0326079
0.042	0.02988
0.043	0.0273756
0.044	0.025077
0.045	0.0229677
0.046	0.0210327
0.047	0.0192579
0.048	0.0176304
0.049	0.0161383
0.05	0.0147705
0.051	0.0135169
0.052	0.0123681
0.053	0.0113154
0.054	0.0103509
0.055	0.00946728
0.056	0.00865772
0.057	0.00791604
0.058	0.00723652
0.059	0.00661394
0.06	0.00604349
0.061	0.00552076
0.062	0.00504173
0.063	0.00460272
0.064	0.00420036
0.065	0.00383158
0.066	0.0034936
0.067	0.00318386
0.068	0.00290005
0.069	0.00264006
0.07	0.00240197
0.071	0.00218404
0.072	0.00198468
0.073	0.00180245
0.074	0.00163604
0.075	0.00148423
0.076	0.00134593
0.077	0.00122011
0.078	0.00110584
0.079	0.00100224
0.08	0.000908509
0.081	0.000823878
0.082	0.000747627
0.083	0.000679074
0.084	0.000617567
0.085	0.000562485
0.086	0.000513227
0.087	0.000469219
0.088	0.000429904
0.089	0.00039475
0.09	0.000363243
0.091	0.000334893
0.092	0.000309236
0.093	0.000285834
0.094	0.000264282
0.095	0.000244209
0.096	0.000225282
0.097	0.000207216
0.098	0.000189768
0.099	0.000172752
0.1	0.000156035
0.101	0.000139545
0.102	0.000123268
0.103	0.000107256
0.104	9.16186e-05
0.105	7.65268e-05
0.106	6.2204e-05
0.107	4.89204e-05
0.108	3.69815e-05
0.109	2.67139e-05
0.11	1.84467e-05
0.111	1.24881e-05
0.112	9.09642e-06
0.113	8.44592e-06
0.114	1.0585e-05
0.115	1.53876e-05
0.116	2.24964e-05
0.117	3.12568e-05
0.118	4.06413e-05
0.119	4.91633e-05
0.12	5.47788e-05
0.121	5.47757e-05
0.122	4.56494e-05
0.123	2.29636e-05
0.124	-1.8805e-05
0.125	7.35848e-07
0.126	7.35848e-07
0.127	7.35848e-07
0.128	7.35848e-07
0.129	7.35848e-07
0.13	7.35848e-07
0.131	7.35848e-07
0.132	7.35848e-07
0.133	7.35848e-07
0.134	7.35848e-07
0.135	7.35848e-07
0.136	7.35848e-07
0.137	7.35848e-07
0.138	7.35848e-07
0.139	7.35848e-07
0.14	7.35848e-07
0.141	7.35848e-07
0.142	7.35848e-07
0.143	7.35848e-07
0.144	7.35848e-07
0.145	7.35848e-07
0.146	7.35848e-07
0.147	7.35848e-07
0.148	7.35848e-07
0.149	7.35848e-07
0.15	7.35848e-07
0.151	7.35848e-07
0.152	7.35848e-07
0.153	7.35848e-07
0.154	7.35848e-07
0.155	7.35848e-07
0.156	7.35848e-07
0.157	7.35848e-07
0.158	7.35848e-07
0.159	7.35848e-07
0.16	7.35848e-07
0.161	7.35848e-07
0.162	7.35848e-07
0.163	7.35848e-07
0.164	7.35848e-07
0.165	7.35848e-07
0.166	7.35848e-07
0.167	7.35848e-07
0.168	7.35848e-07
0.169	7.35848e-07
0.17	7.35848e-07
0.171	7.35848e-07
0.172	7.35848e-07
0.173	7.35848e-07
0.174	7.35848e-07
0.175	7.35848e-07
0.176	7.35848e-07
0.177	7.35848e-07
0.178	7.35848e-07
0.179	7.35848e-07
0.18	7.35848e-07
0.181	7.35848e-07
0.182	7.35848e-07
0.183	7.35848e-07
0.184	7.35848e-07
0.185	7.35848e-07
0.186	7.35848e-07
0.187	7.35848e-07
0.188	7.35848e-07
0.189	7.35848e-07
0.19	7.35848e-07
0.191	7.35848e-07
0.192	7.35848e-07
0.193	7.35848e-07
0.194	7.35848e-07
0.195	7.35848e-07
0.196	7.35848e-07
0.197	7.35848e-07
0.198	7.35848e-07
0.199	7.35848e-07
0.2	7.35848e-07
0.201	7.35848e-07
0.202	7.35848e-07
0.203	7.35848e-07
0.204	7.35848e-07
0.205	7.35848e-07
0.206	7.35848e-07
0.207	7.35848e-07
0.208	7.35848e-07
0.209	7.35848e-07
0.21	7.35848e-07
0.211	7.35848e-07
0.212	7.35848e-07
0.213	7.35848e-07
0.214	7.35848e-07
0.215	7.35848e-07
0.216	7.35848e-07
0.217	7.35848e-07
0.218	7.35848e-07
0.219	7.35848e-07
0.22	7.35848e-07
0.221	7.35848e-07
0.222	7.35848e-07
0.223	7.35848e-07
0.224	7.35848e-07
0.225	7.35848e-07
0.226	7.35848e-07
0.227	7.35848e-07
0.228	7.35848e-07
0.229	7.35848e-07
0.23	7.35848e-07
0.231	7.35848e-07
0.232	7.35848e-07
0.233	7.35848e-07
0.234	7.35848e-07
0.235	7.35848e-07
0.236	7.35848e-07
0.237	7.35848e-07
0.238	7.35848e-07
0.239	7.35848e-07
0.24	7.35848e-07
0.241	7.35848e-07
0.242	7.35848e-07
0.243	7.35848e-07
0.244	7.35848e-07
0.245	7.35848e-07
0.246	7.35848e-07
0.247	7.35848e-07
0.248	7.35848e-07
0.249	7.35848e-07
