# Interpolation data for function: (2*x-1)^40
0	1
0.001	0.923042
0.002	0.85187
0.003	0.786059
0.004	0.725215
0.005	0.668972
0.006	0.61699
0.007	0.568953
0.008	0.524571
0.009	0.48357
0.01	0.4457
0.011	0.410728
0.012	0.378436
0.013	0.348625
0.014	0.321108
0.015	0.295712
0.016	0.272279
0.017	0.25066
0.018	0.230718
0.019	0.212326
0.02	0.195366
0.021	0.17973
0.022	0.165316
0.023	0.152032
0.024	0.139791
0.025	0.128512
0.026	0.118123
0.027	0.108554
0.028	0.0997424
0.029	0.0916297
0.03	0.0841616
0.031	0.0772883
0.032	0.0709633
0.033	0.0651441
0.034	0.0597911
0.035	0.0548678
0.036	0.0503407
0.037	0.0461785
0.038	0.0423525
0.039	0.0388362
0.04	0.0356052
0.041	0.0326368
0.042	0.0299102
0.043	0.0274061
0.044	0.0251069
0.045	0.0229962
0.046	0.0210588
0.047	0.0192809
0.048	0.0176497
0.049	0.0161533
0.05	0.0147809
0.051	0.0135224
0.052	0.0123686
0.053	0.011311
0.054	0.0103418
0.055	0.00945367
0.056	0.0086401
0.057	0.00789494
0.058	0.00721258
0.059	0.00658785
0.06	0.00601599
0.061	0.00549263
0.062	0.00501377
0.063	0.0045757
0.064	0.00417503
0.065	0.00380864
0.066	0.00347367
0.067	0.00316749
0.068	0.00288768
0.069	0.00263203
0.07	0.00239849
0.071	0.0021852
0.072	0.00199045
0.073	0.00181265
0.074	0.00165038
0.075	0.0015023
0.076	0.00136721
0.077	0.00124398
0.078	0.00113161
0.079	0.00102916
0.08	0.000935775
0.081	0.000850669
0.082	0.000773127
0.083	0.000702493
0.084	0.000638165
0.085	0.000579594
0.086	0.000526276
0.087	0.000477751
0.088	0.000433599
0.089	0.000393435
0.09	0.000356906
0.091	0.000323692
0.092	0.000293499
0.093	0.000266058
0.094	0.000241124
0.095	0.000218475
0.096	0.000197904
0.097	0.000179226
0.098	0.000162271
0.099	0.000146884
0.1	0.000132923
0.101	0.000120258
0.102	0.000108773
0.103	9.83604e-05
0.104	8.89216e-05
0.105	8.03681e-05
0.106	7.26187e-05
0.107	6.55997e-05
0.108	5.92437e-05
0.109	5.34897e-05
0.11	4.82819e-05
0.111	4.35696e-05
0.112	3.93069e-05
0.113	3.54518e-05
0.114	3.19663e-05
0.115	2.88157e-05
0.116	2.59686e-05
0.117	2.33965e-05
0.118	2.10734e-05
0.119	1.89757e-05
0.12	1.70822e-05
0.121	1.53733e-05
0.122	1.38316e-05
0.123	1.2441e-05
0.124	1.1187e-05
0.125	1.00566e-05
0.126	9.03782e-06
0.127	8.11995e-06
0.128	7.29319e-06
0.129	6.54872e-06
0.13	5.87853e-06
0.131	5.27539e-06
0.132	4.73274e-06
0.133	4.24466e-06
0.134	3.80578e-06
0.135	3.41126e-06
0.136	3.05672e-06
0.137	2.7382e-06
0.138	2.45213e-06
0.139	2.19527e-06
0.14	1.96472e-06
0.141	1.75783e-06
0.142	1.57225e-06
0.143	1.40582e-06
0.144	1.25661e-06
0.145	1.12288e-06
0.146	1.00307e-06
0.147	8.95753e-07
0.148	7.99662e-07
0.149	7.13649e-07
0.15	6.36681e-07
0.151	5.67828e-07
0.152	5.06255e-07
0.153	4.5121e-07
0.154	4.02016e-07
0.155	3.58066e-07
0.156	3.18814e-07
0.157	2.83769e-07
0.158	2.5249e-07
0.159	2.24582e-07
0.16	1.9969e-07
0.161	1.77496e-07
0.162	1.57713e-07
0.163	1.40086e-07
0.164	1.24386e-07
0.165	1.10406e-07
0.166	9.79622e-08
0.167	8.68899e-08
0.168	7.70412e-08
0.169	6.82841e-08
0.17	6.05003e-08
0.171	5.35841e-08
0.172	4.7441e-08
0.173	4.19865e-08
0.174	3.71453e-08
0.175	3.28499e-08
0.176	2.90402e-08
0.177	2.56626e-08
0.178	2.26691e-08
0.179	2.00171e-08
0.18	1.76685e-08
0.181	1.55893e-08
0.182	1.37494e-08
0.183	1.21219e-08
0.184	1.06828e-08
0.185	9.41071e-09
0.186	8.28678e-09
0.187	7.29413e-09
0.188	6.41777e-09
0.189	5.64437e-09
0.19	4.96213e-09
0.191	4.36053e-09
0.192	3.83027e-09
0.193	3.36306e-09
0.194	2.9516e-09
0.195	2.58937e-09
0.196	2.27061e-09
0.197	1.99024e-09
0.198	1.74372e-09
0.199	1.52707e-09
0.2	1.33675e-09
0.201	1.16963e-09
0.202	1.02294e-09
0.203	8.94246e-10
0.204	7.81388e-10
0.205	6.82462e-10
0.206	5.95787e-10
0.207	5.19878e-10
0.208	4.5343e-10
0.209	3.95289e-10
0.21	3.44441e-10
0.211	2.9999e-10
0.212	2.61151e-10
0.213	2.27231e-10
0.214	1.9762e-10
0.215	1.71784e-10
0.216	1.49252e-10
0.217	1.29611e-10
0.218	1.12499e-10
0.219	9.75966e-11
0.22	8.46256e-11
0.221	7.33411e-11
0.222	6.35287e-11
0.223	5.50007e-11
0.224	4.75927e-11
0.225	4.1161e-11
0.226	3.55797e-11
0.227	3.07389e-11
0.228	2.65426e-11
0.229	2.29068e-11
0.23	1.97584e-11
0.231	1.70335e-11
0.232	1.46764e-11
0.233	1.26385e-11
0.234	1.08776e-11
0.235	9.35691e-12
0.236	8.04432e-12
0.237	6.91202e-12
0.238	5.93578e-12
0.239	5.09454e-12
0.24	4.37011e-12
0.241	3.74653e-12
0.242	3.21014e-12
0.243	2.74896e-12
0.244	2.35272e-12
0.245	2.0124e-12
0.246	1.72035e-12
0.247	1.4698e-12
0.248	1.25501e-12
0.249	1.07096e-12
0.25	9.13366e-13
0.251	7.78456e-13
0.252	6.63051e-13
0.253	5.64379e-13
0.254	4.80057e-13
0.255	4.08033e-13
0.256	3.46544e-13
0.257	2.94062e-13
0.258	2.4928e-13
0.259	2.11137e-13
0.26	1.78608e-13
0.261	1.50896e-13
0.262	1.27283e-13
0.263	1.07201e-13
0.264	9.01067e-14
0.265	7.55598e-14
0.266	6.31933e-14
0.267	5.26929e-14
0.268	4.37653e-14
0.269	3.6171e-14
0.27	2.97467e-14
0.271	2.43284e-14
0.272	1.9718e-14
0.273	1.58196e-14
0.274	1.25256e-14
0.275	9.78122e-15
0.276	7.44943e-15
0.277	5.52048e-15
0.278	3.93586e-15
0.279	2.62985e-15
0.28	1.5646e-15
0.281	6.96705e-16
0.282	3.96416e-18
0.283	-5.02891e-16
0.284	-8.92874e-16
0.285	-1.15791e-15
0.286	-1.33614e-15
0.287	-1.40829e-15
0.288	-1.42254e-15
0.289	-1.35306e-15
0.29	-1.23951e-15
0.291	-1.08832e-15
0.292	-8.95393e-16
0.293	-6.44544e-16
0.294	-4.09475e-16
0.295	-1.27509e-16
0.296	1.58067e-16
0.297	4.63247e-16
0.298	7.69938e-16
0.299	1.08891e-15
0.3	1.38289e-15
0.301	1.6725e-15
0.302	1.95288e-15
0.303	2.23002e-15
0.304	2.48289e-15
0.305	2.73018e-15
0.306	2.94618e-15
0.307	3.13713e-15
0.308	3.30975e-15
0.309	3.45203e-15
0.31	3.5586e-15
0.311	3.637e-15
0.312	3.71994e-15
0.313	3.73358e-15
0.314	3.73983e-15
0.315	3.71107e-15
0.316	3.65291e-15
0.317	3.57122e-15
0.318	3.44997e-15
0.319	3.30981e-15
0.32	3.14282e-15
0.321	2.95762e-15
0.322	2.74208e-15
0.323	2.51355e-15
0.324	2.25813e-15
0.325	1.99067e-15
0.326	1.70608e-15
0.327	1.4065e-15
0.328	1.0996e-15
0.329	7.94135e-16
0.33	4.76213e-16
0.331	1.49065e-16
0.332	-1.88302e-16
0.333	-4.80823e-16
0.334	-7.94222e-16
0.335	-1.09426e-15
0.336	-1.39088e-15
0.337	-1.69089e-15
0.338	-1.95401e-15
0.339	-2.20152e-15
0.34	-2.43801e-15
0.341	-2.6508e-15
0.342	-2.84747e-15
0.343	-3.01937e-15
0.344	-3.18396e-15
0.345	-3.30145e-15
0.346	-3.39794e-15
0.347	-3.47055e-15
0.348	-3.51521e-15
0.349	-3.53533e-15
0.35	-3.52653e-15
0.351	-3.48981e-15
0.352	-3.42938e-15
0.353	-3.34611e-15
0.354	-3.22603e-15
0.355	-3.10981e-15
0.356	-2.93896e-15
0.357	-2.76039e-15
0.358	-2.55369e-15
0.359	-2.34243e-15
0.36	-2.09178e-15
0.361	-1.85123e-15
0.362	-1.58829e-15
0.363	-1.31136e-15
0.364	-1.02692e-15
0.365	-7.45442e-16
0.366	-4.4706e-16
0.367	-1.46812e-16
0.368	1.46333e-16
0.369	4.59806e-16
0.37	7.43172e-16
0.371	1.03429e-15
0.372	1.30901e-15
0.373	1.58311e-15
0.374	1.82633e-15
0.375	2.07235e-15
0.376	2.29849e-15
0.377	2.50576e-15
0.378	2.70735e-15
0.379	2.87255e-15
0.38	3.01368e-15
0.381	3.146e-15
0.382	3.2449e-15
0.383	3.32086e-15
0.384	3.38742e-15
0.385	3.42417e-15
0.386	3.42779e-15
0.387	3.41297e-15
0.388	3.35599e-15
0.389	3.28592e-15
0.39	3.20263e-15
0.391	3.09151e-15
0.392	2.94616e-15
0.393	2.78761e-15
0.394	2.61962e-15
0.395	2.4166e-15
0.396	2.20711e-15
0.397	1.97767e-15
0.398	1.7538e-15
0.399	1.50071e-15
0.4	1.24487e-15
0.401	9.67128e-16
0.402	6.87633e-16
0.403	4.17913e-16
0.404	1.33002e-16
0.405	-1.54283e-16
0.406	-4.40917e-16
0.407	-7.18012e-16
0.408	-9.82366e-16
0.409	-1.23469e-15
0.41	-1.50477e-15
0.411	-1.74841e-15
0.412	-1.96678e-15
0.413	-2.17715e-15
0.414	-2.38161e-15
0.415	-2.56119e-15
0.416	-2.73466e-15
0.417	-2.86145e-15
0.418	-2.98556e-15
0.419	-3.087e-15
0.42	-3.16047e-15
0.421	-3.2171e-15
0.422	-3.24895e-15
0.423	-3.25793e-15
0.424	-3.25726e-15
0.425	-3.21787e-15
0.426	-3.1518e-15
0.427	-3.08067e-15
0.428	-2.96912e-15
0.429	-2.84692e-15
0.43	-2.69438e-15
0.431	-2.52978e-15
0.432	-2.35888e-15
0.433	-2.15426e-15
0.434	-1.94001e-15
0.435	-1.71809e-15
0.436	-1.47779e-15
0.437	-1.22461e-15
0.438	-9.69252e-16
0.439	-7.08848e-16
0.44	-4.35801e-16
0.441	-1.71598e-16
0.442	9.74577e-17
0.443	3.76241e-16
0.444	6.4407e-16
0.445	9.10439e-16
0.446	1.15452e-15
0.447	1.40398e-15
0.448	1.65181e-15
0.449	1.87865e-15
0.45	2.08822e-15
0.451	2.28727e-15
0.452	2.47686e-15
0.453	2.65123e-15
0.454	2.79268e-15
0.455	2.92684e-15
0.456	3.02975e-15
0.457	3.11775e-15
0.458	3.18922e-15
0.459	3.23191e-15
0.46	3.25887e-15
0.461	3.24925e-15
0.462	3.23697e-15
0.463	3.17377e-15
0.464	3.12784e-15
0.465	3.03295e-15
0.466	2.92089e-15
0.467	2.81752e-15
0.468	2.65372e-15
0.469	2.49299e-15
0.47	2.31339e-15
0.471	2.11225e-15
0.472	1.90473e-15
0.473	1.69249e-15
0.474	1.45016e-15
0.475	1.20211e-15
0.476	9.44817e-16
0.477	6.94814e-16
0.478	4.23344e-16
0.479	1.6597e-16
0.48	-1.15566e-16
0.481	-3.78608e-16
0.482	-6.28604e-16
0.483	-8.79669e-16
0.484	-1.1262e-15
0.485	-1.36906e-15
0.486	-1.60015e-15
0.487	-1.8216e-15
0.488	-2.01743e-15
0.489	-2.22247e-15
0.49	-2.41339e-15
0.491	-2.54151e-15
0.492	-2.71956e-15
0.493	-2.83576e-15
0.494	-2.9309e-15
0.495	-3.02656e-15
0.496	-3.05566e-15
0.497	-3.10624e-15
0.498	-3.16282e-15
0.499	-3.12818e-15
0.5	-3.11811e-15
0.501	-3.06486e-15
0.502	-3.00366e-15
0.503	-2.90868e-15
0.504	-2.80639e-15
0.505	-2.66814e-15
0.506	-2.51357e-15
0.507	-2.36216e-15
0.508	-2.19879e-15
0.509	-2.0104e-15
0.51	-1.77956e-15
0.511	-1.54763e-15
0.512	-1.33517e-15
0.513	-1.07416e-15
0.514	-8.2641e-16
0.515	-5.70806e-16
0.516	-3.13088e-16
0.517	-6.95445e-17
0.518	2.03338e-16
0.519	4.68797e-16
0.52	7.15156e-16
0.521	9.81716e-16
0.522	1.22789e-15
0.523	1.46749e-15
0.524	1.69998e-15
0.525	1.90678e-15
0.526	2.12111e-15
0.527	2.30814e-15
0.528	2.47792e-15
0.529	2.62137e-15
0.53	2.77683e-15
0.531	2.89706e-15
0.532	3.00829e-15
0.533	3.07966e-15
0.534	3.1287e-15
0.535	3.1721e-15
0.536	3.20265e-15
0.537	3.17227e-15
0.538	3.15336e-15
0.539	3.09707e-15
0.54	3.03282e-15
0.541	2.94192e-15
0.542	2.83732e-15
0.543	2.69817e-15
0.544	2.54685e-15
0.545	2.39392e-15
0.546	2.20395e-15
0.547	2.01173e-15
0.548	1.79802e-15
0.549	1.57466e-15
0.55	1.31467e-15
0.551	1.0819e-15
0.552	8.34511e-16
0.553	5.785e-16
0.554	3.21638e-16
0.555	5.42549e-17
0.556	-2.23999e-16
0.557	-4.8703e-16
0.558	-7.31753e-16
0.559	-1.00252e-15
0.56	-1.23822e-15
0.561	-1.48508e-15
0.562	-1.70283e-15
0.563	-1.92725e-15
0.564	-2.12647e-15
0.565	-2.31109e-15
0.566	-2.49657e-15
0.567	-2.63064e-15
0.568	-2.77584e-15
0.569	-2.90254e-15
0.57	-2.9966e-15
0.571	-3.06322e-15
0.572	-3.10253e-15
0.573	-3.14319e-15
0.574	-3.15719e-15
0.575	-3.14813e-15
0.576	-3.11156e-15
0.577	-3.0628e-15
0.578	-2.98423e-15
0.579	-2.86989e-15
0.58	-2.76185e-15
0.581	-2.62036e-15
0.582	-2.45342e-15
0.583	-2.27614e-15
0.584	-2.08009e-15
0.585	-1.87008e-15
0.586	-1.6619e-15
0.587	-1.41693e-15
0.588	-1.17317e-15
0.589	-9.28261e-16
0.59	-6.72829e-16
0.591	-4.00031e-16
0.592	-1.42267e-16
0.593	1.24561e-16
0.594	3.97076e-16
0.595	6.63462e-16
0.596	9.32929e-16
0.597	1.18655e-15
0.598	1.45189e-15
0.599	1.6743e-15
0.6	1.90523e-15
0.601	2.12099e-15
0.602	2.31024e-15
0.603	2.49785e-15
0.604	2.66409e-15
0.605	2.80617e-15
0.606	2.9381e-15
0.607	3.04214e-15
0.608	3.11633e-15
0.609	3.18941e-15
0.61	3.2263e-15
0.611	3.24513e-15
0.612	3.2373e-15
0.613	3.19329e-15
0.614	3.15518e-15
0.615	3.06725e-15
0.616	2.97629e-15
0.617	2.85073e-15
0.618	2.71696e-15
0.619	2.56592e-15
0.62	2.37823e-15
0.621	2.18484e-15
0.622	1.96163e-15
0.623	1.74544e-15
0.624	1.50301e-15
0.625	1.24815e-15
0.626	9.76373e-16
0.627	7.19582e-16
0.628	4.35631e-16
0.629	1.6149e-16
0.63	-1.07577e-16
0.631	-3.84356e-16
0.632	-6.74486e-16
0.633	-9.39206e-16
0.634	-1.21751e-15
0.635	-1.47348e-15
0.636	-1.71897e-15
0.637	-1.94271e-15
0.638	-2.16606e-15
0.639	-2.36823e-15
0.64	-2.55959e-15
0.641	-2.71987e-15
0.642	-2.87187e-15
0.643	-3.01119e-15
0.644	-3.11006e-15
0.645	-3.18002e-15
0.646	-3.24714e-15
0.647	-3.27568e-15
0.648	-3.29301e-15
0.649	-3.26503e-15
0.65	-3.23485e-15
0.651	-3.169e-15
0.652	-3.08213e-15
0.653	-2.97673e-15
0.654	-2.82851e-15
0.655	-2.67296e-15
0.656	-2.49602e-15
0.657	-2.30413e-15
0.658	-2.08873e-15
0.659	-1.86567e-15
0.66	-1.61911e-15
0.661	-1.35851e-15
0.662	-1.08854e-15
0.663	-8.01707e-16
0.664	-5.22754e-16
0.665	-2.31372e-16
0.666	5.41488e-17
0.667	3.36184e-16
0.668	6.28628e-16
0.669	9.21375e-16
0.67	1.20972e-15
0.671	1.46468e-15
0.672	1.72564e-15
0.673	1.97081e-15
0.674	2.20592e-15
0.675	2.41975e-15
0.676	2.62078e-15
0.677	2.79892e-15
0.678	2.95472e-15
0.679	3.08814e-15
0.68	3.1928e-15
0.681	3.27156e-15
0.682	3.32793e-15
0.683	3.38117e-15
0.684	3.37228e-15
0.685	3.3587e-15
0.686	3.2996e-15
0.687	3.21803e-15
0.688	3.12167e-15
0.689	2.99411e-15
0.69	2.84888e-15
0.691	2.68248e-15
0.692	2.48577e-15
0.693	2.2676e-15
0.694	2.02853e-15
0.695	1.79944e-15
0.696	1.53199e-15
0.697	1.26707e-15
0.698	9.74035e-16
0.699	7.1273e-16
0.7	4.08237e-16
0.701	1.30509e-16
0.702	-1.47613e-16
0.703	-4.13389e-16
0.704	-6.6966e-16
0.705	-9.11461e-16
0.706	-1.14997e-15
0.707	-1.34525e-15
0.708	-1.49905e-15
0.709	-1.62756e-15
0.71	-1.70794e-15
0.711	-1.74095e-15
0.712	-1.71062e-15
0.713	-1.63803e-15
0.714	-1.46537e-15
0.715	-1.20416e-15
0.716	-8.35862e-16
0.717	-3.65844e-16
0.718	2.51374e-16
0.719	1.01014e-15
0.72	1.96122e-15
0.721	3.1031e-15
0.722	4.50189e-15
0.723	6.17495e-15
0.724	8.16803e-15
0.725	1.05323e-14
0.726	1.33515e-14
0.727	1.66647e-14
0.728	2.06008e-14
0.729	2.52344e-14
0.73	3.06947e-14
0.731	3.71463e-14
0.732	4.47187e-14
0.733	5.36474e-14
0.734	6.41367e-14
0.735	7.64859e-14
0.736	9.09979e-14
0.737	1.08054e-13
0.738	1.28075e-13
0.739	1.51636e-13
0.74	1.79274e-13
0.741	2.11753e-13
0.742	2.49817e-13
0.743	2.94506e-13
0.744	3.46887e-13
0.745	4.08298e-13
0.746	4.80244e-13
0.747	5.64469e-13
0.748	6.63043e-13
0.749	7.7834e-13
0.75	9.1315e-13
0.751	1.07065e-12
0.752	1.25462e-12
0.753	1.46931e-12
0.754	1.71976e-12
0.755	2.01176e-12
0.756	2.35197e-12
0.757	2.74817e-12
0.758	3.20926e-12
0.759	3.74561e-12
0.76	4.36913e-12
0.761	5.09353e-12
0.762	5.93473e-12
0.763	6.91096e-12
0.764	8.04328e-12
0.765	9.35586e-12
0.766	1.08766e-11
0.767	1.26375e-11
0.768	1.46754e-11
0.769	1.70326e-11
0.77	1.97575e-11
0.771	2.2906e-11
0.772	2.65418e-11
0.773	3.07382e-11
0.774	3.55791e-11
0.775	4.11605e-11
0.776	4.75924e-11
0.777	5.50004e-11
0.778	6.35285e-11
0.779	7.3341e-11
0.78	8.46257e-11
0.781	9.75968e-11
0.782	1.12499e-10
0.783	1.29612e-10
0.784	1.49253e-10
0.785	1.71785e-10
0.786	1.97621e-10
0.787	2.27231e-10
0.788	2.61152e-10
0.789	2.99991e-10
0.79	3.44442e-10
0.791	3.9529e-10
0.792	4.53431e-10
0.793	5.19879e-10
0.794	5.95788e-10
0.795	6.82463e-10
0.796	7.81389e-10
0.797	8.94247e-10
0.798	1.02294e-09
0.799	1.16963e-09
0.8	1.33675e-09
0.801	1.52707e-09
0.802	1.74372e-09
0.803	1.99024e-09
0.804	2.27062e-09
0.805	2.58937e-09
0.806	2.9516e-09
0.807	3.36306e-09
0.808	3.83027e-09
0.809	4.36053e-09
0.81	4.96213e-09
0.811	5.64437e-09
0.812	6.41777e-09
0.813	7.29413e-09
0.814	8.28678e-09
0.815	9.41071e-09
0.816	1.06828e-08
0.817	1.21219e-08
0.818	1.37494e-08
0.819	1.55893e-08
0.82	1.76685e-08
0.821	2.00171e-08
0.822	2.26691e-08
0.823	2.56626e-08
0.824	2.90402e-08
0.825	3.28499e-08
0.826	3.71453e-08
0.827	4.19865e-08
0.828	4.7441e-08
0.829	5.35841e-08
0.83	6.05003e-08
0.831	6.82841e-08
0.832	7.70412e-08
0.833	8.68899e-08
0.834	9.79622e-08
0.835	1.10406e-07
0.836	1.24386e-07
0.837	1.40086e-07
0.838	1.57713e-07
0.839	1.77496e-07
0.84	1.9969e-07
0.841	2.24582e-07
0.842	2.5249e-07
0.843	2.83769e-07
0.844	3.18814e-07
0.845	3.58066e-07
0.846	4.02016e-07
0.847	4.5121e-07
0.848	5.06255e-07
0.849	5.67828e-07
0.85	6.36681e-07
0.851	7.13649e-07
0.852	7.99662e-07
0.853	8.95753e-07
0.854	1.00307e-06
0.855	1.12288e-06
0.856	1.25661e-06
0.857	1.40582e-06
0.858	1.57225e-06
0.859	1.75783e-06
0.86	1.96472e-06
0.861	2.19527e-06
0.862	2.45213e-06
0.863	2.7382e-06
0.864	3.05672e-06
0.865	3.41126e-06
0.866	3.80578e-06
0.867	4.24466e-06
0.868	4.73274e-06
0.869	5.27539e-06
0.87	5.87853e-06
0.871	6.54872e-06
0.872	7.29319e-06
0.873	8.11995e-06
0.874	9.03782e-06
0.875	1.00566e-05
0.876	1.1187e-05
0.877	1.2441e-05
0.878	1.38316e-05
0.879	1.53733e-05
0.88	1.70822e-05
0.881	1.89757e-05
0.882	2.10734e-05
0.883	2.33965e-05
0.884	2.59686e-05
0.885	2.88157e-05
0.886	3.19663e-05
0.887	3.54518e-05
0.888	3.93069e-05
0.889	4.35696e-05
0.89	4.82819e-05
0.891	5.34897e-05
0.892	5.92437e-05
0.893	6.55997e-05
0.894	7.26187e-05
0.895	8.03681e-05
0.896	8.89216e-05
0.897	9.83604e-05
0.898	0.000108773
0.899	0.000120258
0.9	0.000132923
0.901	0.000146884
0.902	0.000162271
0.903	0.000179226
0.904	0.000197904
0.905	0.000218475
0.906	0.000241124
0.907	0.000266058
0.908	0.000293499
0.909	0.000323692
0.91	0.000356906
0.911	0.000393435
0.912	0.000433599
0.913	0.000477751
0.914	0.000526276
0.915	0.000579594
0.916	0.000638165
0.917	0.000702493
0.918	0.000773127
0.919	0.000850669
0.92	0.000935775
0.921	0.00102916
0.922	0.00113161
0.923	0.00124398
0.924	0.00136721
0.925	0.0015023
0.926	0.00165038
0.927	0.00181265
0.928	0.00199045
0.929	0.0021852
0.93	0.00239849
0.931	0.00263203
0.932	0.00288768
0.933	0.00316749
0.934	0.00347367
0.935	0.00380864
0.936	0.00417503
0.937	0.0045757
0.938	0.00501377
0.939	0.00549263
0.94	0.00601599
0.941	0.00658785
0.942	0.00721258
0.943	0.00789494
0.944	0.0086401
0.945	0.00945367
0.946	0.0103418
0.947	0.011311
0.948	0.0123686
0.949	0.0135224
0.95	0.0147809
0.951	0.0161533
0.952	0.0176497
0.953	0.0192809
0.954	0.0210588
0.955	0.0229962
0.956	0.0251069
0.957	0.0274061
0.958	0.0299102
0.959	0.0326368
0.96	0.0356052
0.961	0.0388362
0.962	0.0423525
0.963	0.0461785
0.964	0.0503407
0.965	0.0548678
0.966	0.0597911
0.967	0.0651441
0.968	0.0709633
0.969	0.0772883
0.97	0.0841616
0.971	0.0916297
0.972	0.0997424
0.973	0.108554
0.974	0.118123
0.975	0.128512
0.976	0.139791
0.977	0.152032
0.978	0.165316
0.979	0.17973
0.98	0.195366
0.981	0.212326
0.982	0.230718
0.983	0.25066
0.984	0.272279
0.985	0.295712
0.986	0.321108
0.987	0.348625
0.988	0.378436
0.989	0.410728
0.99	0.4457
0.991	0.48357
0.992	0.524571
0.993	0.568953
0.994	0.61699
0.995	0.668972
0.996	0.725215
0.997	0.786059
0.998	0.85187
0.999	0.923042
