# Interpolation data for function: (2*x-1)^40
0	1
0.001	0.923042
0.002	0.85187
0.003	0.786059
0.004	0.725215
0.005	0.668972
0.006	0.61699
0.007	0.568953
0.008	0.524571
0.009	0.48357
0.01	0.4457
0.011	0.410728
0.012	0.378436
0.013	0.348625
0.014	0.321108
0.015	0.295712
0.016	0.272279
0.017	0.25066
0.018	0.230718
0.019	0.212326
0.02	0.195366
0.021	0.17973
0.022	0.165316
0.023	0.152032
0.024	0.139791
0.025	0.128512
0.026	0.118123
0.027	0.108554
0.028	0.0997424
0.029	0.0916297
0.03	0.0841616
0.031	0.0772883
0.032	0.0709633
0.033	0.0651441
0.034	0.0597911
0.035	0.0548678
0.036	0.0503407
0.037	0.0461785
0.038	0.0423525
0.039	0.0388362
0.04	0.0356052
0.041	0.0326368
0.042	0.0299102
0.043	0.0274061
0.044	0.0251069
0.045	0.0229962
0.046	0.0210588
0.047	0.0192809
0.048	0.0176497
0.049	0.0161533
0.05	0.0147809
0.051	0.0135224
0.052	0.0123686
0.053	0.011311
0.054	0.0103418
0.055	0.00945367
0.056	0.0086401
0.057	0.00789494
0.058	0.00721258
0.059	0.00658785
0.06	0.00601599
0.061	0.00549263
0.062	0.00501377
0.063	0.0045757
0.064	0.00417503
0.065	0.00380864
0.066	0.00347367
0.067	0.00316749
0.068	0.00288768
0.069	0.00263203
0.07	0.00239849
0.071	0.0021852
0.072	0.00199045
0.073	0.00181265
0.074	0.00165038
0.075	0.0015023
0.076	0.00136721
0.077	0.00124398
0.078	0.00113161
0.079	0.00102916
0.08	0.000935775
0.081	0.000850669
0.082	0.000773127
0.083	0.000702493
0.084	0.000638165
0.085	0.000579594
0.086	0.000526276
0.087	0.000477751
0.088	0.000433599
0.089	0.000393435
0.09	0.000356906
0.091	0.000323692
0.092	0.000293499
0.093	0.000266058
0.094	0.000241124
0.095	0.000218475
0.096	0.000197904
0.097	0.000179226
0.098	0.000162271
0.099	0.000146884
0.1	0.000132923
0.101	0.000120258
0.102	0.000108773
0.103	9.83604e-05
0.104	8.89216e-05
0.105	8.03681e-05
0.106	7.26187e-05
0.107	6.55997e-05
0.108	5.92437e-05
0.109	5.34897e-05
0.11	4.82819e-05
0.111	4.35696e-05
0.112	3.93069e-05
0.113	3.54518e-05
0.114	3.19663e-05
0.115	2.88157e-05
0.116	2.59686e-05
0.117	2.33965e-05
0.118	2.10734e-05
0.119	1.89757e-05
0.12	1.70822e-05
0.121	1.53733e-05
0.122	1.38316e-05
0.123	1.2441e-05
0.124	1.1187e-05
0.125	1.00566e-05
0.126	9.03782e-06
0.127	8.11995e-06
0.128	7.29319e-06
0.129	6.54872e-06
0.13	5.87853e-06
0.131	5.27539e-06
0.132	4.73274e-06
0.133	4.24465e-06
0.134	3.80578e-06
0.135	3.41126e-06
0.136	3.05672e-06
0.137	2.7382e-06
0.138	2.45213e-06
0.139	2.19527e-06
0.14	1.96472e-06
0.141	1.75783e-06
0.142	1.57225e-06
0.143	1.40582e-06
0.144	1.25661e-06
0.145	1.12288e-06
0.146	1.00307e-06
0.147	8.95753e-07
0.148	7.99662e-07
0.149	7.13649e-07
0.15	6.36681e-07
0.151	5.67828e-07
0.152	5.06255e-07
0.153	4.5121e-07
0.154	4.02016e-07
0.155	3.58066e-07
0.156	3.18814e-07
0.157	2.83769e-07
0.158	2.5249e-07
0.159	2.24582e-07
0.16	1.9969e-07
0.161	1.77496e-07
0.162	1.57713e-07
0.163	1.40086e-07
0.164	1.24386e-07
0.165	1.10406e-07
0.166	9.79622e-08
0.167	8.68899e-08
0.168	7.70412e-08
0.169	6.82841e-08
0.17	6.05003e-08
0.171	5.35841e-08
0.172	4.7441e-08
0.173	4.19865e-08
0.174	3.71453e-08
0.175	3.28499e-08
0.176	2.90402e-08
0.177	2.56626e-08
0.178	2.26691e-08
0.179	2.00171e-08
0.18	1.76685e-08
0.181	1.55893e-08
0.182	1.37494e-08
0.183	1.21219e-08
0.184	1.06828e-08
0.185	9.4107e-09
0.186	8.28678e-09
0.187	7.29412e-09
0.188	6.41776e-09
0.189	5.64437e-09
0.19	4.96212e-09
0.191	4.36052e-09
0.192	3.83026e-09
0.193	3.36306e-09
0.194	2.95159e-09
0.195	2.58936e-09
0.196	2.27061e-09
0.197	1.99023e-09
0.198	1.74372e-09
0.199	1.52707e-09
0.2	1.33674e-09
0.201	1.16962e-09
0.202	1.02294e-09
0.203	8.94244e-10
0.204	7.81387e-10
0.205	6.82462e-10
0.206	5.95787e-10
0.207	5.1988e-10
0.208	4.53432e-10
0.209	3.95292e-10
0.21	3.44445e-10
0.211	2.99995e-10
0.212	2.61156e-10
0.213	2.27237e-10
0.214	1.97626e-10
0.215	1.71791e-10
0.216	1.49259e-10
0.217	1.29619e-10
0.218	1.12506e-10
0.219	9.76044e-11
0.22	8.46335e-11
0.221	7.33489e-11
0.222	6.35364e-11
0.223	5.50082e-11
0.224	4.75999e-11
0.225	4.11679e-11
0.226	3.55861e-11
0.227	3.07448e-11
0.228	2.6548e-11
0.229	2.29116e-11
0.23	1.97626e-11
0.231	1.7037e-11
0.232	1.46791e-11
0.233	1.26405e-11
0.234	1.08789e-11
0.235	9.35738e-12
0.236	8.04402e-12
0.237	6.91095e-12
0.238	5.93395e-12
0.239	5.09198e-12
0.24	4.36684e-12
0.241	3.74259e-12
0.242	3.20557e-12
0.243	2.74381e-12
0.244	2.34703e-12
0.245	2.00624e-12
0.246	1.71378e-12
0.247	1.46289e-12
0.248	1.24782e-12
0.249	1.06356e-12
0.25	9.05834e-13
0.251	7.70863e-13
0.252	6.55469e-13
0.253	5.56881e-13
0.254	4.72715e-13
0.255	4.00916e-13
0.256	3.3972e-13
0.257	2.87594e-13
0.258	2.43228e-13
0.259	2.05558e-13
0.26	1.73552e-13
0.261	1.4641e-13
0.262	1.23407e-13
0.263	1.03969e-13
0.264	8.75478e-14
0.265	7.36954e-14
0.266	6.20386e-14
0.267	5.22566e-14
0.268	4.40493e-14
0.269	3.71706e-14
0.27	3.14506e-14
0.271	2.67191e-14
0.272	2.27716e-14
0.273	1.95063e-14
0.274	1.681e-14
0.275	1.46227e-14
0.276	1.28025e-14
0.277	1.13353e-14
0.278	1.01586e-14
0.279	9.20336e-15
0.28	8.42877e-15
0.281	7.78917e-15
0.282	7.2606e-15
0.283	6.85264e-15
0.284	6.49571e-15
0.285	6.19792e-15
0.286	5.92171e-15
0.287	5.68754e-15
0.288	5.44898e-15
0.289	5.2341e-15
0.29	5.00604e-15
0.291	4.76163e-15
0.292	4.50867e-15
0.293	4.26748e-15
0.294	3.96886e-15
0.295	3.68032e-15
0.296	3.3637e-15
0.297	3.04036e-15
0.298	2.69775e-15
0.299	2.35236e-15
0.3	1.97269e-15
0.301	1.58522e-15
0.302	1.19092e-15
0.303	8.01538e-16
0.304	4.01718e-16
0.305	1.56676e-17
0.306	-3.77e-16
0.307	-7.64978e-16
0.308	-1.13675e-15
0.309	-1.49985e-15
0.31	-1.85553e-15
0.311	-2.19254e-15
0.312	-2.47483e-15
0.313	-2.77339e-15
0.314	-3.02389e-15
0.315	-3.25203e-15
0.316	-3.45073e-15
0.317	-3.61321e-15
0.318	-3.75505e-15
0.319	-3.85567e-15
0.32	-3.92353e-15
0.321	-3.95109e-15
0.322	-3.952e-15
0.323	-3.9109e-15
0.324	-3.84414e-15
0.325	-3.73971e-15
0.326	-3.60596e-15
0.327	-3.44436e-15
0.328	-3.25119e-15
0.329	-3.02193e-15
0.33	-2.77498e-15
0.331	-2.51184e-15
0.332	-2.2384e-15
0.333	-1.90466e-15
0.334	-1.58148e-15
0.335	-1.23984e-15
0.336	-8.949e-16
0.337	-5.58652e-16
0.338	-1.95962e-16
0.339	1.66879e-16
0.34	5.20407e-16
0.341	8.7264e-16
0.342	1.21152e-15
0.343	1.54151e-15
0.344	1.84122e-15
0.345	2.14687e-15
0.346	2.4291e-15
0.347	2.68791e-15
0.348	2.92489e-15
0.349	3.13454e-15
0.35	3.31959e-15
0.351	3.47781e-15
0.352	3.6042e-15
0.353	3.69753e-15
0.354	3.77189e-15
0.355	3.78712e-15
0.356	3.8027e-15
0.357	3.7731e-15
0.358	3.72053e-15
0.359	3.62362e-15
0.36	3.51977e-15
0.361	3.36239e-15
0.362	3.18723e-15
0.363	2.98944e-15
0.364	2.76634e-15
0.365	2.51153e-15
0.366	2.24913e-15
0.367	1.96855e-15
0.368	1.66539e-15
0.369	1.37175e-15
0.37	1.04194e-15
0.371	7.18594e-16
0.372	3.82315e-16
0.373	5.3606e-17
0.374	-2.93173e-16
0.375	-6.19819e-16
0.376	-9.44638e-16
0.377	-1.26245e-15
0.378	-1.55608e-15
0.379	-1.85252e-15
0.38	-2.136e-15
0.381	-2.3881e-15
0.382	-2.63059e-15
0.383	-2.85047e-15
0.384	-3.03208e-15
0.385	-3.19404e-15
0.386	-3.3383e-15
0.387	-3.44915e-15
0.388	-3.54971e-15
0.389	-3.61071e-15
0.39	-3.63248e-15
0.391	-3.63022e-15
0.392	-3.61133e-15
0.393	-3.55613e-15
0.394	-3.46261e-15
0.395	-3.35843e-15
0.396	-3.21748e-15
0.397	-3.05597e-15
0.398	-2.85144e-15
0.399	-2.64198e-15
0.4	-2.4047e-15
0.401	-2.16251e-15
0.402	-1.89924e-15
0.403	-1.6075e-15
0.404	-1.31649e-15
0.405	-1.01777e-15
0.406	-7.1271e-16
0.407	-3.96871e-16
0.408	-7.14917e-17
0.409	2.58315e-16
0.41	5.58431e-16
0.411	8.68813e-16
0.412	1.1842e-15
0.413	1.48338e-15
0.414	1.76052e-15
0.415	2.03105e-15
0.416	2.27294e-15
0.417	2.52371e-15
0.418	2.73665e-15
0.419	2.92932e-15
0.42	3.10492e-15
0.421	3.25055e-15
0.422	3.37276e-15
0.423	3.46858e-15
0.424	3.5241e-15
0.425	3.5681e-15
0.426	3.58857e-15
0.427	3.56432e-15
0.428	3.53151e-15
0.429	3.46153e-15
0.43	3.37557e-15
0.431	3.25716e-15
0.432	3.10274e-15
0.433	2.94217e-15
0.434	2.75412e-15
0.435	2.53966e-15
0.436	2.31274e-15
0.437	2.07135e-15
0.438	1.80847e-15
0.439	1.5308e-15
0.44	1.24992e-15
0.441	9.48421e-16
0.442	6.44162e-16
0.443	3.46229e-16
0.444	3.81637e-17
0.445	-2.6633e-16
0.446	-5.83908e-16
0.447	-8.82832e-16
0.448	-1.1661e-15
0.449	-1.44923e-15
0.45	-1.72481e-15
0.451	-1.9826e-15
0.452	-2.21823e-15
0.453	-2.43442e-15
0.454	-2.64605e-15
0.455	-2.82499e-15
0.456	-2.99296e-15
0.457	-3.13171e-15
0.458	-3.24128e-15
0.459	-3.33263e-15
0.46	-3.39184e-15
0.461	-3.43915e-15
0.462	-3.44045e-15
0.463	-3.44413e-15
0.464	-3.3825e-15
0.465	-3.32262e-15
0.466	-3.23389e-15
0.467	-3.09195e-15
0.468	-2.96775e-15
0.469	-2.79992e-15
0.47	-2.61284e-15
0.471	-2.41187e-15
0.472	-2.18481e-15
0.473	-1.93316e-15
0.474	-1.6857e-15
0.475	-1.42164e-15
0.476	-1.14821e-15
0.477	-8.52744e-16
0.478	-5.67965e-16
0.479	-2.62341e-16
0.48	2.17927e-17
0.481	3.22999e-16
0.482	6.31749e-16
0.483	9.29899e-16
0.484	1.21909e-15
0.485	1.4946e-15
0.486	1.76079e-15
0.487	2.01195e-15
0.488	2.26068e-15
0.489	2.46897e-15
0.49	2.65717e-15
0.491	2.87126e-15
0.492	2.99607e-15
0.493	3.14121e-15
0.494	3.26404e-15
0.495	3.34144e-15
0.496	3.43927e-15
0.497	3.4686e-15
0.498	3.44438e-15
0.499	3.46362e-15
0.5	3.41066e-15
0.501	3.35375e-15
0.502	3.25847e-15
0.503	3.15182e-15
0.504	3.00881e-15
0.505	2.85988e-15
0.506	2.68749e-15
0.507	2.47454e-15
0.508	2.23878e-15
0.509	1.9962e-15
0.51	1.76735e-15
0.511	1.51419e-15
0.512	1.21969e-15
0.513	9.55524e-16
0.514	6.63686e-16
0.515	3.692e-16
0.516	7.02975e-17
0.517	-2.45283e-16
0.518	-5.2999e-16
0.519	-8.16555e-16
0.52	-1.11267e-15
0.521	-1.37511e-15
0.522	-1.64065e-15
0.523	-1.89178e-15
0.524	-2.12549e-15
0.525	-2.357e-15
0.526	-2.54992e-15
0.527	-2.73614e-15
0.528	-2.90292e-15
0.529	-3.0569e-15
0.53	-3.15761e-15
0.531	-3.25043e-15
0.532	-3.3076e-15
0.533	-3.35876e-15
0.534	-3.38549e-15
0.535	-3.37057e-15
0.536	-3.32101e-15
0.537	-3.28501e-15
0.538	-3.19067e-15
0.539	-3.08767e-15
0.54	-2.94772e-15
0.541	-2.791e-15
0.542	-2.60638e-15
0.543	-2.41679e-15
0.544	-2.20225e-15
0.545	-1.95484e-15
0.546	-1.71292e-15
0.547	-1.44482e-15
0.548	-1.17313e-15
0.549	-8.89559e-16
0.55	-6.24762e-16
0.551	-3.18707e-16
0.552	-1.71686e-17
0.553	2.81857e-16
0.554	5.82089e-16
0.555	8.69793e-16
0.556	1.14057e-15
0.557	1.41649e-15
0.558	1.6967e-15
0.559	1.93302e-15
0.56	2.18283e-15
0.561	2.39635e-15
0.562	2.61046e-15
0.563	2.78622e-15
0.564	2.95256e-15
0.565	3.09616e-15
0.566	3.19916e-15
0.567	3.31169e-15
0.568	3.36938e-15
0.569	3.40035e-15
0.57	3.41755e-15
0.571	3.41495e-15
0.572	3.39193e-15
0.573	3.31966e-15
0.574	3.22638e-15
0.575	3.10904e-15
0.576	2.97301e-15
0.577	2.80419e-15
0.578	2.6218e-15
0.579	2.4337e-15
0.58	2.20002e-15
0.581	1.96302e-15
0.582	1.71749e-15
0.583	1.45132e-15
0.584	1.17625e-15
0.585	8.90907e-16
0.586	5.83189e-16
0.587	2.95514e-16
0.588	-6.15501e-18
0.589	-3.15418e-16
0.59	-6.18781e-16
0.591	-9.0524e-16
0.592	-1.20302e-15
0.593	-1.48389e-15
0.594	-1.74711e-15
0.595	-2.00049e-15
0.596	-2.23092e-15
0.597	-2.45355e-15
0.598	-2.63726e-15
0.599	-2.83327e-15
0.6	-2.98698e-15
0.601	-3.11915e-15
0.602	-3.23846e-15
0.603	-3.3177e-15
0.604	-3.37453e-15
0.605	-3.41002e-15
0.606	-3.40876e-15
0.607	-3.38746e-15
0.608	-3.3474e-15
0.609	-3.25954e-15
0.61	-3.159e-15
0.611	-3.02806e-15
0.612	-2.87614e-15
0.613	-2.71391e-15
0.614	-2.50079e-15
0.615	-2.29436e-15
0.616	-2.05e-15
0.617	-1.8018e-15
0.618	-1.52617e-15
0.619	-1.23523e-15
0.62	-9.51725e-16
0.621	-6.48239e-16
0.622	-3.52666e-16
0.623	-3.21227e-17
0.624	2.76045e-16
0.625	5.81435e-16
0.626	8.75279e-16
0.627	1.18512e-15
0.628	1.46446e-15
0.629	1.74591e-15
0.63	2.02044e-15
0.631	2.27104e-15
0.632	2.48797e-15
0.633	2.70602e-15
0.634	2.88242e-15
0.635	3.04951e-15
0.636	3.1921e-15
0.637	3.31838e-15
0.638	3.40419e-15
0.639	3.46785e-15
0.64	3.49684e-15
0.641	3.50962e-15
0.642	3.48195e-15
0.643	3.41718e-15
0.644	3.3424e-15
0.645	3.24578e-15
0.646	3.10138e-15
0.647	2.94545e-15
0.648	2.75151e-15
0.649	2.555e-15
0.65	2.31446e-15
0.651	2.06543e-15
0.652	1.79567e-15
0.653	1.50542e-15
0.654	1.22206e-15
0.655	9.13442e-16
0.656	5.97274e-16
0.657	2.70992e-16
0.658	-5.27722e-17
0.659	-3.85576e-16
0.66	-7.07184e-16
0.661	-1.0225e-15
0.662	-1.33159e-15
0.663	-1.62231e-15
0.664	-1.91475e-15
0.665	-2.18396e-15
0.666	-2.44369e-15
0.667	-2.6871e-15
0.668	-2.896e-15
0.669	-3.07637e-15
0.67	-3.22898e-15
0.671	-3.37918e-15
0.672	-3.48417e-15
0.673	-3.56267e-15
0.674	-3.60619e-15
0.675	-3.62354e-15
0.676	-3.60425e-15
0.677	-3.55679e-15
0.678	-3.47938e-15
0.679	-3.37131e-15
0.68	-3.23859e-15
0.681	-3.07847e-15
0.682	-2.88797e-15
0.683	-2.6488e-15
0.684	-2.42137e-15
0.685	-2.15007e-15
0.686	-1.87797e-15
0.687	-1.58468e-15
0.688	-1.26551e-15
0.689	-9.40267e-16
0.69	-5.99114e-16
0.691	-2.49535e-16
0.692	9.50499e-17
0.693	4.38996e-16
0.694	7.78172e-16
0.695	1.1386e-15
0.696	1.46696e-15
0.697	1.79911e-15
0.698	2.0993e-15
0.699	2.42231e-15
0.7	2.68819e-15
0.701	2.96196e-15
0.702	3.21167e-15
0.703	3.44545e-15
0.704	3.65605e-15
0.705	3.8443e-15
0.706	3.99519e-15
0.707	4.14514e-15
0.708	4.28927e-15
0.709	4.40862e-15
0.71	4.5237e-15
0.711	4.6319e-15
0.712	4.74773e-15
0.713	4.84919e-15
0.714	4.99364e-15
0.715	5.1696e-15
0.716	5.39617e-15
0.717	5.66904e-15
0.718	6.03523e-15
0.719	6.49114e-15
0.72	7.09004e-15
0.721	7.83337e-15
0.722	8.79066e-15
0.723	9.98304e-15
0.724	1.14605e-14
0.725	1.32786e-14
0.726	1.5526e-14
0.727	1.82468e-14
0.728	2.15751e-14
0.729	2.55912e-14
0.73	3.04297e-14
0.731	3.6261e-14
0.732	4.32201e-14
0.733	5.15482e-14
0.734	6.14553e-14
0.735	7.3246e-14
0.736	8.72285e-14
0.737	1.03789e-13
0.738	1.23354e-13
0.739	1.46501e-13
0.74	1.73773e-13
0.741	2.05937e-13
0.742	2.43739e-13
0.743	2.88223e-13
0.744	3.40459e-13
0.745	4.01784e-13
0.746	4.73707e-13
0.747	5.5797e-13
0.748	6.56645e-13
0.749	7.72103e-13
0.75	9.07135e-13
0.751	1.06491e-12
0.752	1.24922e-12
0.753	1.4643e-12
0.754	1.71519e-12
0.755	2.00767e-12
0.756	2.3484e-12
0.757	2.74516e-12
0.758	3.20684e-12
0.759	3.74381e-12
0.76	4.36796e-12
0.761	5.09302e-12
0.762	5.93487e-12
0.763	6.91175e-12
0.764	8.04471e-12
0.765	9.35793e-12
0.766	1.08793e-11
0.767	1.26408e-11
0.768	1.46792e-11
0.769	1.70369e-11
0.77	1.97624e-11
0.771	2.29113e-11
0.772	2.65475e-11
0.773	3.07442e-11
0.774	3.55853e-11
0.775	4.11669e-11
0.776	4.75989e-11
0.777	5.5007e-11
0.778	6.35351e-11
0.779	7.33476e-11
0.78	8.4632e-11
0.781	9.7603e-11
0.782	1.12505e-10
0.783	1.29617e-10
0.784	1.49258e-10
0.785	1.71789e-10
0.786	1.97625e-10
0.787	2.27235e-10
0.788	2.61155e-10
0.789	2.99994e-10
0.79	3.44443e-10
0.791	3.95291e-10
0.792	4.53431e-10
0.793	5.19879e-10
0.794	5.95787e-10
0.795	6.82462e-10
0.796	7.81387e-10
0.797	8.94244e-10
0.798	1.02294e-09
0.799	1.16962e-09
0.8	1.33675e-09
0.801	1.52707e-09
0.802	1.74372e-09
0.803	1.99023e-09
0.804	2.27061e-09
0.805	2.58936e-09
0.806	2.95159e-09
0.807	3.36306e-09
0.808	3.83026e-09
0.809	4.36052e-09
0.81	4.96212e-09
0.811	5.64437e-09
0.812	6.41776e-09
0.813	7.29413e-09
0.814	8.28678e-09
0.815	9.4107e-09
0.816	1.06828e-08
0.817	1.21219e-08
0.818	1.37494e-08
0.819	1.55893e-08
0.82	1.76685e-08
0.821	2.00171e-08
0.822	2.26691e-08
0.823	2.56626e-08
0.824	2.90402e-08
0.825	3.28499e-08
0.826	3.71453e-08
0.827	4.19865e-08
0.828	4.7441e-08
0.829	5.35841e-08
0.83	6.05003e-08
0.831	6.82841e-08
0.832	7.70412e-08
0.833	8.68899e-08
0.834	9.79622e-08
0.835	1.10406e-07
0.836	1.24386e-07
0.837	1.40086e-07
0.838	1.57713e-07
0.839	1.77496e-07
0.84	1.9969e-07
0.841	2.24582e-07
0.842	2.5249e-07
0.843	2.83769e-07
0.844	3.18814e-07
0.845	3.58066e-07
0.846	4.02016e-07
0.847	4.5121e-07
0.848	5.06255e-07
0.849	5.67828e-07
0.85	6.36681e-07
0.851	7.13649e-07
0.852	7.99662e-07
0.853	8.95753e-07
0.854	1.00307e-06
0.855	1.12288e-06
0.856	1.25661e-06
0.857	1.40582e-06
0.858	1.57225e-06
0.859	1.75783e-06
0.86	1.96472e-06
0.861	2.19527e-06
0.862	2.45213e-06
0.863	2.7382e-06
0.864	3.05672e-06
0.865	3.41126e-06
0.866	3.80578e-06
0.867	4.24465e-06
0.868	4.73274e-06
0.869	5.27539e-06
0.87	5.87853e-06
0.871	6.54872e-06
0.872	7.29319e-06
0.873	8.11995e-06
0.874	9.03782e-06
0.875	1.00566e-05
0.876	1.1187e-05
0.877	1.2441e-05
0.878	1.38316e-05
0.879	1.53733e-05
0.88	1.70822e-05
0.881	1.89757e-05
0.882	2.10734e-05
0.883	2.33965e-05
0.884	2.59686e-05
0.885	2.88157e-05
0.886	3.19663e-05
0.887	3.54518e-05
0.888	3.93069e-05
0.889	4.35696e-05
0.89	4.82819e-05
0.891	5.34897e-05
0.892	5.92437e-05
0.893	6.55997e-05
0.894	7.26187e-05
0.895	8.03681e-05
0.896	8.89216e-05
0.897	9.83604e-05
0.898	0.000108773
0.899	0.000120258
0.9	0.000132923
0.901	0.000146884
0.902	0.000162271
0.903	0.000179226
0.904	0.000197904
0.905	0.000218475
0.906	0.000241124
0.907	0.000266058
0.908	0.000293499
0.909	0.000323692
0.91	0.000356906
0.911	0.000393435
0.912	0.000433599
0.913	0.000477751
0.914	0.000526276
0.915	0.000579594
0.916	0.000638165
0.917	0.000702493
0.918	0.000773127
0.919	0.000850669
0.92	0.000935775
0.921	0.00102916
0.922	0.00113161
0.923	0.00124398
0.924	0.00136721
0.925	0.0015023
0.926	0.00165038
0.927	0.00181265
0.928	0.00199045
0.929	0.0021852
0.93	0.00239849
0.931	0.00263203
0.932	0.00288768
0.933	0.00316749
0.934	0.00347367
0.935	0.00380864
0.936	0.00417503
0.937	0.0045757
0.938	0.00501377
0.939	0.00549263
0.94	0.00601599
0.941	0.00658785
0.942	0.00721258
0.943	0.00789494
0.944	0.0086401
0.945	0.00945367
0.946	0.0103418
0.947	0.011311
0.948	0.0123686
0.949	0.0135224
0.95	0.0147809
0.951	0.0161533
0.952	0.0176497
0.953	0.0192809
0.954	0.0210588
0.955	0.0229962
0.956	0.0251069
0.957	0.0274061
0.958	0.0299102
0.959	0.0326368
0.96	0.0356052
0.961	0.0388362
0.962	0.0423525
0.963	0.0461785
0.964	0.0503407
0.965	0.0548678
0.966	0.0597911
0.967	0.0651441
0.968	0.0709633
0.969	0.0772883
0.97	0.0841616
0.971	0.0916297
0.972	0.0997424
0.973	0.108554
0.974	0.118123
0.975	0.128512
0.976	0.139791
0.977	0.152032
0.978	0.165316
0.979	0.17973
0.98	0.195366
0.981	0.212326
0.982	0.230718
0.983	0.25066
0.984	0.272279
0.985	0.295712
0.986	0.321108
0.987	0.348625
0.988	0.378436
0.989	0.410728
0.99	0.4457
0.991	0.48357
0.992	0.524571
0.993	0.568953
0.994	0.61699
0.995	0.668972
0.996	0.725215
0.997	0.786059
0.998	0.85187
0.999	0.923042
