# Interpolation data for function: (2*x-1)^40
0	1
0.001	0.923042
0.002	0.85187
0.003	0.786059
0.004	0.725215
0.005	0.668972
0.006	0.61699
0.007	0.568953
0.008	0.524571
0.009	0.48357
0.01	0.4457
0.011	0.410728
0.012	0.378436
0.013	0.348625
0.014	0.321108
0.015	0.295712
0.016	0.272279
0.017	0.25066
0.018	0.230718
0.019	0.212326
0.02	0.195366
0.021	0.17973
0.022	0.165316
0.023	0.152032
0.024	0.139791
0.025	0.128512
0.026	0.118123
0.027	0.108554
0.028	0.0997424
0.029	0.0916297
0.03	0.0841616
0.031	0.0772883
0.032	0.0709633
0.033	0.0651441
0.034	0.0597911
0.035	0.0548678
0.036	0.0503407
0.037	0.0461785
0.038	0.0423525
0.039	0.0388362
0.04	0.0356052
0.041	0.0326368
0.042	0.0299102
0.043	0.0274061
0.044	0.0251069
0.045	0.0229962
0.046	0.0210588
0.047	0.0192809
0.048	0.0176497
0.049	0.0161533
0.05	0.0147809
0.051	0.0135224
0.052	0.0123686
0.053	0.011311
0.054	0.0103418
0.055	0.00945367
0.056	0.0086401
0.057	0.00789494
0.058	0.00721258
0.059	0.00658785
0.06	0.00601599
0.061	0.00549263
0.062	0.00501377
0.063	0.0045757
0.064	0.00417503
0.065	0.00380864
0.066	0.00347367
0.067	0.00316749
0.068	0.00288768
0.069	0.00263203
0.07	0.00239849
0.071	0.0021852
0.072	0.00199045
0.073	0.00181265
0.074	0.00165038
0.075	0.0015023
0.076	0.00136721
0.077	0.00124398
0.078	0.00113161
0.079	0.00102916
0.08	0.000935775
0.081	0.000850669
0.082	0.000773127
0.083	0.000702493
0.084	0.000638165
0.085	0.000579594
0.086	0.000526276
0.087	0.000477751
0.088	0.000433599
0.089	0.000393435
0.09	0.000356906
0.091	0.000323692
0.092	0.000293499
0.093	0.000266058
0.094	0.000241124
0.095	0.000218475
0.096	0.000197904
0.097	0.000179226
0.098	0.000162271
0.099	0.000146884
0.1	0.000132923
0.101	0.000120258
0.102	0.000108773
0.103	9.83604e-05
0.104	8.89216e-05
0.105	8.03681e-05
0.106	7.26187e-05
0.107	6.55997e-05
0.108	5.92437e-05
0.109	5.34897e-05
0.11	4.82819e-05
0.111	4.35696e-05
0.112	3.93069e-05
0.113	3.54518e-05
0.114	3.19663e-05
0.115	2.88157e-05
0.116	2.59686e-05
0.117	2.33965e-05
0.118	2.10734e-05
0.119	1.89757e-05
0.12	1.70822e-05
0.121	1.53733e-05
0.122	1.38316e-05
0.123	1.2441e-05
0.124	1.1187e-05
0.125	1.00566e-05
0.126	9.03782e-06
0.127	8.11995e-06
0.128	7.29319e-06
0.129	6.54872e-06
0.13	5.87853e-06
0.131	5.27539e-06
0.132	4.73274e-06
0.133	4.24465e-06
0.134	3.80578e-06
0.135	3.41126e-06
0.136	3.05672e-06
0.137	2.7382e-06
0.138	2.45213e-06
0.139	2.19527e-06
0.14	1.96472e-06
0.141	1.75783e-06
0.142	1.57225e-06
0.143	1.40582e-06
0.144	1.25661e-06
0.145	1.12288e-06
0.146	1.00307e-06
0.147	8.95753e-07
0.148	7.99662e-07
0.149	7.13649e-07
0.15	6.36681e-07
0.151	5.67828e-07
0.152	5.06255e-07
0.153	4.5121e-07
0.154	4.02016e-07
0.155	3.58066e-07
0.156	3.18814e-07
0.157	2.83769e-07
0.158	2.5249e-07
0.159	2.24582e-07
0.16	1.9969e-07
0.161	1.77496e-07
0.162	1.57713e-07
0.163	1.40086e-07
0.164	1.24386e-07
0.165	1.10406e-07
0.166	9.79622e-08
0.167	8.68899e-08
0.168	7.70412e-08
0.169	6.82841e-08
0.17	6.05003e-08
0.171	5.35841e-08
0.172	4.7441e-08
0.173	4.19865e-08
0.174	3.71453e-08
0.175	3.28499e-08
0.176	2.90402e-08
0.177	2.56626e-08
0.178	2.26691e-08
0.179	2.00171e-08
0.18	1.76685e-08
0.181	1.55893e-08
0.182	1.37494e-08
0.183	1.21219e-08
0.184	1.06827e-08
0.185	9.4107e-09
0.186	8.28677e-09
0.187	7.29412e-09
0.188	6.41776e-09
0.189	5.64437e-09
0.19	4.96212e-09
0.191	4.36053e-09
0.192	3.83026e-09
0.193	3.36306e-09
0.194	2.9516e-09
0.195	2.58937e-09
0.196	2.27061e-09
0.197	1.99024e-09
0.198	1.74373e-09
0.199	1.52708e-09
0.2	1.33675e-09
0.201	1.16963e-09
0.202	1.02295e-09
0.203	8.94253e-10
0.204	7.81396e-10
0.205	6.8247e-10
0.206	5.95795e-10
0.207	5.19887e-10
0.208	4.53439e-10
0.209	3.95299e-10
0.21	3.4445e-10
0.211	3e-10
0.212	2.6116e-10
0.213	2.27239e-10
0.214	1.97628e-10
0.215	1.71792e-10
0.216	1.49259e-10
0.217	1.29618e-10
0.218	1.12505e-10
0.219	9.76019e-11
0.22	8.46301e-11
0.221	7.33447e-11
0.222	6.35315e-11
0.223	5.50026e-11
0.224	4.75937e-11
0.225	4.1161e-11
0.226	3.55788e-11
0.227	3.07371e-11
0.228	2.65399e-11
0.229	2.29034e-11
0.23	1.97542e-11
0.231	1.70286e-11
0.232	1.46708e-11
0.233	1.26323e-11
0.234	1.08709e-11
0.235	9.3498e-12
0.236	8.03685e-12
0.237	6.90427e-12
0.238	5.92785e-12
0.239	5.08651e-12
0.24	4.36206e-12
0.241	3.73854e-12
0.242	3.2023e-12
0.243	2.74136e-12
0.244	2.34542e-12
0.245	2.00548e-12
0.246	1.71387e-12
0.247	1.46383e-12
0.248	1.2496e-12
0.249	1.06616e-12
0.25	9.09221e-13
0.251	7.74998e-13
0.252	6.60307e-13
0.253	5.62368e-13
0.254	4.78792e-13
0.255	4.07517e-13
0.256	3.46774e-13
0.257	2.95027e-13
0.258	2.5096e-13
0.259	2.13509e-13
0.26	1.81638e-13
0.261	1.54548e-13
0.262	1.31513e-13
0.263	1.11959e-13
0.264	9.53411e-14
0.265	8.12127e-14
0.266	6.92042e-14
0.267	5.89987e-14
0.268	5.03007e-14
0.269	4.28696e-14
0.27	3.65414e-14
0.271	3.1152e-14
0.272	2.65042e-14
0.273	2.25032e-14
0.274	1.90435e-14
0.275	1.60726e-14
0.276	1.34568e-14
0.277	1.11897e-14
0.278	9.21696e-15
0.279	7.47724e-15
0.28	5.9375e-15
0.281	4.55948e-15
0.282	3.32634e-15
0.283	2.2544e-15
0.284	1.28036e-15
0.285	4.18118e-16
0.286	-3.64634e-16
0.287	-1.04281e-15
0.288	-1.65884e-15
0.289	-2.18132e-15
0.29	-2.64448e-15
0.291	-3.04957e-15
0.292	-3.38759e-15
0.293	-3.63778e-15
0.294	-3.86959e-15
0.295	-4.01652e-15
0.296	-4.11842e-15
0.297	-4.15632e-15
0.298	-4.1458e-15
0.299	-4.07404e-15
0.3	-3.97676e-15
0.301	-3.83228e-15
0.302	-3.64488e-15
0.303	-3.40851e-15
0.304	-3.1446e-15
0.305	-2.83533e-15
0.306	-2.50774e-15
0.307	-2.15737e-15
0.308	-1.77965e-15
0.309	-1.38913e-15
0.31	-9.94115e-16
0.311	-5.90274e-16
0.312	-1.48392e-16
0.313	2.53927e-16
0.314	6.74631e-16
0.315	1.08199e-15
0.316	1.47736e-15
0.317	1.86226e-15
0.318	2.21628e-15
0.319	2.55568e-15
0.32	2.86819e-15
0.321	3.15813e-15
0.322	3.40924e-15
0.323	3.63481e-15
0.324	3.81712e-15
0.325	3.96737e-15
0.326	4.07709e-15
0.327	4.14531e-15
0.328	4.17684e-15
0.329	4.17792e-15
0.33	4.13246e-15
0.331	4.04184e-15
0.332	3.90354e-15
0.333	3.7715e-15
0.334	3.57918e-15
0.335	3.36042e-15
0.336	3.10519e-15
0.337	2.80699e-15
0.338	2.5067e-15
0.339	2.18403e-15
0.34	1.83565e-15
0.341	1.47585e-15
0.342	1.09888e-15
0.343	7.1554e-16
0.344	3.10709e-16
0.345	-7.32513e-17
0.346	-4.59679e-16
0.347	-8.42789e-16
0.348	-1.21548e-15
0.349	-1.57801e-15
0.35	-1.92279e-15
0.351	-2.24759e-15
0.352	-2.55335e-15
0.353	-2.8377e-15
0.354	-3.08348e-15
0.355	-3.32823e-15
0.356	-3.51044e-15
0.357	-3.67413e-15
0.358	-3.79612e-15
0.359	-3.89741e-15
0.36	-3.94076e-15
0.361	-3.9735e-15
0.362	-3.96112e-15
0.363	-3.91032e-15
0.364	-3.82607e-15
0.365	-3.7176e-15
0.366	-3.56407e-15
0.367	-3.37979e-15
0.368	-3.17327e-15
0.369	-2.91689e-15
0.37	-2.66115e-15
0.371	-2.3685e-15
0.372	-2.06366e-15
0.373	-1.73165e-15
0.374	-1.40377e-15
0.375	-1.04756e-15
0.376	-6.87134e-16
0.377	-3.23112e-16
0.378	5.59354e-17
0.379	4.17372e-16
0.38	7.71467e-16
0.381	1.13133e-15
0.382	1.47012e-15
0.383	1.79603e-15
0.384	2.12025e-15
0.385	2.42002e-15
0.386	2.68965e-15
0.387	2.94152e-15
0.388	3.1496e-15
0.389	3.34074e-15
0.39	3.51266e-15
0.391	3.64867e-15
0.392	3.74045e-15
0.393	3.8072e-15
0.394	3.85101e-15
0.395	3.84478e-15
0.396	3.8157e-15
0.397	3.7491e-15
0.398	3.66949e-15
0.399	3.54126e-15
0.4	3.39024e-15
0.401	3.19683e-15
0.402	2.98092e-15
0.403	2.75396e-15
0.404	2.4911e-15
0.405	2.20546e-15
0.406	1.90051e-15
0.407	1.58577e-15
0.408	1.26525e-15
0.409	9.39154e-16
0.41	5.78771e-16
0.411	2.2948e-16
0.412	-1.08584e-16
0.413	-4.51288e-16
0.414	-7.99255e-16
0.415	-1.13198e-15
0.416	-1.46662e-15
0.417	-1.76101e-15
0.418	-2.05747e-15
0.419	-2.33438e-15
0.42	-2.5848e-15
0.421	-2.81824e-15
0.422	-3.02518e-15
0.423	-3.20602e-15
0.424	-3.37252e-15
0.425	-3.49423e-15
0.426	-3.58191e-15
0.427	-3.65599e-15
0.428	-3.68002e-15
0.429	-3.68282e-15
0.43	-3.64384e-15
0.431	-3.58066e-15
0.432	-3.49843e-15
0.433	-3.36931e-15
0.434	-3.21707e-15
0.435	-3.04347e-15
0.436	-2.83778e-15
0.437	-2.60557e-15
0.438	-2.35777e-15
0.439	-2.09183e-15
0.44	-1.80063e-15
0.441	-1.50622e-15
0.442	-1.19557e-15
0.443	-8.64569e-16
0.444	-5.34748e-16
0.445	-1.97541e-16
0.446	1.25243e-16
0.447	4.60209e-16
0.448	7.9929e-16
0.449	1.122e-15
0.45	1.43092e-15
0.451	1.73165e-15
0.452	2.02414e-15
0.453	2.30149e-15
0.454	2.54492e-15
0.455	2.77899e-15
0.456	2.97873e-15
0.457	3.15955e-15
0.458	3.31892e-15
0.459	3.44379e-15
0.46	3.54646e-15
0.461	3.60546e-15
0.462	3.65414e-15
0.463	3.64379e-15
0.464	3.64224e-15
0.465	3.58299e-15
0.466	3.4977e-15
0.467	3.41216e-15
0.468	3.25733e-15
0.469	3.09684e-15
0.47	2.909e-15
0.471	2.69149e-15
0.472	2.4599e-15
0.473	2.21641e-15
0.474	1.93624e-15
0.475	1.6444e-15
0.476	1.33811e-15
0.477	1.03467e-15
0.478	7.06139e-16
0.479	3.8893e-16
0.48	4.56611e-17
0.481	-2.8012e-16
0.482	-5.92967e-16
0.483	-9.06102e-16
0.484	-1.21305e-15
0.485	-1.51381e-15
0.486	-1.79949e-15
0.487	-2.07143e-15
0.488	-2.31293e-15
0.489	-2.55815e-15
0.49	-2.78317e-15
0.491	-2.93878e-15
0.492	-3.13728e-15
0.493	-3.26652e-15
0.494	-3.36702e-15
0.495	-3.46017e-15
0.496	-3.47884e-15
0.497	-3.51104e-15
0.498	-3.54142e-15
0.499	-3.47296e-15
0.5	-3.42174e-15
0.501	-3.32039e-15
0.502	-3.20464e-15
0.503	-3.04919e-15
0.504	-2.88116e-15
0.505	-2.67259e-15
0.506	-2.44391e-15
0.507	-2.21542e-15
0.508	-1.97288e-15
0.509	-1.70414e-15
0.51	-1.39272e-15
0.511	-1.08095e-15
0.512	-7.90367e-16
0.513	-4.53929e-16
0.514	-1.34416e-16
0.515	1.88341e-16
0.516	5.0768e-16
0.517	8.06438e-16
0.518	1.1273e-15
0.519	1.43274e-15
0.52	1.71037e-15
0.521	1.99888e-15
0.522	2.25715e-15
0.523	2.49853e-15
0.524	2.72215e-15
0.525	2.90916e-15
0.526	3.09267e-15
0.527	3.2378e-15
0.528	3.35469e-15
0.529	3.43447e-15
0.53	3.51575e-15
0.531	3.55176e-15
0.532	3.56923e-15
0.533	3.53795e-15
0.534	3.4762e-15
0.535	3.4015e-15
0.536	3.30757e-15
0.537	3.14737e-15
0.538	2.99436e-15
0.539	2.80087e-15
0.54	2.59753e-15
0.541	2.36693e-15
0.542	2.12329e-15
0.543	1.8471e-15
0.544	1.56206e-15
0.545	1.28008e-15
0.546	9.67037e-16
0.547	6.59019e-16
0.548	3.38045e-16
0.549	1.71525e-17
0.55	-3.29494e-16
0.551	-6.36972e-16
0.552	-9.46147e-16
0.553	-1.25013e-15
0.554	-1.54038e-15
0.555	-1.82589e-15
0.556	-2.10649e-15
0.557	-2.35567e-15
0.558	-2.57008e-15
0.559	-2.79394e-15
0.56	-2.96616e-15
0.561	-3.13313e-15
0.562	-3.25492e-15
0.563	-3.36775e-15
0.564	-3.44038e-15
0.565	-3.4842e-15
0.566	-3.51553e-15
0.567	-3.48317e-15
0.568	-3.45083e-15
0.569	-3.39018e-15
0.57	-3.28848e-15
0.571	-3.15243e-15
0.572	-2.98377e-15
0.573	-2.81285e-15
0.574	-2.61339e-15
0.575	-2.39079e-15
0.576	-2.14241e-15
0.577	-1.88546e-15
0.578	-1.60414e-15
0.579	-1.29434e-15
0.58	-9.99963e-16
0.581	-6.83011e-16
0.582	-3.53198e-16
0.583	-2.72847e-17
0.584	3.01641e-16
0.585	6.27317e-16
0.586	9.32653e-16
0.587	1.25508e-15
0.588	1.55557e-15
0.589	1.83562e-15
0.59	2.10389e-15
0.591	2.36672e-15
0.592	2.59135e-15
0.593	2.80175e-15
0.594	2.9946e-15
0.595	3.15832e-15
0.596	3.30259e-15
0.597	3.40914e-15
0.598	3.50637e-15
0.599	3.54069e-15
0.6	3.5648e-15
0.601	3.55641e-15
0.602	3.50578e-15
0.603	3.43952e-15
0.604	3.33983e-15
0.605	3.20592e-15
0.606	3.05399e-15
0.607	2.86853e-15
0.608	2.64995e-15
0.609	2.42938e-15
0.61	2.17422e-15
0.611	1.90509e-15
0.612	1.61586e-15
0.613	1.2995e-15
0.614	1.00053e-15
0.615	6.65622e-16
0.616	3.43866e-16
0.617	5.87997e-18
0.618	-3.19848e-16
0.619	-6.40436e-16
0.62	-9.73506e-16
0.621	-1.28648e-15
0.622	-1.60208e-15
0.623	-1.88228e-15
0.624	-2.15935e-15
0.625	-2.41875e-15
0.626	-2.66447e-15
0.627	-2.86437e-15
0.628	-3.06062e-15
0.629	-3.21652e-15
0.63	-3.33737e-15
0.631	-3.43677e-15
0.632	-3.52143e-15
0.633	-3.55393e-15
0.634	-3.57484e-15
0.635	-3.55007e-15
0.636	-3.49353e-15
0.637	-3.39621e-15
0.638	-3.28194e-15
0.639	-3.13255e-15
0.64	-2.96124e-15
0.641	-2.75066e-15
0.642	-2.52667e-15
0.643	-2.28802e-15
0.644	-2.01013e-15
0.645	-1.7078e-15
0.646	-1.41034e-15
0.647	-1.08525e-15
0.648	-7.6309e-16
0.649	-4.12853e-16
0.65	-8.06799e-17
0.651	2.64035e-16
0.652	6.03926e-16
0.653	9.33972e-16
0.654	1.27614e-15
0.655	1.59285e-15
0.656	1.89633e-15
0.657	2.17859e-15
0.658	2.44692e-15
0.659	2.68452e-15
0.66	2.90658e-15
0.661	3.10335e-15
0.662	3.27022e-15
0.663	3.41503e-15
0.664	3.51379e-15
0.665	3.58789e-15
0.666	3.62044e-15
0.667	3.61558e-15
0.668	3.58928e-15
0.669	3.53382e-15
0.67	3.44718e-15
0.671	3.30333e-15
0.672	3.14485e-15
0.673	2.9534e-15
0.674	2.73834e-15
0.675	2.49227e-15
0.676	2.22762e-15
0.677	1.93832e-15
0.678	1.62909e-15
0.679	1.30402e-15
0.68	9.60917e-16
0.681	6.06751e-16
0.682	2.49074e-16
0.683	-8.88998e-17
0.684	-4.62393e-16
0.685	-8.10374e-16
0.686	-1.17029e-15
0.687	-1.51597e-15
0.688	-1.83692e-15
0.689	-2.14702e-15
0.69	-2.4306e-15
0.691	-2.68933e-15
0.692	-2.93099e-15
0.693	-3.14572e-15
0.694	-3.3324e-15
0.695	-3.46004e-15
0.696	-3.57732e-15
0.697	-3.6441e-15
0.698	-3.69228e-15
0.699	-3.66369e-15
0.7	-3.63535e-15
0.701	-3.53986e-15
0.702	-3.40733e-15
0.703	-3.22835e-15
0.704	-3.00946e-15
0.705	-2.74974e-15
0.706	-2.46469e-15
0.707	-2.11897e-15
0.708	-1.71916e-15
0.709	-1.28646e-15
0.71	-8.03185e-16
0.711	-2.75325e-16
0.712	3.07784e-16
0.713	9.19782e-16
0.714	1.61324e-15
0.715	2.37151e-15
0.716	3.20816e-15
0.717	4.11303e-15
0.718	5.1271e-15
0.719	6.24049e-15
0.72	7.50009e-15
0.721	8.90088e-15
0.722	1.05059e-14
0.723	1.233e-14
0.724	1.44167e-14
0.725	1.68158e-14
0.726	1.96097e-14
0.727	2.28372e-14
0.728	2.66273e-14
0.729	3.10553e-14
0.73	3.62517e-14
0.731	4.2383e-14
0.732	4.95811e-14
0.733	5.80845e-14
0.734	6.81012e-14
0.735	7.99345e-14
0.736	9.38919e-14
0.737	1.1036e-13
0.738	1.29764e-13
0.739	1.52686e-13
0.74	1.79669e-13
0.741	2.11482e-13
0.742	2.48877e-13
0.743	2.929e-13
0.744	3.44625e-13
0.745	4.05396e-13
0.746	4.76727e-13
0.747	5.60364e-13
0.748	6.58388e-13
0.749	7.73176e-13
0.75	9.07526e-13
0.751	1.06462e-12
0.752	1.24823e-12
0.753	1.46264e-12
0.754	1.71287e-12
0.755	2.00472e-12
0.756	2.34484e-12
0.757	2.74103e-12
0.758	3.20218e-12
0.759	3.73868e-12
0.76	4.36241e-12
0.761	5.0871e-12
0.762	5.92865e-12
0.763	6.9053e-12
0.764	8.0381e-12
0.765	9.35123e-12
0.766	1.08726e-11
0.767	1.26341e-11
0.768	1.46727e-11
0.769	1.70306e-11
0.77	1.97563e-11
0.771	2.29055e-11
0.772	2.65422e-11
0.773	3.07394e-11
0.774	3.5581e-11
0.775	4.11632e-11
0.776	4.75958e-11
0.777	5.50046e-11
0.778	6.35333e-11
0.779	7.33465e-11
0.78	8.46317e-11
0.781	9.76033e-11
0.782	1.12506e-10
0.783	1.29619e-10
0.784	1.4926e-10
0.785	1.71792e-10
0.786	1.97629e-10
0.787	2.27239e-10
0.788	2.6116e-10
0.789	2.99999e-10
0.79	3.44449e-10
0.791	3.95297e-10
0.792	4.53438e-10
0.793	5.19886e-10
0.794	5.95793e-10
0.795	6.82468e-10
0.796	7.81394e-10
0.797	8.9425e-10
0.798	1.02294e-09
0.799	1.16963e-09
0.8	1.33675e-09
0.801	1.52707e-09
0.802	1.74372e-09
0.803	1.99024e-09
0.804	2.27061e-09
0.805	2.58936e-09
0.806	2.95159e-09
0.807	3.36306e-09
0.808	3.83026e-09
0.809	4.36052e-09
0.81	4.96212e-09
0.811	5.64437e-09
0.812	6.41776e-09
0.813	7.29412e-09
0.814	8.28677e-09
0.815	9.4107e-09
0.816	1.06827e-08
0.817	1.21219e-08
0.818	1.37494e-08
0.819	1.55893e-08
0.82	1.76685e-08
0.821	2.00171e-08
0.822	2.26691e-08
0.823	2.56626e-08
0.824	2.90402e-08
0.825	3.28499e-08
0.826	3.71453e-08
0.827	4.19865e-08
0.828	4.7441e-08
0.829	5.35841e-08
0.83	6.05003e-08
0.831	6.82841e-08
0.832	7.70412e-08
0.833	8.68899e-08
0.834	9.79622e-08
0.835	1.10406e-07
0.836	1.24386e-07
0.837	1.40086e-07
0.838	1.57713e-07
0.839	1.77496e-07
0.84	1.9969e-07
0.841	2.24582e-07
0.842	2.5249e-07
0.843	2.83769e-07
0.844	3.18814e-07
0.845	3.58066e-07
0.846	4.02016e-07
0.847	4.5121e-07
0.848	5.06255e-07
0.849	5.67828e-07
0.85	6.36681e-07
0.851	7.13649e-07
0.852	7.99662e-07
0.853	8.95753e-07
0.854	1.00307e-06
0.855	1.12288e-06
0.856	1.25661e-06
0.857	1.40582e-06
0.858	1.57225e-06
0.859	1.75783e-06
0.86	1.96472e-06
0.861	2.19527e-06
0.862	2.45213e-06
0.863	2.7382e-06
0.864	3.05672e-06
0.865	3.41126e-06
0.866	3.80578e-06
0.867	4.24465e-06
0.868	4.73274e-06
0.869	5.27539e-06
0.87	5.87853e-06
0.871	6.54872e-06
0.872	7.29319e-06
0.873	8.11995e-06
0.874	9.03782e-06
0.875	1.00566e-05
0.876	1.1187e-05
0.877	1.2441e-05
0.878	1.38316e-05
0.879	1.53733e-05
0.88	1.70822e-05
0.881	1.89757e-05
0.882	2.10734e-05
0.883	2.33965e-05
0.884	2.59686e-05
0.885	2.88157e-05
0.886	3.19663e-05
0.887	3.54518e-05
0.888	3.93069e-05
0.889	4.35696e-05
0.89	4.82819e-05
0.891	5.34897e-05
0.892	5.92437e-05
0.893	6.55997e-05
0.894	7.26187e-05
0.895	8.03681e-05
0.896	8.89216e-05
0.897	9.83604e-05
0.898	0.000108773
0.899	0.000120258
0.9	0.000132923
0.901	0.000146884
0.902	0.000162271
0.903	0.000179226
0.904	0.000197904
0.905	0.000218475
0.906	0.000241124
0.907	0.000266058
0.908	0.000293499
0.909	0.000323692
0.91	0.000356906
0.911	0.000393435
0.912	0.000433599
0.913	0.000477751
0.914	0.000526276
0.915	0.000579594
0.916	0.000638165
0.917	0.000702493
0.918	0.000773127
0.919	0.000850669
0.92	0.000935775
0.921	0.00102916
0.922	0.00113161
0.923	0.00124398
0.924	0.00136721
0.925	0.0015023
0.926	0.00165038
0.927	0.00181265
0.928	0.00199045
0.929	0.0021852
0.93	0.00239849
0.931	0.00263203
0.932	0.00288768
0.933	0.00316749
0.934	0.00347367
0.935	0.00380864
0.936	0.00417503
0.937	0.0045757
0.938	0.00501377
0.939	0.00549263
0.94	0.00601599
0.941	0.00658785
0.942	0.00721258
0.943	0.00789494
0.944	0.0086401
0.945	0.00945367
0.946	0.0103418
0.947	0.011311
0.948	0.0123686
0.949	0.0135224
0.95	0.0147809
0.951	0.0161533
0.952	0.0176497
0.953	0.0192809
0.954	0.0210588
0.955	0.0229962
0.956	0.0251069
0.957	0.0274061
0.958	0.0299102
0.959	0.0326368
0.96	0.0356052
0.961	0.0388362
0.962	0.0423525
0.963	0.0461785
0.964	0.0503407
0.965	0.0548678
0.966	0.0597911
0.967	0.0651441
0.968	0.0709633
0.969	0.0772883
0.97	0.0841616
0.971	0.0916297
0.972	0.0997424
0.973	0.108554
0.974	0.118123
0.975	0.128512
0.976	0.139791
0.977	0.152032
0.978	0.165316
0.979	0.17973
0.98	0.195366
0.981	0.212326
0.982	0.230718
0.983	0.25066
0.984	0.272279
0.985	0.295712
0.986	0.321108
0.987	0.348625
0.988	0.378436
0.989	0.410728
0.99	0.4457
0.991	0.48357
0.992	0.524571
0.993	0.568953
0.994	0.61699
0.995	0.668972
0.996	0.725215
0.997	0.786059
0.998	0.85187
0.999	0.923042
