# Interpolation data for function: (2*x-1)^40
0	1
0.001	0.923042
0.002	0.85187
0.003	0.786059
0.004	0.725215
0.005	0.668972
0.006	0.61699
0.007	0.568953
0.008	0.524571
0.009	0.48357
0.01	0.4457
0.011	0.410728
0.012	0.378436
0.013	0.348625
0.014	0.321108
0.015	0.295712
0.016	0.272279
0.017	0.25066
0.018	0.230718
0.019	0.212326
0.02	0.195366
0.021	0.17973
0.022	0.165316
0.023	0.152032
0.024	0.139791
0.025	0.128512
0.026	0.118123
0.027	0.108554
0.028	0.0997424
0.029	0.0916297
0.03	0.0841616
0.031	0.0772883
0.032	0.0709633
0.033	0.0651441
0.034	0.0597911
0.035	0.0548678
0.036	0.0503407
0.037	0.0461785
0.038	0.0423525
0.039	0.0388362
0.04	0.0356052
0.041	0.0326368
0.042	0.0299102
0.043	0.0274061
0.044	0.0251069
0.045	0.0229962
0.046	0.0210588
0.047	0.0192809
0.048	0.0176497
0.049	0.0161533
0.05	0.0147809
0.051	0.0135224
0.052	0.0123686
0.053	0.011311
0.054	0.0103418
0.055	0.00945367
0.056	0.0086401
0.057	0.00789494
0.058	0.00721258
0.059	0.00658785
0.06	0.00601599
0.061	0.00549263
0.062	0.00501377
0.063	0.0045757
0.064	0.00417503
0.065	0.00380864
0.066	0.00347367
0.067	0.00316749
0.068	0.00288768
0.069	0.00263203
0.07	0.00239849
0.071	0.0021852
0.072	0.00199045
0.073	0.00181265
0.074	0.00165038
0.075	0.0015023
0.076	0.00136721
0.077	0.00124398
0.078	0.00113161
0.079	0.00102916
0.08	0.000935775
0.081	0.000850669
0.082	0.000773128
0.083	0.000702493
0.084	0.000638165
0.085	0.000579594
0.086	0.000526276
0.087	0.000477751
0.088	0.000433599
0.089	0.000393435
0.09	0.000356906
0.091	0.000323692
0.092	0.000293499
0.093	0.000266058
0.094	0.000241124
0.095	0.000218475
0.096	0.000197904
0.097	0.000179226
0.098	0.000162271
0.099	0.000146884
0.1	0.000132923
0.101	0.000120258
0.102	0.000108773
0.103	9.83603e-05
0.104	8.89215e-05
0.105	8.0368e-05
0.106	7.26187e-05
0.107	6.55996e-05
0.108	5.92437e-05
0.109	5.34896e-05
0.11	4.82818e-05
0.111	4.35696e-05
0.112	3.93068e-05
0.113	3.54518e-05
0.114	3.19662e-05
0.115	2.88156e-05
0.116	2.59686e-05
0.117	2.33965e-05
0.118	2.10734e-05
0.119	1.89757e-05
0.12	1.70822e-05
0.121	1.53733e-05
0.122	1.38316e-05
0.123	1.2441e-05
0.124	1.1187e-05
0.125	1.00566e-05
0.126	9.03785e-06
0.127	8.11998e-06
0.128	7.29323e-06
0.129	6.54876e-06
0.13	5.87858e-06
0.131	5.27544e-06
0.132	4.7328e-06
0.133	4.24471e-06
0.134	3.80584e-06
0.135	3.41132e-06
0.136	3.05678e-06
0.137	2.73826e-06
0.138	2.45218e-06
0.139	2.19533e-06
0.14	1.96477e-06
0.141	1.75788e-06
0.142	1.57229e-06
0.143	1.40586e-06
0.144	1.25664e-06
0.145	1.12291e-06
0.146	1.00309e-06
0.147	8.95771e-07
0.148	7.99674e-07
0.149	7.13654e-07
0.15	6.3668e-07
0.151	5.67821e-07
0.152	5.06242e-07
0.153	4.5119e-07
0.154	4.01991e-07
0.155	3.58035e-07
0.156	3.18778e-07
0.157	2.83728e-07
0.158	2.52445e-07
0.159	2.24533e-07
0.16	1.99638e-07
0.161	1.77441e-07
0.162	1.57657e-07
0.163	1.40029e-07
0.164	1.24327e-07
0.165	1.10347e-07
0.166	9.79042e-08
0.167	8.6833e-08
0.168	7.69862e-08
0.169	6.82314e-08
0.17	6.04505e-08
0.171	5.35377e-08
0.172	4.73985e-08
0.173	4.19483e-08
0.174	3.71117e-08
0.175	3.28214e-08
0.176	2.90169e-08
0.177	2.56448e-08
0.178	2.26569e-08
0.179	2.00106e-08
0.18	1.76678e-08
0.181	1.55944e-08
0.182	1.37601e-08
0.183	1.21381e-08
0.184	1.07043e-08
0.185	9.4374e-09
0.186	8.31831e-09
0.187	7.33016e-09
0.188	6.45793e-09
0.189	5.68826e-09
0.19	5.0093e-09
0.191	4.41052e-09
0.192	3.88259e-09
0.193	3.41721e-09
0.194	3.00704e-09
0.195	2.64559e-09
0.196	2.32707e-09
0.197	2.04641e-09
0.198	1.79908e-09
0.199	1.5811e-09
0.2	1.38896e-09
0.201	1.21954e-09
0.202	1.07011e-09
0.203	9.38249e-10
0.204	8.21837e-10
0.205	7.19001e-10
0.206	6.281e-10
0.207	5.4769e-10
0.208	4.76508e-10
0.209	4.13444e-10
0.21	3.57528e-10
0.211	3.07913e-10
0.212	2.63858e-10
0.213	2.24717e-10
0.214	1.89927e-10
0.215	1.58998e-10
0.216	1.31503e-10
0.217	1.07072e-10
0.218	8.53824e-11
0.219	6.61541e-11
0.22	4.91437e-11
0.221	3.41393e-11
0.222	2.09562e-11
0.223	9.4332e-12
0.224	-5.71123e-13
0.225	-9.18113e-12
0.226	-1.65069e-11
0.227	-2.26466e-11
0.228	-2.76881e-11
0.229	-3.17111e-11
0.23	-3.47887e-11
0.231	-3.6988e-11
0.232	-3.83721e-11
0.233	-3.90003e-11
0.234	-3.89293e-11
0.235	-3.82135e-11
0.236	-3.69058e-11
0.237	-3.50579e-11
0.238	-3.27204e-11
0.239	-2.99433e-11
0.24	-2.67761e-11
0.241	-2.32677e-11
0.242	-1.94666e-11
0.243	-1.54208e-11
0.244	-1.11777e-11
0.245	-6.78413e-12
0.246	-2.28613e-12
0.247	2.27116e-12
0.248	6.84377e-12
0.249	1.13889e-11
0.25	1.58654e-11
0.251	2.02334e-11
0.252	2.44553e-11
0.253	2.84952e-11
0.254	3.23195e-11
0.255	3.58969e-11
0.256	3.91989e-11
0.257	4.21992e-11
0.258	4.48748e-11
0.259	4.72053e-11
0.26	4.91733e-11
0.261	5.07646e-11
0.262	5.19681e-11
0.263	5.27759e-11
0.264	5.31831e-11
0.265	5.31882e-11
0.266	5.27927e-11
0.267	5.20011e-11
0.268	5.08211e-11
0.269	4.92631e-11
0.27	4.73405e-11
0.271	4.50692e-11
0.272	4.24676e-11
0.273	3.95565e-11
0.274	3.63591e-11
0.275	3.29001e-11
0.276	2.92064e-11
0.277	2.53062e-11
0.278	2.12292e-11
0.279	1.7006e-11
0.28	1.26683e-11
0.281	8.2482e-12
0.282	3.7784e-12
0.283	-7.08354e-13
0.284	-5.17943e-12
0.285	-9.60247e-12
0.286	-1.39457e-11
0.287	-1.81781e-11
0.288	-2.22697e-11
0.289	-2.61916e-11
0.29	-2.99165e-11
0.291	-3.34186e-11
0.292	-3.66736e-11
0.293	-3.96595e-11
0.294	-4.23562e-11
0.295	-4.47456e-11
0.296	-4.68121e-11
0.297	-4.85425e-11
0.298	-4.99257e-11
0.299	-5.09536e-11
0.3	-5.16203e-11
0.301	-5.19226e-11
0.302	-5.18598e-11
0.303	-5.14338e-11
0.304	-5.06489e-11
0.305	-4.9512e-11
0.306	-4.80325e-11
0.307	-4.62219e-11
0.308	-4.40939e-11
0.309	-4.16647e-11
0.31	-3.89519e-11
0.311	-3.59755e-11
0.312	-3.27568e-11
0.313	-2.93189e-11
0.314	-2.56861e-11
0.315	-2.18841e-11
0.316	-1.79394e-11
0.317	-1.38794e-11
0.318	-9.73229e-12
0.319	-5.52647e-12
0.32	-1.29073e-12
0.321	2.94612e-12
0.322	7.1554e-12
0.323	1.13088e-11
0.324	1.53784e-11
0.325	1.93373e-11
0.326	2.3159e-11
0.327	2.68184e-11
0.328	3.02916e-11
0.329	3.35559e-11
0.33	3.65902e-11
0.331	3.9375e-11
0.332	4.18925e-11
0.333	4.41269e-11
0.334	4.60642e-11
0.335	4.76925e-11
0.336	4.90019e-11
0.337	4.99849e-11
0.338	5.0636e-11
0.339	5.09518e-11
0.34	5.09313e-11
0.341	5.05756e-11
0.342	4.98881e-11
0.343	4.88742e-11
0.344	4.75416e-11
0.345	4.58999e-11
0.346	4.39607e-11
0.347	4.17375e-11
0.348	3.92455e-11
0.349	3.65017e-11
0.35	3.35247e-11
0.351	3.03344e-11
0.352	2.69519e-11
0.353	2.33998e-11
0.354	1.97014e-11
0.355	1.5881e-11
0.356	1.19634e-11
0.357	7.97416e-12
0.358	3.93909e-12
0.359	-1.15835e-13
0.36	-4.16453e-12
0.361	-8.18116e-12
0.362	-1.21401e-11
0.363	-1.60162e-11
0.364	-1.97849e-11
0.365	-2.34226e-11
0.366	-2.69064e-11
0.367	-3.02145e-11
0.368	-3.33264e-11
0.369	-3.62228e-11
0.37	-3.88858e-11
0.371	-4.12992e-11
0.372	-4.34483e-11
0.373	-4.53202e-11
0.374	-4.69036e-11
0.375	-4.81893e-11
0.376	-4.91699e-11
0.377	-4.98398e-11
0.378	-5.01956e-11
0.379	-5.02356e-11
0.38	-4.99605e-11
0.381	-4.93724e-11
0.382	-4.84758e-11
0.383	-4.7277e-11
0.384	-4.5784e-11
0.385	-4.40068e-11
0.386	-4.1957e-11
0.387	-3.9648e-11
0.388	-3.70945e-11
0.389	-3.4313e-11
0.39	-3.13212e-11
0.391	-2.81379e-11
0.392	-2.47834e-11
0.393	-2.12787e-11
0.394	-1.76457e-11
0.395	-1.39071e-11
0.396	-1.00862e-11
0.397	-6.20665e-12
0.398	-2.2925e-12
0.399	1.63209e-12
0.4	5.54299e-12
0.401	9.41617e-12
0.402	1.32279e-11
0.403	1.6955e-11
0.404	2.05747e-11
0.405	2.4065e-11
0.406	2.74048e-11
0.407	3.05739e-11
0.408	3.35532e-11
0.409	3.63249e-11
0.41	3.88723e-11
0.411	4.11803e-11
0.412	4.32352e-11
0.413	4.50249e-11
0.414	4.65389e-11
0.415	4.77684e-11
0.416	4.87063e-11
0.417	4.93475e-11
0.418	4.96884e-11
0.419	4.97274e-11
0.42	4.94648e-11
0.421	4.89024e-11
0.422	4.80441e-11
0.423	4.68956e-11
0.424	4.5464e-11
0.425	4.37586e-11
0.426	4.17898e-11
0.427	3.957e-11
0.428	3.71128e-11
0.429	3.44333e-11
0.43	3.15479e-11
0.431	2.84742e-11
0.432	2.5231e-11
0.433	2.18379e-11
0.434	1.83155e-11
0.435	1.46851e-11
0.436	1.09685e-11
0.437	7.18824e-12
0.438	3.36694e-12
0.439	-4.72428e-13
0.44	-4.30685e-12
0.441	-8.11341e-12
0.442	-1.18693e-11
0.443	-1.55522e-11
0.444	-1.91402e-11
0.445	-2.26118e-11
0.446	-2.59465e-11
0.447	-2.91244e-11
0.448	-3.21269e-11
0.449	-3.49361e-11
0.45	-3.75354e-11
0.451	-3.99096e-11
0.452	-4.20447e-11
0.453	-4.39282e-11
0.454	-4.55491e-11
0.455	-4.68979e-11
0.456	-4.79668e-11
0.457	-4.87497e-11
0.458	-4.92422e-11
0.459	-4.94415e-11
0.46	-4.93467e-11
0.461	-4.89584e-11
0.462	-4.82794e-11
0.463	-4.73136e-11
0.464	-4.60671e-11
0.465	-4.45475e-11
0.466	-4.27638e-11
0.467	-4.07268e-11
0.468	-3.84488e-11
0.469	-3.59433e-11
0.47	-3.32254e-11
0.471	-3.03112e-11
0.472	-2.7218e-11
0.473	-2.39643e-11
0.474	-2.05694e-11
0.475	-1.70534e-11
0.476	-1.34372e-11
0.477	-9.74216e-12
0.478	-5.99023e-12
0.479	-2.20356e-12
0.48	1.59543e-12
0.481	5.38432e-12
0.482	9.14072e-12
0.483	1.28424e-11
0.484	1.64676e-11
0.485	1.99949e-11
0.486	2.34035e-11
0.487	2.66732e-11
0.488	2.97849e-11
0.489	3.27202e-11
0.49	3.54617e-11
0.491	3.79935e-11
0.492	4.03004e-11
0.493	4.2369e-11
0.494	4.41871e-11
0.495	4.5744e-11
0.496	4.70306e-11
0.497	4.80391e-11
0.498	4.87637e-11
0.499	4.92003e-11
0.5	4.93461e-11
0.501	4.92004e-11
0.502	4.87639e-11
0.503	4.80393e-11
0.504	4.70308e-11
0.505	4.57444e-11
0.506	4.41876e-11
0.507	4.23695e-11
0.508	4.03009e-11
0.509	3.7994e-11
0.51	3.54624e-11
0.511	3.27209e-11
0.512	2.97856e-11
0.513	2.6674e-11
0.514	2.34043e-11
0.515	1.99957e-11
0.516	1.64685e-11
0.517	1.28433e-11
0.518	9.1416e-12
0.519	5.38522e-12
0.52	1.59632e-12
0.521	-2.20267e-12
0.522	-5.98934e-12
0.523	-9.74129e-12
0.524	-1.34363e-11
0.525	-1.70526e-11
0.526	-2.05686e-11
0.527	-2.39635e-11
0.528	-2.72173e-11
0.529	-3.03105e-11
0.53	-3.32247e-11
0.531	-3.59427e-11
0.532	-3.84482e-11
0.533	-4.07263e-11
0.534	-4.27633e-11
0.535	-4.45471e-11
0.536	-4.60668e-11
0.537	-4.73134e-11
0.538	-4.82792e-11
0.539	-4.89583e-11
0.54	-4.93466e-11
0.541	-4.94415e-11
0.542	-4.92423e-11
0.543	-4.87499e-11
0.544	-4.7967e-11
0.545	-4.68982e-11
0.546	-4.55494e-11
0.547	-4.39286e-11
0.548	-4.20452e-11
0.549	-3.99102e-11
0.55	-3.75361e-11
0.551	-3.49367e-11
0.552	-3.21276e-11
0.553	-2.91252e-11
0.554	-2.59472e-11
0.555	-2.26126e-11
0.556	-1.9141e-11
0.557	-1.55531e-11
0.558	-1.18702e-11
0.559	-8.11433e-12
0.56	-4.30777e-12
0.561	-4.73352e-13
0.562	3.36603e-12
0.563	7.18733e-12
0.564	1.09676e-11
0.565	1.46842e-11
0.566	1.83147e-11
0.567	2.18371e-11
0.568	2.52302e-11
0.569	2.84735e-11
0.57	3.15472e-11
0.571	3.44326e-11
0.572	3.71122e-11
0.573	3.95695e-11
0.574	4.17893e-11
0.575	4.37581e-11
0.576	4.54637e-11
0.577	4.68952e-11
0.578	4.80439e-11
0.579	4.89022e-11
0.58	4.94647e-11
0.581	4.97274e-11
0.582	4.96885e-11
0.583	4.93477e-11
0.584	4.87066e-11
0.585	4.77687e-11
0.586	4.65392e-11
0.587	4.50253e-11
0.588	4.32357e-11
0.589	4.11808e-11
0.59	3.88729e-11
0.591	3.63255e-11
0.592	3.35539e-11
0.593	3.05746e-11
0.594	2.74056e-11
0.595	2.40658e-11
0.596	2.05756e-11
0.597	1.69559e-11
0.598	1.32288e-11
0.599	9.41707e-12
0.6	5.5439e-12
0.601	1.63301e-12
0.602	-2.29159e-12
0.603	-6.20573e-12
0.604	-1.00853e-11
0.605	-1.39062e-11
0.606	-1.76448e-11
0.607	-2.12779e-11
0.608	-2.47826e-11
0.609	-2.81372e-11
0.61	-3.13205e-11
0.611	-3.43124e-11
0.612	-3.70939e-11
0.613	-3.96474e-11
0.614	-4.19565e-11
0.615	-4.40064e-11
0.616	-4.57837e-11
0.617	-4.72767e-11
0.618	-4.84756e-11
0.619	-4.93722e-11
0.62	-4.99604e-11
0.621	-5.02356e-11
0.622	-5.01957e-11
0.623	-4.984e-11
0.624	-4.91701e-11
0.625	-4.81896e-11
0.626	-4.6904e-11
0.627	-4.53206e-11
0.628	-4.34488e-11
0.629	-4.12998e-11
0.63	-3.88864e-11
0.631	-3.62234e-11
0.632	-3.33271e-11
0.633	-3.02153e-11
0.634	-2.69072e-11
0.635	-2.34235e-11
0.636	-1.97858e-11
0.637	-1.60171e-11
0.638	-1.2141e-11
0.639	-8.1821e-12
0.64	-4.1655e-12
0.641	-1.16774e-13
0.642	3.93814e-12
0.643	7.97322e-12
0.644	1.19625e-11
0.645	1.58801e-11
0.646	1.97006e-11
0.647	2.3399e-11
0.648	2.69511e-11
0.649	3.03336e-11
0.65	3.3524e-11
0.651	3.65011e-11
0.652	3.92449e-11
0.653	4.17369e-11
0.654	4.39603e-11
0.655	4.58995e-11
0.656	4.75413e-11
0.657	4.8874e-11
0.658	4.98879e-11
0.659	5.05755e-11
0.66	5.09312e-11
0.661	5.09518e-11
0.662	5.06361e-11
0.663	4.99852e-11
0.664	4.90022e-11
0.665	4.76928e-11
0.666	4.60646e-11
0.667	4.41274e-11
0.668	4.18931e-11
0.669	3.93756e-11
0.67	3.65909e-11
0.671	3.35567e-11
0.672	3.02924e-11
0.673	2.68193e-11
0.674	2.31598e-11
0.675	1.93381e-11
0.676	1.53794e-11
0.677	1.13097e-11
0.678	7.15634e-12
0.679	2.94706e-12
0.68	-1.28979e-12
0.681	-5.52554e-12
0.682	-9.73138e-12
0.683	-1.38785e-11
0.684	-1.79385e-11
0.685	-2.18832e-11
0.686	-2.56853e-11
0.687	-2.93181e-11
0.688	-3.27561e-11
0.689	-3.59748e-11
0.69	-3.89513e-11
0.691	-4.16642e-11
0.692	-4.40935e-11
0.693	-4.62215e-11
0.694	-4.80322e-11
0.695	-4.95118e-11
0.696	-5.06488e-11
0.697	-5.14337e-11
0.698	-5.18599e-11
0.699	-5.19228e-11
0.7	-5.16206e-11
0.701	-5.09539e-11
0.702	-4.99261e-11
0.703	-4.85429e-11
0.704	-4.68126e-11
0.705	-4.47462e-11
0.706	-4.23569e-11
0.707	-3.96603e-11
0.708	-3.66744e-11
0.709	-3.34194e-11
0.71	-2.99175e-11
0.711	-2.61926e-11
0.712	-2.22707e-11
0.713	-1.81791e-11
0.714	-1.39468e-11
0.715	-9.60354e-12
0.716	-5.18049e-12
0.717	-7.09422e-13
0.718	3.77736e-12
0.719	8.24716e-12
0.72	1.26673e-11
0.721	1.7005e-11
0.722	2.12282e-11
0.723	2.53053e-11
0.724	2.92056e-11
0.725	3.28993e-11
0.726	3.63584e-11
0.727	3.95559e-11
0.728	4.2467e-11
0.729	4.50686e-11
0.73	4.73401e-11
0.731	4.92628e-11
0.732	5.08208e-11
0.733	5.2001e-11
0.734	5.27926e-11
0.735	5.31882e-11
0.736	5.31832e-11
0.737	5.27761e-11
0.738	5.19684e-11
0.739	5.0765e-11
0.74	4.91737e-11
0.741	4.72058e-11
0.742	4.48755e-11
0.743	4.22e-11
0.744	3.91997e-11
0.745	3.58978e-11
0.746	3.23204e-11
0.747	2.84962e-11
0.748	2.44563e-11
0.749	2.02345e-11
0.75	1.58665e-11
0.751	1.139e-11
0.752	6.84487e-12
0.753	2.27225e-12
0.754	-2.28506e-12
0.755	-6.78304e-12
0.756	-1.11766e-11
0.757	-1.54198e-11
0.758	-1.94656e-11
0.759	-2.32668e-11
0.76	-2.67753e-11
0.761	-2.99426e-11
0.762	-3.27197e-11
0.763	-3.50573e-11
0.764	-3.69053e-11
0.765	-3.82131e-11
0.766	-3.89289e-11
0.767	-3.9e-11
0.768	-3.83719e-11
0.769	-3.6988e-11
0.77	-3.47887e-11
0.771	-3.17113e-11
0.772	-2.76884e-11
0.773	-2.2647e-11
0.774	-1.65074e-11
0.775	-9.18171e-12
0.776	-5.71782e-13
0.777	9.43243e-12
0.778	2.09554e-11
0.779	3.41384e-11
0.78	4.91427e-11
0.781	6.6153e-11
0.782	8.53813e-11
0.783	1.07071e-10
0.784	1.31502e-10
0.785	1.58997e-10
0.786	1.89926e-10
0.787	2.24716e-10
0.788	2.63857e-10
0.789	3.07912e-10
0.79	3.57527e-10
0.791	4.13442e-10
0.792	4.76507e-10
0.793	5.47689e-10
0.794	6.28099e-10
0.795	7.19e-10
0.796	8.21836e-10
0.797	9.38249e-10
0.798	1.07011e-09
0.799	1.21954e-09
0.8	1.38896e-09
0.801	1.5811e-09
0.802	1.79908e-09
0.803	2.04641e-09
0.804	2.32707e-09
0.805	2.64559e-09
0.806	3.00704e-09
0.807	3.41721e-09
0.808	3.88259e-09
0.809	4.41052e-09
0.81	5.0093e-09
0.811	5.68826e-09
0.812	6.45793e-09
0.813	7.33016e-09
0.814	8.31831e-09
0.815	9.4374e-09
0.816	1.07043e-08
0.817	1.21381e-08
0.818	1.37601e-08
0.819	1.55944e-08
0.82	1.76678e-08
0.821	2.00106e-08
0.822	2.26569e-08
0.823	2.56448e-08
0.824	2.90169e-08
0.825	3.28214e-08
0.826	3.71117e-08
0.827	4.19483e-08
0.828	4.73985e-08
0.829	5.35377e-08
0.83	6.04505e-08
0.831	6.82314e-08
0.832	7.69862e-08
0.833	8.6833e-08
0.834	9.79042e-08
0.835	1.10347e-07
0.836	1.24327e-07
0.837	1.40029e-07
0.838	1.57657e-07
0.839	1.77441e-07
0.84	1.99638e-07
0.841	2.24533e-07
0.842	2.52445e-07
0.843	2.83728e-07
0.844	3.18778e-07
0.845	3.58035e-07
0.846	4.01991e-07
0.847	4.5119e-07
0.848	5.06242e-07
0.849	5.67821e-07
0.85	6.3668e-07
0.851	7.13654e-07
0.852	7.99674e-07
0.853	8.95771e-07
0.854	1.00309e-06
0.855	1.12291e-06
0.856	1.25664e-06
0.857	1.40586e-06
0.858	1.57229e-06
0.859	1.75788e-06
0.86	1.96477e-06
0.861	2.19533e-06
0.862	2.45218e-06
0.863	2.73826e-06
0.864	3.05678e-06
0.865	3.41132e-06
0.866	3.80584e-06
0.867	4.24471e-06
0.868	4.7328e-06
0.869	5.27544e-06
0.87	5.87858e-06
0.871	6.54876e-06
0.872	7.29323e-06
0.873	8.11998e-06
0.874	9.03785e-06
0.875	1.00566e-05
0.876	1.1187e-05
0.877	1.2441e-05
0.878	1.38316e-05
0.879	1.53733e-05
0.88	1.70822e-05
0.881	1.89757e-05
0.882	2.10734e-05
0.883	2.33965e-05
0.884	2.59686e-05
0.885	2.88156e-05
0.886	3.19662e-05
0.887	3.54518e-05
0.888	3.93068e-05
0.889	4.35696e-05
0.89	4.82818e-05
0.891	5.34896e-05
0.892	5.92437e-05
0.893	6.55996e-05
0.894	7.26187e-05
0.895	8.0368e-05
0.896	8.89215e-05
0.897	9.83603e-05
0.898	0.000108773
0.899	0.000120258
0.9	0.000132923
0.901	0.000146884
0.902	0.000162271
0.903	0.000179226
0.904	0.000197904
0.905	0.000218475
0.906	0.000241124
0.907	0.000266058
0.908	0.000293499
0.909	0.000323692
0.91	0.000356906
0.911	0.000393435
0.912	0.000433599
0.913	0.000477751
0.914	0.000526276
0.915	0.000579594
0.916	0.000638165
0.917	0.000702493
0.918	0.000773128
0.919	0.000850669
0.92	0.000935775
0.921	0.00102916
0.922	0.00113161
0.923	0.00124398
0.924	0.00136721
0.925	0.0015023
0.926	0.00165038
0.927	0.00181265
0.928	0.00199045
0.929	0.0021852
0.93	0.00239849
0.931	0.00263203
0.932	0.00288768
0.933	0.00316749
0.934	0.00347367
0.935	0.00380864
0.936	0.00417503
0.937	0.0045757
0.938	0.00501377
0.939	0.00549263
0.94	0.00601599
0.941	0.00658785
0.942	0.00721258
0.943	0.00789494
0.944	0.0086401
0.945	0.00945367
0.946	0.0103418
0.947	0.011311
0.948	0.0123686
0.949	0.0135224
0.95	0.0147809
0.951	0.0161533
0.952	0.0176497
0.953	0.0192809
0.954	0.0210588
0.955	0.0229962
0.956	0.0251069
0.957	0.0274061
0.958	0.0299102
0.959	0.0326368
0.96	0.0356052
0.961	0.0388362
0.962	0.0423525
0.963	0.0461785
0.964	0.0503407
0.965	0.0548678
0.966	0.0597911
0.967	0.0651441
0.968	0.0709633
0.969	0.0772883
0.97	0.0841616
0.971	0.0916297
0.972	0.0997424
0.973	0.108554
0.974	0.118123
0.975	0.128512
0.976	0.139791
0.977	0.152032
0.978	0.165316
0.979	0.17973
0.98	0.195366
0.981	0.212326
0.982	0.230718
0.983	0.25066
0.984	0.272279
0.985	0.295712
0.986	0.321108
0.987	0.348625
0.988	0.378436
0.989	0.410728
0.99	0.4457
0.991	0.48357
0.992	0.524571
0.993	0.568953
0.994	0.61699
0.995	0.668972
0.996	0.725215
0.997	0.786059
0.998	0.85187
0.999	0.923042
