#Function: x*(x>0.5)
0	0.390901
1	0.102062
2	9.63212e-16
3	9.77021e-16
4	1.03943e-15
5	1.03851e-15
6	1.24748e-15
7	1.32345e-15
8	1.37191e-15
9	1.38016e-15
10	1.51129e-15
11	1.51381e-15
12	1.74907e-15
13	1.84773e-15
14	1.95763e-15
15	2.02717e-15
16	2.05244e-15
17	2.21887e-15
18	2.22865e-15
19	2.23878e-15
20	2.31202e-15
21	2.54739e-15
22	2.61164e-15
23	2.73936e-15
24	2.96675e-15
25	2.97851e-15
26	3.0419e-15
27	3.09463e-15
28	3.1027e-15
29	3.14591e-15
30	3.1985e-15
31	3.23024e-15
32	3.23679e-15
33	3.32299e-15
34	3.35217e-15
35	3.49183e-15
36	3.56314e-15
37	3.59155e-15
38	3.69588e-15
39	3.76723e-15
40	3.79336e-15
41	3.96682e-15
42	4.00099e-15
43	4.06693e-15
44	4.13242e-15
45	4.16469e-15
46	4.22552e-15
47	4.23239e-15
48	4.31788e-15
49	4.35665e-15
50	4.50925e-15
