# Interpolation data for function: x*(x>0.5)
0	0
0.001	0
0.002	0
0.003	0
0.004	0
0.005	0
0.006	0
0.007	0
0.008	0
0.009	0
0.01	0
0.011	0
0.012	0
0.013	0
0.014	0
0.015	0
0.016	0
0.017	0
0.018	0
0.019	0
0.02	0
0.021	0
0.022	0
0.023	0
0.024	0
0.025	0
0.026	0
0.027	0
0.028	0
0.029	0
0.03	0
0.031	0
0.032	0
0.033	0
0.034	0
0.035	0
0.036	0
0.037	0
0.038	0
0.039	0
0.04	0
0.041	0
0.042	0
0.043	0
0.044	0
0.045	0
0.046	0
0.047	0
0.048	0
0.049	0
0.05	0
0.051	0
0.052	0
0.053	0
0.054	0
0.055	0
0.056	0
0.057	0
0.058	0
0.059	0
0.06	0
0.061	0
0.062	0
0.063	0
0.064	0
0.065	0
0.066	0
0.067	0
0.068	0
0.069	0
0.07	0
0.071	0
0.072	0
0.073	0
0.074	0
0.075	0
0.076	0
0.077	0
0.078	0
0.079	0
0.08	0
0.081	0
0.082	0
0.083	0
0.084	0
0.085	0
0.086	0
0.087	0
0.088	0
0.089	0
0.09	0
0.091	0
0.092	0
0.093	0
0.094	0
0.095	0
0.096	0
0.097	0
0.098	0
0.099	0
0.1	0
0.101	0
0.102	0
0.103	0
0.104	0
0.105	0
0.106	0
0.107	0
0.108	0
0.109	0
0.11	0
0.111	0
0.112	0
0.113	0
0.114	0
0.115	0
0.116	0
0.117	0
0.118	0
0.119	0
0.12	0
0.121	0
0.122	0
0.123	0
0.124	0
0.125	0
0.126	0
0.127	0
0.128	0
0.129	0
0.13	0
0.131	0
0.132	0
0.133	0
0.134	0
0.135	0
0.136	0
0.137	0
0.138	0
0.139	0
0.14	0
0.141	0
0.142	0
0.143	0
0.144	0
0.145	0
0.146	0
0.147	0
0.148	0
0.149	0
0.15	0
0.151	0
0.152	0
0.153	0
0.154	0
0.155	0
0.156	0
0.157	0
0.158	0
0.159	0
0.16	0
0.161	0
0.162	0
0.163	0
0.164	0
0.165	0
0.166	0
0.167	0
0.168	0
0.169	0
0.17	0
0.171	0
0.172	0
0.173	0
0.174	0
0.175	0
0.176	0
0.177	0
0.178	0
0.179	0
0.18	0
0.181	0
0.182	0
0.183	0
0.184	0
0.185	0
0.186	0
0.187	0
0.188	0
0.189	0
0.19	0
0.191	0
0.192	0
0.193	0
0.194	0
0.195	0
0.196	0
0.197	0
0.198	0
0.199	0
0.2	0
0.201	0
0.202	0
0.203	0
0.204	0
0.205	0
0.206	0
0.207	0
0.208	0
0.209	0
0.21	0
0.211	0
0.212	0
0.213	0
0.214	0
0.215	0
0.216	0
0.217	0
0.218	0
0.219	0
0.22	0
0.221	0
0.222	0
0.223	0
0.224	0
0.225	0
0.226	0
0.227	0
0.228	0
0.229	0
0.23	0
0.231	0
0.232	0
0.233	0
0.234	0
0.235	0
0.236	0
0.237	0
0.238	0
0.239	0
0.24	0
0.241	0
0.242	0
0.243	0
0.244	0
0.245	0
0.246	0
0.247	0
0.248	0
0.249	0
0.25	0
0.251	0
0.252	0
0.253	0
0.254	0
0.255	0
0.256	0
0.257	0
0.258	0
0.259	0
0.26	0
0.261	0
0.262	0
0.263	0
0.264	0
0.265	0
0.266	0
0.267	0
0.268	0
0.269	0
0.27	0
0.271	0
0.272	0
0.273	0
0.274	0
0.275	0
0.276	0
0.277	0
0.278	0
0.279	0
0.28	0
0.281	0
0.282	0
0.283	0
0.284	0
0.285	0
0.286	0
0.287	0
0.288	0
0.289	0
0.29	0
0.291	0
0.292	0
0.293	0
0.294	0
0.295	0
0.296	0
0.297	0
0.298	0
0.299	0
0.3	0
0.301	0
0.302	0
0.303	0
0.304	0
0.305	0
0.306	0
0.307	0
0.308	0
0.309	0
0.31	0
0.311	0
0.312	0
0.313	0
0.314	0
0.315	0
0.316	0
0.317	0
0.318	0
0.319	0
0.32	0
0.321	0
0.322	0
0.323	0
0.324	0
0.325	0
0.326	0
0.327	0
0.328	0
0.329	0
0.33	0
0.331	0
0.332	0
0.333	0
0.334	0
0.335	0
0.336	0
0.337	0
0.338	0
0.339	0
0.34	0
0.341	0
0.342	0
0.343	0
0.344	0
0.345	0
0.346	0
0.347	0
0.348	0
0.349	0
0.35	0
0.351	0
0.352	0
0.353	0
0.354	0
0.355	0
0.356	0
0.357	0
0.358	0
0.359	0
0.36	0
0.361	0
0.362	0
0.363	0
0.364	0
0.365	0
0.366	0
0.367	0
0.368	0
0.369	0
0.37	0
0.371	0
0.372	0
0.373	0
0.374	0
0.375	0
0.376	0
0.377	0
0.378	0
0.379	0
0.38	0
0.381	0
0.382	0
0.383	0
0.384	0
0.385	0
0.386	0
0.387	0
0.388	0
0.389	0
0.39	0
0.391	0
0.392	0
0.393	0
0.394	0
0.395	0
0.396	0
0.397	0
0.398	0
0.399	0
0.4	0
0.401	0
0.402	0
0.403	0
0.404	0
0.405	0
0.406	0
0.407	0
0.408	0
0.409	0
0.41	0
0.411	0
0.412	0
0.413	0
0.414	0
0.415	0
0.416	0
0.417	0
0.418	0
0.419	0
0.42	0
0.421	0
0.422	0
0.423	0
0.424	0
0.425	0
0.426	0
0.427	0
0.428	0
0.429	0
0.43	0
0.431	0
0.432	0
0.433	0
0.434	0
0.435	0
0.436	0
0.437	0
0.438	0
0.439	0
0.44	0
0.441	0
0.442	0
0.443	0
0.444	0
0.445	0
0.446	0
0.447	0
0.448	0
0.449	0
0.45	0
0.451	0
0.452	0
0.453	0
0.454	0
0.455	0
0.456	0
0.457	0
0.458	0
0.459	0
0.46	0
0.461	0
0.462	0
0.463	0
0.464	0
0.465	0
0.466	0
0.467	0
0.468	0
0.469	0
0.47	0
0.471	0
0.472	0
0.473	0
0.474	0
0.475	0
0.476	0
0.477	0
0.478	0
0.479	0
0.48	0
0.481	0
0.482	0
0.483	0
0.484	0
0.485	0
0.486	0
0.487	0
0.488	0
0.489	0
0.49	0
0.491	0
0.492	0
0.493	0
0.494	0
0.495	0
0.496	0
0.497	0
0.498	0
0.499	0
0.5	0.75
0.501	0.75
0.502	0.75
0.503	0.75
0.504	0.75
0.505	0.75
0.506	0.75
0.507	0.75
0.508	0.75
0.509	0.75
0.51	0.75
0.511	0.75
0.512	0.75
0.513	0.75
0.514	0.75
0.515	0.75
0.516	0.75
0.517	0.75
0.518	0.75
0.519	0.75
0.52	0.75
0.521	0.75
0.522	0.75
0.523	0.75
0.524	0.75
0.525	0.75
0.526	0.75
0.527	0.75
0.528	0.75
0.529	0.75
0.53	0.75
0.531	0.75
0.532	0.75
0.533	0.75
0.534	0.75
0.535	0.75
0.536	0.75
0.537	0.75
0.538	0.75
0.539	0.75
0.54	0.75
0.541	0.75
0.542	0.75
0.543	0.75
0.544	0.75
0.545	0.75
0.546	0.75
0.547	0.75
0.548	0.75
0.549	0.75
0.55	0.75
0.551	0.75
0.552	0.75
0.553	0.75
0.554	0.75
0.555	0.75
0.556	0.75
0.557	0.75
0.558	0.75
0.559	0.75
0.56	0.75
0.561	0.75
0.562	0.75
0.563	0.75
0.564	0.75
0.565	0.75
0.566	0.75
0.567	0.75
0.568	0.75
0.569	0.75
0.57	0.75
0.571	0.75
0.572	0.75
0.573	0.75
0.574	0.75
0.575	0.75
0.576	0.75
0.577	0.75
0.578	0.75
0.579	0.75
0.58	0.75
0.581	0.75
0.582	0.75
0.583	0.75
0.584	0.75
0.585	0.75
0.586	0.75
0.587	0.75
0.588	0.75
0.589	0.75
0.59	0.75
0.591	0.75
0.592	0.75
0.593	0.75
0.594	0.75
0.595	0.75
0.596	0.75
0.597	0.75
0.598	0.75
0.599	0.75
0.6	0.75
0.601	0.75
0.602	0.75
0.603	0.75
0.604	0.75
0.605	0.75
0.606	0.75
0.607	0.75
0.608	0.75
0.609	0.75
0.61	0.75
0.611	0.75
0.612	0.75
0.613	0.75
0.614	0.75
0.615	0.75
0.616	0.75
0.617	0.75
0.618	0.75
0.619	0.75
0.62	0.75
0.621	0.75
0.622	0.75
0.623	0.75
0.624	0.75
0.625	0.75
0.626	0.75
0.627	0.75
0.628	0.75
0.629	0.75
0.63	0.75
0.631	0.75
0.632	0.75
0.633	0.75
0.634	0.75
0.635	0.75
0.636	0.75
0.637	0.75
0.638	0.75
0.639	0.75
0.64	0.75
0.641	0.75
0.642	0.75
0.643	0.75
0.644	0.75
0.645	0.75
0.646	0.75
0.647	0.75
0.648	0.75
0.649	0.75
0.65	0.75
0.651	0.75
0.652	0.75
0.653	0.75
0.654	0.75
0.655	0.75
0.656	0.75
0.657	0.75
0.658	0.75
0.659	0.75
0.66	0.75
0.661	0.75
0.662	0.75
0.663	0.75
0.664	0.75
0.665	0.75
0.666	0.75
0.667	0.75
0.668	0.75
0.669	0.75
0.67	0.75
0.671	0.75
0.672	0.75
0.673	0.75
0.674	0.75
0.675	0.75
0.676	0.75
0.677	0.75
0.678	0.75
0.679	0.75
0.68	0.75
0.681	0.75
0.682	0.75
0.683	0.75
0.684	0.75
0.685	0.75
0.686	0.75
0.687	0.75
0.688	0.75
0.689	0.75
0.69	0.75
0.691	0.75
0.692	0.75
0.693	0.75
0.694	0.75
0.695	0.75
0.696	0.75
0.697	0.75
0.698	0.75
0.699	0.75
0.7	0.75
0.701	0.75
0.702	0.75
0.703	0.75
0.704	0.75
0.705	0.75
0.706	0.75
0.707	0.75
0.708	0.75
0.709	0.75
0.71	0.75
0.711	0.75
0.712	0.75
0.713	0.75
0.714	0.75
0.715	0.75
0.716	0.75
0.717	0.75
0.718	0.75
0.719	0.75
0.72	0.75
0.721	0.75
0.722	0.75
0.723	0.75
0.724	0.75
0.725	0.75
0.726	0.75
0.727	0.75
0.728	0.75
0.729	0.75
0.73	0.75
0.731	0.75
0.732	0.75
0.733	0.75
0.734	0.75
0.735	0.75
0.736	0.75
0.737	0.75
0.738	0.75
0.739	0.75
0.74	0.75
0.741	0.75
0.742	0.75
0.743	0.75
0.744	0.75
0.745	0.75
0.746	0.75
0.747	0.75
0.748	0.75
0.749	0.75
0.75	0.75
0.751	0.75
0.752	0.75
0.753	0.75
0.754	0.75
0.755	0.75
0.756	0.75
0.757	0.75
0.758	0.75
0.759	0.75
0.76	0.75
0.761	0.75
0.762	0.75
0.763	0.75
0.764	0.75
0.765	0.75
0.766	0.75
0.767	0.75
0.768	0.75
0.769	0.75
0.77	0.75
0.771	0.75
0.772	0.75
0.773	0.75
0.774	0.75
0.775	0.75
0.776	0.75
0.777	0.75
0.778	0.75
0.779	0.75
0.78	0.75
0.781	0.75
0.782	0.75
0.783	0.75
0.784	0.75
0.785	0.75
0.786	0.75
0.787	0.75
0.788	0.75
0.789	0.75
0.79	0.75
0.791	0.75
0.792	0.75
0.793	0.75
0.794	0.75
0.795	0.75
0.796	0.75
0.797	0.75
0.798	0.75
0.799	0.75
0.8	0.75
0.801	0.75
0.802	0.75
0.803	0.75
0.804	0.75
0.805	0.75
0.806	0.75
0.807	0.75
0.808	0.75
0.809	0.75
0.81	0.75
0.811	0.75
0.812	0.75
0.813	0.75
0.814	0.75
0.815	0.75
0.816	0.75
0.817	0.75
0.818	0.75
0.819	0.75
0.82	0.75
0.821	0.75
0.822	0.75
0.823	0.75
0.824	0.75
0.825	0.75
0.826	0.75
0.827	0.75
0.828	0.75
0.829	0.75
0.83	0.75
0.831	0.75
0.832	0.75
0.833	0.75
0.834	0.75
0.835	0.75
0.836	0.75
0.837	0.75
0.838	0.75
0.839	0.75
0.84	0.75
0.841	0.75
0.842	0.75
0.843	0.75
0.844	0.75
0.845	0.75
0.846	0.75
0.847	0.75
0.848	0.75
0.849	0.75
0.85	0.75
0.851	0.75
0.852	0.75
0.853	0.75
0.854	0.75
0.855	0.75
0.856	0.75
0.857	0.75
0.858	0.75
0.859	0.75
0.86	0.75
0.861	0.75
0.862	0.75
0.863	0.75
0.864	0.75
0.865	0.75
0.866	0.75
0.867	0.75
0.868	0.75
0.869	0.75
0.87	0.75
0.871	0.75
0.872	0.75
0.873	0.75
0.874	0.75
0.875	0.75
0.876	0.75
0.877	0.75
0.878	0.75
0.879	0.75
0.88	0.75
0.881	0.75
0.882	0.75
0.883	0.75
0.884	0.75
0.885	0.75
0.886	0.75
0.887	0.75
0.888	0.75
0.889	0.75
0.89	0.75
0.891	0.75
0.892	0.75
0.893	0.75
0.894	0.75
0.895	0.75
0.896	0.75
0.897	0.75
0.898	0.75
0.899	0.75
0.9	0.75
0.901	0.75
0.902	0.75
0.903	0.75
0.904	0.75
0.905	0.75
0.906	0.75
0.907	0.75
0.908	0.75
0.909	0.75
0.91	0.75
0.911	0.75
0.912	0.75
0.913	0.75
0.914	0.75
0.915	0.75
0.916	0.75
0.917	0.75
0.918	0.75
0.919	0.75
0.92	0.75
0.921	0.75
0.922	0.75
0.923	0.75
0.924	0.75
0.925	0.75
0.926	0.75
0.927	0.75
0.928	0.75
0.929	0.75
0.93	0.75
0.931	0.75
0.932	0.75
0.933	0.75
0.934	0.75
0.935	0.75
0.936	0.75
0.937	0.75
0.938	0.75
0.939	0.75
0.94	0.75
0.941	0.75
0.942	0.75
0.943	0.75
0.944	0.75
0.945	0.75
0.946	0.75
0.947	0.75
0.948	0.75
0.949	0.75
0.95	0.75
0.951	0.75
0.952	0.75
0.953	0.75
0.954	0.75
0.955	0.75
0.956	0.75
0.957	0.75
0.958	0.75
0.959	0.75
0.96	0.75
0.961	0.75
0.962	0.75
0.963	0.75
0.964	0.75
0.965	0.75
0.966	0.75
0.967	0.75
0.968	0.75
0.969	0.75
0.97	0.75
0.971	0.75
0.972	0.75
0.973	0.75
0.974	0.75
0.975	0.75
0.976	0.75
0.977	0.75
0.978	0.75
0.979	0.75
0.98	0.75
0.981	0.75
0.982	0.75
0.983	0.75
0.984	0.75
0.985	0.75
0.986	0.75
0.987	0.75
0.988	0.75
0.989	0.75
0.99	0.75
0.991	0.75
0.992	0.75
0.993	0.75
0.994	0.75
0.995	0.75
0.996	0.75
0.997	0.75
0.998	0.75
0.999	0.75
