# Interpolation data for function: x*(x>0.5)
0	0
0.001	0
0.002	0
0.003	0
0.004	0
0.005	0
0.006	0
0.007	0
0.008	0
0.009	0
0.01	0
0.011	0
0.012	0
0.013	0
0.014	0
0.015	0
0.016	0
0.017	0
0.018	0
0.019	0
0.02	0
0.021	0
0.022	0
0.023	0
0.024	0
0.025	0
0.026	0
0.027	0
0.028	0
0.029	0
0.03	0
0.031	0
0.032	0
0.033	0
0.034	0
0.035	0
0.036	0
0.037	0
0.038	0
0.039	0
0.04	0
0.041	0
0.042	0
0.043	0
0.044	0
0.045	0
0.046	0
0.047	0
0.048	0
0.049	0
0.05	0
0.051	0
0.052	0
0.053	0
0.054	0
0.055	0
0.056	0
0.057	0
0.058	0
0.059	0
0.06	0
0.061	0
0.062	0
0.063	0
0.064	0
0.065	0
0.066	0
0.067	0
0.068	0
0.069	0
0.07	0
0.071	0
0.072	0
0.073	0
0.074	0
0.075	0
0.076	0
0.077	0
0.078	0
0.079	0
0.08	0
0.081	0
0.082	0
0.083	0
0.084	0
0.085	0
0.086	0
0.087	0
0.088	0
0.089	0
0.09	0
0.091	0
0.092	0
0.093	0
0.094	0
0.095	0
0.096	0
0.097	0
0.098	0
0.099	0
0.1	0
0.101	0
0.102	0
0.103	0
0.104	0
0.105	0
0.106	0
0.107	0
0.108	0
0.109	0
0.11	0
0.111	0
0.112	0
0.113	0
0.114	0
0.115	0
0.116	0
0.117	0
0.118	0
0.119	0
0.12	0
0.121	0
0.122	0
0.123	0
0.124	0
0.125	0
0.126	0
0.127	0
0.128	0
0.129	0
0.13	0
0.131	0
0.132	0
0.133	0
0.134	0
0.135	0
0.136	0
0.137	0
0.138	0
0.139	0
0.14	0
0.141	0
0.142	0
0.143	0
0.144	0
0.145	0
0.146	0
0.147	0
0.148	0
0.149	0
0.15	0
0.151	0
0.152	0
0.153	0
0.154	0
0.155	0
0.156	0
0.157	0
0.158	0
0.159	0
0.16	0
0.161	0
0.162	0
0.163	0
0.164	0
0.165	0
0.166	0
0.167	0
0.168	0
0.169	0
0.17	0
0.171	0
0.172	0
0.173	0
0.174	0
0.175	0
0.176	0
0.177	0
0.178	0
0.179	0
0.18	0
0.181	0
0.182	0
0.183	0
0.184	0
0.185	0
0.186	0
0.187	0
0.188	0
0.189	0
0.19	0
0.191	0
0.192	0
0.193	0
0.194	0
0.195	0
0.196	0
0.197	0
0.198	0
0.199	0
0.2	0
0.201	0
0.202	0
0.203	0
0.204	0
0.205	0
0.206	0
0.207	0
0.208	0
0.209	0
0.21	0
0.211	0
0.212	0
0.213	0
0.214	0
0.215	0
0.216	0
0.217	0
0.218	0
0.219	0
0.22	0
0.221	0
0.222	0
0.223	0
0.224	0
0.225	0
0.226	0
0.227	0
0.228	0
0.229	0
0.23	0
0.231	0
0.232	0
0.233	0
0.234	0
0.235	0
0.236	0
0.237	0
0.238	0
0.239	0
0.24	0
0.241	0
0.242	0
0.243	0
0.244	0
0.245	0
0.246	0
0.247	0
0.248	0
0.249	0
0.25	0
0.251	0
0.252	0
0.253	0
0.254	0
0.255	0
0.256	0
0.257	0
0.258	0
0.259	0
0.26	0
0.261	0
0.262	0
0.263	0
0.264	0
0.265	0
0.266	0
0.267	0
0.268	0
0.269	0
0.27	0
0.271	0
0.272	0
0.273	0
0.274	0
0.275	0
0.276	0
0.277	0
0.278	0
0.279	0
0.28	0
0.281	0
0.282	0
0.283	0
0.284	0
0.285	0
0.286	0
0.287	0
0.288	0
0.289	0
0.29	0
0.291	0
0.292	0
0.293	0
0.294	0
0.295	0
0.296	0
0.297	0
0.298	0
0.299	0
0.3	0
0.301	0
0.302	0
0.303	0
0.304	0
0.305	0
0.306	0
0.307	0
0.308	0
0.309	0
0.31	0
0.311	0
0.312	0
0.313	0
0.314	0
0.315	0
0.316	0
0.317	0
0.318	0
0.319	0
0.32	0
0.321	0
0.322	0
0.323	0
0.324	0
0.325	0
0.326	0
0.327	0
0.328	0
0.329	0
0.33	0
0.331	0
0.332	0
0.333	0
0.334	0
0.335	0
0.336	0
0.337	0
0.338	0
0.339	0
0.34	0
0.341	0
0.342	0
0.343	0
0.344	0
0.345	0
0.346	0
0.347	0
0.348	0
0.349	0
0.35	0
0.351	0
0.352	0
0.353	0
0.354	0
0.355	0
0.356	0
0.357	0
0.358	0
0.359	0
0.36	0
0.361	0
0.362	0
0.363	0
0.364	0
0.365	0
0.366	0
0.367	0
0.368	0
0.369	0
0.37	0
0.371	0
0.372	0
0.373	0
0.374	0
0.375	0
0.376	0
0.377	0
0.378	0
0.379	0
0.38	0
0.381	0
0.382	0
0.383	0
0.384	0
0.385	0
0.386	0
0.387	0
0.388	0
0.389	0
0.39	0
0.391	0
0.392	0
0.393	0
0.394	0
0.395	0
0.396	0
0.397	0
0.398	0
0.399	0
0.4	0
0.401	0
0.402	0
0.403	0
0.404	0
0.405	0
0.406	0
0.407	0
0.408	0
0.409	0
0.41	0
0.411	0
0.412	0
0.413	0
0.414	0
0.415	0
0.416	0
0.417	0
0.418	0
0.419	0
0.42	0
0.421	0
0.422	0
0.423	0
0.424	0
0.425	0
0.426	0
0.427	0
0.428	0
0.429	0
0.43	0
0.431	0
0.432	0
0.433	0
0.434	0
0.435	0
0.436	0
0.437	0
0.438	0
0.439	0
0.44	0
0.441	0
0.442	0
0.443	0
0.444	0
0.445	0
0.446	0
0.447	0
0.448	0
0.449	0
0.45	0
0.451	0
0.452	0
0.453	0
0.454	0
0.455	0
0.456	0
0.457	0
0.458	0
0.459	0
0.46	0
0.461	0
0.462	0
0.463	0
0.464	0
0.465	0
0.466	0
0.467	0
0.468	0
0.469	0
0.47	0
0.471	0
0.472	0
0.473	0
0.474	0
0.475	0
0.476	0
0.477	0
0.478	0
0.479	0
0.48	0
0.481	0
0.482	0
0.483	0
0.484	0
0.485	0
0.486	0
0.487	0
0.488	0
0.489	0
0.49	0
0.491	0
0.492	0
0.493	0
0.494	0
0.495	0
0.496	0
0.497	0
0.498	0
0.499	0
0.5	0.5
0.501	0.501
0.502	0.502
0.503	0.503
0.504	0.504
0.505	0.505
0.506	0.506
0.507	0.507
0.508	0.508
0.509	0.509
0.51	0.51
0.511	0.511
0.512	0.512
0.513	0.513
0.514	0.514
0.515	0.515
0.516	0.516
0.517	0.517
0.518	0.518
0.519	0.519
0.52	0.52
0.521	0.521
0.522	0.522
0.523	0.523
0.524	0.524
0.525	0.525
0.526	0.526
0.527	0.527
0.528	0.528
0.529	0.529
0.53	0.53
0.531	0.531
0.532	0.532
0.533	0.533
0.534	0.534
0.535	0.535
0.536	0.536
0.537	0.537
0.538	0.538
0.539	0.539
0.54	0.54
0.541	0.541
0.542	0.542
0.543	0.543
0.544	0.544
0.545	0.545
0.546	0.546
0.547	0.547
0.548	0.548
0.549	0.549
0.55	0.55
0.551	0.551
0.552	0.552
0.553	0.553
0.554	0.554
0.555	0.555
0.556	0.556
0.557	0.557
0.558	0.558
0.559	0.559
0.56	0.56
0.561	0.561
0.562	0.562
0.563	0.563
0.564	0.564
0.565	0.565
0.566	0.566
0.567	0.567
0.568	0.568
0.569	0.569
0.57	0.57
0.571	0.571
0.572	0.572
0.573	0.573
0.574	0.574
0.575	0.575
0.576	0.576
0.577	0.577
0.578	0.578
0.579	0.579
0.58	0.58
0.581	0.581
0.582	0.582
0.583	0.583
0.584	0.584
0.585	0.585
0.586	0.586
0.587	0.587
0.588	0.588
0.589	0.589
0.59	0.59
0.591	0.591
0.592	0.592
0.593	0.593
0.594	0.594
0.595	0.595
0.596	0.596
0.597	0.597
0.598	0.598
0.599	0.599
0.6	0.6
0.601	0.601
0.602	0.602
0.603	0.603
0.604	0.604
0.605	0.605
0.606	0.606
0.607	0.607
0.608	0.608
0.609	0.609
0.61	0.61
0.611	0.611
0.612	0.612
0.613	0.613
0.614	0.614
0.615	0.615
0.616	0.616
0.617	0.617
0.618	0.618
0.619	0.619
0.62	0.62
0.621	0.621
0.622	0.622
0.623	0.623
0.624	0.624
0.625	0.625
0.626	0.626
0.627	0.627
0.628	0.628
0.629	0.629
0.63	0.63
0.631	0.631
0.632	0.632
0.633	0.633
0.634	0.634
0.635	0.635
0.636	0.636
0.637	0.637
0.638	0.638
0.639	0.639
0.64	0.64
0.641	0.641
0.642	0.642
0.643	0.643
0.644	0.644
0.645	0.645
0.646	0.646
0.647	0.647
0.648	0.648
0.649	0.649
0.65	0.65
0.651	0.651
0.652	0.652
0.653	0.653
0.654	0.654
0.655	0.655
0.656	0.656
0.657	0.657
0.658	0.658
0.659	0.659
0.66	0.66
0.661	0.661
0.662	0.662
0.663	0.663
0.664	0.664
0.665	0.665
0.666	0.666
0.667	0.667
0.668	0.668
0.669	0.669
0.67	0.67
0.671	0.671
0.672	0.672
0.673	0.673
0.674	0.674
0.675	0.675
0.676	0.676
0.677	0.677
0.678	0.678
0.679	0.679
0.68	0.68
0.681	0.681
0.682	0.682
0.683	0.683
0.684	0.684
0.685	0.685
0.686	0.686
0.687	0.687
0.688	0.688
0.689	0.689
0.69	0.69
0.691	0.691
0.692	0.692
0.693	0.693
0.694	0.694
0.695	0.695
0.696	0.696
0.697	0.697
0.698	0.698
0.699	0.699
0.7	0.7
0.701	0.701
0.702	0.702
0.703	0.703
0.704	0.704
0.705	0.705
0.706	0.706
0.707	0.707
0.708	0.708
0.709	0.709
0.71	0.71
0.711	0.711
0.712	0.712
0.713	0.713
0.714	0.714
0.715	0.715
0.716	0.716
0.717	0.717
0.718	0.718
0.719	0.719
0.72	0.72
0.721	0.721
0.722	0.722
0.723	0.723
0.724	0.724
0.725	0.725
0.726	0.726
0.727	0.727
0.728	0.728
0.729	0.729
0.73	0.73
0.731	0.731
0.732	0.732
0.733	0.733
0.734	0.734
0.735	0.735
0.736	0.736
0.737	0.737
0.738	0.738
0.739	0.739
0.74	0.74
0.741	0.741
0.742	0.742
0.743	0.743
0.744	0.744
0.745	0.745
0.746	0.746
0.747	0.747
0.748	0.748
0.749	0.749
0.75	0.75
0.751	0.751
0.752	0.752
0.753	0.753
0.754	0.754
0.755	0.755
0.756	0.756
0.757	0.757
0.758	0.758
0.759	0.759
0.76	0.76
0.761	0.761
0.762	0.762
0.763	0.763
0.764	0.764
0.765	0.765
0.766	0.766
0.767	0.767
0.768	0.768
0.769	0.769
0.77	0.77
0.771	0.771
0.772	0.772
0.773	0.773
0.774	0.774
0.775	0.775
0.776	0.776
0.777	0.777
0.778	0.778
0.779	0.779
0.78	0.78
0.781	0.781
0.782	0.782
0.783	0.783
0.784	0.784
0.785	0.785
0.786	0.786
0.787	0.787
0.788	0.788
0.789	0.789
0.79	0.79
0.791	0.791
0.792	0.792
0.793	0.793
0.794	0.794
0.795	0.795
0.796	0.796
0.797	0.797
0.798	0.798
0.799	0.799
0.8	0.8
0.801	0.801
0.802	0.802
0.803	0.803
0.804	0.804
0.805	0.805
0.806	0.806
0.807	0.807
0.808	0.808
0.809	0.809
0.81	0.81
0.811	0.811
0.812	0.812
0.875	0.875
0.876	0.876
0.877	0.877
0.878	0.878
0.879	0.879
0.88	0.88
0.881	0.881
0.882	0.882
0.883	0.883
0.884	0.884
0.885	0.885
0.886	0.886
0.887	0.887
0.888	0.888
0.889	0.889
0.89	0.89
0.891	0.891
0.892	0.892
0.893	0.893
0.894	0.894
0.895	0.895
0.896	0.896
0.897	0.897
0.898	0.898
0.899	0.899
0.9	0.9
0.901	0.901
0.902	0.902
0.903	0.903
0.904	0.904
0.905	0.905
0.906	0.906
0.907	0.907
0.908	0.908
0.909	0.909
0.91	0.91
0.911	0.911
0.912	0.912
0.913	0.913
0.914	0.914
0.915	0.915
0.916	0.916
0.917	0.917
0.918	0.918
0.919	0.919
0.92	0.92
0.921	0.921
0.922	0.922
0.923	0.923
0.924	0.924
0.925	0.925
0.926	0.926
0.927	0.927
0.928	0.928
0.929	0.929
0.93	0.93
0.931	0.931
0.932	0.932
0.933	0.933
0.934	0.934
0.935	0.935
0.936	0.936
0.937	0.937
0.9375	0.9375
0.9385	0.9385
0.9395	0.9395
0.9405	0.9405
0.9415	0.9415
0.9425	0.9425
0.9435	0.9435
0.9445	0.9445
0.9455	0.9455
0.9465	0.9465
0.9475	0.9475
0.9485	0.9485
0.9495	0.9495
0.9505	0.9505
0.9515	0.9515
0.9525	0.9525
0.9535	0.9535
0.9545	0.9545
0.9555	0.9555
0.9565	0.9565
0.9575	0.9575
0.9585	0.9585
0.9595	0.9595
0.9605	0.9605
0.9615	0.9615
0.9625	0.9625
0.9635	0.9635
0.9645	0.9645
0.9655	0.9655
0.9665	0.9665
0.9675	0.9675
0.9685	0.9685
0.96875	0.96875
0.96975	0.96975
0.97075	0.97075
0.97175	0.97175
0.97275	0.97275
0.97375	0.97375
0.97475	0.97475
0.97575	0.97575
0.97675	0.97675
0.97775	0.97775
0.97875	0.97875
0.97975	0.97975
0.98075	0.98075
0.98175	0.98175
0.98275	0.98275
0.98375	0.98375
0.98475	0.98475
0.98575	0.98575
0.98675	0.98675
0.98775	0.98775
0.98875	0.98875
0.98975	0.98975
0.99075	0.99075
0.99175	0.99175
0.99275	0.99275
0.99375	0.99375
0.99475	0.99475
0.99575	0.99575
0.99675	0.99675
0.99775	0.99775
0.99875	0.99875
0.99975	0.99975
0.8125	0.8125
0.8135	0.8135
0.8145	0.8145
0.8155	0.8155
0.8165	0.8165
0.8175	0.8175
0.8185	0.8185
0.8195	0.8195
0.8205	0.8205
0.8215	0.8215
0.8225	0.8225
0.8235	0.8235
0.8245	0.8245
0.8255	0.8255
0.8265	0.8265
0.8275	0.8275
0.8285	0.8285
0.8295	0.8295
0.8305	0.8305
0.8315	0.8315
0.8325	0.8325
0.8335	0.8335
0.8345	0.8345
0.8355	0.8355
0.8365	0.8365
0.8375	0.8375
0.8385	0.8385
0.8395	0.8395
0.8405	0.8405
0.8415	0.8415
0.8425	0.8425
0.8435	0.8435
0.84375	0.84375
0.84475	0.84475
0.84575	0.84575
0.84675	0.84675
0.84775	0.84775
0.84875	0.84875
0.84975	0.84975
0.85075	0.85075
0.85175	0.85175
0.85275	0.85275
0.85375	0.85375
0.85475	0.85475
0.85575	0.85575
0.85675	0.85675
0.85775	0.85775
0.85875	0.85875
0.85975	0.85975
0.86075	0.86075
0.86175	0.86175
0.86275	0.86275
0.86375	0.86375
0.86475	0.86475
0.86575	0.86575
0.86675	0.86675
0.86775	0.86775
0.86875	0.86875
0.86975	0.86975
0.87075	0.87075
0.87175	0.87175
0.87275	0.87275
0.87375	0.87375
0.87475	0.87475
