#Function: sqrt(abs(x-(1/3)))
0	0.190891
1	0.139477
2	0.0873428
3	0.0525725
4	0.0506004
5	0.0332152
6	0.0322292
7	0.0235366
8	0.0177708
9	0.0172778
10	0.0129315
11	0.0100486
12	0.00980212
13	0.00762898
14	0.00618754
15	0.00606428
16	0.00514438
17	0.00405781
18	0.00333708
19	0.00327546
20	0.0028155
21	0.00227222
22	0.00191186
23	0.00188104
24	0.00165107
25	0.00137942
26	0.00119303
27	0.00101285
28	0.000997441
29	0.000882453
30	0.000746632
31	0.000653433
32	0.000563343
33	0.00055564
34	0.000498146
35	0.000430235
36	0.000383636
37	0.000340972
38	0.000295927
39	0.000292075
40	0.000263328
41	0.000229373
42	0.000206073
43	0.000184741
44	0.000162218
45	0.000160293
46	0.000145919
47	0.000128941
48	0.000117292
49	0.000106626
