# Interpolation data for function: sqrt(abs(x-(1/3)))
0.5	0.409608
0.501	0.410767
0.502	0.411924
0.503	0.413078
0.504	0.414231
0.505	0.415381
0.506	0.41653
0.507	0.417676
0.508	0.41882
0.509	0.419963
0.51	0.421103
0.511	0.422241
0.512	0.423378
0.513	0.424512
0.514	0.425644
0.515	0.426775
0.516	0.427903
0.517	0.429029
0.518	0.430154
0.519	0.431276
0.52	0.432396
0.521	0.433515
0.522	0.434631
0.523	0.435745
0.524	0.436858
0.525	0.437968
0.526	0.439077
0.527	0.440183
0.528	0.441288
0.529	0.442391
0.53	0.443492
0.531	0.44459
0.532	0.445687
0.533	0.446782
0.534	0.447875
0.535	0.448966
0.536	0.450056
0.537	0.451143
0.538	0.452228
0.539	0.453312
0.54	0.454393
0.541	0.455473
0.542	0.456551
0.543	0.457627
0.544	0.458701
0.545	0.459773
0.546	0.460843
0.547	0.461912
0.548	0.462978
0.549	0.464043
0.55	0.465106
0.551	0.466167
0.552	0.467226
0.553	0.468283
0.554	0.469339
0.555	0.470392
0.556	0.471444
0.557	0.472494
0.558	0.473542
0.559	0.474588
0.56	0.475633
0.561	0.476675
0.562	0.477716
0.563	0.478755
0.564	0.479792
0.565	0.480828
0.566	0.481862
0.567	0.482893
0.568	0.483924
0.569	0.484952
0.57	0.485978
0.571	0.487003
0.572	0.488026
0.573	0.489047
0.574	0.490067
0.575	0.491084
0.576	0.4921
0.577	0.493115
0.578	0.494127
0.579	0.495138
0.58	0.496147
0.581	0.497154
0.582	0.49816
0.583	0.499163
0.584	0.500165
0.585	0.501166
0.586	0.502164
0.587	0.503161
0.588	0.504157
0.589	0.50515
0.59	0.506142
0.591	0.507132
0.592	0.508121
0.593	0.509107
0.594	0.510093
0.595	0.511076
0.596	0.512058
0.597	0.513038
0.598	0.514016
0.599	0.514993
0.6	0.515968
0.601	0.516942
0.602	0.517914
0.603	0.518884
0.604	0.519852
0.605	0.520819
0.606	0.521785
0.607	0.522748
0.608	0.52371
0.609	0.524671
0.61	0.525629
0.611	0.526587
0.612	0.527542
0.613	0.528496
0.614	0.529449
0.615	0.5304
0.616	0.531349
0.617	0.532296
0.618	0.533242
0.619	0.534187
0.62	0.53513
0.621	0.536071
0.622	0.537011
0.623	0.537949
0.624	0.538886
0.625	0.539821
0.626	0.540755
0.627	0.541687
0.628	0.542617
0.629	0.543546
0.63	0.544473
0.631	0.545399
0.632	0.546324
0.633	0.547247
0.634	0.548168
0.635	0.549088
0.636	0.550006
0.637	0.550923
0.638	0.551838
0.639	0.552752
0.64	0.553664
0.641	0.554575
0.642	0.555484
0.643	0.556392
0.644	0.557299
0.645	0.558204
0.646	0.559107
0.647	0.560009
0.648	0.56091
0.649	0.561809
0.65	0.562706
0.651	0.563603
0.652	0.564497
0.653	0.565391
0.654	0.566283
0.655	0.567173
0.656	0.568062
0.657	0.56895
0.658	0.569836
0.659	0.570721
0.66	0.571604
0.661	0.572486
0.662	0.573367
0.663	0.574246
0.664	0.575124
0.665	0.576
0.666	0.576875
0.667	0.577749
0.668	0.578621
0.669	0.579492
0.67	0.580361
0.671	0.58123
0.672	0.582096
0.673	0.582962
0.674	0.583826
0.675	0.584689
0.676	0.58555
0.677	0.58641
0.678	0.587269
0.679	0.588126
0.68	0.588982
0.681	0.589837
0.682	0.59069
0.683	0.591543
0.684	0.592393
0.685	0.593243
0.686	0.594091
0.687	0.594938
0.688	0.595783
0.689	0.596628
0.69	0.597471
0.691	0.598313
0.692	0.599153
0.693	0.599992
0.694	0.60083
0.695	0.601667
0.696	0.602502
0.697	0.603336
0.698	0.604169
0.699	0.605001
0.7	0.605831
0.701	0.60666
0.702	0.607488
0.703	0.608315
0.704	0.60914
0.705	0.609965
0.706	0.610788
0.707	0.611609
0.708	0.61243
0.709	0.613249
0.71	0.614067
0.711	0.614884
0.712	0.6157
0.713	0.616515
0.714	0.617328
0.715	0.61814
0.716	0.618951
0.717	0.619761
0.718	0.62057
0.719	0.621377
0.72	0.622184
0.721	0.622989
0.722	0.623793
0.723	0.624596
0.724	0.625397
0.725	0.626198
0.726	0.626998
0.727	0.627796
0.728	0.628593
0.729	0.629389
0.73	0.630184
0.731	0.630978
0.732	0.63177
0.733	0.632562
0.734	0.633353
0.735	0.634142
0.736	0.63493
0.737	0.635717
0.738	0.636503
0.739	0.637289
0.74	0.638072
0.741	0.638855
0.742	0.639637
0.743	0.640418
0.744	0.641197
0.745	0.641976
0.746	0.642754
0.747	0.64353
0.748	0.644305
0.749	0.64508
0.75	0.645853
0.751	0.646625
0.752	0.647397
0.753	0.648167
0.754	0.648936
0.755	0.649704
0.756	0.650471
0.757	0.651238
0.758	0.652003
0.759	0.652767
0.76	0.65353
0.761	0.654292
0.762	0.655053
0.763	0.655814
0.764	0.656573
0.765	0.657331
0.766	0.658088
0.767	0.658845
0.768	0.6596
0.769	0.660354
0.77	0.661108
0.771	0.66186
0.772	0.662611
0.773	0.663362
0.774	0.664112
0.775	0.66486
0.776	0.665608
0.777	0.666355
0.778	0.6671
0.779	0.667845
0.78	0.668589
0.781	0.669332
0.782	0.670075
0.783	0.670816
0.784	0.671556
0.785	0.672296
0.786	0.673034
0.787	0.673772
0.788	0.674509
0.789	0.675245
0.79	0.67598
0.791	0.676714
0.792	0.677447
0.793	0.67818
0.794	0.678911
0.795	0.679642
0.796	0.680372
0.797	0.681101
0.798	0.681829
0.799	0.682556
0.8	0.683283
0.801	0.684009
0.802	0.684733
0.803	0.685458
0.804	0.686181
0.805	0.686903
0.806	0.687625
0.807	0.688345
0.808	0.689065
0.809	0.689785
0.81	0.690503
0.811	0.69122
0.812	0.691937
0.813	0.692653
0.814	0.693368
0.815	0.694083
0.816	0.694797
0.817	0.695509
0.818	0.696222
0.819	0.696933
0.82	0.697644
0.821	0.698353
0.822	0.699063
0.823	0.699771
0.824	0.700479
0.825	0.701186
0.826	0.701892
0.827	0.702597
0.828	0.703302
0.829	0.704006
0.83	0.704709
0.831	0.705412
0.832	0.706114
0.833	0.706815
0.834	0.707515
0.835	0.708215
0.836	0.708914
0.837	0.709613
0.838	0.71031
0.839	0.711007
0.84	0.711704
0.841	0.7124
0.842	0.713095
0.843	0.713789
0.844	0.714483
0.845	0.715176
0.846	0.715868
0.847	0.71656
0.848	0.717251
0.849	0.717942
0.85	0.718632
0.851	0.719321
0.852	0.720009
0.853	0.720697
0.854	0.721385
0.855	0.722072
0.856	0.722758
0.857	0.723443
0.858	0.724128
0.859	0.724813
0.86	0.725496
0.861	0.72618
0.862	0.726862
0.863	0.727544
0.864	0.728226
0.865	0.728907
0.866	0.729587
0.867	0.730267
0.868	0.730946
0.869	0.731625
0.87	0.732303
0.871	0.73298
0.872	0.733657
0.873	0.734334
0.874	0.73501
0.875	0.735685
0.876	0.73636
0.877	0.737034
0.878	0.737708
0.879	0.738381
0.88	0.739054
0.881	0.739726
0.882	0.740398
0.883	0.74107
0.884	0.74174
0.885	0.742411
0.886	0.74308
0.887	0.74375
0.888	0.744419
0.889	0.745087
0.89	0.745755
0.891	0.746423
0.892	0.74709
0.893	0.747756
0.894	0.748422
0.895	0.749088
0.896	0.749753
0.897	0.750418
0.898	0.751082
0.899	0.751746
0.9	0.75241
0.901	0.753073
0.902	0.753735
0.903	0.754397
0.904	0.755059
0.905	0.755721
0.906	0.756382
0.907	0.757042
0.908	0.757702
0.909	0.758362
0.91	0.759022
0.911	0.759681
0.912	0.760339
0.913	0.760998
0.914	0.761655
0.915	0.762313
0.916	0.76297
0.917	0.763627
0.918	0.764283
0.919	0.76494
0.92	0.765595
0.921	0.766251
0.922	0.766906
0.923	0.767561
0.924	0.768215
0.925	0.768869
0.926	0.769523
0.927	0.770176
0.928	0.77083
0.929	0.771482
0.93	0.772135
0.931	0.772787
0.932	0.773439
0.933	0.774091
0.934	0.774742
0.935	0.775393
0.936	0.776044
0.937	0.776694
0.938	0.777345
0.939	0.777995
0.94	0.778644
0.941	0.779294
0.942	0.779943
0.943	0.780592
0.944	0.781241
0.945	0.781889
0.946	0.782537
0.947	0.783185
0.948	0.783833
0.949	0.78448
0.95	0.785128
0.951	0.785775
0.952	0.786422
0.953	0.787068
0.954	0.787715
0.955	0.788361
0.956	0.789007
0.957	0.789653
0.958	0.790298
0.959	0.790944
0.96	0.791589
0.961	0.792234
0.962	0.792879
0.963	0.793524
0.964	0.794168
0.965	0.794813
0.966	0.795457
0.967	0.796101
0.968	0.796745
0.969	0.797389
0.97	0.798033
0.971	0.798676
0.972	0.799319
0.973	0.799963
0.974	0.800606
0.975	0.801249
0.976	0.801892
0.977	0.802535
0.978	0.803177
0.979	0.80382
0.98	0.804462
0.981	0.805105
0.982	0.805747
0.983	0.806389
0.984	0.807031
0.985	0.807673
0.986	0.808315
0.987	0.808957
0.988	0.809599
0.989	0.810241
0.99	0.810882
0.991	0.811524
0.992	0.812165
0.993	0.812807
0.994	0.813448
0.995	0.81409
0.996	0.814731
0.997	0.815373
0.998	0.816014
0.999	0.816655
0	0.577916
0.001	0.577009
0.002	0.576102
0.003	0.575195
0.004	0.574288
0.005	0.57338
0.006	0.572473
0.007	0.571565
0.008	0.570657
0.009	0.569749
0.01	0.568841
0.011	0.567932
0.012	0.567023
0.013	0.566114
0.014	0.565204
0.015	0.564294
0.016	0.563384
0.017	0.562473
0.018	0.561562
0.019	0.56065
0.02	0.559738
0.021	0.558825
0.022	0.557912
0.023	0.556998
0.024	0.556084
0.025	0.555169
0.026	0.554254
0.027	0.553337
0.028	0.55242
0.029	0.551503
0.03	0.550585
0.031	0.549666
0.032	0.548746
0.033	0.547825
0.034	0.546904
0.035	0.545982
0.036	0.545059
0.037	0.544135
0.038	0.54321
0.039	0.542284
0.04	0.541358
0.041	0.54043
0.042	0.539501
0.043	0.538572
0.044	0.537641
0.045	0.536709
0.046	0.535776
0.047	0.534843
0.048	0.533907
0.049	0.532971
0.05	0.532034
0.051	0.531095
0.052	0.530155
0.053	0.529214
0.054	0.528272
0.055	0.527328
0.056	0.526384
0.057	0.525437
0.058	0.52449
0.059	0.523541
0.06	0.52259
0.061	0.521638
0.062	0.520685
0.063	0.51973
0.064	0.518774
0.065	0.517816
0.066	0.516857
0.067	0.515896
0.068	0.514933
0.069	0.513969
0.07	0.513003
0.071	0.512036
0.072	0.511067
0.073	0.510096
0.074	0.509124
0.075	0.508149
0.076	0.507173
0.077	0.506195
0.078	0.505216
0.079	0.504234
0.08	0.503251
0.081	0.502265
0.082	0.501278
0.083	0.500289
0.084	0.499298
0.085	0.498305
0.086	0.49731
0.087	0.496312
0.088	0.495313
0.089	0.494312
0.09	0.493309
0.091	0.492303
0.092	0.491295
0.093	0.490286
0.094	0.489273
0.095	0.488259
0.096	0.487243
0.097	0.486224
0.098	0.485203
0.099	0.48418
0.1	0.483154
0.101	0.482126
0.102	0.481096
0.103	0.480063
0.104	0.479028
0.105	0.47799
0.106	0.47695
0.107	0.475907
0.108	0.474862
0.109	0.473814
0.11	0.472764
0.111	0.471711
0.112	0.470656
0.113	0.469598
0.114	0.468537
0.115	0.467474
0.116	0.466407
0.117	0.465339
0.118	0.464267
0.119	0.463193
0.12	0.462116
0.121	0.461036
0.122	0.459953
0.123	0.458867
0.124	0.457779
0.125	0.456687
0.126	0.455593
0.127	0.454495
0.128	0.453395
0.129	0.452292
0.13	0.451185
0.131	0.450076
0.132	0.448963
0.133	0.447848
0.134	0.446729
0.135	0.445607
0.136	0.444482
0.137	0.443354
0.138	0.442223
0.139	0.441088
0.14	0.43995
0.141	0.438809
0.142	0.437665
0.143	0.436517
0.144	0.435366
0.145	0.434211
0.146	0.433053
0.147	0.431892
0.148	0.430727
0.149	0.429559
0.15	0.428387
0.151	0.427212
0.152	0.426033
0.153	0.424851
0.154	0.423665
0.155	0.422476
0.156	0.421283
0.157	0.420086
0.158	0.418885
0.159	0.417681
0.16	0.416473
0.161	0.415262
0.162	0.414046
0.163	0.412827
0.164	0.411604
0.165	0.410377
0.166	0.409147
0.167	0.407912
0.168	0.406674
0.169	0.405431
0.17	0.404185
0.171	0.402935
0.172	0.401681
0.173	0.400422
0.174	0.39916
0.175	0.397894
0.176	0.396623
0.177	0.395348
0.178	0.39407
0.179	0.392787
0.18	0.3915
0.181	0.390208
0.182	0.388913
0.183	0.387613
0.184	0.386309
0.185	0.385001
0.186	0.383688
0.187	0.382371
0.188	0.38105
0.189	0.379724
0.19	0.378394
0.191	0.377059
0.192	0.37572
0.193	0.374377
0.194	0.373029
0.195	0.371676
0.196	0.370319
0.197	0.368957
0.198	0.367591
0.199	0.36622
0.2	0.364845
0.201	0.363464
0.202	0.36208
0.203	0.36069
0.204	0.359296
0.205	0.357896
0.206	0.356493
0.207	0.355084
0.208	0.35367
0.209	0.352252
0.21	0.350829
0.211	0.349401
0.212	0.347968
0.213	0.34653
0.214	0.345087
0.215	0.343639
0.216	0.342186
0.217	0.340728
0.218	0.339265
0.219	0.337796
0.22	0.336323
0.221	0.334845
0.222	0.333361
0.223	0.331872
0.224	0.330379
0.225	0.328879
0.226	0.327375
0.227	0.325865
0.228	0.32435
0.229	0.32283
0.23	0.321305
0.231	0.319774
0.232	0.318237
0.233	0.316696
0.234	0.315149
0.235	0.313596
0.236	0.312038
0.237	0.310474
0.238	0.308905
0.239	0.30733
0.24	0.30575
0.241	0.304164
0.242	0.302573
0.243	0.300976
0.244	0.299373
0.245	0.297765
0.246	0.296151
0.247	0.294531
0.248	0.292905
0.249	0.291274
0.375	0.206932
0.376	0.209043
0.377	0.211146
0.378	0.21324
0.379	0.215326
0.38	0.217404
0.381	0.219474
0.382	0.221535
0.383	0.223588
0.384	0.225632
0.385	0.227669
0.386	0.229697
0.387	0.231716
0.388	0.233728
0.389	0.235731
0.39	0.237726
0.391	0.239712
0.392	0.241691
0.393	0.243661
0.394	0.245622
0.395	0.247576
0.396	0.249521
0.397	0.251457
0.398	0.253386
0.399	0.255306
0.4	0.257218
0.401	0.259122
0.402	0.261017
0.403	0.262904
0.404	0.264783
0.405	0.266653
0.406	0.268515
0.407	0.270369
0.408	0.272215
0.409	0.274052
0.41	0.275881
0.411	0.277701
0.412	0.279514
0.413	0.281318
0.414	0.283114
0.415	0.284901
0.416	0.28668
0.417	0.288451
0.418	0.290214
0.419	0.291968
0.42	0.293714
0.421	0.295452
0.422	0.297181
0.423	0.298902
0.424	0.300615
0.425	0.30232
0.426	0.304016
0.427	0.305704
0.428	0.307384
0.429	0.309055
0.43	0.310718
0.431	0.312373
0.432	0.314019
0.433	0.315657
0.434	0.317287
0.435	0.318909
0.436	0.320522
0.437	0.322127
0.438	0.323724
0.439	0.325312
0.44	0.326892
0.441	0.328464
0.442	0.330028
0.443	0.331583
0.444	0.33313
0.445	0.334669
0.446	0.336199
0.447	0.337721
0.448	0.339235
0.449	0.34074
0.45	0.342237
0.451	0.343726
0.452	0.345207
0.453	0.346679
0.454	0.348143
0.455	0.349599
0.456	0.351046
0.457	0.352485
0.458	0.353916
0.459	0.355339
0.46	0.356753
0.461	0.358159
0.462	0.359556
0.463	0.360946
0.464	0.362327
0.465	0.3637
0.466	0.365064
0.467	0.36642
0.468	0.367768
0.469	0.369108
0.47	0.370439
0.471	0.371762
0.472	0.373077
0.473	0.374383
0.474	0.375681
0.475	0.376971
0.476	0.378252
0.477	0.379526
0.478	0.380791
0.479	0.382047
0.48	0.383295
0.481	0.384536
0.482	0.385767
0.483	0.386991
0.484	0.388206
0.485	0.389413
0.486	0.390611
0.487	0.391802
0.488	0.392984
0.489	0.394157
0.49	0.395323
0.491	0.39648
0.492	0.397628
0.493	0.398769
0.494	0.399901
0.495	0.401025
0.496	0.402141
0.497	0.403248
0.498	0.404347
0.499	0.405438
0.25	0.287453
0.251	0.285917
0.252	0.284356
0.253	0.282773
0.254	0.281166
0.255	0.279535
0.256	0.277881
0.257	0.276204
0.258	0.274503
0.259	0.272779
0.26	0.271031
0.261	0.26926
0.262	0.267465
0.263	0.265647
0.264	0.263805
0.265	0.26194
0.266	0.260051
0.267	0.258139
0.268	0.256204
0.269	0.254245
0.27	0.252262
0.271	0.250256
0.272	0.248227
0.273	0.246174
0.274	0.244098
0.275	0.241998
0.276	0.239875
0.277	0.237729
0.278	0.235558
0.279	0.233365
0.28	0.231148
0.281	0.228907
0.282	0.226643
0.283	0.224356
0.284	0.222045
0.285	0.219711
0.286	0.217353
0.287	0.214972
0.288	0.212567
0.289	0.210139
0.29	0.207687
0.291	0.205212
0.292	0.202714
0.293	0.200192
0.294	0.197646
0.295	0.195077
0.296	0.192485
0.297	0.189869
0.298	0.18723
0.299	0.184567
0.3	0.181881
0.301	0.179171
0.302	0.176438
0.303	0.173681
0.304	0.170901
0.305	0.168098
0.306	0.165271
0.307	0.16242
0.308	0.159546
0.309	0.156649
0.31	0.153728
0.311	0.150784
0.312	0.147816
0.34375	0.103466
0.34475	0.107663
0.34575	0.111794
0.34675	0.115858
0.34775	0.119856
0.34875	0.123788
0.34975	0.127653
0.35075	0.131452
0.35175	0.135185
0.35275	0.138851
0.35375	0.142451
0.35475	0.145984
0.35575	0.149451
0.35675	0.152852
0.35775	0.156186
0.35875	0.159454
0.35975	0.162656
0.36075	0.165791
0.36175	0.16886
0.36275	0.171863
0.36375	0.174799
0.36475	0.177669
0.36575	0.180473
0.36675	0.18321
0.36775	0.185881
0.36875	0.188485
0.36975	0.191024
0.37075	0.193495
0.37175	0.195901
0.37275	0.19824
0.37375	0.200513
0.37475	0.202719
0.3125	0.147545
0.3135	0.143029
0.3145	0.138513
0.3155	0.133997
0.3165	0.12948
0.3175	0.124964
0.3185	0.120448
0.3195	0.115932
0.3205	0.111416
0.3215	0.1069
0.3225	0.102383
0.3235	0.0978673
0.3245	0.0933511
0.3255	0.088835
0.3265	0.0843188
0.3275	0.0798026
0.328125	0.086653
0.329125	0.0643381
0.330125	0.0484605
0.331125	0.0382946
0.332125	0.0331148
0.333125	0.0321954
0.334125	0.0348109
0.335125	0.0402355
0.336125	0.0477436
0.337125	0.0566097
0.338125	0.066108
0.339125	0.075513
0.340125	0.0840989
0.341125	0.0911403
0.342125	0.0959114
0.343125	0.0976866
