# Interpolation data for function: sqrt(abs(x-(1/3)))
0.5	0.435465
0.501	0.436263
0.502	0.437062
0.503	0.43786
0.504	0.438658
0.505	0.439457
0.506	0.440255
0.507	0.441053
0.508	0.441852
0.509	0.44265
0.51	0.443448
0.511	0.444247
0.512	0.445045
0.513	0.445843
0.514	0.446642
0.515	0.44744
0.516	0.448238
0.517	0.449037
0.518	0.449835
0.519	0.450634
0.52	0.451432
0.521	0.45223
0.522	0.453029
0.523	0.453827
0.524	0.454625
0.525	0.455424
0.526	0.456222
0.527	0.45702
0.528	0.457819
0.529	0.458617
0.53	0.459415
0.531	0.460214
0.532	0.461012
0.533	0.46181
0.534	0.462609
0.535	0.463407
0.536	0.464206
0.537	0.465004
0.538	0.465802
0.539	0.466601
0.54	0.467399
0.541	0.468197
0.542	0.468996
0.543	0.469794
0.544	0.470592
0.545	0.471391
0.546	0.472189
0.547	0.472987
0.548	0.473786
0.549	0.474584
0.55	0.475382
0.551	0.476181
0.552	0.476979
0.553	0.477778
0.554	0.478576
0.555	0.479374
0.556	0.480173
0.557	0.480971
0.558	0.481769
0.559	0.482568
0.56	0.483366
0.561	0.484164
0.562	0.484963
0.563	0.485761
0.564	0.486559
0.565	0.487358
0.566	0.488156
0.567	0.488954
0.568	0.489753
0.569	0.490551
0.57	0.491349
0.571	0.492148
0.572	0.492946
0.573	0.493745
0.574	0.494543
0.575	0.495341
0.576	0.49614
0.577	0.496938
0.578	0.497736
0.579	0.498535
0.58	0.499333
0.581	0.500131
0.582	0.50093
0.583	0.501728
0.584	0.502526
0.585	0.503325
0.586	0.504123
0.587	0.504921
0.588	0.50572
0.589	0.506518
0.59	0.507317
0.591	0.508115
0.592	0.508913
0.593	0.509712
0.594	0.51051
0.595	0.511308
0.596	0.512107
0.597	0.512905
0.598	0.513703
0.599	0.514502
0.6	0.5153
0.601	0.516098
0.602	0.516897
0.603	0.517695
0.604	0.518493
0.605	0.519292
0.606	0.52009
0.607	0.520889
0.608	0.521687
0.609	0.522485
0.61	0.523284
0.611	0.524082
0.612	0.52488
0.613	0.525679
0.614	0.526477
0.615	0.527275
0.616	0.528074
0.617	0.528872
0.618	0.52967
0.619	0.530469
0.62	0.531267
0.621	0.532065
0.622	0.532864
0.623	0.533662
0.624	0.534461
0.625	0.535259
0.626	0.536057
0.627	0.536856
0.628	0.537654
0.629	0.538452
0.63	0.539251
0.631	0.540049
0.632	0.540847
0.633	0.541646
0.634	0.542444
0.635	0.543242
0.636	0.544041
0.637	0.544839
0.638	0.545637
0.639	0.546436
0.64	0.547234
0.641	0.548033
0.642	0.548831
0.643	0.549629
0.644	0.550428
0.645	0.551226
0.646	0.552024
0.647	0.552823
0.648	0.553621
0.649	0.554419
0.65	0.555218
0.651	0.556016
0.652	0.556814
0.653	0.557613
0.654	0.558411
0.655	0.559209
0.656	0.560008
0.657	0.560806
0.658	0.561604
0.659	0.562403
0.66	0.563201
0.661	0.564
0.662	0.564798
0.663	0.565596
0.664	0.566395
0.665	0.567193
0.666	0.567991
0.667	0.56879
0.668	0.569588
0.669	0.570386
0.67	0.571185
0.671	0.571983
0.672	0.572781
0.673	0.57358
0.674	0.574378
0.675	0.575176
0.676	0.575975
0.677	0.576773
0.678	0.577572
0.679	0.57837
0.68	0.579168
0.681	0.579967
0.682	0.580765
0.683	0.581563
0.684	0.582362
0.685	0.58316
0.686	0.583958
0.687	0.584757
0.688	0.585555
0.689	0.586353
0.69	0.587152
0.691	0.58795
0.692	0.588748
0.693	0.589547
0.694	0.590345
0.695	0.591144
0.696	0.591942
0.697	0.59274
0.698	0.593539
0.699	0.594337
0.7	0.595135
0.701	0.595934
0.702	0.596732
0.703	0.59753
0.704	0.598329
0.705	0.599127
0.706	0.599925
0.707	0.600724
0.708	0.601522
0.709	0.60232
0.71	0.603119
0.711	0.603917
0.712	0.604716
0.713	0.605514
0.714	0.606312
0.715	0.607111
0.716	0.607909
0.717	0.608707
0.718	0.609506
0.719	0.610304
0.72	0.611102
0.721	0.611901
0.722	0.612699
0.723	0.613497
0.724	0.614296
0.725	0.615094
0.726	0.615892
0.727	0.616691
0.728	0.617489
0.729	0.618287
0.73	0.619086
0.731	0.619884
0.732	0.620683
0.733	0.621481
0.734	0.622279
0.735	0.623078
0.736	0.623876
0.737	0.624674
0.738	0.625473
0.739	0.626271
0.74	0.627069
0.741	0.627868
0.742	0.628666
0.743	0.629464
0.744	0.630263
0.745	0.631061
0.746	0.631859
0.747	0.632658
0.748	0.633456
0.749	0.634255
0.75	0.635053
0.751	0.635851
0.752	0.63665
0.753	0.637448
0.754	0.638246
0.755	0.639045
0.756	0.639843
0.757	0.640641
0.758	0.64144
0.759	0.642238
0.76	0.643036
0.761	0.643835
0.762	0.644633
0.763	0.645431
0.764	0.64623
0.765	0.647028
0.766	0.647827
0.767	0.648625
0.768	0.649423
0.769	0.650222
0.77	0.65102
0.771	0.651818
0.772	0.652617
0.773	0.653415
0.774	0.654213
0.775	0.655012
0.776	0.65581
0.777	0.656608
0.778	0.657407
0.779	0.658205
0.78	0.659003
0.781	0.659802
0.782	0.6606
0.783	0.661399
0.784	0.662197
0.785	0.662995
0.786	0.663794
0.787	0.664592
0.788	0.66539
0.789	0.666189
0.79	0.666987
0.791	0.667785
0.792	0.668584
0.793	0.669382
0.794	0.67018
0.795	0.670979
0.796	0.671777
0.797	0.672575
0.798	0.673374
0.799	0.674172
0.8	0.674971
0.801	0.675769
0.802	0.676567
0.803	0.677366
0.804	0.678164
0.805	0.678962
0.806	0.679761
0.807	0.680559
0.808	0.681357
0.809	0.682156
0.81	0.682954
0.811	0.683752
0.812	0.684551
0.813	0.685349
0.814	0.686147
0.815	0.686946
0.816	0.687744
0.817	0.688542
0.818	0.689341
0.819	0.690139
0.82	0.690938
0.821	0.691736
0.822	0.692534
0.823	0.693333
0.824	0.694131
0.825	0.694929
0.826	0.695728
0.827	0.696526
0.828	0.697324
0.829	0.698123
0.83	0.698921
0.831	0.699719
0.832	0.700518
0.833	0.701316
0.834	0.702114
0.835	0.702913
0.836	0.703711
0.837	0.70451
0.838	0.705308
0.839	0.706106
0.84	0.706905
0.841	0.707703
0.842	0.708501
0.843	0.7093
0.844	0.710098
0.845	0.710896
0.846	0.711695
0.847	0.712493
0.848	0.713291
0.849	0.71409
0.85	0.714888
0.851	0.715686
0.852	0.716485
0.853	0.717283
0.854	0.718082
0.855	0.71888
0.856	0.719678
0.857	0.720477
0.858	0.721275
0.859	0.722073
0.86	0.722872
0.861	0.72367
0.862	0.724468
0.863	0.725267
0.864	0.726065
0.865	0.726863
0.866	0.727662
0.867	0.72846
0.868	0.729258
0.869	0.730057
0.87	0.730855
0.871	0.731654
0.872	0.732452
0.873	0.73325
0.874	0.734049
0.875	0.734847
0.876	0.735645
0.877	0.736444
0.878	0.737242
0.879	0.73804
0.88	0.738839
0.881	0.739637
0.882	0.740435
0.883	0.741234
0.884	0.742032
0.885	0.74283
0.886	0.743629
0.887	0.744427
0.888	0.745226
0.889	0.746024
0.89	0.746822
0.891	0.747621
0.892	0.748419
0.893	0.749217
0.894	0.750016
0.895	0.750814
0.896	0.751612
0.897	0.752411
0.898	0.753209
0.899	0.754007
0.9	0.754806
0.901	0.755604
0.902	0.756402
0.903	0.757201
0.904	0.757999
0.905	0.758797
0.906	0.759596
0.907	0.760394
0.908	0.761193
0.909	0.761991
0.91	0.762789
0.911	0.763588
0.912	0.764386
0.913	0.765184
0.914	0.765983
0.915	0.766781
0.916	0.767579
0.917	0.768378
0.918	0.769176
0.919	0.769974
0.92	0.770773
0.921	0.771571
0.922	0.772369
0.923	0.773168
0.924	0.773966
0.925	0.774765
0.926	0.775563
0.927	0.776361
0.928	0.77716
0.929	0.777958
0.93	0.778756
0.931	0.779555
0.932	0.780353
0.933	0.781151
0.934	0.78195
0.935	0.782748
0.936	0.783546
0.937	0.784345
0.938	0.785143
0.939	0.785941
0.94	0.78674
0.941	0.787538
0.942	0.788337
0.943	0.789135
0.944	0.789933
0.945	0.790732
0.946	0.79153
0.947	0.792328
0.948	0.793127
0.949	0.793925
0.95	0.794723
0.951	0.795522
0.952	0.79632
0.953	0.797118
0.954	0.797917
0.955	0.798715
0.956	0.799513
0.957	0.800312
0.958	0.80111
0.959	0.801909
0.96	0.802707
0.961	0.803505
0.962	0.804304
0.963	0.805102
0.964	0.8059
0.965	0.806699
0.966	0.807497
0.967	0.808295
0.968	0.809094
0.969	0.809892
0.97	0.81069
0.971	0.811489
0.972	0.812287
0.973	0.813085
0.974	0.813884
0.975	0.814682
0.976	0.81548
0.977	0.816279
0.978	0.817077
0.979	0.817876
0.98	0.818674
0.981	0.819472
0.982	0.820271
0.983	0.821069
0.984	0.821867
0.985	0.822666
0.986	0.823464
0.987	0.824262
0.988	0.825061
0.989	0.825859
0.99	0.826657
0.991	0.827456
0.992	0.828254
0.993	0.829052
0.994	0.829851
0.995	0.830649
0.996	0.831448
0.997	0.832246
0.998	0.833044
0.999	0.833843
0	0.59018
0.001	0.589051
0.002	0.587922
0.003	0.586793
0.004	0.585664
0.005	0.584535
0.006	0.583406
0.007	0.582277
0.008	0.581148
0.009	0.580019
0.01	0.57889
0.011	0.577761
0.012	0.576632
0.013	0.575503
0.014	0.574374
0.015	0.573245
0.016	0.572116
0.017	0.570987
0.018	0.569858
0.019	0.568729
0.02	0.567599
0.021	0.56647
0.022	0.565341
0.023	0.564212
0.024	0.563083
0.025	0.561954
0.026	0.560825
0.027	0.559696
0.028	0.558567
0.029	0.557438
0.03	0.556309
0.031	0.55518
0.032	0.554051
0.033	0.552922
0.034	0.551793
0.035	0.550664
0.036	0.549535
0.037	0.548406
0.038	0.547277
0.039	0.546148
0.04	0.545019
0.041	0.54389
0.042	0.542761
0.043	0.541632
0.044	0.540502
0.045	0.539373
0.046	0.538244
0.047	0.537115
0.048	0.535986
0.049	0.534857
0.05	0.533728
0.051	0.532599
0.052	0.53147
0.053	0.530341
0.054	0.529212
0.055	0.528083
0.056	0.526954
0.057	0.525825
0.058	0.524696
0.059	0.523567
0.06	0.522438
0.061	0.521309
0.062	0.52018
0.063	0.519051
0.064	0.517922
0.065	0.516793
0.066	0.515664
0.067	0.514535
0.068	0.513406
0.069	0.512276
0.07	0.511147
0.071	0.510018
0.072	0.508889
0.073	0.50776
0.074	0.506631
0.075	0.505502
0.076	0.504373
0.077	0.503244
0.078	0.502115
0.079	0.500986
0.08	0.499857
0.081	0.498728
0.082	0.497599
0.083	0.49647
0.084	0.495341
0.085	0.494212
0.086	0.493083
0.087	0.491954
0.088	0.490825
0.089	0.489696
0.09	0.488567
0.091	0.487438
0.092	0.486309
0.093	0.48518
0.094	0.48405
0.095	0.482921
0.096	0.481792
0.097	0.480663
0.098	0.479534
0.099	0.478405
0.1	0.477276
0.101	0.476147
0.102	0.475018
0.103	0.473889
0.104	0.47276
0.105	0.471631
0.106	0.470502
0.107	0.469373
0.108	0.468244
0.109	0.467115
0.11	0.465986
0.111	0.464857
0.112	0.463728
0.113	0.462599
0.114	0.46147
0.115	0.460341
0.116	0.459212
0.117	0.458083
0.118	0.456953
0.119	0.455824
0.12	0.454695
0.121	0.453566
0.122	0.452437
0.123	0.451308
0.124	0.450179
0.125	0.44905
0.126	0.447921
0.127	0.446792
0.128	0.445663
0.129	0.444534
0.13	0.443405
0.131	0.442276
0.132	0.441147
0.133	0.440018
0.134	0.438889
0.135	0.43776
0.136	0.436631
0.137	0.435502
0.138	0.434373
0.139	0.433244
0.14	0.432115
0.141	0.430986
0.142	0.429857
0.143	0.428727
0.144	0.427598
0.145	0.426469
0.146	0.42534
0.147	0.424211
0.148	0.423082
0.149	0.421953
0.15	0.420824
0.151	0.419695
0.152	0.418566
0.153	0.417437
0.154	0.416308
0.155	0.415179
0.156	0.41405
0.157	0.412921
0.158	0.411792
0.159	0.410663
0.16	0.409534
0.161	0.408405
0.162	0.407276
0.163	0.406147
0.164	0.405018
0.165	0.403889
0.166	0.40276
0.167	0.401631
0.168	0.400501
0.169	0.399372
0.17	0.398243
0.171	0.397114
0.172	0.395985
0.173	0.394856
0.174	0.393727
0.175	0.392598
0.176	0.391469
0.177	0.39034
0.178	0.389211
0.179	0.388082
0.18	0.386953
0.181	0.385824
0.182	0.384695
0.183	0.383566
0.184	0.382437
0.185	0.381308
0.186	0.380179
0.187	0.37905
0.188	0.377921
0.189	0.376792
0.19	0.375663
0.191	0.374534
0.192	0.373404
0.193	0.372275
0.194	0.371146
0.195	0.370017
0.196	0.368888
0.197	0.367759
0.198	0.36663
0.199	0.365501
0.2	0.364372
0.201	0.363243
0.202	0.362114
0.203	0.360985
0.204	0.359856
0.205	0.358727
0.206	0.357598
0.207	0.356469
0.208	0.35534
0.209	0.354211
0.21	0.353082
0.211	0.351953
0.212	0.350824
0.213	0.349695
0.214	0.348566
0.215	0.347437
0.216	0.346308
0.217	0.345178
0.218	0.344049
0.219	0.34292
0.22	0.341791
0.221	0.340662
0.222	0.339533
0.223	0.338404
0.224	0.337275
0.225	0.336146
0.226	0.335017
0.227	0.333888
0.228	0.332759
0.229	0.33163
0.23	0.330501
0.231	0.329372
0.232	0.328243
0.233	0.327114
0.234	0.325985
0.235	0.324856
0.236	0.323727
0.237	0.322598
0.238	0.321469
0.239	0.32034
0.24	0.319211
0.241	0.318082
0.242	0.316952
0.243	0.315823
0.244	0.314694
0.245	0.313565
0.246	0.312436
0.247	0.311307
0.248	0.310178
0.249	0.309049
0.25	0.346612
0.251	0.340224
0.252	0.333947
0.253	0.327781
0.254	0.321725
0.255	0.315777
0.256	0.309938
0.257	0.304207
0.258	0.298582
0.259	0.293064
0.26	0.287651
0.261	0.282344
0.262	0.27714
0.263	0.27204
0.264	0.267042
0.265	0.262147
0.266	0.257352
0.267	0.252659
0.268	0.248065
0.269	0.24357
0.27	0.239174
0.271	0.234876
0.272	0.230674
0.273	0.226569
0.274	0.22256
0.275	0.218645
0.276	0.214825
0.277	0.211098
0.278	0.207464
0.279	0.203922
0.28	0.200472
0.281	0.197112
0.282	0.193842
0.283	0.190661
0.284	0.187569
0.285	0.184565
0.286	0.181648
0.287	0.178817
0.288	0.176072
0.289	0.173412
0.29	0.170836
0.291	0.168344
0.292	0.165934
0.293	0.163607
0.294	0.161361
0.295	0.159196
0.296	0.157111
0.297	0.155106
0.298	0.153178
0.299	0.151329
0.3	0.149557
0.301	0.147862
0.302	0.146242
0.303	0.144698
0.304	0.143227
0.305	0.141831
0.306	0.140507
0.307	0.139256
0.308	0.138076
0.309	0.136967
0.31	0.135928
0.311	0.134958
0.312	0.134058
0.313	0.133225
0.314	0.132459
0.315	0.13176
0.316	0.131127
0.317	0.130559
0.318	0.130056
0.319	0.129616
0.32	0.129239
0.321	0.128924
0.322	0.128672
0.323	0.12848
0.324	0.128348
0.325	0.128276
0.326	0.128262
0.327	0.128307
0.328	0.128409
0.329	0.128567
0.33	0.128782
0.331	0.129051
0.332	0.129376
0.333	0.129754
0.334	0.130185
0.335	0.130669
0.336	0.131204
0.337	0.13179
0.338	0.132427
0.339	0.133113
0.34	0.133848
0.341	0.134631
0.342	0.135461
0.343	0.136338
0.344	0.137262
0.345	0.13823
0.346	0.139243
0.347	0.1403
0.348	0.141401
0.349	0.142543
0.35	0.143728
0.351	0.144954
0.352	0.146219
0.353	0.147525
0.354	0.148869
0.355	0.150252
0.356	0.151672
0.357	0.153129
0.358	0.154623
0.359	0.156151
0.36	0.157714
0.361	0.159311
0.362	0.160942
0.363	0.162605
0.364	0.1643
0.365	0.166026
0.366	0.167782
0.367	0.169568
0.368	0.171383
0.369	0.173227
0.37	0.175098
0.371	0.176996
0.372	0.17892
0.373	0.180869
0.374	0.182844
0.375	0.184842
0.376	0.186864
0.377	0.188908
0.378	0.190974
0.379	0.193062
0.38	0.19517
0.381	0.197298
0.382	0.199445
0.383	0.20161
0.384	0.203793
0.385	0.205993
0.386	0.208209
0.387	0.210441
0.388	0.212687
0.389	0.214948
0.39	0.217222
0.391	0.219509
0.392	0.221808
0.393	0.224118
0.394	0.226439
0.395	0.228769
0.396	0.231109
0.397	0.233457
0.398	0.235813
0.399	0.238176
0.4	0.240546
0.401	0.242921
0.402	0.245301
0.403	0.247685
0.404	0.250072
0.405	0.252463
0.406	0.254855
0.407	0.257249
0.408	0.259644
0.409	0.262038
0.41	0.264432
0.411	0.266824
0.412	0.269214
0.413	0.271602
0.414	0.273985
0.415	0.276365
0.416	0.278739
0.417	0.281108
0.418	0.28347
0.419	0.285825
0.42	0.288172
0.421	0.290511
0.422	0.292841
0.423	0.29516
0.424	0.297469
0.425	0.299766
0.426	0.302052
0.427	0.304324
0.428	0.306584
0.429	0.308828
0.43	0.311058
0.431	0.313273
0.432	0.315471
0.433	0.317652
0.434	0.319815
0.435	0.321959
0.436	0.324085
0.437	0.326191
0.438	0.328276
0.439	0.330339
0.44	0.332381
0.441	0.3344
0.442	0.336396
0.443	0.338367
0.444	0.340314
0.445	0.342235
0.446	0.34413
0.447	0.345998
0.448	0.347838
0.449	0.34965
0.45	0.351432
0.451	0.353185
0.452	0.354907
0.453	0.356599
0.454	0.358258
0.455	0.359884
0.456	0.361478
0.457	0.363037
0.458	0.364561
0.459	0.36605
0.46	0.367503
0.461	0.368919
0.462	0.370297
0.463	0.371637
0.464	0.372938
0.465	0.374199
0.466	0.37542
0.467	0.3766
0.468	0.377737
0.469	0.378833
0.47	0.379885
0.471	0.380893
0.472	0.381856
0.473	0.382774
0.474	0.383646
0.475	0.384471
0.476	0.385248
0.477	0.385977
0.478	0.386658
0.479	0.387288
0.48	0.387869
0.481	0.388398
0.482	0.388875
0.483	0.3893
0.484	0.389672
0.485	0.38999
0.486	0.390254
0.487	0.390462
0.488	0.390613
0.489	0.390709
0.49	0.390747
0.491	0.390726
0.492	0.390647
0.493	0.390508
0.494	0.390309
0.495	0.390049
0.496	0.389727
0.497	0.389343
0.498	0.388896
0.499	0.388385
