# Interpolation data for function: sqrt(abs(x-(1/3)))
0.5	0.408605
0.501	0.409803
0.502	0.410999
0.503	0.412192
0.504	0.413382
0.505	0.414569
0.506	0.415754
0.507	0.416936
0.508	0.418115
0.509	0.419292
0.51	0.420466
0.511	0.421637
0.512	0.422806
0.513	0.423972
0.514	0.425135
0.515	0.426296
0.516	0.427454
0.517	0.428609
0.518	0.429762
0.519	0.430912
0.52	0.43206
0.521	0.433205
0.522	0.434347
0.523	0.435487
0.524	0.436625
0.525	0.43776
0.526	0.438892
0.527	0.440022
0.528	0.441149
0.529	0.442274
0.53	0.443397
0.531	0.444517
0.532	0.445634
0.533	0.446749
0.534	0.447862
0.535	0.448972
0.536	0.45008
0.537	0.451185
0.538	0.452288
0.539	0.453388
0.54	0.454487
0.541	0.455582
0.542	0.456676
0.543	0.457767
0.544	0.458856
0.545	0.459942
0.546	0.461026
0.547	0.462108
0.548	0.463187
0.549	0.464265
0.55	0.46534
0.551	0.466412
0.552	0.467483
0.553	0.468551
0.554	0.469617
0.555	0.47068
0.556	0.471742
0.557	0.472801
0.558	0.473858
0.559	0.474913
0.56	0.475965
0.561	0.477016
0.562	0.478064
0.563	0.47911
0.564	0.480154
0.565	0.481196
0.566	0.482236
0.567	0.483273
0.568	0.484309
0.569	0.485342
0.57	0.486373
0.571	0.487402
0.572	0.488429
0.573	0.489454
0.574	0.490477
0.575	0.491498
0.576	0.492517
0.577	0.493534
0.578	0.494548
0.579	0.495561
0.58	0.496572
0.581	0.497581
0.582	0.498587
0.583	0.499592
0.584	0.500595
0.585	0.501596
0.586	0.502595
0.587	0.503591
0.588	0.504586
0.589	0.505579
0.59	0.506571
0.591	0.50756
0.592	0.508547
0.593	0.509532
0.594	0.510516
0.595	0.511498
0.596	0.512477
0.597	0.513455
0.598	0.514431
0.599	0.515405
0.6	0.516378
0.601	0.517348
0.602	0.518317
0.603	0.519284
0.604	0.520249
0.605	0.521212
0.606	0.522174
0.607	0.523133
0.608	0.524091
0.609	0.525047
0.61	0.526002
0.611	0.526954
0.612	0.527905
0.613	0.528854
0.614	0.529802
0.615	0.530747
0.616	0.531691
0.617	0.532633
0.618	0.533574
0.619	0.534513
0.62	0.53545
0.621	0.536386
0.622	0.537319
0.623	0.538252
0.624	0.539182
0.625	0.540111
0.626	0.541038
0.627	0.541964
0.628	0.542888
0.629	0.54381
0.63	0.544731
0.631	0.54565
0.632	0.546568
0.633	0.547484
0.634	0.548398
0.635	0.549311
0.636	0.550222
0.637	0.551132
0.638	0.55204
0.639	0.552947
0.64	0.553852
0.641	0.554756
0.642	0.555658
0.643	0.556558
0.644	0.557457
0.645	0.558355
0.646	0.559251
0.647	0.560145
0.648	0.561038
0.649	0.56193
0.65	0.56282
0.651	0.563709
0.652	0.564596
0.653	0.565481
0.654	0.566366
0.655	0.567249
0.656	0.56813
0.657	0.56901
0.658	0.569889
0.659	0.570766
0.66	0.571642
0.661	0.572516
0.662	0.573389
0.663	0.574261
0.664	0.575131
0.665	0.576
0.666	0.576868
0.667	0.577734
0.668	0.578599
0.669	0.579462
0.67	0.580324
0.671	0.581185
0.672	0.582045
0.673	0.582903
0.674	0.58376
0.675	0.584615
0.676	0.58547
0.677	0.586323
0.678	0.587174
0.679	0.588025
0.68	0.588874
0.681	0.589722
0.682	0.590568
0.683	0.591414
0.684	0.592258
0.685	0.593101
0.686	0.593942
0.687	0.594783
0.688	0.595622
0.689	0.59646
0.69	0.597297
0.691	0.598132
0.692	0.598966
0.693	0.5998
0.694	0.600632
0.695	0.601462
0.696	0.602292
0.697	0.60312
0.698	0.603947
0.699	0.604773
0.7	0.605598
0.701	0.606422
0.702	0.607245
0.703	0.608066
0.704	0.608886
0.705	0.609706
0.706	0.610524
0.707	0.61134
0.708	0.612156
0.709	0.612971
0.71	0.613785
0.711	0.614597
0.712	0.615408
0.713	0.616219
0.714	0.617028
0.715	0.617836
0.716	0.618643
0.717	0.619449
0.718	0.620254
0.719	0.621058
0.72	0.621861
0.721	0.622662
0.722	0.623463
0.723	0.624263
0.724	0.625061
0.725	0.625859
0.726	0.626655
0.727	0.627451
0.728	0.628246
0.729	0.629039
0.73	0.629832
0.731	0.630623
0.732	0.631414
0.733	0.632203
0.734	0.632992
0.735	0.633779
0.736	0.634566
0.737	0.635351
0.738	0.636136
0.739	0.636919
0.74	0.637702
0.741	0.638484
0.742	0.639265
0.743	0.640044
0.744	0.640823
0.745	0.641601
0.746	0.642378
0.747	0.643154
0.748	0.643929
0.749	0.644703
0.75	0.645477
0.751	0.646249
0.752	0.647021
0.753	0.647791
0.754	0.648561
0.755	0.649329
0.756	0.650097
0.757	0.650864
0.758	0.65163
0.759	0.652395
0.76	0.65316
0.761	0.653923
0.762	0.654686
0.763	0.655447
0.764	0.656208
0.765	0.656968
0.766	0.657727
0.767	0.658485
0.768	0.659243
0.769	0.659999
0.77	0.660755
0.771	0.66151
0.772	0.662264
0.773	0.663017
0.774	0.663769
0.775	0.664521
0.776	0.665272
0.777	0.666022
0.778	0.666771
0.779	0.667519
0.78	0.668266
0.781	0.669013
0.782	0.669759
0.783	0.670504
0.784	0.671248
0.785	0.671992
0.786	0.672734
0.787	0.673476
0.788	0.674217
0.789	0.674957
0.79	0.675697
0.791	0.676436
0.792	0.677174
0.793	0.677911
0.794	0.678647
0.795	0.679383
0.796	0.680118
0.797	0.680852
0.798	0.681586
0.799	0.682318
0.8	0.68305
0.801	0.683781
0.802	0.684512
0.803	0.685241
0.804	0.68597
0.805	0.686699
0.806	0.687426
0.807	0.688153
0.808	0.688879
0.809	0.689604
0.81	0.690329
0.811	0.691053
0.812	0.691776
0.813	0.692498
0.814	0.69322
0.815	0.693941
0.816	0.694661
0.817	0.695381
0.818	0.6961
0.819	0.696818
0.82	0.697535
0.821	0.698252
0.822	0.698968
0.823	0.699684
0.824	0.700398
0.825	0.701112
0.826	0.701826
0.827	0.702538
0.828	0.70325
0.829	0.703962
0.83	0.704672
0.831	0.705382
0.832	0.706091
0.833	0.7068
0.834	0.707508
0.835	0.708215
0.836	0.708922
0.837	0.709628
0.838	0.710333
0.839	0.711038
0.84	0.711741
0.841	0.712445
0.842	0.713147
0.843	0.713849
0.844	0.714551
0.845	0.715251
0.846	0.715951
0.847	0.716651
0.848	0.717349
0.849	0.718048
0.85	0.718745
0.851	0.719442
0.852	0.720138
0.853	0.720833
0.854	0.721528
0.855	0.722223
0.856	0.722916
0.857	0.723609
0.858	0.724301
0.859	0.724993
0.86	0.725684
0.861	0.726375
0.862	0.727064
0.863	0.727754
0.864	0.728442
0.865	0.72913
0.866	0.729817
0.867	0.730504
0.868	0.73119
0.869	0.731875
0.87	0.73256
0.871	0.733244
0.872	0.733928
0.873	0.734611
0.874	0.735293
0.875	0.735975
0.876	0.736656
0.877	0.737337
0.878	0.738017
0.879	0.738696
0.88	0.739374
0.881	0.740052
0.882	0.74073
0.883	0.741407
0.884	0.742083
0.885	0.742758
0.886	0.743433
0.887	0.744108
0.888	0.744781
0.889	0.745455
0.89	0.746127
0.891	0.746799
0.892	0.74747
0.893	0.748141
0.894	0.748811
0.895	0.749481
0.896	0.75015
0.897	0.750818
0.898	0.751485
0.899	0.752153
0.9	0.752819
0.901	0.753485
0.902	0.75415
0.903	0.754815
0.904	0.755479
0.905	0.756142
0.906	0.756805
0.907	0.757467
0.908	0.758129
0.909	0.75879
0.91	0.75945
0.911	0.76011
0.912	0.760769
0.913	0.761428
0.914	0.762086
0.915	0.762743
0.916	0.7634
0.917	0.764056
0.918	0.764711
0.919	0.765366
0.92	0.76602
0.921	0.766674
0.922	0.767327
0.923	0.76798
0.924	0.768631
0.925	0.769283
0.926	0.769933
0.927	0.770583
0.928	0.771233
0.929	0.771881
0.93	0.77253
0.931	0.773177
0.932	0.773824
0.933	0.77447
0.934	0.775116
0.935	0.775761
0.936	0.776405
0.937	0.777049
0.938	0.777692
0.939	0.778335
0.94	0.778977
0.941	0.779618
0.942	0.780259
0.943	0.780899
0.944	0.781538
0.945	0.782177
0.946	0.782815
0.947	0.783453
0.948	0.78409
0.949	0.784726
0.95	0.785361
0.951	0.785996
0.952	0.786631
0.953	0.787264
0.954	0.787897
0.955	0.78853
0.956	0.789162
0.957	0.789793
0.958	0.790423
0.959	0.791053
0.96	0.791682
0.961	0.792311
0.962	0.792939
0.963	0.793566
0.964	0.794192
0.965	0.794818
0.966	0.795443
0.967	0.796068
0.968	0.796692
0.969	0.797315
0.97	0.797937
0.971	0.798559
0.972	0.799181
0.973	0.799801
0.974	0.800421
0.975	0.80104
0.976	0.801659
0.977	0.802276
0.978	0.802894
0.979	0.80351
0.98	0.804126
0.981	0.804741
0.982	0.805355
0.983	0.805969
0.984	0.806582
0.985	0.807194
0.986	0.807806
0.987	0.808417
0.988	0.809027
0.989	0.809636
0.99	0.810245
0.991	0.810853
0.992	0.81146
0.993	0.812067
0.994	0.812673
0.995	0.813278
0.996	0.813882
0.997	0.814486
0.998	0.815089
0.999	0.815691
0	0.577916
0.001	0.577009
0.002	0.576102
0.003	0.575195
0.004	0.574288
0.005	0.57338
0.006	0.572473
0.007	0.571565
0.008	0.570657
0.009	0.569749
0.01	0.568841
0.011	0.567932
0.012	0.567023
0.013	0.566114
0.014	0.565204
0.015	0.564294
0.016	0.563384
0.017	0.562473
0.018	0.561562
0.019	0.56065
0.02	0.559738
0.021	0.558825
0.022	0.557912
0.023	0.556998
0.024	0.556084
0.025	0.555169
0.026	0.554254
0.027	0.553337
0.028	0.55242
0.029	0.551503
0.03	0.550585
0.031	0.549666
0.032	0.548746
0.033	0.547825
0.034	0.546904
0.035	0.545982
0.036	0.545059
0.037	0.544135
0.038	0.54321
0.039	0.542284
0.04	0.541358
0.041	0.54043
0.042	0.539501
0.043	0.538572
0.044	0.537641
0.045	0.536709
0.046	0.535776
0.047	0.534843
0.048	0.533907
0.049	0.532971
0.05	0.532034
0.051	0.531095
0.052	0.530155
0.053	0.529214
0.054	0.528272
0.055	0.527328
0.056	0.526384
0.057	0.525437
0.058	0.52449
0.059	0.523541
0.06	0.52259
0.061	0.521638
0.062	0.520685
0.063	0.51973
0.064	0.518774
0.065	0.517816
0.066	0.516857
0.067	0.515896
0.068	0.514933
0.069	0.513969
0.07	0.513003
0.071	0.512036
0.072	0.511067
0.073	0.510096
0.074	0.509124
0.075	0.508149
0.076	0.507173
0.077	0.506195
0.078	0.505216
0.079	0.504234
0.08	0.503251
0.081	0.502265
0.082	0.501278
0.083	0.500289
0.084	0.499298
0.085	0.498305
0.086	0.49731
0.087	0.496312
0.088	0.495313
0.089	0.494312
0.09	0.493309
0.091	0.492303
0.092	0.491295
0.093	0.490286
0.094	0.489273
0.095	0.488259
0.096	0.487243
0.097	0.486224
0.098	0.485203
0.099	0.48418
0.1	0.483154
0.101	0.482126
0.102	0.481096
0.103	0.480063
0.104	0.479028
0.105	0.47799
0.106	0.47695
0.107	0.475907
0.108	0.474862
0.109	0.473814
0.11	0.472764
0.111	0.471711
0.112	0.470656
0.113	0.469598
0.114	0.468537
0.115	0.467474
0.116	0.466407
0.117	0.465339
0.118	0.464267
0.119	0.463193
0.12	0.462116
0.121	0.461036
0.122	0.459953
0.123	0.458867
0.124	0.457779
0.125	0.456687
0.126	0.455593
0.127	0.454495
0.128	0.453395
0.129	0.452292
0.13	0.451185
0.131	0.450076
0.132	0.448963
0.133	0.447848
0.134	0.446729
0.135	0.445607
0.136	0.444482
0.137	0.443354
0.138	0.442223
0.139	0.441088
0.14	0.43995
0.141	0.438809
0.142	0.437665
0.143	0.436517
0.144	0.435366
0.145	0.434211
0.146	0.433053
0.147	0.431892
0.148	0.430727
0.149	0.429559
0.15	0.428387
0.151	0.427212
0.152	0.426033
0.153	0.424851
0.154	0.423665
0.155	0.422476
0.156	0.421283
0.157	0.420086
0.158	0.418885
0.159	0.417681
0.16	0.416473
0.161	0.415262
0.162	0.414046
0.163	0.412827
0.164	0.411604
0.165	0.410377
0.166	0.409147
0.167	0.407912
0.168	0.406674
0.169	0.405431
0.17	0.404185
0.171	0.402935
0.172	0.401681
0.173	0.400422
0.174	0.39916
0.175	0.397894
0.176	0.396623
0.177	0.395348
0.178	0.39407
0.179	0.392787
0.18	0.3915
0.181	0.390208
0.182	0.388913
0.183	0.387613
0.184	0.386309
0.185	0.385001
0.186	0.383688
0.187	0.382371
0.188	0.38105
0.189	0.379724
0.19	0.378394
0.191	0.377059
0.192	0.37572
0.193	0.374377
0.194	0.373029
0.195	0.371676
0.196	0.370319
0.197	0.368957
0.198	0.367591
0.199	0.36622
0.2	0.364845
0.201	0.363464
0.202	0.36208
0.203	0.36069
0.204	0.359296
0.205	0.357896
0.206	0.356493
0.207	0.355084
0.208	0.35367
0.209	0.352252
0.21	0.350829
0.211	0.349401
0.212	0.347968
0.213	0.34653
0.214	0.345087
0.215	0.343639
0.216	0.342186
0.217	0.340728
0.218	0.339265
0.219	0.337796
0.22	0.336323
0.221	0.334845
0.222	0.333361
0.223	0.331872
0.224	0.330379
0.225	0.328879
0.226	0.327375
0.227	0.325865
0.228	0.32435
0.229	0.32283
0.23	0.321305
0.231	0.319774
0.232	0.318237
0.233	0.316696
0.234	0.315149
0.235	0.313596
0.236	0.312038
0.237	0.310474
0.238	0.308905
0.239	0.30733
0.24	0.30575
0.241	0.304164
0.242	0.302573
0.243	0.300976
0.244	0.299373
0.245	0.297765
0.246	0.296151
0.247	0.294531
0.248	0.292905
0.249	0.291274
0.375	0.204804
0.376	0.207115
0.377	0.20941
0.378	0.211689
0.379	0.213951
0.38	0.216198
0.381	0.218429
0.382	0.220644
0.383	0.222844
0.384	0.225028
0.385	0.227197
0.386	0.22935
0.387	0.231489
0.388	0.233613
0.389	0.235722
0.39	0.237816
0.391	0.239896
0.392	0.241962
0.393	0.244013
0.394	0.24605
0.395	0.248073
0.396	0.250083
0.397	0.252078
0.398	0.25406
0.399	0.256029
0.4	0.257984
0.401	0.259926
0.402	0.261855
0.403	0.263771
0.404	0.265674
0.405	0.267565
0.406	0.269443
0.407	0.271309
0.408	0.273162
0.409	0.275003
0.41	0.276832
0.411	0.278649
0.412	0.280455
0.413	0.282249
0.414	0.284031
0.415	0.285802
0.416	0.287562
0.417	0.28931
0.418	0.291048
0.419	0.292775
0.42	0.294491
0.421	0.296197
0.422	0.297892
0.423	0.299577
0.424	0.301251
0.425	0.302916
0.426	0.30457
0.427	0.306215
0.428	0.30785
0.429	0.309476
0.43	0.311092
0.431	0.312699
0.432	0.314297
0.433	0.315885
0.434	0.317465
0.435	0.319036
0.436	0.320599
0.437	0.322153
0.438	0.323698
0.439	0.325236
0.44	0.326765
0.441	0.328286
0.442	0.3298
0.443	0.331306
0.444	0.332804
0.445	0.334295
0.446	0.335778
0.447	0.337254
0.448	0.338724
0.449	0.340186
0.45	0.341641
0.451	0.34309
0.452	0.344533
0.453	0.345969
0.454	0.347398
0.455	0.348822
0.456	0.350239
0.457	0.351651
0.458	0.353057
0.459	0.354457
0.46	0.355852
0.461	0.357241
0.462	0.358626
0.463	0.360005
0.464	0.361379
0.465	0.362748
0.466	0.364113
0.467	0.365473
0.468	0.366829
0.469	0.36818
0.47	0.369527
0.471	0.37087
0.472	0.372209
0.473	0.373545
0.474	0.374877
0.475	0.376205
0.476	0.37753
0.477	0.378851
0.478	0.38017
0.479	0.381485
0.48	0.382798
0.481	0.384108
0.482	0.385415
0.483	0.38672
0.484	0.388022
0.485	0.389322
0.486	0.39062
0.487	0.391916
0.488	0.393211
0.489	0.394503
0.49	0.395795
0.491	0.397084
0.492	0.398373
0.493	0.39966
0.494	0.400946
0.495	0.402231
0.496	0.403516
0.497	0.404799
0.498	0.406083
0.499	0.407366
0.25	0.288958
0.251	0.287144
0.252	0.285329
0.253	0.283512
0.254	0.281692
0.255	0.279869
0.256	0.278042
0.257	0.27621
0.258	0.274373
0.259	0.272529
0.26	0.270679
0.261	0.268821
0.262	0.266954
0.263	0.265078
0.264	0.263192
0.265	0.261295
0.266	0.259387
0.267	0.257467
0.268	0.255533
0.269	0.253587
0.27	0.251625
0.271	0.249649
0.272	0.247657
0.273	0.245648
0.274	0.243621
0.275	0.241577
0.276	0.239514
0.277	0.237431
0.278	0.235328
0.279	0.233204
0.28	0.231058
0.281	0.228889
0.282	0.226698
0.283	0.224482
0.284	0.222241
0.285	0.219975
0.286	0.217683
0.287	0.215364
0.288	0.213017
0.289	0.210641
0.29	0.208237
0.291	0.205802
0.292	0.203337
0.293	0.20084
0.294	0.198312
0.295	0.19575
0.296	0.193155
0.297	0.190525
0.298	0.18786
0.299	0.18516
0.3	0.182422
0.301	0.179648
0.302	0.176835
0.303	0.173984
0.304	0.171093
0.305	0.168162
0.306	0.165189
0.307	0.162175
0.308	0.159119
0.309	0.156019
0.31	0.152875
0.311	0.149687
0.312	0.146453
0.34375	0.103466
0.34475	0.107663
0.34575	0.111794
0.34675	0.115858
0.34775	0.119856
0.34875	0.123788
0.34975	0.127653
0.35075	0.131452
0.35175	0.135185
0.35275	0.138851
0.35375	0.142451
0.35475	0.145984
0.35575	0.149451
0.35675	0.152852
0.35775	0.156186
0.35875	0.159454
0.35975	0.162656
0.36075	0.165791
0.36175	0.16886
0.36275	0.171863
0.36375	0.174799
0.36475	0.177669
0.36575	0.180473
0.36675	0.18321
0.36775	0.185881
0.36875	0.188485
0.36975	0.191024
0.37075	0.193495
0.37175	0.195901
0.37275	0.19824
0.37375	0.200513
0.37475	0.202719
0.3125	0.143727
0.3135	0.140583
0.3145	0.137251
0.3155	0.133732
0.3165	0.130026
0.3175	0.126131
0.3185	0.122049
0.3195	0.117779
0.3205	0.113322
0.3215	0.108677
0.3225	0.103844
0.3235	0.0988231
0.3245	0.0936148
0.3255	0.0882189
0.3265	0.0826353
0.3275	0.076864
0.335938	0.0544331
0.336938	0.0608199
0.337938	0.0672067
0.338938	0.0735936
0.339938	0.0799804
0.340938	0.0863672
0.341938	0.092754
0.342938	0.0991408
0.328125	0.0737725
0.329125	0.0647402
0.330125	0.0557079
0.331125	0.0466756
0.332031	0.0317929
0.333031	0.0216491
0.334031	0.023457
0.335031	0.0372166
