# Interpolation data for function: sqrt(abs(x-(1/3)))
0	0.693224
0.001	0.690009
0.002	0.686808
0.003	0.683621
0.004	0.680448
0.005	0.677289
0.006	0.674144
0.007	0.671012
0.008	0.667895
0.009	0.664791
0.01	0.661701
0.011	0.658625
0.012	0.655562
0.013	0.652513
0.014	0.649478
0.015	0.646457
0.016	0.643449
0.017	0.640455
0.018	0.637474
0.019	0.634508
0.02	0.631554
0.021	0.628614
0.022	0.625688
0.023	0.622775
0.024	0.619876
0.025	0.61699
0.026	0.614118
0.027	0.611259
0.028	0.608413
0.029	0.605581
0.03	0.602762
0.031	0.599957
0.032	0.597164
0.033	0.594386
0.034	0.59162
0.035	0.588867
0.036	0.586128
0.037	0.583402
0.038	0.580689
0.039	0.57799
0.04	0.575303
0.041	0.572629
0.042	0.569969
0.043	0.567322
0.044	0.564687
0.045	0.562066
0.046	0.559458
0.047	0.556862
0.048	0.55428
0.049	0.551711
0.05	0.549154
0.051	0.54661
0.052	0.54408
0.053	0.541562
0.054	0.539056
0.055	0.536564
0.056	0.534084
0.057	0.531618
0.058	0.529164
0.059	0.526722
0.06	0.524293
0.061	0.521877
0.062	0.519474
0.063	0.517083
0.064	0.514705
0.065	0.512339
0.066	0.509986
0.067	0.507646
0.068	0.505318
0.069	0.503002
0.07	0.500699
0.071	0.498408
0.072	0.49613
0.073	0.493864
0.074	0.491611
0.075	0.48937
0.076	0.487141
0.077	0.484924
0.078	0.48272
0.079	0.480528
0.08	0.478348
0.081	0.476181
0.082	0.474026
0.083	0.471883
0.084	0.469752
0.085	0.467633
0.086	0.465526
0.087	0.463431
0.088	0.461349
0.089	0.459278
0.09	0.45722
0.091	0.455173
0.092	0.453139
0.093	0.451116
0.094	0.449106
0.095	0.447107
0.096	0.44512
0.097	0.443145
0.098	0.441182
0.099	0.439231
0.1	0.437291
0.101	0.435363
0.102	0.433447
0.103	0.431543
0.104	0.42965
0.105	0.42777
0.106	0.4259
0.107	0.424043
0.108	0.422197
0.109	0.420362
0.11	0.41854
0.111	0.416728
0.112	0.414929
0.113	0.413141
0.114	0.411364
0.115	0.409599
0.116	0.407845
0.117	0.406103
0.118	0.404372
0.119	0.402652
0.12	0.400944
0.121	0.399247
0.122	0.397561
0.123	0.395887
0.124	0.394224
0.125	0.392572
0.126	0.390932
0.127	0.389302
0.128	0.387684
0.129	0.386077
0.13	0.384481
0.131	0.382896
0.132	0.381323
0.133	0.37976
0.134	0.378209
0.135	0.376668
0.136	0.375138
0.137	0.37362
0.138	0.372112
0.139	0.370616
0.14	0.36913
0.141	0.367655
0.142	0.366191
0.143	0.364738
0.144	0.363295
0.145	0.361864
0.146	0.360443
0.147	0.359033
0.148	0.357634
0.149	0.356245
0.15	0.354867
0.151	0.3535
0.152	0.352144
0.153	0.350798
0.154	0.349462
0.155	0.348137
0.156	0.346823
0.157	0.34552
0.158	0.344226
0.159	0.342944
0.16	0.341672
0.161	0.34041
0.162	0.339159
0.163	0.337918
0.164	0.336687
0.165	0.335467
0.166	0.334257
0.167	0.333058
0.168	0.331868
0.169	0.330689
0.17	0.329521
0.171	0.328362
0.172	0.327214
0.173	0.326076
0.174	0.324948
0.175	0.32383
0.176	0.322722
0.177	0.321625
0.178	0.320537
0.179	0.31946
0.18	0.318392
0.181	0.317335
0.182	0.316287
0.183	0.31525
0.184	0.314222
0.185	0.313205
0.186	0.312197
0.187	0.311199
0.188	0.310211
0.189	0.309233
0.19	0.308264
0.191	0.307306
0.192	0.306357
0.193	0.305418
0.194	0.304488
0.195	0.303569
0.196	0.302659
0.197	0.301758
0.198	0.300868
0.199	0.299986
0.2	0.299115
0.201	0.298253
0.202	0.2974
0.203	0.296557
0.204	0.295724
0.205	0.2949
0.206	0.294085
0.207	0.29328
0.208	0.292485
0.209	0.291698
0.21	0.290921
0.211	0.290154
0.212	0.289395
0.213	0.288646
0.214	0.287907
0.215	0.287176
0.216	0.286455
0.217	0.285743
0.218	0.28504
0.219	0.284346
0.22	0.283662
0.221	0.282986
0.222	0.28232
0.223	0.281663
0.224	0.281014
0.225	0.280375
0.226	0.279745
0.227	0.279124
0.228	0.278512
0.229	0.277908
0.23	0.277314
0.231	0.276729
0.232	0.276152
0.233	0.275584
0.234	0.275025
0.235	0.274475
0.236	0.273934
0.237	0.273401
0.238	0.272877
0.239	0.272362
0.24	0.271856
0.241	0.271358
0.242	0.270869
0.243	0.270389
0.244	0.269917
0.245	0.269454
0.246	0.268999
0.247	0.268553
0.248	0.268115
0.249	0.267686
0.25	0.267265
0.251	0.266853
0.252	0.26645
0.253	0.266054
0.254	0.265667
0.255	0.265289
0.256	0.264918
0.257	0.264556
0.258	0.264203
0.259	0.263858
0.26	0.26352
0.261	0.263192
0.262	0.262871
0.263	0.262558
0.264	0.262254
0.265	0.261958
0.266	0.26167
0.267	0.26139
0.268	0.261118
0.269	0.260854
0.27	0.260599
0.271	0.260351
0.272	0.260111
0.273	0.259879
0.274	0.259655
0.275	0.25944
0.276	0.259231
0.277	0.259031
0.278	0.258839
0.279	0.258655
0.28	0.258478
0.281	0.258309
0.282	0.258148
0.283	0.257995
0.284	0.257849
0.285	0.257711
0.286	0.257581
0.287	0.257458
0.288	0.257343
0.289	0.257236
0.29	0.257136
0.291	0.257044
0.292	0.256959
0.293	0.256882
0.294	0.256813
0.295	0.256751
0.296	0.256696
0.297	0.256649
0.298	0.256609
0.299	0.256576
0.3	0.256551
0.301	0.256534
0.302	0.256523
0.303	0.25652
0.304	0.256524
0.305	0.256536
0.306	0.256554
0.307	0.25658
0.308	0.256613
0.309	0.256654
0.31	0.256701
0.311	0.256756
0.312	0.256817
0.313	0.256886
0.314	0.256962
0.315	0.257045
0.316	0.257134
0.317	0.257231
0.318	0.257335
0.319	0.257446
0.32	0.257563
0.321	0.257688
0.322	0.257819
0.323	0.257958
0.324	0.258103
0.325	0.258255
0.326	0.258414
0.327	0.258579
0.328	0.258751
0.329	0.25893
0.33	0.259116
0.331	0.259308
0.332	0.259508
0.333	0.259713
0.334	0.259926
0.335	0.260144
0.336	0.26037
0.337	0.260602
0.338	0.26084
0.339	0.261086
0.34	0.261337
0.341	0.261595
0.342	0.261859
0.343	0.26213
0.344	0.262408
0.345	0.262691
0.346	0.262981
0.347	0.263277
0.348	0.26358
0.349	0.263889
0.35	0.264204
0.351	0.264526
0.352	0.264853
0.353	0.265187
0.354	0.265527
0.355	0.265873
0.356	0.266225
0.357	0.266584
0.358	0.266948
0.359	0.267319
0.36	0.267695
0.361	0.268078
0.362	0.268466
0.363	0.268861
0.364	0.269261
0.365	0.269668
0.366	0.27008
0.367	0.270498
0.368	0.270922
0.369	0.271352
0.37	0.271788
0.371	0.27223
0.372	0.272677
0.373	0.27313
0.374	0.273589
0.375	0.274053
0.376	0.274523
0.377	0.274999
0.378	0.275481
0.379	0.275968
0.38	0.27646
0.381	0.276959
0.382	0.277463
0.383	0.277972
0.384	0.278487
0.385	0.279007
0.386	0.279533
0.387	0.280064
0.388	0.280601
0.389	0.281143
0.39	0.28169
0.391	0.282243
0.392	0.282801
0.393	0.283365
0.394	0.283934
0.395	0.284508
0.396	0.285087
0.397	0.285671
0.398	0.286261
0.399	0.286856
0.4	0.287456
0.401	0.288061
0.402	0.288671
0.403	0.289287
0.404	0.289907
0.405	0.290532
0.406	0.291163
0.407	0.291798
0.408	0.292439
0.409	0.293084
0.41	0.293735
0.411	0.29439
0.412	0.29505
0.413	0.295715
0.414	0.296385
0.415	0.297059
0.416	0.297739
0.417	0.298423
0.418	0.299112
0.419	0.299806
0.42	0.300504
0.421	0.301207
0.422	0.301915
0.423	0.302628
0.424	0.303345
0.425	0.304066
0.426	0.304793
0.427	0.305523
0.428	0.306259
0.429	0.306999
0.43	0.307743
0.431	0.308492
0.432	0.309245
0.433	0.310003
0.434	0.310765
0.435	0.311531
0.436	0.312302
0.437	0.313077
0.438	0.313857
0.439	0.31464
0.44	0.315428
0.441	0.316221
0.442	0.317017
0.443	0.317818
0.444	0.318623
0.445	0.319432
0.446	0.320245
0.447	0.321062
0.448	0.321884
0.449	0.322709
0.45	0.323539
0.451	0.324372
0.452	0.32521
0.453	0.326051
0.454	0.326897
0.455	0.327746
0.456	0.328599
0.457	0.329456
0.458	0.330318
0.459	0.331182
0.46	0.332051
0.461	0.332924
0.462	0.3338
0.463	0.33468
0.464	0.335564
0.465	0.336452
0.466	0.337343
0.467	0.338238
0.468	0.339136
0.469	0.340038
0.47	0.340944
0.471	0.341854
0.472	0.342767
0.473	0.343683
0.474	0.344603
0.475	0.345526
0.476	0.346453
0.477	0.347384
0.478	0.348318
0.479	0.349255
0.48	0.350195
0.481	0.351139
0.482	0.352087
0.483	0.353037
0.484	0.353991
0.485	0.354949
0.486	0.355909
0.487	0.356873
0.488	0.35784
0.489	0.35881
0.49	0.359783
0.491	0.360759
0.492	0.361739
0.493	0.362721
0.494	0.363707
0.495	0.364696
0.496	0.365687
0.497	0.366682
0.498	0.36768
0.499	0.36868
0.5	0.369684
0.501	0.370691
0.502	0.3717
0.503	0.372712
0.504	0.373728
0.505	0.374746
0.506	0.375766
0.507	0.37679
0.508	0.377816
0.509	0.378845
0.51	0.379877
0.511	0.380912
0.512	0.381949
0.513	0.382989
0.514	0.384031
0.515	0.385076
0.516	0.386124
0.517	0.387174
0.518	0.388227
0.519	0.389282
0.52	0.39034
0.521	0.3914
0.522	0.392463
0.523	0.393528
0.524	0.394595
0.525	0.395665
0.526	0.396738
0.527	0.397812
0.528	0.398889
0.529	0.399968
0.53	0.40105
0.531	0.402134
0.532	0.40322
0.533	0.404308
0.534	0.405398
0.535	0.406491
0.536	0.407586
0.537	0.408683
0.538	0.409781
0.539	0.410882
0.54	0.411986
0.541	0.413091
0.542	0.414198
0.543	0.415307
0.544	0.416418
0.545	0.417531
0.546	0.418646
0.547	0.419763
0.548	0.420881
0.549	0.422002
0.55	0.423124
0.551	0.424249
0.552	0.425375
0.553	0.426502
0.554	0.427632
0.555	0.428763
0.556	0.429896
0.557	0.431031
0.558	0.432167
0.559	0.433305
0.56	0.434444
0.561	0.435585
0.562	0.436728
0.563	0.437872
0.564	0.439018
0.565	0.440165
0.566	0.441314
0.567	0.442464
0.568	0.443616
0.569	0.444769
0.57	0.445923
0.571	0.447079
0.572	0.448236
0.573	0.449394
0.574	0.450554
0.575	0.451715
0.576	0.452877
0.577	0.454041
0.578	0.455205
0.579	0.456371
0.58	0.457538
0.581	0.458707
0.582	0.459876
0.583	0.461046
0.584	0.462218
0.585	0.463391
0.586	0.464564
0.587	0.465739
0.588	0.466914
0.589	0.468091
0.59	0.469269
0.591	0.470447
0.592	0.471626
0.593	0.472807
0.594	0.473988
0.595	0.47517
0.596	0.476353
0.597	0.477536
0.598	0.47872
0.599	0.479905
0.6	0.481091
0.601	0.482278
0.602	0.483465
0.603	0.484653
0.604	0.485841
0.605	0.48703
0.606	0.48822
0.607	0.48941
0.608	0.490601
0.609	0.491792
0.61	0.492984
0.611	0.494177
0.612	0.495369
0.613	0.496563
0.614	0.497756
0.615	0.49895
0.616	0.500145
0.617	0.501339
0.618	0.502534
0.619	0.50373
0.62	0.504925
0.621	0.506121
0.622	0.507318
0.623	0.508514
0.624	0.50971
0.625	0.510907
0.626	0.512104
0.627	0.513301
0.628	0.514498
0.629	0.515695
0.63	0.516893
0.631	0.51809
0.632	0.519287
0.633	0.520485
0.634	0.521682
0.635	0.522879
0.636	0.524076
0.637	0.525273
0.638	0.52647
0.639	0.527667
0.64	0.528864
0.641	0.53006
0.642	0.531257
0.643	0.532453
0.644	0.533648
0.645	0.534844
0.646	0.536039
0.647	0.537234
0.648	0.538429
0.649	0.539623
0.65	0.540817
0.651	0.54201
0.652	0.543203
0.653	0.544396
0.654	0.545588
0.655	0.54678
0.656	0.547971
0.657	0.549161
0.658	0.550351
0.659	0.551541
0.66	0.552729
0.661	0.553918
0.662	0.555105
0.663	0.556292
0.664	0.557478
0.665	0.558664
0.666	0.559848
0.667	0.561032
0.668	0.562215
0.669	0.563398
0.67	0.564579
0.671	0.56576
0.672	0.56694
0.673	0.568119
0.674	0.569297
0.675	0.570474
0.676	0.57165
0.677	0.572825
0.678	0.574
0.679	0.575173
0.68	0.576345
0.681	0.577516
0.682	0.578686
0.683	0.579855
0.684	0.581022
0.685	0.582189
0.686	0.583354
0.687	0.584518
0.688	0.585681
0.689	0.586843
0.69	0.588003
0.691	0.589162
0.692	0.59032
0.693	0.591477
0.694	0.592632
0.695	0.593786
0.696	0.594938
0.697	0.596089
0.698	0.597238
0.699	0.598386
0.7	0.599533
0.701	0.600678
0.702	0.601821
0.703	0.602963
0.704	0.604104
0.705	0.605242
0.706	0.60638
0.707	0.607515
0.708	0.608649
0.709	0.609781
0.71	0.610911
0.711	0.61204
0.712	0.613167
0.713	0.614292
0.714	0.615416
0.715	0.616537
0.716	0.617657
0.717	0.618775
0.718	0.619891
0.719	0.621005
0.72	0.622117
0.721	0.623227
0.722	0.624335
0.723	0.625441
0.724	0.626545
0.725	0.627647
0.726	0.628747
0.727	0.629845
0.728	0.630941
0.729	0.632035
0.73	0.633126
0.731	0.634216
0.732	0.635303
0.733	0.636388
0.734	0.637471
0.735	0.638551
0.736	0.639629
0.737	0.640705
0.738	0.641779
0.739	0.64285
0.74	0.643919
0.741	0.644985
0.742	0.646049
0.743	0.647111
0.744	0.64817
0.745	0.649226
0.746	0.650281
0.747	0.651332
0.748	0.652381
0.749	0.653428
0.75	0.654471
0.751	0.655513
0.752	0.656551
0.753	0.657587
0.754	0.65862
0.755	0.659651
0.756	0.660679
0.757	0.661704
0.758	0.662726
0.759	0.663746
0.76	0.664762
0.761	0.665776
0.762	0.666787
0.763	0.667795
0.764	0.6688
0.765	0.669803
0.766	0.670802
0.767	0.671798
0.768	0.672792
0.769	0.673782
0.77	0.674769
0.771	0.675753
0.772	0.676734
0.773	0.677713
0.774	0.678687
0.775	0.679659
0.776	0.680628
0.777	0.681593
0.778	0.682555
0.779	0.683514
0.78	0.68447
0.781	0.685422
0.782	0.686371
0.783	0.687317
0.784	0.688259
0.785	0.689199
0.786	0.690134
0.787	0.691066
0.788	0.691995
0.789	0.692921
0.79	0.693842
0.791	0.694761
0.792	0.695676
0.793	0.696587
0.794	0.697494
0.795	0.698399
0.796	0.699299
0.797	0.700196
0.798	0.701089
0.799	0.701979
0.8	0.702864
0.801	0.703747
0.802	0.704625
0.803	0.705499
0.804	0.70637
0.805	0.707237
0.806	0.7081
0.807	0.70896
0.808	0.709815
0.809	0.710666
0.81	0.711514
0.811	0.712358
0.812	0.713197
0.813	0.714033
0.814	0.714865
0.815	0.715692
0.816	0.716516
0.817	0.717335
0.818	0.71815
0.819	0.718962
0.82	0.719769
0.821	0.720572
0.822	0.72137
0.823	0.722165
0.824	0.722955
0.825	0.723741
0.826	0.724523
0.827	0.7253
0.828	0.726074
0.829	0.726842
0.83	0.727607
0.831	0.728367
0.832	0.729122
0.833	0.729874
0.834	0.73062
0.835	0.731363
0.836	0.7321
0.837	0.732834
0.838	0.733562
0.839	0.734286
0.84	0.735006
0.841	0.735721
0.842	0.736431
0.843	0.737137
0.844	0.737838
0.845	0.738534
0.846	0.739225
0.847	0.739912
0.848	0.740594
0.849	0.741271
0.85	0.741944
0.851	0.742611
0.852	0.743274
0.853	0.743932
0.854	0.744585
0.855	0.745233
0.856	0.745876
0.857	0.746514
0.858	0.747147
0.859	0.747775
0.86	0.748398
0.861	0.749016
0.862	0.749629
0.863	0.750237
0.864	0.75084
0.865	0.751438
0.866	0.75203
0.867	0.752617
0.868	0.753199
0.869	0.753776
0.87	0.754348
0.871	0.754914
0.872	0.755475
0.873	0.75603
0.874	0.756581
0.875	0.757126
0.876	0.757665
0.877	0.758199
0.878	0.758728
0.879	0.759251
0.88	0.759769
0.881	0.760282
0.882	0.760788
0.883	0.76129
0.884	0.761785
0.885	0.762275
0.886	0.76276
0.887	0.763239
0.888	0.763712
0.889	0.764179
0.89	0.764641
0.891	0.765097
0.892	0.765548
0.893	0.765992
0.894	0.766431
0.895	0.766864
0.896	0.767291
0.897	0.767713
0.898	0.768128
0.899	0.768538
0.9	0.768941
0.901	0.769339
0.902	0.769731
0.903	0.770117
0.904	0.770496
0.905	0.77087
0.906	0.771238
0.907	0.771599
0.908	0.771955
0.909	0.772304
0.91	0.772647
0.911	0.772985
0.912	0.773315
0.913	0.77364
0.914	0.773959
0.915	0.774271
0.916	0.774577
0.917	0.774876
0.918	0.77517
0.919	0.775457
0.92	0.775737
0.921	0.776012
0.922	0.77628
0.923	0.776541
0.924	0.776796
0.925	0.777044
0.926	0.777286
0.927	0.777522
0.928	0.777751
0.929	0.777973
0.93	0.778189
0.931	0.778398
0.932	0.778601
0.933	0.778797
0.934	0.778986
0.935	0.779169
0.936	0.779345
0.937	0.779514
0.938	0.779676
0.939	0.779832
0.94	0.77998
0.941	0.780122
0.942	0.780257
0.943	0.780386
0.944	0.780507
0.945	0.780621
0.946	0.780729
0.947	0.780829
0.948	0.780923
0.949	0.78101
0.95	0.781089
0.951	0.781162
0.952	0.781227
0.953	0.781285
0.954	0.781336
0.955	0.781381
0.956	0.781417
0.957	0.781447
0.958	0.78147
0.959	0.781485
0.96	0.781493
0.961	0.781494
0.962	0.781487
0.963	0.781474
0.964	0.781452
0.965	0.781424
0.966	0.781388
0.967	0.781345
0.968	0.781294
0.969	0.781236
0.97	0.78117
0.971	0.781097
0.972	0.781016
0.973	0.780928
0.974	0.780833
0.975	0.780729
0.976	0.780618
0.977	0.7805
0.978	0.780374
0.979	0.78024
0.98	0.780098
0.981	0.779949
0.982	0.779792
0.983	0.779627
0.984	0.779455
0.985	0.779275
0.986	0.779086
0.987	0.778891
0.988	0.778687
0.989	0.778475
0.99	0.778255
0.991	0.778028
0.992	0.777792
0.993	0.777549
0.994	0.777297
0.995	0.777038
0.996	0.77677
0.997	0.776495
0.998	0.776211
0.999	0.775919
