# Interpolation data for function: sqrt(abs(x-(1/3)))
0.5	0.413864
0.501	0.414921
0.502	0.415977
0.503	0.417032
0.504	0.418086
0.505	0.419139
0.506	0.420191
0.507	0.421242
0.508	0.422292
0.509	0.42334
0.51	0.424388
0.511	0.425435
0.512	0.42648
0.513	0.427525
0.514	0.428569
0.515	0.429611
0.516	0.430653
0.517	0.431693
0.518	0.432732
0.519	0.433771
0.52	0.434808
0.521	0.435844
0.522	0.43688
0.523	0.437914
0.524	0.438947
0.525	0.439979
0.526	0.44101
0.527	0.442041
0.528	0.44307
0.529	0.444098
0.53	0.445125
0.531	0.44615
0.532	0.447175
0.533	0.448199
0.534	0.449222
0.535	0.450244
0.536	0.451265
0.537	0.452284
0.538	0.453303
0.539	0.454321
0.54	0.455337
0.541	0.456353
0.542	0.457367
0.543	0.458381
0.544	0.459393
0.545	0.460405
0.546	0.461415
0.547	0.462424
0.548	0.463433
0.549	0.46444
0.55	0.465446
0.551	0.466451
0.552	0.467456
0.553	0.468459
0.554	0.469461
0.555	0.470462
0.556	0.471462
0.557	0.472461
0.558	0.473459
0.559	0.474456
0.56	0.475452
0.561	0.476446
0.562	0.47744
0.563	0.478433
0.564	0.479425
0.565	0.480415
0.566	0.481405
0.567	0.482394
0.568	0.483381
0.569	0.484368
0.57	0.485353
0.571	0.486338
0.572	0.487321
0.573	0.488303
0.574	0.489285
0.575	0.490265
0.576	0.491244
0.577	0.492223
0.578	0.4932
0.579	0.494176
0.58	0.495151
0.581	0.496125
0.582	0.497098
0.583	0.49807
0.584	0.499041
0.585	0.500011
0.586	0.50098
0.587	0.501948
0.588	0.502915
0.589	0.503881
0.59	0.504845
0.591	0.505809
0.592	0.506772
0.593	0.507734
0.594	0.508694
0.595	0.509654
0.596	0.510612
0.597	0.51157
0.598	0.512526
0.599	0.513482
0.6	0.514436
0.601	0.515389
0.602	0.516342
0.603	0.517293
0.604	0.518243
0.605	0.519192
0.606	0.520141
0.607	0.521088
0.608	0.522034
0.609	0.522979
0.61	0.523923
0.611	0.524866
0.612	0.525808
0.613	0.526749
0.614	0.527689
0.615	0.528628
0.616	0.529565
0.617	0.530502
0.618	0.531438
0.619	0.532373
0.62	0.533306
0.621	0.534239
0.622	0.53517
0.623	0.536101
0.624	0.53703
0.625	0.537959
0.626	0.538886
0.627	0.539813
0.628	0.540738
0.629	0.541662
0.63	0.542586
0.631	0.543508
0.632	0.544429
0.633	0.545349
0.634	0.546269
0.635	0.547187
0.636	0.548104
0.637	0.54902
0.638	0.549935
0.639	0.550849
0.64	0.551762
0.641	0.552673
0.642	0.553584
0.643	0.554494
0.644	0.555403
0.645	0.556311
0.646	0.557217
0.647	0.558123
0.648	0.559028
0.649	0.559931
0.65	0.560834
0.651	0.561735
0.652	0.562636
0.653	0.563535
0.654	0.564434
0.655	0.565331
0.656	0.566227
0.657	0.567123
0.658	0.568017
0.659	0.56891
0.66	0.569802
0.661	0.570693
0.662	0.571584
0.663	0.572473
0.664	0.573361
0.665	0.574248
0.666	0.575134
0.667	0.576019
0.668	0.576902
0.669	0.577785
0.67	0.578667
0.671	0.579548
0.672	0.580428
0.673	0.581306
0.674	0.582184
0.675	0.583061
0.676	0.583936
0.677	0.584811
0.678	0.585684
0.679	0.586557
0.68	0.587428
0.681	0.588299
0.682	0.589168
0.683	0.590036
0.684	0.590904
0.685	0.59177
0.686	0.592635
0.687	0.593499
0.688	0.594363
0.689	0.595225
0.69	0.596086
0.691	0.596946
0.692	0.597805
0.693	0.598663
0.694	0.59952
0.695	0.600376
0.696	0.60123
0.697	0.602084
0.698	0.602937
0.699	0.603789
0.7	0.604639
0.701	0.605489
0.702	0.606338
0.703	0.607185
0.704	0.608032
0.705	0.608877
0.706	0.609722
0.707	0.610565
0.708	0.611408
0.709	0.612249
0.71	0.61309
0.711	0.613929
0.712	0.614767
0.713	0.615604
0.714	0.616441
0.715	0.617276
0.716	0.61811
0.717	0.618943
0.718	0.619775
0.719	0.620606
0.72	0.621436
0.721	0.622265
0.722	0.623093
0.723	0.62392
0.724	0.624746
0.725	0.62557
0.726	0.626394
0.727	0.627217
0.728	0.628038
0.729	0.628859
0.73	0.629679
0.731	0.630497
0.732	0.631315
0.733	0.632131
0.734	0.632947
0.735	0.633761
0.736	0.634575
0.737	0.635387
0.738	0.636198
0.739	0.637009
0.74	0.637818
0.741	0.638626
0.742	0.639433
0.743	0.640239
0.744	0.641044
0.745	0.641848
0.746	0.642651
0.747	0.643453
0.748	0.644254
0.749	0.645054
0.75	0.645853
0.751	0.646651
0.752	0.647448
0.753	0.648244
0.754	0.649038
0.755	0.649832
0.756	0.650625
0.757	0.651416
0.758	0.652207
0.759	0.652996
0.76	0.653785
0.761	0.654572
0.762	0.655359
0.763	0.656144
0.764	0.656928
0.765	0.657712
0.766	0.658494
0.767	0.659275
0.768	0.660055
0.769	0.660835
0.77	0.661613
0.771	0.66239
0.772	0.663166
0.773	0.663941
0.774	0.664715
0.775	0.665488
0.776	0.66626
0.777	0.667031
0.778	0.667801
0.779	0.668569
0.78	0.669337
0.781	0.670104
0.782	0.67087
0.783	0.671634
0.784	0.672398
0.785	0.67316
0.786	0.673922
0.787	0.674682
0.788	0.675442
0.789	0.6762
0.79	0.676958
0.791	0.677714
0.792	0.678469
0.793	0.679224
0.794	0.679977
0.795	0.680729
0.796	0.68148
0.797	0.682231
0.798	0.68298
0.799	0.683728
0.8	0.684475
0.801	0.685221
0.802	0.685966
0.803	0.68671
0.804	0.687452
0.805	0.688194
0.806	0.688935
0.807	0.689675
0.808	0.690414
0.809	0.691151
0.81	0.691888
0.811	0.692624
0.812	0.693358
0.813	0.694092
0.814	0.694824
0.815	0.695556
0.816	0.696286
0.817	0.697016
0.818	0.697744
0.819	0.698471
0.82	0.699198
0.821	0.699923
0.822	0.700647
0.823	0.70137
0.824	0.702092
0.825	0.702813
0.826	0.703534
0.827	0.704253
0.828	0.704971
0.829	0.705688
0.83	0.706403
0.831	0.707118
0.832	0.707832
0.833	0.708545
0.834	0.709257
0.835	0.709968
0.836	0.710677
0.837	0.711386
0.838	0.712094
0.839	0.7128
0.84	0.713506
0.841	0.71421
0.842	0.714914
0.843	0.715616
0.844	0.716318
0.845	0.717018
0.846	0.717717
0.847	0.718416
0.848	0.719113
0.849	0.719809
0.85	0.720504
0.851	0.721198
0.852	0.721891
0.853	0.722584
0.854	0.723275
0.855	0.723965
0.856	0.724654
0.857	0.725342
0.858	0.726028
0.859	0.726714
0.86	0.727399
0.861	0.728083
0.862	0.728766
0.863	0.729447
0.864	0.730128
0.865	0.730808
0.866	0.731486
0.867	0.732164
0.868	0.73284
0.869	0.733516
0.87	0.73419
0.871	0.734864
0.872	0.735536
0.873	0.736207
0.874	0.736878
0.875	0.737547
0.876	0.738215
0.877	0.738882
0.878	0.739549
0.879	0.740214
0.88	0.740878
0.881	0.741541
0.882	0.742203
0.883	0.742864
0.884	0.743524
0.885	0.744183
0.886	0.74484
0.887	0.745497
0.888	0.746153
0.889	0.746808
0.89	0.747462
0.891	0.748114
0.892	0.748766
0.893	0.749417
0.894	0.750066
0.895	0.750715
0.896	0.751362
0.897	0.752009
0.898	0.752654
0.899	0.753298
0.9	0.753942
0.901	0.754584
0.902	0.755225
0.903	0.755866
0.904	0.756505
0.905	0.757143
0.906	0.75778
0.907	0.758416
0.908	0.759051
0.909	0.759685
0.91	0.760318
0.911	0.76095
0.912	0.761581
0.913	0.762211
0.914	0.76284
0.915	0.763468
0.916	0.764094
0.917	0.76472
0.918	0.765345
0.919	0.765968
0.92	0.766591
0.921	0.767213
0.922	0.767833
0.923	0.768453
0.924	0.769071
0.925	0.769688
0.926	0.770305
0.927	0.77092
0.928	0.771534
0.929	0.772148
0.93	0.77276
0.931	0.773371
0.932	0.773981
0.933	0.774591
0.934	0.775199
0.935	0.775806
0.936	0.776412
0.937	0.777017
0.938	0.777621
0.939	0.778224
0.94	0.778825
0.941	0.779426
0.942	0.780026
0.943	0.780625
0.944	0.781223
0.945	0.781819
0.946	0.782415
0.947	0.78301
0.948	0.783603
0.949	0.784196
0.95	0.784787
0.951	0.785378
0.952	0.785967
0.953	0.786555
0.954	0.787143
0.955	0.787729
0.956	0.788314
0.957	0.788899
0.958	0.789482
0.959	0.790064
0.96	0.790645
0.961	0.791225
0.962	0.791804
0.963	0.792382
0.964	0.792959
0.965	0.793535
0.966	0.79411
0.967	0.794684
0.968	0.795257
0.969	0.795829
0.97	0.7964
0.971	0.796969
0.972	0.797538
0.973	0.798106
0.974	0.798672
0.975	0.799238
0.976	0.799802
0.977	0.800366
0.978	0.800928
0.979	0.80149
0.98	0.80205
0.981	0.80261
0.982	0.803168
0.983	0.803725
0.984	0.804281
0.985	0.804837
0.986	0.805391
0.987	0.805944
0.988	0.806496
0.989	0.807047
0.99	0.807597
0.991	0.808146
0.992	0.808694
0.993	0.809241
0.994	0.809787
0.995	0.810332
0.996	0.810876
0.997	0.811418
0.998	0.81196
0.999	0.812501
0	0.574906
0.001	0.574143
0.002	0.573376
0.003	0.572606
0.004	0.571833
0.005	0.571057
0.006	0.570279
0.007	0.569497
0.008	0.568713
0.009	0.567925
0.01	0.567135
0.011	0.566342
0.012	0.565546
0.013	0.564747
0.014	0.563945
0.015	0.56314
0.016	0.562332
0.017	0.561521
0.018	0.560707
0.019	0.55989
0.02	0.559071
0.021	0.558248
0.022	0.557422
0.023	0.556594
0.024	0.555763
0.025	0.554928
0.026	0.554091
0.027	0.553251
0.028	0.552408
0.029	0.551562
0.03	0.550713
0.031	0.549861
0.032	0.549006
0.033	0.548148
0.034	0.547287
0.035	0.546424
0.036	0.545557
0.037	0.544688
0.038	0.543815
0.039	0.54294
0.04	0.542062
0.041	0.54118
0.042	0.540296
0.043	0.539409
0.044	0.538519
0.045	0.537626
0.046	0.53673
0.047	0.535831
0.048	0.53493
0.049	0.534025
0.05	0.533117
0.051	0.532207
0.052	0.531293
0.053	0.530377
0.054	0.529457
0.055	0.528535
0.056	0.52761
0.057	0.526682
0.058	0.525751
0.059	0.524817
0.06	0.52388
0.061	0.52294
0.062	0.521997
0.063	0.521051
0.064	0.520103
0.065	0.519151
0.066	0.518196
0.067	0.517239
0.068	0.516278
0.069	0.515315
0.07	0.514349
0.071	0.51338
0.072	0.512407
0.073	0.511432
0.074	0.510454
0.075	0.509473
0.076	0.50849
0.077	0.507503
0.078	0.506513
0.079	0.50552
0.08	0.504525
0.081	0.503526
0.082	0.502525
0.083	0.50152
0.084	0.500513
0.085	0.499503
0.086	0.498489
0.087	0.497473
0.088	0.496454
0.089	0.495432
0.09	0.494407
0.091	0.493379
0.092	0.492349
0.093	0.491315
0.094	0.490278
0.095	0.489239
0.096	0.488196
0.097	0.487151
0.098	0.486102
0.099	0.485051
0.1	0.483997
0.101	0.48294
0.102	0.481879
0.103	0.480816
0.104	0.47975
0.105	0.478681
0.106	0.47761
0.107	0.476535
0.108	0.475457
0.109	0.474376
0.11	0.473293
0.111	0.472206
0.112	0.471117
0.113	0.470024
0.114	0.468929
0.115	0.467831
0.116	0.46673
0.117	0.465626
0.118	0.464519
0.119	0.463409
0.12	0.462296
0.121	0.46118
0.122	0.460061
0.123	0.458939
0.124	0.457815
0.125	0.456687
0.126	0.455557
0.127	0.454423
0.128	0.453287
0.129	0.452147
0.13	0.451005
0.131	0.44986
0.132	0.448712
0.133	0.447561
0.134	0.446407
0.135	0.44525
0.136	0.44409
0.137	0.442927
0.138	0.441762
0.139	0.440593
0.14	0.439422
0.141	0.438247
0.142	0.43707
0.143	0.435889
0.144	0.434706
0.145	0.43352
0.146	0.432331
0.147	0.431139
0.148	0.429944
0.149	0.428746
0.15	0.427545
0.151	0.426341
0.152	0.425134
0.153	0.423924
0.154	0.422712
0.155	0.421496
0.156	0.420278
0.157	0.419056
0.158	0.417832
0.159	0.416605
0.16	0.415374
0.161	0.414141
0.162	0.412905
0.163	0.411666
0.164	0.410424
0.165	0.409179
0.166	0.407932
0.167	0.406681
0.168	0.405427
0.169	0.404171
0.17	0.402911
0.171	0.401649
0.172	0.400383
0.173	0.399115
0.174	0.397844
0.175	0.396569
0.176	0.395292
0.177	0.394012
0.178	0.392729
0.179	0.391443
0.18	0.390154
0.181	0.388863
0.182	0.387568
0.183	0.38627
0.184	0.38497
0.185	0.383666
0.186	0.38236
0.187	0.38105
0.188	0.379738
0.189	0.378423
0.19	0.377104
0.191	0.375783
0.192	0.374459
0.193	0.373132
0.194	0.371802
0.195	0.370469
0.196	0.369134
0.197	0.367795
0.198	0.366453
0.199	0.365109
0.2	0.363761
0.201	0.362411
0.202	0.361057
0.203	0.359701
0.204	0.358342
0.205	0.35698
0.206	0.355615
0.207	0.354246
0.208	0.352876
0.209	0.351502
0.21	0.350125
0.211	0.348745
0.212	0.347362
0.213	0.345977
0.214	0.344588
0.215	0.343197
0.216	0.341802
0.217	0.340405
0.218	0.339004
0.219	0.337601
0.22	0.336195
0.221	0.334786
0.222	0.333374
0.223	0.331959
0.224	0.330541
0.225	0.32912
0.226	0.327696
0.227	0.32627
0.228	0.32484
0.229	0.323408
0.23	0.321972
0.231	0.320534
0.232	0.319092
0.233	0.317648
0.234	0.316201
0.235	0.314751
0.236	0.313298
0.237	0.311841
0.238	0.310383
0.239	0.308921
0.24	0.307456
0.241	0.305988
0.242	0.304517
0.243	0.303044
0.244	0.301567
0.245	0.300088
0.246	0.298605
0.247	0.29712
0.248	0.295632
0.249	0.29414
0.375	0.206932
0.376	0.209043
0.377	0.211146
0.378	0.21324
0.379	0.215326
0.38	0.217404
0.381	0.219474
0.382	0.221535
0.383	0.223588
0.384	0.225632
0.385	0.227669
0.386	0.229697
0.387	0.231716
0.388	0.233728
0.389	0.235731
0.39	0.237726
0.391	0.239712
0.392	0.241691
0.393	0.243661
0.394	0.245622
0.395	0.247576
0.396	0.249521
0.397	0.251457
0.398	0.253386
0.399	0.255306
0.4	0.257218
0.401	0.259122
0.402	0.261017
0.403	0.262904
0.404	0.264783
0.405	0.266653
0.406	0.268515
0.407	0.270369
0.408	0.272215
0.409	0.274052
0.41	0.275881
0.411	0.277701
0.412	0.279514
0.413	0.281318
0.414	0.283114
0.415	0.284901
0.416	0.28668
0.417	0.288451
0.418	0.290214
0.419	0.291968
0.42	0.293714
0.421	0.295452
0.422	0.297181
0.423	0.298902
0.424	0.300615
0.425	0.30232
0.426	0.304016
0.427	0.305704
0.428	0.307384
0.429	0.309055
0.43	0.310718
0.431	0.312373
0.432	0.314019
0.433	0.315657
0.434	0.317287
0.435	0.318909
0.436	0.320522
0.437	0.322127
0.438	0.323724
0.439	0.325312
0.44	0.326892
0.441	0.328464
0.442	0.330028
0.443	0.331583
0.444	0.33313
0.445	0.334669
0.446	0.336199
0.447	0.337721
0.448	0.339235
0.449	0.34074
0.45	0.342237
0.451	0.343726
0.452	0.345207
0.453	0.346679
0.454	0.348143
0.455	0.349599
0.456	0.351046
0.457	0.352485
0.458	0.353916
0.459	0.355339
0.46	0.356753
0.461	0.358159
0.462	0.359556
0.463	0.360946
0.464	0.362327
0.465	0.3637
0.466	0.365064
0.467	0.36642
0.468	0.367768
0.469	0.369108
0.47	0.370439
0.471	0.371762
0.472	0.373077
0.473	0.374383
0.474	0.375681
0.475	0.376971
0.476	0.378252
0.477	0.379526
0.478	0.380791
0.479	0.382047
0.48	0.383295
0.481	0.384536
0.482	0.385767
0.483	0.386991
0.484	0.388206
0.485	0.389413
0.486	0.390611
0.487	0.391802
0.488	0.392984
0.489	0.394157
0.49	0.395323
0.491	0.39648
0.492	0.397628
0.493	0.398769
0.494	0.399901
0.495	0.401025
0.496	0.402141
0.497	0.403248
0.498	0.404347
0.499	0.405438
0.25	0.29509
0.251	0.292832
0.252	0.290574
0.253	0.288316
0.254	0.286058
0.255	0.2838
0.256	0.281542
0.257	0.279284
0.258	0.277025
0.259	0.274767
0.26	0.272509
0.261	0.270251
0.262	0.267993
0.263	0.265735
0.264	0.263477
0.265	0.261219
0.266	0.258961
0.267	0.256703
0.268	0.254445
0.269	0.252187
0.27	0.249929
0.271	0.24767
0.272	0.245412
0.273	0.243154
0.274	0.240896
0.275	0.238638
0.276	0.23638
0.277	0.234122
0.278	0.231864
0.279	0.229606
0.28	0.227348
0.281	0.22509
0.282	0.222832
0.283	0.220573
0.284	0.218315
0.285	0.216057
0.286	0.213799
0.287	0.211541
0.288	0.209283
0.289	0.207025
0.29	0.204767
0.291	0.202509
0.292	0.200251
0.293	0.197993
0.294	0.195735
0.295	0.193476
0.296	0.191218
0.297	0.18896
0.298	0.186702
0.299	0.184444
0.3	0.182186
0.301	0.179928
0.302	0.17767
0.303	0.175412
0.304	0.173154
0.305	0.170896
0.306	0.168638
0.307	0.16638
0.308	0.164121
0.309	0.161863
0.31	0.159605
0.311	0.157347
0.312	0.155089
0.3125	0.169733
0.3135	0.15919
0.3145	0.149176
0.3155	0.139689
0.3165	0.130731
0.3175	0.122301
0.3185	0.114399
0.3195	0.107025
0.3205	0.10018
0.3215	0.0938626
0.3225	0.0880735
0.3235	0.0828126
0.3245	0.0780798
0.3255	0.0738753
0.3265	0.070199
0.3275	0.0670509
0.3285	0.064431
0.3295	0.0623392
0.3305	0.0607757
0.3315	0.0597404
0.3325	0.0592332
0.3335	0.0592543
0.3345	0.0598035
0.3355	0.060881
0.3365	0.0624866
0.3375	0.0646204
0.3385	0.0672825
0.3395	0.0704727
0.3405	0.0741912
0.3415	0.0784378
0.3425	0.0832126
0.3435	0.0885156
0.34375	0.108866
0.34475	0.11206
0.34575	0.115253
0.34675	0.118446
0.34775	0.12164
0.34875	0.124833
0.34975	0.128027
0.35075	0.13122
0.35175	0.134413
0.35275	0.137607
0.35375	0.1408
0.35475	0.143994
0.35575	0.147187
0.35675	0.150381
0.35775	0.153574
0.35875	0.156767
0.35975	0.159961
0.36075	0.163154
0.36175	0.166348
0.36275	0.169541
0.36375	0.172734
0.36475	0.175928
0.36575	0.179121
0.36675	0.182315
0.36775	0.185508
0.36875	0.188701
0.36975	0.191895
0.37075	0.195088
0.37175	0.198282
0.37275	0.201475
0.37375	0.204668
0.37475	0.207862
