# Interpolation data for function: sqrt(abs(x-(1/3)))
0	0.548445
0.001	0.548864
0.002	0.549259
0.003	0.549632
0.004	0.549982
0.005	0.55031
0.006	0.550615
0.007	0.550897
0.008	0.551158
0.009	0.551396
0.01	0.551613
0.011	0.551808
0.012	0.551981
0.013	0.552132
0.014	0.552262
0.015	0.552371
0.016	0.552458
0.017	0.552525
0.018	0.55257
0.019	0.552595
0.02	0.552599
0.021	0.552583
0.022	0.552546
0.023	0.552488
0.024	0.552411
0.025	0.552313
0.026	0.552196
0.027	0.552059
0.028	0.551902
0.029	0.551725
0.03	0.551529
0.031	0.551314
0.032	0.55108
0.033	0.550826
0.034	0.550554
0.035	0.550263
0.036	0.549953
0.037	0.549625
0.038	0.549278
0.039	0.548913
0.04	0.548529
0.041	0.548128
0.042	0.547708
0.043	0.547271
0.044	0.546817
0.045	0.546344
0.046	0.545854
0.047	0.545347
0.048	0.544823
0.049	0.544282
0.05	0.543724
0.051	0.543149
0.052	0.542557
0.053	0.541949
0.054	0.541324
0.055	0.540683
0.056	0.540026
0.057	0.539353
0.058	0.538664
0.059	0.537959
0.06	0.537238
0.061	0.536502
0.062	0.53575
0.063	0.534983
0.064	0.534201
0.065	0.533404
0.066	0.532592
0.067	0.531765
0.068	0.530924
0.069	0.530068
0.07	0.529198
0.071	0.528313
0.072	0.527414
0.073	0.526501
0.074	0.525574
0.075	0.524633
0.076	0.523679
0.077	0.522711
0.078	0.52173
0.079	0.520735
0.08	0.519728
0.081	0.518707
0.082	0.517673
0.083	0.516627
0.084	0.515567
0.085	0.514496
0.086	0.513412
0.087	0.512315
0.088	0.511207
0.089	0.510086
0.09	0.508953
0.091	0.507809
0.092	0.506653
0.093	0.505486
0.094	0.504307
0.095	0.503116
0.096	0.501915
0.097	0.500703
0.098	0.499479
0.099	0.498245
0.1	0.497
0.101	0.495745
0.102	0.494479
0.103	0.493203
0.104	0.491917
0.105	0.490621
0.106	0.489314
0.107	0.487999
0.108	0.486673
0.109	0.485338
0.11	0.483993
0.111	0.482639
0.112	0.481276
0.113	0.479904
0.114	0.478524
0.115	0.477134
0.116	0.475735
0.117	0.474329
0.118	0.472913
0.119	0.47149
0.12	0.470058
0.121	0.468618
0.122	0.46717
0.123	0.465715
0.124	0.464252
0.125	0.462781
0.126	0.461303
0.127	0.459818
0.128	0.458325
0.129	0.456826
0.13	0.455319
0.131	0.453806
0.132	0.452286
0.133	0.45076
0.134	0.449227
0.135	0.447688
0.136	0.446143
0.137	0.444592
0.138	0.443034
0.139	0.441471
0.14	0.439903
0.141	0.438329
0.142	0.436749
0.143	0.435164
0.144	0.433575
0.145	0.43198
0.146	0.43038
0.147	0.428775
0.148	0.427166
0.149	0.425552
0.15	0.423934
0.151	0.422311
0.152	0.420685
0.153	0.419054
0.154	0.417419
0.155	0.415781
0.156	0.414139
0.157	0.412494
0.158	0.410845
0.159	0.409193
0.16	0.407537
0.161	0.405879
0.162	0.404218
0.163	0.402554
0.164	0.400887
0.165	0.399218
0.166	0.397546
0.167	0.395873
0.168	0.394197
0.169	0.392519
0.17	0.390839
0.171	0.389157
0.172	0.387474
0.173	0.385789
0.174	0.384103
0.175	0.382415
0.176	0.380727
0.177	0.379037
0.178	0.377346
0.179	0.375655
0.18	0.373963
0.181	0.372271
0.182	0.370578
0.183	0.368885
0.184	0.367192
0.185	0.365498
0.186	0.363805
0.187	0.362112
0.188	0.36042
0.189	0.358728
0.19	0.357036
0.191	0.355345
0.192	0.353656
0.193	0.351967
0.194	0.350279
0.195	0.348593
0.196	0.346907
0.197	0.345224
0.198	0.343542
0.199	0.341861
0.2	0.340183
0.201	0.338506
0.202	0.336832
0.203	0.33516
0.204	0.33349
0.205	0.331823
0.206	0.330158
0.207	0.328496
0.208	0.326837
0.209	0.325181
0.21	0.323529
0.211	0.321879
0.212	0.320233
0.213	0.31859
0.214	0.316951
0.215	0.315315
0.216	0.313684
0.217	0.312056
0.218	0.310432
0.219	0.308813
0.22	0.307198
0.221	0.305588
0.222	0.303982
0.223	0.302381
0.224	0.300785
0.225	0.299194
0.226	0.297608
0.227	0.296027
0.228	0.294452
0.229	0.292882
0.23	0.291318
0.231	0.289759
0.232	0.288207
0.233	0.28666
0.234	0.285119
0.235	0.283585
0.236	0.282057
0.237	0.280536
0.238	0.279021
0.239	0.277513
0.24	0.276012
0.241	0.274518
0.242	0.273031
0.243	0.271551
0.244	0.270079
0.245	0.268614
0.246	0.267156
0.247	0.265707
0.248	0.264265
0.249	0.262832
0.25	0.261406
0.251	0.259989
0.252	0.25858
0.253	0.25718
0.254	0.255788
0.255	0.254405
0.256	0.253031
0.257	0.251666
0.258	0.25031
0.259	0.248963
0.26	0.247626
0.261	0.246298
0.262	0.24498
0.263	0.243671
0.264	0.242373
0.265	0.241084
0.266	0.239806
0.267	0.238537
0.268	0.23728
0.269	0.236032
0.27	0.234796
0.271	0.23357
0.272	0.232355
0.273	0.231151
0.274	0.229958
0.275	0.228776
0.276	0.227606
0.277	0.226447
0.278	0.2253
0.279	0.224165
0.28	0.223042
0.281	0.22193
0.282	0.220831
0.283	0.219744
0.284	0.218669
0.285	0.217607
0.286	0.216558
0.287	0.215521
0.288	0.214497
0.289	0.213486
0.29	0.212489
0.291	0.211504
0.292	0.210533
0.293	0.209576
0.294	0.208632
0.295	0.207702
0.296	0.206785
0.297	0.205883
0.298	0.204995
0.299	0.204121
0.3	0.203262
0.301	0.202417
0.302	0.201587
0.303	0.200771
0.304	0.199971
0.305	0.199185
0.306	0.198415
0.307	0.19766
0.308	0.19692
0.309	0.196196
0.31	0.195487
0.311	0.194794
0.312	0.194117
0.313	0.193456
0.314	0.192812
0.315	0.192183
0.316	0.191571
0.317	0.190975
0.318	0.190396
0.319	0.189834
0.32	0.189289
0.321	0.188761
0.322	0.18825
0.323	0.187756
0.324	0.187279
0.325	0.186821
0.326	0.186379
0.327	0.185956
0.328	0.18555
0.329	0.185163
0.33	0.184793
0.331	0.184442
0.332	0.184109
0.333	0.183795
0.334	0.1835
0.335	0.183223
0.336	0.182965
0.337	0.182726
0.338	0.182506
0.339	0.182306
0.34	0.182125
0.341	0.181963
0.342	0.181821
0.343	0.181699
0.344	0.181597
0.345	0.181515
0.346	0.181453
0.347	0.181411
0.348	0.18139
0.349	0.181389
0.35	0.181409
0.351	0.18145
0.352	0.181511
0.353	0.181594
0.354	0.181698
0.355	0.181823
0.356	0.181969
0.357	0.182137
0.358	0.182327
0.359	0.182538
0.36	0.182771
0.361	0.183027
0.362	0.183304
0.363	0.183604
0.364	0.183926
0.365	0.184271
0.366	0.184638
0.367	0.185029
0.368	0.185442
0.369	0.185878
0.37	0.186337
0.371	0.18682
0.372	0.187326
0.373	0.187855
0.374	0.188408
0.375	0.188985
0.376	0.189586
0.377	0.190211
0.378	0.19086
0.379	0.191533
0.38	0.192231
0.381	0.192954
0.382	0.1937
0.383	0.194472
0.384	0.195269
0.385	0.196091
0.386	0.196937
0.387	0.19781
0.388	0.198707
0.389	0.19963
0.39	0.200579
0.391	0.201554
0.392	0.202554
0.393	0.203581
0.394	0.204633
0.395	0.205712
0.396	0.206818
0.397	0.20795
0.398	0.209108
0.399	0.210294
0.4	0.211506
0.401	0.212745
0.402	0.214012
0.403	0.215306
0.404	0.216627
0.405	0.217976
0.406	0.219352
0.407	0.220757
0.408	0.222189
0.409	0.223649
0.41	0.225137
0.411	0.226654
0.412	0.228199
0.413	0.229773
0.414	0.231375
0.415	0.233006
0.416	0.234666
0.417	0.236356
0.418	0.238074
0.419	0.239821
0.42	0.241598
0.421	0.243405
0.422	0.245241
0.423	0.247107
0.424	0.249003
0.425	0.250929
0.426	0.252885
0.427	0.254872
0.428	0.256889
0.429	0.258936
0.43	0.261014
0.431	0.263123
0.432	0.265263
0.433	0.267434
0.434	0.269636
0.435	0.271869
0.436	0.274134
0.437	0.27643
0.438	0.278758
0.439	0.281118
0.44	0.28351
0.441	0.285934
0.442	0.28839
0.443	0.290878
0.444	0.293399
0.445	0.295952
0.446	0.298538
0.447	0.301157
0.448	0.303809
0.449	0.306493
0.45	0.309211
0.451	0.311963
0.452	0.314747
0.453	0.317566
0.454	0.320418
0.455	0.323303
0.456	0.326223
0.457	0.329177
0.458	0.332165
0.459	0.335187
0.46	0.338243
0.461	0.341335
0.462	0.344461
0.463	0.347621
0.464	0.350817
0.465	0.354048
0.466	0.357313
0.467	0.360615
0.468	0.363951
0.469	0.367324
0.47	0.370731
0.471	0.374175
0.472	0.377655
0.473	0.38117
0.474	0.384722
0.475	0.388311
0.476	0.391935
0.477	0.395596
0.478	0.399294
0.479	0.403029
0.48	0.406801
0.481	0.410609
0.482	0.414455
0.483	0.418338
0.484	0.422259
0.485	0.426217
0.486	0.430213
0.487	0.434247
0.488	0.438319
0.489	0.442428
0.49	0.446576
0.491	0.450762
0.492	0.454987
0.493	0.45925
0.494	0.463552
0.495	0.467893
0.496	0.472273
0.497	0.476692
0.498	0.48115
0.499	0.485647
0.5	0.435465
0.501	0.436263
0.502	0.437062
0.503	0.43786
0.504	0.438658
0.505	0.439457
0.506	0.440255
0.507	0.441053
0.508	0.441852
0.509	0.44265
0.51	0.443448
0.511	0.444247
0.512	0.445045
0.513	0.445843
0.514	0.446642
0.515	0.44744
0.516	0.448238
0.517	0.449037
0.518	0.449835
0.519	0.450634
0.52	0.451432
0.521	0.45223
0.522	0.453029
0.523	0.453827
0.524	0.454625
0.525	0.455424
0.526	0.456222
0.527	0.45702
0.528	0.457819
0.529	0.458617
0.53	0.459415
0.531	0.460214
0.532	0.461012
0.533	0.46181
0.534	0.462609
0.535	0.463407
0.536	0.464206
0.537	0.465004
0.538	0.465802
0.539	0.466601
0.54	0.467399
0.541	0.468197
0.542	0.468996
0.543	0.469794
0.544	0.470592
0.545	0.471391
0.546	0.472189
0.547	0.472987
0.548	0.473786
0.549	0.474584
0.55	0.475382
0.551	0.476181
0.552	0.476979
0.553	0.477778
0.554	0.478576
0.555	0.479374
0.556	0.480173
0.557	0.480971
0.558	0.481769
0.559	0.482568
0.56	0.483366
0.561	0.484164
0.562	0.484963
0.563	0.485761
0.564	0.486559
0.565	0.487358
0.566	0.488156
0.567	0.488954
0.568	0.489753
0.569	0.490551
0.57	0.491349
0.571	0.492148
0.572	0.492946
0.573	0.493745
0.574	0.494543
0.575	0.495341
0.576	0.49614
0.577	0.496938
0.578	0.497736
0.579	0.498535
0.58	0.499333
0.581	0.500131
0.582	0.50093
0.583	0.501728
0.584	0.502526
0.585	0.503325
0.586	0.504123
0.587	0.504921
0.588	0.50572
0.589	0.506518
0.59	0.507317
0.591	0.508115
0.592	0.508913
0.593	0.509712
0.594	0.51051
0.595	0.511308
0.596	0.512107
0.597	0.512905
0.598	0.513703
0.599	0.514502
0.6	0.5153
0.601	0.516098
0.602	0.516897
0.603	0.517695
0.604	0.518493
0.605	0.519292
0.606	0.52009
0.607	0.520889
0.608	0.521687
0.609	0.522485
0.61	0.523284
0.611	0.524082
0.612	0.52488
0.613	0.525679
0.614	0.526477
0.615	0.527275
0.616	0.528074
0.617	0.528872
0.618	0.52967
0.619	0.530469
0.62	0.531267
0.621	0.532065
0.622	0.532864
0.623	0.533662
0.624	0.534461
0.625	0.535259
0.626	0.536057
0.627	0.536856
0.628	0.537654
0.629	0.538452
0.63	0.539251
0.631	0.540049
0.632	0.540847
0.633	0.541646
0.634	0.542444
0.635	0.543242
0.636	0.544041
0.637	0.544839
0.638	0.545637
0.639	0.546436
0.64	0.547234
0.641	0.548033
0.642	0.548831
0.643	0.549629
0.644	0.550428
0.645	0.551226
0.646	0.552024
0.647	0.552823
0.648	0.553621
0.649	0.554419
0.65	0.555218
0.651	0.556016
0.652	0.556814
0.653	0.557613
0.654	0.558411
0.655	0.559209
0.656	0.560008
0.657	0.560806
0.658	0.561604
0.659	0.562403
0.66	0.563201
0.661	0.564
0.662	0.564798
0.663	0.565596
0.664	0.566395
0.665	0.567193
0.666	0.567991
0.667	0.56879
0.668	0.569588
0.669	0.570386
0.67	0.571185
0.671	0.571983
0.672	0.572781
0.673	0.57358
0.674	0.574378
0.675	0.575176
0.676	0.575975
0.677	0.576773
0.678	0.577572
0.679	0.57837
0.68	0.579168
0.681	0.579967
0.682	0.580765
0.683	0.581563
0.684	0.582362
0.685	0.58316
0.686	0.583958
0.687	0.584757
0.688	0.585555
0.689	0.586353
0.69	0.587152
0.691	0.58795
0.692	0.588748
0.693	0.589547
0.694	0.590345
0.695	0.591144
0.696	0.591942
0.697	0.59274
0.698	0.593539
0.699	0.594337
0.7	0.595135
0.701	0.595934
0.702	0.596732
0.703	0.59753
0.704	0.598329
0.705	0.599127
0.706	0.599925
0.707	0.600724
0.708	0.601522
0.709	0.60232
0.71	0.603119
0.711	0.603917
0.712	0.604716
0.713	0.605514
0.714	0.606312
0.715	0.607111
0.716	0.607909
0.717	0.608707
0.718	0.609506
0.719	0.610304
0.72	0.611102
0.721	0.611901
0.722	0.612699
0.723	0.613497
0.724	0.614296
0.725	0.615094
0.726	0.615892
0.727	0.616691
0.728	0.617489
0.729	0.618287
0.73	0.619086
0.731	0.619884
0.732	0.620683
0.733	0.621481
0.734	0.622279
0.735	0.623078
0.736	0.623876
0.737	0.624674
0.738	0.625473
0.739	0.626271
0.74	0.627069
0.741	0.627868
0.742	0.628666
0.743	0.629464
0.744	0.630263
0.745	0.631061
0.746	0.631859
0.747	0.632658
0.748	0.633456
0.749	0.634255
0.75	0.635053
0.751	0.635851
0.752	0.63665
0.753	0.637448
0.754	0.638246
0.755	0.639045
0.756	0.639843
0.757	0.640641
0.758	0.64144
0.759	0.642238
0.76	0.643036
0.761	0.643835
0.762	0.644633
0.763	0.645431
0.764	0.64623
0.765	0.647028
0.766	0.647827
0.767	0.648625
0.768	0.649423
0.769	0.650222
0.77	0.65102
0.771	0.651818
0.772	0.652617
0.773	0.653415
0.774	0.654213
0.775	0.655012
0.776	0.65581
0.777	0.656608
0.778	0.657407
0.779	0.658205
0.78	0.659003
0.781	0.659802
0.782	0.6606
0.783	0.661399
0.784	0.662197
0.785	0.662995
0.786	0.663794
0.787	0.664592
0.788	0.66539
0.789	0.666189
0.79	0.666987
0.791	0.667785
0.792	0.668584
0.793	0.669382
0.794	0.67018
0.795	0.670979
0.796	0.671777
0.797	0.672575
0.798	0.673374
0.799	0.674172
0.8	0.674971
0.801	0.675769
0.802	0.676567
0.803	0.677366
0.804	0.678164
0.805	0.678962
0.806	0.679761
0.807	0.680559
0.808	0.681357
0.809	0.682156
0.81	0.682954
0.811	0.683752
0.812	0.684551
0.813	0.685349
0.814	0.686147
0.815	0.686946
0.816	0.687744
0.817	0.688542
0.818	0.689341
0.819	0.690139
0.82	0.690938
0.821	0.691736
0.822	0.692534
0.823	0.693333
0.824	0.694131
0.825	0.694929
0.826	0.695728
0.827	0.696526
0.828	0.697324
0.829	0.698123
0.83	0.698921
0.831	0.699719
0.832	0.700518
0.833	0.701316
0.834	0.702114
0.835	0.702913
0.836	0.703711
0.837	0.70451
0.838	0.705308
0.839	0.706106
0.84	0.706905
0.841	0.707703
0.842	0.708501
0.843	0.7093
0.844	0.710098
0.845	0.710896
0.846	0.711695
0.847	0.712493
0.848	0.713291
0.849	0.71409
0.85	0.714888
0.851	0.715686
0.852	0.716485
0.853	0.717283
0.854	0.718082
0.855	0.71888
0.856	0.719678
0.857	0.720477
0.858	0.721275
0.859	0.722073
0.86	0.722872
0.861	0.72367
0.862	0.724468
0.863	0.725267
0.864	0.726065
0.865	0.726863
0.866	0.727662
0.867	0.72846
0.868	0.729258
0.869	0.730057
0.87	0.730855
0.871	0.731654
0.872	0.732452
0.873	0.73325
0.874	0.734049
0.875	0.734847
0.876	0.735645
0.877	0.736444
0.878	0.737242
0.879	0.73804
0.88	0.738839
0.881	0.739637
0.882	0.740435
0.883	0.741234
0.884	0.742032
0.885	0.74283
0.886	0.743629
0.887	0.744427
0.888	0.745226
0.889	0.746024
0.89	0.746822
0.891	0.747621
0.892	0.748419
0.893	0.749217
0.894	0.750016
0.895	0.750814
0.896	0.751612
0.897	0.752411
0.898	0.753209
0.899	0.754007
0.9	0.754806
0.901	0.755604
0.902	0.756402
0.903	0.757201
0.904	0.757999
0.905	0.758797
0.906	0.759596
0.907	0.760394
0.908	0.761193
0.909	0.761991
0.91	0.762789
0.911	0.763588
0.912	0.764386
0.913	0.765184
0.914	0.765983
0.915	0.766781
0.916	0.767579
0.917	0.768378
0.918	0.769176
0.919	0.769974
0.92	0.770773
0.921	0.771571
0.922	0.772369
0.923	0.773168
0.924	0.773966
0.925	0.774765
0.926	0.775563
0.927	0.776361
0.928	0.77716
0.929	0.777958
0.93	0.778756
0.931	0.779555
0.932	0.780353
0.933	0.781151
0.934	0.78195
0.935	0.782748
0.936	0.783546
0.937	0.784345
0.938	0.785143
0.939	0.785941
0.94	0.78674
0.941	0.787538
0.942	0.788337
0.943	0.789135
0.944	0.789933
0.945	0.790732
0.946	0.79153
0.947	0.792328
0.948	0.793127
0.949	0.793925
0.95	0.794723
0.951	0.795522
0.952	0.79632
0.953	0.797118
0.954	0.797917
0.955	0.798715
0.956	0.799513
0.957	0.800312
0.958	0.80111
0.959	0.801909
0.96	0.802707
0.961	0.803505
0.962	0.804304
0.963	0.805102
0.964	0.8059
0.965	0.806699
0.966	0.807497
0.967	0.808295
0.968	0.809094
0.969	0.809892
0.97	0.81069
0.971	0.811489
0.972	0.812287
0.973	0.813085
0.974	0.813884
0.975	0.814682
0.976	0.81548
0.977	0.816279
0.978	0.817077
0.979	0.817876
0.98	0.818674
0.981	0.819472
0.982	0.820271
0.983	0.821069
0.984	0.821867
0.985	0.822666
0.986	0.823464
0.987	0.824262
0.988	0.825061
0.989	0.825859
0.99	0.826657
0.991	0.827456
0.992	0.828254
0.993	0.829052
0.994	0.829851
0.995	0.830649
0.996	0.831448
0.997	0.832246
0.998	0.833044
0.999	0.833843
