# Interpolation data for function: sqrt(abs(x-(1/3)))
0.5	0.413864
0.501	0.414921
0.502	0.415977
0.503	0.417032
0.504	0.418086
0.505	0.419139
0.506	0.420191
0.507	0.421242
0.508	0.422292
0.509	0.42334
0.51	0.424388
0.511	0.425435
0.512	0.42648
0.513	0.427525
0.514	0.428569
0.515	0.429611
0.516	0.430653
0.517	0.431693
0.518	0.432732
0.519	0.433771
0.52	0.434808
0.521	0.435844
0.522	0.43688
0.523	0.437914
0.524	0.438947
0.525	0.439979
0.526	0.44101
0.527	0.442041
0.528	0.44307
0.529	0.444098
0.53	0.445125
0.531	0.44615
0.532	0.447175
0.533	0.448199
0.534	0.449222
0.535	0.450244
0.536	0.451265
0.537	0.452284
0.538	0.453303
0.539	0.454321
0.54	0.455337
0.541	0.456353
0.542	0.457367
0.543	0.458381
0.544	0.459393
0.545	0.460405
0.546	0.461415
0.547	0.462424
0.548	0.463433
0.549	0.46444
0.55	0.465446
0.551	0.466451
0.552	0.467456
0.553	0.468459
0.554	0.469461
0.555	0.470462
0.556	0.471462
0.557	0.472461
0.558	0.473459
0.559	0.474456
0.56	0.475452
0.561	0.476446
0.562	0.47744
0.563	0.478433
0.564	0.479425
0.565	0.480415
0.566	0.481405
0.567	0.482394
0.568	0.483381
0.569	0.484368
0.57	0.485353
0.571	0.486338
0.572	0.487321
0.573	0.488303
0.574	0.489285
0.575	0.490265
0.576	0.491244
0.577	0.492223
0.578	0.4932
0.579	0.494176
0.58	0.495151
0.581	0.496125
0.582	0.497098
0.583	0.49807
0.584	0.499041
0.585	0.500011
0.586	0.50098
0.587	0.501948
0.588	0.502915
0.589	0.503881
0.59	0.504845
0.591	0.505809
0.592	0.506772
0.593	0.507734
0.594	0.508694
0.595	0.509654
0.596	0.510612
0.597	0.51157
0.598	0.512526
0.599	0.513482
0.6	0.514436
0.601	0.515389
0.602	0.516342
0.603	0.517293
0.604	0.518243
0.605	0.519192
0.606	0.520141
0.607	0.521088
0.608	0.522034
0.609	0.522979
0.61	0.523923
0.611	0.524866
0.612	0.525808
0.613	0.526749
0.614	0.527689
0.615	0.528628
0.616	0.529565
0.617	0.530502
0.618	0.531438
0.619	0.532373
0.62	0.533306
0.621	0.534239
0.622	0.53517
0.623	0.536101
0.624	0.53703
0.625	0.537959
0.626	0.538886
0.627	0.539813
0.628	0.540738
0.629	0.541662
0.63	0.542586
0.631	0.543508
0.632	0.544429
0.633	0.545349
0.634	0.546269
0.635	0.547187
0.636	0.548104
0.637	0.54902
0.638	0.549935
0.639	0.550849
0.64	0.551762
0.641	0.552673
0.642	0.553584
0.643	0.554494
0.644	0.555403
0.645	0.556311
0.646	0.557217
0.647	0.558123
0.648	0.559028
0.649	0.559931
0.65	0.560834
0.651	0.561735
0.652	0.562636
0.653	0.563535
0.654	0.564434
0.655	0.565331
0.656	0.566227
0.657	0.567123
0.658	0.568017
0.659	0.56891
0.66	0.569802
0.661	0.570693
0.662	0.571584
0.663	0.572473
0.664	0.573361
0.665	0.574248
0.666	0.575134
0.667	0.576019
0.668	0.576902
0.669	0.577785
0.67	0.578667
0.671	0.579548
0.672	0.580428
0.673	0.581306
0.674	0.582184
0.675	0.583061
0.676	0.583936
0.677	0.584811
0.678	0.585684
0.679	0.586557
0.68	0.587428
0.681	0.588299
0.682	0.589168
0.683	0.590036
0.684	0.590904
0.685	0.59177
0.686	0.592635
0.687	0.593499
0.688	0.594363
0.689	0.595225
0.69	0.596086
0.691	0.596946
0.692	0.597805
0.693	0.598663
0.694	0.59952
0.695	0.600376
0.696	0.60123
0.697	0.602084
0.698	0.602937
0.699	0.603789
0.7	0.604639
0.701	0.605489
0.702	0.606338
0.703	0.607185
0.704	0.608032
0.705	0.608877
0.706	0.609722
0.707	0.610565
0.708	0.611408
0.709	0.612249
0.71	0.61309
0.711	0.613929
0.712	0.614767
0.713	0.615604
0.714	0.616441
0.715	0.617276
0.716	0.61811
0.717	0.618943
0.718	0.619775
0.719	0.620606
0.72	0.621436
0.721	0.622265
0.722	0.623093
0.723	0.62392
0.724	0.624746
0.725	0.62557
0.726	0.626394
0.727	0.627217
0.728	0.628038
0.729	0.628859
0.73	0.629679
0.731	0.630497
0.732	0.631315
0.733	0.632131
0.734	0.632947
0.735	0.633761
0.736	0.634575
0.737	0.635387
0.738	0.636198
0.739	0.637009
0.74	0.637818
0.741	0.638626
0.742	0.639433
0.743	0.640239
0.744	0.641044
0.745	0.641848
0.746	0.642651
0.747	0.643453
0.748	0.644254
0.749	0.645054
0.75	0.645853
0.751	0.646651
0.752	0.647448
0.753	0.648244
0.754	0.649038
0.755	0.649832
0.756	0.650625
0.757	0.651416
0.758	0.652207
0.759	0.652996
0.76	0.653785
0.761	0.654572
0.762	0.655359
0.763	0.656144
0.764	0.656928
0.765	0.657712
0.766	0.658494
0.767	0.659275
0.768	0.660055
0.769	0.660835
0.77	0.661613
0.771	0.66239
0.772	0.663166
0.773	0.663941
0.774	0.664715
0.775	0.665488
0.776	0.66626
0.777	0.667031
0.778	0.667801
0.779	0.668569
0.78	0.669337
0.781	0.670104
0.782	0.67087
0.783	0.671634
0.784	0.672398
0.785	0.67316
0.786	0.673922
0.787	0.674682
0.788	0.675442
0.789	0.6762
0.79	0.676958
0.791	0.677714
0.792	0.678469
0.793	0.679224
0.794	0.679977
0.795	0.680729
0.796	0.68148
0.797	0.682231
0.798	0.68298
0.799	0.683728
0.8	0.684475
0.801	0.685221
0.802	0.685966
0.803	0.68671
0.804	0.687452
0.805	0.688194
0.806	0.688935
0.807	0.689675
0.808	0.690414
0.809	0.691151
0.81	0.691888
0.811	0.692624
0.812	0.693358
0.813	0.694092
0.814	0.694824
0.815	0.695556
0.816	0.696286
0.817	0.697016
0.818	0.697744
0.819	0.698471
0.82	0.699198
0.821	0.699923
0.822	0.700647
0.823	0.70137
0.824	0.702092
0.825	0.702813
0.826	0.703534
0.827	0.704253
0.828	0.704971
0.829	0.705688
0.83	0.706403
0.831	0.707118
0.832	0.707832
0.833	0.708545
0.834	0.709257
0.835	0.709968
0.836	0.710677
0.837	0.711386
0.838	0.712094
0.839	0.7128
0.84	0.713506
0.841	0.71421
0.842	0.714914
0.843	0.715616
0.844	0.716318
0.845	0.717018
0.846	0.717717
0.847	0.718416
0.848	0.719113
0.849	0.719809
0.85	0.720504
0.851	0.721198
0.852	0.721891
0.853	0.722584
0.854	0.723275
0.855	0.723965
0.856	0.724654
0.857	0.725342
0.858	0.726028
0.859	0.726714
0.86	0.727399
0.861	0.728083
0.862	0.728766
0.863	0.729447
0.864	0.730128
0.865	0.730808
0.866	0.731486
0.867	0.732164
0.868	0.73284
0.869	0.733516
0.87	0.73419
0.871	0.734864
0.872	0.735536
0.873	0.736207
0.874	0.736878
0.875	0.737547
0.876	0.738215
0.877	0.738882
0.878	0.739549
0.879	0.740214
0.88	0.740878
0.881	0.741541
0.882	0.742203
0.883	0.742864
0.884	0.743524
0.885	0.744183
0.886	0.74484
0.887	0.745497
0.888	0.746153
0.889	0.746808
0.89	0.747462
0.891	0.748114
0.892	0.748766
0.893	0.749417
0.894	0.750066
0.895	0.750715
0.896	0.751362
0.897	0.752009
0.898	0.752654
0.899	0.753298
0.9	0.753942
0.901	0.754584
0.902	0.755225
0.903	0.755866
0.904	0.756505
0.905	0.757143
0.906	0.75778
0.907	0.758416
0.908	0.759051
0.909	0.759685
0.91	0.760318
0.911	0.76095
0.912	0.761581
0.913	0.762211
0.914	0.76284
0.915	0.763468
0.916	0.764094
0.917	0.76472
0.918	0.765345
0.919	0.765968
0.92	0.766591
0.921	0.767213
0.922	0.767833
0.923	0.768453
0.924	0.769071
0.925	0.769688
0.926	0.770305
0.927	0.77092
0.928	0.771534
0.929	0.772148
0.93	0.77276
0.931	0.773371
0.932	0.773981
0.933	0.774591
0.934	0.775199
0.935	0.775806
0.936	0.776412
0.937	0.777017
0.938	0.777621
0.939	0.778224
0.94	0.778825
0.941	0.779426
0.942	0.780026
0.943	0.780625
0.944	0.781223
0.945	0.781819
0.946	0.782415
0.947	0.78301
0.948	0.783603
0.949	0.784196
0.95	0.784787
0.951	0.785378
0.952	0.785967
0.953	0.786555
0.954	0.787143
0.955	0.787729
0.956	0.788314
0.957	0.788899
0.958	0.789482
0.959	0.790064
0.96	0.790645
0.961	0.791225
0.962	0.791804
0.963	0.792382
0.964	0.792959
0.965	0.793535
0.966	0.79411
0.967	0.794684
0.968	0.795257
0.969	0.795829
0.97	0.7964
0.971	0.796969
0.972	0.797538
0.973	0.798106
0.974	0.798672
0.975	0.799238
0.976	0.799802
0.977	0.800366
0.978	0.800928
0.979	0.80149
0.98	0.80205
0.981	0.80261
0.982	0.803168
0.983	0.803725
0.984	0.804281
0.985	0.804837
0.986	0.805391
0.987	0.805944
0.988	0.806496
0.989	0.807047
0.99	0.807597
0.991	0.808146
0.992	0.808694
0.993	0.809241
0.994	0.809787
0.995	0.810332
0.996	0.810876
0.997	0.811418
0.998	0.81196
0.999	0.812501
0	0.59018
0.001	0.589051
0.002	0.587922
0.003	0.586793
0.004	0.585664
0.005	0.584535
0.006	0.583406
0.007	0.582277
0.008	0.581148
0.009	0.580019
0.01	0.57889
0.011	0.577761
0.012	0.576632
0.013	0.575503
0.014	0.574374
0.015	0.573245
0.016	0.572116
0.017	0.570987
0.018	0.569858
0.019	0.568729
0.02	0.567599
0.021	0.56647
0.022	0.565341
0.023	0.564212
0.024	0.563083
0.025	0.561954
0.026	0.560825
0.027	0.559696
0.028	0.558567
0.029	0.557438
0.03	0.556309
0.031	0.55518
0.032	0.554051
0.033	0.552922
0.034	0.551793
0.035	0.550664
0.036	0.549535
0.037	0.548406
0.038	0.547277
0.039	0.546148
0.04	0.545019
0.041	0.54389
0.042	0.542761
0.043	0.541632
0.044	0.540502
0.045	0.539373
0.046	0.538244
0.047	0.537115
0.048	0.535986
0.049	0.534857
0.05	0.533728
0.051	0.532599
0.052	0.53147
0.053	0.530341
0.054	0.529212
0.055	0.528083
0.056	0.526954
0.057	0.525825
0.058	0.524696
0.059	0.523567
0.06	0.522438
0.061	0.521309
0.062	0.52018
0.063	0.519051
0.064	0.517922
0.065	0.516793
0.066	0.515664
0.067	0.514535
0.068	0.513406
0.069	0.512276
0.07	0.511147
0.071	0.510018
0.072	0.508889
0.073	0.50776
0.074	0.506631
0.075	0.505502
0.076	0.504373
0.077	0.503244
0.078	0.502115
0.079	0.500986
0.08	0.499857
0.081	0.498728
0.082	0.497599
0.083	0.49647
0.084	0.495341
0.085	0.494212
0.086	0.493083
0.087	0.491954
0.088	0.490825
0.089	0.489696
0.09	0.488567
0.091	0.487438
0.092	0.486309
0.093	0.48518
0.094	0.48405
0.095	0.482921
0.096	0.481792
0.097	0.480663
0.098	0.479534
0.099	0.478405
0.1	0.477276
0.101	0.476147
0.102	0.475018
0.103	0.473889
0.104	0.47276
0.105	0.471631
0.106	0.470502
0.107	0.469373
0.108	0.468244
0.109	0.467115
0.11	0.465986
0.111	0.464857
0.112	0.463728
0.113	0.462599
0.114	0.46147
0.115	0.460341
0.116	0.459212
0.117	0.458083
0.118	0.456953
0.119	0.455824
0.12	0.454695
0.121	0.453566
0.122	0.452437
0.123	0.451308
0.124	0.450179
0.125	0.44905
0.126	0.447921
0.127	0.446792
0.128	0.445663
0.129	0.444534
0.13	0.443405
0.131	0.442276
0.132	0.441147
0.133	0.440018
0.134	0.438889
0.135	0.43776
0.136	0.436631
0.137	0.435502
0.138	0.434373
0.139	0.433244
0.14	0.432115
0.141	0.430986
0.142	0.429857
0.143	0.428727
0.144	0.427598
0.145	0.426469
0.146	0.42534
0.147	0.424211
0.148	0.423082
0.149	0.421953
0.15	0.420824
0.151	0.419695
0.152	0.418566
0.153	0.417437
0.154	0.416308
0.155	0.415179
0.156	0.41405
0.157	0.412921
0.158	0.411792
0.159	0.410663
0.16	0.409534
0.161	0.408405
0.162	0.407276
0.163	0.406147
0.164	0.405018
0.165	0.403889
0.166	0.40276
0.167	0.401631
0.168	0.400501
0.169	0.399372
0.17	0.398243
0.171	0.397114
0.172	0.395985
0.173	0.394856
0.174	0.393727
0.175	0.392598
0.176	0.391469
0.177	0.39034
0.178	0.389211
0.179	0.388082
0.18	0.386953
0.181	0.385824
0.182	0.384695
0.183	0.383566
0.184	0.382437
0.185	0.381308
0.186	0.380179
0.187	0.37905
0.188	0.377921
0.189	0.376792
0.19	0.375663
0.191	0.374534
0.192	0.373404
0.193	0.372275
0.194	0.371146
0.195	0.370017
0.196	0.368888
0.197	0.367759
0.198	0.36663
0.199	0.365501
0.2	0.364372
0.201	0.363243
0.202	0.362114
0.203	0.360985
0.204	0.359856
0.205	0.358727
0.206	0.357598
0.207	0.356469
0.208	0.35534
0.209	0.354211
0.21	0.353082
0.211	0.351953
0.212	0.350824
0.213	0.349695
0.214	0.348566
0.215	0.347437
0.216	0.346308
0.217	0.345178
0.218	0.344049
0.219	0.34292
0.22	0.341791
0.221	0.340662
0.222	0.339533
0.223	0.338404
0.224	0.337275
0.225	0.336146
0.226	0.335017
0.227	0.333888
0.228	0.332759
0.229	0.33163
0.23	0.330501
0.231	0.329372
0.232	0.328243
0.233	0.327114
0.234	0.325985
0.235	0.324856
0.236	0.323727
0.237	0.322598
0.238	0.321469
0.239	0.32034
0.24	0.319211
0.241	0.318082
0.242	0.316952
0.243	0.315823
0.244	0.314694
0.245	0.313565
0.246	0.312436
0.247	0.311307
0.248	0.310178
0.249	0.309049
0.25	0.346612
0.251	0.340224
0.252	0.333947
0.253	0.327781
0.254	0.321725
0.255	0.315777
0.256	0.309938
0.257	0.304207
0.258	0.298582
0.259	0.293064
0.26	0.287651
0.261	0.282344
0.262	0.27714
0.263	0.27204
0.264	0.267042
0.265	0.262147
0.266	0.257352
0.267	0.252659
0.268	0.248065
0.269	0.24357
0.27	0.239174
0.271	0.234876
0.272	0.230674
0.273	0.226569
0.274	0.22256
0.275	0.218645
0.276	0.214825
0.277	0.211098
0.278	0.207464
0.279	0.203922
0.28	0.200472
0.281	0.197112
0.282	0.193842
0.283	0.190661
0.284	0.187569
0.285	0.184565
0.286	0.181648
0.287	0.178817
0.288	0.176072
0.289	0.173412
0.29	0.170836
0.291	0.168344
0.292	0.165934
0.293	0.163607
0.294	0.161361
0.295	0.159196
0.296	0.157111
0.297	0.155106
0.298	0.153178
0.299	0.151329
0.3	0.149557
0.301	0.147862
0.302	0.146242
0.303	0.144698
0.304	0.143227
0.305	0.141831
0.306	0.140507
0.307	0.139256
0.308	0.138076
0.309	0.136967
0.31	0.135928
0.311	0.134958
0.312	0.134058
0.313	0.133225
0.314	0.132459
0.315	0.13176
0.316	0.131127
0.317	0.130559
0.318	0.130056
0.319	0.129616
0.32	0.129239
0.321	0.128924
0.322	0.128672
0.323	0.12848
0.324	0.128348
0.325	0.128276
0.326	0.128262
0.327	0.128307
0.328	0.128409
0.329	0.128567
0.33	0.128782
0.331	0.129051
0.332	0.129376
0.333	0.129754
0.334	0.130185
0.335	0.130669
0.336	0.131204
0.337	0.13179
0.338	0.132427
0.339	0.133113
0.34	0.133848
0.341	0.134631
0.342	0.135461
0.343	0.136338
0.344	0.137262
0.345	0.13823
0.346	0.139243
0.347	0.1403
0.348	0.141401
0.349	0.142543
0.35	0.143728
0.351	0.144954
0.352	0.146219
0.353	0.147525
0.354	0.148869
0.355	0.150252
0.356	0.151672
0.357	0.153129
0.358	0.154623
0.359	0.156151
0.36	0.157714
0.361	0.159311
0.362	0.160942
0.363	0.162605
0.364	0.1643
0.365	0.166026
0.366	0.167782
0.367	0.169568
0.368	0.171383
0.369	0.173227
0.37	0.175098
0.371	0.176996
0.372	0.17892
0.373	0.180869
0.374	0.182844
0.375	0.184842
0.376	0.186864
0.377	0.188908
0.378	0.190974
0.379	0.193062
0.38	0.19517
0.381	0.197298
0.382	0.199445
0.383	0.20161
0.384	0.203793
0.385	0.205993
0.386	0.208209
0.387	0.210441
0.388	0.212687
0.389	0.214948
0.39	0.217222
0.391	0.219509
0.392	0.221808
0.393	0.224118
0.394	0.226439
0.395	0.228769
0.396	0.231109
0.397	0.233457
0.398	0.235813
0.399	0.238176
0.4	0.240546
0.401	0.242921
0.402	0.245301
0.403	0.247685
0.404	0.250072
0.405	0.252463
0.406	0.254855
0.407	0.257249
0.408	0.259644
0.409	0.262038
0.41	0.264432
0.411	0.266824
0.412	0.269214
0.413	0.271602
0.414	0.273985
0.415	0.276365
0.416	0.278739
0.417	0.281108
0.418	0.28347
0.419	0.285825
0.42	0.288172
0.421	0.290511
0.422	0.292841
0.423	0.29516
0.424	0.297469
0.425	0.299766
0.426	0.302052
0.427	0.304324
0.428	0.306584
0.429	0.308828
0.43	0.311058
0.431	0.313273
0.432	0.315471
0.433	0.317652
0.434	0.319815
0.435	0.321959
0.436	0.324085
0.437	0.326191
0.438	0.328276
0.439	0.330339
0.44	0.332381
0.441	0.3344
0.442	0.336396
0.443	0.338367
0.444	0.340314
0.445	0.342235
0.446	0.34413
0.447	0.345998
0.448	0.347838
0.449	0.34965
0.45	0.351432
0.451	0.353185
0.452	0.354907
0.453	0.356599
0.454	0.358258
0.455	0.359884
0.456	0.361478
0.457	0.363037
0.458	0.364561
0.459	0.36605
0.46	0.367503
0.461	0.368919
0.462	0.370297
0.463	0.371637
0.464	0.372938
0.465	0.374199
0.466	0.37542
0.467	0.3766
0.468	0.377737
0.469	0.378833
0.47	0.379885
0.471	0.380893
0.472	0.381856
0.473	0.382774
0.474	0.383646
0.475	0.384471
0.476	0.385248
0.477	0.385977
0.478	0.386658
0.479	0.387288
0.48	0.387869
0.481	0.388398
0.482	0.388875
0.483	0.3893
0.484	0.389672
0.485	0.38999
0.486	0.390254
0.487	0.390462
0.488	0.390613
0.489	0.390709
0.49	0.390747
0.491	0.390726
0.492	0.390647
0.493	0.390508
0.494	0.390309
0.495	0.390049
0.496	0.389727
0.497	0.389343
0.498	0.388896
0.499	0.388385
