# Interpolation data for function: sqrt(abs(x-(1/3)))
0	0.508686
0.001	0.50768
0.002	0.506677
0.003	0.505677
0.004	0.50468
0.005	0.503686
0.006	0.502694
0.007	0.501706
0.008	0.50072
0.009	0.499737
0.01	0.498758
0.011	0.497781
0.012	0.496807
0.013	0.495836
0.014	0.494868
0.015	0.493902
0.016	0.49294
0.017	0.491981
0.018	0.491024
0.019	0.490071
0.02	0.48912
0.021	0.488173
0.022	0.487228
0.023	0.486286
0.024	0.485347
0.025	0.484411
0.026	0.483478
0.027	0.482548
0.028	0.481621
0.029	0.480696
0.03	0.479775
0.031	0.478857
0.032	0.477941
0.033	0.477028
0.034	0.476119
0.035	0.475212
0.036	0.474308
0.037	0.473407
0.038	0.472509
0.039	0.471614
0.04	0.470722
0.041	0.469832
0.042	0.468946
0.043	0.468062
0.044	0.467182
0.045	0.466304
0.046	0.465429
0.047	0.464558
0.048	0.463689
0.049	0.462823
0.05	0.46196
0.051	0.4611
0.052	0.460242
0.053	0.459388
0.054	0.458537
0.055	0.457688
0.056	0.456843
0.057	0.456
0.058	0.455161
0.059	0.454324
0.06	0.45349
0.061	0.452659
0.062	0.451831
0.063	0.451006
0.064	0.450184
0.065	0.449364
0.066	0.448548
0.067	0.447735
0.068	0.446924
0.069	0.446116
0.07	0.445312
0.071	0.44451
0.072	0.443711
0.073	0.442915
0.074	0.442122
0.075	0.441332
0.076	0.440545
0.077	0.439761
0.078	0.438979
0.079	0.438201
0.08	0.437425
0.081	0.436653
0.082	0.435883
0.083	0.435116
0.084	0.434352
0.085	0.433592
0.086	0.432834
0.087	0.432078
0.088	0.431326
0.089	0.430577
0.09	0.429831
0.091	0.429087
0.092	0.428347
0.093	0.427609
0.094	0.426875
0.095	0.426143
0.096	0.425414
0.097	0.424688
0.098	0.423965
0.099	0.423245
0.1	0.422528
0.101	0.421814
0.102	0.421102
0.103	0.420394
0.104	0.419689
0.105	0.418986
0.106	0.418286
0.107	0.41759
0.108	0.416896
0.109	0.416205
0.11	0.415517
0.111	0.414832
0.112	0.41415
0.113	0.413471
0.114	0.412794
0.115	0.412121
0.116	0.41145
0.117	0.410783
0.118	0.410118
0.119	0.409457
0.12	0.408798
0.121	0.408142
0.122	0.407489
0.123	0.406839
0.124	0.406192
0.125	0.405548
0.126	0.404906
0.127	0.404268
0.128	0.403632
0.129	0.403
0.13	0.40237
0.131	0.401744
0.132	0.40112
0.133	0.400499
0.134	0.399881
0.135	0.399266
0.136	0.398654
0.137	0.398045
0.138	0.397438
0.139	0.396835
0.14	0.396235
0.141	0.395637
0.142	0.395043
0.143	0.394451
0.144	0.393862
0.145	0.393276
0.146	0.392693
0.147	0.392113
0.148	0.391536
0.149	0.390962
0.15	0.390391
0.151	0.389822
0.152	0.389257
0.153	0.388695
0.154	0.388135
0.155	0.387578
0.156	0.387025
0.157	0.386474
0.158	0.385926
0.159	0.385381
0.16	0.384839
0.161	0.3843
0.162	0.383763
0.163	0.38323
0.164	0.3827
0.165	0.382172
0.166	0.381648
0.167	0.381126
0.168	0.380607
0.169	0.380091
0.17	0.379579
0.171	0.379069
0.172	0.378561
0.173	0.378057
0.174	0.377556
0.175	0.377058
0.176	0.376562
0.177	0.37607
0.178	0.37558
0.179	0.375094
0.18	0.37461
0.181	0.374129
0.182	0.373651
0.183	0.373176
0.184	0.372704
0.185	0.372235
0.186	0.371769
0.187	0.371306
0.188	0.370845
0.189	0.370388
0.19	0.369933
0.191	0.369482
0.192	0.369033
0.193	0.368587
0.194	0.368144
0.195	0.367704
0.196	0.367267
0.197	0.366833
0.198	0.366402
0.199	0.365974
0.2	0.365548
0.201	0.365126
0.202	0.364706
0.203	0.36429
0.204	0.363876
0.205	0.363465
0.206	0.363058
0.207	0.362653
0.208	0.362251
0.209	0.361852
0.21	0.361455
0.211	0.361062
0.212	0.360672
0.213	0.360284
0.214	0.3599
0.215	0.359518
0.216	0.35914
0.217	0.358764
0.218	0.358391
0.219	0.358021
0.22	0.357654
0.221	0.35729
0.222	0.356929
0.223	0.356571
0.224	0.356215
0.225	0.355863
0.226	0.355513
0.227	0.355167
0.228	0.354823
0.229	0.354482
0.23	0.354145
0.231	0.35381
0.232	0.353478
0.233	0.353149
0.234	0.352822
0.235	0.352499
0.236	0.352179
0.237	0.351861
0.238	0.351547
0.239	0.351235
0.24	0.350927
0.241	0.350621
0.242	0.350318
0.243	0.350018
0.244	0.349721
0.245	0.349427
0.246	0.349136
0.247	0.348848
0.248	0.348563
0.249	0.34828
0.25	0.348001
0.251	0.347724
0.252	0.347451
0.253	0.34718
0.254	0.346912
0.255	0.346647
0.256	0.346385
0.257	0.346126
0.258	0.34587
0.259	0.345617
0.26	0.345367
0.261	0.345119
0.262	0.344875
0.263	0.344633
0.264	0.344395
0.265	0.344159
0.266	0.343926
0.267	0.343696
0.268	0.343469
0.269	0.343245
0.27	0.343024
0.271	0.342806
0.272	0.342591
0.273	0.342379
0.274	0.342169
0.275	0.341963
0.276	0.341759
0.277	0.341558
0.278	0.341361
0.279	0.341166
0.28	0.340974
0.281	0.340785
0.282	0.340599
0.283	0.340415
0.284	0.340235
0.285	0.340058
0.286	0.339883
0.287	0.339712
0.288	0.339543
0.289	0.339378
0.29	0.339215
0.291	0.339055
0.292	0.338898
0.293	0.338744
0.294	0.338593
0.295	0.338445
0.296	0.3383
0.297	0.338157
0.298	0.338018
0.299	0.337882
0.3	0.337748
0.301	0.337617
0.302	0.33749
0.303	0.337365
0.304	0.337243
0.305	0.337124
0.306	0.337008
0.307	0.336895
0.308	0.336784
0.309	0.336677
0.31	0.336573
0.311	0.336471
0.312	0.336373
0.313	0.336277
0.314	0.336184
0.315	0.336095
0.316	0.336008
0.317	0.335924
0.318	0.335843
0.319	0.335765
0.32	0.335689
0.321	0.335617
0.322	0.335548
0.323	0.335481
0.324	0.335418
0.325	0.335357
0.326	0.335299
0.327	0.335245
0.328	0.335193
0.329	0.335144
0.33	0.335098
0.331	0.335055
0.332	0.335014
0.333	0.334977
0.334	0.334943
0.335	0.334911
0.336	0.334883
0.337	0.334857
0.338	0.334835
0.339	0.334815
0.34	0.334798
0.341	0.334784
0.342	0.334773
0.343	0.334765
0.344	0.33476
0.345	0.334757
0.346	0.334758
0.347	0.334762
0.348	0.334768
0.349	0.334778
0.35	0.33479
0.351	0.334805
0.352	0.334823
0.353	0.334844
0.354	0.334868
0.355	0.334895
0.356	0.334925
0.357	0.334958
0.358	0.334994
0.359	0.335032
0.36	0.335074
0.361	0.335118
0.362	0.335165
0.363	0.335216
0.364	0.335269
0.365	0.335325
0.366	0.335384
0.367	0.335446
0.368	0.335511
0.369	0.335578
0.37	0.335649
0.371	0.335723
0.372	0.335799
0.373	0.335879
0.374	0.335961
0.375	0.336046
0.376	0.336135
0.377	0.336226
0.378	0.33632
0.379	0.336417
0.38	0.336517
0.381	0.336619
0.382	0.336725
0.383	0.336834
0.384	0.336945
0.385	0.33706
0.386	0.337177
0.387	0.337297
0.388	0.33742
0.389	0.337547
0.39	0.337676
0.391	0.337808
0.392	0.337942
0.393	0.33808
0.394	0.338221
0.395	0.338365
0.396	0.338511
0.397	0.338661
0.398	0.338813
0.399	0.338968
0.4	0.339127
0.401	0.339288
0.402	0.339452
0.403	0.339619
0.404	0.339789
0.405	0.339961
0.406	0.340137
0.407	0.340316
0.408	0.340497
0.409	0.340682
0.41	0.340869
0.411	0.34106
0.412	0.341253
0.413	0.341449
0.414	0.341648
0.415	0.34185
0.416	0.342055
0.417	0.342263
0.418	0.342473
0.419	0.342687
0.42	0.342904
0.421	0.343123
0.422	0.343346
0.423	0.343571
0.424	0.343799
0.425	0.34403
0.426	0.344264
0.427	0.344501
0.428	0.344741
0.429	0.344984
0.43	0.34523
0.431	0.345479
0.432	0.34573
0.433	0.345985
0.434	0.346242
0.435	0.346503
0.436	0.346766
0.437	0.347032
0.438	0.347301
0.439	0.347573
0.44	0.347848
0.441	0.348126
0.442	0.348407
0.443	0.34869
0.444	0.348977
0.445	0.349267
0.446	0.349559
0.447	0.349854
0.448	0.350153
0.449	0.350454
0.45	0.350758
0.451	0.351065
0.452	0.351375
0.453	0.351688
0.454	0.352004
0.455	0.352322
0.456	0.352644
0.457	0.352968
0.458	0.353296
0.459	0.353626
0.46	0.35396
0.461	0.354296
0.462	0.354635
0.463	0.354977
0.464	0.355322
0.465	0.35567
0.466	0.356021
0.467	0.356374
0.468	0.356731
0.469	0.357091
0.47	0.357453
0.471	0.357818
0.472	0.358187
0.473	0.358558
0.474	0.358932
0.475	0.359309
0.476	0.359689
0.477	0.360072
0.478	0.360458
0.479	0.360847
0.48	0.361238
0.481	0.361633
0.482	0.36203
0.483	0.362431
0.484	0.362834
0.485	0.36324
0.486	0.363649
0.487	0.364062
0.488	0.364477
0.489	0.364894
0.49	0.365315
0.491	0.365739
0.492	0.366166
0.493	0.366595
0.494	0.367028
0.495	0.367463
0.496	0.367902
0.497	0.368343
0.498	0.368787
0.499	0.369234
0.5	0.369684
0.501	0.370137
0.502	0.370593
0.503	0.371052
0.504	0.371513
0.505	0.371978
0.506	0.372445
0.507	0.372916
0.508	0.373389
0.509	0.373865
0.51	0.374345
0.511	0.374827
0.512	0.375312
0.513	0.3758
0.514	0.376291
0.515	0.376784
0.516	0.377281
0.517	0.377781
0.518	0.378283
0.519	0.378789
0.52	0.379297
0.521	0.379808
0.522	0.380323
0.523	0.38084
0.524	0.38136
0.525	0.381883
0.526	0.382409
0.527	0.382937
0.528	0.383469
0.529	0.384004
0.53	0.384541
0.531	0.385082
0.532	0.385625
0.533	0.386171
0.534	0.386721
0.535	0.387273
0.536	0.387828
0.537	0.388386
0.538	0.388947
0.539	0.38951
0.54	0.390077
0.541	0.390647
0.542	0.391219
0.543	0.391795
0.544	0.392373
0.545	0.392955
0.546	0.393539
0.547	0.394126
0.548	0.394716
0.549	0.395309
0.55	0.395905
0.551	0.396504
0.552	0.397106
0.553	0.39771
0.554	0.398318
0.555	0.398928
0.556	0.399542
0.557	0.400158
0.558	0.400777
0.559	0.401399
0.56	0.402025
0.561	0.402653
0.562	0.403283
0.563	0.403917
0.564	0.404554
0.565	0.405194
0.566	0.405836
0.567	0.406482
0.568	0.40713
0.569	0.407782
0.57	0.408436
0.571	0.409093
0.572	0.409753
0.573	0.410416
0.574	0.411082
0.575	0.411751
0.576	0.412423
0.577	0.413097
0.578	0.413775
0.579	0.414456
0.58	0.415139
0.581	0.415825
0.582	0.416515
0.583	0.417207
0.584	0.417902
0.585	0.4186
0.586	0.419301
0.587	0.420005
0.588	0.420712
0.589	0.421421
0.59	0.422134
0.591	0.422849
0.592	0.423568
0.593	0.424289
0.594	0.425014
0.595	0.425741
0.596	0.426471
0.597	0.427204
0.598	0.42794
0.599	0.428679
0.6	0.429421
0.601	0.430165
0.602	0.430913
0.603	0.431664
0.604	0.432417
0.605	0.433173
0.606	0.433933
0.607	0.434695
0.608	0.43546
0.609	0.436228
0.61	0.436999
0.611	0.437773
0.612	0.43855
0.613	0.43933
0.614	0.440112
0.615	0.440898
0.616	0.441686
0.617	0.442478
0.618	0.443272
0.619	0.444069
0.62	0.444869
0.621	0.445673
0.622	0.446478
0.623	0.447287
0.624	0.448099
0.625	0.448914
0.626	0.449732
0.627	0.450552
0.628	0.451376
0.629	0.452202
0.63	0.453032
0.631	0.453864
0.632	0.454699
0.633	0.455537
0.634	0.456378
0.635	0.457222
0.636	0.458069
0.637	0.458919
0.638	0.459771
0.639	0.460627
0.64	0.461485
0.641	0.462347
0.642	0.463211
0.643	0.464078
0.644	0.464949
0.645	0.465822
0.646	0.466698
0.647	0.467577
0.648	0.468459
0.649	0.469343
0.65	0.470231
0.651	0.471122
0.652	0.472015
0.653	0.472912
0.654	0.473811
0.655	0.474713
0.656	0.475618
0.657	0.476527
0.658	0.477438
0.659	0.478352
0.66	0.479268
0.661	0.480188
0.662	0.481111
0.663	0.482037
0.664	0.482965
0.665	0.483897
0.666	0.484831
0.667	0.485768
0.668	0.486709
0.669	0.487652
0.67	0.488598
0.671	0.489547
0.672	0.490499
0.673	0.491453
0.674	0.492411
0.675	0.493372
0.676	0.494335
0.677	0.495302
0.678	0.496271
0.679	0.497244
0.68	0.498219
0.681	0.499197
0.682	0.500178
0.683	0.501162
0.684	0.502149
0.685	0.503139
0.686	0.504131
0.687	0.505127
0.688	0.506126
0.689	0.507127
0.69	0.508132
0.691	0.509139
0.692	0.510149
0.693	0.511162
0.694	0.512178
0.695	0.513197
0.696	0.514219
0.697	0.515244
0.698	0.516272
0.699	0.517303
0.7	0.518336
0.701	0.519373
0.702	0.520412
0.703	0.521454
0.704	0.5225
0.705	0.523548
0.706	0.524599
0.707	0.525653
0.708	0.52671
0.709	0.52777
0.71	0.528833
0.711	0.529898
0.712	0.530967
0.713	0.532038
0.714	0.533113
0.715	0.53419
0.716	0.53527
0.717	0.536354
0.718	0.53744
0.719	0.538529
0.72	0.539621
0.721	0.540716
0.722	0.541813
0.723	0.542914
0.724	0.544018
0.725	0.545124
0.726	0.546234
0.727	0.547346
0.728	0.548461
0.729	0.54958
0.73	0.550701
0.731	0.551825
0.732	0.552952
0.733	0.554082
0.734	0.555214
0.735	0.55635
0.736	0.557489
0.737	0.55863
0.738	0.559775
0.739	0.560922
0.74	0.562073
0.741	0.563226
0.742	0.564382
0.743	0.565541
0.744	0.566703
0.745	0.567868
0.746	0.569036
0.747	0.570206
0.748	0.57138
0.749	0.572557
0.75	0.573736
0.751	0.574919
0.752	0.576104
0.753	0.577292
0.754	0.578483
0.755	0.579677
0.756	0.580874
0.757	0.582074
0.758	0.583277
0.759	0.584483
0.76	0.585691
0.761	0.586903
0.762	0.588118
0.763	0.589335
0.764	0.590555
0.765	0.591779
0.766	0.593005
0.767	0.594234
0.768	0.595466
0.769	0.596701
0.77	0.597939
0.771	0.599179
0.772	0.600423
0.773	0.60167
0.774	0.602919
0.775	0.604172
0.776	0.605427
0.777	0.606685
0.778	0.607946
0.779	0.609211
0.78	0.610478
0.781	0.611747
0.782	0.61302
0.783	0.614296
0.784	0.615575
0.785	0.616856
0.786	0.618141
0.787	0.619428
0.788	0.620719
0.789	0.622012
0.79	0.623308
0.791	0.624607
0.792	0.625909
0.793	0.627214
0.794	0.628522
0.795	0.629833
0.796	0.631147
0.797	0.632463
0.798	0.633783
0.799	0.635105
0.8	0.636431
0.801	0.637759
0.802	0.63909
0.803	0.640424
0.804	0.641761
0.805	0.643101
0.806	0.644444
0.807	0.64579
0.808	0.647139
0.809	0.648491
0.81	0.649845
0.811	0.651203
0.812	0.652563
0.813	0.653926
0.814	0.655292
0.815	0.656662
0.816	0.658034
0.817	0.659409
0.818	0.660787
0.819	0.662167
0.82	0.663551
0.821	0.664938
0.822	0.666327
0.823	0.66772
0.824	0.669115
0.825	0.670514
0.826	0.671915
0.827	0.673319
0.828	0.674726
0.829	0.676136
0.83	0.677549
0.831	0.678965
0.832	0.680384
0.833	0.681805
0.834	0.68323
0.835	0.684657
0.836	0.686088
0.837	0.687521
0.838	0.688957
0.839	0.690397
0.84	0.691839
0.841	0.693284
0.842	0.694732
0.843	0.696183
0.844	0.697636
0.845	0.699093
0.846	0.700553
0.847	0.702015
0.848	0.703481
0.849	0.704949
0.85	0.70642
0.851	0.707894
0.852	0.709371
0.853	0.710852
0.854	0.712334
0.855	0.71382
0.856	0.715309
0.857	0.716801
0.858	0.718295
0.859	0.719793
0.86	0.721293
0.861	0.722797
0.862	0.724303
0.863	0.725812
0.864	0.727324
0.865	0.728839
0.866	0.730357
0.867	0.731878
0.868	0.733402
0.869	0.734929
0.87	0.736458
0.871	0.737991
0.872	0.739527
0.873	0.741065
0.874	0.742606
0.875	0.74415
0.876	0.745698
0.877	0.747248
0.878	0.748801
0.879	0.750357
0.88	0.751915
0.881	0.753477
0.882	0.755042
0.883	0.756609
0.884	0.75818
0.885	0.759753
0.886	0.761329
0.887	0.762909
0.888	0.764491
0.889	0.766076
0.89	0.767664
0.891	0.769255
0.892	0.770849
0.893	0.772445
0.894	0.774045
0.895	0.775648
0.896	0.777253
0.897	0.778862
0.898	0.780473
0.899	0.782087
0.9	0.783704
0.901	0.785324
0.902	0.786947
0.903	0.788573
0.904	0.790202
0.905	0.791834
0.906	0.793469
0.907	0.795106
0.908	0.796747
0.909	0.79839
0.91	0.800037
0.911	0.801686
0.912	0.803338
0.913	0.804993
0.914	0.806651
0.915	0.808312
0.916	0.809976
0.917	0.811643
0.918	0.813312
0.919	0.814985
0.92	0.816661
0.921	0.818339
0.922	0.82002
0.923	0.821705
0.924	0.823392
0.925	0.825082
0.926	0.826775
0.927	0.828471
0.928	0.83017
0.929	0.831872
0.93	0.833576
0.931	0.835284
0.932	0.836995
0.933	0.838708
0.934	0.840424
0.935	0.842144
0.936	0.843866
0.937	0.845591
0.938	0.847319
0.939	0.84905
0.94	0.850784
0.941	0.852521
0.942	0.85426
0.943	0.856003
0.944	0.857749
0.945	0.859497
0.946	0.861249
0.947	0.863003
0.948	0.86476
0.949	0.86652
0.95	0.868283
0.951	0.870049
0.952	0.871818
0.953	0.87359
0.954	0.875365
0.955	0.877142
0.956	0.878923
0.957	0.880706
0.958	0.882493
0.959	0.884282
0.96	0.886074
0.961	0.88787
0.962	0.889668
0.963	0.891469
0.964	0.893273
0.965	0.895079
0.966	0.896889
0.967	0.898702
0.968	0.900517
0.969	0.902336
0.97	0.904157
0.971	0.905982
0.972	0.907809
0.973	0.909639
0.974	0.911472
0.975	0.913308
0.976	0.915147
0.977	0.916989
0.978	0.918834
0.979	0.920682
0.98	0.922532
0.981	0.924386
0.982	0.926242
0.983	0.928101
0.984	0.929964
0.985	0.931829
0.986	0.933697
0.987	0.935568
0.988	0.937442
0.989	0.939319
0.99	0.941199
0.991	0.943081
0.992	0.944967
0.993	0.946855
0.994	0.948747
0.995	0.950641
0.996	0.952539
0.997	0.954439
0.998	0.956342
0.999	0.958248
