# Interpolation data for function: x^2 * (x > 0.5)
0	0
0.001	0
0.002	0
0.003	0
0.004	0
0.005	0
0.006	0
0.007	0
0.008	0
0.009	0
0.01	0
0.011	0
0.012	0
0.013	0
0.014	0
0.015	0
0.016	0
0.017	0
0.018	0
0.019	0
0.02	0
0.021	0
0.022	0
0.023	0
0.024	0
0.025	0
0.026	0
0.027	0
0.028	0
0.029	0
0.03	0
0.031	0
0.032	0
0.033	0
0.034	0
0.035	0
0.036	0
0.037	0
0.038	0
0.039	0
0.04	0
0.041	0
0.042	0
0.043	0
0.044	0
0.045	0
0.046	0
0.047	0
0.048	0
0.049	0
0.05	0
0.051	0
0.052	0
0.053	0
0.054	0
0.055	0
0.056	0
0.057	0
0.058	0
0.059	0
0.06	0
0.061	0
0.062	0
0.063	0
0.064	0
0.065	0
0.066	0
0.067	0
0.068	0
0.069	0
0.07	0
0.071	0
0.072	0
0.073	0
0.074	0
0.075	0
0.076	0
0.077	0
0.078	0
0.079	0
0.08	0
0.081	0
0.082	0
0.083	0
0.084	0
0.085	0
0.086	0
0.087	0
0.088	0
0.089	0
0.09	0
0.091	0
0.092	0
0.093	0
0.094	0
0.095	0
0.096	0
0.097	0
0.098	0
0.099	0
0.1	0
0.101	0
0.102	0
0.103	0
0.104	0
0.105	0
0.106	0
0.107	0
0.108	0
0.109	0
0.11	0
0.111	0
0.112	0
0.113	0
0.114	0
0.115	0
0.116	0
0.117	0
0.118	0
0.119	0
0.12	0
0.121	0
0.122	0
0.123	0
0.124	0
0.125	0
0.126	0
0.127	0
0.128	0
0.129	0
0.13	0
0.131	0
0.132	0
0.133	0
0.134	0
0.135	0
0.136	0
0.137	0
0.138	0
0.139	0
0.14	0
0.141	0
0.142	0
0.143	0
0.144	0
0.145	0
0.146	0
0.147	0
0.148	0
0.149	0
0.15	0
0.151	0
0.152	0
0.153	0
0.154	0
0.155	0
0.156	0
0.157	0
0.158	0
0.159	0
0.16	0
0.161	0
0.162	0
0.163	0
0.164	0
0.165	0
0.166	0
0.167	0
0.168	0
0.169	0
0.17	0
0.171	0
0.172	0
0.173	0
0.174	0
0.175	0
0.176	0
0.177	0
0.178	0
0.179	0
0.18	0
0.181	0
0.182	0
0.183	0
0.184	0
0.185	0
0.186	0
0.187	0
0.188	0
0.189	0
0.19	0
0.191	0
0.192	0
0.193	0
0.194	0
0.195	0
0.196	0
0.197	0
0.198	0
0.199	0
0.2	0
0.201	0
0.202	0
0.203	0
0.204	0
0.205	0
0.206	0
0.207	0
0.208	0
0.209	0
0.21	0
0.211	0
0.212	0
0.213	0
0.214	0
0.215	0
0.216	0
0.217	0
0.218	0
0.219	0
0.22	0
0.221	0
0.222	0
0.223	0
0.224	0
0.225	0
0.226	0
0.227	0
0.228	0
0.229	0
0.23	0
0.231	0
0.232	0
0.233	0
0.234	0
0.235	0
0.236	0
0.237	0
0.238	0
0.239	0
0.24	0
0.241	0
0.242	0
0.243	0
0.244	0
0.245	0
0.246	0
0.247	0
0.248	0
0.249	0
0.25	0
0.251	0
0.252	0
0.253	0
0.254	0
0.255	0
0.256	0
0.257	0
0.258	0
0.259	0
0.26	0
0.261	0
0.262	0
0.263	0
0.264	0
0.265	0
0.266	0
0.267	0
0.268	0
0.269	0
0.27	0
0.271	0
0.272	0
0.273	0
0.274	0
0.275	0
0.276	0
0.277	0
0.278	0
0.279	0
0.28	0
0.281	0
0.282	0
0.283	0
0.284	0
0.285	0
0.286	0
0.287	0
0.288	0
0.289	0
0.29	0
0.291	0
0.292	0
0.293	0
0.294	0
0.295	0
0.296	0
0.297	0
0.298	0
0.299	0
0.3	0
0.301	0
0.302	0
0.303	0
0.304	0
0.305	0
0.306	0
0.307	0
0.308	0
0.309	0
0.31	0
0.311	0
0.312	0
0.313	0
0.314	0
0.315	0
0.316	0
0.317	0
0.318	0
0.319	0
0.32	0
0.321	0
0.322	0
0.323	0
0.324	0
0.325	0
0.326	0
0.327	0
0.328	0
0.329	0
0.33	0
0.331	0
0.332	0
0.333	0
0.334	0
0.335	0
0.336	0
0.337	0
0.338	0
0.339	0
0.34	0
0.341	0
0.342	0
0.343	0
0.344	0
0.345	0
0.346	0
0.347	0
0.348	0
0.349	0
0.35	0
0.351	0
0.352	0
0.353	0
0.354	0
0.355	0
0.356	0
0.357	0
0.358	0
0.359	0
0.36	0
0.361	0
0.362	0
0.363	0
0.364	0
0.365	0
0.366	0
0.367	0
0.368	0
0.369	0
0.37	0
0.371	0
0.372	0
0.373	0
0.374	0
0.375	0
0.376	0
0.377	0
0.378	0
0.379	0
0.38	0
0.381	0
0.382	0
0.383	0
0.384	0
0.385	0
0.386	0
0.387	0
0.388	0
0.389	0
0.39	0
0.391	0
0.392	0
0.393	0
0.394	0
0.395	0
0.396	0
0.397	0
0.398	0
0.399	0
0.4	0
0.401	0
0.402	0
0.403	0
0.404	0
0.405	0
0.406	0
0.407	0
0.408	0
0.409	0
0.41	0
0.411	0
0.412	0
0.413	0
0.414	0
0.415	0
0.416	0
0.417	0
0.418	0
0.419	0
0.42	0
0.421	0
0.422	0
0.423	0
0.424	0
0.425	0
0.426	0
0.427	0
0.428	0
0.429	0
0.43	0
0.431	0
0.432	0
0.433	0
0.434	0
0.435	0
0.436	0
0.437	0
0.438	0
0.439	0
0.44	0
0.441	0
0.442	0
0.443	0
0.444	0
0.445	0
0.446	0
0.447	0
0.448	0
0.449	0
0.45	0
0.451	0
0.452	0
0.453	0
0.454	0
0.455	0
0.456	0
0.457	0
0.458	0
0.459	0
0.46	0
0.461	0
0.462	0
0.463	0
0.464	0
0.465	0
0.466	0
0.467	0
0.468	0
0.469	0
0.47	0
0.471	0
0.472	0
0.473	0
0.474	0
0.475	0
0.476	0
0.477	0
0.478	0
0.479	0
0.48	0
0.481	0
0.482	0
0.483	0
0.484	0
0.485	0
0.486	0
0.487	0
0.488	0
0.489	0
0.49	0
0.491	0
0.492	0
0.493	0
0.494	0
0.495	0
0.496	0
0.497	0
0.498	0
0.499	0
0.5	0.208333
0.501	0.209833
0.502	0.211333
0.503	0.212833
0.504	0.214333
0.505	0.215833
0.506	0.217333
0.507	0.218833
0.508	0.220333
0.509	0.221833
0.51	0.223333
0.511	0.224833
0.512	0.226333
0.513	0.227833
0.514	0.229333
0.515	0.230833
0.516	0.232333
0.517	0.233833
0.518	0.235333
0.519	0.236833
0.52	0.238333
0.521	0.239833
0.522	0.241333
0.523	0.242833
0.524	0.244333
0.525	0.245833
0.526	0.247333
0.527	0.248833
0.528	0.250333
0.529	0.251833
0.53	0.253333
0.531	0.254833
0.532	0.256333
0.533	0.257833
0.534	0.259333
0.535	0.260833
0.536	0.262333
0.537	0.263833
0.538	0.265333
0.539	0.266833
0.54	0.268333
0.541	0.269833
0.542	0.271333
0.543	0.272833
0.544	0.274333
0.545	0.275833
0.546	0.277333
0.547	0.278833
0.548	0.280333
0.549	0.281833
0.55	0.283333
0.551	0.284833
0.552	0.286333
0.553	0.287833
0.554	0.289333
0.555	0.290833
0.556	0.292333
0.557	0.293833
0.558	0.295333
0.559	0.296833
0.56	0.298333
0.561	0.299833
0.562	0.301333
0.563	0.302833
0.564	0.304333
0.565	0.305833
0.566	0.307333
0.567	0.308833
0.568	0.310333
0.569	0.311833
0.57	0.313333
0.571	0.314833
0.572	0.316333
0.573	0.317833
0.574	0.319333
0.575	0.320833
0.576	0.322333
0.577	0.323833
0.578	0.325333
0.579	0.326833
0.58	0.328333
0.581	0.329833
0.582	0.331333
0.583	0.332833
0.584	0.334333
0.585	0.335833
0.586	0.337333
0.587	0.338833
0.588	0.340333
0.589	0.341833
0.59	0.343333
0.591	0.344833
0.592	0.346333
0.593	0.347833
0.594	0.349333
0.595	0.350833
0.596	0.352333
0.597	0.353833
0.598	0.355333
0.599	0.356833
0.6	0.358333
0.601	0.359833
0.602	0.361333
0.603	0.362833
0.604	0.364333
0.605	0.365833
0.606	0.367333
0.607	0.368833
0.608	0.370333
0.609	0.371833
0.61	0.373333
0.611	0.374833
0.612	0.376333
0.613	0.377833
0.614	0.379333
0.615	0.380833
0.616	0.382333
0.617	0.383833
0.618	0.385333
0.619	0.386833
0.62	0.388333
0.621	0.389833
0.622	0.391333
0.623	0.392833
0.624	0.394333
0.625	0.395833
0.626	0.397333
0.627	0.398833
0.628	0.400333
0.629	0.401833
0.63	0.403333
0.631	0.404833
0.632	0.406333
0.633	0.407833
0.634	0.409333
0.635	0.410833
0.636	0.412333
0.637	0.413833
0.638	0.415333
0.639	0.416833
0.64	0.418333
0.641	0.419833
0.642	0.421333
0.643	0.422833
0.644	0.424333
0.645	0.425833
0.646	0.427333
0.647	0.428833
0.648	0.430333
0.649	0.431833
0.65	0.433333
0.651	0.434833
0.652	0.436333
0.653	0.437833
0.654	0.439333
0.655	0.440833
0.656	0.442333
0.657	0.443833
0.658	0.445333
0.659	0.446833
0.66	0.448333
0.661	0.449833
0.662	0.451333
0.663	0.452833
0.664	0.454333
0.665	0.455833
0.666	0.457333
0.667	0.458833
0.668	0.460333
0.669	0.461833
0.67	0.463333
0.671	0.464833
0.672	0.466333
0.673	0.467833
0.674	0.469333
0.675	0.470833
0.676	0.472333
0.677	0.473833
0.678	0.475333
0.679	0.476833
0.68	0.478333
0.681	0.479833
0.682	0.481333
0.683	0.482833
0.684	0.484333
0.685	0.485833
0.686	0.487333
0.687	0.488833
0.688	0.490333
0.689	0.491833
0.69	0.493333
0.691	0.494833
0.692	0.496333
0.693	0.497833
0.694	0.499333
0.695	0.500833
0.696	0.502333
0.697	0.503833
0.698	0.505333
0.699	0.506833
0.7	0.508333
0.701	0.509833
0.702	0.511333
0.703	0.512833
0.704	0.514333
0.705	0.515833
0.706	0.517333
0.707	0.518833
0.708	0.520333
0.709	0.521833
0.71	0.523333
0.711	0.524833
0.712	0.526333
0.713	0.527833
0.714	0.529333
0.715	0.530833
0.716	0.532333
0.717	0.533833
0.718	0.535333
0.719	0.536833
0.72	0.538333
0.721	0.539833
0.722	0.541333
0.723	0.542833
0.724	0.544333
0.725	0.545833
0.726	0.547333
0.727	0.548833
0.728	0.550333
0.729	0.551833
0.73	0.553333
0.731	0.554833
0.732	0.556333
0.733	0.557833
0.734	0.559333
0.735	0.560833
0.736	0.562333
0.737	0.563833
0.738	0.565333
0.739	0.566833
0.74	0.568333
0.741	0.569833
0.742	0.571333
0.743	0.572833
0.744	0.574333
0.745	0.575833
0.746	0.577333
0.747	0.578833
0.748	0.580333
0.749	0.581833
0.75	0.583333
0.751	0.584833
0.752	0.586333
0.753	0.587833
0.754	0.589333
0.755	0.590833
0.756	0.592333
0.757	0.593833
0.758	0.595333
0.759	0.596833
0.76	0.598333
0.761	0.599833
0.762	0.601333
0.763	0.602833
0.764	0.604333
0.765	0.605833
0.766	0.607333
0.767	0.608833
0.768	0.610333
0.769	0.611833
0.77	0.613333
0.771	0.614833
0.772	0.616333
0.773	0.617833
0.774	0.619333
0.775	0.620833
0.776	0.622333
0.777	0.623833
0.778	0.625333
0.779	0.626833
0.78	0.628333
0.781	0.629833
0.782	0.631333
0.783	0.632833
0.784	0.634333
0.785	0.635833
0.786	0.637333
0.787	0.638833
0.788	0.640333
0.789	0.641833
0.79	0.643333
0.791	0.644833
0.792	0.646333
0.793	0.647833
0.794	0.649333
0.795	0.650833
0.796	0.652333
0.797	0.653833
0.798	0.655333
0.799	0.656833
0.8	0.658333
0.801	0.659833
0.802	0.661333
0.803	0.662833
0.804	0.664333
0.805	0.665833
0.806	0.667333
0.807	0.668833
0.808	0.670333
0.809	0.671833
0.81	0.673333
0.811	0.674833
0.812	0.676333
0.813	0.677833
0.814	0.679333
0.815	0.680833
0.816	0.682333
0.817	0.683833
0.818	0.685333
0.819	0.686833
0.82	0.688333
0.821	0.689833
0.822	0.691333
0.823	0.692833
0.824	0.694333
0.825	0.695833
0.826	0.697333
0.827	0.698833
0.828	0.700333
0.829	0.701833
0.83	0.703333
0.831	0.704833
0.832	0.706333
0.833	0.707833
0.834	0.709333
0.835	0.710833
0.836	0.712333
0.837	0.713833
0.838	0.715333
0.839	0.716833
0.84	0.718333
0.841	0.719833
0.842	0.721333
0.843	0.722833
0.844	0.724333
0.845	0.725833
0.846	0.727333
0.847	0.728833
0.848	0.730333
0.849	0.731833
0.85	0.733333
0.851	0.734833
0.852	0.736333
0.853	0.737833
0.854	0.739333
0.855	0.740833
0.856	0.742333
0.857	0.743833
0.858	0.745333
0.859	0.746833
0.86	0.748333
0.861	0.749833
0.862	0.751333
0.863	0.752833
0.864	0.754333
0.865	0.755833
0.866	0.757333
0.867	0.758833
0.868	0.760333
0.869	0.761833
0.87	0.763333
0.871	0.764833
0.872	0.766333
0.873	0.767833
0.874	0.769333
0.875	0.770833
0.876	0.772333
0.877	0.773833
0.878	0.775333
0.879	0.776833
0.88	0.778333
0.881	0.779833
0.882	0.781333
0.883	0.782833
0.884	0.784333
0.885	0.785833
0.886	0.787333
0.887	0.788833
0.888	0.790333
0.889	0.791833
0.89	0.793333
0.891	0.794833
0.892	0.796333
0.893	0.797833
0.894	0.799333
0.895	0.800833
0.896	0.802333
0.897	0.803833
0.898	0.805333
0.899	0.806833
0.9	0.808333
0.901	0.809833
0.902	0.811333
0.903	0.812833
0.904	0.814333
0.905	0.815833
0.906	0.817333
0.907	0.818833
0.908	0.820333
0.909	0.821833
0.91	0.823333
0.911	0.824833
0.912	0.826333
0.913	0.827833
0.914	0.829333
0.915	0.830833
0.916	0.832333
0.917	0.833833
0.918	0.835333
0.919	0.836833
0.92	0.838333
0.921	0.839833
0.922	0.841333
0.923	0.842833
0.924	0.844333
0.925	0.845833
0.926	0.847333
0.927	0.848833
0.928	0.850333
0.929	0.851833
0.93	0.853333
0.931	0.854833
0.932	0.856333
0.933	0.857833
0.934	0.859333
0.935	0.860833
0.936	0.862333
0.937	0.863833
0.938	0.865333
0.939	0.866833
0.94	0.868333
0.941	0.869833
0.942	0.871333
0.943	0.872833
0.944	0.874333
0.945	0.875833
0.946	0.877333
0.947	0.878833
0.948	0.880333
0.949	0.881833
0.95	0.883333
0.951	0.884833
0.952	0.886333
0.953	0.887833
0.954	0.889333
0.955	0.890833
0.956	0.892333
0.957	0.893833
0.958	0.895333
0.959	0.896833
0.96	0.898333
0.961	0.899833
0.962	0.901333
0.963	0.902833
0.964	0.904333
0.965	0.905833
0.966	0.907333
0.967	0.908833
0.968	0.910333
0.969	0.911833
0.97	0.913333
0.971	0.914833
0.972	0.916333
0.973	0.917833
0.974	0.919333
0.975	0.920833
0.976	0.922333
0.977	0.923833
0.978	0.925333
0.979	0.926833
0.98	0.928333
0.981	0.929833
0.982	0.931333
0.983	0.932833
0.984	0.934333
0.985	0.935833
0.986	0.937333
0.987	0.938833
0.988	0.940333
0.989	0.941833
0.99	0.943333
0.991	0.944833
0.992	0.946333
0.993	0.947833
0.994	0.949333
0.995	0.950833
0.996	0.952333
0.997	0.953833
0.998	0.955333
0.999	0.956833
