# Interpolation data for function: x^2 * (x > 0.5)
0	0.287925
0.001	0.287925
0.002	0.287925
0.003	0.287925
0.004	0.287925
0.005	0.287925
0.006	0.287925
0.007	0.287925
0.008	0.287925
0.009	0.287925
0.01	0.287925
0.011	0.287925
0.012	0.287925
0.013	0.287925
0.014	0.287925
0.015	0.287925
0.016	0.287925
0.017	0.287925
0.018	0.287925
0.019	0.287925
0.02	0.287925
0.021	0.287925
0.022	0.287925
0.023	0.287925
0.024	0.287925
0.025	0.287925
0.026	0.287925
0.027	0.287925
0.028	0.287925
0.029	0.287925
0.03	0.287925
0.031	0.287925
0.032	0.287925
0.033	0.287925
0.034	0.287925
0.035	0.287925
0.036	0.287925
0.037	0.287925
0.038	0.287925
0.039	0.287925
0.04	0.287925
0.041	0.287925
0.042	0.287925
0.043	0.287925
0.044	0.287925
0.045	0.287925
0.046	0.287925
0.047	0.287925
0.048	0.287925
0.049	0.287925
0.05	0.287925
0.051	0.287925
0.052	0.287925
0.053	0.287925
0.054	0.287925
0.055	0.287925
0.056	0.287925
0.057	0.287925
0.058	0.287925
0.059	0.287925
0.06	0.287925
0.061	0.287925
0.062	0.287925
0.063	0.287925
0.064	0.287925
0.065	0.287925
0.066	0.287925
0.067	0.287925
0.068	0.287925
0.069	0.287925
0.07	0.287925
0.071	0.287925
0.072	0.287925
0.073	0.287925
0.074	0.287925
0.075	0.287925
0.076	0.287925
0.077	0.287925
0.078	0.287925
0.079	0.287925
0.08	0.287925
0.081	0.287925
0.082	0.287925
0.083	0.287925
0.084	0.287925
0.085	0.287925
0.086	0.287925
0.087	0.287925
0.088	0.287925
0.089	0.287925
0.09	0.287925
0.091	0.287925
0.092	0.287925
0.093	0.287925
0.094	0.287925
0.095	0.287925
0.096	0.287925
0.097	0.287925
0.098	0.287925
0.099	0.287925
0.1	0.287925
0.101	0.287925
0.102	0.287925
0.103	0.287925
0.104	0.287925
0.105	0.287925
0.106	0.287925
0.107	0.287925
0.108	0.287925
0.109	0.287925
0.11	0.287925
0.111	0.287925
0.112	0.287925
0.113	0.287925
0.114	0.287925
0.115	0.287925
0.116	0.287925
0.117	0.287925
0.118	0.287925
0.119	0.287925
0.12	0.287925
0.121	0.287925
0.122	0.287925
0.123	0.287925
0.124	0.287925
0.125	0.287925
0.126	0.287925
0.127	0.287925
0.128	0.287925
0.129	0.287925
0.13	0.287925
0.131	0.287925
0.132	0.287925
0.133	0.287925
0.134	0.287925
0.135	0.287925
0.136	0.287925
0.137	0.287925
0.138	0.287925
0.139	0.287925
0.14	0.287925
0.141	0.287925
0.142	0.287925
0.143	0.287925
0.144	0.287925
0.145	0.287925
0.146	0.287925
0.147	0.287925
0.148	0.287925
0.149	0.287925
0.15	0.287925
0.151	0.287925
0.152	0.287925
0.153	0.287925
0.154	0.287925
0.155	0.287925
0.156	0.287925
0.157	0.287925
0.158	0.287925
0.159	0.287925
0.16	0.287925
0.161	0.287925
0.162	0.287925
0.163	0.287925
0.164	0.287925
0.165	0.287925
0.166	0.287925
0.167	0.287925
0.168	0.287925
0.169	0.287925
0.17	0.287925
0.171	0.287925
0.172	0.287925
0.173	0.287925
0.174	0.287925
0.175	0.287925
0.176	0.287925
0.177	0.287925
0.178	0.287925
0.179	0.287925
0.18	0.287925
0.181	0.287925
0.182	0.287925
0.183	0.287925
0.184	0.287925
0.185	0.287925
0.186	0.287925
0.187	0.287925
0.188	0.287925
0.189	0.287925
0.19	0.287925
0.191	0.287925
0.192	0.287925
0.193	0.287925
0.194	0.287925
0.195	0.287925
0.196	0.287925
0.197	0.287925
0.198	0.287925
0.199	0.287925
0.2	0.287925
0.201	0.287925
0.202	0.287925
0.203	0.287925
0.204	0.287925
0.205	0.287925
0.206	0.287925
0.207	0.287925
0.208	0.287925
0.209	0.287925
0.21	0.287925
0.211	0.287925
0.212	0.287925
0.213	0.287925
0.214	0.287925
0.215	0.287925
0.216	0.287925
0.217	0.287925
0.218	0.287925
0.219	0.287925
0.22	0.287925
0.221	0.287925
0.222	0.287925
0.223	0.287925
0.224	0.287925
0.225	0.287925
0.226	0.287925
0.227	0.287925
0.228	0.287925
0.229	0.287925
0.23	0.287925
0.231	0.287925
0.232	0.287925
0.233	0.287925
0.234	0.287925
0.235	0.287925
0.236	0.287925
0.237	0.287925
0.238	0.287925
0.239	0.287925
0.24	0.287925
0.241	0.287925
0.242	0.287925
0.243	0.287925
0.244	0.287925
0.245	0.287925
0.246	0.287925
0.247	0.287925
0.248	0.287925
0.249	0.287925
0.25	0.287925
0.251	0.287925
0.252	0.287925
0.253	0.287925
0.254	0.287925
0.255	0.287925
0.256	0.287925
0.257	0.287925
0.258	0.287925
0.259	0.287925
0.26	0.287925
0.261	0.287925
0.262	0.287925
0.263	0.287925
0.264	0.287925
0.265	0.287925
0.266	0.287925
0.267	0.287925
0.268	0.287925
0.269	0.287925
0.27	0.287925
0.271	0.287925
0.272	0.287925
0.273	0.287925
0.274	0.287925
0.275	0.287925
0.276	0.287925
0.277	0.287925
0.278	0.287925
0.279	0.287925
0.28	0.287925
0.281	0.287925
0.282	0.287925
0.283	0.287925
0.284	0.287925
0.285	0.287925
0.286	0.287925
0.287	0.287925
0.288	0.287925
0.289	0.287925
0.29	0.287925
0.291	0.287925
0.292	0.287925
0.293	0.287925
0.294	0.287925
0.295	0.287925
0.296	0.287925
0.297	0.287925
0.298	0.287925
0.299	0.287925
0.3	0.287925
0.301	0.287925
0.302	0.287925
0.303	0.287925
0.304	0.287925
0.305	0.287925
0.306	0.287925
0.307	0.287925
0.308	0.287925
0.309	0.287925
0.31	0.287925
0.311	0.287925
0.312	0.287925
0.313	0.287925
0.314	0.287925
0.315	0.287925
0.316	0.287925
0.317	0.287925
0.318	0.287925
0.319	0.287925
0.32	0.287925
0.321	0.287925
0.322	0.287925
0.323	0.287925
0.324	0.287925
0.325	0.287925
0.326	0.287925
0.327	0.287925
0.328	0.287925
0.329	0.287925
0.33	0.287925
0.331	0.287925
0.332	0.287925
0.333	0.287925
0.334	0.287925
0.335	0.287925
0.336	0.287925
0.337	0.287925
0.338	0.287925
0.339	0.287925
0.34	0.287925
0.341	0.287925
0.342	0.287925
0.343	0.287925
0.344	0.287925
0.345	0.287925
0.346	0.287925
0.347	0.287925
0.348	0.287925
0.349	0.287925
0.35	0.287925
0.351	0.287925
0.352	0.287925
0.353	0.287925
0.354	0.287925
0.355	0.287925
0.356	0.287925
0.357	0.287925
0.358	0.287925
0.359	0.287925
0.36	0.287925
0.361	0.287925
0.362	0.287925
0.363	0.287925
0.364	0.287925
0.365	0.287925
0.366	0.287925
0.367	0.287925
0.368	0.287925
0.369	0.287925
0.37	0.287925
0.371	0.287925
0.372	0.287925
0.373	0.287925
0.374	0.287925
0.375	0.287925
0.376	0.287925
0.377	0.287925
0.378	0.287925
0.379	0.287925
0.38	0.287925
0.381	0.287925
0.382	0.287925
0.383	0.287925
0.384	0.287925
0.385	0.287925
0.386	0.287925
0.387	0.287925
0.388	0.287925
0.389	0.287925
0.39	0.287925
0.391	0.287925
0.392	0.287925
0.393	0.287925
0.394	0.287925
0.395	0.287925
0.396	0.287925
0.397	0.287925
0.398	0.287925
0.399	0.287925
0.4	0.287925
0.401	0.287925
0.402	0.287925
0.403	0.287925
0.404	0.287925
0.405	0.287925
0.406	0.287925
0.407	0.287925
0.408	0.287925
0.409	0.287925
0.41	0.287925
0.411	0.287925
0.412	0.287925
0.413	0.287925
0.414	0.287925
0.415	0.287925
0.416	0.287925
0.417	0.287925
0.418	0.287925
0.419	0.287925
0.42	0.287925
0.421	0.287925
0.422	0.287925
0.423	0.287925
0.424	0.287925
0.425	0.287925
0.426	0.287925
0.427	0.287925
0.428	0.287925
0.429	0.287925
0.43	0.287925
0.431	0.287925
0.432	0.287925
0.433	0.287925
0.434	0.287925
0.435	0.287925
0.436	0.287925
0.437	0.287925
0.438	0.287925
0.439	0.287925
0.44	0.287925
0.441	0.287925
0.442	0.287925
0.443	0.287925
0.444	0.287925
0.445	0.287925
0.446	0.287925
0.447	0.287925
0.448	0.287925
0.449	0.287925
0.45	0.287925
0.451	0.287925
0.452	0.287925
0.453	0.287925
0.454	0.287925
0.455	0.287925
0.456	0.287925
0.457	0.287925
0.458	0.287925
0.459	0.287925
0.46	0.287925
0.461	0.287925
0.462	0.287925
0.463	0.287925
0.464	0.287925
0.465	0.287925
0.466	0.287925
0.467	0.287925
0.468	0.287925
0.469	0.287925
0.47	0.287925
0.471	0.287925
0.472	0.287925
0.473	0.287925
0.474	0.287925
0.475	0.287925
0.476	0.287925
0.477	0.287925
0.478	0.287925
0.479	0.287925
0.48	0.287925
0.481	0.287925
0.482	0.287925
0.483	0.287925
0.484	0.287925
0.485	0.287925
0.486	0.287925
0.487	0.287925
0.488	0.287925
0.489	0.287925
0.49	0.287925
0.491	0.287925
0.492	0.287925
0.493	0.287925
0.494	0.287925
0.495	0.287925
0.496	0.287925
0.497	0.287925
0.498	0.287925
0.499	0.287925
0.5	0.287925
0.501	0.287925
0.502	0.287925
0.503	0.287925
0.504	0.287925
0.505	0.287925
0.506	0.287925
0.507	0.287925
0.508	0.287925
0.509	0.287925
0.51	0.287925
0.511	0.287925
0.512	0.287925
0.513	0.287925
0.514	0.287925
0.515	0.287925
0.516	0.287925
0.517	0.287925
0.518	0.287925
0.519	0.287925
0.52	0.287925
0.521	0.287925
0.522	0.287925
0.523	0.287925
0.524	0.287925
0.525	0.287925
0.526	0.287925
0.527	0.287925
0.528	0.287925
0.529	0.287925
0.53	0.287925
0.531	0.287925
0.532	0.287925
0.533	0.287925
0.534	0.287925
0.535	0.287925
0.536	0.287925
0.537	0.287925
0.538	0.287925
0.539	0.287925
0.54	0.287925
0.541	0.287925
0.542	0.287925
0.543	0.287925
0.544	0.287925
0.545	0.287925
0.546	0.287925
0.547	0.287925
0.548	0.287925
0.549	0.287925
0.55	0.287925
0.551	0.287925
0.552	0.287925
0.553	0.287925
0.554	0.287925
0.555	0.287925
0.556	0.287925
0.557	0.287925
0.558	0.287925
0.559	0.287925
0.56	0.287925
0.561	0.287925
0.562	0.287925
0.563	0.287925
0.564	0.287925
0.565	0.287925
0.566	0.287925
0.567	0.287925
0.568	0.287925
0.569	0.287925
0.57	0.287925
0.571	0.287925
0.572	0.287925
0.573	0.287925
0.574	0.287925
0.575	0.287925
0.576	0.287925
0.577	0.287925
0.578	0.287925
0.579	0.287925
0.58	0.287925
0.581	0.287925
0.582	0.287925
0.583	0.287925
0.584	0.287925
0.585	0.287925
0.586	0.287925
0.587	0.287925
0.588	0.287925
0.589	0.287925
0.59	0.287925
0.591	0.287925
0.592	0.287925
0.593	0.287925
0.594	0.287925
0.595	0.287925
0.596	0.287925
0.597	0.287925
0.598	0.287925
0.599	0.287925
0.6	0.287925
0.601	0.287925
0.602	0.287925
0.603	0.287925
0.604	0.287925
0.605	0.287925
0.606	0.287925
0.607	0.287925
0.608	0.287925
0.609	0.287925
0.61	0.287925
0.611	0.287925
0.612	0.287925
0.613	0.287925
0.614	0.287925
0.615	0.287925
0.616	0.287925
0.617	0.287925
0.618	0.287925
0.619	0.287925
0.62	0.287925
0.621	0.287925
0.622	0.287925
0.623	0.287925
0.624	0.287925
0.625	0.287925
0.626	0.287925
0.627	0.287925
0.628	0.287925
0.629	0.287925
0.63	0.287925
0.631	0.287925
0.632	0.287925
0.633	0.287925
0.634	0.287925
0.635	0.287925
0.636	0.287925
0.637	0.287925
0.638	0.287925
0.639	0.287925
0.64	0.287925
0.641	0.287925
0.642	0.287925
0.643	0.287925
0.644	0.287925
0.645	0.287925
0.646	0.287925
0.647	0.287925
0.648	0.287925
0.649	0.287925
0.65	0.287925
0.651	0.287925
0.652	0.287925
0.653	0.287925
0.654	0.287925
0.655	0.287925
0.656	0.287925
0.657	0.287925
0.658	0.287925
0.659	0.287925
0.66	0.287925
0.661	0.287925
0.662	0.287925
0.663	0.287925
0.664	0.287925
0.665	0.287925
0.666	0.287925
0.667	0.287925
0.668	0.287925
0.669	0.287925
0.67	0.287925
0.671	0.287925
0.672	0.287925
0.673	0.287925
0.674	0.287925
0.675	0.287925
0.676	0.287925
0.677	0.287925
0.678	0.287925
0.679	0.287925
0.68	0.287925
0.681	0.287925
0.682	0.287925
0.683	0.287925
0.684	0.287925
0.685	0.287925
0.686	0.287925
0.687	0.287925
0.688	0.287925
0.689	0.287925
0.69	0.287925
0.691	0.287925
0.692	0.287925
0.693	0.287925
0.694	0.287925
0.695	0.287925
0.696	0.287925
0.697	0.287925
0.698	0.287925
0.699	0.287925
0.7	0.287925
0.701	0.287925
0.702	0.287925
0.703	0.287925
0.704	0.287925
0.705	0.287925
0.706	0.287925
0.707	0.287925
0.708	0.287925
0.709	0.287925
0.71	0.287925
0.711	0.287925
0.712	0.287925
0.713	0.287925
0.714	0.287925
0.715	0.287925
0.716	0.287925
0.717	0.287925
0.718	0.287925
0.719	0.287925
0.72	0.287925
0.721	0.287925
0.722	0.287925
0.723	0.287925
0.724	0.287925
0.725	0.287925
0.726	0.287925
0.727	0.287925
0.728	0.287925
0.729	0.287925
0.73	0.287925
0.731	0.287925
0.732	0.287925
0.733	0.287925
0.734	0.287925
0.735	0.287925
0.736	0.287925
0.737	0.287925
0.738	0.287925
0.739	0.287925
0.74	0.287925
0.741	0.287925
0.742	0.287925
0.743	0.287925
0.744	0.287925
0.745	0.287925
0.746	0.287925
0.747	0.287925
0.748	0.287925
0.749	0.287925
0.75	0.287925
0.751	0.287925
0.752	0.287925
0.753	0.287925
0.754	0.287925
0.755	0.287925
0.756	0.287925
0.757	0.287925
0.758	0.287925
0.759	0.287925
0.76	0.287925
0.761	0.287925
0.762	0.287925
0.763	0.287925
0.764	0.287925
0.765	0.287925
0.766	0.287925
0.767	0.287925
0.768	0.287925
0.769	0.287925
0.77	0.287925
0.771	0.287925
0.772	0.287925
0.773	0.287925
0.774	0.287925
0.775	0.287925
0.776	0.287925
0.777	0.287925
0.778	0.287925
0.779	0.287925
0.78	0.287925
0.781	0.287925
0.782	0.287925
0.783	0.287925
0.784	0.287925
0.785	0.287925
0.786	0.287925
0.787	0.287925
0.788	0.287925
0.789	0.287925
0.79	0.287925
0.791	0.287925
0.792	0.287925
0.793	0.287925
0.794	0.287925
0.795	0.287925
0.796	0.287925
0.797	0.287925
0.798	0.287925
0.799	0.287925
0.8	0.287925
0.801	0.287925
0.802	0.287925
0.803	0.287925
0.804	0.287925
0.805	0.287925
0.806	0.287925
0.807	0.287925
0.808	0.287925
0.809	0.287925
0.81	0.287925
0.811	0.287925
0.812	0.287925
0.813	0.287925
0.814	0.287925
0.815	0.287925
0.816	0.287925
0.817	0.287925
0.818	0.287925
0.819	0.287925
0.82	0.287925
0.821	0.287925
0.822	0.287925
0.823	0.287925
0.824	0.287925
0.825	0.287925
0.826	0.287925
0.827	0.287925
0.828	0.287925
0.829	0.287925
0.83	0.287925
0.831	0.287925
0.832	0.287925
0.833	0.287925
0.834	0.287925
0.835	0.287925
0.836	0.287925
0.837	0.287925
0.838	0.287925
0.839	0.287925
0.84	0.287925
0.841	0.287925
0.842	0.287925
0.843	0.287925
0.844	0.287925
0.845	0.287925
0.846	0.287925
0.847	0.287925
0.848	0.287925
0.849	0.287925
0.85	0.287925
0.851	0.287925
0.852	0.287925
0.853	0.287925
0.854	0.287925
0.855	0.287925
0.856	0.287925
0.857	0.287925
0.858	0.287925
0.859	0.287925
0.86	0.287925
0.861	0.287925
0.862	0.287925
0.863	0.287925
0.864	0.287925
0.865	0.287925
0.866	0.287925
0.867	0.287925
0.868	0.287925
0.869	0.287925
0.87	0.287925
0.871	0.287925
0.872	0.287925
0.873	0.287925
0.874	0.287925
0.875	0.287925
0.876	0.287925
0.877	0.287925
0.878	0.287925
0.879	0.287925
0.88	0.287925
0.881	0.287925
0.882	0.287925
0.883	0.287925
0.884	0.287925
0.885	0.287925
0.886	0.287925
0.887	0.287925
0.888	0.287925
0.889	0.287925
0.89	0.287925
0.891	0.287925
0.892	0.287925
0.893	0.287925
0.894	0.287925
0.895	0.287925
0.896	0.287925
0.897	0.287925
0.898	0.287925
0.899	0.287925
0.9	0.287925
0.901	0.287925
0.902	0.287925
0.903	0.287925
0.904	0.287925
0.905	0.287925
0.906	0.287925
0.907	0.287925
0.908	0.287925
0.909	0.287925
0.91	0.287925
0.911	0.287925
0.912	0.287925
0.913	0.287925
0.914	0.287925
0.915	0.287925
0.916	0.287925
0.917	0.287925
0.918	0.287925
0.919	0.287925
0.92	0.287925
0.921	0.287925
0.922	0.287925
0.923	0.287925
0.924	0.287925
0.925	0.287925
0.926	0.287925
0.927	0.287925
0.928	0.287925
0.929	0.287925
0.93	0.287925
0.931	0.287925
0.932	0.287925
0.933	0.287925
0.934	0.287925
0.935	0.287925
0.936	0.287925
0.937	0.287925
0.938	0.287925
0.939	0.287925
0.94	0.287925
0.941	0.287925
0.942	0.287925
0.943	0.287925
0.944	0.287925
0.945	0.287925
0.946	0.287925
0.947	0.287925
0.948	0.287925
0.949	0.287925
0.95	0.287925
0.951	0.287925
0.952	0.287925
0.953	0.287925
0.954	0.287925
0.955	0.287925
0.956	0.287925
0.957	0.287925
0.958	0.287925
0.959	0.287925
0.96	0.287925
0.961	0.287925
0.962	0.287925
0.963	0.287925
0.964	0.287925
0.965	0.287925
0.966	0.287925
0.967	0.287925
0.968	0.287925
0.969	0.287925
0.97	0.287925
0.971	0.287925
0.972	0.287925
0.973	0.287925
0.974	0.287925
0.975	0.287925
0.976	0.287925
0.977	0.287925
0.978	0.287925
0.979	0.287925
0.98	0.287925
0.981	0.287925
0.982	0.287925
0.983	0.287925
0.984	0.287925
0.985	0.287925
0.986	0.287925
0.987	0.287925
0.988	0.287925
0.989	0.287925
0.99	0.287925
0.991	0.287925
0.992	0.287925
0.993	0.287925
0.994	0.287925
0.995	0.287925
0.996	0.287925
0.997	0.287925
0.998	0.287925
0.999	0.287925
