#Function: x^(2/3)+y^(2/3)
0	0.523715
1	0.291608
2	0.0594979
3	0.0402892
4	0.0210768
5	0.0157865
6	0.0104924
7	0.00833865
8	0.00618103
9	0.00510416
10	0.00402347
11	0.00341163
12	0.002796
13	0.00241654
14	0.00203336
15	0.00178248
16	0.00152792
17	0.00135373
18	0.00117594
19	0.00105024
20	0.000956636
21	0.000827401
22	0.000730352
23	0.000658852
24	0.000603056
25	0.000528187
26	0.00046912
27	0.00042482
28	0.000389141
29	0.000341672
30	0.000302959
31	0.000273919
32	0.000242009
33	0.000218185
34	0.000191736
35	0.000172118
36	0.00015595
37	0.000134062
38	0.000116206
39	0.000102919
40	9.20286e-05
