# Interpolation data for function: x^10
0	8.87784e-05
0.001	8.87784e-05
0.002	8.87784e-05
0.003	8.87784e-05
0.004	8.87784e-05
0.005	8.87784e-05
0.006	8.87784e-05
0.007	8.87784e-05
0.008	8.87784e-05
0.009	8.87784e-05
0.01	8.87784e-05
0.011	8.87784e-05
0.012	8.87784e-05
0.013	8.87784e-05
0.014	8.87784e-05
0.015	8.87784e-05
0.016	8.87784e-05
0.017	8.87784e-05
0.018	8.87784e-05
0.019	8.87784e-05
0.02	8.87784e-05
0.021	8.87784e-05
0.022	8.87784e-05
0.023	8.87784e-05
0.024	8.87784e-05
0.025	8.87784e-05
0.026	8.87784e-05
0.027	8.87784e-05
0.028	8.87784e-05
0.029	8.87784e-05
0.03	8.87784e-05
0.031	8.87784e-05
0.032	8.87784e-05
0.033	8.87784e-05
0.034	8.87784e-05
0.035	8.87784e-05
0.036	8.87784e-05
0.037	8.87784e-05
0.038	8.87784e-05
0.039	8.87784e-05
0.04	8.87784e-05
0.041	8.87784e-05
0.042	8.87784e-05
0.043	8.87784e-05
0.044	8.87784e-05
0.045	8.87784e-05
0.046	8.87784e-05
0.047	8.87784e-05
0.048	8.87784e-05
0.049	8.87784e-05
0.05	8.87784e-05
0.051	8.87784e-05
0.052	8.87784e-05
0.053	8.87784e-05
0.054	8.87784e-05
0.055	8.87784e-05
0.056	8.87784e-05
0.057	8.87784e-05
0.058	8.87784e-05
0.059	8.87784e-05
0.06	8.87784e-05
0.061	8.87784e-05
0.062	8.87784e-05
0.063	8.87784e-05
0.064	8.87784e-05
0.065	8.87784e-05
0.066	8.87784e-05
0.067	8.87784e-05
0.068	8.87784e-05
0.069	8.87784e-05
0.07	8.87784e-05
0.071	8.87784e-05
0.072	8.87784e-05
0.073	8.87784e-05
0.074	8.87784e-05
0.075	8.87784e-05
0.076	8.87784e-05
0.077	8.87784e-05
0.078	8.87784e-05
0.079	8.87784e-05
0.08	8.87784e-05
0.081	8.87784e-05
0.082	8.87784e-05
0.083	8.87784e-05
0.084	8.87784e-05
0.085	8.87784e-05
0.086	8.87784e-05
0.087	8.87784e-05
0.088	8.87784e-05
0.089	8.87784e-05
0.09	8.87784e-05
0.091	8.87784e-05
0.092	8.87784e-05
0.093	8.87784e-05
0.094	8.87784e-05
0.095	8.87784e-05
0.096	8.87784e-05
0.097	8.87784e-05
0.098	8.87784e-05
0.099	8.87784e-05
0.1	8.87784e-05
0.101	8.87784e-05
0.102	8.87784e-05
0.103	8.87784e-05
0.104	8.87784e-05
0.105	8.87784e-05
0.106	8.87784e-05
0.107	8.87784e-05
0.108	8.87784e-05
0.109	8.87784e-05
0.11	8.87784e-05
0.111	8.87784e-05
0.112	8.87784e-05
0.113	8.87784e-05
0.114	8.87784e-05
0.115	8.87784e-05
0.116	8.87784e-05
0.117	8.87784e-05
0.118	8.87784e-05
0.119	8.87784e-05
0.12	8.87784e-05
0.121	8.87784e-05
0.122	8.87784e-05
0.123	8.87784e-05
0.124	8.87784e-05
0.125	8.87784e-05
0.126	8.87784e-05
0.127	8.87784e-05
0.128	8.87784e-05
0.129	8.87784e-05
0.13	8.87784e-05
0.131	8.87784e-05
0.132	8.87784e-05
0.133	8.87784e-05
0.134	8.87784e-05
0.135	8.87784e-05
0.136	8.87784e-05
0.137	8.87784e-05
0.138	8.87784e-05
0.139	8.87784e-05
0.14	8.87784e-05
0.141	8.87784e-05
0.142	8.87784e-05
0.143	8.87784e-05
0.144	8.87784e-05
0.145	8.87784e-05
0.146	8.87784e-05
0.147	8.87784e-05
0.148	8.87784e-05
0.149	8.87784e-05
0.15	8.87784e-05
0.151	8.87784e-05
0.152	8.87784e-05
0.153	8.87784e-05
0.154	8.87784e-05
0.155	8.87784e-05
0.156	8.87784e-05
0.157	8.87784e-05
0.158	8.87784e-05
0.159	8.87784e-05
0.16	8.87784e-05
0.161	8.87784e-05
0.162	8.87784e-05
0.163	8.87784e-05
0.164	8.87784e-05
0.165	8.87784e-05
0.166	8.87784e-05
0.167	8.87784e-05
0.168	8.87784e-05
0.169	8.87784e-05
0.17	8.87784e-05
0.171	8.87784e-05
0.172	8.87784e-05
0.173	8.87784e-05
0.174	8.87784e-05
0.175	8.87784e-05
0.176	8.87784e-05
0.177	8.87784e-05
0.178	8.87784e-05
0.179	8.87784e-05
0.18	8.87784e-05
0.181	8.87784e-05
0.182	8.87784e-05
0.183	8.87784e-05
0.184	8.87784e-05
0.185	8.87784e-05
0.186	8.87784e-05
0.187	8.87784e-05
0.188	8.87784e-05
0.189	8.87784e-05
0.19	8.87784e-05
0.191	8.87784e-05
0.192	8.87784e-05
0.193	8.87784e-05
0.194	8.87784e-05
0.195	8.87784e-05
0.196	8.87784e-05
0.197	8.87784e-05
0.198	8.87784e-05
0.199	8.87784e-05
0.2	8.87784e-05
0.201	8.87784e-05
0.202	8.87784e-05
0.203	8.87784e-05
0.204	8.87784e-05
0.205	8.87784e-05
0.206	8.87784e-05
0.207	8.87784e-05
0.208	8.87784e-05
0.209	8.87784e-05
0.21	8.87784e-05
0.211	8.87784e-05
0.212	8.87784e-05
0.213	8.87784e-05
0.214	8.87784e-05
0.215	8.87784e-05
0.216	8.87784e-05
0.217	8.87784e-05
0.218	8.87784e-05
0.219	8.87784e-05
0.22	8.87784e-05
0.221	8.87784e-05
0.222	8.87784e-05
0.223	8.87784e-05
0.224	8.87784e-05
0.225	8.87784e-05
0.226	8.87784e-05
0.227	8.87784e-05
0.228	8.87784e-05
0.229	8.87784e-05
0.23	8.87784e-05
0.231	8.87784e-05
0.232	8.87784e-05
0.233	8.87784e-05
0.234	8.87784e-05
0.235	8.87784e-05
0.236	8.87784e-05
0.237	8.87784e-05
0.238	8.87784e-05
0.239	8.87784e-05
0.24	8.87784e-05
0.241	8.87784e-05
0.242	8.87784e-05
0.243	8.87784e-05
0.244	8.87784e-05
0.245	8.87784e-05
0.246	8.87784e-05
0.247	8.87784e-05
0.248	8.87784e-05
0.249	8.87784e-05
0.25	8.87784e-05
0.251	8.87784e-05
0.252	8.87784e-05
0.253	8.87784e-05
0.254	8.87784e-05
0.255	8.87784e-05
0.256	8.87784e-05
0.257	8.87784e-05
0.258	8.87784e-05
0.259	8.87784e-05
0.26	8.87784e-05
0.261	8.87784e-05
0.262	8.87784e-05
0.263	8.87784e-05
0.264	8.87784e-05
0.265	8.87784e-05
0.266	8.87784e-05
0.267	8.87784e-05
0.268	8.87784e-05
0.269	8.87784e-05
0.27	8.87784e-05
0.271	8.87784e-05
0.272	8.87784e-05
0.273	8.87784e-05
0.274	8.87784e-05
0.275	8.87784e-05
0.276	8.87784e-05
0.277	8.87784e-05
0.278	8.87784e-05
0.279	8.87784e-05
0.28	8.87784e-05
0.281	8.87784e-05
0.282	8.87784e-05
0.283	8.87784e-05
0.284	8.87784e-05
0.285	8.87784e-05
0.286	8.87784e-05
0.287	8.87784e-05
0.288	8.87784e-05
0.289	8.87784e-05
0.29	8.87784e-05
0.291	8.87784e-05
0.292	8.87784e-05
0.293	8.87784e-05
0.294	8.87784e-05
0.295	8.87784e-05
0.296	8.87784e-05
0.297	8.87784e-05
0.298	8.87784e-05
0.299	8.87784e-05
0.3	8.87784e-05
0.301	8.87784e-05
0.302	8.87784e-05
0.303	8.87784e-05
0.304	8.87784e-05
0.305	8.87784e-05
0.306	8.87784e-05
0.307	8.87784e-05
0.308	8.87784e-05
0.309	8.87784e-05
0.31	8.87784e-05
0.311	8.87784e-05
0.312	8.87784e-05
0.313	8.87784e-05
0.314	8.87784e-05
0.315	8.87784e-05
0.316	8.87784e-05
0.317	8.87784e-05
0.318	8.87784e-05
0.319	8.87784e-05
0.32	8.87784e-05
0.321	8.87784e-05
0.322	8.87784e-05
0.323	8.87784e-05
0.324	8.87784e-05
0.325	8.87784e-05
0.326	8.87784e-05
0.327	8.87784e-05
0.328	8.87784e-05
0.329	8.87784e-05
0.33	8.87784e-05
0.331	8.87784e-05
0.332	8.87784e-05
0.333	8.87784e-05
0.334	8.87784e-05
0.335	8.87784e-05
0.336	8.87784e-05
0.337	8.87784e-05
0.338	8.87784e-05
0.339	8.87784e-05
0.34	8.87784e-05
0.341	8.87784e-05
0.342	8.87784e-05
0.343	8.87784e-05
0.344	8.87784e-05
0.345	8.87784e-05
0.346	8.87784e-05
0.347	8.87784e-05
0.348	8.87784e-05
0.349	8.87784e-05
0.35	8.87784e-05
0.351	8.87784e-05
0.352	8.87784e-05
0.353	8.87784e-05
0.354	8.87784e-05
0.355	8.87784e-05
0.356	8.87784e-05
0.357	8.87784e-05
0.358	8.87784e-05
0.359	8.87784e-05
0.36	8.87784e-05
0.361	8.87784e-05
0.362	8.87784e-05
0.363	8.87784e-05
0.364	8.87784e-05
0.365	8.87784e-05
0.366	8.87784e-05
0.367	8.87784e-05
0.368	8.87784e-05
0.369	8.87784e-05
0.37	8.87784e-05
0.371	8.87784e-05
0.372	8.87784e-05
0.373	8.87784e-05
0.374	8.87784e-05
0.375	8.87784e-05
0.376	8.87784e-05
0.377	8.87784e-05
0.378	8.87784e-05
0.379	8.87784e-05
0.38	8.87784e-05
0.381	8.87784e-05
0.382	8.87784e-05
0.383	8.87784e-05
0.384	8.87784e-05
0.385	8.87784e-05
0.386	8.87784e-05
0.387	8.87784e-05
0.388	8.87784e-05
0.389	8.87784e-05
0.39	8.87784e-05
0.391	8.87784e-05
0.392	8.87784e-05
0.393	8.87784e-05
0.394	8.87784e-05
0.395	8.87784e-05
0.396	8.87784e-05
0.397	8.87784e-05
0.398	8.87784e-05
0.399	8.87784e-05
0.4	8.87784e-05
0.401	8.87784e-05
0.402	8.87784e-05
0.403	8.87784e-05
0.404	8.87784e-05
0.405	8.87784e-05
0.406	8.87784e-05
0.407	8.87784e-05
0.408	8.87784e-05
0.409	8.87784e-05
0.41	8.87784e-05
0.411	8.87784e-05
0.412	8.87784e-05
0.413	8.87784e-05
0.414	8.87784e-05
0.415	8.87784e-05
0.416	8.87784e-05
0.417	8.87784e-05
0.418	8.87784e-05
0.419	8.87784e-05
0.42	8.87784e-05
0.421	8.87784e-05
0.422	8.87784e-05
0.423	8.87784e-05
0.424	8.87784e-05
0.425	8.87784e-05
0.426	8.87784e-05
0.427	8.87784e-05
0.428	8.87784e-05
0.429	8.87784e-05
0.43	8.87784e-05
0.431	8.87784e-05
0.432	8.87784e-05
0.433	8.87784e-05
0.434	8.87784e-05
0.435	8.87784e-05
0.436	8.87784e-05
0.437	8.87784e-05
0.438	8.87784e-05
0.439	8.87784e-05
0.44	8.87784e-05
0.441	8.87784e-05
0.442	8.87784e-05
0.443	8.87784e-05
0.444	8.87784e-05
0.445	8.87784e-05
0.446	8.87784e-05
0.447	8.87784e-05
0.448	8.87784e-05
0.449	8.87784e-05
0.45	8.87784e-05
0.451	8.87784e-05
0.452	8.87784e-05
0.453	8.87784e-05
0.454	8.87784e-05
0.455	8.87784e-05
0.456	8.87784e-05
0.457	8.87784e-05
0.458	8.87784e-05
0.459	8.87784e-05
0.46	8.87784e-05
0.461	8.87784e-05
0.462	8.87784e-05
0.463	8.87784e-05
0.464	8.87784e-05
0.465	8.87784e-05
0.466	8.87784e-05
0.467	8.87784e-05
0.468	8.87784e-05
0.469	8.87784e-05
0.47	8.87784e-05
0.471	8.87784e-05
0.472	8.87784e-05
0.473	8.87784e-05
0.474	8.87784e-05
0.475	8.87784e-05
0.476	8.87784e-05
0.477	8.87784e-05
0.478	8.87784e-05
0.479	8.87784e-05
0.48	8.87784e-05
0.481	8.87784e-05
0.482	8.87784e-05
0.483	8.87784e-05
0.484	8.87784e-05
0.485	8.87784e-05
0.486	8.87784e-05
0.487	8.87784e-05
0.488	8.87784e-05
0.489	8.87784e-05
0.49	8.87784e-05
0.491	8.87784e-05
0.492	8.87784e-05
0.493	8.87784e-05
0.494	8.87784e-05
0.495	8.87784e-05
0.496	8.87784e-05
0.497	8.87784e-05
0.498	8.87784e-05
0.499	8.87784e-05
0.5	0.0968026
0.501	0.0949169
0.502	0.0930445
0.503	0.0911855
0.504	0.0893399
0.505	0.0875077
0.506	0.085689
0.507	0.0838836
0.508	0.0820915
0.509	0.0803129
0.51	0.0785477
0.511	0.0767959
0.512	0.0750574
0.513	0.0733324
0.514	0.0716208
0.515	0.0699225
0.516	0.0682376
0.517	0.0665662
0.518	0.0649081
0.519	0.0632634
0.52	0.0616321
0.521	0.0600142
0.522	0.0584097
0.523	0.0568186
0.524	0.0552409
0.525	0.0536765
0.526	0.0521256
0.527	0.0505881
0.528	0.0490639
0.529	0.0475532
0.53	0.0460558
0.531	0.0445718
0.532	0.0431012
0.533	0.0416441
0.534	0.0402003
0.535	0.0387699
0.536	0.0373529
0.537	0.0359493
0.538	0.034559
0.539	0.0331822
0.54	0.0318188
0.541	0.0304687
0.542	0.0291321
0.543	0.0278088
0.544	0.026499
0.545	0.0252025
0.546	0.0239194
0.547	0.0226498
0.548	0.0213935
0.549	0.0201506
0.55	0.0189211
0.551	0.017705
0.552	0.0165022
0.553	0.0153129
0.554	0.014137
0.555	0.0129744
0.556	0.0118253
0.557	0.0106896
0.558	0.00956719
0.559	0.00845823
0.56	0.00736265
0.561	0.00628047
0.562	0.00521169
0.563	0.00415629
0.564	0.00311429
0.565	0.00208568
0.566	0.00107047
0.567	6.86436e-05
0.568	-0.000919786
0.569	-0.00189482
0.57	-0.00285647
0.571	-0.00380472
0.572	-0.00473957
0.573	-0.00566104
0.574	-0.00656911
0.575	-0.00746379
0.576	-0.00834507
0.577	-0.00921297
0.578	-0.0100675
0.579	-0.0109086
0.58	-0.0117363
0.581	-0.0125506
0.582	-0.0133515
0.583	-0.0141391
0.584	-0.0149132
0.585	-0.015674
0.586	-0.0164213
0.587	-0.0171553
0.588	-0.0178759
0.589	-0.018583
0.59	-0.0192768
0.591	-0.0199572
0.592	-0.0206242
0.593	-0.0212778
0.594	-0.021918
0.595	-0.0225448
0.596	-0.0231583
0.597	-0.0237583
0.598	-0.0243449
0.599	-0.0249182
0.6	-0.025478
0.601	-0.0260245
0.602	-0.0265576
0.603	-0.0270772
0.604	-0.0275835
0.605	-0.0280764
0.606	-0.0285559
0.607	-0.029022
0.608	-0.0294747
0.609	-0.029914
0.61	-0.03034
0.611	-0.0307525
0.612	-0.0311516
0.613	-0.0315374
0.614	-0.0319097
0.615	-0.0322687
0.616	-0.0326143
0.617	-0.0329464
0.618	-0.0332652
0.619	-0.0335706
0.62	-0.0338626
0.621	-0.0341412
0.622	-0.0344064
0.623	-0.0346582
0.624	-0.0348966
0.625	-0.0351217
0.626	-0.0353333
0.627	-0.0355316
0.628	-0.0357164
0.629	-0.0358879
0.63	-0.0360459
0.631	-0.0361906
0.632	-0.0363219
0.633	-0.0364398
0.634	-0.0365443
0.635	-0.0366354
0.636	-0.0367131
0.637	-0.0367774
0.638	-0.0368283
0.639	-0.0368658
0.64	-0.03689
0.641	-0.0369007
0.642	-0.0368981
0.643	-0.036882
0.644	-0.0368526
0.645	-0.0368098
0.646	-0.0367535
0.647	-0.0366839
0.648	-0.0366009
0.649	-0.0365045
0.65	-0.0363947
0.651	-0.0362715
0.652	-0.0361349
0.653	-0.035985
0.654	-0.0358216
0.655	-0.0356448
0.656	-0.0354547
0.657	-0.0352511
0.658	-0.0350342
0.659	-0.0348039
0.66	-0.0345602
0.661	-0.034303
0.662	-0.0340325
0.663	-0.0337486
0.664	-0.0334513
0.665	-0.0331406
0.666	-0.0328166
0.667	-0.0324791
0.668	-0.0321282
0.669	-0.0317639
0.67	-0.0313863
0.671	-0.0309952
0.672	-0.0305908
0.673	-0.030173
0.674	-0.0297417
0.675	-0.0292971
0.676	-0.0288391
0.677	-0.0283677
0.678	-0.0278829
0.679	-0.0273847
0.68	-0.0268731
0.681	-0.0263482
0.682	-0.0258098
0.683	-0.025258
0.684	-0.0246929
0.685	-0.0241143
0.686	-0.0235224
0.687	-0.0229171
0.688	-0.0222983
0.689	-0.0216662
0.69	-0.0210207
0.691	-0.0203618
0.692	-0.0196895
0.693	-0.0190038
0.694	-0.0183047
0.695	-0.0175922
0.696	-0.0168664
0.697	-0.0161271
0.698	-0.0153744
0.699	-0.0146084
0.7	-0.0138289
0.701	-0.0130361
0.702	-0.0122299
0.703	-0.0114103
0.704	-0.0105772
0.705	-0.00973083
0.706	-0.00887103
0.707	-0.00799784
0.708	-0.00711125
0.709	-0.00621127
0.71	-0.0052979
0.711	-0.00437113
0.712	-0.00343097
0.713	-0.00247742
0.714	-0.00151048
0.715	-0.00053014
0.716	0.00046359
0.717	0.00147071
0.718	0.00249123
0.719	0.00352514
0.72	0.00457244
0.721	0.00563314
0.722	0.00670723
0.723	0.00779471
0.724	0.00889558
0.725	0.0100099
0.726	0.0111375
0.727	0.0122786
0.728	0.013433
0.729	0.0146009
0.73	0.0157821
0.731	0.0169767
0.732	0.0181847
0.733	0.0194061
0.734	0.0206409
0.735	0.0218891
0.736	0.0231507
0.737	0.0244257
0.738	0.0257141
0.739	0.0270159
0.74	0.028331
0.741	0.0296596
0.742	0.0310015
0.743	0.0323569
0.744	0.0337256
0.745	0.0351077
0.746	0.0365032
0.747	0.0379122
0.748	0.0393345
0.749	0.0407702
0.75	0.0422193
0.751	0.0436817
0.752	0.0451576
0.753	0.0466469
0.754	0.0481496
0.755	0.0496656
0.756	0.0511951
0.757	0.0527379
0.758	0.0542941
0.759	0.0558638
0.76	0.0574468
0.761	0.0590432
0.762	0.060653
0.763	0.0622762
0.764	0.0639128
0.765	0.0655628
0.766	0.0672262
0.767	0.0689029
0.768	0.0705931
0.769	0.0722967
0.77	0.0740136
0.771	0.075744
0.772	0.0774877
0.773	0.0792448
0.774	0.0810154
0.775	0.0827993
0.776	0.0845966
0.777	0.0864073
0.778	0.0882314
0.779	0.0900689
0.78	0.0919197
0.781	0.093784
0.782	0.0956617
0.783	0.0975527
0.784	0.0994572
0.785	0.101375
0.786	0.103306
0.787	0.105251
0.788	0.107209
0.789	0.10918
0.79	0.111165
0.791	0.113163
0.792	0.115175
0.793	0.1172
0.794	0.119238
0.795	0.12129
0.796	0.123355
0.797	0.125434
0.798	0.127526
0.799	0.129631
0.8	0.13175
0.801	0.133882
0.802	0.136028
0.803	0.138186
0.804	0.140359
0.805	0.142544
0.806	0.144744
0.807	0.146956
0.808	0.149182
0.809	0.151421
0.81	0.153674
0.811	0.15594
0.812	0.158219
0.813	0.160512
0.814	0.162819
0.815	0.165138
0.816	0.167471
0.817	0.169818
0.818	0.172177
0.819	0.174551
0.82	0.176937
0.821	0.179337
0.822	0.181751
0.823	0.184177
0.824	0.186618
0.825	0.189071
0.826	0.191538
0.827	0.194018
0.828	0.196512
0.829	0.199019
0.83	0.20154
0.831	0.204074
0.832	0.206621
0.833	0.209182
0.834	0.211756
0.835	0.214343
0.836	0.216944
0.837	0.219559
0.838	0.222186
0.839	0.224827
0.84	0.227482
0.841	0.23015
0.842	0.232831
0.843	0.235525
0.844	0.238234
0.845	0.240955
0.846	0.24369
0.847	0.246438
0.848	0.2492
0.849	0.251975
0.85	0.254763
0.851	0.257565
0.852	0.26038
0.853	0.263208
0.854	0.26605
0.855	0.268906
0.856	0.271775
0.857	0.274657
0.858	0.277552
0.859	0.280461
0.86	0.283383
0.861	0.286319
0.862	0.289268
0.863	0.292231
0.864	0.295207
0.865	0.298196
0.866	0.301199
0.867	0.304215
0.868	0.307244
0.869	0.310287
0.87	0.313343
0.871	0.316413
0.872	0.319496
0.873	0.322592
0.874	0.325702
0.875	0.328825
0.876	0.331962
0.877	0.335112
0.878	0.338275
0.879	0.341452
0.88	0.344642
0.881	0.347846
0.882	0.351063
0.883	0.354293
0.884	0.357537
0.885	0.360794
0.886	0.364065
0.887	0.367349
0.888	0.370646
0.889	0.373957
0.89	0.377281
0.891	0.380618
0.892	0.383969
0.893	0.387333
0.894	0.390711
0.895	0.394102
0.896	0.397507
0.897	0.400925
0.898	0.404356
0.899	0.4078
0.9	0.411258
0.901	0.41473
0.902	0.418215
0.903	0.421713
0.904	0.425225
0.905	0.42875
0.906	0.432288
0.907	0.43584
0.908	0.439405
0.909	0.442983
0.91	0.446575
0.911	0.450181
0.912	0.4538
0.913	0.457432
0.914	0.461077
0.915	0.464736
0.916	0.468409
0.917	0.472094
0.918	0.475793
0.919	0.479506
0.92	0.483232
0.921	0.486971
0.922	0.490724
0.923	0.49449
0.924	0.498269
0.925	0.502062
0.926	0.505868
0.927	0.509688
0.928	0.513521
0.929	0.517368
0.93	0.521227
0.931	0.525101
0.932	0.528987
0.933	0.532887
0.934	0.536801
0.935	0.540727
0.936	0.544668
0.937	0.548621
0.938	0.552588
0.939	0.556568
0.94	0.560562
0.941	0.564569
0.942	0.56859
0.943	0.572624
0.944	0.576671
0.945	0.580732
0.946	0.584806
0.947	0.588894
0.948	0.592994
0.949	0.597109
0.95	0.601236
0.951	0.605377
0.952	0.609532
0.953	0.6137
0.954	0.617881
0.955	0.622076
0.956	0.626284
0.957	0.630505
0.958	0.63474
0.959	0.638988
0.96	0.64325
0.961	0.647525
0.962	0.651813
0.963	0.656115
0.964	0.66043
0.965	0.664759
0.966	0.669101
0.967	0.673456
0.968	0.677825
0.969	0.682207
0.97	0.686603
0.971	0.691012
0.972	0.695434
0.973	0.69987
0.974	0.704319
0.975	0.708781
0.976	0.713257
0.977	0.717746
0.978	0.722249
0.979	0.726765
0.98	0.731295
0.981	0.735838
0.982	0.740394
0.983	0.744964
0.984	0.749547
0.985	0.754143
0.986	0.758753
0.987	0.763376
0.988	0.768013
0.989	0.772663
0.99	0.777326
0.991	0.782003
0.992	0.786693
0.993	0.791397
0.994	0.796114
0.995	0.800844
0.996	0.805588
0.997	0.810345
0.998	0.815116
0.999	0.819899
