# Interpolation data for function: x^10
0	8.87784e-05
0.001	8.87784e-05
0.002	8.87784e-05
0.003	8.87784e-05
0.004	8.87784e-05
0.005	8.87784e-05
0.006	8.87784e-05
0.007	8.87784e-05
0.008	8.87784e-05
0.009	8.87784e-05
0.01	8.87784e-05
0.011	8.87784e-05
0.012	8.87784e-05
0.013	8.87784e-05
0.014	8.87784e-05
0.015	8.87784e-05
0.016	8.87784e-05
0.017	8.87784e-05
0.018	8.87784e-05
0.019	8.87784e-05
0.02	8.87784e-05
0.021	8.87784e-05
0.022	8.87784e-05
0.023	8.87784e-05
0.024	8.87784e-05
0.025	8.87784e-05
0.026	8.87784e-05
0.027	8.87784e-05
0.028	8.87784e-05
0.029	8.87784e-05
0.03	8.87784e-05
0.031	8.87784e-05
0.032	8.87784e-05
0.033	8.87784e-05
0.034	8.87784e-05
0.035	8.87784e-05
0.036	8.87784e-05
0.037	8.87784e-05
0.038	8.87784e-05
0.039	8.87784e-05
0.04	8.87784e-05
0.041	8.87784e-05
0.042	8.87784e-05
0.043	8.87784e-05
0.044	8.87784e-05
0.045	8.87784e-05
0.046	8.87784e-05
0.047	8.87784e-05
0.048	8.87784e-05
0.049	8.87784e-05
0.05	8.87784e-05
0.051	8.87784e-05
0.052	8.87784e-05
0.053	8.87784e-05
0.054	8.87784e-05
0.055	8.87784e-05
0.056	8.87784e-05
0.057	8.87784e-05
0.058	8.87784e-05
0.059	8.87784e-05
0.06	8.87784e-05
0.061	8.87784e-05
0.062	8.87784e-05
0.063	8.87784e-05
0.064	8.87784e-05
0.065	8.87784e-05
0.066	8.87784e-05
0.067	8.87784e-05
0.068	8.87784e-05
0.069	8.87784e-05
0.07	8.87784e-05
0.071	8.87784e-05
0.072	8.87784e-05
0.073	8.87784e-05
0.074	8.87784e-05
0.075	8.87784e-05
0.076	8.87784e-05
0.077	8.87784e-05
0.078	8.87784e-05
0.079	8.87784e-05
0.08	8.87784e-05
0.081	8.87784e-05
0.082	8.87784e-05
0.083	8.87784e-05
0.084	8.87784e-05
0.085	8.87784e-05
0.086	8.87784e-05
0.087	8.87784e-05
0.088	8.87784e-05
0.089	8.87784e-05
0.09	8.87784e-05
0.091	8.87784e-05
0.092	8.87784e-05
0.093	8.87784e-05
0.094	8.87784e-05
0.095	8.87784e-05
0.096	8.87784e-05
0.097	8.87784e-05
0.098	8.87784e-05
0.099	8.87784e-05
0.1	8.87784e-05
0.101	8.87784e-05
0.102	8.87784e-05
0.103	8.87784e-05
0.104	8.87784e-05
0.105	8.87784e-05
0.106	8.87784e-05
0.107	8.87784e-05
0.108	8.87784e-05
0.109	8.87784e-05
0.11	8.87784e-05
0.111	8.87784e-05
0.112	8.87784e-05
0.113	8.87784e-05
0.114	8.87784e-05
0.115	8.87784e-05
0.116	8.87784e-05
0.117	8.87784e-05
0.118	8.87784e-05
0.119	8.87784e-05
0.12	8.87784e-05
0.121	8.87784e-05
0.122	8.87784e-05
0.123	8.87784e-05
0.124	8.87784e-05
0.125	8.87784e-05
0.126	8.87784e-05
0.127	8.87784e-05
0.128	8.87784e-05
0.129	8.87784e-05
0.13	8.87784e-05
0.131	8.87784e-05
0.132	8.87784e-05
0.133	8.87784e-05
0.134	8.87784e-05
0.135	8.87784e-05
0.136	8.87784e-05
0.137	8.87784e-05
0.138	8.87784e-05
0.139	8.87784e-05
0.14	8.87784e-05
0.141	8.87784e-05
0.142	8.87784e-05
0.143	8.87784e-05
0.144	8.87784e-05
0.145	8.87784e-05
0.146	8.87784e-05
0.147	8.87784e-05
0.148	8.87784e-05
0.149	8.87784e-05
0.15	8.87784e-05
0.151	8.87784e-05
0.152	8.87784e-05
0.153	8.87784e-05
0.154	8.87784e-05
0.155	8.87784e-05
0.156	8.87784e-05
0.157	8.87784e-05
0.158	8.87784e-05
0.159	8.87784e-05
0.16	8.87784e-05
0.161	8.87784e-05
0.162	8.87784e-05
0.163	8.87784e-05
0.164	8.87784e-05
0.165	8.87784e-05
0.166	8.87784e-05
0.167	8.87784e-05
0.168	8.87784e-05
0.169	8.87784e-05
0.17	8.87784e-05
0.171	8.87784e-05
0.172	8.87784e-05
0.173	8.87784e-05
0.174	8.87784e-05
0.175	8.87784e-05
0.176	8.87784e-05
0.177	8.87784e-05
0.178	8.87784e-05
0.179	8.87784e-05
0.18	8.87784e-05
0.181	8.87784e-05
0.182	8.87784e-05
0.183	8.87784e-05
0.184	8.87784e-05
0.185	8.87784e-05
0.186	8.87784e-05
0.187	8.87784e-05
0.188	8.87784e-05
0.189	8.87784e-05
0.19	8.87784e-05
0.191	8.87784e-05
0.192	8.87784e-05
0.193	8.87784e-05
0.194	8.87784e-05
0.195	8.87784e-05
0.196	8.87784e-05
0.197	8.87784e-05
0.198	8.87784e-05
0.199	8.87784e-05
0.2	8.87784e-05
0.201	8.87784e-05
0.202	8.87784e-05
0.203	8.87784e-05
0.204	8.87784e-05
0.205	8.87784e-05
0.206	8.87784e-05
0.207	8.87784e-05
0.208	8.87784e-05
0.209	8.87784e-05
0.21	8.87784e-05
0.211	8.87784e-05
0.212	8.87784e-05
0.213	8.87784e-05
0.214	8.87784e-05
0.215	8.87784e-05
0.216	8.87784e-05
0.217	8.87784e-05
0.218	8.87784e-05
0.219	8.87784e-05
0.22	8.87784e-05
0.221	8.87784e-05
0.222	8.87784e-05
0.223	8.87784e-05
0.224	8.87784e-05
0.225	8.87784e-05
0.226	8.87784e-05
0.227	8.87784e-05
0.228	8.87784e-05
0.229	8.87784e-05
0.23	8.87784e-05
0.231	8.87784e-05
0.232	8.87784e-05
0.233	8.87784e-05
0.234	8.87784e-05
0.235	8.87784e-05
0.236	8.87784e-05
0.237	8.87784e-05
0.238	8.87784e-05
0.239	8.87784e-05
0.24	8.87784e-05
0.241	8.87784e-05
0.242	8.87784e-05
0.243	8.87784e-05
0.244	8.87784e-05
0.245	8.87784e-05
0.246	8.87784e-05
0.247	8.87784e-05
0.248	8.87784e-05
0.249	8.87784e-05
0.25	8.87784e-05
0.251	8.87784e-05
0.252	8.87784e-05
0.253	8.87784e-05
0.254	8.87784e-05
0.255	8.87784e-05
0.256	8.87784e-05
0.257	8.87784e-05
0.258	8.87784e-05
0.259	8.87784e-05
0.26	8.87784e-05
0.261	8.87784e-05
0.262	8.87784e-05
0.263	8.87784e-05
0.264	8.87784e-05
0.265	8.87784e-05
0.266	8.87784e-05
0.267	8.87784e-05
0.268	8.87784e-05
0.269	8.87784e-05
0.27	8.87784e-05
0.271	8.87784e-05
0.272	8.87784e-05
0.273	8.87784e-05
0.274	8.87784e-05
0.275	8.87784e-05
0.276	8.87784e-05
0.277	8.87784e-05
0.278	8.87784e-05
0.279	8.87784e-05
0.28	8.87784e-05
0.281	8.87784e-05
0.282	8.87784e-05
0.283	8.87784e-05
0.284	8.87784e-05
0.285	8.87784e-05
0.286	8.87784e-05
0.287	8.87784e-05
0.288	8.87784e-05
0.289	8.87784e-05
0.29	8.87784e-05
0.291	8.87784e-05
0.292	8.87784e-05
0.293	8.87784e-05
0.294	8.87784e-05
0.295	8.87784e-05
0.296	8.87784e-05
0.297	8.87784e-05
0.298	8.87784e-05
0.299	8.87784e-05
0.3	8.87784e-05
0.301	8.87784e-05
0.302	8.87784e-05
0.303	8.87784e-05
0.304	8.87784e-05
0.305	8.87784e-05
0.306	8.87784e-05
0.307	8.87784e-05
0.308	8.87784e-05
0.309	8.87784e-05
0.31	8.87784e-05
0.311	8.87784e-05
0.312	8.87784e-05
0.313	8.87784e-05
0.314	8.87784e-05
0.315	8.87784e-05
0.316	8.87784e-05
0.317	8.87784e-05
0.318	8.87784e-05
0.319	8.87784e-05
0.32	8.87784e-05
0.321	8.87784e-05
0.322	8.87784e-05
0.323	8.87784e-05
0.324	8.87784e-05
0.325	8.87784e-05
0.326	8.87784e-05
0.327	8.87784e-05
0.328	8.87784e-05
0.329	8.87784e-05
0.33	8.87784e-05
0.331	8.87784e-05
0.332	8.87784e-05
0.333	8.87784e-05
0.334	8.87784e-05
0.335	8.87784e-05
0.336	8.87784e-05
0.337	8.87784e-05
0.338	8.87784e-05
0.339	8.87784e-05
0.34	8.87784e-05
0.341	8.87784e-05
0.342	8.87784e-05
0.343	8.87784e-05
0.344	8.87784e-05
0.345	8.87784e-05
0.346	8.87784e-05
0.347	8.87784e-05
0.348	8.87784e-05
0.349	8.87784e-05
0.35	8.87784e-05
0.351	8.87784e-05
0.352	8.87784e-05
0.353	8.87784e-05
0.354	8.87784e-05
0.355	8.87784e-05
0.356	8.87784e-05
0.357	8.87784e-05
0.358	8.87784e-05
0.359	8.87784e-05
0.36	8.87784e-05
0.361	8.87784e-05
0.362	8.87784e-05
0.363	8.87784e-05
0.364	8.87784e-05
0.365	8.87784e-05
0.366	8.87784e-05
0.367	8.87784e-05
0.368	8.87784e-05
0.369	8.87784e-05
0.37	8.87784e-05
0.371	8.87784e-05
0.372	8.87784e-05
0.373	8.87784e-05
0.374	8.87784e-05
0.375	8.87784e-05
0.376	8.87784e-05
0.377	8.87784e-05
0.378	8.87784e-05
0.379	8.87784e-05
0.38	8.87784e-05
0.381	8.87784e-05
0.382	8.87784e-05
0.383	8.87784e-05
0.384	8.87784e-05
0.385	8.87784e-05
0.386	8.87784e-05
0.387	8.87784e-05
0.388	8.87784e-05
0.389	8.87784e-05
0.39	8.87784e-05
0.391	8.87784e-05
0.392	8.87784e-05
0.393	8.87784e-05
0.394	8.87784e-05
0.395	8.87784e-05
0.396	8.87784e-05
0.397	8.87784e-05
0.398	8.87784e-05
0.399	8.87784e-05
0.4	8.87784e-05
0.401	8.87784e-05
0.402	8.87784e-05
0.403	8.87784e-05
0.404	8.87784e-05
0.405	8.87784e-05
0.406	8.87784e-05
0.407	8.87784e-05
0.408	8.87784e-05
0.409	8.87784e-05
0.41	8.87784e-05
0.411	8.87784e-05
0.412	8.87784e-05
0.413	8.87784e-05
0.414	8.87784e-05
0.415	8.87784e-05
0.416	8.87784e-05
0.417	8.87784e-05
0.418	8.87784e-05
0.419	8.87784e-05
0.42	8.87784e-05
0.421	8.87784e-05
0.422	8.87784e-05
0.423	8.87784e-05
0.424	8.87784e-05
0.425	8.87784e-05
0.426	8.87784e-05
0.427	8.87784e-05
0.428	8.87784e-05
0.429	8.87784e-05
0.43	8.87784e-05
0.431	8.87784e-05
0.432	8.87784e-05
0.433	8.87784e-05
0.434	8.87784e-05
0.435	8.87784e-05
0.436	8.87784e-05
0.437	8.87784e-05
0.438	8.87784e-05
0.439	8.87784e-05
0.44	8.87784e-05
0.441	8.87784e-05
0.442	8.87784e-05
0.443	8.87784e-05
0.444	8.87784e-05
0.445	8.87784e-05
0.446	8.87784e-05
0.447	8.87784e-05
0.448	8.87784e-05
0.449	8.87784e-05
0.45	8.87784e-05
0.451	8.87784e-05
0.452	8.87784e-05
0.453	8.87784e-05
0.454	8.87784e-05
0.455	8.87784e-05
0.456	8.87784e-05
0.457	8.87784e-05
0.458	8.87784e-05
0.459	8.87784e-05
0.46	8.87784e-05
0.461	8.87784e-05
0.462	8.87784e-05
0.463	8.87784e-05
0.464	8.87784e-05
0.465	8.87784e-05
0.466	8.87784e-05
0.467	8.87784e-05
0.468	8.87784e-05
0.469	8.87784e-05
0.47	8.87784e-05
0.471	8.87784e-05
0.472	8.87784e-05
0.473	8.87784e-05
0.474	8.87784e-05
0.475	8.87784e-05
0.476	8.87784e-05
0.477	8.87784e-05
0.478	8.87784e-05
0.479	8.87784e-05
0.48	8.87784e-05
0.481	8.87784e-05
0.482	8.87784e-05
0.483	8.87784e-05
0.484	8.87784e-05
0.485	8.87784e-05
0.486	8.87784e-05
0.487	8.87784e-05
0.488	8.87784e-05
0.489	8.87784e-05
0.49	8.87784e-05
0.491	8.87784e-05
0.492	8.87784e-05
0.493	8.87784e-05
0.494	8.87784e-05
0.495	8.87784e-05
0.496	8.87784e-05
0.497	8.87784e-05
0.498	8.87784e-05
0.499	8.87784e-05
0.5	0.00796957
0.501	0.00759746
0.502	0.0072358
0.503	0.00688444
0.504	0.00654326
0.505	0.00621212
0.506	0.00589089
0.507	0.00557944
0.508	0.00527763
0.509	0.00498535
0.51	0.00470246
0.511	0.00442883
0.512	0.00416434
0.513	0.00390886
0.514	0.00366228
0.515	0.00342446
0.516	0.00319528
0.517	0.00297463
0.518	0.00276238
0.519	0.00255842
0.52	0.00236263
0.521	0.00217489
0.522	0.00199509
0.523	0.0018231
0.524	0.00165883
0.525	0.00150215
0.526	0.00135295
0.527	0.00121113
0.528	0.00107658
0.529	0.000949175
0.53	0.000828824
0.531	0.000715415
0.532	0.000608843
0.533	0.000509005
0.534	0.000415797
0.535	0.000329117
0.536	0.000248864
0.537	0.000174938
0.538	0.00010724
0.539	4.56726e-05
0.54	-9.86198e-06
0.541	-5.94592e-05
0.542	-0.000103214
0.543	-0.00014122
0.544	-0.00017357
0.545	-0.000200356
0.546	-0.000221669
0.547	-0.000237597
0.548	-0.000248231
0.549	-0.000253656
0.55	-0.000253961
0.551	-0.00024923
0.552	-0.000239548
0.553	-0.000224998
0.554	-0.000205663
0.555	-0.000181624
0.556	-0.000152961
0.557	-0.000119754
0.558	-8.20806e-05
0.559	-4.00186e-05
0.56	6.35612e-06
0.561	5.69684e-05
0.562	0.000111744
0.563	0.00017061
0.564	0.000233494
0.565	0.000300326
0.566	0.000371035
0.567	0.000445553
0.568	0.000523811
0.569	0.000605743
0.57	0.000691282
0.571	0.000780365
0.572	0.000872928
0.573	0.000968906
0.574	0.00106824
0.575	0.00117087
0.576	0.00127673
0.577	0.00138577
0.578	0.00149793
0.579	0.00161315
0.58	0.00173138
0.581	0.00185256
0.582	0.00197663
0.583	0.00210356
0.584	0.00223328
0.585	0.00236574
0.586	0.0025009
0.587	0.00263871
0.588	0.00277912
0.589	0.00292209
0.59	0.00306756
0.591	0.0032155
0.592	0.00336586
0.593	0.0035186
0.594	0.00367368
0.595	0.00383105
0.596	0.00399069
0.597	0.00415256
0.598	0.0043166
0.599	0.0044828
0.6	0.00465111
0.601	0.00482151
0.602	0.00499395
0.603	0.00516842
0.604	0.00534486
0.605	0.00552327
0.606	0.0057036
0.607	0.00588584
0.608	0.00606995
0.609	0.00625591
0.61	0.0064437
0.611	0.00663328
0.612	0.00682465
0.613	0.00701778
0.614	0.00721264
0.615	0.00740922
0.616	0.0076075
0.617	0.00780747
0.618	0.0080091
0.619	0.00821239
0.62	0.00841732
0.621	0.00862387
0.622	0.00883203
0.623	0.0090418
0.624	0.00925316
0.625	0.0094661
0.626	0.00968063
0.627	0.00989672
0.628	0.0101144
0.629	0.0103336
0.63	0.0105544
0.631	0.0107767
0.632	0.0110006
0.633	0.011226
0.634	0.011453
0.635	0.0116815
0.636	0.0119116
0.637	0.0121432
0.638	0.0123764
0.639	0.0126112
0.64	0.0128476
0.641	0.0130855
0.642	0.013325
0.643	0.0135662
0.644	0.0138089
0.645	0.0140533
0.646	0.0142993
0.647	0.014547
0.648	0.0147963
0.649	0.0150473
0.65	0.0153
0.651	0.0155545
0.652	0.0158106
0.653	0.0160686
0.654	0.0163283
0.655	0.0165898
0.656	0.0168531
0.657	0.0171183
0.658	0.0173854
0.659	0.0176543
0.66	0.0179252
0.661	0.0181981
0.662	0.0184729
0.663	0.0187498
0.664	0.0190287
0.665	0.0193096
0.666	0.0195927
0.667	0.019878
0.668	0.0201654
0.669	0.0204551
0.67	0.020747
0.671	0.0210412
0.672	0.0213378
0.673	0.0216367
0.674	0.0219381
0.675	0.0222419
0.676	0.0225482
0.677	0.0228571
0.678	0.0231686
0.679	0.0234827
0.68	0.0237995
0.681	0.0241191
0.682	0.0244415
0.683	0.0247667
0.684	0.0250948
0.685	0.0254259
0.686	0.0257599
0.687	0.0260971
0.688	0.0264373
0.689	0.0267808
0.69	0.0271274
0.691	0.0274774
0.692	0.0278307
0.693	0.0281874
0.694	0.0285476
0.695	0.0289114
0.696	0.0292787
0.697	0.0296498
0.698	0.0300245
0.699	0.0304031
0.7	0.0307856
0.701	0.031172
0.702	0.0315624
0.703	0.0319569
0.704	0.0323556
0.705	0.0327585
0.706	0.0331657
0.707	0.0335773
0.708	0.0339934
0.709	0.034414
0.71	0.0348393
0.711	0.0352692
0.712	0.0357039
0.713	0.0361435
0.714	0.0365881
0.715	0.0370377
0.716	0.0374924
0.717	0.0379523
0.718	0.0384175
0.719	0.0388881
0.72	0.0393642
0.721	0.0398458
0.722	0.0403331
0.723	0.0408261
0.724	0.041325
0.725	0.0418298
0.726	0.0423407
0.727	0.0428576
0.728	0.0433808
0.729	0.0439104
0.73	0.0444463
0.731	0.0449888
0.732	0.0455379
0.733	0.0460938
0.734	0.0466564
0.735	0.0472261
0.736	0.0478027
0.737	0.0483866
0.738	0.0489777
0.739	0.0495761
0.74	0.0501821
0.741	0.0507956
0.742	0.0514169
0.743	0.0520459
0.744	0.0526829
0.745	0.053328
0.746	0.0539812
0.747	0.0546427
0.748	0.0553127
0.749	0.0559911
0.75	0.0566782
0.751	0.057374
0.752	0.0580788
0.753	0.0587925
0.754	0.0595154
0.755	0.0602476
0.756	0.0609891
0.757	0.0617402
0.758	0.0625009
0.759	0.0632714
0.76	0.0640518
0.761	0.0648422
0.762	0.0656428
0.763	0.0664537
0.764	0.0672751
0.765	0.0681071
0.766	0.0689497
0.767	0.0698032
0.768	0.0706677
0.769	0.0715434
0.77	0.0724303
0.771	0.0733287
0.772	0.0742386
0.773	0.0751602
0.774	0.0760937
0.775	0.0770391
0.776	0.0779967
0.777	0.0789666
0.778	0.079949
0.779	0.080944
0.78	0.0819517
0.781	0.0829723
0.782	0.0840059
0.783	0.0850528
0.784	0.086113
0.785	0.0871868
0.786	0.0882742
0.787	0.0893755
0.788	0.0904908
0.789	0.0916202
0.79	0.092764
0.791	0.0939222
0.792	0.0950952
0.793	0.0962829
0.794	0.0974856
0.795	0.0987034
0.796	0.0999366
0.797	0.101185
0.798	0.10245
0.799	0.10373
0.8	0.105026
0.801	0.106338
0.802	0.107667
0.803	0.109012
0.804	0.110374
0.805	0.111753
0.806	0.113149
0.807	0.114562
0.808	0.115992
0.809	0.11744
0.81	0.118906
0.811	0.12039
0.812	0.121892
0.813	0.123413
0.814	0.124951
0.815	0.126509
0.816	0.128086
0.817	0.129681
0.818	0.131296
0.819	0.13293
0.82	0.134584
0.821	0.136258
0.822	0.137952
0.823	0.139667
0.824	0.141401
0.825	0.143157
0.826	0.144933
0.827	0.14673
0.828	0.148549
0.829	0.150389
0.83	0.15225
0.831	0.154134
0.832	0.156039
0.833	0.157967
0.834	0.159917
0.835	0.16189
0.836	0.163886
0.837	0.165905
0.838	0.167948
0.839	0.170014
0.84	0.172103
0.841	0.174217
0.842	0.176355
0.843	0.178517
0.844	0.180704
0.845	0.182916
0.846	0.185152
0.847	0.187414
0.848	0.189702
0.849	0.192015
0.85	0.194354
0.851	0.19672
0.852	0.199112
0.853	0.20153
0.854	0.203975
0.855	0.206448
0.856	0.208947
0.857	0.211475
0.858	0.21403
0.859	0.216613
0.86	0.219224
0.861	0.221864
0.862	0.224532
0.863	0.22723
0.864	0.229956
0.865	0.232713
0.866	0.235498
0.867	0.238314
0.868	0.24116
0.869	0.244036
0.87	0.246943
0.871	0.249881
0.872	0.25285
0.873	0.255851
0.874	0.258883
0.875	0.261947
0.876	0.265043
0.877	0.268171
0.878	0.271333
0.879	0.274527
0.88	0.277754
0.881	0.281015
0.882	0.284309
0.883	0.287637
0.884	0.291
0.885	0.294397
0.886	0.297828
0.887	0.301295
0.888	0.304797
0.889	0.308334
0.89	0.311908
0.891	0.315517
0.892	0.319162
0.893	0.322845
0.894	0.326564
0.895	0.33032
0.896	0.334113
0.897	0.337944
0.898	0.341814
0.899	0.345721
0.9	0.349667
0.901	0.353651
0.902	0.357675
0.903	0.361738
0.904	0.36584
0.905	0.369983
0.906	0.374166
0.907	0.378389
0.908	0.382653
0.909	0.386957
0.91	0.391304
0.911	0.395691
0.912	0.400121
0.913	0.404593
0.914	0.409107
0.915	0.413664
0.916	0.418264
0.917	0.422908
0.918	0.427595
0.919	0.432326
0.92	0.437101
0.921	0.441921
0.922	0.446786
0.923	0.451695
0.924	0.456651
0.925	0.461652
0.926	0.466699
0.927	0.471792
0.928	0.476932
0.929	0.482119
0.93	0.487353
0.931	0.492635
0.932	0.497964
0.933	0.503342
0.934	0.508768
0.935	0.514244
0.936	0.519768
0.937	0.525342
0.938	0.530965
0.939	0.536639
0.94	0.542362
0.941	0.548137
0.942	0.553963
0.943	0.55984
0.944	0.565768
0.945	0.571749
0.946	0.577782
0.947	0.583868
0.948	0.590006
0.949	0.596198
0.95	0.602444
0.951	0.608743
0.952	0.615097
0.953	0.621505
0.954	0.627969
0.955	0.634487
0.956	0.641062
0.957	0.647692
0.958	0.654378
0.959	0.661121
0.96	0.667921
0.961	0.674779
0.962	0.681694
0.963	0.688667
0.964	0.695698
0.965	0.702788
0.966	0.709937
0.967	0.717145
0.968	0.724413
0.969	0.731741
0.97	0.73913
0.971	0.746579
0.972	0.754089
0.973	0.761661
0.974	0.769295
0.975	0.776991
0.976	0.784749
0.977	0.79257
0.978	0.800454
0.979	0.808402
0.98	0.816414
0.981	0.824491
0.982	0.832632
0.983	0.840837
0.984	0.849109
0.985	0.857446
0.986	0.865849
0.987	0.874319
0.988	0.882855
0.989	0.891459
0.99	0.900131
0.991	0.90887
0.992	0.917678
0.993	0.926554
0.994	0.935499
0.995	0.944514
0.996	0.953599
0.997	0.962754
0.998	0.97198
0.999	0.981276
