# Interpolation data for function: x^10
0	9.74258e-05
0.001	8.89516e-05
0.002	8.08422e-05
0.003	7.30878e-05
0.004	6.56785e-05
0.005	5.86047e-05
0.006	5.1857e-05
0.007	4.5426e-05
0.008	3.93027e-05
0.009	3.34783e-05
0.01	2.7944e-05
0.011	2.26912e-05
0.012	1.77116e-05
0.013	1.29969e-05
0.014	8.53915e-06
0.015	4.33041e-06
0.016	3.62975e-07
0.017	-3.37073e-06
0.018	-6.87811e-06
0.019	-1.01664e-05
0.02	-1.32428e-05
0.021	-1.61141e-05
0.022	-1.87872e-05
0.023	-2.12688e-05
0.024	-2.35653e-05
0.025	-2.56832e-05
0.026	-2.76287e-05
0.027	-2.94079e-05
0.028	-3.10268e-05
0.029	-3.24911e-05
0.03	-3.38067e-05
0.031	-3.4979e-05
0.032	-3.60135e-05
0.033	-3.69156e-05
0.034	-3.76904e-05
0.035	-3.8343e-05
0.036	-3.88784e-05
0.037	-3.93014e-05
0.038	-3.96168e-05
0.039	-3.98292e-05
0.04	-3.9943e-05
0.041	-3.99626e-05
0.042	-3.98925e-05
0.043	-3.97366e-05
0.044	-3.94991e-05
0.045	-3.9184e-05
0.046	-3.87951e-05
0.047	-3.83361e-05
0.048	-3.78109e-05
0.049	-3.72229e-05
0.05	-3.65756e-05
0.051	-3.58723e-05
0.052	-3.51165e-05
0.053	-3.43113e-05
0.054	-3.34598e-05
0.055	-3.2565e-05
0.056	-3.16298e-05
0.057	-3.06573e-05
0.058	-2.965e-05
0.059	-2.86107e-05
0.06	-2.7542e-05
0.061	-2.64465e-05
0.062	-2.53266e-05
0.063	-2.41847e-05
0.064	-2.30231e-05
0.065	-2.1844e-05
0.066	-2.06497e-05
0.067	-1.94421e-05
0.068	-1.82233e-05
0.069	-1.69954e-05
0.07	-1.57601e-05
0.071	-1.45193e-05
0.072	-1.32748e-05
0.073	-1.20283e-05
0.074	-1.07814e-05
0.075	-9.53564e-06
0.076	-8.29262e-06
0.077	-7.05378e-06
0.078	-5.82053e-06
0.079	-4.59421e-06
0.08	-3.37612e-06
0.081	-2.16752e-06
0.082	-9.69586e-07
0.083	2.16533e-07
0.084	1.38974e-06
0.085	2.54901e-06
0.086	3.69333e-06
0.087	4.82175e-06
0.088	5.93338e-06
0.089	7.02735e-06
0.09	8.10286e-06
0.091	9.15912e-06
0.092	1.01954e-05
0.093	1.1211e-05
0.094	1.22054e-05
0.095	1.31778e-05
0.096	1.41277e-05
0.097	1.50545e-05
0.098	1.59579e-05
0.099	1.68373e-05
0.1	1.76922e-05
0.101	1.85223e-05
0.102	1.93273e-05
0.103	2.01067e-05
0.104	2.08603e-05
0.105	2.15878e-05
0.106	2.22891e-05
0.107	2.29638e-05
0.108	2.36117e-05
0.109	2.42329e-05
0.11	2.4827e-05
0.111	2.5394e-05
0.112	2.59338e-05
0.113	2.64464e-05
0.114	2.69317e-05
0.115	2.73898e-05
0.116	2.78206e-05
0.117	2.82242e-05
0.118	2.86006e-05
0.119	2.895e-05
0.12	2.92723e-05
0.121	2.95678e-05
0.122	2.98366e-05
0.123	3.00787e-05
0.124	3.02945e-05
0.125	3.0484e-05
0.126	3.06475e-05
0.127	3.07852e-05
0.128	3.08973e-05
0.129	3.09841e-05
0.13	3.10458e-05
0.131	3.10828e-05
0.132	3.10952e-05
0.133	3.10834e-05
0.134	3.10478e-05
0.135	3.09885e-05
0.136	3.09061e-05
0.137	3.08007e-05
0.138	3.06728e-05
0.139	3.05227e-05
0.14	3.03508e-05
0.141	3.01574e-05
0.142	2.99431e-05
0.143	2.97081e-05
0.144	2.94528e-05
0.145	2.91777e-05
0.146	2.88832e-05
0.147	2.85697e-05
0.148	2.82376e-05
0.149	2.78874e-05
0.15	2.75195e-05
0.151	2.71344e-05
0.152	2.67324e-05
0.153	2.63141e-05
0.154	2.58799e-05
0.155	2.54302e-05
0.156	2.49655e-05
0.157	2.44863e-05
0.158	2.3993e-05
0.159	2.34862e-05
0.16	2.29662e-05
0.161	2.24335e-05
0.162	2.18886e-05
0.163	2.13321e-05
0.164	2.07642e-05
0.165	2.01856e-05
0.166	1.95967e-05
0.167	1.89979e-05
0.168	1.83897e-05
0.169	1.77727e-05
0.17	1.71472e-05
0.171	1.65137e-05
0.172	1.58728e-05
0.173	1.52247e-05
0.174	1.45702e-05
0.175	1.39094e-05
0.176	1.32431e-05
0.177	1.25715e-05
0.178	1.18951e-05
0.179	1.12145e-05
0.18	1.05299e-05
0.181	9.84198e-06
0.182	9.15104e-06
0.183	8.45756e-06
0.184	7.76195e-06
0.185	7.06466e-06
0.186	6.3661e-06
0.187	5.6667e-06
0.188	4.96686e-06
0.189	4.267e-06
0.19	3.56753e-06
0.191	2.86885e-06
0.192	2.17136e-06
0.193	1.47544e-06
0.194	7.81486e-07
0.195	8.98803e-08
0.196	-5.99001e-07
0.197	-1.28479e-06
0.198	-1.96711e-06
0.199	-2.64561e-06
0.2	-3.31992e-06
0.201	-3.98971e-06
0.202	-4.65463e-06
0.203	-5.31433e-06
0.204	-5.96848e-06
0.205	-6.61677e-06
0.206	-7.25885e-06
0.207	-7.89443e-06
0.208	-8.52319e-06
0.209	-9.14482e-06
0.21	-9.75903e-06
0.211	-1.03655e-05
0.212	-1.0964e-05
0.213	-1.15543e-05
0.214	-1.21359e-05
0.215	-1.27088e-05
0.216	-1.32725e-05
0.217	-1.3827e-05
0.218	-1.43718e-05
0.219	-1.49069e-05
0.22	-1.54318e-05
0.221	-1.59465e-05
0.222	-1.64507e-05
0.223	-1.69441e-05
0.224	-1.74266e-05
0.225	-1.78979e-05
0.226	-1.83579e-05
0.227	-1.88064e-05
0.228	-1.92431e-05
0.229	-1.96679e-05
0.23	-2.00806e-05
0.231	-2.0481e-05
0.232	-2.0869e-05
0.233	-2.12445e-05
0.234	-2.16072e-05
0.235	-2.19571e-05
0.236	-2.22939e-05
0.237	-2.26176e-05
0.238	-2.2928e-05
0.239	-2.3225e-05
0.24	-2.35085e-05
0.241	-2.37783e-05
0.242	-2.40344e-05
0.243	-2.42767e-05
0.244	-2.45051e-05
0.245	-2.47194e-05
0.246	-2.49196e-05
0.247	-2.51056e-05
0.248	-2.52773e-05
0.249	-2.54348e-05
0.25	-2.55778e-05
0.251	-2.57063e-05
0.252	-2.58203e-05
0.253	-2.59198e-05
0.254	-2.60046e-05
0.255	-2.60748e-05
0.256	-2.61303e-05
0.257	-2.61711e-05
0.258	-2.6197e-05
0.259	-2.62082e-05
0.26	-2.62046e-05
0.261	-2.61862e-05
0.262	-2.61529e-05
0.263	-2.61048e-05
0.264	-2.60418e-05
0.265	-2.59639e-05
0.266	-2.58712e-05
0.267	-2.57636e-05
0.268	-2.56412e-05
0.269	-2.55039e-05
0.27	-2.53518e-05
0.271	-2.51848e-05
0.272	-2.50031e-05
0.273	-2.48066e-05
0.274	-2.45953e-05
0.275	-2.43693e-05
0.276	-2.41286e-05
0.277	-2.38731e-05
0.278	-2.36031e-05
0.279	-2.33184e-05
0.28	-2.30191e-05
0.281	-2.27053e-05
0.282	-2.2377e-05
0.283	-2.20342e-05
0.284	-2.1677e-05
0.285	-2.13053e-05
0.286	-2.09193e-05
0.287	-2.0519e-05
0.288	-2.01044e-05
0.289	-1.96756e-05
0.29	-1.92326e-05
0.291	-1.87755e-05
0.292	-1.83042e-05
0.293	-1.78189e-05
0.294	-1.73196e-05
0.295	-1.68063e-05
0.296	-1.6279e-05
0.297	-1.57378e-05
0.298	-1.51828e-05
0.299	-1.4614e-05
0.3	-1.40314e-05
0.301	-1.3435e-05
0.302	-1.28249e-05
0.303	-1.22011e-05
0.304	-1.15637e-05
0.305	-1.09126e-05
0.306	-1.0248e-05
0.307	-9.56973e-06
0.308	-8.87792e-06
0.309	-8.17257e-06
0.31	-7.45369e-06
0.311	-6.7213e-06
0.312	-5.9754e-06
0.313	-5.21599e-06
0.314	-4.44308e-06
0.315	-3.65667e-06
0.316	-2.85675e-06
0.317	-2.04331e-06
0.318	-1.21633e-06
0.319	-3.75799e-07
0.32	4.78312e-07
0.321	1.34603e-06
0.322	2.22739e-06
0.323	3.12243e-06
0.324	4.03119e-06
0.325	4.95373e-06
0.326	5.89009e-06
0.327	6.84035e-06
0.328	7.80456e-06
0.329	8.78281e-06
0.33	9.77517e-06
0.331	1.07817e-05
0.332	1.18026e-05
0.333	1.28378e-05
0.334	1.38876e-05
0.335	1.49519e-05
0.336	1.6031e-05
0.337	1.7125e-05
0.338	1.8234e-05
0.339	1.93581e-05
0.34	2.04976e-05
0.341	2.16525e-05
0.342	2.28231e-05
0.343	2.40095e-05
0.344	2.5212e-05
0.345	2.64307e-05
0.346	2.76658e-05
0.347	2.89176e-05
0.348	3.01862e-05
0.349	3.1472e-05
0.35	3.27752e-05
0.351	3.4096e-05
0.352	3.54347e-05
0.353	3.67917e-05
0.354	3.81671e-05
0.355	3.95613e-05
0.356	4.09747e-05
0.357	4.24075e-05
0.358	4.38601e-05
0.359	4.53329e-05
0.36	4.68262e-05
0.361	4.83404e-05
0.362	4.98759e-05
0.363	5.14331e-05
0.364	5.30124e-05
0.365	5.46143e-05
0.366	5.62392e-05
0.367	5.78876e-05
0.368	5.956e-05
0.369	6.12568e-05
0.37	6.29785e-05
0.371	6.47258e-05
0.372	6.64991e-05
0.373	6.8299e-05
0.374	7.0126e-05
0.375	7.19807e-05
0.376	7.38639e-05
0.377	7.57759e-05
0.378	7.77176e-05
0.379	7.96896e-05
0.38	8.16925e-05
0.381	8.3727e-05
0.382	8.57938e-05
0.383	8.78938e-05
0.384	9.00275e-05
0.385	9.21958e-05
0.386	9.43995e-05
0.387	9.66394e-05
0.388	9.89162e-05
0.389	0.000101231
0.39	0.000103584
0.391	0.000105977
0.392	0.000108411
0.393	0.000110886
0.394	0.000113403
0.395	0.000115964
0.396	0.000118569
0.397	0.000121219
0.398	0.000123916
0.399	0.00012666
0.4	0.000129453
0.401	0.000132295
0.402	0.000135188
0.403	0.000138134
0.404	0.000141132
0.405	0.000144185
0.406	0.000147293
0.407	0.000150458
0.408	0.000153681
0.409	0.000156963
0.41	0.000160307
0.411	0.000163712
0.412	0.000167181
0.413	0.000170715
0.414	0.000174315
0.415	0.000177983
0.416	0.000181721
0.417	0.000185529
0.418	0.00018941
0.419	0.000193365
0.42	0.000197396
0.421	0.000201504
0.422	0.000205691
0.423	0.000209958
0.424	0.000214308
0.425	0.000218743
0.426	0.000223263
0.427	0.000227872
0.428	0.00023257
0.429	0.00023736
0.43	0.000242244
0.431	0.000247223
0.432	0.0002523
0.433	0.000257476
0.434	0.000262755
0.435	0.000268137
0.436	0.000273626
0.437	0.000279222
0.438	0.00028493
0.439	0.00029075
0.44	0.000296685
0.441	0.000302738
0.442	0.00030891
0.443	0.000315205
0.444	0.000321625
0.445	0.000328172
0.446	0.000334848
0.447	0.000341657
0.448	0.000348602
0.449	0.000355684
0.45	0.000362906
0.451	0.000370272
0.452	0.000377784
0.453	0.000385444
0.454	0.000393257
0.455	0.000401224
0.456	0.000409349
0.457	0.000417635
0.458	0.000426085
0.459	0.000434702
0.46	0.000443489
0.461	0.00045245
0.462	0.000461587
0.463	0.000470905
0.464	0.000480406
0.465	0.000490094
0.466	0.000499972
0.467	0.000510044
0.468	0.000520314
0.469	0.000530786
0.47	0.000541462
0.471	0.000552347
0.472	0.000563444
0.473	0.000574758
0.474	0.000586293
0.475	0.000598051
0.476	0.000610038
0.477	0.000622258
0.478	0.000634714
0.479	0.000647412
0.48	0.000660354
0.481	0.000673546
0.482	0.000686992
0.483	0.000700697
0.484	0.000714665
0.485	0.0007289
0.486	0.000743407
0.487	0.000758192
0.488	0.000773259
0.489	0.000788612
0.49	0.000804257
0.491	0.000820199
0.492	0.000836443
0.493	0.000852994
0.494	0.000869857
0.495	0.000887037
0.496	0.000904541
0.497	0.000922373
0.498	0.000940539
0.499	0.000959044
0.5	0.000977894
0.501	0.000997096
0.502	0.00101665
0.503	0.00103658
0.504	0.00105687
0.505	0.00107753
0.506	0.00109858
0.507	0.00112001
0.508	0.00114184
0.509	0.00116406
0.51	0.0011867
0.511	0.00120974
0.512	0.00123321
0.513	0.0012571
0.514	0.00128143
0.515	0.00130619
0.516	0.00133141
0.517	0.00135707
0.518	0.0013832
0.519	0.0014098
0.52	0.00143688
0.521	0.00146444
0.522	0.00149249
0.523	0.00152104
0.524	0.0015501
0.525	0.00157968
0.526	0.00160977
0.527	0.0016404
0.528	0.00167157
0.529	0.00170328
0.53	0.00173556
0.531	0.00176839
0.532	0.0018018
0.533	0.0018358
0.534	0.00187038
0.535	0.00190557
0.536	0.00194136
0.537	0.00197778
0.538	0.00201482
0.539	0.0020525
0.54	0.00209082
0.541	0.0021298
0.542	0.00216945
0.543	0.00220978
0.544	0.00225079
0.545	0.0022925
0.546	0.00233492
0.547	0.00237805
0.548	0.00242192
0.549	0.00246652
0.55	0.00251187
0.551	0.00255799
0.552	0.00260487
0.553	0.00265254
0.554	0.00270101
0.555	0.00275028
0.556	0.00280037
0.557	0.00285129
0.558	0.00290305
0.559	0.00295567
0.56	0.00300915
0.561	0.00306351
0.562	0.00311876
0.563	0.00317492
0.564	0.003232
0.565	0.00329
0.566	0.00334895
0.567	0.00340886
0.568	0.00346974
0.569	0.0035316
0.57	0.00359446
0.571	0.00365833
0.572	0.00372323
0.573	0.00378917
0.574	0.00385616
0.575	0.00392423
0.576	0.00399338
0.577	0.00406363
0.578	0.00413499
0.579	0.00420749
0.58	0.00428113
0.581	0.00435594
0.582	0.00443192
0.583	0.0045091
0.584	0.00458749
0.585	0.00466711
0.586	0.00474797
0.587	0.0048301
0.588	0.0049135
0.589	0.0049982
0.59	0.00508421
0.591	0.00517156
0.592	0.00526025
0.593	0.00535031
0.594	0.00544176
0.595	0.00553462
0.596	0.00562889
0.597	0.00572461
0.598	0.0058218
0.599	0.00592046
0.6	0.00602063
0.601	0.00612231
0.602	0.00622554
0.603	0.00633033
0.604	0.00643671
0.605	0.00654469
0.606	0.00665429
0.607	0.00676554
0.608	0.00687846
0.609	0.00699307
0.61	0.00710939
0.611	0.00722744
0.612	0.00734726
0.613	0.00746885
0.614	0.00759225
0.615	0.00771747
0.616	0.00784455
0.617	0.0079735
0.618	0.00810435
0.619	0.00823712
0.62	0.00837184
0.621	0.00850854
0.622	0.00864723
0.623	0.00878795
0.624	0.00893072
0.625	0.00907557
0.626	0.00922252
0.627	0.00937159
0.628	0.00952283
0.629	0.00967625
0.63	0.00983189
0.631	0.00998976
0.632	0.0101499
0.633	0.0103124
0.634	0.0104771
0.635	0.0106442
0.636	0.0108138
0.637	0.0109857
0.638	0.0111601
0.639	0.0113369
0.64	0.0115163
0.641	0.0116982
0.642	0.0118826
0.643	0.0120697
0.644	0.0122594
0.645	0.0124518
0.646	0.0126469
0.647	0.0128447
0.648	0.0130452
0.649	0.0132486
0.65	0.0134548
0.651	0.0136639
0.652	0.0138759
0.653	0.0140909
0.654	0.0143088
0.655	0.0145297
0.656	0.0147537
0.657	0.0149808
0.658	0.015211
0.659	0.0154443
0.66	0.0156809
0.661	0.0159207
0.662	0.0161638
0.663	0.0164102
0.664	0.01666
0.665	0.0169132
0.666	0.0171698
0.667	0.0174299
0.668	0.0176935
0.669	0.0179607
0.67	0.0182315
0.671	0.018506
0.672	0.0187841
0.673	0.019066
0.674	0.0193517
0.675	0.0196413
0.676	0.0199347
0.677	0.020232
0.678	0.0205333
0.679	0.0208386
0.68	0.021148
0.681	0.0214614
0.682	0.0217791
0.683	0.0221009
0.684	0.0224271
0.685	0.0227575
0.686	0.0230923
0.687	0.0234314
0.688	0.0237751
0.689	0.0241233
0.69	0.024476
0.691	0.0248333
0.692	0.0251954
0.693	0.0255621
0.694	0.0259337
0.695	0.02631
0.696	0.0266913
0.697	0.0270775
0.698	0.0274687
0.699	0.027865
0.7	0.0282664
0.701	0.028673
0.702	0.0290848
0.703	0.029502
0.704	0.0299244
0.705	0.0303524
0.706	0.0307858
0.707	0.0312247
0.708	0.0316693
0.709	0.0321195
0.71	0.0325754
0.711	0.0330372
0.712	0.0335048
0.713	0.0339784
0.714	0.034458
0.715	0.0349436
0.716	0.0354354
0.717	0.0359334
0.718	0.0364376
0.719	0.0369482
0.72	0.0374653
0.721	0.0379888
0.722	0.0385188
0.723	0.0390555
0.724	0.039599
0.725	0.0401492
0.726	0.0407062
0.727	0.0412702
0.728	0.0418412
0.729	0.0424193
0.73	0.0430045
0.731	0.043597
0.732	0.0441969
0.733	0.0448041
0.734	0.0454188
0.735	0.0460411
0.736	0.046671
0.737	0.0473087
0.738	0.0479542
0.739	0.0486076
0.74	0.049269
0.741	0.0499385
0.742	0.0506161
0.743	0.051302
0.744	0.0519963
0.745	0.0526989
0.746	0.0534101
0.747	0.05413
0.748	0.0548585
0.749	0.0555958
0.75	0.0563421
0.751	0.0570973
0.752	0.0578617
0.753	0.0586352
0.754	0.059418
0.755	0.0602102
0.756	0.0610119
0.757	0.0618231
0.758	0.0626441
0.759	0.0634749
0.76	0.0643155
0.761	0.0651662
0.762	0.0660269
0.763	0.0668979
0.764	0.0677792
0.765	0.068671
0.766	0.0695733
0.767	0.0704862
0.768	0.0714099
0.769	0.0723445
0.77	0.0732901
0.771	0.0742468
0.772	0.0752147
0.773	0.0761939
0.774	0.0771847
0.775	0.078187
0.776	0.0792009
0.777	0.0802268
0.778	0.0812645
0.779	0.0823144
0.78	0.0833764
0.781	0.0844507
0.782	0.0855375
0.783	0.0866369
0.784	0.0877489
0.785	0.0888739
0.786	0.0900117
0.787	0.0911627
0.788	0.0923269
0.789	0.0935045
0.79	0.0946956
0.791	0.0959003
0.792	0.0971188
0.793	0.0983512
0.794	0.0995977
0.795	0.100858
0.796	0.102134
0.797	0.103423
0.798	0.104727
0.799	0.106046
0.8	0.10738
0.801	0.108729
0.802	0.110094
0.803	0.111473
0.804	0.112868
0.805	0.114279
0.806	0.115706
0.807	0.117149
0.808	0.118608
0.809	0.120083
0.81	0.121575
0.811	0.123084
0.812	0.124609
0.813	0.126152
0.814	0.127711
0.815	0.129288
0.816	0.130883
0.817	0.132495
0.818	0.134125
0.819	0.135773
0.82	0.137439
0.821	0.139124
0.822	0.140827
0.823	0.142549
0.824	0.14429
0.825	0.14605
0.826	0.14783
0.827	0.149628
0.828	0.151447
0.829	0.153286
0.83	0.155144
0.831	0.157023
0.832	0.158922
0.833	0.160842
0.834	0.162783
0.835	0.164745
0.836	0.166728
0.837	0.168733
0.838	0.17076
0.839	0.172808
0.84	0.174878
0.841	0.176971
0.842	0.179086
0.843	0.181224
0.844	0.183385
0.845	0.185569
0.846	0.187777
0.847	0.190008
0.848	0.192263
0.849	0.194542
0.85	0.196846
0.851	0.199174
0.852	0.201527
0.853	0.203905
0.854	0.206308
0.855	0.208736
0.856	0.21119
0.857	0.213671
0.858	0.216177
0.859	0.21871
0.86	0.221269
0.861	0.223856
0.862	0.22647
0.863	0.229111
0.864	0.23178
0.865	0.234477
0.866	0.237202
0.867	0.239955
0.868	0.242738
0.869	0.245549
0.87	0.24839
0.871	0.25126
0.872	0.25416
0.873	0.25709
0.874	0.260051
0.875	0.263042
0.876	0.266064
0.877	0.269118
0.878	0.272203
0.879	0.27532
0.88	0.278469
0.881	0.28165
0.882	0.284864
0.883	0.288111
0.884	0.291391
0.885	0.294705
0.886	0.298053
0.887	0.301435
0.888	0.304851
0.889	0.308303
0.89	0.311789
0.891	0.315311
0.892	0.318869
0.893	0.322462
0.894	0.326093
0.895	0.32976
0.896	0.333464
0.897	0.337205
0.898	0.340984
0.899	0.344802
0.9	0.348657
0.901	0.352552
0.902	0.356486
0.903	0.360459
0.904	0.364472
0.905	0.368525
0.906	0.372618
0.907	0.376753
0.908	0.380929
0.909	0.385146
0.91	0.389405
0.911	0.393707
0.912	0.398051
0.913	0.402439
0.914	0.40687
0.915	0.411345
0.916	0.415864
0.917	0.420427
0.918	0.425036
0.919	0.42969
0.92	0.43439
0.921	0.439136
0.922	0.443929
0.923	0.448769
0.924	0.453656
0.925	0.458591
0.926	0.463574
0.927	0.468606
0.928	0.473687
0.929	0.478817
0.93	0.483998
0.931	0.489228
0.932	0.49451
0.933	0.499843
0.934	0.505227
0.935	0.510664
0.936	0.516153
0.937	0.521695
0.938	0.527291
0.939	0.53294
0.94	0.538644
0.941	0.544403
0.942	0.550217
0.943	0.556086
0.944	0.562012
0.945	0.567995
0.946	0.574035
0.947	0.580133
0.948	0.586288
0.949	0.592503
0.95	0.598776
0.951	0.60511
0.952	0.611503
0.953	0.617957
0.954	0.624472
0.955	0.631049
0.956	0.637688
0.957	0.64439
0.958	0.651155
0.959	0.657984
0.96	0.664877
0.961	0.671835
0.962	0.678858
0.963	0.685947
0.964	0.693102
0.965	0.700325
0.966	0.707615
0.967	0.714973
0.968	0.7224
0.969	0.729896
0.97	0.737462
0.971	0.745099
0.972	0.752806
0.973	0.760585
0.974	0.768436
0.975	0.776359
0.976	0.784356
0.977	0.792427
0.978	0.800572
0.979	0.808793
0.98	0.817089
0.981	0.825461
0.982	0.833911
0.983	0.842438
0.984	0.851043
0.985	0.859727
0.986	0.868491
0.987	0.877334
0.988	0.886259
0.989	0.895264
0.99	0.904352
0.991	0.913523
0.992	0.922777
0.993	0.932115
0.994	0.941538
0.995	0.951046
0.996	0.96064
0.997	0.970321
0.998	0.98009
0.999	0.989946
