# Interpolation data for function: x^10
0	-5.41254e-06
0.001	-4.83305e-06
0.002	-4.28462e-06
0.003	-3.76616e-06
0.004	-3.27663e-06
0.005	-2.815e-06
0.006	-2.38029e-06
0.007	-1.97152e-06
0.008	-1.58774e-06
0.009	-1.22803e-06
0.01	-8.9149e-07
0.011	-5.77241e-07
0.012	-2.84432e-07
0.013	-1.22311e-08
0.014	2.40172e-07
0.015	4.73565e-07
0.016	6.88715e-07
0.017	8.86369e-07
0.018	1.06725e-06
0.019	1.23207e-06
0.02	1.38152e-06
0.021	1.51625e-06
0.022	1.63692e-06
0.023	1.74417e-06
0.024	1.8386e-06
0.025	1.92081e-06
0.026	1.99137e-06
0.027	2.05085e-06
0.028	2.0998e-06
0.029	2.13873e-06
0.03	2.16817e-06
0.031	2.18861e-06
0.032	2.20053e-06
0.033	2.2044e-06
0.034	2.20067e-06
0.035	2.18978e-06
0.036	2.17214e-06
0.037	2.14818e-06
0.038	2.11829e-06
0.039	2.08285e-06
0.04	2.04224e-06
0.041	1.9968e-06
0.042	1.94689e-06
0.043	1.89285e-06
0.044	1.83498e-06
0.045	1.77361e-06
0.046	1.70904e-06
0.047	1.64154e-06
0.048	1.57141e-06
0.049	1.49891e-06
0.05	1.42429e-06
0.051	1.3478e-06
0.052	1.26969e-06
0.053	1.19017e-06
0.054	1.10947e-06
0.055	1.0278e-06
0.056	9.45365e-07
0.057	8.62348e-07
0.058	7.78937e-07
0.059	6.9531e-07
0.06	6.11634e-07
0.061	5.28069e-07
0.062	4.44769e-07
0.063	3.61879e-07
0.064	2.79538e-07
0.065	1.97877e-07
0.066	1.1702e-07
0.067	3.70869e-08
0.068	-4.18117e-08
0.069	-1.1957e-07
0.07	-1.96089e-07
0.071	-2.71275e-07
0.072	-3.45039e-07
0.073	-4.17301e-07
0.074	-4.87982e-07
0.075	-5.57012e-07
0.076	-6.24323e-07
0.077	-6.89855e-07
0.078	-7.53549e-07
0.079	-8.15355e-07
0.08	-8.75225e-07
0.081	-9.33114e-07
0.082	-9.88984e-07
0.083	-1.0428e-06
0.084	-1.09453e-06
0.085	-1.14415e-06
0.086	-1.19163e-06
0.087	-1.23695e-06
0.088	-1.28011e-06
0.089	-1.32107e-06
0.09	-1.35984e-06
0.091	-1.39641e-06
0.092	-1.43076e-06
0.093	-1.46291e-06
0.094	-1.49285e-06
0.095	-1.52059e-06
0.096	-1.54613e-06
0.097	-1.56948e-06
0.098	-1.59065e-06
0.099	-1.60967e-06
0.1	-1.62653e-06
0.101	-1.64127e-06
0.102	-1.65389e-06
0.103	-1.66443e-06
0.104	-1.6729e-06
0.105	-1.67934e-06
0.106	-1.68376e-06
0.107	-1.6862e-06
0.108	-1.68668e-06
0.109	-1.68524e-06
0.11	-1.6819e-06
0.111	-1.67671e-06
0.112	-1.66969e-06
0.113	-1.66089e-06
0.114	-1.65034e-06
0.115	-1.63807e-06
0.116	-1.62413e-06
0.117	-1.60855e-06
0.118	-1.59138e-06
0.119	-1.57265e-06
0.12	-1.55241e-06
0.121	-1.5307e-06
0.122	-1.50756e-06
0.123	-1.48304e-06
0.124	-1.45717e-06
0.125	-1.43001e-06
0.126	-1.40159e-06
0.127	-1.37196e-06
0.128	-1.34116e-06
0.129	-1.30925e-06
0.13	-1.27626e-06
0.131	-1.24223e-06
0.132	-1.20722e-06
0.133	-1.17127e-06
0.134	-1.13442e-06
0.135	-1.09672e-06
0.136	-1.05821e-06
0.137	-1.01894e-06
0.138	-9.78953e-07
0.139	-9.38288e-07
0.14	-8.96991e-07
0.141	-8.55106e-07
0.142	-8.12677e-07
0.143	-7.69745e-07
0.144	-7.26353e-07
0.145	-6.82544e-07
0.146	-6.38358e-07
0.147	-5.93836e-07
0.148	-5.4902e-07
0.149	-5.03948e-07
0.15	-4.58661e-07
0.151	-4.13197e-07
0.152	-3.67595e-07
0.153	-3.21892e-07
0.154	-2.76125e-07
0.155	-2.3033e-07
0.156	-1.84544e-07
0.157	-1.38802e-07
0.158	-9.31366e-08
0.159	-4.7583e-08
0.16	-2.1736e-09
0.161	4.30594e-08
0.162	8.80848e-08
0.163	1.32872e-07
0.164	1.77391e-07
0.165	2.21612e-07
0.166	2.65509e-07
0.167	3.09052e-07
0.168	3.52216e-07
0.169	3.94976e-07
0.17	4.37305e-07
0.171	4.79181e-07
0.172	5.2058e-07
0.173	5.6148e-07
0.174	6.0186e-07
0.175	6.41698e-07
0.176	6.80977e-07
0.177	7.19676e-07
0.178	7.57779e-07
0.179	7.95269e-07
0.18	8.32129e-07
0.181	8.68345e-07
0.182	9.03903e-07
0.183	9.3879e-07
0.184	9.72994e-07
0.185	1.0065e-06
0.186	1.03931e-06
0.187	1.0714e-06
0.188	1.10277e-06
0.189	1.13341e-06
0.19	1.16331e-06
0.191	1.19248e-06
0.192	1.2209e-06
0.193	1.24857e-06
0.194	1.27549e-06
0.195	1.30166e-06
0.196	1.32707e-06
0.197	1.35174e-06
0.198	1.37565e-06
0.199	1.39881e-06
0.2	1.42124e-06
0.201	1.44292e-06
0.202	1.46386e-06
0.203	1.48408e-06
0.204	1.50358e-06
0.205	1.52237e-06
0.206	1.54046e-06
0.207	1.55785e-06
0.208	1.57457e-06
0.209	1.59062e-06
0.21	1.60601e-06
0.211	1.62077e-06
0.212	1.6349e-06
0.213	1.64843e-06
0.214	1.66137e-06
0.215	1.67373e-06
0.216	1.68555e-06
0.217	1.69684e-06
0.218	1.70762e-06
0.219	1.71792e-06
0.22	1.72776e-06
0.221	1.73716e-06
0.222	1.74615e-06
0.223	1.75477e-06
0.224	1.76302e-06
0.225	1.77096e-06
0.226	1.77859e-06
0.227	1.78597e-06
0.228	1.79312e-06
0.229	1.80007e-06
0.23	1.80685e-06
0.231	1.81352e-06
0.232	1.82009e-06
0.233	1.82661e-06
0.234	1.83313e-06
0.235	1.83967e-06
0.236	1.84628e-06
0.237	1.85301e-06
0.238	1.85989e-06
0.239	1.86698e-06
0.24	1.87431e-06
0.241	1.88195e-06
0.242	1.88993e-06
0.243	1.8983e-06
0.244	1.90712e-06
0.245	1.91644e-06
0.246	1.92632e-06
0.247	1.9368e-06
0.248	1.94795e-06
0.249	1.95982e-06
0.25	1.97247e-06
0.251	1.98597e-06
0.252	2.00037e-06
0.253	2.01573e-06
0.254	2.03213e-06
0.255	2.04963e-06
0.256	2.0683e-06
0.257	2.0882e-06
0.258	2.10941e-06
0.259	2.13199e-06
0.26	2.15603e-06
0.261	2.1816e-06
0.262	2.20877e-06
0.263	2.23762e-06
0.264	2.26824e-06
0.265	2.3007e-06
0.266	2.33509e-06
0.267	2.3715e-06
0.268	2.41001e-06
0.269	2.45071e-06
0.27	2.49369e-06
0.271	2.53904e-06
0.272	2.58686e-06
0.273	2.63725e-06
0.274	2.69031e-06
0.275	2.74612e-06
0.276	2.80481e-06
0.277	2.86647e-06
0.278	2.9312e-06
0.279	2.99913e-06
0.28	3.07035e-06
0.281	3.14499e-06
0.282	3.22315e-06
0.283	3.30497e-06
0.284	3.39055e-06
0.285	3.48002e-06
0.286	3.57351e-06
0.287	3.67114e-06
0.288	3.77305e-06
0.289	3.87936e-06
0.29	3.99022e-06
0.291	4.10577e-06
0.292	4.22614e-06
0.293	4.35148e-06
0.294	4.48193e-06
0.295	4.61765e-06
0.296	4.7588e-06
0.297	4.90552e-06
0.298	5.05797e-06
0.299	5.21633e-06
0.3	5.38075e-06
0.301	5.55141e-06
0.302	5.72848e-06
0.303	5.91213e-06
0.304	6.10255e-06
0.305	6.29992e-06
0.306	6.50442e-06
0.307	6.71625e-06
0.308	6.9356e-06
0.309	7.16268e-06
0.31	7.39768e-06
0.311	7.64081e-06
0.312	7.89228e-06
0.313	8.15232e-06
0.314	8.42113e-06
0.315	8.69895e-06
0.316	8.986e-06
0.317	9.28252e-06
0.318	9.58874e-06
0.319	9.90491e-06
0.32	1.02313e-05
0.321	1.05681e-05
0.322	1.09156e-05
0.323	1.12741e-05
0.324	1.16438e-05
0.325	1.20251e-05
0.326	1.24181e-05
0.327	1.28232e-05
0.328	1.32407e-05
0.329	1.36709e-05
0.33	1.4114e-05
0.331	1.45704e-05
0.332	1.50404e-05
0.333	1.55243e-05
0.334	1.60225e-05
0.335	1.65352e-05
0.336	1.70628e-05
0.337	1.76058e-05
0.338	1.81643e-05
0.339	1.87388e-05
0.34	1.93297e-05
0.341	1.99373e-05
0.342	2.0562e-05
0.343	2.12042e-05
0.344	2.18643e-05
0.345	2.25427e-05
0.346	2.32399e-05
0.347	2.39562e-05
0.348	2.46921e-05
0.349	2.5448e-05
0.35	2.62243e-05
0.351	2.70216e-05
0.352	2.78403e-05
0.353	2.86809e-05
0.354	2.95438e-05
0.355	3.04296e-05
0.356	3.13387e-05
0.357	3.22717e-05
0.358	3.32291e-05
0.359	3.42114e-05
0.36	3.52192e-05
0.361	3.6253e-05
0.362	3.73134e-05
0.363	3.8401e-05
0.364	3.95163e-05
0.365	4.066e-05
0.366	4.18326e-05
0.367	4.30348e-05
0.368	4.42673e-05
0.369	4.55306e-05
0.37	4.68254e-05
0.371	4.81525e-05
0.372	4.95124e-05
0.373	5.09059e-05
0.374	5.23336e-05
0.375	5.37964e-05
0.376	5.52949e-05
0.377	5.683e-05
0.378	5.84022e-05
0.379	6.00126e-05
0.38	6.16617e-05
0.381	6.33505e-05
0.382	6.50797e-05
0.383	6.68503e-05
0.384	6.8663e-05
0.385	7.05187e-05
0.386	7.24183e-05
0.387	7.43627e-05
0.388	7.63529e-05
0.389	7.83897e-05
0.39	8.04741e-05
0.391	8.26071e-05
0.392	8.47897e-05
0.393	8.70228e-05
0.394	8.93075e-05
0.395	9.16449e-05
0.396	9.4036e-05
0.397	9.64818e-05
0.398	9.89835e-05
0.399	0.000101542
0.4	0.000104159
0.401	0.000106835
0.402	0.000109572
0.403	0.00011237
0.404	0.000115231
0.405	0.000118156
0.406	0.000121147
0.407	0.000124204
0.408	0.000127329
0.409	0.000130524
0.41	0.000133789
0.411	0.000137127
0.412	0.000140537
0.413	0.000144023
0.414	0.000147585
0.415	0.000151225
0.416	0.000154944
0.417	0.000158743
0.418	0.000162626
0.419	0.000166592
0.42	0.000170644
0.421	0.000174783
0.422	0.00017901
0.423	0.000183329
0.424	0.000187739
0.425	0.000192244
0.426	0.000196845
0.427	0.000201543
0.428	0.00020634
0.429	0.000211239
0.43	0.000216241
0.431	0.000221348
0.432	0.000226562
0.433	0.000231885
0.434	0.00023732
0.435	0.000242867
0.436	0.00024853
0.437	0.00025431
0.438	0.00026021
0.439	0.000266231
0.44	0.000272377
0.441	0.000278648
0.442	0.000285049
0.443	0.00029158
0.444	0.000298244
0.445	0.000305044
0.446	0.000311982
0.447	0.000319061
0.448	0.000326283
0.449	0.000333651
0.45	0.000341167
0.451	0.000348835
0.452	0.000356655
0.453	0.000364633
0.454	0.00037277
0.455	0.000381068
0.456	0.000389532
0.457	0.000398164
0.458	0.000406966
0.459	0.000415943
0.46	0.000425096
0.461	0.000434429
0.462	0.000443946
0.463	0.000453649
0.464	0.000463542
0.465	0.000473627
0.466	0.000483909
0.467	0.00049439
0.468	0.000505075
0.469	0.000515966
0.47	0.000527068
0.471	0.000538383
0.472	0.000549916
0.473	0.00056167
0.474	0.000573649
0.475	0.000585857
0.476	0.000598297
0.477	0.000610975
0.478	0.000623893
0.479	0.000637055
0.48	0.000650467
0.481	0.000664132
0.482	0.000678054
0.483	0.000692237
0.484	0.000706687
0.485	0.000721407
0.486	0.000736402
0.487	0.000751677
0.488	0.000767236
0.489	0.000783084
0.49	0.000799225
0.491	0.000815665
0.492	0.000832409
0.493	0.000849461
0.494	0.000866826
0.495	0.00088451
0.496	0.000902518
0.497	0.000920855
0.498	0.000939526
0.499	0.000958538
0.5	0.000977894
0.501	0.000997602
0.502	0.00101767
0.503	0.00103809
0.504	0.00105889
0.505	0.00108006
0.506	0.00110161
0.507	0.00112354
0.508	0.00114587
0.509	0.0011686
0.51	0.00119173
0.511	0.00121527
0.512	0.00123923
0.513	0.00126361
0.514	0.00128843
0.515	0.00131368
0.516	0.00133938
0.517	0.00136553
0.518	0.00139214
0.519	0.00141922
0.52	0.00144677
0.521	0.0014748
0.522	0.00150331
0.523	0.00153233
0.524	0.00156184
0.525	0.00159187
0.526	0.00162242
0.527	0.00165349
0.528	0.0016851
0.529	0.00171725
0.53	0.00174995
0.531	0.00178321
0.532	0.00181704
0.533	0.00185145
0.534	0.00188645
0.535	0.00192203
0.536	0.00195823
0.537	0.00199503
0.538	0.00203246
0.539	0.00207052
0.54	0.00210921
0.541	0.00214856
0.542	0.00218857
0.543	0.00222925
0.544	0.00227061
0.545	0.00231266
0.546	0.00235541
0.547	0.00239887
0.548	0.00244305
0.549	0.00248796
0.55	0.00253361
0.551	0.00258002
0.552	0.00262719
0.553	0.00267514
0.554	0.00272387
0.555	0.00277341
0.556	0.00282375
0.557	0.00287491
0.558	0.00292691
0.559	0.00297976
0.56	0.00303346
0.561	0.00308803
0.562	0.00314348
0.563	0.00319983
0.564	0.00325709
0.565	0.00331527
0.566	0.00337439
0.567	0.00343445
0.568	0.00349547
0.569	0.00355747
0.57	0.00362046
0.571	0.00368445
0.572	0.00374946
0.573	0.00381549
0.574	0.00388258
0.575	0.00395072
0.576	0.00401994
0.577	0.00409025
0.578	0.00416167
0.579	0.00423421
0.58	0.00430788
0.581	0.00438271
0.582	0.00445871
0.583	0.00453589
0.584	0.00461427
0.585	0.00469387
0.586	0.0047747
0.587	0.00485679
0.588	0.00494014
0.589	0.00502479
0.59	0.00511073
0.591	0.005198
0.592	0.0052866
0.593	0.00537657
0.594	0.00546791
0.595	0.00556064
0.596	0.00565479
0.597	0.00575038
0.598	0.00584741
0.599	0.00594592
0.6	0.00604592
0.601	0.00614743
0.602	0.00625047
0.603	0.00635507
0.604	0.00646124
0.605	0.00656901
0.606	0.00667839
0.607	0.0067894
0.608	0.00690208
0.609	0.00701644
0.61	0.0071325
0.611	0.00725029
0.612	0.00736982
0.613	0.00749113
0.614	0.00761423
0.615	0.00773915
0.616	0.00786591
0.617	0.00799454
0.618	0.00812506
0.619	0.0082575
0.62	0.00839187
0.621	0.00852821
0.622	0.00866655
0.623	0.0088069
0.624	0.00894929
0.625	0.00909375
0.626	0.00924031
0.627	0.00938899
0.628	0.00953982
0.629	0.00969283
0.63	0.00984804
0.631	0.0100055
0.632	0.0101652
0.633	0.0103272
0.634	0.0104915
0.635	0.0106582
0.636	0.0108273
0.637	0.0109987
0.638	0.0111726
0.639	0.011349
0.64	0.0115279
0.641	0.0117093
0.642	0.0118933
0.643	0.0120798
0.644	0.012269
0.645	0.0124609
0.646	0.0126555
0.647	0.0128528
0.648	0.0130528
0.649	0.0132557
0.65	0.0134614
0.651	0.0136699
0.652	0.0138814
0.653	0.0140958
0.654	0.0143132
0.655	0.0145336
0.656	0.014757
0.657	0.0149836
0.658	0.0152132
0.659	0.015446
0.66	0.0156821
0.661	0.0159213
0.662	0.0161639
0.663	0.0164097
0.664	0.0166589
0.665	0.0169116
0.666	0.0171676
0.667	0.0174272
0.668	0.0176903
0.669	0.0179569
0.67	0.0182272
0.671	0.0185011
0.672	0.0187787
0.673	0.0190601
0.674	0.0193452
0.675	0.0196342
0.676	0.019927
0.677	0.0202238
0.678	0.0205246
0.679	0.0208294
0.68	0.0211382
0.681	0.0214512
0.682	0.0217683
0.683	0.0220896
0.684	0.0224152
0.685	0.0227451
0.686	0.0230794
0.687	0.0234181
0.688	0.0237612
0.689	0.0241089
0.69	0.0244611
0.691	0.024818
0.692	0.0251796
0.693	0.0255458
0.694	0.0259169
0.695	0.0262928
0.696	0.0266736
0.697	0.0270594
0.698	0.0274502
0.699	0.027846
0.7	0.028247
0.701	0.0286532
0.702	0.0290646
0.703	0.0294813
0.704	0.0299034
0.705	0.0303309
0.706	0.030764
0.707	0.0312025
0.708	0.0316467
0.709	0.0320966
0.71	0.0325522
0.711	0.0330137
0.712	0.033481
0.713	0.0339542
0.714	0.0344335
0.715	0.0349188
0.716	0.0354103
0.717	0.035908
0.718	0.036412
0.719	0.0369224
0.72	0.0374392
0.721	0.0379625
0.722	0.0384923
0.723	0.0390288
0.724	0.039572
0.725	0.040122
0.726	0.0406789
0.727	0.0412428
0.728	0.0418136
0.729	0.0423916
0.73	0.0429767
0.731	0.0435691
0.732	0.0441688
0.733	0.044776
0.734	0.0453906
0.735	0.0460128
0.736	0.0466427
0.737	0.0472804
0.738	0.0479258
0.739	0.0485792
0.74	0.0492406
0.741	0.0499101
0.742	0.0505878
0.743	0.0512738
0.744	0.0519681
0.745	0.0526708
0.746	0.0533821
0.747	0.054102
0.748	0.0548307
0.749	0.0555682
0.75	0.0563145
0.751	0.0570699
0.752	0.0578344
0.753	0.0586081
0.754	0.0593911
0.755	0.0601835
0.756	0.0609854
0.757	0.061797
0.758	0.0626182
0.759	0.0634492
0.76	0.0642901
0.761	0.0651411
0.762	0.0660022
0.763	0.0668735
0.764	0.0677551
0.765	0.0686472
0.766	0.0695498
0.767	0.0704631
0.768	0.0713872
0.769	0.0723222
0.77	0.0732682
0.771	0.0742253
0.772	0.0751937
0.773	0.0761733
0.774	0.0771645
0.775	0.0781673
0.776	0.0791818
0.777	0.0802081
0.778	0.0812463
0.779	0.0822967
0.78	0.0833592
0.781	0.0844341
0.782	0.0855214
0.783	0.0866214
0.784	0.087734
0.785	0.0888595
0.786	0.0899979
0.787	0.0911495
0.788	0.0923143
0.789	0.0934925
0.79	0.0946842
0.791	0.0958896
0.792	0.0971087
0.793	0.0983418
0.794	0.0995889
0.795	0.10085
0.796	0.102126
0.797	0.103416
0.798	0.104721
0.799	0.106041
0.8	0.107376
0.801	0.108725
0.802	0.11009
0.803	0.111471
0.804	0.112867
0.805	0.114278
0.806	0.115706
0.807	0.117149
0.808	0.118609
0.809	0.120085
0.81	0.121578
0.811	0.123087
0.812	0.124613
0.813	0.126156
0.814	0.127717
0.815	0.129294
0.816	0.130889
0.817	0.132502
0.818	0.134133
0.819	0.135782
0.82	0.137449
0.821	0.139134
0.822	0.140838
0.823	0.142561
0.824	0.144303
0.825	0.146063
0.826	0.147843
0.827	0.149643
0.828	0.151462
0.829	0.153302
0.83	0.155161
0.831	0.15704
0.832	0.15894
0.833	0.160861
0.834	0.162803
0.835	0.164765
0.836	0.166749
0.837	0.168754
0.838	0.170781
0.839	0.17283
0.84	0.174901
0.841	0.176995
0.842	0.17911
0.843	0.181249
0.844	0.18341
0.845	0.185595
0.846	0.187803
0.847	0.190035
0.848	0.19229
0.849	0.19457
0.85	0.196874
0.851	0.199202
0.852	0.201556
0.853	0.203934
0.854	0.206337
0.855	0.208766
0.856	0.211221
0.857	0.213701
0.858	0.216208
0.859	0.218741
0.86	0.221301
0.861	0.223887
0.862	0.226501
0.863	0.229143
0.864	0.231812
0.865	0.234509
0.866	0.237234
0.867	0.239988
0.868	0.24277
0.869	0.245581
0.87	0.248422
0.871	0.251292
0.872	0.254192
0.873	0.257123
0.874	0.260083
0.875	0.263074
0.876	0.266096
0.877	0.269149
0.878	0.272234
0.879	0.275351
0.88	0.278499
0.881	0.28168
0.882	0.284894
0.883	0.288141
0.884	0.291421
0.885	0.294734
0.886	0.298081
0.887	0.301463
0.888	0.304879
0.889	0.30833
0.89	0.311816
0.891	0.315337
0.892	0.318894
0.893	0.322487
0.894	0.326117
0.895	0.329783
0.896	0.333486
0.897	0.337227
0.898	0.341005
0.899	0.344822
0.9	0.348677
0.901	0.35257
0.902	0.356503
0.903	0.360475
0.904	0.364487
0.905	0.368539
0.906	0.372632
0.907	0.376766
0.908	0.38094
0.909	0.385157
0.91	0.389415
0.911	0.393715
0.912	0.398059
0.913	0.402445
0.914	0.406875
0.915	0.411348
0.916	0.415866
0.917	0.420429
0.918	0.425036
0.919	0.429689
0.92	0.434388
0.921	0.439132
0.922	0.443924
0.923	0.448762
0.924	0.453648
0.925	0.458582
0.926	0.463564
0.927	0.468594
0.928	0.473674
0.929	0.478803
0.93	0.483982
0.931	0.489212
0.932	0.494492
0.933	0.499823
0.934	0.505206
0.935	0.510642
0.936	0.51613
0.937	0.52167
0.938	0.527265
0.939	0.532913
0.94	0.538616
0.941	0.544373
0.942	0.550186
0.943	0.556055
0.944	0.56198
0.945	0.567961
0.946	0.574
0.947	0.580097
0.948	0.586252
0.949	0.592466
0.95	0.598738
0.951	0.605071
0.952	0.611464
0.953	0.617917
0.954	0.624432
0.955	0.631008
0.956	0.637647
0.957	0.644348
0.958	0.651113
0.959	0.657942
0.96	0.664835
0.961	0.671793
0.962	0.678816
0.963	0.685905
0.964	0.693061
0.965	0.700284
0.966	0.707575
0.967	0.714934
0.968	0.722362
0.969	0.729859
0.97	0.737426
0.971	0.745064
0.972	0.752773
0.973	0.760553
0.974	0.768406
0.975	0.776332
0.976	0.784331
0.977	0.792404
0.978	0.800552
0.979	0.808775
0.98	0.817074
0.981	0.82545
0.982	0.833903
0.983	0.842434
0.984	0.851043
0.985	0.859731
0.986	0.868499
0.987	0.877347
0.988	0.886277
0.989	0.895288
0.99	0.904381
0.991	0.913558
0.992	0.922818
0.993	0.932162
0.994	0.941592
0.995	0.951107
0.996	0.960709
0.997	0.970398
0.998	0.980175
0.999	0.99004
