#Function: x^10
0	0.19838
1	0.148785
2	0.09156
3	0.0354181
4	0.00938878
5	0.00187016
6	0.000368171
7	0.000158482
8	2.36223e-05
9	1.18111e-06
10	1.79286e-15
11	2.02949e-15
12	2.22357e-15
13	2.3105e-15
14	2.32939e-15
15	2.31395e-15
16	2.31769e-15
17	2.32513e-15
18	2.37745e-15
19	2.547e-15
20	2.85641e-15
21	1.85768e-15
22	2.03143e-15
23	2.18522e-15
24	2.2597e-15
25	2.26509e-15
26	2.28447e-15
27	2.29545e-15
28	2.30114e-15
29	2.41666e-15
30	2.61639e-15
31	2.82385e-15
32	2.08749e-15
33	2.12162e-15
34	2.1612e-15
35	2.20371e-15
36	2.21453e-15
37	2.29445e-15
38	2.47498e-15
39	2.53226e-15
40	2.55033e-15
