# Interpolation data for function: sqrt(x)
0	0.0326602
1.5e-05	0.0327582
3e-05	0.0328562
4.5e-05	0.0329541
6e-05	0.0330521
7.5e-05	0.0331501
9e-05	0.0332481
0.000105	0.033346
0.00012	0.033444
0.000135	0.033542
0.00015	0.03364
0.000165	0.033738
0.00018	0.0338359
0.000195	0.0339339
0.00021	0.0340319
0.000225	0.0341299
0.00024	0.0342279
0.000255	0.0343258
0.00027	0.0344238
0.000285	0.0345218
0.0003	0.0346198
0.000315	0.0347178
0.00033	0.0348157
0.000345	0.0349137
0.00036	0.0350117
0.000375	0.0351097
0.00039	0.0352076
0.000405	0.0353056
0.00042	0.0354036
0.000435	0.0355016
0.00045	0.0355996
0.000465	0.0356975
0.00048	0.0357955
0.000495	0.0358935
0.00051	0.0359915
0.000525	0.0360895
0.00054	0.0361874
0.000555	0.0362854
0.00057	0.0363834
0.000585	0.0364814
0.0006	0.0365794
0.000615	0.0366773
0.00063	0.0367753
0.000645	0.0368733
0.00066	0.0369713
0.000675	0.0370693
0.00069	0.0371672
0.000705	0.0372652
0.00072	0.0373632
0.000735	0.0374612
0.00075	0.0375591
0.000765	0.0376571
0.00078	0.0377551
0.000795	0.0378531
0.00081	0.0379511
0.000825	0.038049
0.00084	0.038147
0.000855	0.038245
0.00087	0.038343
0.000885	0.038441
0.0009	0.0385389
0.000915	0.0386369
0.00093	0.0387349
0.000945	0.0388329
0.00096	0.0389309
0.000975	0.0390288
0.00099	0.0391268
0.001005	0.0392248
0.00102	0.0393228
0.001035	0.0394208
0.00105	0.0395187
0.001065	0.0396167
0.00108	0.0397147
0.001095	0.0398127
0.00111	0.0399106
0.001125	0.0400086
0.00114	0.0401066
0.001155	0.0402046
0.00117	0.0403026
0.001185	0.0404005
0.0012	0.0404985
0.001215	0.0405965
0.00123	0.0406945
0.001245	0.0407925
0.00126	0.0408904
0.001275	0.0409884
0.00129	0.0410864
0.001305	0.0411844
0.00132	0.0412824
0.001335	0.0413803
0.00135	0.0414783
0.001365	0.0415763
0.00138	0.0416743
0.001395	0.0417722
0.00141	0.0418702
0.001425	0.0419682
0.00144	0.0420662
0.001455	0.0421642
0.00147	0.0422621
0.001485	0.0423601
0.0015	0.0424581
0.001515	0.0425561
0.00153	0.0426541
0.001545	0.042752
0.00156	0.04285
0.001575	0.042948
0.00159	0.043046
0.001605	0.043144
0.00162	0.0432419
0.001635	0.0433399
0.00165	0.0434379
0.001665	0.0435359
0.00168	0.0436339
0.001695	0.0437318
0.00171	0.0438298
0.001725	0.0439278
0.00174	0.0440258
0.001755	0.0441237
0.00177	0.0442217
0.001785	0.0443197
0.0018	0.0444177
0.001815	0.0445157
0.00183	0.0446136
0.001845	0.0447116
0.00186	0.0448096
0.001875	0.0449076
0.00189	0.0450056
0.001905	0.0451035
0.00192	0.0452015
0.001935	0.0452995
0.00195	0.0453975
0.001965	0.0454955
0.00198	0.0455934
0.001995	0.0456914
0.00201	0.0457894
0.002025	0.0458874
0.00204	0.0459853
0.002055	0.0460833
0.00207	0.0461813
0.002085	0.0462793
0.0021	0.0463773
0.002115	0.0464752
0.00213	0.0465732
0.002145	0.0466712
0.00216	0.0467692
0.002175	0.0468672
0.00219	0.0469651
0.002205	0.0470631
0.00222	0.0471611
0.002235	0.0472591
0.00225	0.0473571
0.002265	0.047455
0.00228	0.047553
0.002295	0.047651
0.00231	0.047749
0.002325	0.047847
0.00234	0.0479449
0.002355	0.0480429
0.00237	0.0481409
0.002385	0.0482389
0.0024	0.0483368
0.002415	0.0484348
0.00243	0.0485328
0.002445	0.0486308
0.00246	0.0487288
0.002475	0.0488267
0.00249	0.0489247
0.002505	0.0490227
0.00252	0.0491207
0.002535	0.0492187
0.00255	0.0493166
0.002565	0.0494146
0.00258	0.0495126
0.002595	0.0496106
0.00261	0.0497086
0.002625	0.0498065
0.00264	0.0499045
0.002655	0.0500025
0.00267	0.0501005
0.002685	0.0501985
0.0027	0.0502964
0.002715	0.0503944
0.00273	0.0504924
0.002745	0.0505904
0.00276	0.0506883
0.002775	0.0507863
0.00279	0.0508843
0.002805	0.0509823
0.00282	0.0510803
0.002835	0.0511782
0.00285	0.0512762
0.002865	0.0513742
0.00288	0.0514722
0.002895	0.0515702
0.00291	0.0516681
0.002925	0.0517661
0.00294	0.0518641
0.002955	0.0519621
0.00297	0.0520601
0.002985	0.052158
0.003	0.052256
0.003015	0.052354
0.00303	0.052452
0.003045	0.0525499
0.00306	0.0526479
0.003075	0.0527459
0.00309	0.0528439
0.003105	0.0529419
0.00312	0.0530398
0.003135	0.0531378
0.00315	0.0532358
0.003165	0.0533338
0.00318	0.0534318
0.003195	0.0535297
0.00321	0.0536277
0.003225	0.0537257
0.00324	0.0538237
0.003255	0.0539217
0.00327	0.0540196
0.003285	0.0541176
0.0033	0.0542156
0.003315	0.0543136
0.00333	0.0544116
0.003345	0.0545095
0.00336	0.0546075
0.003375	0.0547055
0.00339	0.0548035
0.003405	0.0549014
0.00342	0.0549994
0.003435	0.0550974
0.00345	0.0551954
0.003465	0.0552934
0.00348	0.0553913
0.003495	0.0554893
0.00351	0.0555873
0.003525	0.0556853
0.00354	0.0557833
0.003555	0.0558812
0.00357	0.0559792
0.003585	0.0560772
0.0036	0.0561752
0.003615	0.0562732
0.00363	0.0563711
0.003645	0.0564691
0.00366	0.0565671
0.003675	0.0566651
0.00369	0.0567631
0.003705	0.056861
0.00372	0.056959
0.003735	0.057057
0.00375	0.057155
0.003765	0.0572529
0.00378	0.0573509
0.003795	0.0574489
0.00381	0.0575469
0.003825	0.0576449
0.00384	0.0577428
0.003855	0.0578408
0.00387	0.0579388
0.003885	0.0580368
0.0039	0.0581348
0.003915	0.0582327
0.00393	0.0583307
0.003945	0.0584287
0.00396	0.0585267
0.003975	0.0586247
0.00399	0.0587226
0.004005	0.0588206
0.00402	0.0589186
0.004035	0.0590166
0.00405	0.0591145
0.004065	0.0592125
0.00408	0.0593105
0.004095	0.0594085
0.00411	0.0595065
0.004125	0.0596044
0.00414	0.0597024
0.004155	0.0598004
0.00417	0.0598984
0.004185	0.0599964
0.0042	0.0600943
0.004215	0.0601923
0.00423	0.0602903
0.004245	0.0603883
0.00426	0.0604863
0.004275	0.0605842
0.00429	0.0606822
0.004305	0.0607802
0.00432	0.0608782
0.004335	0.0609762
0.00435	0.0610741
0.004365	0.0611721
0.00438	0.0612701
0.004395	0.0613681
0.00441	0.061466
0.004425	0.061564
0.00444	0.061662
0.004455	0.06176
0.00447	0.061858
0.004485	0.0619559
0.0045	0.0620539
0.004515	0.0621519
0.00453	0.0622499
0.004545	0.0623479
0.00456	0.0624458
0.004575	0.0625438
0.00459	0.0626418
0.004605	0.0627398
0.00462	0.0628378
0.004635	0.0629357
0.00465	0.0630337
0.004665	0.0631317
0.00468	0.0632297
0.004695	0.0633276
0.00471	0.0634256
0.004725	0.0635236
0.00474	0.0636216
0.004755	0.0637196
0.00477	0.0638175
0.004785	0.0639155
0.0048	0.0640135
0.004815	0.0641115
0.00483	0.0642095
0.004845	0.0643074
0.00486	0.0644054
0.004875	0.0645034
0.00489	0.0646014
0.004905	0.0646994
0.00492	0.0647973
0.004935	0.0648953
0.00495	0.0649933
0.004965	0.0650913
0.00498	0.0651893
0.004995	0.0652872
0.00501	0.0653852
0.005025	0.0654832
0.00504	0.0655812
0.005055	0.0656791
0.00507	0.0657771
0.005085	0.0658751
0.0051	0.0659731
0.005115	0.0660711
0.00513	0.066169
0.005145	0.066267
0.00516	0.066365
0.005175	0.066463
0.00519	0.066561
0.005205	0.0666589
0.00522	0.0667569
0.005235	0.0668549
0.00525	0.0669529
0.005265	0.0670509
0.00528	0.0671488
0.005295	0.0672468
0.00531	0.0673448
0.005325	0.0674428
0.00534	0.0675408
0.005355	0.0676387
0.00537	0.0677367
0.005385	0.0678347
0.0054	0.0679327
0.005415	0.0680306
0.00543	0.0681286
0.005445	0.0682266
0.00546	0.0683246
0.005475	0.0684226
0.00549	0.0685205
0.005505	0.0686185
0.00552	0.0687165
0.005535	0.0688145
0.00555	0.0689125
0.005565	0.0690104
0.00558	0.0691084
0.005595	0.0692064
0.00561	0.0693044
0.005625	0.0694024
0.00564	0.0695003
0.005655	0.0695983
0.00567	0.0696963
0.005685	0.0697943
0.0057	0.0698922
0.005715	0.0699902
0.00573	0.0700882
0.005745	0.0701862
0.00576	0.0702842
0.005775	0.0703821
0.00579	0.0704801
0.005805	0.0705781
0.00582	0.0706761
0.005835	0.0707741
0.00585	0.070872
0.005865	0.07097
0.00588	0.071068
0.005895	0.071166
0.00591	0.071264
0.005925	0.0713619
0.00594	0.0714599
0.005955	0.0715579
0.00597	0.0716559
0.005985	0.0717539
0.006	0.0718518
0.006015	0.0719498
0.00603	0.0720478
0.006045	0.0721458
0.00606	0.0722437
0.006075	0.0723417
0.00609	0.0724397
0.006105	0.0725377
0.00612	0.0726357
0.006135	0.0727336
0.00615	0.0728316
0.006165	0.0729296
0.00618	0.0730276
0.006195	0.0731256
0.00621	0.0732235
0.006225	0.0733215
0.00624	0.0734195
0.006255	0.0735175
0.00627	0.0736155
0.006285	0.0737134
0.0063	0.0738114
0.006315	0.0739094
0.00633	0.0740074
0.006345	0.0741054
0.00636	0.0742033
0.006375	0.0743013
0.00639	0.0743993
0.006405	0.0744973
0.00642	0.0745952
0.006435	0.0746932
0.00645	0.0747912
0.006465	0.0748892
0.00648	0.0749872
0.006495	0.0750851
0.00651	0.0751831
0.006525	0.0752811
0.00654	0.0753791
0.006555	0.0754771
0.00657	0.075575
0.006585	0.075673
0.0066	0.075771
0.006615	0.075869
0.00663	0.075967
0.006645	0.0760649
0.00666	0.0761629
0.006675	0.0762609
0.00669	0.0763589
0.006705	0.0764568
0.00672	0.0765548
0.006735	0.0766528
0.00675	0.0767508
0.006765	0.0768488
0.00678	0.0769467
0.006795	0.0770447
0.00681	0.0771427
0.006825	0.0772407
0.00684	0.0773387
0.006855	0.0774366
0.00687	0.0775346
0.006885	0.0776326
0.0069	0.0777306
0.006915	0.0778286
0.00693	0.0779265
0.006945	0.0780245
0.00696	0.0781225
0.006975	0.0782205
0.00699	0.0783185
0.007005	0.0784164
0.00702	0.0785144
0.007035	0.0786124
0.00705	0.0787104
0.007065	0.0788083
0.00708	0.0789063
0.007095	0.0790043
0.00711	0.0791023
0.007125	0.0792003
0.00714	0.0792982
0.007155	0.0793962
0.00717	0.0794942
0.007185	0.0795922
0.0072	0.0796902
0.007215	0.0797881
0.00723	0.0798861
0.007245	0.0799841
0.00726	0.0800821
0.007275	0.0801801
0.00729	0.080278
0.007305	0.080376
0.00732	0.080474
0.007335	0.080572
0.00735	0.0806699
0.007365	0.0807679
0.00738	0.0808659
0.007395	0.0809639
0.00741	0.0810619
0.007425	0.0811598
0.00744	0.0812578
0.007455	0.0813558
0.00747	0.0814538
0.007485	0.0815518
0.0075	0.0816497
0.007515	0.0817477
0.00753	0.0818457
0.007545	0.0819437
0.00756	0.0820417
0.007575	0.0821396
0.00759	0.0822376
0.007605	0.0823356
0.00762	0.0824336
0.007635	0.0825316
0.00765	0.0826295
0.007665	0.0827275
0.00768	0.0828255
0.007695	0.0829235
0.00771	0.0830214
0.007725	0.0831194
0.00774	0.0832174
0.007755	0.0833154
0.00777	0.0834134
0.007785	0.0835113
0.0078	0.0836093
0.007815	0.0837073
0.00783	0.0838053
0.007845	0.0839033
0.00786	0.0840012
0.007875	0.0840992
0.00789	0.0841972
0.007905	0.0842952
0.00792	0.0843932
0.007935	0.0844911
0.00795	0.0845891
0.007965	0.0846871
0.00798	0.0847851
0.007995	0.0848831
0.00801	0.084981
0.008025	0.085079
0.00804	0.085177
0.008055	0.085275
0.00807	0.0853729
0.008085	0.0854709
0.0081	0.0855689
0.008115	0.0856669
0.00813	0.0857649
0.008145	0.0858628
0.00816	0.0859608
0.008175	0.0860588
0.00819	0.0861568
0.008205	0.0862548
0.00822	0.0863527
0.008235	0.0864507
0.00825	0.0865487
0.008265	0.0866467
0.00828	0.0867447
0.008295	0.0868426
0.00831	0.0869406
0.008325	0.0870386
0.00834	0.0871366
0.008355	0.0872345
0.00837	0.0873325
0.008385	0.0874305
0.0084	0.0875285
0.008415	0.0876265
0.00843	0.0877244
0.008445	0.0878224
0.00846	0.0879204
0.008475	0.0880184
0.00849	0.0881164
0.008505	0.0882143
0.00852	0.0883123
0.008535	0.0884103
0.00855	0.0885083
0.008565	0.0886063
0.00858	0.0887042
0.008595	0.0888022
0.00861	0.0889002
0.008625	0.0889982
0.00864	0.0890962
0.008655	0.0891941
0.00867	0.0892921
0.008685	0.0893901
0.0087	0.0894881
0.008715	0.089586
0.00873	0.089684
0.008745	0.089782
0.00876	0.08988
0.008775	0.089978
0.00879	0.0900759
0.008805	0.0901739
0.00882	0.0902719
0.008835	0.0903699
0.00885	0.0904679
0.008865	0.0905658
0.00888	0.0906638
0.008895	0.0907618
0.00891	0.0908598
0.008925	0.0909578
0.00894	0.0910557
0.008955	0.0911537
0.00897	0.0912517
0.008985	0.0913497
0.009	0.0914476
0.009015	0.0915456
0.00903	0.0916436
0.009045	0.0917416
0.00906	0.0918396
0.009075	0.0919375
0.00909	0.0920355
0.009105	0.0921335
0.00912	0.0922315
0.009135	0.0923295
0.00915	0.0924274
0.009165	0.0925254
0.00918	0.0926234
0.009195	0.0927214
0.00921	0.0928194
0.009225	0.0929173
0.00924	0.0930153
0.009255	0.0931133
0.00927	0.0932113
0.009285	0.0933093
0.0093	0.0934072
0.009315	0.0935052
0.00933	0.0936032
0.009345	0.0937012
0.00936	0.0937991
0.009375	0.0938971
0.00939	0.0939951
0.009405	0.0940931
0.00942	0.0941911
0.009435	0.094289
0.00945	0.094387
0.009465	0.094485
0.00948	0.094583
0.009495	0.094681
0.00951	0.0947789
0.009525	0.0948769
0.00954	0.0949749
0.009555	0.0950729
0.00957	0.0951709
0.009585	0.0952688
0.0096	0.0953668
0.009615	0.0954648
0.00963	0.0955628
0.009645	0.0956608
0.00966	0.0957587
0.009675	0.0958567
0.00969	0.0959547
0.009705	0.0960527
0.00972	0.0961506
0.009735	0.0962486
0.00975	0.0963466
0.009765	0.0964446
0.00978	0.0965426
0.009795	0.0966405
0.00981	0.0967385
0.009825	0.0968365
0.00984	0.0969345
0.009855	0.0970325
0.00987	0.0971304
0.009885	0.0972284
0.0099	0.0973264
0.009915	0.0974244
0.00993	0.0975224
0.009945	0.0976203
0.00996	0.0977183
0.009975	0.0978163
0.00999	0.0979143
0.010005	0.0980122
0.01002	0.0981102
0.010035	0.0982082
0.01005	0.0983062
0.010065	0.0984042
0.01008	0.0985021
0.010095	0.0986001
0.01011	0.0986981
0.010125	0.0987961
0.01014	0.0988941
0.010155	0.098992
0.01017	0.09909
0.010185	0.099188
0.0102	0.099286
0.010215	0.099384
0.01023	0.0994819
0.010245	0.0995799
0.01026	0.0996779
0.010275	0.0997759
0.01029	0.0998739
0.010305	0.0999718
0.01032	0.10007
0.010335	0.100168
0.01035	0.100266
0.010365	0.100364
0.01038	0.100462
0.010395	0.10056
0.01041	0.100658
0.010425	0.100756
0.01044	0.100854
0.010455	0.100952
0.01047	0.10105
0.010485	0.101148
0.0105	0.101246
0.010515	0.101344
0.01053	0.101442
0.010545	0.101539
0.01056	0.101637
0.010575	0.101735
0.01059	0.101833
0.010605	0.101931
0.01062	0.102029
0.010635	0.102127
0.01065	0.102225
0.010665	0.102323
0.01068	0.102421
0.010695	0.102519
0.01071	0.102617
0.010725	0.102715
0.01074	0.102813
0.010755	0.102911
0.01077	0.103009
0.010785	0.103107
0.0108	0.103205
0.010815	0.103303
0.01083	0.103401
0.010845	0.103499
0.01086	0.103597
0.010875	0.103695
0.01089	0.103793
0.010905	0.103891
0.01092	0.103989
0.010935	0.104087
0.01095	0.104185
0.010965	0.104283
0.01098	0.104381
0.010995	0.104479
0.01101	0.104577
0.011025	0.104675
0.01104	0.104773
0.011055	0.104871
0.01107	0.104969
0.011085	0.105067
0.0111	0.105165
0.011115	0.105263
0.01113	0.105361
0.011145	0.105459
0.01116	0.105557
0.011175	0.105655
0.01119	0.105753
0.011205	0.105851
0.01122	0.105949
0.011235	0.106047
0.01125	0.106145
0.011265	0.106242
0.01128	0.10634
0.011295	0.106438
0.01131	0.106536
0.011325	0.106634
0.01134	0.106732
0.011355	0.10683
0.01137	0.106928
0.011385	0.107026
0.0114	0.107124
0.011415	0.107222
0.01143	0.10732
0.011445	0.107418
0.01146	0.107516
0.011475	0.107614
0.01149	0.107712
0.011505	0.10781
0.01152	0.107908
0.011535	0.108006
0.01155	0.108104
0.011565	0.108202
0.01158	0.1083
0.011595	0.108398
0.01161	0.108496
0.011625	0.108594
0.01164	0.108692
0.011655	0.10879
0.01167	0.108888
0.011685	0.108986
0.0117	0.109084
0.011715	0.109182
0.01173	0.10928
0.011745	0.109378
0.01176	0.109476
0.011775	0.109574
0.01179	0.109672
0.011805	0.10977
0.01182	0.109868
0.011835	0.109966
0.01185	0.110064
0.011865	0.110162
0.01188	0.11026
0.011895	0.110358
0.01191	0.110456
0.011925	0.110554
0.01194	0.110652
0.011955	0.11075
0.01197	0.110848
0.011985	0.110945
0.012	0.111043
0.012015	0.111141
0.01203	0.111239
0.012045	0.111337
0.01206	0.111435
0.012075	0.111533
0.01209	0.111631
0.012105	0.111729
0.01212	0.111827
0.012135	0.111925
0.01215	0.112023
0.012165	0.112121
0.01218	0.112219
0.012195	0.112317
0.01221	0.112415
0.012225	0.112513
0.01224	0.112611
0.012255	0.112709
0.01227	0.112807
0.012285	0.112905
0.0123	0.113003
0.012315	0.113101
0.01233	0.113199
0.012345	0.113297
0.01236	0.113395
0.012375	0.113493
0.01239	0.113591
0.012405	0.113689
0.01242	0.113787
0.012435	0.113885
0.01245	0.113983
0.012465	0.114081
0.01248	0.114179
0.012495	0.114277
0.01251	0.114375
0.012525	0.114473
0.01254	0.114571
0.012555	0.114669
0.01257	0.114767
0.012585	0.114865
0.0126	0.114963
0.012615	0.115061
0.01263	0.115159
0.012645	0.115257
0.01266	0.115355
0.012675	0.115453
0.01269	0.115551
0.012705	0.115648
0.01272	0.115746
0.012735	0.115844
0.01275	0.115942
0.012765	0.11604
0.01278	0.116138
0.012795	0.116236
0.01281	0.116334
0.012825	0.116432
0.01284	0.11653
0.012855	0.116628
0.01287	0.116726
0.012885	0.116824
0.0129	0.116922
0.012915	0.11702
0.01293	0.117118
0.012945	0.117216
0.01296	0.117314
0.012975	0.117412
0.01299	0.11751
0.013005	0.117608
0.01302	0.117706
0.013035	0.117804
0.01305	0.117902
0.013065	0.118
0.01308	0.118098
0.013095	0.118196
0.01311	0.118294
0.013125	0.118392
0.01314	0.11849
0.013155	0.118588
0.01317	0.118686
0.013185	0.118784
0.0132	0.118882
0.013215	0.11898
0.01323	0.119078
0.013245	0.119176
0.01326	0.119274
0.013275	0.119372
0.01329	0.11947
0.013305	0.119568
0.01332	0.119666
0.013335	0.119764
0.01335	0.119862
0.013365	0.11996
0.01338	0.120058
0.013395	0.120156
0.01341	0.120254
0.013425	0.120351
0.01344	0.120449
0.013455	0.120547
0.01347	0.120645
0.013485	0.120743
0.0135	0.120841
0.013515	0.120939
0.01353	0.121037
0.013545	0.121135
0.01356	0.121233
0.013575	0.121331
0.01359	0.121429
0.013605	0.121527
0.01362	0.121625
0.013635	0.121723
0.01365	0.121821
0.013665	0.121919
0.01368	0.122017
0.013695	0.122115
0.01371	0.122213
0.013725	0.122311
0.01374	0.122409
0.013755	0.122507
0.01377	0.122605
0.013785	0.122703
0.0138	0.122801
0.013815	0.122899
0.01383	0.122997
0.013845	0.123095
0.01386	0.123193
0.013875	0.123291
0.01389	0.123389
0.013905	0.123487
0.01392	0.123585
0.013935	0.123683
0.01395	0.123781
0.013965	0.123879
0.01398	0.123977
0.013995	0.124075
0.01401	0.124173
0.014025	0.124271
0.01404	0.124369
0.014055	0.124467
0.01407	0.124565
0.014085	0.124663
0.0141	0.124761
0.014115	0.124859
0.01413	0.124957
0.014145	0.125054
0.01416	0.125152
0.014175	0.12525
0.01419	0.125348
0.014205	0.125446
0.01422	0.125544
0.014235	0.125642
0.01425	0.12574
0.014265	0.125838
0.01428	0.125936
0.014295	0.126034
0.01431	0.126132
0.014325	0.12623
0.01434	0.126328
0.014355	0.126426
0.01437	0.126524
0.014385	0.126622
0.0144	0.12672
0.014415	0.126818
0.01443	0.126916
0.014445	0.127014
0.01446	0.127112
0.014475	0.12721
0.01449	0.127308
0.014505	0.127406
0.01452	0.127504
0.014535	0.127602
0.01455	0.1277
0.014565	0.127798
0.01458	0.127896
0.014595	0.127994
0.01461	0.128092
0.014625	0.12819
0.01464	0.128288
0.014655	0.128386
0.01467	0.128484
0.014685	0.128582
0.0147	0.12868
0.014715	0.128778
0.01473	0.128876
0.014745	0.128974
0.01476	0.129072
0.014775	0.12917
0.01479	0.129268
0.014805	0.129366
0.01482	0.129464
0.014835	0.129562
0.01485	0.129659
0.014865	0.129757
0.01488	0.129855
0.014895	0.129953
0.01491	0.130051
0.014925	0.130149
0.01494	0.130247
0.014955	0.130345
0.01497	0.130443
0.014985	0.130541
0.015	0.130639
