# Interpolation data for function: sqrt(x)
0	0.0816497
1.5e-05	0.0816497
3e-05	0.0816497
4.5e-05	0.0816497
6e-05	0.0816497
7.5e-05	0.0816497
9e-05	0.0816497
0.000105	0.0816497
0.00012	0.0816497
0.000135	0.0816497
0.00015	0.0816497
0.000165	0.0816497
0.00018	0.0816497
0.000195	0.0816497
0.00021	0.0816497
0.000225	0.0816497
0.00024	0.0816497
0.000255	0.0816497
0.00027	0.0816497
0.000285	0.0816497
0.0003	0.0816497
0.000315	0.0816497
0.00033	0.0816497
0.000345	0.0816497
0.00036	0.0816497
0.000375	0.0816497
0.00039	0.0816497
0.000405	0.0816497
0.00042	0.0816497
0.000435	0.0816497
0.00045	0.0816497
0.000465	0.0816497
0.00048	0.0816497
0.000495	0.0816497
0.00051	0.0816497
0.000525	0.0816497
0.00054	0.0816497
0.000555	0.0816497
0.00057	0.0816497
0.000585	0.0816497
0.0006	0.0816497
0.000615	0.0816497
0.00063	0.0816497
0.000645	0.0816497
0.00066	0.0816497
0.000675	0.0816497
0.00069	0.0816497
0.000705	0.0816497
0.00072	0.0816497
0.000735	0.0816497
0.00075	0.0816497
0.000765	0.0816497
0.00078	0.0816497
0.000795	0.0816497
0.00081	0.0816497
0.000825	0.0816497
0.00084	0.0816497
0.000855	0.0816497
0.00087	0.0816497
0.000885	0.0816497
0.0009	0.0816497
0.000915	0.0816497
0.00093	0.0816497
0.000945	0.0816497
0.00096	0.0816497
0.000975	0.0816497
0.00099	0.0816497
0.001005	0.0816497
0.00102	0.0816497
0.001035	0.0816497
0.00105	0.0816497
0.001065	0.0816497
0.00108	0.0816497
0.001095	0.0816497
0.00111	0.0816497
0.001125	0.0816497
0.00114	0.0816497
0.001155	0.0816497
0.00117	0.0816497
0.001185	0.0816497
0.0012	0.0816497
0.001215	0.0816497
0.00123	0.0816497
0.001245	0.0816497
0.00126	0.0816497
0.001275	0.0816497
0.00129	0.0816497
0.001305	0.0816497
0.00132	0.0816497
0.001335	0.0816497
0.00135	0.0816497
0.001365	0.0816497
0.00138	0.0816497
0.001395	0.0816497
0.00141	0.0816497
0.001425	0.0816497
0.00144	0.0816497
0.001455	0.0816497
0.00147	0.0816497
0.001485	0.0816497
0.0015	0.0816497
0.001515	0.0816497
0.00153	0.0816497
0.001545	0.0816497
0.00156	0.0816497
0.001575	0.0816497
0.00159	0.0816497
0.001605	0.0816497
0.00162	0.0816497
0.001635	0.0816497
0.00165	0.0816497
0.001665	0.0816497
0.00168	0.0816497
0.001695	0.0816497
0.00171	0.0816497
0.001725	0.0816497
0.00174	0.0816497
0.001755	0.0816497
0.00177	0.0816497
0.001785	0.0816497
0.0018	0.0816497
0.001815	0.0816497
0.00183	0.0816497
0.001845	0.0816497
0.00186	0.0816497
0.001875	0.0816497
0.00189	0.0816497
0.001905	0.0816497
0.00192	0.0816497
0.001935	0.0816497
0.00195	0.0816497
0.001965	0.0816497
0.00198	0.0816497
0.001995	0.0816497
0.00201	0.0816497
0.002025	0.0816497
0.00204	0.0816497
0.002055	0.0816497
0.00207	0.0816497
0.002085	0.0816497
0.0021	0.0816497
0.002115	0.0816497
0.00213	0.0816497
0.002145	0.0816497
0.00216	0.0816497
0.002175	0.0816497
0.00219	0.0816497
0.002205	0.0816497
0.00222	0.0816497
0.002235	0.0816497
0.00225	0.0816497
0.002265	0.0816497
0.00228	0.0816497
0.002295	0.0816497
0.00231	0.0816497
0.002325	0.0816497
0.00234	0.0816497
0.002355	0.0816497
0.00237	0.0816497
0.002385	0.0816497
0.0024	0.0816497
0.002415	0.0816497
0.00243	0.0816497
0.002445	0.0816497
0.00246	0.0816497
0.002475	0.0816497
0.00249	0.0816497
0.002505	0.0816497
0.00252	0.0816497
0.002535	0.0816497
0.00255	0.0816497
0.002565	0.0816497
0.00258	0.0816497
0.002595	0.0816497
0.00261	0.0816497
0.002625	0.0816497
0.00264	0.0816497
0.002655	0.0816497
0.00267	0.0816497
0.002685	0.0816497
0.0027	0.0816497
0.002715	0.0816497
0.00273	0.0816497
0.002745	0.0816497
0.00276	0.0816497
0.002775	0.0816497
0.00279	0.0816497
0.002805	0.0816497
0.00282	0.0816497
0.002835	0.0816497
0.00285	0.0816497
0.002865	0.0816497
0.00288	0.0816497
0.002895	0.0816497
0.00291	0.0816497
0.002925	0.0816497
0.00294	0.0816497
0.002955	0.0816497
0.00297	0.0816497
0.002985	0.0816497
0.003	0.0816497
0.003015	0.0816497
0.00303	0.0816497
0.003045	0.0816497
0.00306	0.0816497
0.003075	0.0816497
0.00309	0.0816497
0.003105	0.0816497
0.00312	0.0816497
0.003135	0.0816497
0.00315	0.0816497
0.003165	0.0816497
0.00318	0.0816497
0.003195	0.0816497
0.00321	0.0816497
0.003225	0.0816497
0.00324	0.0816497
0.003255	0.0816497
0.00327	0.0816497
0.003285	0.0816497
0.0033	0.0816497
0.003315	0.0816497
0.00333	0.0816497
0.003345	0.0816497
0.00336	0.0816497
0.003375	0.0816497
0.00339	0.0816497
0.003405	0.0816497
0.00342	0.0816497
0.003435	0.0816497
0.00345	0.0816497
0.003465	0.0816497
0.00348	0.0816497
0.003495	0.0816497
0.00351	0.0816497
0.003525	0.0816497
0.00354	0.0816497
0.003555	0.0816497
0.00357	0.0816497
0.003585	0.0816497
0.0036	0.0816497
0.003615	0.0816497
0.00363	0.0816497
0.003645	0.0816497
0.00366	0.0816497
0.003675	0.0816497
0.00369	0.0816497
0.003705	0.0816497
0.00372	0.0816497
0.003735	0.0816497
0.00375	0.0816497
0.003765	0.0816497
0.00378	0.0816497
0.003795	0.0816497
0.00381	0.0816497
0.003825	0.0816497
0.00384	0.0816497
0.003855	0.0816497
0.00387	0.0816497
0.003885	0.0816497
0.0039	0.0816497
0.003915	0.0816497
0.00393	0.0816497
0.003945	0.0816497
0.00396	0.0816497
0.003975	0.0816497
0.00399	0.0816497
0.004005	0.0816497
0.00402	0.0816497
0.004035	0.0816497
0.00405	0.0816497
0.004065	0.0816497
0.00408	0.0816497
0.004095	0.0816497
0.00411	0.0816497
0.004125	0.0816497
0.00414	0.0816497
0.004155	0.0816497
0.00417	0.0816497
0.004185	0.0816497
0.0042	0.0816497
0.004215	0.0816497
0.00423	0.0816497
0.004245	0.0816497
0.00426	0.0816497
0.004275	0.0816497
0.00429	0.0816497
0.004305	0.0816497
0.00432	0.0816497
0.004335	0.0816497
0.00435	0.0816497
0.004365	0.0816497
0.00438	0.0816497
0.004395	0.0816497
0.00441	0.0816497
0.004425	0.0816497
0.00444	0.0816497
0.004455	0.0816497
0.00447	0.0816497
0.004485	0.0816497
0.0045	0.0816497
0.004515	0.0816497
0.00453	0.0816497
0.004545	0.0816497
0.00456	0.0816497
0.004575	0.0816497
0.00459	0.0816497
0.004605	0.0816497
0.00462	0.0816497
0.004635	0.0816497
0.00465	0.0816497
0.004665	0.0816497
0.00468	0.0816497
0.004695	0.0816497
0.00471	0.0816497
0.004725	0.0816497
0.00474	0.0816497
0.004755	0.0816497
0.00477	0.0816497
0.004785	0.0816497
0.0048	0.0816497
0.004815	0.0816497
0.00483	0.0816497
0.004845	0.0816497
0.00486	0.0816497
0.004875	0.0816497
0.00489	0.0816497
0.004905	0.0816497
0.00492	0.0816497
0.004935	0.0816497
0.00495	0.0816497
0.004965	0.0816497
0.00498	0.0816497
0.004995	0.0816497
0.00501	0.0816497
0.005025	0.0816497
0.00504	0.0816497
0.005055	0.0816497
0.00507	0.0816497
0.005085	0.0816497
0.0051	0.0816497
0.005115	0.0816497
0.00513	0.0816497
0.005145	0.0816497
0.00516	0.0816497
0.005175	0.0816497
0.00519	0.0816497
0.005205	0.0816497
0.00522	0.0816497
0.005235	0.0816497
0.00525	0.0816497
0.005265	0.0816497
0.00528	0.0816497
0.005295	0.0816497
0.00531	0.0816497
0.005325	0.0816497
0.00534	0.0816497
0.005355	0.0816497
0.00537	0.0816497
0.005385	0.0816497
0.0054	0.0816497
0.005415	0.0816497
0.00543	0.0816497
0.005445	0.0816497
0.00546	0.0816497
0.005475	0.0816497
0.00549	0.0816497
0.005505	0.0816497
0.00552	0.0816497
0.005535	0.0816497
0.00555	0.0816497
0.005565	0.0816497
0.00558	0.0816497
0.005595	0.0816497
0.00561	0.0816497
0.005625	0.0816497
0.00564	0.0816497
0.005655	0.0816497
0.00567	0.0816497
0.005685	0.0816497
0.0057	0.0816497
0.005715	0.0816497
0.00573	0.0816497
0.005745	0.0816497
0.00576	0.0816497
0.005775	0.0816497
0.00579	0.0816497
0.005805	0.0816497
0.00582	0.0816497
0.005835	0.0816497
0.00585	0.0816497
0.005865	0.0816497
0.00588	0.0816497
0.005895	0.0816497
0.00591	0.0816497
0.005925	0.0816497
0.00594	0.0816497
0.005955	0.0816497
0.00597	0.0816497
0.005985	0.0816497
0.006	0.0816497
0.006015	0.0816497
0.00603	0.0816497
0.006045	0.0816497
0.00606	0.0816497
0.006075	0.0816497
0.00609	0.0816497
0.006105	0.0816497
0.00612	0.0816497
0.006135	0.0816497
0.00615	0.0816497
0.006165	0.0816497
0.00618	0.0816497
0.006195	0.0816497
0.00621	0.0816497
0.006225	0.0816497
0.00624	0.0816497
0.006255	0.0816497
0.00627	0.0816497
0.006285	0.0816497
0.0063	0.0816497
0.006315	0.0816497
0.00633	0.0816497
0.006345	0.0816497
0.00636	0.0816497
0.006375	0.0816497
0.00639	0.0816497
0.006405	0.0816497
0.00642	0.0816497
0.006435	0.0816497
0.00645	0.0816497
0.006465	0.0816497
0.00648	0.0816497
0.006495	0.0816497
0.00651	0.0816497
0.006525	0.0816497
0.00654	0.0816497
0.006555	0.0816497
0.00657	0.0816497
0.006585	0.0816497
0.0066	0.0816497
0.006615	0.0816497
0.00663	0.0816497
0.006645	0.0816497
0.00666	0.0816497
0.006675	0.0816497
0.00669	0.0816497
0.006705	0.0816497
0.00672	0.0816497
0.006735	0.0816497
0.00675	0.0816497
0.006765	0.0816497
0.00678	0.0816497
0.006795	0.0816497
0.00681	0.0816497
0.006825	0.0816497
0.00684	0.0816497
0.006855	0.0816497
0.00687	0.0816497
0.006885	0.0816497
0.0069	0.0816497
0.006915	0.0816497
0.00693	0.0816497
0.006945	0.0816497
0.00696	0.0816497
0.006975	0.0816497
0.00699	0.0816497
0.007005	0.0816497
0.00702	0.0816497
0.007035	0.0816497
0.00705	0.0816497
0.007065	0.0816497
0.00708	0.0816497
0.007095	0.0816497
0.00711	0.0816497
0.007125	0.0816497
0.00714	0.0816497
0.007155	0.0816497
0.00717	0.0816497
0.007185	0.0816497
0.0072	0.0816497
0.007215	0.0816497
0.00723	0.0816497
0.007245	0.0816497
0.00726	0.0816497
0.007275	0.0816497
0.00729	0.0816497
0.007305	0.0816497
0.00732	0.0816497
0.007335	0.0816497
0.00735	0.0816497
0.007365	0.0816497
0.00738	0.0816497
0.007395	0.0816497
0.00741	0.0816497
0.007425	0.0816497
0.00744	0.0816497
0.007455	0.0816497
0.00747	0.0816497
0.007485	0.0816497
0.0075	0.0816497
0.007515	0.0816497
0.00753	0.0816497
0.007545	0.0816497
0.00756	0.0816497
0.007575	0.0816497
0.00759	0.0816497
0.007605	0.0816497
0.00762	0.0816497
0.007635	0.0816497
0.00765	0.0816497
0.007665	0.0816497
0.00768	0.0816497
0.007695	0.0816497
0.00771	0.0816497
0.007725	0.0816497
0.00774	0.0816497
0.007755	0.0816497
0.00777	0.0816497
0.007785	0.0816497
0.0078	0.0816497
0.007815	0.0816497
0.00783	0.0816497
0.007845	0.0816497
0.00786	0.0816497
0.007875	0.0816497
0.00789	0.0816497
0.007905	0.0816497
0.00792	0.0816497
0.007935	0.0816497
0.00795	0.0816497
0.007965	0.0816497
0.00798	0.0816497
0.007995	0.0816497
0.00801	0.0816497
0.008025	0.0816497
0.00804	0.0816497
0.008055	0.0816497
0.00807	0.0816497
0.008085	0.0816497
0.0081	0.0816497
0.008115	0.0816497
0.00813	0.0816497
0.008145	0.0816497
0.00816	0.0816497
0.008175	0.0816497
0.00819	0.0816497
0.008205	0.0816497
0.00822	0.0816497
0.008235	0.0816497
0.00825	0.0816497
0.008265	0.0816497
0.00828	0.0816497
0.008295	0.0816497
0.00831	0.0816497
0.008325	0.0816497
0.00834	0.0816497
0.008355	0.0816497
0.00837	0.0816497
0.008385	0.0816497
0.0084	0.0816497
0.008415	0.0816497
0.00843	0.0816497
0.008445	0.0816497
0.00846	0.0816497
0.008475	0.0816497
0.00849	0.0816497
0.008505	0.0816497
0.00852	0.0816497
0.008535	0.0816497
0.00855	0.0816497
0.008565	0.0816497
0.00858	0.0816497
0.008595	0.0816497
0.00861	0.0816497
0.008625	0.0816497
0.00864	0.0816497
0.008655	0.0816497
0.00867	0.0816497
0.008685	0.0816497
0.0087	0.0816497
0.008715	0.0816497
0.00873	0.0816497
0.008745	0.0816497
0.00876	0.0816497
0.008775	0.0816497
0.00879	0.0816497
0.008805	0.0816497
0.00882	0.0816497
0.008835	0.0816497
0.00885	0.0816497
0.008865	0.0816497
0.00888	0.0816497
0.008895	0.0816497
0.00891	0.0816497
0.008925	0.0816497
0.00894	0.0816497
0.008955	0.0816497
0.00897	0.0816497
0.008985	0.0816497
0.009	0.0816497
0.009015	0.0816497
0.00903	0.0816497
0.009045	0.0816497
0.00906	0.0816497
0.009075	0.0816497
0.00909	0.0816497
0.009105	0.0816497
0.00912	0.0816497
0.009135	0.0816497
0.00915	0.0816497
0.009165	0.0816497
0.00918	0.0816497
0.009195	0.0816497
0.00921	0.0816497
0.009225	0.0816497
0.00924	0.0816497
0.009255	0.0816497
0.00927	0.0816497
0.009285	0.0816497
0.0093	0.0816497
0.009315	0.0816497
0.00933	0.0816497
0.009345	0.0816497
0.00936	0.0816497
0.009375	0.0816497
0.00939	0.0816497
0.009405	0.0816497
0.00942	0.0816497
0.009435	0.0816497
0.00945	0.0816497
0.009465	0.0816497
0.00948	0.0816497
0.009495	0.0816497
0.00951	0.0816497
0.009525	0.0816497
0.00954	0.0816497
0.009555	0.0816497
0.00957	0.0816497
0.009585	0.0816497
0.0096	0.0816497
0.009615	0.0816497
0.00963	0.0816497
0.009645	0.0816497
0.00966	0.0816497
0.009675	0.0816497
0.00969	0.0816497
0.009705	0.0816497
0.00972	0.0816497
0.009735	0.0816497
0.00975	0.0816497
0.009765	0.0816497
0.00978	0.0816497
0.009795	0.0816497
0.00981	0.0816497
0.009825	0.0816497
0.00984	0.0816497
0.009855	0.0816497
0.00987	0.0816497
0.009885	0.0816497
0.0099	0.0816497
0.009915	0.0816497
0.00993	0.0816497
0.009945	0.0816497
0.00996	0.0816497
0.009975	0.0816497
0.00999	0.0816497
0.010005	0.0816497
0.01002	0.0816497
0.010035	0.0816497
0.01005	0.0816497
0.010065	0.0816497
0.01008	0.0816497
0.010095	0.0816497
0.01011	0.0816497
0.010125	0.0816497
0.01014	0.0816497
0.010155	0.0816497
0.01017	0.0816497
0.010185	0.0816497
0.0102	0.0816497
0.010215	0.0816497
0.01023	0.0816497
0.010245	0.0816497
0.01026	0.0816497
0.010275	0.0816497
0.01029	0.0816497
0.010305	0.0816497
0.01032	0.0816497
0.010335	0.0816497
0.01035	0.0816497
0.010365	0.0816497
0.01038	0.0816497
0.010395	0.0816497
0.01041	0.0816497
0.010425	0.0816497
0.01044	0.0816497
0.010455	0.0816497
0.01047	0.0816497
0.010485	0.0816497
0.0105	0.0816497
0.010515	0.0816497
0.01053	0.0816497
0.010545	0.0816497
0.01056	0.0816497
0.010575	0.0816497
0.01059	0.0816497
0.010605	0.0816497
0.01062	0.0816497
0.010635	0.0816497
0.01065	0.0816497
0.010665	0.0816497
0.01068	0.0816497
0.010695	0.0816497
0.01071	0.0816497
0.010725	0.0816497
0.01074	0.0816497
0.010755	0.0816497
0.01077	0.0816497
0.010785	0.0816497
0.0108	0.0816497
0.010815	0.0816497
0.01083	0.0816497
0.010845	0.0816497
0.01086	0.0816497
0.010875	0.0816497
0.01089	0.0816497
0.010905	0.0816497
0.01092	0.0816497
0.010935	0.0816497
0.01095	0.0816497
0.010965	0.0816497
0.01098	0.0816497
0.010995	0.0816497
0.01101	0.0816497
0.011025	0.0816497
0.01104	0.0816497
0.011055	0.0816497
0.01107	0.0816497
0.011085	0.0816497
0.0111	0.0816497
0.011115	0.0816497
0.01113	0.0816497
0.011145	0.0816497
0.01116	0.0816497
0.011175	0.0816497
0.01119	0.0816497
0.011205	0.0816497
0.01122	0.0816497
0.011235	0.0816497
0.01125	0.0816497
0.011265	0.0816497
0.01128	0.0816497
0.011295	0.0816497
0.01131	0.0816497
0.011325	0.0816497
0.01134	0.0816497
0.011355	0.0816497
0.01137	0.0816497
0.011385	0.0816497
0.0114	0.0816497
0.011415	0.0816497
0.01143	0.0816497
0.011445	0.0816497
0.01146	0.0816497
0.011475	0.0816497
0.01149	0.0816497
0.011505	0.0816497
0.01152	0.0816497
0.011535	0.0816497
0.01155	0.0816497
0.011565	0.0816497
0.01158	0.0816497
0.011595	0.0816497
0.01161	0.0816497
0.011625	0.0816497
0.01164	0.0816497
0.011655	0.0816497
0.01167	0.0816497
0.011685	0.0816497
0.0117	0.0816497
0.011715	0.0816497
0.01173	0.0816497
0.011745	0.0816497
0.01176	0.0816497
0.011775	0.0816497
0.01179	0.0816497
0.011805	0.0816497
0.01182	0.0816497
0.011835	0.0816497
0.01185	0.0816497
0.011865	0.0816497
0.01188	0.0816497
0.011895	0.0816497
0.01191	0.0816497
0.011925	0.0816497
0.01194	0.0816497
0.011955	0.0816497
0.01197	0.0816497
0.011985	0.0816497
0.012	0.0816497
0.012015	0.0816497
0.01203	0.0816497
0.012045	0.0816497
0.01206	0.0816497
0.012075	0.0816497
0.01209	0.0816497
0.012105	0.0816497
0.01212	0.0816497
0.012135	0.0816497
0.01215	0.0816497
0.012165	0.0816497
0.01218	0.0816497
0.012195	0.0816497
0.01221	0.0816497
0.012225	0.0816497
0.01224	0.0816497
0.012255	0.0816497
0.01227	0.0816497
0.012285	0.0816497
0.0123	0.0816497
0.012315	0.0816497
0.01233	0.0816497
0.012345	0.0816497
0.01236	0.0816497
0.012375	0.0816497
0.01239	0.0816497
0.012405	0.0816497
0.01242	0.0816497
0.012435	0.0816497
0.01245	0.0816497
0.012465	0.0816497
0.01248	0.0816497
0.012495	0.0816497
0.01251	0.0816497
0.012525	0.0816497
0.01254	0.0816497
0.012555	0.0816497
0.01257	0.0816497
0.012585	0.0816497
0.0126	0.0816497
0.012615	0.0816497
0.01263	0.0816497
0.012645	0.0816497
0.01266	0.0816497
0.012675	0.0816497
0.01269	0.0816497
0.012705	0.0816497
0.01272	0.0816497
0.012735	0.0816497
0.01275	0.0816497
0.012765	0.0816497
0.01278	0.0816497
0.012795	0.0816497
0.01281	0.0816497
0.012825	0.0816497
0.01284	0.0816497
0.012855	0.0816497
0.01287	0.0816497
0.012885	0.0816497
0.0129	0.0816497
0.012915	0.0816497
0.01293	0.0816497
0.012945	0.0816497
0.01296	0.0816497
0.012975	0.0816497
0.01299	0.0816497
0.013005	0.0816497
0.01302	0.0816497
0.013035	0.0816497
0.01305	0.0816497
0.013065	0.0816497
0.01308	0.0816497
0.013095	0.0816497
0.01311	0.0816497
0.013125	0.0816497
0.01314	0.0816497
0.013155	0.0816497
0.01317	0.0816497
0.013185	0.0816497
0.0132	0.0816497
0.013215	0.0816497
0.01323	0.0816497
0.013245	0.0816497
0.01326	0.0816497
0.013275	0.0816497
0.01329	0.0816497
0.013305	0.0816497
0.01332	0.0816497
0.013335	0.0816497
0.01335	0.0816497
0.013365	0.0816497
0.01338	0.0816497
0.013395	0.0816497
0.01341	0.0816497
0.013425	0.0816497
0.01344	0.0816497
0.013455	0.0816497
0.01347	0.0816497
0.013485	0.0816497
0.0135	0.0816497
0.013515	0.0816497
0.01353	0.0816497
0.013545	0.0816497
0.01356	0.0816497
0.013575	0.0816497
0.01359	0.0816497
0.013605	0.0816497
0.01362	0.0816497
0.013635	0.0816497
0.01365	0.0816497
0.013665	0.0816497
0.01368	0.0816497
0.013695	0.0816497
0.01371	0.0816497
0.013725	0.0816497
0.01374	0.0816497
0.013755	0.0816497
0.01377	0.0816497
0.013785	0.0816497
0.0138	0.0816497
0.013815	0.0816497
0.01383	0.0816497
0.013845	0.0816497
0.01386	0.0816497
0.013875	0.0816497
0.01389	0.0816497
0.013905	0.0816497
0.01392	0.0816497
0.013935	0.0816497
0.01395	0.0816497
0.013965	0.0816497
0.01398	0.0816497
0.013995	0.0816497
0.01401	0.0816497
0.014025	0.0816497
0.01404	0.0816497
0.014055	0.0816497
0.01407	0.0816497
0.014085	0.0816497
0.0141	0.0816497
0.014115	0.0816497
0.01413	0.0816497
0.014145	0.0816497
0.01416	0.0816497
0.014175	0.0816497
0.01419	0.0816497
0.014205	0.0816497
0.01422	0.0816497
0.014235	0.0816497
0.01425	0.0816497
0.014265	0.0816497
0.01428	0.0816497
0.014295	0.0816497
0.01431	0.0816497
0.014325	0.0816497
0.01434	0.0816497
0.014355	0.0816497
0.01437	0.0816497
0.014385	0.0816497
0.0144	0.0816497
0.014415	0.0816497
0.01443	0.0816497
0.014445	0.0816497
0.01446	0.0816497
0.014475	0.0816497
0.01449	0.0816497
0.014505	0.0816497
0.01452	0.0816497
0.014535	0.0816497
0.01455	0.0816497
0.014565	0.0816497
0.01458	0.0816497
0.014595	0.0816497
0.01461	0.0816497
0.014625	0.0816497
0.01464	0.0816497
0.014655	0.0816497
0.01467	0.0816497
0.014685	0.0816497
0.0147	0.0816497
0.014715	0.0816497
0.01473	0.0816497
0.014745	0.0816497
0.01476	0.0816497
0.014775	0.0816497
0.01479	0.0816497
0.014805	0.0816497
0.01482	0.0816497
0.014835	0.0816497
0.01485	0.0816497
0.014865	0.0816497
0.01488	0.0816497
0.014895	0.0816497
0.01491	0.0816497
0.014925	0.0816497
0.01494	0.0816497
0.014955	0.0816497
0.01497	0.0816497
0.014985	0.0816497
0.015	0.0816497
