# Interpolation data for function: x^10
0	8.87784e-05
0.001	8.87784e-05
0.002	8.87784e-05
0.003	8.87784e-05
0.004	8.87784e-05
0.005	8.87784e-05
0.006	8.87784e-05
0.007	8.87784e-05
0.008	8.87784e-05
0.009	8.87784e-05
0.01	8.87784e-05
0.011	8.87784e-05
0.012	8.87784e-05
0.013	8.87784e-05
0.014	8.87784e-05
0.015	8.87784e-05
0.016	8.87784e-05
0.017	8.87784e-05
0.018	8.87784e-05
0.019	8.87784e-05
0.02	8.87784e-05
0.021	8.87784e-05
0.022	8.87784e-05
0.023	8.87784e-05
0.024	8.87784e-05
0.025	8.87784e-05
0.026	8.87784e-05
0.027	8.87784e-05
0.028	8.87784e-05
0.029	8.87784e-05
0.03	8.87784e-05
0.031	8.87784e-05
0.032	8.87784e-05
0.033	8.87784e-05
0.034	8.87784e-05
0.035	8.87784e-05
0.036	8.87784e-05
0.037	8.87784e-05
0.038	8.87784e-05
0.039	8.87784e-05
0.04	8.87784e-05
0.041	8.87784e-05
0.042	8.87784e-05
0.043	8.87784e-05
0.044	8.87784e-05
0.045	8.87784e-05
0.046	8.87784e-05
0.047	8.87784e-05
0.048	8.87784e-05
0.049	8.87784e-05
0.05	8.87784e-05
0.051	8.87784e-05
0.052	8.87784e-05
0.053	8.87784e-05
0.054	8.87784e-05
0.055	8.87784e-05
0.056	8.87784e-05
0.057	8.87784e-05
0.058	8.87784e-05
0.059	8.87784e-05
0.06	8.87784e-05
0.061	8.87784e-05
0.062	8.87784e-05
0.063	8.87784e-05
0.064	8.87784e-05
0.065	8.87784e-05
0.066	8.87784e-05
0.067	8.87784e-05
0.068	8.87784e-05
0.069	8.87784e-05
0.07	8.87784e-05
0.071	8.87784e-05
0.072	8.87784e-05
0.073	8.87784e-05
0.074	8.87784e-05
0.075	8.87784e-05
0.076	8.87784e-05
0.077	8.87784e-05
0.078	8.87784e-05
0.079	8.87784e-05
0.08	8.87784e-05
0.081	8.87784e-05
0.082	8.87784e-05
0.083	8.87784e-05
0.084	8.87784e-05
0.085	8.87784e-05
0.086	8.87784e-05
0.087	8.87784e-05
0.088	8.87784e-05
0.089	8.87784e-05
0.09	8.87784e-05
0.091	8.87784e-05
0.092	8.87784e-05
0.093	8.87784e-05
0.094	8.87784e-05
0.095	8.87784e-05
0.096	8.87784e-05
0.097	8.87784e-05
0.098	8.87784e-05
0.099	8.87784e-05
0.1	8.87784e-05
0.101	8.87784e-05
0.102	8.87784e-05
0.103	8.87784e-05
0.104	8.87784e-05
0.105	8.87784e-05
0.106	8.87784e-05
0.107	8.87784e-05
0.108	8.87784e-05
0.109	8.87784e-05
0.11	8.87784e-05
0.111	8.87784e-05
0.112	8.87784e-05
0.113	8.87784e-05
0.114	8.87784e-05
0.115	8.87784e-05
0.116	8.87784e-05
0.117	8.87784e-05
0.118	8.87784e-05
0.119	8.87784e-05
0.12	8.87784e-05
0.121	8.87784e-05
0.122	8.87784e-05
0.123	8.87784e-05
0.124	8.87784e-05
0.125	8.87784e-05
0.126	8.87784e-05
0.127	8.87784e-05
0.128	8.87784e-05
0.129	8.87784e-05
0.13	8.87784e-05
0.131	8.87784e-05
0.132	8.87784e-05
0.133	8.87784e-05
0.134	8.87784e-05
0.135	8.87784e-05
0.136	8.87784e-05
0.137	8.87784e-05
0.138	8.87784e-05
0.139	8.87784e-05
0.14	8.87784e-05
0.141	8.87784e-05
0.142	8.87784e-05
0.143	8.87784e-05
0.144	8.87784e-05
0.145	8.87784e-05
0.146	8.87784e-05
0.147	8.87784e-05
0.148	8.87784e-05
0.149	8.87784e-05
0.15	8.87784e-05
0.151	8.87784e-05
0.152	8.87784e-05
0.153	8.87784e-05
0.154	8.87784e-05
0.155	8.87784e-05
0.156	8.87784e-05
0.157	8.87784e-05
0.158	8.87784e-05
0.159	8.87784e-05
0.16	8.87784e-05
0.161	8.87784e-05
0.162	8.87784e-05
0.163	8.87784e-05
0.164	8.87784e-05
0.165	8.87784e-05
0.166	8.87784e-05
0.167	8.87784e-05
0.168	8.87784e-05
0.169	8.87784e-05
0.17	8.87784e-05
0.171	8.87784e-05
0.172	8.87784e-05
0.173	8.87784e-05
0.174	8.87784e-05
0.175	8.87784e-05
0.176	8.87784e-05
0.177	8.87784e-05
0.178	8.87784e-05
0.179	8.87784e-05
0.18	8.87784e-05
0.181	8.87784e-05
0.182	8.87784e-05
0.183	8.87784e-05
0.184	8.87784e-05
0.185	8.87784e-05
0.186	8.87784e-05
0.187	8.87784e-05
0.188	8.87784e-05
0.189	8.87784e-05
0.19	8.87784e-05
0.191	8.87784e-05
0.192	8.87784e-05
0.193	8.87784e-05
0.194	8.87784e-05
0.195	8.87784e-05
0.196	8.87784e-05
0.197	8.87784e-05
0.198	8.87784e-05
0.199	8.87784e-05
0.2	8.87784e-05
0.201	8.87784e-05
0.202	8.87784e-05
0.203	8.87784e-05
0.204	8.87784e-05
0.205	8.87784e-05
0.206	8.87784e-05
0.207	8.87784e-05
0.208	8.87784e-05
0.209	8.87784e-05
0.21	8.87784e-05
0.211	8.87784e-05
0.212	8.87784e-05
0.213	8.87784e-05
0.214	8.87784e-05
0.215	8.87784e-05
0.216	8.87784e-05
0.217	8.87784e-05
0.218	8.87784e-05
0.219	8.87784e-05
0.22	8.87784e-05
0.221	8.87784e-05
0.222	8.87784e-05
0.223	8.87784e-05
0.224	8.87784e-05
0.225	8.87784e-05
0.226	8.87784e-05
0.227	8.87784e-05
0.228	8.87784e-05
0.229	8.87784e-05
0.23	8.87784e-05
0.231	8.87784e-05
0.232	8.87784e-05
0.233	8.87784e-05
0.234	8.87784e-05
0.235	8.87784e-05
0.236	8.87784e-05
0.237	8.87784e-05
0.238	8.87784e-05
0.239	8.87784e-05
0.24	8.87784e-05
0.241	8.87784e-05
0.242	8.87784e-05
0.243	8.87784e-05
0.244	8.87784e-05
0.245	8.87784e-05
0.246	8.87784e-05
0.247	8.87784e-05
0.248	8.87784e-05
0.249	8.87784e-05
0.25	8.87784e-05
0.251	8.87784e-05
0.252	8.87784e-05
0.253	8.87784e-05
0.254	8.87784e-05
0.255	8.87784e-05
0.256	8.87784e-05
0.257	8.87784e-05
0.258	8.87784e-05
0.259	8.87784e-05
0.26	8.87784e-05
0.261	8.87784e-05
0.262	8.87784e-05
0.263	8.87784e-05
0.264	8.87784e-05
0.265	8.87784e-05
0.266	8.87784e-05
0.267	8.87784e-05
0.268	8.87784e-05
0.269	8.87784e-05
0.27	8.87784e-05
0.271	8.87784e-05
0.272	8.87784e-05
0.273	8.87784e-05
0.274	8.87784e-05
0.275	8.87784e-05
0.276	8.87784e-05
0.277	8.87784e-05
0.278	8.87784e-05
0.279	8.87784e-05
0.28	8.87784e-05
0.281	8.87784e-05
0.282	8.87784e-05
0.283	8.87784e-05
0.284	8.87784e-05
0.285	8.87784e-05
0.286	8.87784e-05
0.287	8.87784e-05
0.288	8.87784e-05
0.289	8.87784e-05
0.29	8.87784e-05
0.291	8.87784e-05
0.292	8.87784e-05
0.293	8.87784e-05
0.294	8.87784e-05
0.295	8.87784e-05
0.296	8.87784e-05
0.297	8.87784e-05
0.298	8.87784e-05
0.299	8.87784e-05
0.3	8.87784e-05
0.301	8.87784e-05
0.302	8.87784e-05
0.303	8.87784e-05
0.304	8.87784e-05
0.305	8.87784e-05
0.306	8.87784e-05
0.307	8.87784e-05
0.308	8.87784e-05
0.309	8.87784e-05
0.31	8.87784e-05
0.311	8.87784e-05
0.312	8.87784e-05
0.313	8.87784e-05
0.314	8.87784e-05
0.315	8.87784e-05
0.316	8.87784e-05
0.317	8.87784e-05
0.318	8.87784e-05
0.319	8.87784e-05
0.32	8.87784e-05
0.321	8.87784e-05
0.322	8.87784e-05
0.323	8.87784e-05
0.324	8.87784e-05
0.325	8.87784e-05
0.326	8.87784e-05
0.327	8.87784e-05
0.328	8.87784e-05
0.329	8.87784e-05
0.33	8.87784e-05
0.331	8.87784e-05
0.332	8.87784e-05
0.333	8.87784e-05
0.334	8.87784e-05
0.335	8.87784e-05
0.336	8.87784e-05
0.337	8.87784e-05
0.338	8.87784e-05
0.339	8.87784e-05
0.34	8.87784e-05
0.341	8.87784e-05
0.342	8.87784e-05
0.343	8.87784e-05
0.344	8.87784e-05
0.345	8.87784e-05
0.346	8.87784e-05
0.347	8.87784e-05
0.348	8.87784e-05
0.349	8.87784e-05
0.35	8.87784e-05
0.351	8.87784e-05
0.352	8.87784e-05
0.353	8.87784e-05
0.354	8.87784e-05
0.355	8.87784e-05
0.356	8.87784e-05
0.357	8.87784e-05
0.358	8.87784e-05
0.359	8.87784e-05
0.36	8.87784e-05
0.361	8.87784e-05
0.362	8.87784e-05
0.363	8.87784e-05
0.364	8.87784e-05
0.365	8.87784e-05
0.366	8.87784e-05
0.367	8.87784e-05
0.368	8.87784e-05
0.369	8.87784e-05
0.37	8.87784e-05
0.371	8.87784e-05
0.372	8.87784e-05
0.373	8.87784e-05
0.374	8.87784e-05
0.375	8.87784e-05
0.376	8.87784e-05
0.377	8.87784e-05
0.378	8.87784e-05
0.379	8.87784e-05
0.38	8.87784e-05
0.381	8.87784e-05
0.382	8.87784e-05
0.383	8.87784e-05
0.384	8.87784e-05
0.385	8.87784e-05
0.386	8.87784e-05
0.387	8.87784e-05
0.388	8.87784e-05
0.389	8.87784e-05
0.39	8.87784e-05
0.391	8.87784e-05
0.392	8.87784e-05
0.393	8.87784e-05
0.394	8.87784e-05
0.395	8.87784e-05
0.396	8.87784e-05
0.397	8.87784e-05
0.398	8.87784e-05
0.399	8.87784e-05
0.4	8.87784e-05
0.401	8.87784e-05
0.402	8.87784e-05
0.403	8.87784e-05
0.404	8.87784e-05
0.405	8.87784e-05
0.406	8.87784e-05
0.407	8.87784e-05
0.408	8.87784e-05
0.409	8.87784e-05
0.41	8.87784e-05
0.411	8.87784e-05
0.412	8.87784e-05
0.413	8.87784e-05
0.414	8.87784e-05
0.415	8.87784e-05
0.416	8.87784e-05
0.417	8.87784e-05
0.418	8.87784e-05
0.419	8.87784e-05
0.42	8.87784e-05
0.421	8.87784e-05
0.422	8.87784e-05
0.423	8.87784e-05
0.424	8.87784e-05
0.425	8.87784e-05
0.426	8.87784e-05
0.427	8.87784e-05
0.428	8.87784e-05
0.429	8.87784e-05
0.43	8.87784e-05
0.431	8.87784e-05
0.432	8.87784e-05
0.433	8.87784e-05
0.434	8.87784e-05
0.435	8.87784e-05
0.436	8.87784e-05
0.437	8.87784e-05
0.438	8.87784e-05
0.439	8.87784e-05
0.44	8.87784e-05
0.441	8.87784e-05
0.442	8.87784e-05
0.443	8.87784e-05
0.444	8.87784e-05
0.445	8.87784e-05
0.446	8.87784e-05
0.447	8.87784e-05
0.448	8.87784e-05
0.449	8.87784e-05
0.45	8.87784e-05
0.451	8.87784e-05
0.452	8.87784e-05
0.453	8.87784e-05
0.454	8.87784e-05
0.455	8.87784e-05
0.456	8.87784e-05
0.457	8.87784e-05
0.458	8.87784e-05
0.459	8.87784e-05
0.46	8.87784e-05
0.461	8.87784e-05
0.462	8.87784e-05
0.463	8.87784e-05
0.464	8.87784e-05
0.465	8.87784e-05
0.466	8.87784e-05
0.467	8.87784e-05
0.468	8.87784e-05
0.469	8.87784e-05
0.47	8.87784e-05
0.471	8.87784e-05
0.472	8.87784e-05
0.473	8.87784e-05
0.474	8.87784e-05
0.475	8.87784e-05
0.476	8.87784e-05
0.477	8.87784e-05
0.478	8.87784e-05
0.479	8.87784e-05
0.48	8.87784e-05
0.481	8.87784e-05
0.482	8.87784e-05
0.483	8.87784e-05
0.484	8.87784e-05
0.485	8.87784e-05
0.486	8.87784e-05
0.487	8.87784e-05
0.488	8.87784e-05
0.489	8.87784e-05
0.49	8.87784e-05
0.491	8.87784e-05
0.492	8.87784e-05
0.493	8.87784e-05
0.494	8.87784e-05
0.495	8.87784e-05
0.496	8.87784e-05
0.497	8.87784e-05
0.498	8.87784e-05
0.499	8.87784e-05
0.5	-8.70711e-05
0.501	1.74867e-05
0.502	0.000119169
0.503	0.000218054
0.504	0.00031422
0.505	0.000407743
0.506	0.000498698
0.507	0.000587162
0.508	0.000673206
0.509	0.000756906
0.51	0.000838332
0.511	0.000917557
0.512	0.000994651
0.513	0.00106968
0.514	0.00114272
0.515	0.00121384
0.516	0.0012831
0.517	0.00135057
0.518	0.00141632
0.519	0.0014804
0.52	0.00154289
0.521	0.00160385
0.522	0.00166334
0.523	0.00172142
0.524	0.00177816
0.525	0.00183361
0.526	0.00188783
0.527	0.00194089
0.528	0.00199284
0.529	0.00204374
0.53	0.00209364
0.531	0.00214261
0.532	0.0021907
0.533	0.00223795
0.534	0.00228444
0.535	0.0023302
0.536	0.0023753
0.537	0.00241978
0.538	0.00246371
0.539	0.00250711
0.54	0.00255006
0.541	0.0025926
0.542	0.00263477
0.543	0.00267663
0.544	0.00271823
0.545	0.0027596
0.546	0.00280081
0.547	0.00284189
0.548	0.00288289
0.549	0.00292385
0.55	0.00296483
0.551	0.00300586
0.552	0.00304699
0.553	0.00308826
0.554	0.00312971
0.555	0.00317139
0.556	0.00321334
0.557	0.00325559
0.558	0.0032982
0.559	0.00334119
0.56	0.00338462
0.561	0.00342851
0.562	0.00347291
0.563	0.00351785
0.564	0.00356338
0.565	0.00360953
0.566	0.00365634
0.567	0.00370384
0.568	0.00375207
0.569	0.00380107
0.57	0.00385087
0.571	0.00390151
0.572	0.00395303
0.573	0.00400545
0.574	0.00405881
0.575	0.00411314
0.576	0.00416849
0.577	0.00422487
0.578	0.00428233
0.579	0.0043409
0.58	0.0044006
0.581	0.00446147
0.582	0.00452355
0.583	0.00458686
0.584	0.00465143
0.585	0.0047173
0.586	0.00478449
0.587	0.00485304
0.588	0.00492298
0.589	0.00499433
0.59	0.00506712
0.591	0.00514139
0.592	0.00521716
0.593	0.00529447
0.594	0.00537333
0.595	0.00545379
0.596	0.00553586
0.597	0.00561957
0.598	0.00570497
0.599	0.00579206
0.6	0.00588088
0.601	0.00597146
0.602	0.00606382
0.603	0.006158
0.604	0.00625401
0.605	0.00635189
0.606	0.00645166
0.607	0.00655335
0.608	0.00665699
0.609	0.00676259
0.61	0.0068702
0.611	0.00697984
0.612	0.00709153
0.613	0.00720529
0.614	0.00732117
0.615	0.00743917
0.616	0.00755933
0.617	0.00768168
0.618	0.00780624
0.619	0.00793303
0.62	0.00806209
0.621	0.00819344
0.622	0.00832711
0.623	0.00846312
0.624	0.00860149
0.625	0.00874227
0.626	0.00888546
0.627	0.0090311
0.628	0.00917922
0.629	0.00932985
0.63	0.009483
0.631	0.0096387
0.632	0.00979699
0.633	0.00995789
0.634	0.0101214
0.635	0.0102876
0.636	0.0104565
0.637	0.0106281
0.638	0.0108025
0.639	0.0109796
0.64	0.0111596
0.641	0.0113424
0.642	0.011528
0.643	0.0117165
0.644	0.011908
0.645	0.0121024
0.646	0.0122997
0.647	0.0125001
0.648	0.0127035
0.649	0.01291
0.65	0.0131196
0.651	0.0133323
0.652	0.0135481
0.653	0.0137672
0.654	0.0139894
0.655	0.0142149
0.656	0.0144437
0.657	0.0146758
0.658	0.0149113
0.659	0.0151501
0.66	0.0153924
0.661	0.0156381
0.662	0.0158873
0.663	0.01614
0.664	0.0163962
0.665	0.016656
0.666	0.0169195
0.667	0.0171866
0.668	0.0174573
0.669	0.0177318
0.67	0.0180101
0.671	0.0182922
0.672	0.0185781
0.673	0.0188679
0.674	0.0191616
0.675	0.0194592
0.676	0.0197609
0.677	0.0200665
0.678	0.0203763
0.679	0.0206901
0.68	0.0210081
0.681	0.0213303
0.682	0.0216568
0.683	0.0219875
0.684	0.0223225
0.685	0.0226619
0.686	0.0230057
0.687	0.023354
0.688	0.0237067
0.689	0.024064
0.69	0.0244259
0.691	0.0247925
0.692	0.0251637
0.693	0.0255397
0.694	0.0259204
0.695	0.0263059
0.696	0.0266964
0.697	0.0270918
0.698	0.0274921
0.699	0.0278975
0.7	0.028308
0.701	0.0287236
0.702	0.0291444
0.703	0.0295705
0.704	0.0300018
0.705	0.0304385
0.706	0.0308806
0.707	0.0313282
0.708	0.0317813
0.709	0.03224
0.71	0.0327044
0.711	0.0331744
0.712	0.0336502
0.713	0.0341319
0.714	0.0346194
0.715	0.0351128
0.716	0.0356123
0.717	0.0361179
0.718	0.0366296
0.719	0.0371475
0.72	0.0376717
0.721	0.0382022
0.722	0.0387391
0.723	0.0392825
0.724	0.0398325
0.725	0.0403891
0.726	0.0409523
0.727	0.0415223
0.728	0.0420992
0.729	0.042683
0.73	0.0432737
0.731	0.0438715
0.732	0.0444765
0.733	0.0450886
0.734	0.0457081
0.735	0.0463349
0.736	0.0469691
0.737	0.0476109
0.738	0.0482603
0.739	0.0489174
0.74	0.0495823
0.741	0.0502551
0.742	0.0509358
0.743	0.0516245
0.744	0.0523214
0.745	0.0530264
0.746	0.0537398
0.747	0.0544616
0.748	0.0551918
0.749	0.0559307
0.75	0.0566782
0.751	0.0574345
0.752	0.0581996
0.753	0.0589737
0.754	0.0597568
0.755	0.0605491
0.756	0.0613507
0.757	0.0621616
0.758	0.062982
0.759	0.0638119
0.76	0.0646515
0.761	0.0655009
0.762	0.0663601
0.763	0.0672294
0.764	0.0681087
0.765	0.0689983
0.766	0.0698981
0.767	0.0708084
0.768	0.0717292
0.769	0.0726607
0.77	0.0736029
0.771	0.0745561
0.772	0.0755202
0.773	0.0764955
0.774	0.077482
0.775	0.0784799
0.776	0.0794893
0.777	0.0805102
0.778	0.081543
0.779	0.0825876
0.78	0.0836442
0.781	0.0847129
0.782	0.0857939
0.783	0.0868872
0.784	0.0879931
0.785	0.0891116
0.786	0.0902429
0.787	0.0913872
0.788	0.0925445
0.789	0.093715
0.79	0.0948989
0.791	0.0960962
0.792	0.0973072
0.793	0.098532
0.794	0.0997707
0.795	0.101023
0.796	0.10229
0.797	0.103572
0.798	0.104868
0.799	0.106178
0.8	0.107503
0.801	0.108844
0.802	0.110199
0.803	0.11157
0.804	0.112956
0.805	0.114358
0.806	0.115776
0.807	0.11721
0.808	0.118659
0.809	0.120125
0.81	0.121608
0.811	0.123107
0.812	0.124623
0.813	0.126156
0.814	0.127706
0.815	0.129273
0.816	0.130858
0.817	0.13246
0.818	0.134081
0.819	0.135719
0.82	0.137376
0.821	0.139051
0.822	0.140745
0.823	0.142457
0.824	0.144189
0.825	0.145939
0.826	0.147709
0.827	0.149499
0.828	0.151308
0.829	0.153138
0.83	0.154987
0.831	0.156857
0.832	0.158747
0.833	0.160658
0.834	0.162591
0.835	0.164544
0.836	0.166519
0.837	0.168515
0.838	0.170533
0.839	0.172574
0.84	0.174636
0.841	0.176721
0.842	0.178829
0.843	0.180959
0.844	0.183113
0.845	0.18529
0.846	0.187491
0.847	0.189716
0.848	0.191964
0.849	0.194237
0.85	0.196535
0.851	0.198857
0.852	0.201204
0.853	0.203577
0.854	0.205975
0.855	0.208399
0.856	0.210848
0.857	0.213324
0.858	0.215827
0.859	0.218356
0.86	0.220912
0.861	0.223495
0.862	0.226106
0.863	0.228745
0.864	0.231412
0.865	0.234106
0.866	0.23683
0.867	0.239582
0.868	0.242364
0.869	0.245174
0.87	0.248015
0.871	0.250885
0.872	0.253785
0.873	0.256716
0.874	0.259678
0.875	0.262671
0.876	0.265695
0.877	0.26875
0.878	0.271838
0.879	0.274957
0.88	0.278109
0.881	0.281294
0.882	0.284512
0.883	0.287763
0.884	0.291048
0.885	0.294367
0.886	0.29772
0.887	0.301108
0.888	0.30453
0.889	0.307988
0.89	0.311481
0.891	0.31501
0.892	0.318575
0.893	0.322177
0.894	0.325816
0.895	0.329491
0.896	0.333204
0.897	0.336955
0.898	0.340744
0.899	0.344571
0.9	0.348437
0.901	0.352342
0.902	0.356287
0.903	0.360271
0.904	0.364295
0.905	0.36836
0.906	0.372466
0.907	0.376613
0.908	0.380801
0.909	0.385031
0.91	0.389304
0.911	0.393619
0.912	0.397977
0.913	0.402378
0.914	0.406824
0.915	0.411313
0.916	0.415846
0.917	0.420424
0.918	0.425048
0.919	0.429717
0.92	0.434432
0.921	0.439193
0.922	0.444001
0.923	0.448856
0.924	0.453759
0.925	0.458709
0.926	0.463708
0.927	0.468755
0.928	0.473852
0.929	0.478998
0.93	0.484193
0.931	0.489439
0.932	0.494736
0.933	0.500084
0.934	0.505483
0.935	0.510934
0.936	0.516438
0.937	0.521994
0.938	0.527604
0.939	0.533267
0.94	0.538984
0.941	0.544756
0.942	0.550582
0.943	0.556464
0.944	0.562402
0.945	0.568396
0.946	0.574447
0.947	0.580555
0.948	0.58672
0.949	0.592943
0.95	0.599225
0.951	0.605566
0.952	0.611966
0.953	0.618426
0.954	0.624946
0.955	0.631527
0.956	0.63817
0.957	0.644874
0.958	0.65164
0.959	0.658469
0.96	0.665361
0.961	0.672317
0.962	0.679337
0.963	0.686422
0.964	0.693571
0.965	0.700787
0.966	0.708068
0.967	0.715416
0.968	0.722831
0.969	0.730314
0.97	0.737865
0.971	0.745485
0.972	0.753173
0.973	0.760931
0.974	0.76876
0.975	0.776659
0.976	0.78463
0.977	0.792672
0.978	0.800786
0.979	0.808974
0.98	0.817234
0.981	0.825569
0.982	0.833978
0.983	0.842462
0.984	0.851021
0.985	0.859657
0.986	0.868369
0.987	0.877158
0.988	0.886025
0.989	0.89497
0.99	0.903995
0.991	0.913098
0.992	0.922282
0.993	0.931546
0.994	0.940892
0.995	0.950319
0.996	0.959828
0.997	0.969421
0.998	0.979096
0.999	0.988856
