# Interpolation data for function: x^10
0	-0.136364
0.001	-0.135909
0.002	-0.135455
0.003	-0.135
0.004	-0.134545
0.005	-0.134091
0.006	-0.133636
0.007	-0.133182
0.008	-0.132727
0.009	-0.132273
0.01	-0.131818
0.011	-0.131364
0.012	-0.130909
0.013	-0.130455
0.014	-0.13
0.015	-0.129545
0.016	-0.129091
0.017	-0.128636
0.018	-0.128182
0.019	-0.127727
0.02	-0.127273
0.021	-0.126818
0.022	-0.126364
0.023	-0.125909
0.024	-0.125455
0.025	-0.125
0.026	-0.124545
0.027	-0.124091
0.028	-0.123636
0.029	-0.123182
0.03	-0.122727
0.031	-0.122273
0.032	-0.121818
0.033	-0.121364
0.034	-0.120909
0.035	-0.120455
0.036	-0.12
0.037	-0.119545
0.038	-0.119091
0.039	-0.118636
0.04	-0.118182
0.041	-0.117727
0.042	-0.117273
0.043	-0.116818
0.044	-0.116364
0.045	-0.115909
0.046	-0.115455
0.047	-0.115
0.048	-0.114545
0.049	-0.114091
0.05	-0.113636
0.051	-0.113182
0.052	-0.112727
0.053	-0.112273
0.054	-0.111818
0.055	-0.111364
0.056	-0.110909
0.057	-0.110455
0.058	-0.11
0.059	-0.109545
0.06	-0.109091
0.061	-0.108636
0.062	-0.108182
0.063	-0.107727
0.064	-0.107273
0.065	-0.106818
0.066	-0.106364
0.067	-0.105909
0.068	-0.105455
0.069	-0.105
0.07	-0.104545
0.071	-0.104091
0.072	-0.103636
0.073	-0.103182
0.074	-0.102727
0.075	-0.102273
0.076	-0.101818
0.077	-0.101364
0.078	-0.100909
0.079	-0.100455
0.08	-0.1
0.081	-0.0995455
0.082	-0.0990909
0.083	-0.0986364
0.084	-0.0981818
0.085	-0.0977273
0.086	-0.0972727
0.087	-0.0968182
0.088	-0.0963636
0.089	-0.0959091
0.09	-0.0954545
0.091	-0.095
0.092	-0.0945455
0.093	-0.0940909
0.094	-0.0936364
0.095	-0.0931818
0.096	-0.0927273
0.097	-0.0922727
0.098	-0.0918182
0.099	-0.0913636
0.1	-0.0909091
0.101	-0.0904545
0.102	-0.09
0.103	-0.0895455
0.104	-0.0890909
0.105	-0.0886364
0.106	-0.0881818
0.107	-0.0877273
0.108	-0.0872727
0.109	-0.0868182
0.11	-0.0863636
0.111	-0.0859091
0.112	-0.0854545
0.113	-0.085
0.114	-0.0845455
0.115	-0.0840909
0.116	-0.0836364
0.117	-0.0831818
0.118	-0.0827273
0.119	-0.0822727
0.12	-0.0818182
0.121	-0.0813636
0.122	-0.0809091
0.123	-0.0804545
0.124	-0.08
0.125	-0.0795455
0.126	-0.0790909
0.127	-0.0786364
0.128	-0.0781818
0.129	-0.0777273
0.13	-0.0772727
0.131	-0.0768182
0.132	-0.0763636
0.133	-0.0759091
0.134	-0.0754545
0.135	-0.075
0.136	-0.0745455
0.137	-0.0740909
0.138	-0.0736364
0.139	-0.0731818
0.14	-0.0727273
0.141	-0.0722727
0.142	-0.0718182
0.143	-0.0713636
0.144	-0.0709091
0.145	-0.0704545
0.146	-0.07
0.147	-0.0695455
0.148	-0.0690909
0.149	-0.0686364
0.15	-0.0681818
0.151	-0.0677273
0.152	-0.0672727
0.153	-0.0668182
0.154	-0.0663636
0.155	-0.0659091
0.156	-0.0654545
0.157	-0.065
0.158	-0.0645455
0.159	-0.0640909
0.16	-0.0636364
0.161	-0.0631818
0.162	-0.0627273
0.163	-0.0622727
0.164	-0.0618182
0.165	-0.0613636
0.166	-0.0609091
0.167	-0.0604545
0.168	-0.06
0.169	-0.0595455
0.17	-0.0590909
0.171	-0.0586364
0.172	-0.0581818
0.173	-0.0577273
0.174	-0.0572727
0.175	-0.0568182
0.176	-0.0563636
0.177	-0.0559091
0.178	-0.0554545
0.179	-0.055
0.18	-0.0545455
0.181	-0.0540909
0.182	-0.0536364
0.183	-0.0531818
0.184	-0.0527273
0.185	-0.0522727
0.186	-0.0518182
0.187	-0.0513636
0.188	-0.0509091
0.189	-0.0504545
0.19	-0.05
0.191	-0.0495455
0.192	-0.0490909
0.193	-0.0486364
0.194	-0.0481818
0.195	-0.0477273
0.196	-0.0472727
0.197	-0.0468182
0.198	-0.0463636
0.199	-0.0459091
0.2	-0.0454545
0.201	-0.045
0.202	-0.0445455
0.203	-0.0440909
0.204	-0.0436364
0.205	-0.0431818
0.206	-0.0427273
0.207	-0.0422727
0.208	-0.0418182
0.209	-0.0413636
0.21	-0.0409091
0.211	-0.0404545
0.212	-0.04
0.213	-0.0395455
0.214	-0.0390909
0.215	-0.0386364
0.216	-0.0381818
0.217	-0.0377273
0.218	-0.0372727
0.219	-0.0368182
0.22	-0.0363636
0.221	-0.0359091
0.222	-0.0354545
0.223	-0.035
0.224	-0.0345455
0.225	-0.0340909
0.226	-0.0336364
0.227	-0.0331818
0.228	-0.0327273
0.229	-0.0322727
0.23	-0.0318182
0.231	-0.0313636
0.232	-0.0309091
0.233	-0.0304545
0.234	-0.03
0.235	-0.0295455
0.236	-0.0290909
0.237	-0.0286364
0.238	-0.0281818
0.239	-0.0277273
0.24	-0.0272727
0.241	-0.0268182
0.242	-0.0263636
0.243	-0.0259091
0.244	-0.0254545
0.245	-0.025
0.246	-0.0245455
0.247	-0.0240909
0.248	-0.0236364
0.249	-0.0231818
0.25	-0.0227273
0.251	-0.0222727
0.252	-0.0218182
0.253	-0.0213636
0.254	-0.0209091
0.255	-0.0204545
0.256	-0.02
0.257	-0.0195455
0.258	-0.0190909
0.259	-0.0186364
0.26	-0.0181818
0.261	-0.0177273
0.262	-0.0172727
0.263	-0.0168182
0.264	-0.0163636
0.265	-0.0159091
0.266	-0.0154545
0.267	-0.015
0.268	-0.0145455
0.269	-0.0140909
0.27	-0.0136364
0.271	-0.0131818
0.272	-0.0127273
0.273	-0.0122727
0.274	-0.0118182
0.275	-0.0113636
0.276	-0.0109091
0.277	-0.0104545
0.278	-0.01
0.279	-0.00954545
0.28	-0.00909091
0.281	-0.00863636
0.282	-0.00818182
0.283	-0.00772727
0.284	-0.00727273
0.285	-0.00681818
0.286	-0.00636364
0.287	-0.00590909
0.288	-0.00545455
0.289	-0.005
0.29	-0.00454545
0.291	-0.00409091
0.292	-0.00363636
0.293	-0.00318182
0.294	-0.00272727
0.295	-0.00227273
0.296	-0.00181818
0.297	-0.00136364
0.298	-0.000909091
0.299	-0.000454545
0.3	6.93889e-17
0.301	0.000454545
0.302	0.000909091
0.303	0.00136364
0.304	0.00181818
0.305	0.00227273
0.306	0.00272727
0.307	0.00318182
0.308	0.00363636
0.309	0.00409091
0.31	0.00454545
0.311	0.005
0.312	0.00545455
0.313	0.00590909
0.314	0.00636364
0.315	0.00681818
0.316	0.00727273
0.317	0.00772727
0.318	0.00818182
0.319	0.00863636
0.32	0.00909091
0.321	0.00954545
0.322	0.01
0.323	0.0104545
0.324	0.0109091
0.325	0.0113636
0.326	0.0118182
0.327	0.0122727
0.328	0.0127273
0.329	0.0131818
0.33	0.0136364
0.331	0.0140909
0.332	0.0145455
0.333	0.015
0.334	0.0154545
0.335	0.0159091
0.336	0.0163636
0.337	0.0168182
0.338	0.0172727
0.339	0.0177273
0.34	0.0181818
0.341	0.0186364
0.342	0.0190909
0.343	0.0195455
0.344	0.02
0.345	0.0204545
0.346	0.0209091
0.347	0.0213636
0.348	0.0218182
0.349	0.0222727
0.35	0.0227273
0.351	0.0231818
0.352	0.0236364
0.353	0.0240909
0.354	0.0245455
0.355	0.025
0.356	0.0254545
0.357	0.0259091
0.358	0.0263636
0.359	0.0268182
0.36	0.0272727
0.361	0.0277273
0.362	0.0281818
0.363	0.0286364
0.364	0.0290909
0.365	0.0295455
0.366	0.03
0.367	0.0304545
0.368	0.0309091
0.369	0.0313636
0.37	0.0318182
0.371	0.0322727
0.372	0.0327273
0.373	0.0331818
0.374	0.0336364
0.375	0.0340909
0.376	0.0345455
0.377	0.035
0.378	0.0354545
0.379	0.0359091
0.38	0.0363636
0.381	0.0368182
0.382	0.0372727
0.383	0.0377273
0.384	0.0381818
0.385	0.0386364
0.386	0.0390909
0.387	0.0395455
0.388	0.04
0.389	0.0404545
0.39	0.0409091
0.391	0.0413636
0.392	0.0418182
0.393	0.0422727
0.394	0.0427273
0.395	0.0431818
0.396	0.0436364
0.397	0.0440909
0.398	0.0445455
0.399	0.045
0.4	0.0454545
0.401	0.0459091
0.402	0.0463636
0.403	0.0468182
0.404	0.0472727
0.405	0.0477273
0.406	0.0481818
0.407	0.0486364
0.408	0.0490909
0.409	0.0495455
0.41	0.05
0.411	0.0504545
0.412	0.0509091
0.413	0.0513636
0.414	0.0518182
0.415	0.0522727
0.416	0.0527273
0.417	0.0531818
0.418	0.0536364
0.419	0.0540909
0.42	0.0545455
0.421	0.055
0.422	0.0554545
0.423	0.0559091
0.424	0.0563636
0.425	0.0568182
0.426	0.0572727
0.427	0.0577273
0.428	0.0581818
0.429	0.0586364
0.43	0.0590909
0.431	0.0595455
0.432	0.06
0.433	0.0604545
0.434	0.0609091
0.435	0.0613636
0.436	0.0618182
0.437	0.0622727
0.438	0.0627273
0.439	0.0631818
0.44	0.0636364
0.441	0.0640909
0.442	0.0645455
0.443	0.065
0.444	0.0654545
0.445	0.0659091
0.446	0.0663636
0.447	0.0668182
0.448	0.0672727
0.449	0.0677273
0.45	0.0681818
0.451	0.0686364
0.452	0.0690909
0.453	0.0695455
0.454	0.07
0.455	0.0704545
0.456	0.0709091
0.457	0.0713636
0.458	0.0718182
0.459	0.0722727
0.46	0.0727273
0.461	0.0731818
0.462	0.0736364
0.463	0.0740909
0.464	0.0745455
0.465	0.075
0.466	0.0754545
0.467	0.0759091
0.468	0.0763636
0.469	0.0768182
0.47	0.0772727
0.471	0.0777273
0.472	0.0781818
0.473	0.0786364
0.474	0.0790909
0.475	0.0795455
0.476	0.08
0.477	0.0804545
0.478	0.0809091
0.479	0.0813636
0.48	0.0818182
0.481	0.0822727
0.482	0.0827273
0.483	0.0831818
0.484	0.0836364
0.485	0.0840909
0.486	0.0845455
0.487	0.085
0.488	0.0854545
0.489	0.0859091
0.49	0.0863636
0.491	0.0868182
0.492	0.0872727
0.493	0.0877273
0.494	0.0881818
0.495	0.0886364
0.496	0.0890909
0.497	0.0895455
0.498	0.09
0.499	0.0904545
0.5	0.0909091
0.501	0.0913636
0.502	0.0918182
0.503	0.0922727
0.504	0.0927273
0.505	0.0931818
0.506	0.0936364
0.507	0.0940909
0.508	0.0945455
0.509	0.095
0.51	0.0954545
0.511	0.0959091
0.512	0.0963636
0.513	0.0968182
0.514	0.0972727
0.515	0.0977273
0.516	0.0981818
0.517	0.0986364
0.518	0.0990909
0.519	0.0995455
0.52	0.1
0.521	0.100455
0.522	0.100909
0.523	0.101364
0.524	0.101818
0.525	0.102273
0.526	0.102727
0.527	0.103182
0.528	0.103636
0.529	0.104091
0.53	0.104545
0.531	0.105
0.532	0.105455
0.533	0.105909
0.534	0.106364
0.535	0.106818
0.536	0.107273
0.537	0.107727
0.538	0.108182
0.539	0.108636
0.54	0.109091
0.541	0.109545
0.542	0.11
0.543	0.110455
0.544	0.110909
0.545	0.111364
0.546	0.111818
0.547	0.112273
0.548	0.112727
0.549	0.113182
0.55	0.113636
0.551	0.114091
0.552	0.114545
0.553	0.115
0.554	0.115455
0.555	0.115909
0.556	0.116364
0.557	0.116818
0.558	0.117273
0.559	0.117727
0.56	0.118182
0.561	0.118636
0.562	0.119091
0.563	0.119545
0.564	0.12
0.565	0.120455
0.566	0.120909
0.567	0.121364
0.568	0.121818
0.569	0.122273
0.57	0.122727
0.571	0.123182
0.572	0.123636
0.573	0.124091
0.574	0.124545
0.575	0.125
0.576	0.125455
0.577	0.125909
0.578	0.126364
0.579	0.126818
0.58	0.127273
0.581	0.127727
0.582	0.128182
0.583	0.128636
0.584	0.129091
0.585	0.129545
0.586	0.13
0.587	0.130455
0.588	0.130909
0.589	0.131364
0.59	0.131818
0.591	0.132273
0.592	0.132727
0.593	0.133182
0.594	0.133636
0.595	0.134091
0.596	0.134545
0.597	0.135
0.598	0.135455
0.599	0.135909
0.6	0.136364
0.601	0.136818
0.602	0.137273
0.603	0.137727
0.604	0.138182
0.605	0.138636
0.606	0.139091
0.607	0.139545
0.608	0.14
0.609	0.140455
0.61	0.140909
0.611	0.141364
0.612	0.141818
0.613	0.142273
0.614	0.142727
0.615	0.143182
0.616	0.143636
0.617	0.144091
0.618	0.144545
0.619	0.145
0.62	0.145455
0.621	0.145909
0.622	0.146364
0.623	0.146818
0.624	0.147273
0.625	0.147727
0.626	0.148182
0.627	0.148636
0.628	0.149091
0.629	0.149545
0.63	0.15
0.631	0.150455
0.632	0.150909
0.633	0.151364
0.634	0.151818
0.635	0.152273
0.636	0.152727
0.637	0.153182
0.638	0.153636
0.639	0.154091
0.64	0.154545
0.641	0.155
0.642	0.155455
0.643	0.155909
0.644	0.156364
0.645	0.156818
0.646	0.157273
0.647	0.157727
0.648	0.158182
0.649	0.158636
0.65	0.159091
0.651	0.159545
0.652	0.16
0.653	0.160455
0.654	0.160909
0.655	0.161364
0.656	0.161818
0.657	0.162273
0.658	0.162727
0.659	0.163182
0.66	0.163636
0.661	0.164091
0.662	0.164545
0.663	0.165
0.664	0.165455
0.665	0.165909
0.666	0.166364
0.667	0.166818
0.668	0.167273
0.669	0.167727
0.67	0.168182
0.671	0.168636
0.672	0.169091
0.673	0.169545
0.674	0.17
0.675	0.170455
0.676	0.170909
0.677	0.171364
0.678	0.171818
0.679	0.172273
0.68	0.172727
0.681	0.173182
0.682	0.173636
0.683	0.174091
0.684	0.174545
0.685	0.175
0.686	0.175455
0.687	0.175909
0.688	0.176364
0.689	0.176818
0.69	0.177273
0.691	0.177727
0.692	0.178182
0.693	0.178636
0.694	0.179091
0.695	0.179545
0.696	0.18
0.697	0.180455
0.698	0.180909
0.699	0.181364
0.7	0.181818
0.701	0.182273
0.702	0.182727
0.703	0.183182
0.704	0.183636
0.705	0.184091
0.706	0.184545
0.707	0.185
0.708	0.185455
0.709	0.185909
0.71	0.186364
0.711	0.186818
0.712	0.187273
0.713	0.187727
0.714	0.188182
0.715	0.188636
0.716	0.189091
0.717	0.189545
0.718	0.19
0.719	0.190455
0.72	0.190909
0.721	0.191364
0.722	0.191818
0.723	0.192273
0.724	0.192727
0.725	0.193182
0.726	0.193636
0.727	0.194091
0.728	0.194545
0.729	0.195
0.73	0.195455
0.731	0.195909
0.732	0.196364
0.733	0.196818
0.734	0.197273
0.735	0.197727
0.736	0.198182
0.737	0.198636
0.738	0.199091
0.739	0.199545
0.74	0.2
0.741	0.200455
0.742	0.200909
0.743	0.201364
0.744	0.201818
0.745	0.202273
0.746	0.202727
0.747	0.203182
0.748	0.203636
0.749	0.204091
0.75	0.204545
0.751	0.205
0.752	0.205455
0.753	0.205909
0.754	0.206364
0.755	0.206818
0.756	0.207273
0.757	0.207727
0.758	0.208182
0.759	0.208636
0.76	0.209091
0.761	0.209545
0.762	0.21
0.763	0.210455
0.764	0.210909
0.765	0.211364
0.766	0.211818
0.767	0.212273
0.768	0.212727
0.769	0.213182
0.77	0.213636
0.771	0.214091
0.772	0.214545
0.773	0.215
0.774	0.215455
0.775	0.215909
0.776	0.216364
0.777	0.216818
0.778	0.217273
0.779	0.217727
0.78	0.218182
0.781	0.218636
0.782	0.219091
0.783	0.219545
0.784	0.22
0.785	0.220455
0.786	0.220909
0.787	0.221364
0.788	0.221818
0.789	0.222273
0.79	0.222727
0.791	0.223182
0.792	0.223636
0.793	0.224091
0.794	0.224545
0.795	0.225
0.796	0.225455
0.797	0.225909
0.798	0.226364
0.799	0.226818
0.8	0.227273
0.801	0.227727
0.802	0.228182
0.803	0.228636
0.804	0.229091
0.805	0.229545
0.806	0.23
0.807	0.230455
0.808	0.230909
0.809	0.231364
0.81	0.231818
0.811	0.232273
0.812	0.232727
0.813	0.233182
0.814	0.233636
0.815	0.234091
0.816	0.234545
0.817	0.235
0.818	0.235455
0.819	0.235909
0.82	0.236364
0.821	0.236818
0.822	0.237273
0.823	0.237727
0.824	0.238182
0.825	0.238636
0.826	0.239091
0.827	0.239545
0.828	0.24
0.829	0.240455
0.83	0.240909
0.831	0.241364
0.832	0.241818
0.833	0.242273
0.834	0.242727
0.835	0.243182
0.836	0.243636
0.837	0.244091
0.838	0.244545
0.839	0.245
0.84	0.245455
0.841	0.245909
0.842	0.246364
0.843	0.246818
0.844	0.247273
0.845	0.247727
0.846	0.248182
0.847	0.248636
0.848	0.249091
0.849	0.249545
0.85	0.25
0.851	0.250455
0.852	0.250909
0.853	0.251364
0.854	0.251818
0.855	0.252273
0.856	0.252727
0.857	0.253182
0.858	0.253636
0.859	0.254091
0.86	0.254545
0.861	0.255
0.862	0.255455
0.863	0.255909
0.864	0.256364
0.865	0.256818
0.866	0.257273
0.867	0.257727
0.868	0.258182
0.869	0.258636
0.87	0.259091
0.871	0.259545
0.872	0.26
0.873	0.260455
0.874	0.260909
0.875	0.261364
0.876	0.261818
0.877	0.262273
0.878	0.262727
0.879	0.263182
0.88	0.263636
0.881	0.264091
0.882	0.264545
0.883	0.265
0.884	0.265455
0.885	0.265909
0.886	0.266364
0.887	0.266818
0.888	0.267273
0.889	0.267727
0.89	0.268182
0.891	0.268636
0.892	0.269091
0.893	0.269545
0.894	0.27
0.895	0.270455
0.896	0.270909
0.897	0.271364
0.898	0.271818
0.899	0.272273
0.9	0.272727
0.901	0.273182
0.902	0.273636
0.903	0.274091
0.904	0.274545
0.905	0.275
0.906	0.275455
0.907	0.275909
0.908	0.276364
0.909	0.276818
0.91	0.277273
0.911	0.277727
0.912	0.278182
0.913	0.278636
0.914	0.279091
0.915	0.279545
0.916	0.28
0.917	0.280455
0.918	0.280909
0.919	0.281364
0.92	0.281818
0.921	0.282273
0.922	0.282727
0.923	0.283182
0.924	0.283636
0.925	0.284091
0.926	0.284545
0.927	0.285
0.928	0.285455
0.929	0.285909
0.93	0.286364
0.931	0.286818
0.932	0.287273
0.933	0.287727
0.934	0.288182
0.935	0.288636
0.936	0.289091
0.937	0.289545
0.938	0.29
0.939	0.290455
0.94	0.290909
0.941	0.291364
0.942	0.291818
0.943	0.292273
0.944	0.292727
0.945	0.293182
0.946	0.293636
0.947	0.294091
0.948	0.294545
0.949	0.295
0.95	0.295455
0.951	0.295909
0.952	0.296364
0.953	0.296818
0.954	0.297273
0.955	0.297727
0.956	0.298182
0.957	0.298636
0.958	0.299091
0.959	0.299545
0.96	0.3
0.961	0.300455
0.962	0.300909
0.963	0.301364
0.964	0.301818
0.965	0.302273
0.966	0.302727
0.967	0.303182
0.968	0.303636
0.969	0.304091
0.97	0.304545
0.971	0.305
0.972	0.305455
0.973	0.305909
0.974	0.306364
0.975	0.306818
0.976	0.307273
0.977	0.307727
0.978	0.308182
0.979	0.308636
0.98	0.309091
0.981	0.309545
0.982	0.31
0.983	0.310455
0.984	0.310909
0.985	0.311364
0.986	0.311818
0.987	0.312273
0.988	0.312727
0.989	0.313182
0.99	0.313636
0.991	0.314091
0.992	0.314545
0.993	0.315
0.994	0.315455
0.995	0.315909
0.996	0.316364
0.997	0.316818
0.998	0.317273
0.999	0.317727
