# Interpolation data for function: x^10
0	8.87784e-05
0.001	8.87784e-05
0.002	8.87784e-05
0.003	8.87784e-05
0.004	8.87784e-05
0.005	8.87784e-05
0.006	8.87784e-05
0.007	8.87784e-05
0.008	8.87784e-05
0.009	8.87784e-05
0.01	8.87784e-05
0.011	8.87784e-05
0.012	8.87784e-05
0.013	8.87784e-05
0.014	8.87784e-05
0.015	8.87784e-05
0.016	8.87784e-05
0.017	8.87784e-05
0.018	8.87784e-05
0.019	8.87784e-05
0.02	8.87784e-05
0.021	8.87784e-05
0.022	8.87784e-05
0.023	8.87784e-05
0.024	8.87784e-05
0.025	8.87784e-05
0.026	8.87784e-05
0.027	8.87784e-05
0.028	8.87784e-05
0.029	8.87784e-05
0.03	8.87784e-05
0.031	8.87784e-05
0.032	8.87784e-05
0.033	8.87784e-05
0.034	8.87784e-05
0.035	8.87784e-05
0.036	8.87784e-05
0.037	8.87784e-05
0.038	8.87784e-05
0.039	8.87784e-05
0.04	8.87784e-05
0.041	8.87784e-05
0.042	8.87784e-05
0.043	8.87784e-05
0.044	8.87784e-05
0.045	8.87784e-05
0.046	8.87784e-05
0.047	8.87784e-05
0.048	8.87784e-05
0.049	8.87784e-05
0.05	8.87784e-05
0.051	8.87784e-05
0.052	8.87784e-05
0.053	8.87784e-05
0.054	8.87784e-05
0.055	8.87784e-05
0.056	8.87784e-05
0.057	8.87784e-05
0.058	8.87784e-05
0.059	8.87784e-05
0.06	8.87784e-05
0.061	8.87784e-05
0.062	8.87784e-05
0.063	8.87784e-05
0.064	8.87784e-05
0.065	8.87784e-05
0.066	8.87784e-05
0.067	8.87784e-05
0.068	8.87784e-05
0.069	8.87784e-05
0.07	8.87784e-05
0.071	8.87784e-05
0.072	8.87784e-05
0.073	8.87784e-05
0.074	8.87784e-05
0.075	8.87784e-05
0.076	8.87784e-05
0.077	8.87784e-05
0.078	8.87784e-05
0.079	8.87784e-05
0.08	8.87784e-05
0.081	8.87784e-05
0.082	8.87784e-05
0.083	8.87784e-05
0.084	8.87784e-05
0.085	8.87784e-05
0.086	8.87784e-05
0.087	8.87784e-05
0.088	8.87784e-05
0.089	8.87784e-05
0.09	8.87784e-05
0.091	8.87784e-05
0.092	8.87784e-05
0.093	8.87784e-05
0.094	8.87784e-05
0.095	8.87784e-05
0.096	8.87784e-05
0.097	8.87784e-05
0.098	8.87784e-05
0.099	8.87784e-05
0.1	8.87784e-05
0.101	8.87784e-05
0.102	8.87784e-05
0.103	8.87784e-05
0.104	8.87784e-05
0.105	8.87784e-05
0.106	8.87784e-05
0.107	8.87784e-05
0.108	8.87784e-05
0.109	8.87784e-05
0.11	8.87784e-05
0.111	8.87784e-05
0.112	8.87784e-05
0.113	8.87784e-05
0.114	8.87784e-05
0.115	8.87784e-05
0.116	8.87784e-05
0.117	8.87784e-05
0.118	8.87784e-05
0.119	8.87784e-05
0.12	8.87784e-05
0.121	8.87784e-05
0.122	8.87784e-05
0.123	8.87784e-05
0.124	8.87784e-05
0.125	8.87784e-05
0.126	8.87784e-05
0.127	8.87784e-05
0.128	8.87784e-05
0.129	8.87784e-05
0.13	8.87784e-05
0.131	8.87784e-05
0.132	8.87784e-05
0.133	8.87784e-05
0.134	8.87784e-05
0.135	8.87784e-05
0.136	8.87784e-05
0.137	8.87784e-05
0.138	8.87784e-05
0.139	8.87784e-05
0.14	8.87784e-05
0.141	8.87784e-05
0.142	8.87784e-05
0.143	8.87784e-05
0.144	8.87784e-05
0.145	8.87784e-05
0.146	8.87784e-05
0.147	8.87784e-05
0.148	8.87784e-05
0.149	8.87784e-05
0.15	8.87784e-05
0.151	8.87784e-05
0.152	8.87784e-05
0.153	8.87784e-05
0.154	8.87784e-05
0.155	8.87784e-05
0.156	8.87784e-05
0.157	8.87784e-05
0.158	8.87784e-05
0.159	8.87784e-05
0.16	8.87784e-05
0.161	8.87784e-05
0.162	8.87784e-05
0.163	8.87784e-05
0.164	8.87784e-05
0.165	8.87784e-05
0.166	8.87784e-05
0.167	8.87784e-05
0.168	8.87784e-05
0.169	8.87784e-05
0.17	8.87784e-05
0.171	8.87784e-05
0.172	8.87784e-05
0.173	8.87784e-05
0.174	8.87784e-05
0.175	8.87784e-05
0.176	8.87784e-05
0.177	8.87784e-05
0.178	8.87784e-05
0.179	8.87784e-05
0.18	8.87784e-05
0.181	8.87784e-05
0.182	8.87784e-05
0.183	8.87784e-05
0.184	8.87784e-05
0.185	8.87784e-05
0.186	8.87784e-05
0.187	8.87784e-05
0.188	8.87784e-05
0.189	8.87784e-05
0.19	8.87784e-05
0.191	8.87784e-05
0.192	8.87784e-05
0.193	8.87784e-05
0.194	8.87784e-05
0.195	8.87784e-05
0.196	8.87784e-05
0.197	8.87784e-05
0.198	8.87784e-05
0.199	8.87784e-05
0.2	8.87784e-05
0.201	8.87784e-05
0.202	8.87784e-05
0.203	8.87784e-05
0.204	8.87784e-05
0.205	8.87784e-05
0.206	8.87784e-05
0.207	8.87784e-05
0.208	8.87784e-05
0.209	8.87784e-05
0.21	8.87784e-05
0.211	8.87784e-05
0.212	8.87784e-05
0.213	8.87784e-05
0.214	8.87784e-05
0.215	8.87784e-05
0.216	8.87784e-05
0.217	8.87784e-05
0.218	8.87784e-05
0.219	8.87784e-05
0.22	8.87784e-05
0.221	8.87784e-05
0.222	8.87784e-05
0.223	8.87784e-05
0.224	8.87784e-05
0.225	8.87784e-05
0.226	8.87784e-05
0.227	8.87784e-05
0.228	8.87784e-05
0.229	8.87784e-05
0.23	8.87784e-05
0.231	8.87784e-05
0.232	8.87784e-05
0.233	8.87784e-05
0.234	8.87784e-05
0.235	8.87784e-05
0.236	8.87784e-05
0.237	8.87784e-05
0.238	8.87784e-05
0.239	8.87784e-05
0.24	8.87784e-05
0.241	8.87784e-05
0.242	8.87784e-05
0.243	8.87784e-05
0.244	8.87784e-05
0.245	8.87784e-05
0.246	8.87784e-05
0.247	8.87784e-05
0.248	8.87784e-05
0.249	8.87784e-05
0.25	8.87784e-05
0.251	8.87784e-05
0.252	8.87784e-05
0.253	8.87784e-05
0.254	8.87784e-05
0.255	8.87784e-05
0.256	8.87784e-05
0.257	8.87784e-05
0.258	8.87784e-05
0.259	8.87784e-05
0.26	8.87784e-05
0.261	8.87784e-05
0.262	8.87784e-05
0.263	8.87784e-05
0.264	8.87784e-05
0.265	8.87784e-05
0.266	8.87784e-05
0.267	8.87784e-05
0.268	8.87784e-05
0.269	8.87784e-05
0.27	8.87784e-05
0.271	8.87784e-05
0.272	8.87784e-05
0.273	8.87784e-05
0.274	8.87784e-05
0.275	8.87784e-05
0.276	8.87784e-05
0.277	8.87784e-05
0.278	8.87784e-05
0.279	8.87784e-05
0.28	8.87784e-05
0.281	8.87784e-05
0.282	8.87784e-05
0.283	8.87784e-05
0.284	8.87784e-05
0.285	8.87784e-05
0.286	8.87784e-05
0.287	8.87784e-05
0.288	8.87784e-05
0.289	8.87784e-05
0.29	8.87784e-05
0.291	8.87784e-05
0.292	8.87784e-05
0.293	8.87784e-05
0.294	8.87784e-05
0.295	8.87784e-05
0.296	8.87784e-05
0.297	8.87784e-05
0.298	8.87784e-05
0.299	8.87784e-05
0.3	8.87784e-05
0.301	8.87784e-05
0.302	8.87784e-05
0.303	8.87784e-05
0.304	8.87784e-05
0.305	8.87784e-05
0.306	8.87784e-05
0.307	8.87784e-05
0.308	8.87784e-05
0.309	8.87784e-05
0.31	8.87784e-05
0.311	8.87784e-05
0.312	8.87784e-05
0.313	8.87784e-05
0.314	8.87784e-05
0.315	8.87784e-05
0.316	8.87784e-05
0.317	8.87784e-05
0.318	8.87784e-05
0.319	8.87784e-05
0.32	8.87784e-05
0.321	8.87784e-05
0.322	8.87784e-05
0.323	8.87784e-05
0.324	8.87784e-05
0.325	8.87784e-05
0.326	8.87784e-05
0.327	8.87784e-05
0.328	8.87784e-05
0.329	8.87784e-05
0.33	8.87784e-05
0.331	8.87784e-05
0.332	8.87784e-05
0.333	8.87784e-05
0.334	8.87784e-05
0.335	8.87784e-05
0.336	8.87784e-05
0.337	8.87784e-05
0.338	8.87784e-05
0.339	8.87784e-05
0.34	8.87784e-05
0.341	8.87784e-05
0.342	8.87784e-05
0.343	8.87784e-05
0.344	8.87784e-05
0.345	8.87784e-05
0.346	8.87784e-05
0.347	8.87784e-05
0.348	8.87784e-05
0.349	8.87784e-05
0.35	8.87784e-05
0.351	8.87784e-05
0.352	8.87784e-05
0.353	8.87784e-05
0.354	8.87784e-05
0.355	8.87784e-05
0.356	8.87784e-05
0.357	8.87784e-05
0.358	8.87784e-05
0.359	8.87784e-05
0.36	8.87784e-05
0.361	8.87784e-05
0.362	8.87784e-05
0.363	8.87784e-05
0.364	8.87784e-05
0.365	8.87784e-05
0.366	8.87784e-05
0.367	8.87784e-05
0.368	8.87784e-05
0.369	8.87784e-05
0.37	8.87784e-05
0.371	8.87784e-05
0.372	8.87784e-05
0.373	8.87784e-05
0.374	8.87784e-05
0.375	8.87784e-05
0.376	8.87784e-05
0.377	8.87784e-05
0.378	8.87784e-05
0.379	8.87784e-05
0.38	8.87784e-05
0.381	8.87784e-05
0.382	8.87784e-05
0.383	8.87784e-05
0.384	8.87784e-05
0.385	8.87784e-05
0.386	8.87784e-05
0.387	8.87784e-05
0.388	8.87784e-05
0.389	8.87784e-05
0.39	8.87784e-05
0.391	8.87784e-05
0.392	8.87784e-05
0.393	8.87784e-05
0.394	8.87784e-05
0.395	8.87784e-05
0.396	8.87784e-05
0.397	8.87784e-05
0.398	8.87784e-05
0.399	8.87784e-05
0.4	8.87784e-05
0.401	8.87784e-05
0.402	8.87784e-05
0.403	8.87784e-05
0.404	8.87784e-05
0.405	8.87784e-05
0.406	8.87784e-05
0.407	8.87784e-05
0.408	8.87784e-05
0.409	8.87784e-05
0.41	8.87784e-05
0.411	8.87784e-05
0.412	8.87784e-05
0.413	8.87784e-05
0.414	8.87784e-05
0.415	8.87784e-05
0.416	8.87784e-05
0.417	8.87784e-05
0.418	8.87784e-05
0.419	8.87784e-05
0.42	8.87784e-05
0.421	8.87784e-05
0.422	8.87784e-05
0.423	8.87784e-05
0.424	8.87784e-05
0.425	8.87784e-05
0.426	8.87784e-05
0.427	8.87784e-05
0.428	8.87784e-05
0.429	8.87784e-05
0.43	8.87784e-05
0.431	8.87784e-05
0.432	8.87784e-05
0.433	8.87784e-05
0.434	8.87784e-05
0.435	8.87784e-05
0.436	8.87784e-05
0.437	8.87784e-05
0.438	8.87784e-05
0.439	8.87784e-05
0.44	8.87784e-05
0.441	8.87784e-05
0.442	8.87784e-05
0.443	8.87784e-05
0.444	8.87784e-05
0.445	8.87784e-05
0.446	8.87784e-05
0.447	8.87784e-05
0.448	8.87784e-05
0.449	8.87784e-05
0.45	8.87784e-05
0.451	8.87784e-05
0.452	8.87784e-05
0.453	8.87784e-05
0.454	8.87784e-05
0.455	8.87784e-05
0.456	8.87784e-05
0.457	8.87784e-05
0.458	8.87784e-05
0.459	8.87784e-05
0.46	8.87784e-05
0.461	8.87784e-05
0.462	8.87784e-05
0.463	8.87784e-05
0.464	8.87784e-05
0.465	8.87784e-05
0.466	8.87784e-05
0.467	8.87784e-05
0.468	8.87784e-05
0.469	8.87784e-05
0.47	8.87784e-05
0.471	8.87784e-05
0.472	8.87784e-05
0.473	8.87784e-05
0.474	8.87784e-05
0.475	8.87784e-05
0.476	8.87784e-05
0.477	8.87784e-05
0.478	8.87784e-05
0.479	8.87784e-05
0.48	8.87784e-05
0.481	8.87784e-05
0.482	8.87784e-05
0.483	8.87784e-05
0.484	8.87784e-05
0.485	8.87784e-05
0.486	8.87784e-05
0.487	8.87784e-05
0.488	8.87784e-05
0.489	8.87784e-05
0.49	8.87784e-05
0.491	8.87784e-05
0.492	8.87784e-05
0.493	8.87784e-05
0.494	8.87784e-05
0.495	8.87784e-05
0.496	8.87784e-05
0.497	8.87784e-05
0.498	8.87784e-05
0.499	8.87784e-05
0.5	0.00108663
0.501	0.00109455
0.502	0.00110345
0.503	0.00111331
0.504	0.00112411
0.505	0.00113585
0.506	0.00114851
0.507	0.00116208
0.508	0.00117654
0.509	0.00119189
0.51	0.00120811
0.511	0.0012252
0.512	0.00124315
0.513	0.00126194
0.514	0.00128156
0.515	0.00130202
0.516	0.00132329
0.517	0.00134538
0.518	0.00136827
0.519	0.00139196
0.52	0.00141644
0.521	0.00144171
0.522	0.00146776
0.523	0.00149459
0.524	0.00152219
0.525	0.00155055
0.526	0.00157968
0.527	0.00160957
0.528	0.00164022
0.529	0.00167162
0.53	0.00170378
0.531	0.00173668
0.532	0.00177034
0.533	0.00180474
0.534	0.00183989
0.535	0.00187579
0.536	0.00191244
0.537	0.00194984
0.538	0.00198798
0.539	0.00202688
0.54	0.00206652
0.541	0.00210693
0.542	0.00214808
0.543	0.00219
0.544	0.00223268
0.545	0.00227612
0.546	0.00232034
0.547	0.00236533
0.548	0.00241109
0.549	0.00245764
0.55	0.00250498
0.551	0.00255311
0.552	0.00260203
0.553	0.00265177
0.554	0.00270231
0.555	0.00275368
0.556	0.00280586
0.557	0.00285889
0.558	0.00291275
0.559	0.00296746
0.56	0.00302303
0.561	0.00307946
0.562	0.00313677
0.563	0.00319497
0.564	0.00325406
0.565	0.00331405
0.566	0.00337495
0.567	0.00343679
0.568	0.00349955
0.569	0.00356327
0.57	0.00362794
0.571	0.00369358
0.572	0.0037602
0.573	0.00382782
0.574	0.00389645
0.575	0.00396609
0.576	0.00403677
0.577	0.0041085
0.578	0.00418129
0.579	0.00425515
0.58	0.00433011
0.581	0.00440617
0.582	0.00448334
0.583	0.00456166
0.584	0.00464112
0.585	0.00472175
0.586	0.00480356
0.587	0.00488657
0.588	0.0049708
0.589	0.00505626
0.59	0.00514297
0.591	0.00523095
0.592	0.00532021
0.593	0.00541078
0.594	0.00550267
0.595	0.00559591
0.596	0.0056905
0.597	0.00578647
0.598	0.00588385
0.599	0.00598264
0.6	0.00608287
0.601	0.00618456
0.602	0.00628774
0.603	0.00639241
0.604	0.00649861
0.605	0.00660635
0.606	0.00671566
0.607	0.00682657
0.608	0.00693908
0.609	0.00705322
0.61	0.00716903
0.611	0.00728652
0.612	0.00740571
0.613	0.00752663
0.614	0.0076493
0.615	0.00777375
0.616	0.0079
0.617	0.00802808
0.618	0.00815802
0.619	0.00828983
0.62	0.00842355
0.621	0.0085592
0.622	0.00869681
0.623	0.0088364
0.624	0.00897801
0.625	0.00912166
0.626	0.00926737
0.627	0.00941518
0.628	0.00956512
0.629	0.0097172
0.63	0.00987147
0.631	0.010028
0.632	0.0101867
0.633	0.0103477
0.634	0.010511
0.635	0.0106766
0.636	0.0108446
0.637	0.011015
0.638	0.0111878
0.639	0.0113631
0.64	0.0115409
0.641	0.0117212
0.642	0.011904
0.643	0.0120895
0.644	0.0122775
0.645	0.0124683
0.646	0.0126617
0.647	0.0128579
0.648	0.0130568
0.649	0.0132585
0.65	0.013463
0.651	0.0136705
0.652	0.0138808
0.653	0.0140941
0.654	0.0143103
0.655	0.0145296
0.656	0.0147519
0.657	0.0149774
0.658	0.0152059
0.659	0.0154377
0.66	0.0156726
0.661	0.0159108
0.662	0.0161523
0.663	0.0163972
0.664	0.0166454
0.665	0.016897
0.666	0.0171521
0.667	0.0174107
0.668	0.0176729
0.669	0.0179386
0.67	0.018208
0.671	0.018481
0.672	0.0187578
0.673	0.0190383
0.674	0.0193226
0.675	0.0196108
0.676	0.0199029
0.677	0.020199
0.678	0.0204991
0.679	0.0208032
0.68	0.0211114
0.681	0.0214237
0.682	0.0217402
0.683	0.022061
0.684	0.022386
0.685	0.0227155
0.686	0.0230492
0.687	0.0233875
0.688	0.0237302
0.689	0.0240775
0.69	0.0244294
0.691	0.0247859
0.692	0.0251472
0.693	0.0255132
0.694	0.025884
0.695	0.0262598
0.696	0.0266404
0.697	0.027026
0.698	0.0274167
0.699	0.0278125
0.7	0.0282134
0.701	0.0286196
0.702	0.029031
0.703	0.0294478
0.704	0.02987
0.705	0.0302976
0.706	0.0307308
0.707	0.0311695
0.708	0.0316139
0.709	0.032064
0.71	0.0325199
0.711	0.0329816
0.712	0.0334493
0.713	0.0339229
0.714	0.0344025
0.715	0.0348883
0.716	0.0353802
0.717	0.0358784
0.718	0.0363829
0.719	0.0368937
0.72	0.0374111
0.721	0.0379349
0.722	0.0384654
0.723	0.0390025
0.724	0.0395463
0.725	0.040097
0.726	0.0406546
0.727	0.0412191
0.728	0.0417907
0.729	0.0423694
0.73	0.0429553
0.731	0.0435484
0.732	0.044149
0.733	0.0447569
0.734	0.0453724
0.735	0.0459955
0.736	0.0466263
0.737	0.0472648
0.738	0.0479112
0.739	0.0485655
0.74	0.0492278
0.741	0.0498982
0.742	0.0505769
0.743	0.0512638
0.744	0.051959
0.745	0.0526627
0.746	0.053375
0.747	0.0540959
0.748	0.0548256
0.749	0.055564
0.75	0.0563114
0.751	0.0570678
0.752	0.0578333
0.753	0.058608
0.754	0.059392
0.755	0.0601854
0.756	0.0609883
0.757	0.0618008
0.758	0.0626231
0.759	0.0634551
0.76	0.064297
0.761	0.0651489
0.762	0.066011
0.763	0.0668833
0.764	0.0677659
0.765	0.0686589
0.766	0.0695625
0.767	0.0704767
0.768	0.0714017
0.769	0.0723376
0.77	0.0732845
0.771	0.0742425
0.772	0.0752117
0.773	0.0761922
0.774	0.0771843
0.775	0.0781878
0.776	0.0792031
0.777	0.0802302
0.778	0.0812692
0.779	0.0823203
0.78	0.0833836
0.781	0.0844591
0.782	0.0855471
0.783	0.0866477
0.784	0.087761
0.785	0.0888871
0.786	0.0900261
0.787	0.0911782
0.788	0.0923436
0.789	0.0935222
0.79	0.0947144
0.791	0.0959202
0.792	0.0971398
0.793	0.0983733
0.794	0.0996208
0.795	0.100883
0.796	0.102159
0.797	0.103449
0.798	0.104754
0.799	0.106074
0.8	0.107409
0.801	0.108759
0.802	0.110124
0.803	0.111504
0.804	0.1129
0.805	0.114312
0.806	0.11574
0.807	0.117183
0.808	0.118643
0.809	0.120119
0.81	0.121611
0.811	0.12312
0.812	0.124646
0.813	0.126189
0.814	0.127749
0.815	0.129327
0.816	0.130921
0.817	0.132534
0.818	0.134164
0.819	0.135813
0.82	0.137479
0.821	0.139164
0.822	0.140867
0.823	0.14259
0.824	0.144331
0.825	0.146091
0.826	0.14787
0.827	0.149669
0.828	0.151488
0.829	0.153326
0.83	0.155185
0.831	0.157064
0.832	0.158963
0.833	0.160883
0.834	0.162823
0.835	0.164785
0.836	0.166768
0.837	0.168772
0.838	0.170798
0.839	0.172846
0.84	0.174916
0.841	0.177009
0.842	0.179123
0.843	0.181261
0.844	0.183421
0.845	0.185605
0.846	0.187812
0.847	0.190043
0.848	0.192297
0.849	0.194575
0.85	0.196878
0.851	0.199206
0.852	0.201558
0.853	0.203935
0.854	0.206337
0.855	0.208764
0.856	0.211218
0.857	0.213697
0.858	0.216203
0.859	0.218735
0.86	0.221293
0.861	0.223879
0.862	0.226492
0.863	0.229132
0.864	0.2318
0.865	0.234495
0.866	0.237219
0.867	0.239972
0.868	0.242753
0.869	0.245564
0.87	0.248403
0.871	0.251272
0.872	0.254171
0.873	0.2571
0.874	0.26006
0.875	0.26305
0.876	0.266071
0.877	0.269123
0.878	0.272207
0.879	0.275323
0.88	0.278471
0.881	0.281651
0.882	0.284864
0.883	0.28811
0.884	0.291389
0.885	0.294701
0.886	0.298048
0.887	0.301429
0.888	0.304844
0.889	0.308295
0.89	0.31178
0.891	0.315301
0.892	0.318858
0.893	0.32245
0.894	0.32608
0.895	0.329746
0.896	0.333449
0.897	0.337189
0.898	0.340968
0.899	0.344784
0.9	0.348639
0.901	0.352533
0.902	0.356465
0.903	0.360438
0.904	0.36445
0.905	0.368502
0.906	0.372595
0.907	0.376729
0.908	0.380904
0.909	0.385121
0.91	0.38938
0.911	0.393681
0.912	0.398025
0.913	0.402412
0.914	0.406843
0.915	0.411317
0.916	0.415836
0.917	0.420399
0.918	0.425008
0.919	0.429662
0.92	0.434361
0.921	0.439108
0.922	0.4439
0.923	0.44874
0.924	0.453627
0.925	0.458562
0.926	0.463546
0.927	0.468578
0.928	0.473659
0.929	0.47879
0.93	0.48397
0.931	0.489202
0.932	0.494484
0.933	0.499817
0.934	0.505202
0.935	0.510639
0.936	0.516129
0.937	0.521671
0.938	0.527268
0.939	0.532918
0.94	0.538623
0.941	0.544382
0.942	0.550197
0.943	0.556068
0.944	0.561995
0.945	0.567978
0.946	0.574019
0.947	0.580118
0.948	0.586275
0.949	0.59249
0.95	0.598765
0.951	0.6051
0.952	0.611494
0.953	0.617949
0.954	0.624466
0.955	0.631044
0.956	0.637684
0.957	0.644387
0.958	0.651154
0.959	0.657984
0.96	0.664878
0.961	0.671837
0.962	0.678861
0.963	0.685952
0.964	0.693109
0.965	0.700332
0.966	0.707624
0.967	0.714983
0.968	0.722411
0.969	0.729908
0.97	0.737475
0.971	0.745112
0.972	0.752821
0.973	0.7606
0.974	0.768452
0.975	0.776376
0.976	0.784374
0.977	0.792445
0.978	0.800591
0.979	0.808811
0.98	0.817108
0.981	0.82548
0.982	0.83393
0.983	0.842456
0.984	0.851061
0.985	0.859745
0.986	0.868508
0.987	0.87735
0.988	0.886274
0.989	0.895278
0.99	0.904364
0.991	0.913533
0.992	0.922785
0.993	0.932121
0.994	0.941541
0.995	0.951047
0.996	0.960638
0.997	0.970316
0.998	0.980081
0.999	0.989933
