# Interpolation data for function: x^10
0	-1.98423e-18
0.001	-1.58576e-18
0.002	-1.11967e-18
0.003	-6.39348e-19
0.004	-4.82068e-19
0.005	-2.43943e-19
0.006	-4.95106e-20
0.007	1.68645e-19
0.008	3.415e-19
0.009	5.04506e-19
0.01	6.17199e-19
0.011	6.9863e-19
0.012	7.60601e-19
0.013	9.33313e-19
0.014	1.08398e-18
0.015	1.38652e-18
0.016	1.92804e-18
0.017	2.84013e-18
0.018	4.42452e-18
0.019	6.89041e-18
0.02	1.09326e-17
0.021	1.73278e-17
0.022	2.71783e-17
0.023	4.19233e-17
0.024	6.38968e-17
0.025	9.57558e-17
0.026	1.4158e-16
0.027	2.06188e-16
0.028	2.96407e-16
0.029	4.20798e-16
0.03	5.90545e-16
0.031	8.19599e-16
0.032	1.1258e-15
0.033	1.53155e-15
0.034	2.06422e-15
0.035	2.75831e-15
0.036	3.65585e-15
0.037	4.8082e-15
0.038	6.27784e-15
0.039	8.14e-15
0.04	1.04853e-14
0.041	1.34222e-14
0.042	1.70797e-14
0.043	2.16109e-14
0.044	2.71968e-14
0.045	3.405e-14
0.046	4.24201e-14
0.047	5.25985e-14
0.048	6.49244e-14
0.049	7.97916e-14
0.05	9.76556e-14
0.051	1.19042e-13
0.052	1.44554e-13
0.053	1.74887e-13
0.054	2.10832e-13
0.055	2.53295e-13
0.056	3.03305e-13
0.057	3.62033e-13
0.058	4.30804e-13
0.059	5.11116e-13
0.06	6.04661e-13
0.061	7.13342e-13
0.062	8.39299e-13
0.063	9.8493e-13
0.064	1.15292e-12
0.065	1.34627e-12
0.066	1.56834e-12
0.067	1.82284e-12
0.068	2.11392e-12
0.069	2.44619e-12
0.07	2.82475e-12
0.071	3.25524e-12
0.072	3.74391e-12
0.073	4.29763e-12
0.074	4.92399e-12
0.075	5.63135e-12
0.076	6.42889e-12
0.077	7.32668e-12
0.078	8.33578e-12
0.079	9.46828e-12
0.08	1.07374e-11
0.081	1.21577e-11
0.082	1.37448e-11
0.083	1.5516e-11
0.084	1.74901e-11
0.085	1.96874e-11
0.086	2.21302e-11
0.087	2.48423e-11
0.088	2.78501e-11
0.089	3.11817e-11
0.09	3.48678e-11
0.091	3.89416e-11
0.092	4.34388e-11
0.093	4.83982e-11
0.094	5.38615e-11
0.095	5.98737e-11
0.096	6.64833e-11
0.097	7.37424e-11
0.098	8.17073e-11
0.099	9.04382e-11
0.1	1e-10
0.101	1.10462e-10
0.102	1.21899e-10
0.103	1.34392e-10
0.104	1.48024e-10
0.105	1.62889e-10
0.106	1.79085e-10
0.107	1.96715e-10
0.108	2.15893e-10
0.109	2.36736e-10
0.11	2.59374e-10
0.111	2.83942e-10
0.112	3.10585e-10
0.113	3.39457e-10
0.114	3.70722e-10
0.115	4.04556e-10
0.116	4.41144e-10
0.117	4.80683e-10
0.118	5.23384e-10
0.119	5.69468e-10
0.12	6.19174e-10
0.121	6.7275e-10
0.122	7.30463e-10
0.123	7.92595e-10
0.124	8.59443e-10
0.125	9.31323e-10
0.126	1.00857e-09
0.127	1.09153e-09
0.128	1.18059e-09
0.129	1.27614e-09
0.13	1.37858e-09
0.131	1.48838e-09
0.132	1.60598e-09
0.133	1.73187e-09
0.134	1.86659e-09
0.135	2.01066e-09
0.136	2.16466e-09
0.137	2.32919e-09
0.138	2.5049e-09
0.139	2.69245e-09
0.14	2.89255e-09
0.141	3.10593e-09
0.142	3.33337e-09
0.143	3.57569e-09
0.144	3.83376e-09
0.145	4.10847e-09
0.146	4.40077e-09
0.147	4.71165e-09
0.148	5.04217e-09
0.149	5.3934e-09
0.15	5.7665e-09
0.151	6.16268e-09
0.152	6.58318e-09
0.153	7.02934e-09
0.154	7.50252e-09
0.155	8.00418e-09
0.156	8.53583e-09
0.157	9.09906e-09
0.158	9.69551e-09
0.159	1.03269e-08
0.16	1.09951e-08
0.161	1.1702e-08
0.162	1.24494e-08
0.163	1.32396e-08
0.164	1.40747e-08
0.165	1.49568e-08
0.166	1.58884e-08
0.167	1.68719e-08
0.168	1.79099e-08
0.169	1.9005e-08
0.17	2.01599e-08
0.171	2.13777e-08
0.172	2.26613e-08
0.173	2.40138e-08
0.174	2.54386e-08
0.175	2.69389e-08
0.176	2.85185e-08
0.177	3.01809e-08
0.178	3.19301e-08
0.179	3.37699e-08
0.18	3.57047e-08
0.181	3.77386e-08
0.182	3.98762e-08
0.183	4.21222e-08
0.184	4.44814e-08
0.185	4.69588e-08
0.186	4.95598e-08
0.187	5.22897e-08
0.188	5.51542e-08
0.189	5.81591e-08
0.19	6.13107e-08
0.191	6.4615e-08
0.192	6.80789e-08
0.193	7.17089e-08
0.194	7.55122e-08
0.195	7.94962e-08
0.196	8.36683e-08
0.197	8.80364e-08
0.198	9.26087e-08
0.199	9.73937e-08
0.2	1.024e-07
0.201	1.07637e-07
0.202	1.13113e-07
0.203	1.18839e-07
0.204	1.24825e-07
0.205	1.31081e-07
0.206	1.37617e-07
0.207	1.44445e-07
0.208	1.51577e-07
0.209	1.59024e-07
0.21	1.66799e-07
0.211	1.74914e-07
0.212	1.83383e-07
0.213	1.92219e-07
0.214	2.01436e-07
0.215	2.1105e-07
0.216	2.21074e-07
0.217	2.31525e-07
0.218	2.42418e-07
0.219	2.53771e-07
0.22	2.65599e-07
0.221	2.77922e-07
0.222	2.90757e-07
0.223	3.04123e-07
0.224	3.18039e-07
0.225	3.32526e-07
0.226	3.47604e-07
0.227	3.63294e-07
0.228	3.79619e-07
0.229	3.96602e-07
0.23	4.14265e-07
0.231	4.32633e-07
0.232	4.51731e-07
0.233	4.71584e-07
0.234	4.92219e-07
0.235	5.13663e-07
0.236	5.35945e-07
0.237	5.59092e-07
0.238	5.83136e-07
0.239	6.08106e-07
0.24	6.34034e-07
0.241	6.60953e-07
0.242	6.88896e-07
0.243	7.17898e-07
0.244	7.47994e-07
0.245	7.79221e-07
0.246	8.11617e-07
0.247	8.4522e-07
0.248	8.80069e-07
0.249	9.16207e-07
0.25	9.53674e-07
0.251	9.92515e-07
0.252	1.03277e-06
0.253	1.0745e-06
0.254	1.11773e-06
0.255	1.16252e-06
0.256	1.20893e-06
0.257	1.25699e-06
0.258	1.30676e-06
0.259	1.35831e-06
0.26	1.41167e-06
0.261	1.46692e-06
0.262	1.5241e-06
0.263	1.58328e-06
0.264	1.64452e-06
0.265	1.70789e-06
0.266	1.77344e-06
0.267	1.84125e-06
0.268	1.91138e-06
0.269	1.98391e-06
0.27	2.05891e-06
0.271	2.13645e-06
0.272	2.21661e-06
0.273	2.29946e-06
0.274	2.38509e-06
0.275	2.47359e-06
0.276	2.56502e-06
0.277	2.65949e-06
0.278	2.75707e-06
0.279	2.85787e-06
0.28	2.96197e-06
0.281	3.06947e-06
0.282	3.18047e-06
0.283	3.29507e-06
0.284	3.41337e-06
0.285	3.53548e-06
0.286	3.66151e-06
0.287	3.79157e-06
0.288	3.92577e-06
0.289	4.06423e-06
0.29	4.20707e-06
0.291	4.35442e-06
0.292	4.50639e-06
0.293	4.66312e-06
0.294	4.82473e-06
0.295	4.99137e-06
0.296	5.16318e-06
0.297	5.34029e-06
0.298	5.52284e-06
0.299	5.711e-06
0.3	5.9049e-06
0.301	6.10471e-06
0.302	6.31058e-06
0.303	6.52268e-06
0.304	6.74118e-06
0.305	6.96624e-06
0.306	7.19804e-06
0.307	7.43676e-06
0.308	7.68258e-06
0.309	7.93569e-06
0.31	8.19628e-06
0.311	8.46455e-06
0.312	8.74069e-06
0.313	9.02492e-06
0.314	9.31744e-06
0.315	9.61846e-06
0.316	9.92821e-06
0.317	1.02469e-05
0.318	1.05748e-05
0.319	1.09121e-05
0.32	1.1259e-05
0.321	1.16158e-05
0.322	1.19828e-05
0.323	1.23602e-05
0.324	1.27482e-05
0.325	1.31472e-05
0.326	1.35574e-05
0.327	1.3979e-05
0.328	1.44125e-05
0.329	1.4858e-05
0.33	1.53158e-05
0.331	1.57863e-05
0.332	1.62697e-05
0.333	1.67665e-05
0.334	1.72769e-05
0.335	1.78012e-05
0.336	1.83397e-05
0.337	1.88929e-05
0.338	1.94611e-05
0.339	2.00446e-05
0.34	2.06438e-05
0.341	2.1259e-05
0.342	2.18908e-05
0.343	2.25393e-05
0.344	2.32052e-05
0.345	2.38886e-05
0.346	2.45901e-05
0.347	2.53102e-05
0.348	2.60491e-05
0.349	2.68074e-05
0.35	2.75855e-05
0.351	2.83838e-05
0.352	2.92029e-05
0.353	3.00433e-05
0.354	3.09053e-05
0.355	3.17895e-05
0.356	3.26964e-05
0.357	3.36265e-05
0.358	3.45804e-05
0.359	3.55586e-05
0.36	3.65616e-05
0.361	3.759e-05
0.362	3.86443e-05
0.363	3.97252e-05
0.364	4.08332e-05
0.365	4.1969e-05
0.366	4.31331e-05
0.367	4.43262e-05
0.368	4.55489e-05
0.369	4.68019e-05
0.37	4.80858e-05
0.371	4.94014e-05
0.372	5.07492e-05
0.373	5.21301e-05
0.374	5.35446e-05
0.375	5.49937e-05
0.376	5.64779e-05
0.377	5.79981e-05
0.378	5.9555e-05
0.379	6.11494e-05
0.38	6.27821e-05
0.381	6.4454e-05
0.382	6.61658e-05
0.383	6.79184e-05
0.384	6.97128e-05
0.385	7.15496e-05
0.386	7.34299e-05
0.387	7.53546e-05
0.388	7.73245e-05
0.389	7.93407e-05
0.39	8.14041e-05
0.391	8.35156e-05
0.392	8.56763e-05
0.393	8.78872e-05
0.394	9.01493e-05
0.395	9.24636e-05
0.396	9.48313e-05
0.397	9.72535e-05
0.398	9.97311e-05
0.399	0.000102265
0.4	0.000104858
0.401	0.000107509
0.402	0.00011022
0.403	0.000112993
0.404	0.000115828
0.405	0.000118727
0.406	0.000121692
0.407	0.000124722
0.408	0.000127821
0.409	0.000130988
0.41	0.000134227
0.411	0.000137537
0.412	0.00014092
0.413	0.000144378
0.414	0.000147912
0.415	0.000151524
0.416	0.000155215
0.417	0.000158987
0.418	0.000162841
0.419	0.000166779
0.42	0.000170802
0.421	0.000174913
0.422	0.000179112
0.423	0.000183402
0.424	0.000187784
0.425	0.00019226
0.426	0.000196832
0.427	0.000201502
0.428	0.000206271
0.429	0.000211141
0.43	0.000216115
0.431	0.000221194
0.432	0.00022638
0.433	0.000231675
0.434	0.000237081
0.435	0.000242601
0.436	0.000248236
0.437	0.000253989
0.438	0.000259861
0.439	0.000265855
0.44	0.000271974
0.441	0.000278218
0.442	0.000284592
0.443	0.000291097
0.444	0.000297735
0.445	0.000304509
0.446	0.000311421
0.447	0.000318475
0.448	0.000325672
0.449	0.000333015
0.45	0.000340506
0.451	0.000348149
0.452	0.000355946
0.453	0.0003639
0.454	0.000372013
0.455	0.000380289
0.456	0.00038873
0.457	0.00039734
0.458	0.00040612
0.459	0.000415075
0.46	0.000424207
0.461	0.00043352
0.462	0.000443016
0.463	0.000452699
0.464	0.000462572
0.465	0.000472639
0.466	0.000482902
0.467	0.000493366
0.468	0.000504032
0.469	0.000514907
0.47	0.000525991
0.471	0.00053729
0.472	0.000548807
0.473	0.000560546
0.474	0.00057251
0.475	0.000584704
0.476	0.000597131
0.477	0.000609795
0.478	0.0006227
0.479	0.000635851
0.48	0.000649251
0.481	0.000662904
0.482	0.000676816
0.483	0.000690989
0.484	0.000705429
0.485	0.000720141
0.486	0.000735128
0.487	0.000750394
0.488	0.000765946
0.489	0.000781787
0.49	0.000797923
0.491	0.000814357
0.492	0.000831096
0.493	0.000848143
0.494	0.000865505
0.495	0.000883186
0.496	0.000901191
0.497	0.000919526
0.498	0.000938196
0.499	0.000957206
0.5	0.000976562
0.501	0.00099627
0.502	0.00101634
0.503	0.00103676
0.504	0.00105756
0.505	0.00107873
0.506	0.00110028
0.507	0.00112222
0.508	0.00114456
0.509	0.00116729
0.51	0.00119042
0.511	0.00121397
0.512	0.00123794
0.513	0.00126233
0.514	0.00128716
0.515	0.00131242
0.516	0.00133813
0.517	0.00136429
0.518	0.00139091
0.519	0.00141799
0.52	0.00144555
0.521	0.00147359
0.522	0.00150212
0.523	0.00153115
0.524	0.00156068
0.525	0.00159072
0.526	0.00162128
0.527	0.00165237
0.528	0.00168399
0.529	0.00171616
0.53	0.00174887
0.531	0.00178215
0.532	0.001816
0.533	0.00185043
0.534	0.00188544
0.535	0.00192105
0.536	0.00195726
0.537	0.00199408
0.538	0.00203153
0.539	0.00206961
0.54	0.00210833
0.541	0.0021477
0.542	0.00218773
0.543	0.00222843
0.544	0.00226981
0.545	0.00231188
0.546	0.00235465
0.547	0.00239813
0.548	0.00244234
0.549	0.00248727
0.55	0.00253295
0.551	0.00257938
0.552	0.00262658
0.553	0.00267455
0.554	0.00272331
0.555	0.00277287
0.556	0.00282324
0.557	0.00287443
0.558	0.00292646
0.559	0.00297933
0.56	0.00303305
0.561	0.00308765
0.562	0.00314314
0.563	0.00319951
0.564	0.0032568
0.565	0.00331501
0.566	0.00337415
0.567	0.00343424
0.568	0.00349529
0.569	0.00355732
0.57	0.00362033
0.571	0.00368435
0.572	0.00374939
0.573	0.00381545
0.574	0.00388257
0.575	0.00395074
0.576	0.00401999
0.577	0.00409033
0.578	0.00416177
0.579	0.00423434
0.58	0.00430804
0.581	0.0043829
0.582	0.00445892
0.583	0.00453613
0.584	0.00461454
0.585	0.00469417
0.586	0.00477503
0.587	0.00485714
0.588	0.00494053
0.589	0.0050252
0.59	0.00511117
0.591	0.00519846
0.592	0.00528709
0.593	0.00537709
0.594	0.00546845
0.595	0.00556121
0.596	0.00565539
0.597	0.005751
0.598	0.00584806
0.599	0.00594659
0.6	0.00604662
0.601	0.00614815
0.602	0.00625122
0.603	0.00635584
0.604	0.00646204
0.605	0.00656982
0.606	0.00667923
0.607	0.00679027
0.608	0.00690297
0.609	0.00701735
0.61	0.00713343
0.611	0.00725124
0.612	0.00737079
0.613	0.00749212
0.614	0.00761524
0.615	0.00774018
0.616	0.00786696
0.617	0.00799561
0.618	0.00812615
0.619	0.0082586
0.62	0.00839299
0.621	0.00852935
0.622	0.0086677
0.623	0.00880806
0.624	0.00895047
0.625	0.00909495
0.626	0.00924152
0.627	0.00939021
0.628	0.00954106
0.629	0.00969408
0.63	0.0098493
0.631	0.0100068
0.632	0.0101665
0.633	0.0103285
0.634	0.0104928
0.635	0.0106595
0.636	0.0108286
0.637	0.011
0.638	0.011174
0.639	0.0113503
0.64	0.0115292
0.641	0.0117106
0.642	0.0118946
0.643	0.0120812
0.644	0.0122704
0.645	0.0124623
0.646	0.0126568
0.647	0.0128541
0.648	0.0130542
0.649	0.0132571
0.65	0.0134627
0.651	0.0136713
0.652	0.0138828
0.653	0.0140972
0.654	0.0143145
0.655	0.0145349
0.656	0.0147584
0.657	0.0149849
0.658	0.0152145
0.659	0.0154474
0.66	0.0156834
0.661	0.0159226
0.662	0.0161652
0.663	0.016411
0.664	0.0166602
0.665	0.0169128
0.666	0.0171689
0.667	0.0174284
0.668	0.0176915
0.669	0.0179581
0.67	0.0182284
0.671	0.0185023
0.672	0.0187799
0.673	0.0190612
0.674	0.0193463
0.675	0.0196353
0.676	0.0199281
0.677	0.0202249
0.678	0.0205257
0.679	0.0208304
0.68	0.0211392
0.681	0.0214522
0.682	0.0217693
0.683	0.0220906
0.684	0.0224161
0.685	0.022746
0.686	0.0230803
0.687	0.0234189
0.688	0.0237621
0.689	0.0241097
0.69	0.0244619
0.691	0.0248188
0.692	0.0251803
0.693	0.0255466
0.694	0.0259176
0.695	0.0262935
0.696	0.0266743
0.697	0.02706
0.698	0.0274508
0.699	0.0278466
0.7	0.0282475
0.701	0.0286537
0.702	0.0290651
0.703	0.0294817
0.704	0.0299038
0.705	0.0303313
0.706	0.0307643
0.707	0.0312028
0.708	0.031647
0.709	0.0320968
0.71	0.0325524
0.711	0.0330138
0.712	0.0334811
0.713	0.0339543
0.714	0.0344336
0.715	0.0349189
0.716	0.0354104
0.717	0.035908
0.718	0.036412
0.719	0.0369223
0.72	0.0374391
0.721	0.0379623
0.722	0.0384921
0.723	0.0390286
0.724	0.0395718
0.725	0.0401218
0.726	0.0406786
0.727	0.0412424
0.728	0.0418132
0.729	0.0423912
0.73	0.0429763
0.731	0.0435686
0.732	0.0441683
0.733	0.0447754
0.734	0.04539
0.735	0.0460122
0.736	0.0466421
0.737	0.0472797
0.738	0.0479252
0.739	0.0485785
0.74	0.0492399
0.741	0.0499094
0.742	0.050587
0.743	0.0512729
0.744	0.0519672
0.745	0.0526699
0.746	0.0533812
0.747	0.0541011
0.748	0.0548297
0.749	0.0555672
0.75	0.0563135
0.751	0.0570689
0.752	0.0578334
0.753	0.058607
0.754	0.05939
0.755	0.0601824
0.756	0.0609843
0.757	0.0617958
0.758	0.062617
0.759	0.063448
0.76	0.0642889
0.761	0.0651398
0.762	0.0660009
0.763	0.0668722
0.764	0.0677538
0.765	0.0686459
0.766	0.0695485
0.767	0.0704618
0.768	0.0713859
0.769	0.0723208
0.77	0.0732668
0.771	0.0742239
0.772	0.0751922
0.773	0.0761719
0.774	0.0771631
0.775	0.0781658
0.776	0.0791803
0.777	0.0802066
0.778	0.0812449
0.779	0.0822952
0.78	0.0833578
0.781	0.0844326
0.782	0.08552
0.783	0.0866199
0.784	0.0877325
0.785	0.088858
0.786	0.0899965
0.787	0.091148
0.788	0.0923129
0.789	0.093491
0.79	0.0946828
0.791	0.0958881
0.792	0.0971073
0.793	0.0983404
0.794	0.0995875
0.795	0.100849
0.796	0.102125
0.797	0.103415
0.798	0.10472
0.799	0.10604
0.8	0.107374
0.801	0.108724
0.802	0.110089
0.803	0.111469
0.804	0.112865
0.805	0.114277
0.806	0.115705
0.807	0.117148
0.808	0.118608
0.809	0.120084
0.81	0.121577
0.811	0.123086
0.812	0.124612
0.813	0.126155
0.814	0.127716
0.815	0.129293
0.816	0.130889
0.817	0.132501
0.818	0.134132
0.819	0.135781
0.82	0.137448
0.821	0.139133
0.822	0.140837
0.823	0.14256
0.824	0.144302
0.825	0.146063
0.826	0.147843
0.827	0.149643
0.828	0.151462
0.829	0.153301
0.83	0.15516
0.831	0.15704
0.832	0.15894
0.833	0.160861
0.834	0.162802
0.835	0.164765
0.836	0.166749
0.837	0.168754
0.838	0.170781
0.839	0.17283
0.84	0.174901
0.841	0.176995
0.842	0.17911
0.843	0.181249
0.844	0.183411
0.845	0.185595
0.846	0.187803
0.847	0.190035
0.848	0.192291
0.849	0.19457
0.85	0.196874
0.851	0.199203
0.852	0.201556
0.853	0.203934
0.854	0.206338
0.855	0.208767
0.856	0.211221
0.857	0.213702
0.858	0.216209
0.859	0.218742
0.86	0.221302
0.861	0.223888
0.862	0.226502
0.863	0.229144
0.864	0.231813
0.865	0.23451
0.866	0.237235
0.867	0.239989
0.868	0.242771
0.869	0.245583
0.87	0.248423
0.871	0.251294
0.872	0.254194
0.873	0.257124
0.874	0.260084
0.875	0.263076
0.876	0.266098
0.877	0.269151
0.878	0.272236
0.879	0.275352
0.88	0.278501
0.881	0.281682
0.882	0.284896
0.883	0.288142
0.884	0.291422
0.885	0.294736
0.886	0.298083
0.887	0.301465
0.888	0.304881
0.889	0.308331
0.89	0.311817
0.891	0.315339
0.892	0.318896
0.893	0.322489
0.894	0.326118
0.895	0.329785
0.896	0.333488
0.897	0.337229
0.898	0.341007
0.899	0.344824
0.9	0.348678
0.901	0.352572
0.902	0.356505
0.903	0.360477
0.904	0.364489
0.905	0.368541
0.906	0.372634
0.907	0.376767
0.908	0.380942
0.909	0.385158
0.91	0.389416
0.911	0.393717
0.912	0.39806
0.913	0.402446
0.914	0.406876
0.915	0.411349
0.916	0.415867
0.917	0.42043
0.918	0.425037
0.919	0.42969
0.92	0.434388
0.921	0.439133
0.922	0.443925
0.923	0.448763
0.924	0.453649
0.925	0.458582
0.926	0.463564
0.927	0.468595
0.928	0.473674
0.929	0.478803
0.93	0.483982
0.931	0.489212
0.932	0.494492
0.933	0.499823
0.934	0.505206
0.935	0.510642
0.936	0.516129
0.937	0.52167
0.938	0.527264
0.939	0.532913
0.94	0.538615
0.941	0.544373
0.942	0.550185
0.943	0.556054
0.944	0.561979
0.945	0.56796
0.946	0.573999
0.947	0.580096
0.948	0.586251
0.949	0.592464
0.95	0.598737
0.951	0.605069
0.952	0.611462
0.953	0.617915
0.954	0.62443
0.955	0.631006
0.956	0.637645
0.957	0.644346
0.958	0.651111
0.959	0.65794
0.96	0.664833
0.961	0.671791
0.962	0.678814
0.963	0.685903
0.964	0.693059
0.965	0.700282
0.966	0.707573
0.967	0.714932
0.968	0.72236
0.969	0.729857
0.97	0.737424
0.971	0.745062
0.972	0.752771
0.973	0.760551
0.974	0.768404
0.975	0.77633
0.976	0.784329
0.977	0.792402
0.978	0.80055
0.979	0.808774
0.98	0.817073
0.981	0.825449
0.982	0.833902
0.983	0.842433
0.984	0.851042
0.985	0.85973
0.986	0.868499
0.987	0.877347
0.988	0.886277
0.989	0.895288
0.99	0.904382
0.991	0.913559
0.992	0.922819
0.993	0.932164
0.994	0.941594
0.995	0.95111
0.996	0.960712
0.997	0.970402
0.998	0.980179
0.999	0.990045
