# Interpolation data for function: x^10
0	8.87784e-05
0.001	8.87784e-05
0.002	8.87784e-05
0.003	8.87784e-05
0.004	8.87784e-05
0.005	8.87784e-05
0.006	8.87784e-05
0.007	8.87784e-05
0.008	8.87784e-05
0.009	8.87784e-05
0.01	8.87784e-05
0.011	8.87784e-05
0.012	8.87784e-05
0.013	8.87784e-05
0.014	8.87784e-05
0.015	8.87784e-05
0.016	8.87784e-05
0.017	8.87784e-05
0.018	8.87784e-05
0.019	8.87784e-05
0.02	8.87784e-05
0.021	8.87784e-05
0.022	8.87784e-05
0.023	8.87784e-05
0.024	8.87784e-05
0.025	8.87784e-05
0.026	8.87784e-05
0.027	8.87784e-05
0.028	8.87784e-05
0.029	8.87784e-05
0.03	8.87784e-05
0.031	8.87784e-05
0.032	8.87784e-05
0.033	8.87784e-05
0.034	8.87784e-05
0.035	8.87784e-05
0.036	8.87784e-05
0.037	8.87784e-05
0.038	8.87784e-05
0.039	8.87784e-05
0.04	8.87784e-05
0.041	8.87784e-05
0.042	8.87784e-05
0.043	8.87784e-05
0.044	8.87784e-05
0.045	8.87784e-05
0.046	8.87784e-05
0.047	8.87784e-05
0.048	8.87784e-05
0.049	8.87784e-05
0.05	8.87784e-05
0.051	8.87784e-05
0.052	8.87784e-05
0.053	8.87784e-05
0.054	8.87784e-05
0.055	8.87784e-05
0.056	8.87784e-05
0.057	8.87784e-05
0.058	8.87784e-05
0.059	8.87784e-05
0.06	8.87784e-05
0.061	8.87784e-05
0.062	8.87784e-05
0.063	8.87784e-05
0.064	8.87784e-05
0.065	8.87784e-05
0.066	8.87784e-05
0.067	8.87784e-05
0.068	8.87784e-05
0.069	8.87784e-05
0.07	8.87784e-05
0.071	8.87784e-05
0.072	8.87784e-05
0.073	8.87784e-05
0.074	8.87784e-05
0.075	8.87784e-05
0.076	8.87784e-05
0.077	8.87784e-05
0.078	8.87784e-05
0.079	8.87784e-05
0.08	8.87784e-05
0.081	8.87784e-05
0.082	8.87784e-05
0.083	8.87784e-05
0.084	8.87784e-05
0.085	8.87784e-05
0.086	8.87784e-05
0.087	8.87784e-05
0.088	8.87784e-05
0.089	8.87784e-05
0.09	8.87784e-05
0.091	8.87784e-05
0.092	8.87784e-05
0.093	8.87784e-05
0.094	8.87784e-05
0.095	8.87784e-05
0.096	8.87784e-05
0.097	8.87784e-05
0.098	8.87784e-05
0.099	8.87784e-05
0.1	8.87784e-05
0.101	8.87784e-05
0.102	8.87784e-05
0.103	8.87784e-05
0.104	8.87784e-05
0.105	8.87784e-05
0.106	8.87784e-05
0.107	8.87784e-05
0.108	8.87784e-05
0.109	8.87784e-05
0.11	8.87784e-05
0.111	8.87784e-05
0.112	8.87784e-05
0.113	8.87784e-05
0.114	8.87784e-05
0.115	8.87784e-05
0.116	8.87784e-05
0.117	8.87784e-05
0.118	8.87784e-05
0.119	8.87784e-05
0.12	8.87784e-05
0.121	8.87784e-05
0.122	8.87784e-05
0.123	8.87784e-05
0.124	8.87784e-05
0.125	8.87784e-05
0.126	8.87784e-05
0.127	8.87784e-05
0.128	8.87784e-05
0.129	8.87784e-05
0.13	8.87784e-05
0.131	8.87784e-05
0.132	8.87784e-05
0.133	8.87784e-05
0.134	8.87784e-05
0.135	8.87784e-05
0.136	8.87784e-05
0.137	8.87784e-05
0.138	8.87784e-05
0.139	8.87784e-05
0.14	8.87784e-05
0.141	8.87784e-05
0.142	8.87784e-05
0.143	8.87784e-05
0.144	8.87784e-05
0.145	8.87784e-05
0.146	8.87784e-05
0.147	8.87784e-05
0.148	8.87784e-05
0.149	8.87784e-05
0.15	8.87784e-05
0.151	8.87784e-05
0.152	8.87784e-05
0.153	8.87784e-05
0.154	8.87784e-05
0.155	8.87784e-05
0.156	8.87784e-05
0.157	8.87784e-05
0.158	8.87784e-05
0.159	8.87784e-05
0.16	8.87784e-05
0.161	8.87784e-05
0.162	8.87784e-05
0.163	8.87784e-05
0.164	8.87784e-05
0.165	8.87784e-05
0.166	8.87784e-05
0.167	8.87784e-05
0.168	8.87784e-05
0.169	8.87784e-05
0.17	8.87784e-05
0.171	8.87784e-05
0.172	8.87784e-05
0.173	8.87784e-05
0.174	8.87784e-05
0.175	8.87784e-05
0.176	8.87784e-05
0.177	8.87784e-05
0.178	8.87784e-05
0.179	8.87784e-05
0.18	8.87784e-05
0.181	8.87784e-05
0.182	8.87784e-05
0.183	8.87784e-05
0.184	8.87784e-05
0.185	8.87784e-05
0.186	8.87784e-05
0.187	8.87784e-05
0.188	8.87784e-05
0.189	8.87784e-05
0.19	8.87784e-05
0.191	8.87784e-05
0.192	8.87784e-05
0.193	8.87784e-05
0.194	8.87784e-05
0.195	8.87784e-05
0.196	8.87784e-05
0.197	8.87784e-05
0.198	8.87784e-05
0.199	8.87784e-05
0.2	8.87784e-05
0.201	8.87784e-05
0.202	8.87784e-05
0.203	8.87784e-05
0.204	8.87784e-05
0.205	8.87784e-05
0.206	8.87784e-05
0.207	8.87784e-05
0.208	8.87784e-05
0.209	8.87784e-05
0.21	8.87784e-05
0.211	8.87784e-05
0.212	8.87784e-05
0.213	8.87784e-05
0.214	8.87784e-05
0.215	8.87784e-05
0.216	8.87784e-05
0.217	8.87784e-05
0.218	8.87784e-05
0.219	8.87784e-05
0.22	8.87784e-05
0.221	8.87784e-05
0.222	8.87784e-05
0.223	8.87784e-05
0.224	8.87784e-05
0.225	8.87784e-05
0.226	8.87784e-05
0.227	8.87784e-05
0.228	8.87784e-05
0.229	8.87784e-05
0.23	8.87784e-05
0.231	8.87784e-05
0.232	8.87784e-05
0.233	8.87784e-05
0.234	8.87784e-05
0.235	8.87784e-05
0.236	8.87784e-05
0.237	8.87784e-05
0.238	8.87784e-05
0.239	8.87784e-05
0.24	8.87784e-05
0.241	8.87784e-05
0.242	8.87784e-05
0.243	8.87784e-05
0.244	8.87784e-05
0.245	8.87784e-05
0.246	8.87784e-05
0.247	8.87784e-05
0.248	8.87784e-05
0.249	8.87784e-05
0.25	8.87784e-05
0.251	8.87784e-05
0.252	8.87784e-05
0.253	8.87784e-05
0.254	8.87784e-05
0.255	8.87784e-05
0.256	8.87784e-05
0.257	8.87784e-05
0.258	8.87784e-05
0.259	8.87784e-05
0.26	8.87784e-05
0.261	8.87784e-05
0.262	8.87784e-05
0.263	8.87784e-05
0.264	8.87784e-05
0.265	8.87784e-05
0.266	8.87784e-05
0.267	8.87784e-05
0.268	8.87784e-05
0.269	8.87784e-05
0.27	8.87784e-05
0.271	8.87784e-05
0.272	8.87784e-05
0.273	8.87784e-05
0.274	8.87784e-05
0.275	8.87784e-05
0.276	8.87784e-05
0.277	8.87784e-05
0.278	8.87784e-05
0.279	8.87784e-05
0.28	8.87784e-05
0.281	8.87784e-05
0.282	8.87784e-05
0.283	8.87784e-05
0.284	8.87784e-05
0.285	8.87784e-05
0.286	8.87784e-05
0.287	8.87784e-05
0.288	8.87784e-05
0.289	8.87784e-05
0.29	8.87784e-05
0.291	8.87784e-05
0.292	8.87784e-05
0.293	8.87784e-05
0.294	8.87784e-05
0.295	8.87784e-05
0.296	8.87784e-05
0.297	8.87784e-05
0.298	8.87784e-05
0.299	8.87784e-05
0.3	8.87784e-05
0.301	8.87784e-05
0.302	8.87784e-05
0.303	8.87784e-05
0.304	8.87784e-05
0.305	8.87784e-05
0.306	8.87784e-05
0.307	8.87784e-05
0.308	8.87784e-05
0.309	8.87784e-05
0.31	8.87784e-05
0.311	8.87784e-05
0.312	8.87784e-05
0.313	8.87784e-05
0.314	8.87784e-05
0.315	8.87784e-05
0.316	8.87784e-05
0.317	8.87784e-05
0.318	8.87784e-05
0.319	8.87784e-05
0.32	8.87784e-05
0.321	8.87784e-05
0.322	8.87784e-05
0.323	8.87784e-05
0.324	8.87784e-05
0.325	8.87784e-05
0.326	8.87784e-05
0.327	8.87784e-05
0.328	8.87784e-05
0.329	8.87784e-05
0.33	8.87784e-05
0.331	8.87784e-05
0.332	8.87784e-05
0.333	8.87784e-05
0.334	8.87784e-05
0.335	8.87784e-05
0.336	8.87784e-05
0.337	8.87784e-05
0.338	8.87784e-05
0.339	8.87784e-05
0.34	8.87784e-05
0.341	8.87784e-05
0.342	8.87784e-05
0.343	8.87784e-05
0.344	8.87784e-05
0.345	8.87784e-05
0.346	8.87784e-05
0.347	8.87784e-05
0.348	8.87784e-05
0.349	8.87784e-05
0.35	8.87784e-05
0.351	8.87784e-05
0.352	8.87784e-05
0.353	8.87784e-05
0.354	8.87784e-05
0.355	8.87784e-05
0.356	8.87784e-05
0.357	8.87784e-05
0.358	8.87784e-05
0.359	8.87784e-05
0.36	8.87784e-05
0.361	8.87784e-05
0.362	8.87784e-05
0.363	8.87784e-05
0.364	8.87784e-05
0.365	8.87784e-05
0.366	8.87784e-05
0.367	8.87784e-05
0.368	8.87784e-05
0.369	8.87784e-05
0.37	8.87784e-05
0.371	8.87784e-05
0.372	8.87784e-05
0.373	8.87784e-05
0.374	8.87784e-05
0.375	8.87784e-05
0.376	8.87784e-05
0.377	8.87784e-05
0.378	8.87784e-05
0.379	8.87784e-05
0.38	8.87784e-05
0.381	8.87784e-05
0.382	8.87784e-05
0.383	8.87784e-05
0.384	8.87784e-05
0.385	8.87784e-05
0.386	8.87784e-05
0.387	8.87784e-05
0.388	8.87784e-05
0.389	8.87784e-05
0.39	8.87784e-05
0.391	8.87784e-05
0.392	8.87784e-05
0.393	8.87784e-05
0.394	8.87784e-05
0.395	8.87784e-05
0.396	8.87784e-05
0.397	8.87784e-05
0.398	8.87784e-05
0.399	8.87784e-05
0.4	8.87784e-05
0.401	8.87784e-05
0.402	8.87784e-05
0.403	8.87784e-05
0.404	8.87784e-05
0.405	8.87784e-05
0.406	8.87784e-05
0.407	8.87784e-05
0.408	8.87784e-05
0.409	8.87784e-05
0.41	8.87784e-05
0.411	8.87784e-05
0.412	8.87784e-05
0.413	8.87784e-05
0.414	8.87784e-05
0.415	8.87784e-05
0.416	8.87784e-05
0.417	8.87784e-05
0.418	8.87784e-05
0.419	8.87784e-05
0.42	8.87784e-05
0.421	8.87784e-05
0.422	8.87784e-05
0.423	8.87784e-05
0.424	8.87784e-05
0.425	8.87784e-05
0.426	8.87784e-05
0.427	8.87784e-05
0.428	8.87784e-05
0.429	8.87784e-05
0.43	8.87784e-05
0.431	8.87784e-05
0.432	8.87784e-05
0.433	8.87784e-05
0.434	8.87784e-05
0.435	8.87784e-05
0.436	8.87784e-05
0.437	8.87784e-05
0.438	8.87784e-05
0.439	8.87784e-05
0.44	8.87784e-05
0.441	8.87784e-05
0.442	8.87784e-05
0.443	8.87784e-05
0.444	8.87784e-05
0.445	8.87784e-05
0.446	8.87784e-05
0.447	8.87784e-05
0.448	8.87784e-05
0.449	8.87784e-05
0.45	8.87784e-05
0.451	8.87784e-05
0.452	8.87784e-05
0.453	8.87784e-05
0.454	8.87784e-05
0.455	8.87784e-05
0.456	8.87784e-05
0.457	8.87784e-05
0.458	8.87784e-05
0.459	8.87784e-05
0.46	8.87784e-05
0.461	8.87784e-05
0.462	8.87784e-05
0.463	8.87784e-05
0.464	8.87784e-05
0.465	8.87784e-05
0.466	8.87784e-05
0.467	8.87784e-05
0.468	8.87784e-05
0.469	8.87784e-05
0.47	8.87784e-05
0.471	8.87784e-05
0.472	8.87784e-05
0.473	8.87784e-05
0.474	8.87784e-05
0.475	8.87784e-05
0.476	8.87784e-05
0.477	8.87784e-05
0.478	8.87784e-05
0.479	8.87784e-05
0.48	8.87784e-05
0.481	8.87784e-05
0.482	8.87784e-05
0.483	8.87784e-05
0.484	8.87784e-05
0.485	8.87784e-05
0.486	8.87784e-05
0.487	8.87784e-05
0.488	8.87784e-05
0.489	8.87784e-05
0.49	8.87784e-05
0.491	8.87784e-05
0.492	8.87784e-05
0.493	8.87784e-05
0.494	8.87784e-05
0.495	8.87784e-05
0.496	8.87784e-05
0.497	8.87784e-05
0.498	8.87784e-05
0.499	8.87784e-05
0.5	-0.0305876
0.501	-0.0294312
0.502	-0.028292
0.503	-0.0271696
0.504	-0.0260641
0.505	-0.0249752
0.506	-0.023903
0.507	-0.0228471
0.508	-0.0218076
0.509	-0.0207844
0.51	-0.0197771
0.511	-0.0187859
0.512	-0.0178105
0.513	-0.0168507
0.514	-0.0159066
0.515	-0.014978
0.516	-0.0140647
0.517	-0.0131666
0.518	-0.0122836
0.519	-0.0114156
0.52	-0.0105625
0.521	-0.00972406
0.522	-0.00890026
0.523	-0.00809096
0.524	-0.00729602
0.525	-0.00651533
0.526	-0.00574876
0.527	-0.00499619
0.528	-0.0042575
0.529	-0.00353257
0.53	-0.00282127
0.531	-0.00212349
0.532	-0.00143909
0.533	-0.000767961
0.534	-0.000109977
0.535	0.000534985
0.536	0.00116705
0.537	0.00178633
0.538	0.00239296
0.539	0.00298705
0.54	0.00356873
0.541	0.00413813
0.542	0.00469536
0.543	0.00524054
0.544	0.0057738
0.545	0.00629526
0.546	0.00680505
0.547	0.00730328
0.548	0.00779007
0.549	0.00826556
0.55	0.00872985
0.551	0.00918309
0.552	0.00962537
0.553	0.0100568
0.554	0.0104776
0.555	0.0108878
0.556	0.0112875
0.557	0.0116769
0.558	0.0120561
0.559	0.0124252
0.56	0.0127844
0.561	0.0131337
0.562	0.0134733
0.563	0.0138032
0.564	0.0141237
0.565	0.0144349
0.566	0.0147368
0.567	0.0150296
0.568	0.0153134
0.569	0.0155884
0.57	0.0158546
0.571	0.0161122
0.572	0.0163613
0.573	0.016602
0.574	0.0168345
0.575	0.0170588
0.576	0.0172752
0.577	0.0174836
0.578	0.0176843
0.579	0.0178773
0.58	0.0180628
0.581	0.0182409
0.582	0.0184118
0.583	0.0185755
0.584	0.0187321
0.585	0.0188819
0.586	0.0190249
0.587	0.0191612
0.588	0.0192909
0.589	0.0194143
0.59	0.0195313
0.591	0.0196422
0.592	0.019747
0.593	0.0198459
0.594	0.019939
0.595	0.0200264
0.596	0.0201083
0.597	0.0201847
0.598	0.0202557
0.599	0.0203216
0.6	0.0203824
0.601	0.0204383
0.602	0.0204893
0.603	0.0205356
0.604	0.0205774
0.605	0.0206147
0.606	0.0206476
0.607	0.0206763
0.608	0.0207009
0.609	0.0207216
0.61	0.0207384
0.611	0.0207515
0.612	0.0207609
0.613	0.0207669
0.614	0.0207696
0.615	0.0207689
0.616	0.0207652
0.617	0.0207585
0.618	0.0207489
0.619	0.0207365
0.62	0.0207215
0.621	0.0207041
0.622	0.0206842
0.623	0.0206621
0.624	0.0206378
0.625	0.0206115
0.626	0.0205834
0.627	0.0205534
0.628	0.0205218
0.629	0.0204887
0.63	0.0204542
0.631	0.0204184
0.632	0.0203814
0.633	0.0203434
0.634	0.0203045
0.635	0.0202647
0.636	0.0202244
0.637	0.0201834
0.638	0.0201421
0.639	0.0201004
0.64	0.0200585
0.641	0.0200166
0.642	0.0199748
0.643	0.0199331
0.644	0.0198918
0.645	0.0198509
0.646	0.0198105
0.647	0.0197708
0.648	0.0197319
0.649	0.0196939
0.65	0.019657
0.651	0.0196212
0.652	0.0195867
0.653	0.0195536
0.654	0.0195221
0.655	0.0194922
0.656	0.0194641
0.657	0.0194378
0.658	0.0194136
0.659	0.0193916
0.66	0.0193718
0.661	0.0193543
0.662	0.0193394
0.663	0.0193272
0.664	0.0193176
0.665	0.019311
0.666	0.0193074
0.667	0.0193068
0.668	0.0193095
0.669	0.0193156
0.67	0.0193252
0.671	0.0193384
0.672	0.0193553
0.673	0.019376
0.674	0.0194008
0.675	0.0194296
0.676	0.0194627
0.677	0.0195001
0.678	0.0195419
0.679	0.0195884
0.68	0.0196396
0.681	0.0196956
0.682	0.0197565
0.683	0.0198225
0.684	0.0198938
0.685	0.0199703
0.686	0.0200523
0.687	0.0201399
0.688	0.0202331
0.689	0.0203322
0.69	0.0204372
0.691	0.0205482
0.692	0.0206654
0.693	0.020789
0.694	0.0209189
0.695	0.0210554
0.696	0.0211986
0.697	0.0213485
0.698	0.0215054
0.699	0.0216693
0.7	0.0218403
0.701	0.0220186
0.702	0.0222044
0.703	0.0223976
0.704	0.0225985
0.705	0.0228072
0.706	0.0230237
0.707	0.0232483
0.708	0.023481
0.709	0.0237219
0.71	0.0239713
0.711	0.0242291
0.712	0.0244956
0.713	0.0247708
0.714	0.0250548
0.715	0.0253479
0.716	0.0256501
0.717	0.0259615
0.718	0.0262823
0.719	0.0266125
0.72	0.0269524
0.721	0.0273019
0.722	0.0276613
0.723	0.0280307
0.724	0.0284102
0.725	0.0287999
0.726	0.0291999
0.727	0.0296104
0.728	0.0300315
0.729	0.0304633
0.73	0.0309058
0.731	0.0313594
0.732	0.031824
0.733	0.0322998
0.734	0.0327869
0.735	0.0332855
0.736	0.0337956
0.737	0.0343174
0.738	0.034851
0.739	0.0353965
0.74	0.035954
0.741	0.0365238
0.742	0.0371058
0.743	0.0377003
0.744	0.0383072
0.745	0.0389269
0.746	0.0395593
0.747	0.0402046
0.748	0.040863
0.749	0.0415345
0.75	0.0422193
0.751	0.0429174
0.752	0.0436291
0.753	0.0443544
0.754	0.0450935
0.755	0.0458465
0.756	0.0466134
0.757	0.0473945
0.758	0.0481898
0.759	0.0489996
0.76	0.0498238
0.761	0.0506626
0.762	0.0515161
0.763	0.0523846
0.764	0.053268
0.765	0.0541665
0.766	0.0550802
0.767	0.0560093
0.768	0.0569538
0.769	0.057914
0.77	0.0588899
0.771	0.0598816
0.772	0.0608892
0.773	0.061913
0.774	0.0629529
0.775	0.0640092
0.776	0.065082
0.777	0.0661713
0.778	0.0672773
0.779	0.0684001
0.78	0.0695398
0.781	0.0706967
0.782	0.0718707
0.783	0.073062
0.784	0.0742707
0.785	0.075497
0.786	0.076741
0.787	0.0780027
0.788	0.0792824
0.789	0.0805801
0.79	0.081896
0.791	0.0832302
0.792	0.0845827
0.793	0.0859538
0.794	0.0873436
0.795	0.0887521
0.796	0.0901795
0.797	0.091626
0.798	0.0930916
0.799	0.0945764
0.8	0.0960806
0.801	0.0976044
0.802	0.0991477
0.803	0.100711
0.804	0.102294
0.805	0.103897
0.806	0.10552
0.807	0.107163
0.808	0.108827
0.809	0.110511
0.81	0.112216
0.811	0.113942
0.812	0.115688
0.813	0.117455
0.814	0.119244
0.815	0.121054
0.816	0.122885
0.817	0.124737
0.818	0.126611
0.819	0.128507
0.82	0.130425
0.821	0.132364
0.822	0.134326
0.823	0.13631
0.824	0.138316
0.825	0.140344
0.826	0.142396
0.827	0.144469
0.828	0.146566
0.829	0.148686
0.83	0.150828
0.831	0.152994
0.832	0.155183
0.833	0.157396
0.834	0.159632
0.835	0.161892
0.836	0.164175
0.837	0.166483
0.838	0.168814
0.839	0.17117
0.84	0.17355
0.841	0.175954
0.842	0.178383
0.843	0.180837
0.844	0.183315
0.845	0.185818
0.846	0.188346
0.847	0.190899
0.848	0.193478
0.849	0.196082
0.85	0.198711
0.851	0.201366
0.852	0.204047
0.853	0.206754
0.854	0.209486
0.855	0.212245
0.856	0.21503
0.857	0.217842
0.858	0.220679
0.859	0.223544
0.86	0.226435
0.861	0.229353
0.862	0.232298
0.863	0.23527
0.864	0.238269
0.865	0.241296
0.866	0.24435
0.867	0.247432
0.868	0.250541
0.869	0.253678
0.87	0.256843
0.871	0.260036
0.872	0.263258
0.873	0.266507
0.874	0.269786
0.875	0.273092
0.876	0.276428
0.877	0.279792
0.878	0.283185
0.879	0.286607
0.88	0.290058
0.881	0.293539
0.882	0.297049
0.883	0.300588
0.884	0.304158
0.885	0.307757
0.886	0.311385
0.887	0.315044
0.888	0.318733
0.889	0.322453
0.89	0.326202
0.891	0.329983
0.892	0.333793
0.893	0.337635
0.894	0.341508
0.895	0.345411
0.896	0.349346
0.897	0.353312
0.898	0.357309
0.899	0.361338
0.9	0.365398
0.901	0.36949
0.902	0.373614
0.903	0.37777
0.904	0.381958
0.905	0.386178
0.906	0.390431
0.907	0.394716
0.908	0.399034
0.909	0.403384
0.91	0.407767
0.911	0.412184
0.912	0.416633
0.913	0.421115
0.914	0.425631
0.915	0.43018
0.916	0.434763
0.917	0.43938
0.918	0.44403
0.919	0.448714
0.92	0.453433
0.921	0.458185
0.922	0.462972
0.923	0.467793
0.924	0.472649
0.925	0.47754
0.926	0.482465
0.927	0.487425
0.928	0.49242
0.929	0.497451
0.93	0.502516
0.931	0.507617
0.932	0.512754
0.933	0.517926
0.934	0.523134
0.935	0.528378
0.936	0.533658
0.937	0.538974
0.938	0.544327
0.939	0.549715
0.94	0.555141
0.941	0.560602
0.942	0.566101
0.943	0.571636
0.944	0.577209
0.945	0.582819
0.946	0.588465
0.947	0.59415
0.948	0.599871
0.949	0.605631
0.95	0.611428
0.951	0.617263
0.952	0.623135
0.953	0.629046
0.954	0.634995
0.955	0.640983
0.956	0.647009
0.957	0.653074
0.958	0.659177
0.959	0.665319
0.96	0.6715
0.961	0.67772
0.962	0.683979
0.963	0.690278
0.964	0.696616
0.965	0.702994
0.966	0.709411
0.967	0.715868
0.968	0.722365
0.969	0.728902
0.97	0.73548
0.971	0.742097
0.972	0.748755
0.973	0.755454
0.974	0.762193
0.975	0.768973
0.976	0.775794
0.977	0.782656
0.978	0.789559
0.979	0.796504
0.98	0.803489
0.981	0.810517
0.982	0.817586
0.983	0.824696
0.984	0.831849
0.985	0.839043
0.986	0.84628
0.987	0.853559
0.988	0.860881
0.989	0.868244
0.99	0.875651
0.991	0.8831
0.992	0.890592
0.993	0.898127
0.994	0.905706
0.995	0.913327
0.996	0.920992
0.997	0.9287
0.998	0.936452
0.999	0.944248
