#Function: sqrt(x) * I(0.5, +inf)
0	0.435068
1	0.0594925
2	0.00262505
3	0.000227996
4	2.46185e-05
5	2.96979e-06
6	3.83324e-07
7	5.17911e-08
8	7.23226e-09
9	1.03546e-09
10	1.51174e-10
11	2.24208e-11
12	3.36854e-12
13	5.11632e-13
14	7.85776e-14
15	1.31243e-14
16	5.40165e-15
17	5.1393e-15
18	5.32895e-15
19	5.46052e-15
20	5.5961e-15
21	5.75781e-15
22	6.03263e-15
23	6.07846e-15
24	6.38594e-15
25	6.85276e-15
26	7.11774e-15
27	7.14712e-15
28	9.4579e-15
29	9.72013e-15
30	9.7194e-15
31	9.8477e-15
32	1.01706e-14
33	1.06395e-14
34	1.07032e-14
35	1.07112e-14
36	1.07111e-14
37	1.08015e-14
38	1.07994e-14
39	1.08343e-14
40	1.09626e-14
