#Function: I(0.5, +inf)
0	0.5
1	4.71028e-16
2	4.44089e-16
3	6.93072e-16
4	9.42055e-16
5	1.4487e-15
6	1.95534e-15
7	1.42176e-15
8	8.88178e-16
9	1.01267e-15
10	1.13716e-15
11	1.26165e-15
12	1.38614e-15
13	1.51064e-15
14	1.63513e-15
15	1.75962e-15
16	1.88411e-15
17	2.12193e-15
18	2.35976e-15
19	2.59758e-15
20	2.8354e-15
21	3.07322e-15
22	3.31104e-15
23	3.54887e-15
24	3.78669e-15
25	3.5354e-15
26	3.28411e-15
27	3.03281e-15
28	2.78152e-15
29	2.53023e-15
30	2.27894e-15
31	2.02765e-15
32	1.77636e-15
33	1.8386e-15
34	1.90085e-15
35	1.96309e-15
36	2.02534e-15
37	2.08759e-15
38	2.14983e-15
39	2.21208e-15
40	2.27432e-15
