#Function: x^2 * I(0.5, +inf)
0	0.329663
1	0.120756
2	0.0557765
3	0.0484498
4	0.0458755
5	0.0391775
6	0.0385471
7	0.033919
8	0.0336843
9	0.0302852
10	0.0301762
11	0.0275359
12	0.0274778
13	0.0253357
14	0.0253017
15	0.0235035
16	4.46722e-15
17	4.53564e-15
18	4.71204e-15
19	4.87654e-15
20	5.02817e-15
21	5.21217e-15
22	5.42585e-15
23	5.44675e-15
24	5.66128e-15
25	5.8957e-15
26	5.97952e-15
27	6.20955e-15
28	7.32691e-15
29	7.34109e-15
30	7.36207e-15
31	7.39727e-15
32	7.45585e-15
33	7.60167e-15
34	7.60345e-15
35	7.60774e-15
36	7.62383e-15
37	7.68697e-15
38	7.68525e-15
39	7.7355e-15
40	7.94051e-15
