#Function: sqrt(x) * I(0.5, +inf)
0	0.435068
1	0.0594925
2	0.00262505
3	0.000227996
4	2.46185e-05
5	2.96979e-06
6	3.83324e-07
7	5.17911e-08
8	7.23226e-09
9	1.03546e-09
10	1.51174e-10
11	2.24208e-11
12	3.36854e-12
13	5.11631e-13
14	7.85866e-14
15	1.31359e-14
16	5.44471e-15
17	5.18276e-15
18	5.38681e-15
19	5.4878e-15
20	5.64603e-15
21	5.75421e-15
22	6.03262e-15
23	6.06551e-15
24	6.34401e-15
25	6.86059e-15
26	7.14607e-15
27	7.16514e-15
28	9.52011e-15
29	9.79909e-15
30	9.79629e-15
31	9.94764e-15
32	1.0244e-14
33	1.06997e-14
34	1.07621e-14
35	1.07711e-14
36	1.0779e-14
37	1.08561e-14
38	1.08545e-14
39	1.08898e-14
40	1.10258e-14
