#Function: x^20*(x>0.5)
0	0.148737
1	0.128455
2	0.10053
3	0.0712085
4	0.0455735
5	0.00711507
6	0.00182037
7	0.000613872
8	0.00261918
9	0.000960374
10	0.000309779
11	8.7116e-05
12	2.11376e-05
13	4.36258e-06
14	7.3346e-07
15	1.12628e-07
16	6.98563e-08
17	6.51331e-08
18	6.36155e-08
19	6.19567e-08
20	6.08428e-08
21	5.9039e-08
22	5.81151e-08
23	5.61962e-08
24	5.54345e-08
25	5.34153e-08
26	5.27905e-08
27	5.06802e-08
28	5.01704e-08
29	4.79729e-08
30	4.75592e-08
31	4.52729e-08
32	4.49394e-08
33	4.2557e-08
34	4.22905e-08
35	3.97982e-08
36	3.95879e-08
37	3.69641e-08
38	3.68009e-08
39	3.40132e-08
40	3.38895e-08
