#Function: x^40
0	0.108401
1	0.100658
2	0.0889537
3	0.074802
4	0.0598416
5	0.0455316
6	0.00524369
7	0.0015087
8	0.000984166
9	0.000263936
10	6.26782e-05
11	1.37249e-05
12	3.2643e-06
13	0.000794531
14	1.10001e-06
15	0.000167677
16	7.06008e-05
17	9.57764e-08
18	1.85953e-08
19	3.30621e-09
20	5.38063e-10
21	8.01269e-11
22	1.09513e-11
23	1.41869e-12
24	2.21994e-13
25	1.55871e-09
26	8.07558e-14
27	7.32286e-14
28	6.41275e-14
29	1.70171e-12
30	2.39744e-13
31	3.32106e-14
32	6.04717e-15
33	5.08335e-15
34	5.07359e-15
35	5.07444e-15
36	5.07575e-15
37	4.71916e-15
38	4.72089e-15
39	4.7214e-15
40	5.17903e-15
