#Function: x^2
0	0.298142
1	0.0745356
2	2.00385e-15
3	2.46298e-15
4	2.60786e-15
5	2.63399e-15
6	2.64523e-15
7	2.66157e-15
8	2.81148e-15
9	2.99901e-15
10	3.3236e-15
11	4.25043e-15
12	5.40809e-15
13	5.94907e-15
14	6.03115e-15
15	6.06315e-15
16	6.1975e-15
17	6.47922e-15
18	6.80779e-15
19	7.12281e-15
20	7.41406e-15
21	7.56024e-15
22	7.55877e-15
23	7.66639e-15
24	7.77254e-15
25	7.78803e-15
26	8.25084e-15
27	8.76847e-15
28	8.78556e-15
29	8.89553e-15
30	8.98203e-15
31	9.03133e-15
32	9.11909e-15
33	9.17607e-15
34	9.20337e-15
35	9.24597e-15
36	9.30861e-15
37	9.32168e-15
38	9.32878e-15
39	9.42377e-15
40	9.83079e-15
