#Function: x^2 * I(0.5, +inf)
0	0.329663
1	0.120756
2	0.0557765
3	0.0484498
4	0.0458755
5	0.0391775
6	0.0385471
7	0.033919
8	0.0336843
9	0.0302852
10	0.0301762
11	0.0275359
12	0.0274778
13	0.0253357
14	0.0253017
15	0.0235035
16	0.0234823
17	0.0219305
18	0.0219166
19	0.0205464
20	0.0205369
21	0.0193031
22	0.0192963
23	0.0181658
24	0.0181609
25	5.88959e-15
26	5.98261e-15
27	6.2298e-15
28	7.32122e-15
29	7.33284e-15
30	7.35326e-15
31	7.39887e-15
32	7.44576e-15
33	7.58947e-15
34	7.59127e-15
35	7.59597e-15
36	7.6144e-15
37	7.66716e-15
38	7.66752e-15
39	7.71345e-15
40	7.92637e-15
