#Function: x * I(0.5, +inf)
0	0.388653
1	0.102062
2	8.89375e-16
3	1.44304e-15
4	1.95741e-15
5	2.03266e-15
6	2.0345e-15
7	2.12878e-15
8	2.12995e-15
9	2.27152e-15
10	2.39718e-15
11	2.40045e-15
12	3.28212e-15
13	4.4063e-15
14	4.81913e-15
15	4.83628e-15
16	4.83684e-15
17	4.9008e-15
18	5.08617e-15
19	5.24327e-15
20	5.39031e-15
21	5.5551e-15
22	5.80293e-15
23	5.83966e-15
24	6.11466e-15
25	6.47933e-15
26	6.64098e-15
27	6.72512e-15
28	8.51677e-15
29	8.63781e-15
30	8.64074e-15
31	8.71346e-15
32	8.90047e-15
33	9.22861e-15
34	9.26222e-15
35	9.26775e-15
36	9.27428e-15
37	9.35594e-15
38	9.35573e-15
39	9.39513e-15
40	9.54635e-15
