#Function: x^40
0	0.108401
1	0.100658
2	0.0889537
3	0.074802
4	0.0598416
5	0.0455316
6	0.00524369
7	0.0015087
8	0.000984166
9	0.000263936
10	6.26782e-05
11	1.37249e-05
12	3.2643e-06
13	0.000794531
14	1.10001e-06
15	0.000167677
16	7.06008e-05
17	9.57764e-08
18	1.85953e-08
19	3.30621e-09
20	5.38063e-10
21	8.01269e-11
22	1.09513e-11
23	1.41868e-12
24	2.21986e-13
25	1.55871e-09
26	8.07606e-14
27	7.32334e-14
28	6.41323e-14
29	1.7017e-12
30	2.3974e-13
31	3.32652e-14
32	6.12887e-15
33	5.18657e-15
34	5.18159e-15
35	5.18436e-15
36	5.18612e-15
37	4.78302e-15
38	4.7836e-15
39	4.78359e-15
40	5.27474e-15
